150 150 1200
0 0 3.44009
0 5 2
0 19 2
0 23 6.92913
0 54 11.5545
0 66 4.71197
0 74 17.7833
0 79 12.665
0 97 10.3716
0 100 19.4875
0 112 2
0 141 19.3282
0 145 12.2899
1 0 10.6848
1 16 11.6859
1 19 24.9552
1 31 11.4218
1 46 10.6269
1 53 24.2419
1 73 14.0616
1 107 15.4663
2 0 20.2289
2 7 12.2927
2 20 11.629
2 71 10.9043
2 93 24.782
2 94 16.5808
2 100 2
2 113 12.0245
3 0 2
3 10 14.1634
3 11 5.27276
3 13 12.8657
3 53 6.69119
3 70 12.4867
3 98 18.0561
3 111 22.6432
3 128 2
3 134 14.2778
4 0 22.6795
4 21 9.768
4 41 17.0833
4 44 20.5749
4 63 15.3929
4 93 26.8865
4 96 13.6952
4 123 2
4 130 32.0768
5 0 29.1602
5 45 52.5271
5 54 77.2161
5 66 23.9978
5 132 21.0195
6 0 16.4415
6 92 14.676
6 97 23.0181
6 115 2.5764
6 144 29.4741
7 0 6.47634
7 75 8.69194
7 92 28.5967
7 102 18.2802
7 112 5.46986
7 113 2
7 131 30.7717
7 140 30.4799
8 0 13.0791
8 7 37.7919
8 10 32.8698
8 16 8.54744
8 64 12.018
8 76 7.98911
8 92 17.5647
9 0 24.5794
9 7 8.69135
9 8 4.71467
9 40 2
9 78 14.1635
9 90 11.5654
9 100 7.23576
10 0 11.74
10 5 41.7552
10 30 2
10 64 4.12344
10 90 12.9684
10 134 21.7661
10 145 31.6203
11 0 21.8016
11 25 3.2871
11 41 6.38984
11 44 27.1541
11 61 11.232
11 95 36.1542
11 116 12.3876
12 0 7.07596
12 5 19.7988
12 8 32.8503
12 37 14.8429
12 145 15.5446
13 0 17.3146
13 2 5.69419
13 9 4.45876
13 12 9.10674
13 16 6.76978
13 32 7.56554
13 40 2
13 45 18.0035
13 93 15.5643
13 124 4.55626
13 128 3.04813
13 131 11.2645
14 0 6.78054
14 40 5.37077
14 65 5.36428
14 71 9.33727
14 94 2
14 112 11.5676
14 114 23.7041
14 125 8.49421
15 0 6.11503
15 45 9.92592
15 54 6.59072
15 59 7.66222
15 66 2.4204
15 70 3.56374
15 79 9.66454
15 94 8.45967
15 112 4.25386
15 114 11.74
15 124 10.294
15 135 7.90468
16 0 30.8678
16 18 16.283
16 45 45.0058
16 80 12.6185
16 92 4.29253
16 123 49.919
17 0 29.7149
17 5 8.30788
17 12 32.8115
17 27 16.159
17 78 2.13016
17 94 22.5943
17 107 13.534
17 118 8.54692
17 139 18.363
18 0 11.0269
18 7 6.36681
18 10 19.7434
18 16 5.96804
18 19 13.7927
18 23 23.0165
18 29 23.2659
18 63 11.4512
18 70 23.9209
18 119 11.4364
19 0 29.2154
19 44 8.80883
19 64 24.755
19 70 18.0529
19 82 2
19 124 11.1267
20 0 6.10939
20 8 4.29035
20 16 16.6053
20 22 12.1306
20 45 10.4902
20 70 7.31617
20 93 6.52414
20 104 19.6693
20 131 3.9646
20 132 2.84408
20 147 9.50481
20 149 12.2257
21 0 4.60894
21 6 12.5997
21 7 15.8874
21 12 19.089
21 19 10.1273
21 44 15.1577
21 71 7.57923
21 113 3.04225
21 120 8.26218
21 132 15.5538
21 133 11.194
22 0 2.67138
22 7 7.87014
22 17 4.06846
22 23 4.36351
22 46 5.60278
22 89 3.74932
22 112 17.0597
22 113 2
23 0 10.6679
23 9 16.4976
23 26 7.31272
23 40 22.6128
23 45 11.0656
23 53 3.63467
23 54 15.2316
23 75 9.25258
23 89 9.03579
23 96 2.34209
23 112 8.10679
23 115 9.21071
23 128 2.30605
24 0 22.2535
24 10 8.45464
24 32 6.50251
24 45 5.51375
24 70 24.8093
24 97 17.3099
24 116 21.1343
24 121 25.544
24 126 12.3621
24 145 2.86636
25 0 2
25 16 18.7826
25 50 17.7242
25 61 3.38175
25 75 11.9352
25 80 2.07611
25 100 3.85011
25 112 5.05871
25 134 6.16448
25 145 7.30471
26 0 31.5916
26 8 28.8926
26 16 2
26 40 9.46129
26 44 13.8997
26 99 15.5563
26 132 8.27667
26 149 3.27887
27 0 7.50762
27 6 10.0581
27 25 8.56474
27 32 18.7609
27 71 11.1381
27 81 3.1238
27 97 11.7101
27 100 5.66863
27 105 12.6876
27 134 18.9284
28 0 16.8656
28 16 6.35406
28 34 12.8044
28 40 8.44635
28 45 2.36316
28 49 9.00528
28 75 8.87976
28 85 9.12825
28 92 12.2343
28 133 4.62229
28 145 11.0469
28 147 5.84211
29 0 3.532
29 44 16.7668
29 60 40.0649
29 64 10.0045
29 78 4.42492
29 89 4.24673
29 115 17.0326
30 0 9.69365
30 5 12.6239
30 7 2
30 8 5.35344
30 11 8.74228
30 12 2
30 29 2.77184
30 32 9.75259
30 60 4.63099
30 64 13.7229
30 69 8.84904
30 114 9.94765
30 116 8.25627
30 119 5.15456
31 0 30.8825
31 53 13.7762
31 70 7.75153
31 83 37.0007
31 92 26.1538
31 137 8.00066
32 0 26.6487
32 26 2.08654
32 86 4.724
32 113 15.0157
32 131 3.69957
32 137 7.92478
32 139 20.9775
33 0 43.7646
33 53 38.148
33 145 71.6385
34 0 11.5702
34 6 10.0387
34 11 6.8064
34 12 8.99288
34 19 9.74108
34 23 3.06924
34 30 2
34 40 2.22067
34 53 9.42988
34 97 5.05499
34 115 2
34 116 24.9556
34 134 2.06952
35 0 3.93918
35 8 10.9122
35 45 6.79751
35 58 28.7091
35 73 17.7086
35 92 29.3802
35 100 8.79926
35 145 12.893
36 0 11.6437
36 40 21.2621
36 75 13.4832
36 112 20.7438
37 0 14.7528
37 19 4.17722
37 32 20.0113
37 40 7.74632
37 44 2.204
37 60 8.51612
37 64 15.2808
37 113 13.6996
37 123 14.1196
37 132 13.5774
37 144 13.7914
38 0 2.30353
38 40 2
38 45 17.9704
38 96 17.2974
38 113 3.22366
38 120 3.49785
38 121 20.0073
38 133 18.4478
38 149 3.90882
39 0 8.6112
39 9 20.6008
39 46 23.9963
39 71 8.31786
39 75 2.45715
39 82 15.4259
39 107 17.5254
39 121 20.4309
39 145 15.9337
40 0 2.08772
40 16 2
40 45 20.9972
40 81 21.4572
40 88 16.064
40 115 16.1374
41 0 14.2545
41 13 14.5791
41 15 9.92001
41 16 23.321
41 43 3.70279
41 90 22.557
41 93 7.17301
41 119 15.5581
41 132 8.05357
42 0 27.3005
42 7 3.45332
42 22 4.69975
42 33 2
42 34 4.32082
42 40 12.1917
42 113 16.1984
42 116 23.782
42 133 11.5792
42 145 15.3187
43 0 21.3173
43 9 5.79367
43 34 16.4696
43 40 2
43 44 29.629
43 71 4.3631
43 81 11.4759
43 116 20.9611
43 131 2.52123
44 0 6.32367
44 7 16.9885
44 11 2.30849
44 60 19.4653
44 64 2
44 99 7.85088
44 113 7.62704
44 128 15.8505
44 136 29.5435
45 0 17.2799
45 16 3.83032
45 58 2.72586
45 71 11.7855
45 93 15.3633
45 107 30.404
45 134 21.4214
45 147 10.6844
46 0 18.0735
46 23 21.4834
46 29 2
46 51 19.3222
46 70 5.64319
46 81 10.0343
46 89 3.49932
46 120 4.28148
46 139 9.98699
46 145 27.3449
47 0 9.2116
47 40 20.2324
47 44 19.9766
47 71 13.1353
47 90 15.7946
47 97 23.5146
47 110 2.41608
47 115 7.78174
47 117 28.0627
47 148 10.04
48 0 15.4258
48 9 16.0124
48 16 10.9808
48 29 15.158
48 44 13.7709
48 45 11.9586
48 66 5.36127
48 80 3.09403
48 112 9.47715
48 131 30.1855
49 0 22.0051
49 9 7.97264
49 33 14.9235
49 40 21.5331
49 57 18.1541
49 59 16.9131
49 85 2
49 110 6.02092
49 112 3.31763
49 141 11.6417
50 0 7.81488
50 19 4.31345
50 35 8.10854
50 43 8.17743
50 44 4.50922
50 45 10.8176
50 60 5.21608
50 71 4.98534
50 81 2
50 89 12.5345
50 104 6.75227
50 112 5.69843
50 120 9.17721
50 121 12.1262
50 134 7.31253
51 0 16.3766
51 7 16.2915
51 71 32.7092
51 99 10.4829
51 112 58.3012
51 149 10.5481
52 0 15.7726
52 7 17.1164
52 8 11.0059
52 24 5.4273
52 70 12.9775
52 71 14.2055
52 79 15.6149
52 113 5.17563
52 114 2
52 124 6.30891
52 131 17.6413
53 0 7.71851
53 5 9.80394
53 11 16.5877
53 16 8.90051
53 45 21.9752
53 112 14.333
53 116 9.19356
53 121 2
53 134 8.00112
54 0 20.0678
54 6 17.7962
54 34 18.1896
54 46 5.87183
54 67 2
54 94 2
54 98 3.53319
54 113 13.34
54 115 8.29119
54 119 19.3489
54 128 8.95054
55 0 25.0336
55 9 2.02012
55 29 2
55 41 27.3688
55 42 21.8339
55 54 10.0502
55 112 19.0749
55 140 11.5796
55 147 22.5037
56 0 21.9564
56 25 38.4725
56 70 3.05381
56 93 42.8293
56 98 18.174
57 0 7.355
57 7 8.58697
57 10 12.9449
57 25 2
57 44 10.4675
57 59 13.7528
57 86 16.618
57 92 6.22413
57 97 8.3231
57 98 6.31609
57 113 3.35026
57 116 12.608
57 149 5.42328
58 0 22.3984
58 8 3.99989
58 25 10.9461
58 26 4.54682
58 59 4.88388
58 69 5.99652
58 74 9.45647
58 75 12.0518
58 100 4.95705
58 119 19.1379
58 123 18.8205
58 128 11.4146
59 0 21.3196
59 5 14.5345
59 7 18.6284
59 108 6.22568
59 113 19.8892
59 119 19.5648
59 147 19.0075
60 0 2
60 7 6.53656
60 11 14.6872
60 16 2
60 22 4.67077
60 41 6.309
60 44 8.78809
60 54 6.60648
60 59 8.83495
60 63 7.38234
60 85 3.38536
60 116 5.07454
60 131 10.2336
60 149 2
61 0 11.4378
61 9 29.8187
61 46 7.29996
61 79 19.8455
61 90 2
61 93 11.2041
61 94 2
61 141 14.6422
62 0 25.0507
62 21 15.1037
62 23 8.25378
62 32 10.0626
62 34 13.3811
62 44 7.053
62 105 14.287
62 120 6.41689
62 124 5.94474
62 132 8.25341
63 0 8.31726
63 16 17.0981
63 23 30.5053
63 26 17.7528
63 45 2
63 58 28.5661
63 74 2.32442
63 114 10.6899
63 145 16.4243
64 0 16.4697
64 7 40.1007
64 82 9.71221
64 92 35.4445
64 145 50.5422
65 0 3.56645
65 8 11.4764
65 44 11.5474
65 54 42.5781
65 60 14.4777
65 77 27.8454
65 132 34.285
66 0 10.6028
66 3 11.6852
66 5 29.8821
66 19 16.7564
66 40 28.4468
66 85 2
66 104 34.1259
67 0 14.8713
67 40 10.0399
67 89 24.2681
67 111 39.8846
67 119 6.78044
67 138 34.5775
68 0 14.4861
68 5 28.8039
68 62 10.104
68 67 7.41303
68 75 30.9551
68 97 16.509
68 132 5.53975
69 0 21.8218
69 26 4.55043
69 37 24.239
69 74 26.3192
69 85 13.4334
69 124 10.4231
69 132 6.80602
70 0 24.4422
70 8 7.35538
70 45 7.66044
70 57 17.1277
70 93 33.8979
70 145 42.5814
71 0 14.6673
71 16 9.05303
71 35 23.986
71 71 7.14926
71 73 9.50321
71 75 25.4934
71 80 15.1589
71 118 26.4326
71 125 11.4998
72 0 20.0483
72 17 29.5166
72 61 6.15874
72 70 20.1786
72 89 23.7607
72 131 2
72 141 17.8386
72 144 18.819
73 0 16.9057
73 45 41.4476
73 53 20.7571
73 63 14.3941
73 145 32.8952
74 0 7.22146
74 46 9.16872
74 51 2.74579
74 57 25.753
74 59 8.05726
74 113 18.3657
74 118 2
74 121 27.1914
74 149 26.6256
75 0 49.5518
75 40 19.9492
75 41 17.6995
75 79 12.0029
75 139 40.8519
75 145 26.3546
76 0 18.8923
76 92 2
76 93 6.70469
76 113 2
76 133 17.4619
76 137 28.0325
76 145 32.2848
77 0 13.9337
77 17 4.9382
77 33 11.1046
77 57 18.7253
77 92 16.7203
77 137 19.0186
78 0 3.41997
78 9 8.42026
78 21 5.72067
78 25 3.63304
78 34 7.9785
78 44 2.65746
78 60 5.69167
78 73 3.32793
78 103 6.57078
78 112 15.4515
78 114 3.73927
78 115 5.33719
78 117 9.34572
78 119 3.91401
78 149 6.75753
79 0 7.87998
79 5 2
79 7 5.72314
79 37 11.049
79 71 20.7933
79 80 6.67208
79 88 5.66212
79 93 13.5559
79 94 2.58084
79 112 13.3947
79 121 16.2564
79 132 11.8756
80 0 4.42114
80 5 12.0374
80 19 10.9905
80 22 4.49372
80 33 4.75184
80 54 14.5862
80 80 2.58257
80 93 9.12817
80 97 10.7566
80 107 7.77007
80 120 11.0134
80 123 12.6344
80 144 13.224
81 0 4.52363
81 53 5.43856
81 68 3.22628
81 70 7.05676
81 97 14.7854
81 113 17.3443
81 145 18.1453
81 149 23.2782
82 0 19.81
82 25 22.851
82 30 6.76125
82 44 8.17279
82 70 2.66482
82 85 3.45265
82 92 12.9149
82 114 3.0178
82 140 18.877
82 149 8.72662
83 0 20.9225
83 6 19.4121
83 9 8.55659
83 45 37.1737
83 60 24.0739
83 64 31.959
83 115 21.669
84 0 28.9636
84 20 40.4798
84 66 12.0414
84 74 33.338
84 98 32.7845
84 105 12.8977
84 145 26.6488
85 0 12.8313
85 7 9.27093
85 12 4.51484
85 32 27.5492
85 78 11.19
85 80 17.5265
85 85 11.4825
85 106 4.21609
85 132 14.1193
85 139 28.7226
85 145 12.0428
86 0 42.5045
86 20 4.5005
86 40 2
86 95 43.092
86 113 8.07402
86 124 14.0497
87 0 15.4722
87 35 2.00319
87 40 14.8638
87 44 14.6729
87 51 12.0908
87 66 4.62022
87 71 5.71696
87 74 23.3311
87 92 11.9918
87 96 14.6973
87 105 3.78721
87 137 2
88 0 28.1138
88 7 14.8754
88 11 17.699
88 17 15.6501
88 44 9.09499
88 60 13.0482
88 66 24.3703
88 125 11.4961
88 133 14.8516
89 0 13.1035
89 9 5.61148
89 11 14.8256
89 16 8.92669
89 40 13.8288
89 44 17.4552
89 45 2
89 57 11.1813
89 71 17.1115
89 74 10.8805
89 93 9.971
89 112 10.0526
89 140 2.6991
89 145 3.05675
90 0 14.7929
90 6 7.52228
90 10 17.3928
90 11 5.39051
90 16 2.32923
90 36 2
90 44 11.138
90 46 12.5866
90 70 11.8803
90 82 5.8521
90 93 11.6636
90 121 4.79236
90 124 13.7869
91 0 25.6776
91 7 17.8269
91 40 21.056
91 71 23.9065
91 107 27.2054
92 0 36.3426
92 41 29.7432
92 76 3.70495
92 102 3.54522
92 124 19.5368
92 145 41.0382
93 0 2
93 6 21.2136
93 9 10.707
93 32 3.82504
93 71 2
93 111 2.10291
93 112 2
93 124 3.97896
93 133 18.2826
93 145 2.66814
94 0 9.09107
94 4 8.91614
94 7 21.5578
94 41 13.2387
94 62 22.9702
94 85 7.88373
94 93 5.03498
94 113 8.06716
94 132 11.5428
94 144 9.84442
94 145 10.6475
95 0 11.2723
95 19 31.158
95 20 37.0705
95 67 20.6402
95 71 18.2899
95 97 4.91853
95 107 16.2844
96 0 13.2924
96 7 14.2152
96 9 13.674
96 18 6.51755
96 40 8.63235
96 57 21.5284
96 78 2
96 121 8.56589
96 139 11.7767
96 141 18.3899
97 0 12.8509
97 40 3.55972
97 60 26.1904
97 101 25.7891
97 103 8.23452
97 113 20.8594
97 121 10.4617
97 128 20.0977
97 139 2
98 0 2
98 7 2
98 12 14.8831
98 60 13.1436
98 90 10.3807
98 106 16.7987
98 107 10.8717
98 112 6.55862
98 114 6.02416
98 115 13.143
98 123 12.7518
98 130 6.84428
98 145 2.52806
99 0 9.58211
99 26 9.00982
99 29 19.4907
99 37 7.01671
99 40 17.4782
99 50 4.6449
99 57 12.8416
99 71 11.0747
99 105 9.37831
99 113 5.64951
99 124 17.1183
100 0 6.14264
100 26 7.78204
100 44 9.25923
100 56 23.0617
100 60 21.3327
100 70 26.0182
100 80 15.6717
100 81 25.7965
101 0 47.4944
101 32 50.5919
101 71 86.0528
102 0 17.8554
102 22 6.56963
102 25 12.5799
102 41 6.24998
102 44 18.3091
102 53 9.33089
102 73 6.79446
102 79 2.02379
102 86 12.0879
102 93 5.14146
102 95 14.3006
102 106 7.37655
102 113 4.38534
103 0 11.2193
103 7 13.6159
103 75 24.046
103 85 15.0704
103 120 2.69244
103 123 6.42868
103 132 2.13693
103 144 20.6211
103 145 17.7792
104 0 3.84795
104 21 6.59691
104 25 15.9445
104 45 17.0302
104 60 14.2828
104 73 4.19058
104 89 2
104 99 4.42395
104 121 14.6523
104 124 8.20844
105 0 11.9828
105 8 7.27748
105 9 7.73101
105 16 2
105 30 13.0841
105 31 9.60078
105 40 6.07898
105 70 9.92867
105 85 14.2982
105 107 13.6099
105 113 2
105 123 4.59493
105 131 14.9498
105 147 9.20219
106 0 12.1773
106 44 10.058
106 49 9.20214
106 51 3.53313
106 60 8.79316
106 66 14.6806
106 70 12.228
106 73 5.74964
106 90 11.6293
106 113 9.56214
106 124 12.0816
106 128 15.1797
106 131 11.7685
107 0 10.9733
107 8 31.4661
107 29 7.87083
107 42 2
107 44 24.1834
107 64 28.6054
107 70 9.51422
107 81 19.7694
107 86 17.556
107 139 21.5705
108 0 19.4413
108 18 6.02194
108 40 16.4218
108 41 21.9587
108 73 29.7463
108 75 24.0547
108 86 20.4065
108 103 25.3919
109 0 15.8948
109 7 33.1098
109 17 12.0945
109 65 19.8264
109 94 8.85484
109 112 9.97613
109 121 17.7096
109 131 19.7101
109 132 30.4767
110 0 16.768
110 16 7.92236
110 63 14.9025
110 73 10.6312
110 101 12.1733
110 102 12.2629
110 107 11.2436
110 113 18.4364
110 121 5.49196
110 135 9.39809
111 0 28.8976
111 30 25.3819
111 54 10.3827
111 60 14.9459
111 80 15.2072
111 86 25.5389
111 89 22.7954
112 0 17.5741
112 5 6.88984
112 12 2
112 40 9.36789
112 58 17.822
112 92 2.55405
112 112 7.6174
112 124 2
112 130 4.18214
113 0 6.78859
113 54 2
113 64 12.2839
113 87 9.00556
113 89 2.5871
113 93 17.4203
113 119 2
113 130 3.77797
113 145 14.1032
113 149 2
114 0 10.0376
114 26 20.1825
114 34 3.80953
114 50 13.2358
114 57 26.638
114 70 3.05695
114 74 13.8484
114 75 2
114 96 14.0483
114 145 26.8723
115 0 26.63
115 9 2
115 12 5.16505
115 29 2.4864
115 51 36.772
115 103 14.8211
115 112 2.01963
115 113 20.9767
116 0 27.6385
116 8 8.93676
116 19 31.9352
116 48 15.6874
116 99 29.129
116 124 8.82611
116 145 8.99465
117 0 16.1835
117 26 7.17797
117 29 15.4814
117 37 2.03428
117 46 13.7046
117 59 20.5351
117 63 16.2352
117 84 10.0573
117 112 9.90243
118 0 3.88785
118 41 2
118 42 2
118 45 16.2675
118 73 20.9734
118 85 9.63429
118 88 8.73243
118 113 6.9985
118 121 12.604
118 123 4.67078
118 131 9.30217
118 134 17.2206
119 0 20.2033
119 9 9.89476
119 12 4.65797
119 16 6.57277
119 19 13.1069
119 45 13.0096
119 59 7.8379
119 111 2.18489
119 112 12.2589
119 120 11.5529
119 136 7.55918
119 141 7.10489
119 145 2
120 0 6.7624
120 9 25.0795
120 13 14.307
120 14 10.5598
120 57 16.1956
120 61 11.87
120 73 18.439
120 113 6.95759
120 120 26.9601
121 0 17.6979
121 16 3.5398
121 71 17.8655
121 124 34.6925
121 137 41.7854
121 146 7.78142
122 0 5.17596
122 31 19.4996
122 71 6.62133
122 73 20.0869
122 74 27.9656
122 112 26.1072
122 146 5.95694
123 0 5.50982
123 30 17.0886
123 46 14.9383
123 53 12.8556
123 71 10.7381
123 97 10.2237
123 104 9.48983
123 120 7.13666
123 134 5.47782
123 147 16.4375
124 0 16.2183
124 7 28.9498
124 18 21.5395
124 32 37.6419
124 60 34.2498
124 92 6.37131
124 115 18.4389
124 119 6.84389
124 131 6.62282
125 0 12.8329
125 12 24.7778
125 26 26.0658
125 40 22.4425
125 64 16.7643
125 102 3.10991
125 115 15.343
125 125 5.30468
125 145 3.95321
126 0 18.413
126 11 6.95492
126 19 11.8668
126 26 25.5781
126 70 36.125
126 74 4.49361
126 121 24.0869
127 0 16.6319
127 10 7.77399
127 45 3.04899
127 59 5.97153
127 60 18.9368
127 70 23.6689
127 97 4.58172
127 113 5.27703
127 124 18.2467
127 138 6.17482
127 149 3.08434
128 0 15.608
128 7 19.6545
128 40 15.7013
128 44 12.4415
128 75 20.9699
128 80 18.0631
128 90 4.61403
128 97 8.296
128 114 3.42663
128 130 6.22998
128 132 14.8428
129 0 36.0154
129 3 13.8995
129 7 8.58706
129 21 16.5282
129 40 2
129 114 10.3769
129 132 31.4221
130 0 15.5804
130 45 15.4775
130 59 15.6358
130 75 3.45317
130 80 15.8595
130 92 5.8778
130 95 26.7959
130 102 26.1017
130 125 15.1754
131 0 5.2045
131 3 20.7004
131 8 3.77579
131 19 9.62561
131 20 5.08968
131 74 19.599
131 92 5.52916
131 96 3.25248
131 113 13.7612
131 116 8.54147
132 0 17.3911
132 9 17.5339
132 45 2.30473
132 73 9.59424
132 92 33.9234
132 93 2
132 112 11.7463
132 137 2.81148
133 0 8.18816
133 20 6.62819
133 44 18.5389
133 45 13.8278
133 67 30.0917
133 140 37.5601
134 0 17.3669
134 8 19.2103
134 29 17.9703
134 67 11.888
134 102 3.5299
134 113 16.7325
134 124 29.6032
134 145 5.06537
134 149 25.3103
135 0 18.2977
135 8 18.1723
135 16 13.9122
135 60 7.81572
135 97 11.1836
135 139 2.93616
135 146 16.4328
136 0 9.75795
136 7 2.965
136 9 16.4594
136 35 5.24451
136 45 6.52061
136 62 2
136 67 5.3314
136 70 4.84828
136 71 17.2164
136 76 2.00114
136 92 6.45805
136 112 9.89327
137 0 15.2878
137 40 24.605
137 43 4.21044
137 71 10.2974
137 93 17.8839
137 113 8.16424
137 130 6.79183
137 134 17.6358
137 137 15.5569
137 142 8.36557
138 0 13.3252
138 34 16.9624
138 50 25.4272
138 53 12.4245
138 64 15.0018
138 121 4.01699
138 145 15.2327
139 0 11.0314
139 19 14.8799
139 25 6.5442
139 44 8.86692
139 97 4.15898
139 112 2
139 113 2
139 115 2
139 116 14.8925
139 121 19.2492
140 0 9.66887
140 20 10.8294
140 21 25.2552
140 32 25.7045
140 45 9.39888
140 57 9.09437
140 86 19.6682
140 92 2.186
140 97 19.721
141 0 7.26062
141 6 6.1846
141 12 15.7245
141 25 5.69486
141 31 4.49435
141 44 7.03668
141 58 12.5734
141 67 4.52826
141 70 5.74886
141 86 11.8113
141 88 12.8001
141 93 12.3329
141 112 6.72895
141 137 11.4047
141 145 2.56109
142 0 21.12
142 7 6.973
142 8 2
142 22 19.6761
142 32 19.4838
142 44 8.4631
142 58 3.6353
142 123 28.2012
142 144 13.3683
142 145 21.3369
143 0 9.20917
143 5 8.67136
143 9 12.9699
143 12 19.7498
143 33 21.9982
143 44 12.0567
143 54 6.24828
143 92 2.07461
143 138 20.7548
143 140 9.78513
144 0 25.9103
144 32 24.2741
144 37 28.3988
144 55 23.0013
144 98 17.4956
144 113 31.2757
144 128 34.2375
144 145 5.56146
145 0 12.0168
145 26 18.9964
145 67 15.0184
145 79 26.6711
145 113 37.1289
145 119 17.7963
145 132 10.3756
145 147 14.8943
146 0 7.23805
146 22 24.0035
146 32 27.1921
146 60 27.7604
146 74 18.7513
146 79 10.4663
146 82 20.7845
147 0 6.93625
147 8 10.4465
147 9 3.51483
147 12 13.575
147 21 5.79227
147 22 13.2025
147 35 16.9363
147 59 6.4081
147 90 4.51688
147 103 6.96821
147 112 2
147 119 8.58885
147 131 4.79565
147 132 7.71613
147 135 9.52507
148 0 54.0051
148 32 40.5814
148 121 12.5571
148 128 38.3356
149 0 25.3357
149 78 32.785
149 79 39.618
149 112 35.1554
149 144 18.8359
