50 50 400
0 0 22.3079
0 7 12.3938
0 19 28.5312
0 21 6.28384
0 22 2.91714
0 34 5.78554
0 37 24.4491
0 47 27.8435
1 0 5.64083
1 6 4.96206
1 8 7.24578
1 12 11.9427
1 19 3.69182
1 20 12.7196
1 29 12.5944
1 34 15.6557
1 39 13.7191
1 49 2
2 0 11.1878
2 12 5.9479
2 13 10.2386
2 32 4.97255
2 40 15.6642
2 45 13.0111
2 49 13.3467
3 0 2.48296
3 9 6.70967
3 11 9.33101
3 14 12.5607
3 19 27.2897
3 24 17.0222
3 32 5.22262
3 34 4.13322
3 39 2.3082
3 46 16.9116
3 47 4.74729
4 0 6.27492
4 9 2
4 10 21.5578
4 11 25.0166
4 24 5.90187
4 26 18.2444
4 28 23.2018
4 40 2.1002
5 0 8.92917
5 15 16.9484
5 24 12.9942
5 35 6.33415
5 38 25.7117
5 47 23.0722
6 0 23.0396
6 8 15.2393
6 9 16.1927
6 13 14.219
6 24 15.4714
6 39 11.3581
6 45 11.0867
6 48 11.1048
7 0 12.2077
7 9 15.6713
7 12 10.4448
7 14 7.85529
7 15 5.93322
7 20 2
7 32 5.51716
7 34 6.69162
7 40 19.5129
7 45 11.61
7 49 21.5234
8 0 2
8 5 9.25406
8 7 2.45584
8 9 5.68816
8 10 7.89047
8 14 2
8 20 12.0048
8 24 15.6023
8 27 2
8 35 2
8 36 6.95549
8 38 3.5819
8 39 5.55901
8 44 9.75768
8 47 3.08264
9 0 4.67602
9 3 11.4629
9 15 26.216
9 18 15.145
9 22 6.4295
9 46 20.2038
9 47 8.10035
9 49 6.04469
10 0 3.2851
10 4 8.14474
10 6 8.38134
10 8 2.39761
10 14 14.8958
10 15 13.9304
10 19 2.2077
10 23 2
10 34 2
10 40 8.22573
10 49 29.5373
11 0 58.6187
11 36 14.1768
11 46 7.98298
12 0 15.5135
12 1 15.5877
12 5 2.00174
12 8 3.97379
12 18 2.17527
12 21 9.38122
12 32 24.1954
12 36 7.03041
12 38 11.3011
13 0 18.9838
13 4 2
13 5 2.59772
13 12 3.34404
13 19 2
13 20 19.593
13 21 22.7717
13 35 7.92765
13 36 2
13 39 18.0861
13 40 13.6989
14 0 2.53952
14 4 2
14 15 19.1561
14 18 18.0168
14 27 15.6631
14 35 4.60461
14 39 8.58959
14 49 22.5069
15 0 7.56587
15 2 4.48801
15 9 4.16231
15 13 17.252
15 15 7.07304
15 19 26.6294
15 23 7.24258
15 29 17.1258
15 35 16.3828
15 38 6.55294
15 44 19.2625
16 0 5.73322
16 6 21.122
16 15 13.0592
16 25 12.7415
16 28 7.55072
16 29 10.5895
16 32 3.88656
16 38 2.02848
16 39 16.8063
16 40 6.49232
16 47 12.6689
17 0 7.54539
17 1 11.4463
17 5 15.0959
17 7 8.63688
17 13 9.3061
17 18 6.56587
17 32 34.9683
17 34 2
17 44 8.06652
18 0 19.3312
18 5 25.6134
18 28 9.4728
18 31 2
18 32 4.09529
18 39 42.5404
19 0 13.7265
19 5 22.0433
19 6 2
19 10 6.33466
19 18 2
19 19 16.808
19 24 3.50685
19 38 19.7362
19 41 2.38871
19 46 18.0988
19 49 8.82005
20 0 10.4708
20 1 3.85698
20 9 19.9243
20 19 31.9766
20 21 2.89513
20 35 16.7948
20 42 13.0372
21 0 17.6504
21 12 22.1826
21 28 24.5919
21 39 30.1816
21 44 19.9491
21 49 25.0818
22 0 11.5361
22 1 19.3543
22 15 4.02306
22 35 14.3425
22 38 15.8158
22 42 34.1345
22 44 7.41594
22 47 37.2532
23 0 12.9912
23 14 2
23 18 13.6933
23 23 14.9781
23 24 6.8284
23 32 2
23 35 7.07613
23 38 4.62482
23 39 15.1325
23 40 4.01733
23 45 14.0231
23 46 4.23239
23 47 10.6815
24 0 38.088
24 1 13.2556
24 8 26.2118
24 10 3.23647
24 18 17.0941
24 19 15.0594
24 34 27.6403
24 41 20.3035
24 49 29.573
25 0 16.9673
25 8 5.40459
25 11 5.61814
25 15 21.0605
25 16 4.14053
25 29 8.72995
25 42 17.9101
25 44 10.5865
25 45 17.5593
25 47 9.69355
26 0 31.9753
26 1 28.5467
26 13 11.7181
26 25 18.8077
26 29 21.8892
26 36 9.5434
26 37 3.13788
27 0 12.9148
27 6 11.858
27 8 16.0476
27 12 11.2252
27 15 14.5382
27 18 10.5282
27 23 13.6377
27 28 28.4862
28 0 19.9746
28 9 28.4803
28 25 30.4141
28 28 13.2505
28 34 2.93324
28 35 31.8848
28 39 19.0171
28 49 8.50972
29 0 17.9461
29 8 4.85974
29 15 5.25347
29 21 5.06837
29 24 16.5334
29 29 7.17441
29 32 11.3211
29 34 5.48352
29 39 15.501
29 46 10.774
30 0 30.306
30 2 37.5763
30 12 11.4164
30 19 32.6345
30 21 16.7576
30 25 4.28992
30 27 14.4395
31 0 8.73729
31 6 8.26983
31 9 19.0246
31 13 10.2758
31 18 3.57291
31 19 2
31 23 9.85544
31 24 3.79657
31 25 15.9741
31 34 20.3121
31 38 4.41264
31 39 13.1711
32 0 16.2571
32 6 2
32 8 4.66396
32 11 11.9694
32 15 15.0323
32 32 5.24412
32 34 6.78185
32 45 5.65882
32 46 13.5596
33 0 30.7342
33 1 2.19271
33 6 21.5643
33 10 10.2028
33 12 2
33 13 7.05631
33 19 18.2068
33 30 7.97773
33 33 4.23529
34 0 12.1036
34 9 12.6164
34 10 40.656
34 13 48.5526
34 20 9.50008
34 26 23
35 0 40.5108
35 12 17.1688
35 19 32.631
35 28 23.755
35 37 9.23227
35 39 27.8003
36 0 15.5567
36 3 6.74743
36 5 22.1323
36 6 7.80804
36 9 9.82324
36 10 14.6629
36 29 11.7532
36 32 11.3206
36 36 11.26
36 37 9.83589
36 38 9.14474
36 49 6.57104
37 0 11.4047
37 6 15.3655
37 8 15.6425
37 9 7.24593
37 10 17.1706
37 15 26.2724
37 24 18.4484
37 32 9.48462
37 39 20.3635
38 0 9.55787
38 8 35.2037
38 9 19.3149
38 13 6.31376
38 14 5.00485
38 19 34.7678
38 40 37.8778
38 47 7.2647
39 0 2
39 10 27.607
39 22 11.7556
39 24 4.88031
39 25 16.2513
39 32 12.6919
39 35 13.0772
39 38 10.7982
39 44 9.43055
39 46 8.15158
40 0 39.0967
40 8 9.68989
40 9 5.70538
40 19 4.56276
40 46 9.10002
41 0 2
41 12 20.6713
41 25 13.6448
41 34 28.5259
41 39 20.3284
41 47 23.1612
42 0 8.40982
42 3 17.213
42 8 18.6942
42 9 2.70325
42 10 2.41095
42 12 8.28084
42 13 2.65687
42 15 3.37636
42 16 6.61825
42 24 18.9826
42 38 16.2913
43 0 28.1767
43 10 12.9124
43 15 3.72291
43 18 6.96755
43 21 27.0838
43 23 29.4469
43 40 19.6846
43 41 3.35014
44 0 8.8409
44 2 17.9473
44 13 34.0313
44 15 20.585
44 18 5.0015
44 34 12.0106
44 35 9.76118
44 49 7.56819
45 0 6.33738
45 12 22.9517
45 34 21.4671
45 35 25.4195
45 36 19.7248
45 47 29.0888
45 49 18.1475
46 0 2
46 5 12.7691
46 9 9.44549
46 15 6.54351
46 21 9.93454
46 24 10.1023
46 36 14.4455
46 37 13.5879
46 38 21.0462
46 47 11.6796
47 0 2
47 5 3.48831
47 18 17.2479
47 19 2
47 20 18.6329
47 22 8.99321
47 28 12.1503
47 36 6.36653
47 38 8.06922
47 39 6.42379
47 40 16.6588
47 43 11.5746
47 44 19.9384
48 0 10.0779
48 5 2
48 8 18.5108
48 13 5.8147
48 14 3.79742
48 20 12.8296
48 24 2
48 25 16.1704
48 32 10.3644
48 34 2.26641
48 44 2
48 46 3.81324
49 0 6.76389
49 1 5.60151
49 15 2.31246
49 18 6.40427
49 24 6.95704
49 32 20.1174
49 39 5.91552
49 47 17.7211
