100 100 800
0 0 7.85786
0 2 11.6606
0 36 6.33404
0 37 20.9377
0 39 5.83319
0 41 12.0293
0 46 8.30105
0 56 9.99633
0 58 7.15574
0 63 29.0739
1 0 22.6913
1 4 37.715
1 8 26.3038
1 27 12.1351
1 41 34.9599
1 69 6.92762
1 84 2
2 0 20.8962
2 2 7.82758
2 24 27.6886
2 31 10.5382
2 39 8.41355
2 47 4.59065
2 48 26.157
2 51 13.0928
2 63 4.25776
2 87 23.6871
3 0 20.51
3 2 30.6524
3 11 40.616
3 83 17.513
3 87 32.1898
4 0 7.88512
4 2 15.0204
4 7 2
4 8 2
4 20 2
4 39 4.33712
4 51 5.32881
4 54 2
4 61 4.45846
4 69 8.35347
4 70 3.32702
4 71 6.22105
4 75 2.27589
4 77 7.10001
4 97 10.6741
4 99 8.43892
5 0 20.7542
5 4 17.1591
5 7 9.98445
5 13 2.54409
5 24 6.95
5 30 8.11531
5 36 14.5364
5 39 19.111
5 40 16.3743
5 51 2
5 53 17.0936
5 75 4.60428
5 81 5.51396
6 0 63.9437
6 2 51.9098
6 7 2
6 48 73.1548
7 0 14.3905
7 6 19.6273
7 7 8.2056
7 24 2.75812
7 28 2.09346
7 40 5.82739
7 61 27.8158
7 88 21.0607
8 0 4.9899
8 2 2
8 9 14.6582
8 27 22.7862
8 36 16.7516
8 57 5.98294
8 62 2
8 64 14.7693
8 71 19.1622
8 75 8.22407
8 84 20.4061
9 0 8.96751
9 2 14.9016
9 24 10.7776
9 25 19.6003
9 27 7.82123
9 40 14.0451
9 42 13.2732
9 67 19.5826
10 0 15.867
10 2 17.0808
10 28 4.46667
10 35 2
10 44 13.0145
10 45 9.56224
10 84 19.1561
10 97 6.09262
11 0 8.46699
11 4 16.0439
11 8 3.09378
11 20 9.69205
11 21 9.14392
11 36 4.76966
11 51 7.09424
11 89 28.2217
12 0 2
12 2 18.4333
12 14 43.2771
12 69 31.6638
12 70 21.942
12 71 32.3929
12 84 20.4157
13 0 31.6321
13 11 17.3897
13 51 22.8275
13 53 21.8326
14 0 19.8364
14 5 8.90382
14 23 8.54631
14 35 17.9148
14 36 34.5676
14 79 26.1918
14 85 12.3684
14 86 16.3169
14 91 25.1336
15 0 45.4431
15 31 24.5283
15 65 6.48522
15 72 22.7805
15 87 45.4249
15 97 24.6115
16 0 23.8163
16 2 8.53495
16 8 16.6087
16 28 8.18645
16 35 10.6323
16 57 3.51305
16 76 9.31258
16 80 20.7364
16 81 12.5518
16 86 17.9065
16 88 9.21388
17 0 22.5911
17 1 17.2385
17 7 20.5499
17 23 21.6808
17 31 11.3066
17 42 9.41923
17 61 12.2521
17 67 4.87649
17 74 14.9121
18 0 5.43497
18 2 4.60551
18 8 2
18 30 15.9604
18 33 6.45283
18 40 16.2665
18 42 2.86727
18 49 14.0006
18 71 21.599
18 72 14.2314
18 86 17.265
18 89 2
19 0 18.549
19 14 18.8853
19 21 15.4463
19 24 27.4225
19 41 6.53415
19 42 21.0004
19 74 15.306
19 85 15.3942
19 95 2.15731
20 0 2.42002
20 4 23.2883
20 24 12.2822
20 51 26.6957
20 54 22.814
20 61 7.21465
20 69 9.56367
20 75 9.44014
20 95 6.18715
21 0 8.58745
21 4 9.3631
21 8 18.2145
21 19 2
21 24 2
21 42 8.29992
21 51 6.57748
21 69 34.5511
22 0 18.0884
22 2 29.5257
22 24 33.8246
22 25 4.13979
22 53 43.4019
23 0 6.08637
23 37 2.2673
23 47 20.8123
23 67 23.5151
23 68 29.2566
23 72 2
23 88 2.22332
23 98 8.71752
24 0 6.15721
24 2 9.70974
24 4 9.40721
24 11 14.8997
24 14 9.17907
24 30 15.3824
24 42 12.0297
24 57 4.34349
24 72 10.7259
24 78 7.12291
24 81 11.0221
24 85 15.6214
25 0 6.4803
25 5 12.7242
25 8 40.3943
25 31 37.1139
25 45 12.9531
25 86 16.8956
26 0 18.6689
26 24 30.7949
26 41 33.2035
26 42 11.957
26 57 9.28095
26 69 5.78955
26 89 26.5514
27 0 10.3165
27 2 10.3603
27 9 7.71262
27 11 3.45421
27 14 8.00612
27 36 6.96731
27 56 10.3202
27 57 4.70518
27 74 11.8063
27 81 3.67165
27 84 4.23632
27 89 5.08581
27 92 13.6122
28 0 13.4255
28 4 20.4743
28 21 22.3908
28 25 20.0421
28 28 26.3999
28 52 7.35326
28 58 24.5779
28 84 11.5594
28 85 7.00821
28 87 3.962
29 0 8.83396
29 2 14.4935
29 14 18.107
29 27 39.1421
29 30 3.59076
29 51 25.8219
29 72 2.76453
30 0 11.7889
30 2 16.7476
30 5 3.92648
30 9 9.49926
30 20 24.8667
30 24 3.98841
30 27 10.5835
30 42 2.97341
30 52 22.9351
30 57 2
30 72 19.42
31 0 10.6561
31 2 10.3646
31 7 14.5265
31 9 9.40963
31 10 12.1586
31 27 9.80081
31 69 15.3449
31 72 3.72457
31 78 18.5308
31 84 12.8004
31 99 4.03983
32 0 10.2058
32 24 16.0779
32 40 11.8573
32 47 16.4425
32 51 23.1496
32 53 8.23795
32 82 12.957
32 83 19.2774
32 87 11.8176
33 0 15.3221
33 4 3.7868
33 5 21.4822
33 14 9.67811
33 21 2
33 28 18.5053
33 61 2.06709
33 78 24.7715
34 0 3.26766
34 14 20.492
34 24 12.4261
34 42 30.5398
34 78 21.5336
34 93 12.6182
34 99 13.3885
35 0 13.8934
35 20 31.134
35 21 29.9247
35 36 2
35 57 26.4688
35 69 38.0263
36 0 2
36 11 12.2475
36 13 10.3011
36 14 2.81769
36 21 10.5241
36 24 12.6501
36 32 14.3345
36 47 18.3547
36 48 8.31475
36 51 4.25218
36 53 6.55428
36 80 8.75277
36 81 8.80182
36 83 7.0978
37 0 15.4241
37 13 14.1238
37 15 12.6562
37 27 28.3754
37 36 19.6591
37 37 8.71727
37 40 8.90446
37 42 11.1801
37 60 5.26247
37 85 3.80181
38 0 2.15614
38 2 15.6086
38 4 7.07142
38 24 16.2971
38 64 16.5991
38 84 16.4625
38 85 10.8824
38 88 28.4246
38 95 10.1695
38 97 2.94372
39 0 11.5092
39 14 6.90204
39 15 2
39 74 20.0554
39 79 9.50309
39 87 18.692
39 95 8.47085
40 0 26.1159
40 1 30.4033
40 2 27.4082
40 61 52.0285
40 87 16.5409
41 0 16.6177
41 4 30.4442
41 51 5.80289
41 54 17.8928
41 61 6.63798
41 75 10.4986
41 78 2.26165
41 79 24.9539
42 0 18.8459
42 2 18.1965
42 4 11.0879
42 10 5.00255
42 19 4.59085
42 59 13.2459
42 61 15.9976
42 63 19.383
42 72 17.3165
42 86 2
43 0 14.4069
43 20 32.5436
43 21 33.9421
43 51 3.20776
43 75 11.7172
43 87 3.35973
44 0 14.4618
44 2 18.656
44 11 16.8649
44 24 18.1054
44 41 10.0513
44 45 5.95416
44 63 19.9042
44 72 10.6415
44 81 7.77485
44 88 4.1408
44 99 2.20538
45 0 40.8162
45 24 9.11781
45 36 31.6317
45 51 36.0822
45 72 4.55134
45 84 29.9851
46 0 33.3767
46 4 6.12588
46 6 22.6083
46 40 9.00147
46 77 56.9371
46 83 8.90929
47 0 25.0813
47 36 31.8538
47 45 3.6605
47 53 15.4943
47 64 23.0095
47 89 11.5922
48 0 2
48 7 15.4017
48 8 2.09811
48 9 17.8494
48 19 15.2083
48 51 2
48 54 16.132
48 74 15.1879
48 82 23.7125
49 0 2.25952
49 9 11.6633
49 10 14.7592
49 16 2.45734
49 21 8.95713
49 32 11.8231
49 54 4.9714
49 58 2
49 61 16.8909
49 63 15.9986
50 0 5.24369
50 2 19.0787
50 4 33.2838
50 9 21.2035
50 61 29.1704
50 67 26.1202
50 69 15.3064
51 0 7.11983
51 2 31.7352
51 14 19.6293
51 17 29.5158
51 32 13.597
51 37 11.2358
51 53 11.9718
51 81 22.4807
51 97 2.22989
52 0 17.7888
52 4 6.18829
52 20 19.5586
52 28 3.85632
52 36 2
52 61 4.36647
52 82 12.7768
52 89 12.6056
52 95 19.0566
53 0 18.1272
53 11 22.2104
53 36 21.9518
53 48 5.1696
53 58 2.0908
53 61 19.0072
53 81 21.9197
54 0 22.1388
54 4 5.15305
54 11 21.9531
54 24 5.52611
54 48 14.2675
54 72 15.5637
54 84 12.2237
54 85 19.7909
54 95 7.93629
55 0 2.25053
55 1 14.2242
55 2 2.00512
55 9 19.3312
55 23 2
55 24 4.81329
55 26 3.44718
55 37 14.9397
55 42 7.28339
55 45 11.5285
55 61 5.27571
55 72 5.82237
55 93 9.09058
56 0 25.5787
56 23 16.4598
56 45 18.8023
56 71 19.565
56 87 42.0862
57 0 16.8131
57 7 11.4372
57 24 10.2936
57 35 2
57 40 6.23203
57 42 14.619
57 52 3.36443
57 56 15.6711
57 83 9.63314
57 87 9.38946
57 89 5.07727
57 99 10.3283
58 0 18.422
58 1 8.8837
58 2 4.81404
58 11 21.1099
58 27 9.22059
58 42 15.299
58 61 24.001
58 72 3.29562
58 82 5.02341
59 0 9.25444
59 24 32.9201
59 51 20.942
59 67 36.4132
59 69 13.1033
59 86 3.22135
60 0 5.5345
60 11 7.5242
60 15 17.0013
60 54 34.811
60 84 12.406
61 0 4.05563
61 2 25.3469
61 13 30.2487
61 36 20.5734
61 42 32.0649
61 49 13.0178
61 51 24.5823
61 82 25.6116
61 84 12.9622
62 0 2
62 20 2
62 24 5.59826
62 33 10.3966
62 36 19.8563
62 46 24.0561
62 60 17.98
62 89 24.981
63 0 16.8011
63 2 25.0416
63 6 15.2217
63 14 4.39763
63 27 6.7718
63 31 6.06823
63 33 19.4102
63 42 38.295
63 57 19.5499
63 61 4.70929
64 0 2.381
64 14 16.6453
64 21 2
64 41 9.53075
64 42 20.2636
64 51 8.22212
64 57 14.4422
64 68 8.64534
64 75 10.5337
64 91 8.46313
65 0 2
65 4 3.37404
65 19 2.9389
65 22 5.31919
65 42 9.44215
65 53 9.8975
65 56 6.83899
65 57 6.07422
65 64 3.02053
65 65 6.00901
65 72 12.3112
65 86 13.482
65 95 5.88524
65 97 4.47423
66 0 13.8888
66 20 22.4197
66 21 25.8927
66 24 3.93356
66 40 7.03838
66 80 21.8625
66 81 10.2469
66 83 23.3849
66 87 26.0092
67 0 10.7014
67 6 6.01726
67 11 9.10535
67 16 2.21524
67 31 9.56066
67 34 8.65326
67 37 2
67 41 12.9138
67 44 10.7942
67 52 4.35929
67 74 12.0778
67 80 7.92169
68 0 22.1442
68 4 17.6578
68 11 19.0677
68 14 3.32236
68 24 6.5749
68 41 10.2538
68 63 11.5908
68 88 23.3685
69 0 13.5715
69 27 13.0195
69 32 16.4219
69 48 30.6862
69 63 2.04393
69 72 31.0872
69 85 12.0493
70 0 8.53046
70 2 18.2564
70 9 15.0345
70 39 19.8749
70 42 2.84421
70 45 16.9232
70 52 3.36804
70 66 24.2591
70 88 26.5872
71 0 26.3325
71 4 5.78581
71 5 16.1656
71 37 2
71 61 11.2982
71 69 31.2657
72 0 12.228
72 13 8.36584
72 28 5.57039
72 31 7.30194
72 39 9.05211
72 42 6.57387
72 47 11.2514
72 51 6.61403
72 52 13.3796
72 59 11.6905
72 60 15.8114
72 71 8.18751
72 89 2
73 0 7.28137
73 2 11.663
73 11 11.7725
73 14 16.264
73 20 12.4941
73 35 13.0898
73 54 9.76912
73 61 5.25082
73 63 4.88245
73 64 8.87023
73 78 2
73 79 3.2123
73 80 6.07664
73 84 10.4642
74 0 8.13925
74 13 2
74 14 13.5033
74 21 2
74 33 10.2999
74 40 9.07355
74 57 12.178
74 62 17.6624
74 85 17.4429
74 87 8.83966
75 0 20.4262
75 2 17.7515
75 37 26.535
75 57 28.3455
75 63 29.2013
75 75 21.7211
75 98 19.4691
76 0 2
76 36 4.91886
76 39 3.14963
76 51 15.893
76 78 2
76 81 3.52544
76 84 2.99638
76 89 28.6096
77 0 5.81831
77 8 5.69552
77 14 6.62514
77 21 8.0122
77 27 17.3256
77 35 19.4849
77 56 13.1145
77 63 3.61095
77 81 3.61618
77 93 2.107
77 95 5.47814
78 0 17.3133
78 2 2
78 20 6.06055
78 31 27.3511
78 48 13.9727
78 84 5.10243
78 87 2
78 89 31.0513
78 99 3.892
79 0 53.3349
79 7 10.8953
79 13 8.52976
79 20 74.3323
80 0 8.46629
80 2 4.92361
80 4 17.1194
80 36 3.4738
80 44 5.03869
80 48 11.277
80 62 11.8947
80 63 3.96079
80 66 20.352
80 72 4.64827
80 81 5.35885
80 85 3.09626
81 0 11.4613
81 2 21.8166
81 14 12.4956
81 22 7.68597
81 31 7.7
81 34 10.6984
81 42 10.4131
81 57 2.38489
81 69 12.8016
81 89 26.5211
82 0 16.0271
82 14 4.89366
82 27 2.08343
82 44 19.4546
82 61 2
82 68 6.19449
82 72 11.5967
82 81 9.02757
82 85 19.4707
82 86 14.2015
82 89 17.6515
83 0 4.64645
83 9 7.36262
83 14 7.86049
83 21 2
83 24 14.8867
83 27 17.8369
83 65 9.00533
83 76 16.6561
83 81 14.5604
84 0 4.58364
84 2 2
84 36 10.4683
84 39 4.31413
84 44 5.94842
84 45 10.084
84 56 4.34907
84 64 6.73744
84 69 5.19625
84 72 4.34706
84 81 6.87224
84 92 2.96416
85 0 34.3117
85 2 22.1429
85 21 6.04052
85 30 35.3553
85 45 8.60414
85 57 23.6122
86 0 12.8764
86 4 16.8467
86 8 13.0798
86 20 15.2232
86 24 2.02626
86 37 13.122
86 39 5.02666
86 40 25.6434
86 67 8.46903
86 71 13.4607
86 72 14.3759
87 0 10.7413
87 2 6.86637
87 5 10.9094
87 13 2
87 14 14.6863
87 27 2
87 41 9.55997
87 61 33.3401
88 0 8.59857
88 2 4.22461
88 16 13.4283
88 21 17.2851
88 24 4.39346
88 25 10.6799
88 39 13.5623
88 57 4.54273
88 63 8.2161
88 69 13.8975
88 83 19.1097
88 87 11.0225
88 89 3.75654
89 0 2
89 14 6.39344
89 16 8.32636
89 27 2
89 28 2.87655
89 31 6.33731
89 35 9.43836
89 36 18.4921
89 46 17.1794
89 57 10.1399
89 60 10.7119
89 61 8.58298
89 80 8.15431
90 0 21.9361
90 14 14.0776
90 42 15.3323
90 44 11.8635
90 59 2
90 63 8.41734
90 83 14.3962
90 88 15.6078
90 98 20.9227
91 0 20.237
91 14 11.5698
91 42 11.9516
91 45 4.17047
91 46 18.0195
91 54 16.905
91 57 2
91 61 22.2902
91 82 11.7326
91 84 2
91 88 8.4656
92 0 2
92 2 27.5961
92 39 20.4976
92 59 21.1592
92 62 33.012
93 0 25.7836
93 1 24.4898
93 19 17.5757
93 44 2.91143
93 79 10.2436
93 81 9.07423
93 84 5.01706
93 88 9.28589
93 93 8.4651
94 0 18.3564
94 2 18.9626
94 17 4.86685
94 27 11.4672
94 37 7.16028
94 46 14.7634
94 57 2.97528
94 81 19.6135
94 95 9.93203
95 0 2.13263
95 1 23.8037
95 40 8.95788
95 44 2
95 45 6.5217
95 51 2
95 53 13.7292
95 57 11.2937
95 81 2.73566
95 87 2
95 98 9.19404
96 0 2
96 4 5.55143
96 7 2.3994
96 9 2
96 31 8.43434
96 37 2
96 42 9.79056
96 44 10.4823
96 54 10.796
96 63 17.4172
96 64 4.29211
96 72 2
96 74 4.5911
97 0 10.2847
97 4 5.86708
97 19 5.34098
97 21 10.7647
97 42 4.02289
97 46 2
97 49 8.56787
97 53 4.99588
97 59 2.21412
97 70 2
97 88 6.68026
98 0 10.4385
98 6 11.4479
98 11 25.1541
98 24 15.5242
98 35 8.65281
98 47 16.3134
98 51 11.1979
98 53 15.6136
98 61 18.4135
98 65 17.7222
98 99 8.93493
99 0 31.2796
99 24 43.0698
99 61 2
99 78 8.74228
99 81 28.2718
99 84 21.4942
99 95 22.6396
