50 50 400
0 0 6.19776
0 1 21.9829
0 9 2
0 10 25.8586
0 14 21.8442
0 35 31.8794
1 0 9.29765
1 10 41.1083
1 20 15.2185
1 30 8.43515
1 41 22.1247
1 42 19.2278
1 46 46.5528
2 0 23.8023
2 4 3.86288
2 25 23.3728
2 31 28.6229
2 32 14.9062
2 35 3.55646
2 37 14.5253
3 0 13.4777
3 4 5.05794
3 5 23.3716
3 7 5.03753
3 10 5.43553
3 11 10.0399
3 14 9.89258
3 22 12.0569
3 31 19.1776
3 32 13.1621
4 0 19.0856
4 11 23.3127
4 19 14.152
4 24 6.59895
4 41 18.8331
4 46 15.1905
4 49 32.2018
5 0 22.7525
5 7 8.30797
5 14 27.8778
5 26 38.9334
5 36 22.4596
5 48 46.9846
6 0 31.3082
6 8 28.3415
6 16 13.9697
6 19 36.3699
6 23 9.67427
6 46 5.6126
7 0 18.1337
7 5 11.0135
7 9 10.1589
7 10 2.80335
7 11 33.7881
7 19 34.2326
7 47 29.9235
8 0 14.9563
8 7 17.5107
8 8 9.35591
8 15 12.7368
8 21 8.96516
8 25 10.2402
8 26 17.4231
8 31 14.5271
8 37 7.22626
8 40 3.25178
8 46 11.4853
9 0 17.9846
9 7 19.9282
9 16 12.1471
9 18 16.9513
9 19 8.95778
9 21 19.7748
9 28 14.4489
9 46 32.9884
10 0 9.3767
10 4 11.295
10 7 9.91201
10 8 13.2436
10 11 9.74377
10 16 16.5417
10 28 19.937
10 30 7.69471
10 37 4.9238
10 41 4.89469
10 49 8.71054
11 0 2.51101
11 6 3.84891
11 10 4.13029
11 13 16.9926
11 19 17.1101
11 26 28.7128
11 34 20.6644
11 35 4.63305
12 0 16.8364
12 7 19.2991
12 15 2
12 17 29.2988
12 35 3.33063
12 46 21.3848
13 0 12.9116
13 9 32.3848
13 10 4.36214
13 11 4.90511
13 16 15.4426
13 23 5.98371
13 25 21.0259
13 43 15.8586
14 0 2
14 2 10.9667
14 8 11.2995
14 10 9.54749
14 13 26.3442
14 18 15.7771
14 23 10.1882
14 24 3.25154
14 26 2.14305
14 30 4.70252
14 35 10.0005
15 0 18.7724
15 4 5.79497
15 5 19.1545
15 8 13.2632
15 15 5.69598
15 19 6.23538
15 23 12.3947
15 26 13.1405
15 35 6.65249
15 42 9.00952
15 47 11.6559
16 0 5.3818
16 5 2
16 8 2.22921
16 11 21.4451
16 19 11.8604
16 25 21.4933
16 28 13.6046
16 29 4.4151
16 47 4.20287
17 0 37.8181
17 8 2.82381
17 11 12.7356
17 15 6.4469
17 23 17.4945
17 26 4.62879
17 35 4.70848
17 46 23.6554
18 0 4.50158
18 2 4.36726
18 8 6.97623
18 9 18.1015
18 11 7.01617
18 13 14.916
18 15 3.28623
18 25 2
18 30 2.02708
18 41 19.451
18 44 11.8346
18 46 8.47796
18 49 14.4107
19 0 10.8671
19 4 20.1906
19 9 21.1051
19 14 23.9777
19 22 12.5442
19 34 8.97059
19 36 2.56229
19 41 19.705
19 46 25.7764
20 0 7.20385
20 9 13.1822
20 11 21.9286
20 15 9.18367
20 19 11.123
20 36 19.1029
20 47 6.75748
21 0 23.8878
21 17 17.4721
21 21 16.9373
21 23 34.7856
21 24 17.5774
21 25 12.6782
21 36 3.79986
21 37 6.0065
21 41 11.3739
22 0 2
22 4 22.4243
22 7 13.9039
22 9 4.43768
22 10 2.31645
22 11 10.0776
22 31 2.90298
22 35 18.265
22 41 17.7296
22 46 13.8918
23 0 22.3132
23 13 9.28834
23 25 22.8203
23 28 6.53473
23 35 25.4518
23 42 2.76909
23 43 24.8191
23 48 11.9834
24 0 7.34673
24 7 12.9751
24 9 6.98815
24 12 10.8167
24 16 21.4586
24 19 16.2374
24 24 5.18182
24 31 3.81172
24 37 9.68338
24 46 2.49145
24 49 9.00146
25 0 3.03351
25 7 24.9316
25 10 12.4288
25 11 9.56743
25 16 14.2677
25 19 11.5039
25 21 13.5085
25 24 14.344
25 26 5.61779
25 37 3.21714
25 41 15.1534
25 42 16.2155
26 0 18.6308
26 1 16.6159
26 9 18.7718
26 11 19.0283
26 25 16.6695
26 37 10.8604
26 40 19.3306
26 42 2.78836
26 43 7.49967
26 46 15.2921
27 0 21.815
27 4 17.8153
27 7 2.4431
27 9 7.06597
27 11 23.2279
27 15 16.0114
27 16 13.2201
27 18 4.26333
27 31 2.22824
27 32 10.9639
27 41 5.47929
27 46 14.3302
28 0 5.23038
28 7 6.0988
28 10 15.6042
28 11 3.27829
28 13 9.29186
28 15 2.13179
28 16 2
28 17 13.5827
28 21 2
28 26 8.21483
28 28 2
28 31 7.98829
28 37 13.2412
28 41 4.27617
28 46 12.8262
28 49 2
29 0 7.07908
29 4 5.45903
29 6 3.02069
29 10 10.6499
29 15 11.9522
29 16 2.27581
29 21 2.4777
29 25 4.7558
29 31 14.1081
29 44 15.383
29 49 2
30 0 15.8131
30 7 15.6768
30 11 3.39297
30 15 16.5243
30 17 10.8771
30 19 14.8474
30 31 4.83814
30 37 5.89443
30 44 4.76445
31 0 19.1578
31 7 5.80447
31 9 17.1046
31 10 39.8262
31 38 4.55104
31 43 24.1851
32 0 16.7558
32 10 34.738
32 21 14.7291
32 23 2
32 25 11.9119
32 30 8.1041
32 32 10.2717
33 0 15.1159
33 5 2
33 7 16.9236
33 13 2
33 15 8.46577
33 24 7.43594
33 25 8.30447
33 28 11.4809
33 31 7.9634
33 35 2.31715
33 37 20.5437
34 0 26.6175
34 7 32.8573
34 9 2
34 17 19.7179
34 30 37.9638
34 35 3.9145
34 37 17.0168
34 41 16.0622
35 0 13.4474
35 4 30.6346
35 7 9.89034
35 8 21.1347
35 9 10.1694
35 16 13.5507
35 21 5.60241
35 37 24.5543
35 47 2.9518
36 0 11.188
36 4 13.4871
36 12 21.2716
36 17 20.4392
36 20 29.0573
36 40 7.79126
36 46 21.6183
37 0 4.84793
37 10 12.9792
37 11 30.9826
37 17 18.9472
37 19 9.14309
37 31 33.6853
37 46 31.6912
38 0 48.9525
38 13 42.0067
38 15 2
38 20 9.83668
38 47 22.0129
38 49 24.7927
39 0 9.97379
39 7 14.5363
39 15 14.8753
39 16 5.86666
39 21 18.8834
39 25 6.1481
39 26 12.4826
39 31 4.34093
39 37 5.24734
39 44 10.1192
39 46 14.2915
39 47 21.5023
39 49 13.9812
40 0 55.9063
40 9 30.1764
40 11 33.6385
40 23 25.7722
40 34 35.6686
41 0 15.9162
41 6 24.542
41 7 16.4158
41 15 23.3804
41 19 7.93392
41 25 26.3214
41 35 12.3287
42 0 3.236
42 7 14.2976
42 11 10.6651
42 15 6.48775
42 16 9.76768
42 17 4.78016
42 31 3.60035
42 35 15.335
42 37 12.1529
42 42 13.941
42 46 2.55281
42 48 7.15195
43 0 16.2321
43 7 10.9574
43 11 11.6151
43 14 24.5845
43 23 4.24659
43 31 6.98028
43 35 6.8844
43 37 7.07338
43 47 5.18774
44 0 17.3448
44 2 32.2795
44 6 28.1604
44 10 17.245
44 15 27.6416
44 28 16.424
44 41 8.43952
45 0 2.35539
45 1 13.7647
45 9 2
45 15 22.089
45 17 4.37108
45 19 22.5924
45 30 4.40282
45 31 15.2174
45 34 10.7569
45 48 9.84456
46 0 5.47857
46 1 19.7668
46 5 16.1697
46 7 2
46 9 17.4827
46 15 11.074
46 19 3.80216
46 25 21.3049
46 35 4.19041
46 36 8.92715
46 41 3.49413
46 46 10.0898
47 0 12.119
47 5 2.38978
47 9 24.8206
47 10 18.4985
47 19 13.656
47 30 5.40726
47 35 14.1875
47 36 17.7875
47 41 2
47 42 14.8823
48 0 17.483
48 10 24.6774
48 18 29.1728
48 31 8.81227
48 35 26.4804
48 44 28.3947
48 49 8.66559
49 0 10.6873
49 2 19.704
49 5 29.462
49 31 33.7097
49 35 2
49 47 56.4718
