250 250 2000
0 0 6.35584
0 32 13.0252
0 62 16.5557
0 71 14.0992
0 95 25.6709
0 102 7.10345
0 127 11.6031
0 143 5.39894
0 149 5.32539
0 184 12.6981
0 208 15.9432
1 0 7.83072
1 5 15.4555
1 41 18.0363
1 60 17.8616
1 138 24.9763
1 162 2
1 177 9.06366
1 190 22.4277
1 226 10.2961
2 0 10.3291
2 24 19.5351
2 43 11.8807
2 78 6.5589
2 81 4.7834
2 103 13.8634
2 113 21.9691
2 116 15.303
2 161 7.46652
2 234 2.06512
2 236 7.65344
3 0 20.165
3 7 3.96419
3 16 7.09693
3 64 2.55192
3 102 4.44818
3 109 4.627
3 115 5.8093
3 133 2
3 157 9.27597
3 198 4.05911
3 236 16.0479
4 0 12.1846
4 5 7.4099
4 26 8.7606
4 53 17.3184
4 109 32.0181
4 113 2
4 136 12.2026
4 137 7.01765
4 222 23.5461
5 0 3.28977
5 44 24.9826
5 61 2.99263
5 72 10.4136
5 95 13.8738
5 143 26.287
5 209 20.7342
5 212 24.4908
5 220 6.64441
6 0 16.2744
6 82 11.1049
6 101 23.2484
6 114 5.61607
6 155 17.7891
6 184 17.2471
6 243 14.4003
7 0 3.34397
7 14 26.2388
7 17 2.39864
7 28 6.37202
7 61 14.8906
7 82 2.89071
7 83 9.38963
7 128 23.0981
7 165 15.8473
7 213 4.11006
7 241 8.82434
8 0 7.6985
8 99 10.2509
8 165 13.4931
8 194 14.9521
8 208 21.7839
8 226 29.4844
8 234 21.9056
9 0 7.62601
9 23 2.90554
9 114 11.6824
9 131 13.491
9 138 12.9262
9 162 4.73562
9 182 9.57013
9 203 11.0694
9 229 21.3044
9 240 15.8579
9 241 10.3492
10 0 37.1172
10 9 12.0744
10 97 14.7698
10 101 14.225
10 128 12.1555
10 198 39.5056
10 247 15.4781
11 0 14.5288
11 9 6.54517
11 24 6.27536
11 49 6.57906
11 54 2
11 96 16.0529
11 99 16.3758
11 102 4.83641
11 135 9.43803
11 136 5.14951
11 182 2
11 237 20.5039
12 0 21.729
12 36 32.6637
12 92 25.9473
12 99 29.4684
12 138 6.48714
12 168 27.77
12 213 19.6594
13 0 32.4434
13 4 5.23053
13 15 3.33015
13 45 21.5584
13 147 6.49965
13 168 5.76128
13 178 26.0978
13 181 11.1828
14 0 2.98517
14 1 13.16
14 9 4.21497
14 21 4.5316
14 26 2
14 34 5.04034
14 44 2
14 98 2
14 99 15.0398
14 103 7.46259
14 104 10.1364
14 131 4.75456
14 156 7.13753
14 177 9.07704
14 215 9.30839
15 0 2
15 41 2
15 78 2
15 83 6.19298
15 84 2
15 107 8.99497
15 114 15.2557
15 132 9.11779
15 177 7.56421
15 184 15.0505
15 198 5.86747
15 203 7.51914
15 223 2
15 236 12.5788
15 243 6.59691
15 247 8.45089
16 0 10.2941
16 6 2
16 7 9.50652
16 10 16.4401
16 71 10.8129
16 89 3.39667
16 98 13.3153
16 103 14.0694
16 138 5.37036
16 161 13.929
16 203 3.92426
16 206 2
16 208 2
16 238 11.5063
17 0 12.5755
17 72 22.4178
17 83 14.1157
17 90 14.498
17 143 12.8653
17 149 25.5551
17 198 16.3344
18 0 34.9327
18 42 21.2494
18 83 25.0698
18 84 20.6751
18 98 25.131
19 0 20.7724
19 58 5.33537
19 66 6.9272
19 88 11.0662
19 103 14.0549
19 113 3.29885
19 124 17.4729
19 138 6.8485
19 156 12.9155
19 166 14.2834
19 206 9.52902
20 0 4.89108
20 27 4.42755
20 33 10.9131
20 70 11.1541
20 73 2.80924
20 117 7.5198
20 119 13.1037
20 122 10.5379
20 135 6.6354
20 177 3.73279
20 191 6.35414
20 244 2
21 0 5.99691
21 33 22.0333
21 64 8.78536
21 71 31.7169
21 79 6.66427
21 115 11.1927
21 135 22.9489
21 246 4.90142
22 0 4.75094
22 82 13.5378
22 97 8.91881
22 127 2
22 143 13.6729
22 167 7.57048
22 177 6.16076
22 216 17.2358
23 0 17.647
23 10 6.10044
23 79 23.9644
23 86 21.2282
23 116 20.6563
23 202 4.08309
23 213 2
24 0 26.2939
24 60 24.6814
24 68 11.6495
24 72 6.41117
24 99 12.7606
24 162 5.88018
24 184 10.0459
24 186 24.4047
24 213 2
24 244 13.8974
25 0 21.2095
25 17 21.6579
25 52 7.75065
25 59 15.9578
25 61 12.2624
25 82 4.95506
25 135 13.7087
25 136 14.5339
25 162 8.45491
25 178 2.07786
25 203 17.6712
26 0 19.2791
26 14 14.3352
26 166 33.2161
26 208 19.7678
26 211 15.8491
27 0 10.8453
27 24 4.23861
27 45 7.90876
27 71 8.51531
27 80 4.04702
27 83 2
27 95 10.9279
27 122 6.80415
27 158 8.25884
27 198 17.5307
27 241 7.34114
28 0 2.00016
28 71 17.3643
28 82 2
28 122 26.2822
28 156 18.3034
28 168 6.52194
28 238 2
29 0 18.4522
29 49 3.96384
29 80 11.7728
29 146 6.26324
29 166 19.9717
29 194 17.0217
29 235 13.0461
29 240 36.7652
30 0 14.9696
30 4 44.8374
30 16 5.60796
30 82 26.5568
30 99 38.2343
30 243 12.1341
31 0 13.7884
31 15 48.7908
31 135 22.9116
31 163 12.019
31 172 8.65833
31 194 41.0863
32 0 4.08272
32 5 6.52943
32 52 18.343
32 86 13.9013
32 93 4.38899
32 99 13.4571
32 135 13.836
32 182 5.08457
32 224 7.20778
33 0 7.49868
33 2 5.59913
33 31 13.5229
33 45 6.77072
33 57 6.23379
33 80 6.8271
33 81 16.4911
33 89 2
33 116 7.89967
33 129 8.2654
33 158 3.86762
33 159 2
33 198 2.11848
33 203 2
33 234 7.35238
34 0 7.97733
34 31 8.3923
34 95 3.79246
34 98 3.51237
34 102 9.01386
34 173 17.7994
34 198 2
34 212 9.62282
34 241 15.9554
35 0 18.5658
35 27 27.98
35 41 2
35 83 3.35406
35 103 5.5858
35 184 6.5775
35 246 42.3698
36 0 11.122
36 26 2
36 37 8.08841
36 47 6.91022
36 54 15.0713
36 102 14.2349
36 112 10.5746
36 123 2
36 149 6.59332
36 205 9.17737
36 244 2.09368
37 0 10.8313
37 2 10.6695
37 43 2.17967
37 84 6.36734
37 98 16.4571
37 115 13.9398
37 184 2
37 200 5.04596
37 226 2
37 227 7.47395
37 236 10.1057
38 0 20.2062
38 2 2.10238
38 115 10.9894
38 208 30.0951
38 212 30.0835
38 215 24.347
38 236 23.2357
39 0 2
39 21 2.31173
39 27 16.9757
39 62 7.39748
39 86 6.9719
39 90 25.0328
39 98 7.29255
39 143 2
39 172 8.78562
39 186 14.7221
39 190 8.23136
39 191 18.6662
40 0 5.31534
40 16 34.4234
40 70 38.1617
40 90 38.9397
40 91 28.7728
40 127 20.1196
41 0 2
41 72 15.5319
41 73 7.81915
41 78 16.8725
41 81 22.248
41 89 9.03982
41 91 13.0398
41 113 4.78299
41 168 3.62387
41 192 21.4013
41 198 12.2299
41 206 2
41 221 12.6067
42 0 10.1501
42 10 12.067
42 27 15.2332
42 45 15.4184
42 80 19.6733
42 84 3.2517
42 89 18.513
42 91 4.74661
42 101 12.1998
42 168 13.1849
42 178 16.3918
42 215 2
43 0 2.46837
43 18 13.746
43 53 6.7791
43 78 3.87484
43 105 13.7563
43 136 5.08306
43 172 17.1804
43 180 6.00459
43 184 16.8783
43 191 8.25013
43 228 2
44 0 20.3246
44 104 32.1635
44 105 33.1275
44 193 21.8739
44 235 18.0188
44 242 40.6333
45 0 28.4848
45 4 4.57907
45 7 5.5888
45 31 9.03339
45 99 23.5779
45 127 2.16419
45 241 21.9383
46 0 25.0848
46 86 36.4368
46 100 20.3229
46 105 11.1687
46 133 33.0073
46 194 15.9312
46 210 17.0316
46 217 22.246
47 0 4.46986
47 4 2
47 28 18.4297
47 45 4.3184
47 115 17.0722
47 131 2.26522
47 143 3.38522
47 172 16.92
47 184 26.1577
47 215 3.30627
47 237 14.8777
48 0 6.11902
48 9 6.55856
48 34 12.9623
48 99 5.82938
48 138 10.6542
48 180 41.3733
48 198 14.921
49 0 34.4684
49 18 37.8649
49 27 18.2238
49 108 15.6701
49 135 3.31459
49 168 19.4071
50 0 25.7637
50 4 17.6506
50 114 25.7495
50 128 25.9989
50 136 13.1238
50 191 8.35362
50 201 10.1497
50 241 6.71276
51 0 27.0333
51 4 31.0913
51 31 5.0911
51 51 33.4052
51 82 26.2777
51 181 13.4856
51 197 20.5862
52 0 7.74121
52 31 2
52 78 16.4011
52 85 19.9842
52 107 15.0169
52 158 9.87605
52 182 16.0429
52 184 25.3779
52 245 4.72138
53 0 2
53 34 11.7712
53 67 3.96292
53 75 11.7939
53 132 38.0626
53 167 18.4866
53 203 20.4637
54 0 6.20699
54 21 8.8223
54 35 2
54 41 13.179
54 58 16.2768
54 72 2.2454
54 78 2.48023
54 114 10.6713
54 180 2.98385
54 210 15.8813
54 223 8.02852
54 247 11.4335
55 0 34.6345
55 4 26.7298
55 81 14.3711
55 167 36.7923
55 171 19.8426
55 198 12.5814
56 0 3.08909
56 27 3.82346
56 82 20.6874
56 86 5.00993
56 170 2
56 173 9.88493
56 189 3.01472
56 238 2
56 242 31.0285
57 0 21.0699
57 42 8.31374
57 131 5.90324
57 156 3.64702
57 168 18.0304
57 180 10.2143
57 198 3.5296
57 201 4.29994
58 0 7.17989
58 56 19.1413
58 59 6.7126
58 101 6.78846
58 137 2
58 138 21.3984
58 145 11.757
58 158 2.34312
58 159 9.35145
58 238 13.823
58 241 12.1
59 0 2.92555
59 15 2.15385
59 83 9.58911
59 86 8.26712
59 114 6.96773
59 138 2.85612
59 143 17.1842
60 0 14.765
60 9 4.40228
60 57 2.01828
60 78 3.02671
60 133 6.9318
60 184 14.6849
60 189 14.7307
60 215 21.7505
60 217 15.4126
60 219 5.41256
60 242 10.9435
61 0 16.4455
61 64 19.223
61 98 11.3808
61 103 19.6153
61 166 3.32203
61 168 38.6141
61 177 7.63247
61 198 14.523
62 0 53.2614
62 15 33.4765
62 191 37.3947
62 241 56.3324
63 0 38.4809
63 5 2.43075
63 21 2.2818
63 45 3.97835
63 157 17.1558
63 223 11.4153
64 0 6.44891
64 1 3.3629
64 51 8.32374
64 71 11.8146
64 86 5.04085
64 93 2
64 101 4.21112
64 113 2.69228
64 142 2
64 147 16.9237
64 149 4.68797
64 167 13.9421
64 170 5.85545
64 194 3.89182
64 210 3.65807
64 215 2.51846
65 0 2
65 4 28.4066
65 53 3.38052
65 92 21.5639
65 123 2.69603
65 221 2.37962
65 227 17.571
65 232 10.3367
65 238 5.72728
66 0 10.6957
66 29 2
66 64 9.30086
66 101 18.0879
66 103 9.69815
66 127 2.16434
66 163 12.6809
66 241 15.7273
67 0 46.4907
67 57 41.2595
67 83 28.287
67 141 32.3611
67 213 44.923
68 0 2
68 49 19.7991
68 73 15.5119
68 82 2
68 98 20.4041
68 108 4.64364
68 131 4.86614
68 133 3.76903
68 168 4.06252
68 177 2.03095
68 213 8.66819
68 238 9.42134
69 0 17.5994
69 50 30.2473
69 82 47.1258
69 119 49.5522
69 184 55.8717
70 0 3.15976
70 16 10.6845
70 45 2
70 80 10.922
70 83 26.0488
70 84 2
70 102 20.7105
70 105 8.99531
70 131 2
70 135 7.71039
70 177 25.2932
71 0 2
71 45 24.0329
71 89 4.61199
71 123 2.40801
71 178 5.28882
71 206 12.0411
72 0 13.652
72 49 24.178
72 53 10.8874
72 98 27.2226
72 106 32.7434
72 161 35.5608
72 235 8.61037
73 0 9.22541
73 71 4.68816
73 86 3.87242
73 95 6.81112
73 99 8.54689
73 101 3.36425
73 158 3.65839
73 168 3.87034
73 184 6.65096
73 198 2
73 216 4.62718
73 227 16.143
73 237 3.52269
73 239 2
74 0 28.9057
74 13 4.84996
74 41 2
74 98 2
74 147 6.89127
74 194 2
74 204 17.5891
74 226 7.14236
74 237 2
75 0 6.63652
75 10 18.8402
75 71 2
75 75 13.2084
75 108 8.36743
75 117 9.96322
75 138 13.8969
75 198 14.2665
75 201 20.0252
75 213 4.67106
75 227 6.48053
76 0 9.13083
76 14 7.57773
76 41 9.51728
76 95 2.49616
76 114 8.30824
76 119 10.7568
76 185 6.56871
76 198 22.6051
76 216 14.6142
76 221 16.4118
77 0 26.9687
77 57 19.2891
77 88 2.14361
77 99 18.007
77 103 10.6787
77 198 6.43441
77 236 22.8455
78 0 4.52508
78 82 26.5227
78 99 36.4249
78 100 24.4144
78 122 17.9546
78 187 8.36035
78 234 13.4156
78 244 26.4518
79 0 4.74193
79 5 7.38987
79 26 8.09225
79 53 11.1715
79 59 11.8997
79 79 6.33747
79 83 15.5761
79 98 2.74027
79 99 9.7171
79 143 13.5172
79 170 3.29926
79 181 2
79 221 13.7094
80 0 25.0317
80 57 18.5522
80 60 40.2586
80 158 29.5093
80 182 20.5371
81 0 19.661
81 40 22.781
81 117 42.6893
81 122 23.5484
81 137 25.7995
81 227 31.5167
82 0 17.2157
82 50 15.7646
82 119 17.3118
82 143 27.6121
82 241 29.6066
82 242 2
83 0 2
83 84 19.4931
83 101 6.22978
83 118 42.828
83 169 10.4952
83 193 2
83 198 10.9911
84 0 15.879
84 59 16.7559
84 83 2.01974
84 88 15.1541
84 102 2.33448
84 103 8.27986
84 104 14.1448
84 115 18.9181
84 117 2.27413
84 215 2.22948
85 0 3.66736
85 4 5.98554
85 32 11.4054
85 41 4.57095
85 71 5.4936
85 78 15.059
85 81 4.26204
85 99 6.55855
85 108 3.80417
85 119 5.3011
85 140 12.3526
85 161 2.83969
85 170 10.3369
85 184 15.3794
86 0 2.15028
86 15 28.4766
86 46 25.8424
86 101 20.514
86 117 10.4163
86 149 22.7857
86 172 10.7462
86 205 8.16136
86 242 19.5066
87 0 10.0596
87 27 4.49435
87 31 18.8646
87 49 6.55418
87 64 7.10954
87 78 2
87 97 2.78208
87 102 6.95043
87 134 6.26068
87 138 8.82413
88 0 25.8712
88 7 13.1523
88 57 2
88 96 2
88 131 16.4977
88 133 17.8351
88 181 24.0135
88 216 20.3753
88 222 9.27262
89 0 13.7983
89 15 4.69177
89 157 14.3924
89 184 28.702
89 212 24.9039
89 213 18.622
90 0 2
90 97 26.0013
90 98 9.15606
90 99 22.5021
90 113 20.5996
90 120 19.0329
90 172 10.6514
90 178 11.2923
90 205 11.5869
90 216 24.7975
91 0 13.6217
91 52 3.235
91 62 24.6949
91 75 6.93244
91 126 13.5428
91 129 18.6831
91 138 16.3484
91 187 14.3667
91 236 2
91 244 8.84038
92 0 4.23857
92 4 30.4137
92 14 5.95281
92 71 8.16221
92 72 13.7945
92 105 10.9816
92 138 16.1727
92 208 18.6437
92 244 2.89834
93 0 10.579
93 4 2
93 83 6.05024
93 99 4.18686
93 105 23.6199
93 113 8.93464
93 133 13.3887
93 143 15.716
93 168 3.88702
93 212 7.59892
93 241 18.3888
94 0 4.51413
94 83 2
94 98 4.62945
94 100 25.4325
94 105 21.1598
94 115 34.6671
94 138 27.5322
94 140 4.72832
95 0 10.2029
95 78 26.6564
95 79 11.205
95 86 26.1187
95 102 13.394
95 106 5.08081
95 132 15.4839
95 149 9.43833
95 156 13.9447
96 0 29.5938
96 4 22.4648
96 52 4.05237
96 55 9.51839
96 80 8.37561
96 126 18.0101
96 184 5.24277
96 222 5.38932
97 0 4.05765
97 64 2.33606
97 83 4.18001
97 206 8.75036
97 214 22.2745
97 229 16.0028
97 239 6.05968
97 240 24.9864
97 241 24.906
98 0 14.3085
98 21 2
98 45 3.44029
98 75 7.83965
98 143 14.329
98 158 12.9214
98 177 16.4419
98 180 5.07084
98 194 14.313
98 200 11.514
98 213 8.20541
98 229 4.64989
98 247 12.3169
99 0 5.4511
99 9 21.9818
99 58 35.975
99 75 20.6598
99 166 29.541
99 197 23.0296
99 232 21.4588
99 235 16.6581
100 0 14.7289
100 10 12.8624
100 27 12.6057
100 45 27.526
100 103 7.20666
100 119 12.0952
100 184 19.1915
100 206 23.3443
101 0 5.73538
101 67 13.165
101 82 5.09766
101 119 11.5466
101 143 14.1723
101 178 11.6792
101 180 7.13468
101 193 2
101 211 23.4905
101 235 13.4142
101 242 12.5736
102 0 17.6812
102 1 13.4438
102 5 16.5913
102 84 4.1728
102 92 25.2467
102 214 8.91488
103 0 13.0338
103 69 16.4169
103 71 40.2215
103 86 36.3948
103 99 11.5747
103 168 16.1869
104 0 43.0696
104 78 18.4698
104 82 22.5119
104 120 4.39739
104 151 11.5275
104 168 2
104 224 29.6713
105 0 4.60232
105 4 15.4162
105 20 11.4222
105 45 14.846
105 72 25.5901
105 75 2
105 82 18.0096
105 101 2.33624
105 103 7.47505
105 138 20.6767
105 177 9.38142
106 0 20.3187
106 5 19.0727
106 9 13.0882
106 20 4.25505
106 31 5.0477
106 53 13.4465
106 72 21.3303
106 103 16.0691
106 166 9.88206
107 0 9.20549
107 9 8.84305
107 21 15.0731
107 170 48.116
107 192 23.9226
107 232 5.84041
108 0 21.0221
108 27 16.907
108 52 2
108 95 4.23183
108 103 12.375
108 162 8.90768
108 182 14.4678
108 184 21.7345
108 191 20.0839
109 0 15.3533
109 6 41.7365
109 92 7.88906
109 101 9.42543
109 165 14.9328
109 201 2
109 247 17.1226
110 0 23.1515
110 52 58.8366
110 83 39.2589
110 170 15.5435
110 180 20.5848
111 0 16.8425
111 31 20.2944
111 116 2
111 127 4.97208
111 170 20.8173
111 178 12.2107
111 198 8.57837
111 205 17.8784
111 219 16.7081
111 241 15.4097
112 0 2
112 5 17.101
112 41 7.1305
112 75 5.15053
112 86 5.13691
112 98 12.5326
112 105 17.2045
112 161 4.73897
112 170 17.7206
112 184 20.3884
112 215 6.44084
112 236 12.1056
113 0 104.744
113 72 14.8773
113 143 57.3413
114 0 2
114 9 14.9046
114 58 18.5892
114 119 2.36773
114 135 23.336
114 153 2.13628
115 0 19.351
115 4 10.7651
115 63 9.46041
115 83 3.75772
115 84 15.5822
115 98 11.5189
115 99 17.7885
115 138 14.6972
115 143 2
115 150 10.679
115 157 2
115 168 14.7801
116 0 9.24443
116 4 2
116 15 7.37971
116 45 22.6602
116 71 12.1222
116 138 13.4511
116 175 2
116 205 11.5697
116 208 13.0868
116 238 8.07286
116 244 2.15707
117 0 8.44684
117 82 27.62
117 103 13.776
117 115 27.2627
117 135 12.1204
117 167 8.9405
117 227 25.049
117 241 9.15837
118 0 8.03552
118 14 3.17877
118 34 14.4373
118 62 17.3526
118 98 12.1629
118 181 18.8556
118 212 19.0199
118 237 26.11
118 241 8.2376
119 0 37.4043
119 100 51.612
119 105 56.1058
119 131 30.1486
120 0 19.8196
120 14 28.7095
120 41 7.136
120 178 2
121 0 16.0774
121 5 22.7362
121 53 15.1219
121 56 6.21895
121 70 17.9522
121 135 16.9112
121 157 2
121 240 26.2865
121 245 19.3977
122 0 4.36447
122 14 2
122 41 2
122 57 5.20331
122 83 9.37462
122 97 2.05241
122 99 9.81897
122 131 12.8839
122 138 8.14134
122 153 7.15566
122 172 17.6965
122 194 14.6616
122 198 3.34808
123 0 35.0017
123 14 4.54324
123 86 20.2272
123 114 21.4524
123 126 10.5146
123 131 15.6238
123 193 13.2154
123 197 3.62866
123 198 2.79472
124 0 18.1752
124 24 33.5238
124 50 24.9929
124 103 4.26022
124 124 24.6026
124 168 15.4449
125 0 27.5747
125 14 13.2411
125 58 2.19819
125 135 35.2262
125 170 44.058
125 246 34.5175
126 0 19.2472
126 58 5.158
126 100 16.1775
126 191 6.44544
126 194 11.8129
126 201 26.8287
126 210 17.5639
127 0 34.5089
127 65 30.4349
127 87 10.9519
127 172 27.2357
127 191 9.90679
127 206 4.54763
127 221 6.03839
127 237 12.4663
128 0 5.72285
128 52 10.9831
128 61 2
128 69 2
128 83 3.48643
128 84 7.12366
128 89 6.40465
128 92 4.98263
128 103 9.94657
128 106 9.02398
128 168 2
128 193 12.3623
128 241 2
128 243 3.87651
129 0 12.4725
129 45 21.1783
129 72 2
129 81 18.1744
129 105 20.4827
129 128 20.6389
129 168 15.8727
129 184 2
130 0 16.2375
130 4 6.17983
130 20 23.6149
130 45 18.2416
130 140 9.77996
130 166 14.5683
130 177 25.5557
130 189 26.5139
130 203 10.0202
130 227 15.3761
131 0 16.3085
131 55 16.6455
131 58 9.69246
131 71 4.34571
131 127 6.0284
131 170 34.0659
131 215 32.867
132 0 7.04687
132 52 19.4907
132 57 15.4675
132 71 14.642
132 75 26.3865
132 82 9.92272
132 99 9.581
132 103 7.26046
132 177 22.7534
132 195 23.1012
133 0 29.8968
133 101 28.0016
133 129 10.3404
133 138 19.7351
133 149 20.0503
133 153 5.13001
133 162 21.2697
133 198 18.5476
133 244 3.268
134 0 14.4031
134 4 19.2803
134 36 5.86877
134 53 2.80042
134 99 13.6322
134 166 2
134 167 2.41872
134 214 2.44824
134 227 26.0127
135 0 2
135 26 15.2089
135 81 31.1298
135 112 32.1231
135 198 4.97996
135 232 39.9253
136 0 29.3898
136 45 4.59362
136 54 9.71385
136 83 13.4557
136 89 2.91885
136 99 14.6604
136 108 10.6948
136 138 14.8065
136 162 6.32255
136 227 12.727
137 0 22.6516
137 54 25.0149
137 99 2
137 103 8.89921
137 147 11.6031
137 162 37.6798
137 182 2
137 212 21.8951
138 0 7.07398
138 4 22.9333
138 89 22.8467
138 131 33.5285
138 149 9.25221
138 162 20.6644
138 184 16.9425
138 244 7.60143
139 0 26.5062
139 88 28.8835
139 138 15.0932
139 184 23.2564
139 226 2.63248
139 246 10.9979
140 0 34.1732
140 50 4.67571
140 97 21.6366
140 116 44.0238
140 206 15.4507
141 0 9.93238
141 10 12.3486
141 89 9.59164
141 101 11.4554
141 177 9.7569
141 182 9.05098
141 224 20.1819
141 244 14.0772
142 0 8.84693
142 6 2.31022
142 82 14.6504
142 83 5.92273
142 86 7.73719
142 96 2.31946
142 103 12.6913
142 131 12.0612
142 195 13.4415
142 198 3.58162
142 217 16.9489
143 0 12.2568
143 9 12.2513
143 10 2.18376
143 57 8.64825
143 65 13.7566
143 82 13.0119
143 88 8.99487
143 117 5.04377
143 122 7.06998
143 162 11.4518
143 170 6.9742
143 178 14.1391
143 194 11.6574
143 213 7.64286
143 216 3.47295
143 227 9.81647
144 0 6.41835
144 4 2
144 26 2
144 45 2.82627
144 52 21.6228
144 53 2.23024
144 172 24.1272
144 177 9.23948
144 241 21.1844
145 0 9.01036
145 17 20.4755
145 58 21.1968
145 82 19.0042
145 101 16.9969
145 128 3.13141
145 157 2.03012
145 162 18.8232
145 212 3.29549
145 241 5.7623
146 0 11.6765
146 14 10.8543
146 98 11.7848
146 100 27.3048
146 102 22.0996
146 147 6.23669
146 177 7.5146
146 208 20.2338
146 212 3.55149
147 0 4.83758
147 38 10.5965
147 53 17.9118
147 72 13.8334
147 75 10.6292
147 84 9.25012
147 86 10.3377
147 103 6.83889
147 107 15.0365
147 108 11.2388
147 138 14.635
147 184 15.3917
148 0 27.7828
148 53 20.7259
148 61 16.489
148 75 21.8938
148 79 5.07501
148 114 16.9253
148 119 23.6307
148 153 30.9291
149 0 10.6469
149 10 20.7619
149 15 11.6757
149 59 4.51936
149 101 9.65724
149 127 7.77607
149 167 20.6534
149 172 11.707
149 215 11.3097
149 223 4.79553
150 0 7.70629
150 9 3.0172
150 26 15.0708
150 79 25.119
150 86 11.038
150 99 8.37725
150 158 11.6471
150 170 17.3258
150 189 10.693
150 198 16.2284
150 222 4.36121
151 0 27.4018
151 27 29.5563
151 81 2.91266
151 83 16.6654
151 119 22.9487
151 129 2.83821
151 162 2.03729
151 234 27.1955
152 0 6.84606
152 11 11.8692
152 80 21.8591
152 82 20.817
152 99 4.72092
152 138 16.5676
152 166 12.1746
152 168 13.1555
152 170 8.349
152 217 7.15724
153 0 6.84451
153 57 8.706
153 67 42.1777
153 96 14.1961
153 112 2
153 117 19.3028
153 122 21.975
153 208 7.51962
154 0 17.892
154 41 26.3111
154 69 23.6602
154 158 23.3195
154 192 32.8897
154 206 23.717
154 244 2.14944
155 0 11.7192
155 4 15.895
155 9 13.1411
155 43 13.8554
155 50 5.26246
155 71 23.2363
155 99 4.091
155 101 10.0364
155 127 21.8615
155 243 19.3593
156 0 13.1257
156 62 35.2602
156 64 16.9999
156 83 20.8631
156 119 10.2869
156 177 8.12647
157 0 9.04641
157 98 5.69045
157 99 8.25361
157 100 16.8207
157 105 2
157 135 6.46662
157 137 8.92458
157 138 4.4341
157 147 15.274
157 173 7.46702
157 184 9.02425
157 205 8.04322
157 208 2
157 233 12.9006
157 247 5.24197
158 0 10.7085
158 4 13.5812
158 53 21.363
158 58 5.07394
158 105 13.3184
158 119 17.4595
158 121 2
158 147 7.56814
158 181 4.23418
158 191 16.9561
158 242 14.7029
159 0 3.4678
159 31 9.47553
159 34 16.9625
159 45 6.37291
159 78 2.7945
159 99 10.5057
159 212 3.66184
160 0 14.3554
160 45 13.7921
160 59 9.40401
160 86 15.8126
160 119 4.60355
160 128 17.9506
160 134 9.50769
160 182 5.2438
160 192 17.3306
160 244 2
161 0 4.27754
161 4 8.16503
161 21 6.73775
161 31 2.96297
161 56 2
161 85 9.68312
161 163 2
161 166 18.4453
161 184 2
161 203 12.0551
161 234 3.32775
161 236 2
162 0 6.385
162 2 19.5692
162 4 10.1314
162 41 24.0837
162 59 16.6258
162 103 15.3196
162 194 13.0472
162 203 7.74562
162 236 2.95998
163 0 29.6217
163 104 2
163 122 19.5338
163 138 11.1808
163 166 2.0394
163 234 31.7203
164 0 11.4348
164 4 10.4338
164 9 4.15888
164 28 10.7211
164 43 3.15939
164 77 20.1848
164 80 11.5987
164 82 2
164 92 11.6651
164 113 9.18543
164 192 2.77758
164 198 8.65483
164 236 3.24328
165 0 19.5453
165 4 17.0101
165 61 6.66001
165 83 11.7932
165 84 19.264
165 86 13.8955
165 103 8.21145
165 104 5.33521
165 179 15.0664
165 194 2
166 0 26.3827
166 50 6.71351
166 106 19.383
166 134 6.59327
166 138 19.5412
166 165 17.4872
166 206 20.9404
166 215 10.3674
167 0 6.49657
167 20 6.70856
167 23 4.04034
167 69 14.4101
167 166 29.0389
167 167 13.0372
167 168 27.7906
167 217 26.2138
167 241 3.45768
168 0 17.6048
168 5 10.8327
168 17 3.27162
168 45 6.86204
168 88 8.44115
168 127 2
168 135 3.20867
168 156 8.59662
168 158 2.89309
168 166 2.95953
168 180 2
168 188 2.73114
168 191 3.9533
168 206 4.2789
168 241 10.4813
169 0 23.6282
169 14 18.0945
169 52 17.6876
169 56 2
169 99 8.5821
169 101 5.14056
169 135 6.18751
169 156 12.1197
169 171 24.7077
169 181 2
170 0 35.0204
170 129 23.3134
170 148 17.4766
170 161 32.6195
170 199 17.2906
170 204 3.00345
170 208 36.9945
171 0 11.6426
171 10 13.7175
171 59 5.71514
171 69 2.49359
171 79 10.784
171 114 9.77183
171 133 16.5308
171 138 2
171 153 2
171 172 7.48073
171 212 14.9767
171 227 14.5571
171 232 13.0324
171 243 7.8947
172 0 25.1944
172 17 3.0997
172 103 13.1529
172 138 7.58363
172 140 5.4579
172 150 2
172 167 11.8934
172 215 38.3159
173 0 24.362
173 98 10.7217
173 153 2
173 206 21.4712
173 227 30.2425
173 244 2
174 0 39.7256
174 61 12.8649
174 101 26.0858
174 206 18.6426
174 223 32.2753
174 238 17.5609
175 0 27.2919
175 82 113.666
175 170 30.2521
176 0 19.3442
176 4 15.5804
176 83 6.57805
176 181 10.6985
176 221 4.73116
176 240 13.4478
176 247 11.6426
177 0 18.7338
177 37 17.3635
177 53 27.5652
177 54 17.2023
177 91 9.22526
177 122 2
177 170 6.44007
177 181 4.58699
178 0 14.932
178 4 11.7249
178 52 13.9716
178 79 4.5895
178 130 29.2599
178 147 10.4187
178 205 18.9624
178 215 17.5601
178 238 11.0865
179 0 11.7866
179 102 3.72344
179 126 8.27656
179 166 26.8117
179 184 9.0724
179 206 5.78113
179 238 26.5573
179 244 13.5769
179 245 2
180 0 19.6662
180 9 16.7752
180 21 8.08954
180 49 2.6535
180 60 6.8176
180 72 16.6805
180 127 7.92772
180 162 9.19583
180 168 17.6338
180 177 18.1222
180 185 14.7202
180 198 4.87332
181 0 25.9221
181 66 8.50536
181 157 20.1829
181 177 58.225
181 241 54.115
182 0 20.9925
182 2 18.7249
182 57 28.6225
182 58 5.46925
182 72 23.1619
182 105 20.9696
182 158 21.9453
182 168 10.0715
183 0 10.1094
183 39 11.8736
183 62 49.0116
183 206 29.0844
183 227 18.6397
184 0 10.0949
184 21 15.1763
184 41 27.1986
184 52 11.8559
184 89 2
184 113 15.5539
184 128 10.8939
184 186 10.93
184 212 10.4551
184 241 11.8793
185 0 17.5165
185 4 17.918
185 101 23.3709
185 120 3.66947
185 172 18.6043
185 208 9.39033
185 214 22.3021
185 232 17.0654
186 0 2.82539
186 70 17.9432
186 73 2
186 83 2.74651
186 84 14.6722
186 92 18.1878
186 101 10.7221
186 102 15.8401
186 141 2
186 161 12.499
186 208 10.4715
186 226 2
187 0 20.0953
187 10 19.6736
187 53 3.80345
187 127 18.3188
187 162 2.05837
187 166 19.845
187 215 2
187 238 10.4014
187 243 6.80218
188 0 2.00178
188 64 24.1966
188 83 45.3582
188 114 9.57365
188 184 36.4691
188 206 10.7978
189 0 22.569
189 9 22.697
189 35 5.12137
189 122 10.4722
189 123 22.0846
189 138 21.0912
189 163 13.7105
189 226 16.7103
189 245 2.02238
190 0 7.72666
190 10 6.97489
190 33 14.0503
190 34 10.796
190 99 2
190 103 6.22988
190 114 2
190 139 2.42207
190 156 9.33416
190 177 5.1545
190 178 3.2519
190 184 3.29356
190 188 7.61241
190 192 10.5845
190 199 2
190 203 8.52795
190 232 2
190 241 6.45577
191 0 5.01702
191 64 3.92564
191 83 3.61614
191 86 13.3201
191 92 13.9763
191 97 8.13687
191 98 11.4651
191 111 10.4509
191 138 14.4854
191 143 6.15353
191 213 2
191 222 7.98773
191 237 8.40399
192 0 2.6144
192 1 18.6533
192 4 13.9042
192 6 9.24188
192 28 3.58032
192 44 16.0174
192 57 7.47539
192 108 10.0991
192 114 14.0548
192 120 10.7244
192 138 11.8194
192 191 2.65555
192 203 7.30797
192 204 8.87651
192 237 4.18878
193 0 10.7552
193 75 10.8736
193 83 11.0697
193 114 16.8011
193 143 6.24057
193 162 4.00935
193 166 9.88761
193 185 17.0992
193 244 2.02045
194 0 7.3414
194 71 14.0033
194 75 12.2693
194 86 4.86423
194 109 11.2872
194 113 21.4495
194 125 3.13734
194 128 6.33406
194 156 15.6722
194 234 9.25991
195 0 7.8801
195 9 3.32593
195 54 7.50512
195 69 11.5264
195 81 5.55752
195 82 5.32471
195 89 10.9471
195 99 12.4879
195 165 14.4392
195 194 9.18017
195 198 11.1898
195 227 10.7816
195 241 10.4295
195 245 12.9135
196 0 12.9496
196 72 10.3298
196 82 5.23945
196 89 16.3073
196 91 25.7979
196 115 7.0549
196 117 3.40366
196 168 16.5302
196 171 6.34025
196 192 11.3812
196 234 13.4886
197 0 21.9345
197 84 5.13591
197 109 17.6689
197 131 24.4662
197 166 28.5006
197 191 25.0504
197 198 2.85352
197 242 11.2403
198 0 21.0641
198 45 6.97387
198 85 23.7633
198 101 19.7637
198 103 13.3385
198 184 12.0034
198 194 21.1575
199 0 18.6719
199 72 18.2152
199 84 11.0891
199 101 17.5389
199 178 11.9044
199 181 4.82243
199 213 21.1218
199 226 15.7301
200 0 37.0867
200 52 10.0492
200 97 12.8956
200 99 3.65424
200 161 6.57836
200 184 31.2601
200 234 22.6118
200 247 42.3072
201 0 16.5894
201 4 20.8693
201 51 3.04193
201 72 6.3812
201 73 9.08244
201 78 2
201 83 4.15572
201 89 18.3588
201 96 16.2646
201 106 22.6536
201 184 2
202 0 30.3453
202 62 50.6922
202 103 45.1199
202 168 50.2437
203 0 17.3671
203 20 9.7988
203 52 20.4844
203 79 20.1092
203 131 14.5331
203 166 6.96851
203 171 2
203 236 14.1884
204 0 7.314
204 36 4.86293
204 72 14.6346
204 78 15.2177
204 83 12.24
204 123 12.8578
204 143 10.9101
204 170 21.2368
204 212 8.84525
204 223 7.56048
204 244 16.1603
205 0 33.1229
205 72 20.9819
205 78 3.15866
205 114 27.4315
205 122 2
205 163 5.30135
205 193 31.1787
205 234 15.545
206 0 21.4889
206 53 24.9669
206 72 30.8779
206 143 19.3904
206 198 16.1901
206 237 2
207 0 16.8213
207 5 2
207 53 11.8977
207 58 15.2363
207 188 5.10288
207 189 9.56496
207 192 7.85921
207 203 4.5172
207 242 8.17694
208 0 2.08955
208 21 14.8687
208 61 8.75049
208 66 15.8538
208 84 17.1314
208 133 6.70055
208 168 7.22595
208 179 11.0125
208 200 25.28
208 212 16.674
208 236 4.2334
209 0 2.79892
209 24 6.6668
209 45 43.0122
209 50 8.14899
209 98 5.40655
209 114 4.30777
209 133 48.3617
210 0 18.1731
210 15 20.3043
210 52 24.2338
210 63 32.4299
210 109 2
210 131 32.9611
210 168 19.5227
210 213 32.802
211 0 30.2985
211 63 3.75536
211 84 6.99932
211 143 17.4416
211 158 12.1413
211 159 10.9577
211 204 29.8682
211 213 25.4608
212 0 5.49879
212 72 2.58466
212 88 7.34409
212 140 16.8059
212 168 24.9463
212 198 10.2801
212 209 15.4072
212 245 17.7915
213 0 9.73083
213 3 16.3357
213 90 7.55531
213 96 2.56935
213 100 10.7298
213 107 2
213 132 2
213 143 2
213 178 5.18906
213 203 17.3346
213 206 2.30367
214 0 2.13307
214 4 18.961
214 50 13.5369
214 153 8.10489
214 198 2
214 200 10.1577
214 203 12.5446
214 206 2
214 237 7.19953
214 241 5.24842
215 0 2.08964
215 5 9.02956
215 52 12.9841
215 80 3.66385
215 102 8.05084
215 105 10.6702
215 119 2
215 135 2
215 153 5.56664
215 167 2.33768
215 191 7.54746
215 194 14.5668
215 218 8.99543
216 0 8.49474
216 10 3.49203
216 26 7.17547
216 27 18.0675
216 66 23.0869
216 193 4.82054
216 198 14.011
216 241 13.5625
217 0 5.21786
217 13 17.24
217 21 20.983
217 99 9.6363
217 106 15.1376
217 198 32.3805
217 212 9.60335
217 227 6.91957
218 0 9.68011
218 53 15.6159
218 99 18.1908
218 134 11.0316
218 138 15.6186
218 143 17.9957
218 168 18.115
218 186 8.61478
218 203 2
218 236 6.40558
219 0 9.67095
219 85 9.14988
219 89 23.8899
219 105 13.6779
219 129 27.3401
219 150 31.2215
219 169 22.3986
219 214 4.5877
220 0 15.989
220 4 3.2577
220 10 2.77749
220 18 14.0402
220 91 5.89767
220 140 10.5279
220 143 18.5879
220 210 6.32591
220 226 8.69
220 238 17.3729
220 243 6.79533
221 0 68.981
221 191 20.2004
221 206 43.8784
221 213 77.9146
222 0 31.9937
222 87 26.3809
222 112 30.0117
222 194 52.2918
222 213 26.9675
222 244 47.5165
223 0 6.98823
223 5 29.9627
223 27 18.0923
223 98 3.46177
223 123 8.34194
223 198 17.2013
224 0 17.048
224 50 19.6271
224 57 8.58194
224 86 4.73197
224 99 11.0266
224 109 15.2894
224 121 11.0583
224 138 15.8115
224 229 10.4483
225 0 8.41057
225 18 4.71095
225 25 31.0445
225 41 22.9715
225 54 14.8269
225 177 7.82137
226 0 38.3527
226 195 28.3695
226 216 34.3889
226 237 48.2607
227 0 7.61808
227 4 26.6421
227 14 9.78726
227 15 10.6885
227 69 8.32055
227 82 24.0569
227 83 11.5247
227 143 8.12859
227 149 14.1119
227 170 5.02757
228 0 4.67976
228 4 7.45287
228 10 7.719
228 101 15.6838
228 131 17.7054
228 147 27.1495
228 170 12.8484
228 184 3.50778
228 191 8.51051
228 198 5.77334
228 241 9.46346
229 0 13.9053
229 9 2
229 18 7.05867
229 57 14.2305
229 99 2.05903
229 123 14.3934
229 135 18.663
229 175 7.38062
229 182 8.07579
229 213 14.6598
229 234 9.15184
229 238 5.94127
230 0 22.7642
230 52 17.5361
230 65 8.43797
230 73 36.8194
230 147 24.5884
230 168 17.7148
230 247 8.42112
231 0 91.9362
231 78 38.0499
231 234 25.798
232 0 37.3243
232 39 11.3194
232 52 5.53325
232 78 18.6135
232 86 22.0396
232 101 2
233 0 7.17277
233 4 3.70306
233 5 22.3278
233 69 2.56341
233 75 5.51202
233 119 4.62799
233 168 3.75801
233 189 11.8909
233 194 4.53253
233 223 7.60578
233 236 8.14969
234 0 3.94835
234 34 20.4537
234 63 2
234 67 8.61322
234 89 6.89231
234 95 17.8135
234 100 15.7179
234 131 21.3082
234 177 16.3628
234 201 9.08766
234 213 2.63033
235 0 16.1938
235 31 10.2511
235 37 35.2205
235 40 23.6941
235 43 5.06688
235 108 11.043
235 138 8.39833
235 145 19.6553
236 0 11.9397
236 31 6.03551
236 50 11.8728
236 99 15.5941
236 133 31.1467
236 208 4.34586
236 212 15.1254
237 0 46.7731
237 53 7.30442
237 82 11.4204
237 165 27.9617
237 198 4.36093
237 236 32.42
238 0 13.3967
238 9 33.811
238 21 16.421
238 106 6.09929
238 184 33.9272
238 243 14.4568
239 0 5.76192
239 45 3.28637
239 72 3.22566
239 105 9.58013
239 107 22.7328
239 121 18.8659
239 180 17.2523
239 189 5.05121
239 198 22.0647
239 242 6.11581
240 0 19.2754
240 89 8.93052
240 98 29.4225
240 99 29.3782
240 101 37.5407
240 143 2
241 0 13.6128
241 4 28.1984
241 56 11.9323
241 82 33.8739
241 99 9.27926
241 102 38.1269
242 0 7.97269
242 10 2.59462
242 14 9.96274
242 15 15.0154
242 27 10.6461
242 45 3.08709
242 61 2
242 82 11.1803
242 143 9.02118
242 159 9.72637
242 166 5.47907
242 181 8.04824
242 201 9.60154
242 215 8.63747
242 221 3.37019
242 232 2.94823
242 233 7.20901
243 0 9.52841
243 5 14.3949
243 44 8.35085
243 58 15.7164
243 83 13.9565
243 86 15.1844
243 89 15.5403
243 113 19.0304
243 129 9.22962
243 170 2
243 193 13.4211
244 0 16.6761
244 18 22.1559
244 27 2
244 34 9.28913
244 81 20.9701
244 105 16.5382
244 165 12.3949
244 168 13.929
244 203 14.3751
244 213 19.6735
245 0 8.26582
245 56 8.09749
245 71 2
245 72 11.9421
245 83 14.5488
245 84 8.94522
245 86 10.2669
245 92 13.3126
245 97 5.47641
245 115 2.98613
245 138 7.54059
245 143 6.07716
245 147 4.60619
245 162 11.7166
245 165 6.91782
245 178 3.24454
245 212 2.23032
245 237 7.1278
246 0 11.5421
246 13 10.9237
246 17 16.5105
246 41 4.58927
246 50 4.55166
246 53 7.17383
246 78 17.5809
246 82 3.22116
246 83 2.88216
246 89 3.10455
246 93 2
246 129 2
246 201 8.24616
246 236 13.4926
246 244 7.50622
247 0 2
247 44 18.3911
247 78 16.0848
247 82 8.42571
247 99 15.2229
247 101 23.8759
247 138 16.9439
247 217 3.17196
247 238 29.3097
248 0 25.3281
248 8 12.8007
248 34 18.8085
248 61 24.1138
248 80 13.7719
248 191 26.7529
248 199 23.5114
248 203 9.8843
249 0 8.27483
249 49 5.31466
249 57 10.4404
249 86 6.48109
249 92 16.4936
249 99 8.35545
249 147 10.9001
249 166 5.971
249 184 2.15202
249 188 4.9069
249 203 12.4043
249 212 7.2997
249 223 12.517
249 247 14.601
