200 200 1600
0 0 9.80677
0 1 13.5963
0 44 18.4359
0 61 3.77521
0 113 6.71028
0 125 5.24249
0 135 3.89971
0 137 22.3827
0 147 5.62084
0 151 15.7754
0 185 21.0595
1 0 14.0831
1 36 23.1914
1 50 4.81923
1 51 21.7218
1 64 20.7829
1 96 8.8355
1 99 4.05028
1 122 7.77768
1 135 9.56338
1 143 7.5397
1 159 14.3766
1 190 9.81666
2 0 7.50669
2 56 17.7305
2 79 13.3648
2 101 23.0558
2 124 17.628
2 170 37.5385
3 0 2
3 26 8.08653
3 61 19.0024
3 80 17.6832
3 118 29.7387
3 164 18.2404
3 178 9.2336
3 194 10.1272
3 197 16.4915
4 0 24.7808
4 25 26.104
4 28 22.5912
4 103 41.0439
4 113 22.6929
4 132 25.5359
5 0 14.2251
5 21 18.7544
5 76 13.2323
5 101 24.4703
5 118 23.159
5 141 20.3513
5 171 26.2341
6 0 9.11249
6 68 71.3258
6 91 13.1136
6 133 11.8663
7 0 10.4632
7 26 7.96955
7 38 4.6764
7 53 7.66752
7 102 2.00544
7 166 36.5219
7 168 29.9996
7 182 23.4426
8 0 13.4575
8 9 14.8473
8 29 13.0334
8 111 7.67998
8 137 2.23743
8 143 19.5892
8 168 30.5534
9 0 6.95011
9 6 19.5154
9 9 5.20164
9 16 9.49063
9 26 2.45857
9 50 4.36482
9 72 6.75861
9 79 14.8391
9 90 16.9422
9 108 11.2788
9 137 2
9 153 5.00377
9 159 2.03305
9 173 3.73768
9 180 3.15655
10 0 59.669
10 18 11.7528
10 29 9.66006
10 92 32.2637
10 159 2
11 0 19.7586
11 29 19.0852
11 49 12.8521
11 59 2.4783
11 61 3.55136
11 86 19.7376
11 102 30.1233
11 156 2
11 159 21.9153
11 164 10.3715
12 0 5.11836
12 44 9.62488
12 47 22.936
12 50 12.9852
12 92 18.6976
12 99 14.8935
12 124 10.4735
12 135 17.057
12 156 3.52991
12 165 2.74578
12 194 20.0892
13 0 2
13 9 4.30383
13 10 4.35694
13 23 8.50357
13 56 10.6843
13 79 14.9573
13 82 10.1863
13 102 7.32899
13 104 12.1996
13 124 9.01005
13 143 4.11584
13 159 2.67174
13 163 9.81159
13 164 4.38833
13 168 3.72881
13 185 6.12333
14 0 12.3827
14 68 18.9173
14 79 25.1488
14 150 34.1738
14 153 24.9785
14 163 8.27045
14 190 16.2429
15 0 2
15 49 10.5687
15 57 17.0907
15 118 8.3572
15 127 4.82213
15 141 22.6976
15 173 2
16 0 4.63401
16 104 16.1276
16 124 11.732
16 125 25.802
16 183 17.5337
17 0 3.48096
17 21 2
17 29 3.95032
17 40 22.2692
17 49 8.99139
17 76 2
17 79 17.343
17 86 11.3214
17 92 2
17 183 11.7022
17 194 19.3771
18 0 2.58274
18 28 3.41711
18 61 2
18 86 17.7892
18 113 6.68078
18 124 8.26236
18 141 2
18 143 4.38846
18 147 13.1675
18 156 4.80306
18 159 10.2133
19 0 10.5764
19 4 7.08439
19 16 10.3172
19 18 13.477
19 44 2.07737
19 75 2
19 86 16.0413
19 108 9.99192
19 152 5.48488
19 156 17.1776
19 171 19.3887
20 0 2.85868
20 3 9.56173
20 20 19.8421
20 25 10.8041
20 26 10.1102
20 57 2
20 67 21.8069
20 115 27.5834
20 137 7.15883
20 150 2.08639
21 0 19.1281
21 26 20.3433
21 28 4.49355
21 107 25.5103
21 127 10.9172
21 143 17.5232
21 183 20.2784
22 0 6.80549
22 26 28.9715
22 43 24.4096
22 48 11.6536
22 86 14.4179
22 102 23.5531
22 184 27.3407
23 0 5.89136
23 1 7.34732
23 30 5.99275
23 89 4.37787
23 124 8.52064
23 128 2.34365
23 150 17.5556
23 153 2
23 166 11.6254
23 168 20.3045
23 170 12.8006
24 0 16.6658
24 19 20.6165
24 26 20.2209
24 43 9.88183
24 62 9.31777
24 99 5.42974
24 152 4.4906
24 156 8.65574
25 0 5.50202
25 1 20.1966
25 42 22.0179
25 48 5.48355
25 61 4.65345
25 121 5.13958
25 127 4.83216
25 132 16.3753
25 164 9.34784
25 184 19.1696
26 0 3.0769
26 11 11.7877
26 17 6.18462
26 50 10.3765
26 72 10.0495
26 79 12.0422
26 124 2
26 125 3.36827
26 130 13.3684
26 133 5.15415
26 134 2.40005
26 175 4.89881
27 0 14.765
27 9 25.4047
27 39 7.20007
27 82 13.0544
27 85 16.4912
27 156 33.6277
28 0 3.37266
28 3 17.1692
28 9 6.06179
28 22 2.18292
28 25 2
28 64 16.7534
28 68 3.33732
28 92 10.2443
28 102 16.0174
28 127 12.7114
28 130 6.06804
28 142 2.0935
28 169 11.7441
28 171 2.29451
29 0 2
29 59 12.1685
29 64 17.202
29 66 20.7673
29 91 3.95691
29 99 6.74551
29 111 19.5032
29 137 17.3875
29 143 19.3263
29 177 23.3205
30 0 12.118
30 49 23.716
30 147 5.68382
30 161 87.7612
31 0 34.3559
31 4 26.0813
31 39 7.00686
31 90 2.3839
31 186 26.0525
32 0 24.8243
32 9 7.48363
32 72 6.24966
32 74 28.1819
32 151 3.45441
32 159 4.11158
32 163 25.8744
32 164 19.9557
33 0 6.22779
33 10 2.51886
33 19 9.97456
33 36 2.45795
33 64 3.424
33 124 6.15838
33 128 10.2772
33 132 10.8686
33 164 4.96719
33 168 2.29594
34 0 2
34 29 6.50553
34 80 15.4959
34 103 3.30645
34 171 22.7238
34 172 15.1183
34 183 12.5466
35 0 3.12853
35 7 8.69807
35 44 21.6044
35 57 8.91828
35 79 29.6834
35 82 17.4014
35 173 12.9204
36 0 10.7931
36 4 49.0824
36 21 8.85355
36 120 26.9675
36 151 48.8457
36 173 17.7888
37 0 2
37 29 3.82774
37 72 22.6843
37 82 8.42515
37 118 2
37 143 27.1694
37 152 15.4566
37 199 19.4623
38 0 12.0204
38 19 2
38 34 12.4626
38 50 4.61252
38 96 13.939
38 118 2
38 120 2
38 151 4.64419
38 156 14.6712
38 163 11.8673
39 0 62.1051
39 40 30.0363
39 74 44.0096
39 79 36.274
39 141 32.0413
40 0 16.0204
40 10 7.09058
40 35 3.60367
40 45 23.0755
40 67 14.6515
40 95 26.7201
40 172 4.00743
41 0 20.2475
41 13 34.6837
41 16 12.434
41 25 5.02083
41 82 17.0038
41 108 9.61752
41 136 8.53945
42 0 22.1974
42 136 35.1413
42 156 14.1709
42 173 20.365
42 190 25.4128
43 0 20.9521
43 49 6.49482
43 60 21.9263
43 132 13.4613
43 149 13.1544
43 175 18.3918
44 0 11.1012
44 20 12.4423
44 28 6.33851
44 30 2.27329
44 49 9.7689
44 50 2.47043
44 59 2.79269
44 81 15.0016
44 94 10.0669
44 164 2
44 180 14.6835
44 194 19.7933
45 0 13.6352
45 9 9.8888
45 18 5.46399
45 50 14.6259
45 82 11.5232
45 106 10.6024
45 118 13.8859
45 141 14.4663
45 161 12.0401
45 166 10.3745
46 0 3.16564
46 1 15.5152
46 4 10.0933
46 13 2.0232
46 19 11.1477
46 51 13.6664
46 106 7.46496
46 173 3.81881
47 0 2
47 9 10.0866
47 29 2
47 34 12.6729
47 43 13.5349
47 59 6.76187
47 93 17.3865
47 99 11.6874
47 118 4.82379
47 124 2.17566
47 127 7.91278
47 145 2.76691
47 183 14.3689
47 199 6.99443
48 0 2.04825
48 9 12.9732
48 49 11.5517
48 59 9.54039
48 153 31.7972
48 156 3.3688
48 183 9.55223
48 186 2
49 0 2
49 8 8.53696
49 16 2.04412
49 25 2
49 30 2
49 35 9.83814
49 39 9.0993
49 42 6.36525
49 45 14.1628
49 56 5.41191
49 77 8.35404
49 99 10.0939
49 124 3.1988
49 183 23.7071
49 184 8.20371
50 0 13.1625
50 16 20.8365
50 18 11.7694
50 66 6.06895
50 152 5.38763
50 163 10.2883
50 166 13.6573
50 182 2.08049
50 196 24.0583
51 0 17.4158
51 16 31.1886
51 56 36.651
51 62 13.8323
51 164 2
52 0 25.5646
52 16 11.0516
52 43 48.695
52 82 36.1989
52 108 4.7836
52 188 7.97983
53 0 3.62676
53 9 7.61859
53 13 15.7673
53 40 2
53 43 27.4299
53 44 2.06767
53 56 5.38799
53 61 9.25694
53 89 13.2467
53 99 8.9002
53 108 3.96178
53 159 3.61977
54 0 19.0193
54 9 24.1674
54 62 3.82725
54 99 23.437
54 103 38.485
54 108 4.07042
54 122 24.2205
54 127 16.174
55 0 9.31421
55 9 8.31436
55 26 4.15538
55 61 23.0304
55 94 17.919
55 108 15.9032
55 140 20.5512
55 166 3.59403
56 0 11.3424
56 19 29.8462
56 34 31.1749
56 49 22.3282
56 166 17.8592
56 172 17.7692
56 188 8.43668
57 0 31.4117
57 7 16.4765
57 62 44.8608
57 79 52.6784
57 159 26.8552
58 0 26.8961
58 4 17.1282
58 26 14.8395
58 31 21.952
58 34 2
58 132 6.21649
58 145 11.0567
58 184 8.91559
59 0 6.97166
59 9 25.6286
59 16 20.2506
59 23 11.2225
59 59 14.6613
59 101 16.1018
59 113 14.8369
59 118 12.6784
59 172 17.1408
59 177 13.3903
60 0 30.278
60 25 20.8531
60 59 20.6075
60 90 3.42964
60 133 7.40534
60 150 9.37912
60 157 10.0242
60 173 7.24256
60 188 4.82512
61 0 5.09244
61 16 6.62478
61 26 2
61 35 2.51339
61 39 8.48087
61 45 8.76972
61 59 12.1792
61 60 5.24479
61 72 7.25745
61 79 6.77707
61 91 5.62308
61 143 16.9792
61 147 9.04169
61 155 4.37788
61 198 12.8811
62 0 20.204
62 14 9.43829
62 26 14.7227
62 38 21.0776
62 48 13.2521
62 80 9.67859
62 93 18.1277
62 111 13.7022
62 159 11.2624
62 163 5.60094
63 0 5.73467
63 21 5.52151
63 28 17.4988
63 45 3.88308
63 67 16.547
63 90 19.2135
63 118 11.3554
63 121 4.54352
63 129 4.00527
63 156 14.5627
63 164 3.13186
63 185 13.4998
64 0 4.82432
64 54 4.85268
64 68 4.16239
64 111 7.67292
64 137 7.36224
64 150 17.1775
64 162 17.8661
64 181 27.2796
65 0 6.71091
65 43 2
65 62 12.0175
65 105 9.61047
65 131 14.6159
65 159 15.9047
65 171 2
65 182 15.8997
65 190 19.2731
66 0 50.2801
66 18 13.5076
66 45 22.4376
66 92 11.2037
66 133 6.65208
66 182 9.57158
66 185 19.7088
67 0 17.2034
67 8 6.46272
67 61 19.2903
67 71 27.4235
67 94 14.7231
67 113 2.6626
67 132 20.3042
67 152 30.7319
68 0 4.62142
68 26 13.4909
68 51 8.47385
68 56 10.6554
68 61 11.1203
68 68 3.17729
68 85 2.31228
68 86 4.95075
68 101 13.4945
68 113 3.27139
68 130 11.8441
68 161 15.0432
68 164 6.58533
68 171 6.86259
68 180 5.03911
68 183 11.1093
69 0 2
69 34 14.1836
69 80 2.18167
69 118 30.4645
69 150 14.1353
69 159 7.85868
69 160 18.6221
69 168 14.4492
69 173 9.79789
70 0 87.0245
70 150 2
70 153 99.1929
71 0 7.81325
71 21 16.2321
71 39 14.2305
71 82 28.1485
71 104 19.7952
71 112 8.41369
71 164 2.94633
72 0 15.7004
72 10 10.8209
72 42 37.976
72 51 11.6739
72 74 17.807
72 164 2
72 184 17.264
73 0 13.4709
73 16 8.75734
73 26 14.3494
73 48 3.94251
73 56 15.8837
73 60 8.4503
73 82 10.9906
73 91 8.80224
73 153 8.23818
73 156 6.43282
73 171 16.1879
74 0 10.2987
74 60 28.1245
74 74 2.0792
74 89 2.58517
74 96 2
74 128 5.87131
74 137 6.28961
74 164 10.4391
74 181 12.3582
74 190 8.84462
75 0 28.4271
75 9 4.06461
75 19 24.2189
75 23 9.93684
75 50 24.6629
75 82 17.6482
75 105 9.60695
75 106 2
75 164 32.7675
76 0 10.4402
76 1 5.7547
76 8 19.9399
76 45 5.74279
76 64 15.6429
76 108 3.5097
76 115 19.5736
76 125 16.311
76 163 9.01714
76 182 2
76 186 16.8342
77 0 10.1104
77 4 16.5742
77 7 4.61788
77 10 11.2545
77 21 12.3799
77 67 7.25361
77 94 6.66888
77 124 2
77 147 8.27707
77 150 2
77 161 20.0041
77 164 9.59761
78 0 4.92818
78 26 5.21872
78 29 7.57651
78 37 2.151
78 56 3.05
78 63 7.39843
78 66 8.61892
78 72 10.9855
78 104 9.28158
78 113 2.85561
78 156 10.4834
78 170 8.01212
78 182 5.33063
78 184 11.4573
79 0 6.98986
79 44 27.9688
79 68 2
79 94 13.4544
79 105 5.63276
79 106 9.04642
79 120 15.6102
79 137 9.85191
79 187 18.7071
80 0 26.3721
80 26 12.719
80 29 5.01
80 36 4.63139
80 79 5.57933
80 91 10.6422
80 137 17.3748
80 141 5.0463
80 160 25.6759
80 185 16.9902
81 0 8.69049
81 25 5.03574
81 49 3.58332
81 133 2
81 147 8.0695
81 159 4.27972
81 184 25.0869
82 0 3.27152
82 34 16.0559
82 44 2.31825
82 75 27.7122
82 91 9.33003
82 101 2
82 125 12.7257
82 173 19.4461
82 182 13.4555
82 194 7.58825
83 0 2
83 40 33.3552
83 68 12.8245
83 82 15.928
84 0 3.30599
84 29 17.2491
84 51 17.7063
84 56 8.90941
84 61 7.45048
84 94 19.6336
84 104 18.8826
84 105 19.4555
84 159 21.3826
85 0 9.53963
85 3 16.6064
85 5 15.3804
85 10 13.1759
85 21 5.04358
85 30 12.1575
85 51 7.44291
85 60 4.65886
85 82 20.548
85 143 11.912
85 156 2
85 159 5.59555
85 171 15.4539
86 0 12.4542
86 40 23.2788
86 90 2.11127
86 127 10.9072
86 133 45.4751
86 147 12.0609
86 152 22.36
87 0 2.33408
87 34 8.99368
87 50 17.0279
87 54 23.2104
87 61 2
87 127 30.5493
87 142 10.69
88 0 14.4531
88 8 22.3921
88 28 4.08729
88 44 9.95708
88 45 14.4891
88 50 2
88 101 8.46893
88 124 9.06764
88 132 20.9988
88 137 2.3227
88 195 2
89 0 6.57803
89 16 18.4329
89 51 2.54988
89 91 18.6584
89 92 2
89 105 4.46515
89 134 2.09392
89 152 16.962
89 171 17.9128
89 194 6.95459
90 0 3.93478
90 19 14.0158
90 26 16.1942
90 29 3.52807
90 44 14.4338
90 59 2
90 74 21.9409
90 124 6.26544
90 153 3.12942
90 164 13.0103
91 0 11.3168
91 9 11.8775
91 75 5.76008
91 79 2.35009
91 92 11.4413
91 118 8.29782
91 151 22.895
91 156 16.9492
91 159 16.7824
91 164 21.7923
91 186 15.3947
92 0 2
92 21 16.5671
92 59 15.5809
92 82 17.5575
92 94 7.57761
92 113 10.8844
92 137 16.9092
92 185 28.6176
92 190 38.7541
93 0 29.3153
93 8 2
93 29 9.03545
93 88 20.7607
93 118 4.81793
93 155 3.62257
93 165 12.9483
93 186 6.30196
93 193 22.8846
94 0 14.537
94 21 16.1756
94 35 11.81
94 59 3.33877
94 79 19.8256
94 80 11.3251
94 164 22.5757
94 176 13.6884
94 180 21.0237
94 185 24.3117
95 0 31.1056
95 6 27.5123
95 26 19.0377
95 102 7.88807
95 125 6.66588
95 177 7.83668
95 178 2.10318
95 182 15.7573
96 0 21.1444
96 9 17.5192
96 10 23.3672
96 21 13.7761
96 104 17.3884
96 132 26.6596
96 164 13.5847
97 0 11.192
97 21 20.4535
97 36 18.5541
97 45 24.5677
97 74 7.04165
97 79 10.2942
97 88 19.5891
97 112 5.15122
97 128 2.69941
97 164 4.01488
97 168 15.1107
97 184 6.93849
98 0 22.2172
98 49 24.7355
98 51 2.31232
98 92 4.94097
98 99 2.87901
98 105 13.3387
98 121 14.9444
98 171 7.55454
98 172 26.8635
99 0 12.7733
99 8 12.3735
99 20 27.8036
99 36 8.51934
99 79 5.4933
99 82 13.0336
99 145 30.3109
99 171 12.533
100 0 17.5087
100 68 19.2712
100 94 32.9967
100 119 19.3474
100 168 11.5832
100 169 2.12552
100 183 26.8525
101 0 20.3616
101 9 20.3619
101 26 15.2825
101 44 17.4889
101 50 12.1945
101 106 11.5058
101 137 12.878
101 159 2
101 185 23.8955
102 0 9.79869
102 2 2
102 13 12.8744
102 79 22.48
102 102 7.94652
102 113 17.8205
102 120 23.9065
102 125 3.90016
102 175 19.6283
103 0 9.40812
103 1 21.6826
103 8 9.26831
103 17 9.72442
103 61 11.1041
103 80 10.5877
103 112 4.51759
103 124 5.59893
103 127 2.25593
103 156 14.6726
103 164 15.8628
103 180 13.5837
104 0 17.0586
104 9 11.3412
104 20 17.559
104 21 19.3947
104 45 2.63916
104 74 12.2419
104 100 12.2337
104 152 19.5583
104 171 24.241
104 184 2.1668
105 0 15.2613
105 157 4.80962
105 161 19.4862
105 173 6.07471
105 177 36.6347
106 0 11.9074
106 8 21.4373
106 19 9.52789
106 75 24.4823
106 79 4.96297
106 81 17.0698
106 82 9.86984
106 102 12.8974
106 119 2
106 127 12.7717
106 156 2
106 195 5.18912
107 0 29.2417
107 18 24.8689
107 71 29.4167
107 111 11.5814
107 149 17.0277
107 164 15.9011
107 185 2.33991
108 0 15.8062
108 10 3.98397
108 61 24.3633
108 66 21.7121
108 67 4.47879
108 91 19.7237
108 102 11.6882
108 160 7.5476
108 164 13.3027
108 173 18.5265
109 0 30.7752
109 15 21.6245
109 30 4.1504
109 77 19.6772
109 82 14.6177
109 118 7.87031
109 164 15.3629
110 0 23.6028
110 59 28.4143
110 60 60.4279
110 76 3.64277
110 106 15.1017
110 150 35.2763
111 0 2
111 18 10.0215
111 35 13.366
111 79 2
111 91 19.5635
111 92 2
111 104 14.3669
111 128 10.6465
111 161 6.09408
111 173 3.95103
111 193 2
111 194 5.61354
112 0 5.8449
112 4 4.29642
112 11 8.75825
112 16 2
112 39 12.5606
112 43 11.9623
112 59 6.4413
112 61 17.5056
112 79 8.55705
112 85 15.8884
112 124 11.6013
112 137 7.87378
112 143 3.26669
112 164 10.1557
113 0 10.7542
113 11 11.9817
113 16 20.0021
113 26 6.75877
113 28 35.2208
113 44 6.48244
113 112 10.4095
113 129 4.15669
113 151 17.2313
114 0 2
114 6 3.30191
114 7 58.2801
114 108 36.6029
114 184 21.0028
115 0 35.6227
115 10 38.1397
115 85 21.89
115 113 20.0649
115 159 12.0819
115 166 16.5206
115 198 20.162
116 0 24.5024
116 34 15.8036
116 61 10.0663
116 127 14.4352
116 128 17.7111
116 130 20.7102
116 169 7.28926
116 186 10.7547
117 0 15.8533
117 30 2
117 60 9.2049
117 68 2
117 76 6.05308
117 120 9.80674
117 129 10.2577
117 141 13.2214
117 143 2.78408
117 146 2
117 152 12.4617
117 164 4.64671
117 173 3.36255
118 0 11.9011
118 4 14.968
118 35 2
118 36 4.03397
118 50 11.6709
118 61 5.46208
118 63 12.6704
118 74 7.13462
118 86 5.96121
118 113 6.63918
118 120 11.5636
118 133 11.1326
118 143 2.04073
118 183 6.90014
118 184 5.74223
118 188 8.82612
119 0 18.731
119 60 11.9489
119 62 3.12489
119 63 12.4581
119 74 2
119 105 2.35588
119 128 10.3118
119 131 13.8943
119 137 7.58447
119 176 9.35305
120 0 14.8962
120 23 24.2699
120 92 12.434
120 104 9.18033
120 117 5.31621
120 132 26.8189
120 156 12.8582
120 190 19.8785
121 0 12.872
121 19 16.0079
121 21 3.39483
121 25 13.0832
121 30 5.49153
121 82 2
121 124 2
121 141 8.0915
121 155 10.9741
121 163 7.75879
121 183 6.55123
121 194 8.69046
121 195 5.44861
122 0 18.1116
122 15 14.6787
122 19 32.4999
122 68 30.7502
122 74 8.49632
122 107 22.9023
122 147 6.97467
122 185 7.31136
123 0 25.7029
123 19 6.36054
123 49 7.24749
123 87 49.5284
123 156 20.4196
123 159 56.0724
124 0 3.7355
124 19 2
124 26 3.3943
124 29 6.9677
124 35 3.98173
124 57 3.53745
124 59 11.8572
124 60 6.9586
124 61 9.91675
124 80 5.4066
124 102 11.2594
124 120 6.94601
124 124 5.35337
124 137 9.3197
124 143 3.56291
124 159 7.31781
125 0 22.3097
125 19 11.794
125 26 2.0976
125 36 8.2335
125 44 5.04083
125 54 18.5787
125 118 2
125 181 17.6499
125 194 4.7103
126 0 13.5919
126 31 9.20511
126 61 28.8752
126 80 11.7569
126 133 9.42754
126 166 30.8461
126 172 29.7806
127 0 11.5033
127 4 6.63299
127 26 9.42912
127 62 6.66998
127 94 4.94627
127 118 21.8793
127 136 2
127 137 3.83644
127 159 4.17891
127 180 6.49052
127 183 2
127 190 7.37262
128 0 12.3217
128 2 14.1168
128 21 18.3548
128 29 12.9517
128 56 2.94563
128 59 16.7757
128 60 17.1035
128 101 2
128 118 5.74664
128 137 2.23767
128 159 16.8616
128 164 4.97537
128 172 13.4789
128 190 2
129 0 2
129 4 10.102
129 18 6.52974
129 60 12.1966
129 61 11.7816
129 113 10.1922
129 124 8.70794
129 152 12.8883
129 159 7.21125
129 190 9.59712
130 0 13.2511
130 45 44.0758
130 72 28.5262
130 118 35.0955
130 162 25.1722
130 185 34.5393
131 0 15.1122
131 26 15.8594
131 44 18.2564
131 56 15.4005
131 59 2.337
131 60 13.0298
131 68 9.64931
131 71 3.67599
131 99 22.9784
131 171 18.2204
132 0 21.441
132 4 18.2246
132 62 3.09455
132 72 13.7704
132 112 20.279
132 127 2.11114
132 128 16.5894
132 184 5.20617
132 186 13.492
132 190 5.47034
133 0 23.2129
133 51 22.0564
133 61 6.34321
133 62 30.4806
133 77 12.6179
134 0 27.7833
134 18 10.1772
134 26 22.2962
134 36 13.7294
134 50 4.78504
134 57 22.516
134 85 10.9414
134 99 16.0784
134 170 24.6507
135 0 21.5523
135 6 7.80534
135 10 14.0963
135 77 14.4985
135 113 2
135 132 2.04234
135 133 7.05854
135 142 21.8271
135 162 18.0954
135 197 12.8116
136 0 15.7879
136 1 2.86742
136 45 3.74352
136 79 3.75628
136 113 28.2822
136 170 20.4442
137 0 2
137 21 20.2876
137 50 4.28484
137 113 9.5396
137 120 26.7243
137 127 16.2018
137 137 2
137 141 2.57091
137 150 11.2145
137 164 10.4447
138 0 14.5639
138 19 14.8154
138 36 14.6543
138 44 6.18635
138 59 23.3252
138 75 11.3846
138 130 9.29093
138 160 6.25149
138 164 6.67285
138 184 3.75832
138 195 28.7909
139 0 15.693
139 118 40.2531
139 127 9.62033
139 130 44.6006
139 150 34.8798
140 0 19.9809
140 3 6.97245
140 5 23.7449
140 21 3.02724
140 79 15.1994
140 113 2.25265
140 118 10.397
140 125 7.24468
140 133 3.20588
140 137 14.4289
140 156 2
140 168 8.00594
140 169 3.38343
141 0 15.0971
141 37 6.96094
141 44 19.0188
141 60 16.4472
141 124 3.64394
141 147 14.7087
141 164 14.9002
141 166 24.1685
141 199 24.7961
142 0 2.78055
142 1 24.6035
142 50 14.3517
142 82 41.2386
142 137 38.3426
142 156 2.22253
142 178 27.5226
143 0 9.96625
143 1 10.6918
143 45 26.4096
143 51 19.1478
143 62 17.9899
143 74 12.2725
143 137 4.99234
143 143 27.2173
144 0 11.0175
144 19 2
144 26 4.82906
144 35 19.9512
144 49 5.0867
144 61 2.41323
144 66 2
144 86 2.71902
144 113 2
144 129 11.2446
144 134 15.0426
144 153 6.3418
144 173 2
145 0 32.8408
145 19 13.0841
145 61 21.5959
145 132 10.6837
145 150 16.4511
145 168 37.8047
146 0 5.13114
146 3 4.99499
146 18 26.6521
146 19 28.2283
146 61 9.60798
146 108 10.6681
146 194 6.41946
147 0 23.9723
147 111 12.4749
147 131 12.4231
147 168 2.60887
147 199 33.058
148 0 2.29016
148 19 15.5225
148 60 7.25211
148 74 22.3424
148 164 16.0248
148 165 15.9712
148 190 16.0415
149 0 15.8798
149 4 2
149 19 23.3917
149 45 9.1939
149 60 6.70243
149 68 12.4303
149 91 16.9251
149 94 11.2658
149 127 13.4676
149 151 11.4264
149 166 7.30772
149 183 13.5999
150 0 28.7452
150 5 25.098
150 26 15.9994
150 57 16.754
150 72 4.7163
150 101 22.6852
150 137 8.04498
150 149 15.4637
150 182 2
151 0 15.6911
151 19 19.376
151 30 25.662
151 56 21.5566
151 152 30.7733
151 164 14.7748
152 0 14.2074
152 2 15.3918
152 39 2
152 50 11.3725
152 79 2.80043
152 118 14.9605
152 124 12.9272
152 128 12.0219
152 199 10.543
153 0 21.7552
153 75 11.0838
153 80 2
153 118 12.2838
153 125 26.7425
153 127 4.17137
153 147 5.96025
153 165 10.8012
153 170 9.43677
154 0 2.65552
154 9 12.4941
154 19 12.9392
154 30 19.5253
154 40 18.5203
154 43 13.3419
154 147 9.31446
154 153 14.4823
155 0 22.8397
155 29 3.22349
155 151 24.2954
155 166 36.0421
155 184 40.5666
156 0 7.74906
156 9 9.99368
156 16 5.35792
156 37 5.73257
156 59 6.35733
156 61 13.8232
156 92 5.31151
156 127 8.62913
156 128 12.7926
156 166 19.1474
157 0 16.9316
157 9 24.9572
157 17 12.2841
157 61 17.0539
157 91 11.1173
157 145 32.2426
157 155 2.03232
157 164 19.3743
158 0 14.7463
158 9 21.3539
158 57 38.7518
158 94 9.42409
158 143 2
158 184 9.0418
159 0 14.5453
159 40 15.2915
159 42 2
159 66 6.84077
159 86 2
159 90 8.37291
159 104 3.05532
159 118 7.14372
159 128 6.89596
159 141 5.28464
159 156 14.4246
159 164 10.5952
159 169 7.74643
159 171 7.51919
160 0 3.60124
160 9 17.9862
160 30 55.2595
160 133 9.78918
160 143 44.9197
160 147 24.3232
161 0 2
161 13 2
161 19 7.15768
161 59 8.69131
161 79 4.45647
161 82 8.10131
161 104 10.0371
161 107 2
161 111 15.1407
161 125 19.7196
161 152 13.5245
161 184 2.86532
162 0 2
162 16 10.6479
162 42 7.20071
162 59 2.10288
162 86 15.4694
162 108 6.48672
162 147 3.22209
162 155 19.4828
162 164 9.4126
162 173 17.779
162 188 17.8915
163 0 15.8452
163 42 23.1099
163 63 9.79801
163 153 40.3039
163 161 2
163 184 6.84102
164 0 6.26978
164 4 13.9031
164 26 5.74976
164 61 19.0038
164 72 3.18
164 79 3.23644
164 80 21.108
164 118 4.32331
165 0 10.5907
165 49 26.9976
165 63 27.6848
165 123 24.6773
165 159 21.2746
166 0 19.0603
166 20 31.4462
166 44 18.366
166 111 10.2437
166 137 10.809
166 150 23.5451
166 170 11.623
166 176 23.1341
167 0 8.90294
167 25 14.5927
167 34 24.7057
167 61 8.23298
167 86 13.3666
167 117 15.8121
167 128 7.52872
167 164 19.0686
167 185 5.45069
167 199 21.3981
168 0 8.76983
168 3 15.5486
168 9 14.1388
168 43 2
168 79 14.1822
168 108 6.79625
168 113 6.43262
168 160 13.4938
168 172 10.0338
168 182 23.2867
169 0 21.469
169 15 4.6413
169 16 2
169 21 23.7127
169 26 11.5106
169 94 2
169 103 2
169 147 9.36902
169 150 10.575
170 0 9.47187
170 4 7.23175
170 34 2.99615
170 37 5.36873
170 49 2.81314
170 64 2
170 82 3.47976
170 125 4.75608
170 127 2.09832
170 153 2.58386
170 155 12.8264
170 157 16.9843
170 164 3.26825
170 184 6.0401
170 194 11.3477
171 0 22.6182
171 44 44.3001
171 49 12.0387
171 57 2
171 171 5.57249
171 197 12.0532
172 0 7.60446
172 3 9.56885
172 9 3.48569
172 36 8.22667
172 39 10.3243
172 74 9.40484
172 80 13.2357
172 124 9.35915
172 127 9.38357
172 150 2
172 156 12.3716
172 179 2
172 185 12.139
172 194 14.9177
172 198 5.14131
173 0 4.91199
173 1 9.37367
173 4 2.31089
173 16 5.44099
173 26 2
173 52 5.40351
173 59 7.91908
173 80 2
173 91 3.94882
173 108 3.6055
173 120 2
173 137 6.74555
173 156 9.94486
173 188 8.37748
174 0 7.06334
174 4 12.6808
174 26 2
174 31 5.00543
174 45 20.0692
174 105 19.2556
174 130 11.0052
174 159 31.5623
174 164 21.0876
175 0 7.38703
175 30 8.85742
175 74 25.7362
175 79 6.23642
175 91 49.8653
175 113 14.1497
176 0 3.10878
176 4 2.62709
176 13 19.6104
176 102 15.3921
176 104 11.592
176 113 2.37822
176 132 26.0523
176 156 10.5625
177 0 15.4594
177 2 36.0503
177 21 9.31792
177 23 9.53878
177 34 14.7657
177 36 4.25507
177 86 15.6866
177 99 11.9015
178 0 13.0605
178 8 8.94004
178 9 5.5411
178 49 14.1165
178 92 8.48319
178 150 29.851
179 0 2.40112
179 9 5.07851
179 26 3.61056
179 42 8.26061
179 50 5.19444
179 63 11.1963
179 111 2.35173
179 120 9.35883
179 125 2
179 127 6.37541
179 128 2
179 150 2.619
179 157 5.19794
179 164 6.17274
180 0 12.109
180 26 8.49194
180 30 24.8584
180 54 15.7655
180 61 2.01582
180 76 12.407
180 99 2
180 118 9.66544
180 151 10.8158
180 161 19.2177
180 186 17.1644
181 0 32.2803
181 15 20.5818
181 17 25.3691
181 28 16.3764
181 30 32.2431
181 85 17.1119
182 0 19.9953
182 9 14.9618
182 44 21.9007
182 61 2.78323
182 66 16.8734
182 79 8.78603
182 130 29.9609
182 186 15.9478
183 0 3.14981
183 16 8.67397
183 34 12.8485
183 51 2.5049
183 73 8.99644
183 80 6.54974
183 82 10.0843
183 85 3.28601
183 101 8.40433
183 117 5.61071
183 152 5.98193
183 171 6.21177
183 194 6.37426
184 0 21.3579
184 10 17.5306
184 74 5.96736
184 79 22.374
184 120 22.0961
184 160 16.5407
184 186 21.5533
185 0 9.20369
185 9 6.2041
185 10 2
185 19 3.57107
185 26 6.93687
185 57 5.69093
185 96 3.26263
185 120 2
185 133 2
185 150 11.0626
185 161 15.3339
185 164 3.34335
185 170 9.48962
185 188 5.88833
186 0 2
186 13 4.74815
186 18 23.3308
186 23 19.8246
186 62 24.2174
186 113 32.9697
186 151 10.8798
186 156 6.28143
186 180 3.58182
186 186 19.4269
187 0 8.31125
187 20 11.5621
187 111 17.1672
187 121 9.40465
187 150 2
187 152 32.2097
187 166 7.65776
188 0 2
188 4 23.2337
188 26 5.23357
188 29 27.8859
188 37 5.96231
188 77 19.8665
188 99 18.1337
188 133 31.8103
189 0 4.1128
189 18 2
189 91 8.90445
189 143 4.71062
189 170 9.94976
189 171 22.6489
189 176 15.1434
189 177 4.8674
190 0 10.6429
190 39 9.19861
190 40 13.4588
190 43 2.40833
190 49 6.31117
190 59 24.1971
190 60 15.3907
190 66 10.7928
190 77 10.7807
190 99 2
190 162 20.3362
190 198 10.9096
191 0 20.872
191 26 18.4677
191 28 18.1533
191 52 14.7203
191 94 22.4814
191 106 2.37789
191 150 3.77982
191 185 2.91133
192 0 10.8557
192 4 2
192 53 13.4509
192 92 9.66072
192 107 19.15
192 166 24.9761
192 183 22.3545
193 0 14.9208
193 3 16.5996
193 25 11.6166
193 26 14.651
193 48 2
193 94 2
193 102 2.32365
193 113 3.72454
193 173 2
193 180 2.0071
194 0 22.6492
194 61 3.23021
194 74 27.939
194 164 27.2153
194 184 6.80055
195 0 24.6418
195 29 11.7954
195 45 12.1141
195 86 27.8826
195 108 18.0798
195 132 21.6696
195 153 12.3645
195 171 22.2376
196 0 11.0178
196 6 21.3955
196 28 2
196 38 21.4439
196 133 18.0141
196 164 32.2088
196 178 2.99382
197 0 17.393
197 13 10.7695
197 18 4.15404
197 86 15.5188
197 129 32.093
197 135 4.32202
197 137 11.1695
197 140 14.5762
197 159 19.7208
197 172 12.9378
198 0 7.78314
198 9 21.7828
198 36 12.4261
198 61 23.5678
198 143 4.65993
198 164 15.5377
199 0 10.3209
199 29 16.4619
199 36 21.6336
199 65 12.6836
199 85 5.731
199 92 15.8218
199 94 20.7632
199 120 2.03774
199 153 7.83452
199 164 19.7965
