200 200 1600
0 0 3.54723
0 24 2
0 28 5.33519
0 38 2.09345
0 69 14.8335
0 112 4.13556
0 116 15.4087
0 118 8.75417
0 138 7.19339
0 147 13.7528
0 164 13.4698
0 166 3.17548
0 176 10.8862
1 0 21.2358
1 7 35.2631
1 31 11.5694
1 81 13.8747
1 91 13.1627
1 118 25.8358
1 138 23.3259
1 181 14.8463
1 182 9.03721
2 0 5.40122
2 23 13.7268
2 59 14.6665
2 92 9.7532
2 109 8.57904
2 134 2
2 164 8.21334
2 167 28.376
2 189 9.54573
3 0 2.35304
3 28 2
3 29 12.7964
3 34 2
3 46 14.5324
3 49 13.7236
3 72 7.19883
3 86 10.8832
3 98 6.16866
3 99 13.8727
3 117 4.8515
3 141 13.8818
3 176 12.6638
4 0 15.3958
4 38 9.55857
4 68 19.465
4 88 13.6835
4 98 9.70297
4 131 14.5848
4 137 15.1004
4 139 5.95534
4 163 9.09318
4 164 5.42864
4 167 2
4 169 14.677
5 0 10.3537
5 13 8.97743
5 29 6.57202
5 51 11.9521
5 60 16.5155
5 62 18.8818
5 90 13.2696
5 140 4.63207
6 0 10.5727
6 26 11.8495
6 46 22.0942
6 90 2.14586
6 94 19.7212
6 98 2.48473
6 100 19.2624
6 130 16.5333
6 171 3.41617
6 183 13.8983
6 186 25.2923
7 0 14.0173
7 4 2.06115
7 85 27.1301
7 114 14.949
7 135 25.2471
7 143 25.6928
7 158 18.6749
7 183 10.3086
8 0 18.2387
8 32 2
8 34 2
8 38 7.91481
8 58 2
8 76 12.1334
8 90 13.0043
8 143 18.8596
8 180 6.15773
8 191 3.96086
8 193 2.43921
9 0 5.61526
9 28 2
9 32 7.00235
9 62 19.951
9 77 38.9944
9 103 7.32833
9 143 28.6948
9 168 21.8258
10 0 9.737
10 38 7.21244
10 86 27.5809
10 102 6.06434
10 156 18.3631
10 190 32.3402
10 199 2
11 0 2.43757
11 7 4.24199
11 12 15.9506
11 32 2
11 51 5.80425
11 86 4.95675
11 90 16.5577
11 98 2.03199
11 140 5.60629
11 155 13.6709
11 164 7.65338
11 188 2
11 189 10.9812
12 0 5.77338
12 13 12.2097
12 34 28.5315
12 43 12.0967
12 118 24.2682
12 145 6.69663
12 149 15.7172
13 0 2
13 25 8.64789
13 37 18.2588
13 69 13.5772
13 73 3.82822
13 90 30.3442
13 140 16.1329
13 189 17.7015
14 0 4.05378
14 3 18.4248
14 39 10.3054
14 81 7.19575
14 105 29.5971
14 122 17.8057
14 127 27.2186
14 132 16.3098
15 0 31.537
15 34 30.4857
15 72 21.3504
15 74 35.9904
15 132 2.41829
16 0 7.75122
16 47 27.0377
16 85 36.9547
16 93 6.07169
16 102 27.9514
16 139 46.7109
17 0 48.5003
17 37 12.0572
17 39 11.8322
17 92 28.7929
18 0 23.5148
18 19 3.46862
18 46 7.78449
18 73 13.4822
18 122 8.66712
18 123 4.76796
18 125 12.0567
18 164 4.19213
18 167 5.43326
18 189 3.14031
18 192 20.3589
19 0 6.29027
19 20 23.4056
19 25 2
19 38 2.33534
19 126 30.5777
19 134 18.4513
20 0 17.8767
20 57 24.3216
20 84 10.0523
20 112 34.228
20 113 12.424
20 149 14.4135
20 164 6.35411
20 176 6.99127
21 0 41.4264
21 3 18.8951
21 113 9.57368
21 132 8.80571
21 190 9.6164
21 191 2.8862
22 0 8.83906
22 21 21.4268
22 28 11.8961
22 36 15.8582
22 40 5.12027
22 59 15.7409
22 85 6.90018
22 98 6.45753
22 119 2
22 145 12.877
22 168 16.522
23 0 14.7813
23 19 2
23 74 4.80671
23 86 5.05444
23 89 7.5275
23 123 7.20712
23 132 8.23023
23 136 6.82674
23 149 2.87949
23 188 7.24232
23 191 4.46778
24 0 15.0894
24 27 21.3519
24 38 9.89746
24 40 2
24 109 38.6143
24 127 12.732
24 143 11.1924
24 148 13.5822
24 189 26.6749
25 0 15.7915
25 1 3.41688
25 36 13.9882
25 122 26.1927
25 130 6.6288
25 134 9.90411
25 163 11.3157
25 164 8.9766
25 166 12.2665
25 167 21.7335
26 0 28.178
26 31 2.30079
26 46 42.626
26 113 19.7928
26 122 40.7086
26 123 21.0725
26 168 11.7256
26 197 18.4163
27 0 17.2799
27 31 9.23828
27 57 12.5547
27 64 9.84747
27 116 33.3664
27 123 18.545
27 180 25.1847
28 0 2
28 32 4.63207
28 59 21.6481
28 102 26.4644
28 113 14.2456
28 116 3.35354
29 0 2.9371
29 17 12.2248
29 46 2.2533
29 95 10.0138
29 102 15.2407
29 119 15.7147
29 126 2
29 147 2.06255
29 148 8.83466
29 156 2
29 175 20.3643
29 183 17.6433
29 194 2.95406
30 0 3.10447
30 4 17.5154
30 16 3.66506
30 32 9.30855
30 38 15.6236
30 95 4.5526
30 118 29.6336
31 0 2
31 4 15.6419
31 16 17.1632
31 28 11.831
31 33 15.8016
31 46 10.3968
31 56 5.83736
31 77 3.69228
31 138 14.1191
31 147 7.26453
31 149 12.241
31 170 13.9988
32 0 43.9694
32 28 10.4084
32 98 9.55101
32 118 19.2905
32 150 26.8442
32 168 22.1346
32 191 15.6816
33 0 24.0934
33 16 14.1466
33 24 8.29904
33 38 5.7532
33 94 28.82
33 189 15.3313
33 193 16.5683
34 0 13.0931
34 10 2.33787
34 28 20.7743
34 31 8.87255
34 39 2
34 63 9.09065
34 74 10.3698
34 95 3.16029
34 145 11.4904
34 149 13.6975
34 164 2
34 189 14.8822
35 0 5.5273
35 4 14.243
35 34 2
35 46 12.7687
35 134 2
35 138 15.1359
35 148 10.3803
35 172 17.3952
35 173 4.79066
35 198 5.92502
36 0 16.7892
36 12 24.553
36 37 7.25754
36 46 6.11149
36 73 10.5602
36 112 8.85413
36 128 9.08521
36 134 15.616
36 191 2.5911
37 0 7.94195
37 38 15.479
37 122 16.4089
37 143 26.1874
37 164 32.1915
37 167 6.80414
37 189 25.0912
38 0 3.73871
38 13 11.9838
38 28 3.64438
38 77 22.9217
38 93 20.5247
38 145 7.39667
38 164 14.5198
38 167 6.00538
38 183 4.11442
39 0 20.8714
39 38 7.73651
39 123 12.3953
39 143 25.2749
39 149 14.4248
39 169 6.12837
40 0 14.9564
40 24 10.3567
40 39 10.387
40 99 10.2461
40 140 10.6719
40 148 13.7492
40 150 18.0488
40 166 28.3558
41 0 7.65665
41 16 13.0937
41 36 11.4546
41 38 13.3255
41 41 2
41 73 9.16385
41 77 18.4543
41 102 6.99591
41 164 25.3979
41 176 11.2364
41 182 2
42 0 40.0116
42 26 7.57344
42 38 6.14168
42 94 8.9682
42 108 19.5432
42 122 21.3958
42 149 7.47087
43 0 36.4466
43 122 33.3294
43 139 15.5647
43 143 20.7967
43 167 2.66981
44 0 8.09661
44 28 5.26971
44 29 13.0538
44 34 2
44 73 11.6311
44 81 12.9376
44 138 4.39814
44 168 5.71068
44 169 2
44 176 19.5666
45 0 16.1122
45 23 6.03254
45 33 7.98093
45 38 7.2971
45 39 15.7028
45 115 10.8507
45 132 2.5315
45 139 9.28001
45 164 19.7751
45 167 10.6637
45 181 11.1244
45 189 14.888
46 0 3.08721
46 46 6.0273
46 127 18.9284
46 138 42.5458
46 149 28.0487
46 192 24.4028
47 0 13.2592
47 7 4.56186
47 12 9.85735
47 57 9.00206
47 89 13.6743
47 109 7.69517
47 138 14.6005
47 141 2
47 149 4.18416
47 195 23.9083
48 0 32.3939
48 27 20.4507
48 28 5.14966
48 52 14.2585
48 72 3.68222
48 122 3.636
48 123 29.1782
48 183 20.1843
49 0 8.81291
49 7 11.7643
49 36 17.1813
49 38 26.8069
49 64 10.1015
49 91 16.1685
49 126 4.59671
49 167 11.1038
49 189 20.1037
49 192 18.6223
50 0 25.5624
50 77 17.2161
50 98 33.6065
50 118 28.3741
50 125 3.88655
50 164 30.8719
51 0 4.81672
51 32 14.2586
51 35 17.1254
51 38 6.62817
51 60 4.07492
51 84 7.79387
51 97 5.55936
51 98 12.6777
51 112 17.2586
51 123 2
51 125 7.24642
51 139 8.07482
51 163 10.6038
51 167 20.3315
51 184 6.15707
52 0 7.64212
52 50 4.20478
52 74 4.20646
52 86 21.4985
52 97 2
52 127 14.538
52 132 19.0274
52 136 21.738
52 170 14.2027
53 0 12.0163
53 37 7.70785
53 38 11.3405
53 45 7.80767
53 67 15.3283
53 72 9.21139
53 105 18.2434
53 112 9.62763
53 139 7.61859
53 146 13.0606
53 164 2
53 194 16.0969
54 0 13.1255
54 31 2.89801
54 75 17.7715
54 94 12.3427
54 95 18.4252
54 110 31.2056
54 139 18.9839
54 141 5.41779
54 194 15.1636
55 0 8.53679
55 10 2.29413
55 31 2.67314
55 34 10.8212
55 38 4.53489
55 46 5.63508
55 47 7.25573
55 86 13.5649
55 123 20.8886
55 156 3.86474
55 193 17.698
56 0 5.67256
56 3 9.92989
56 28 2.97124
56 36 16.2686
56 58 5.73762
56 76 2.36134
56 77 2
56 92 2
56 138 3.87159
56 167 16.8463
56 181 8.46067
56 190 14.1831
56 192 2.02353
57 0 31.7202
57 11 2
57 118 12.3068
57 140 10.8051
58 0 2
58 33 7.33383
58 37 2
58 39 11.1532
58 60 7.95635
58 69 10.8744
58 73 14.4992
58 97 12.5657
58 98 2
58 99 5.55607
58 136 6.27791
58 139 8.7742
58 145 2.53746
58 146 7.48775
58 149 2.52887
58 167 3.45602
59 0 6.26613
59 47 36.574
59 74 7.6907
59 75 34.2528
59 134 18.947
59 193 41.1794
60 0 8.14854
60 16 16.4246
60 46 24.4949
60 62 14.2124
60 98 26.305
60 105 14.4621
60 146 5.82086
60 147 6.67338
60 183 24.8811
60 189 7.17131
60 193 12.0388
61 0 29.2826
61 16 16.4442
61 34 37.8104
61 69 29.2928
61 161 12.4894
62 0 23.6884
62 21 2.07203
62 36 17.4499
62 72 22.1187
62 89 5.78272
62 98 2
62 102 10.4598
62 168 20.9418
62 180 11.7924
62 183 5.59896
62 189 5.09464
62 192 10.2606
63 0 4.36553
63 13 4.59761
63 98 20.6322
63 105 16.046
63 109 11.5086
63 139 14.162
63 143 18.136
63 147 9.57123
63 176 7.32061
63 199 8.67659
64 0 5.69886
64 4 2
64 27 14.0952
64 31 8.37004
64 36 4.94122
64 38 7.665
64 74 14.6118
64 103 2.36978
64 122 4.47438
64 143 10.1989
64 149 2.81664
64 181 15.4078
64 198 8.54169
65 0 21.0595
65 31 15.8325
65 55 7.60741
65 74 12.3802
65 79 9.75085
65 90 22.5311
65 136 21.254
65 137 12.5845
65 146 12.687
65 189 21.72
66 0 12.7068
66 33 8.20731
66 38 22.256
66 102 8.5096
66 148 16.2885
66 164 3.93784
66 180 2.09317
66 195 17.4432
67 0 43.3973
67 137 10.9216
67 182 41.9694
67 189 30.4356
67 194 28.9783
68 0 50.1013
68 38 39.5121
68 84 33.4297
68 167 16.4106
68 170 14.0268
69 0 11.1505
69 17 2
69 24 38.6892
69 92 14.6546
69 108 8.28654
69 118 20.2132
69 138 11.6838
70 0 3.65952
70 13 10.9332
70 69 15.302
70 98 2.16308
70 105 12.7689
70 129 18.5785
70 138 4.50902
70 147 7.73832
70 150 11.7208
70 162 4.17761
70 164 7.55492
70 196 11.9703
71 0 19.8532
71 4 16.946
71 38 8.30089
71 46 9.35407
71 69 4.0911
71 87 5.06643
71 131 20.4911
71 139 33.9123
71 152 21.5271
71 190 8.49024
72 0 55.5807
72 42 65.8351
73 0 20.4181
73 16 12.0761
73 38 3.90971
73 57 2.94016
73 89 26.0353
73 112 22.1371
73 123 15.1375
73 133 8.10524
73 145 7.31222
73 170 7.08503
74 0 17.3977
74 4 14.8344
74 7 16.6185
74 28 15.865
74 31 22.4305
74 38 4.90734
74 145 2.11971
74 149 5.09566
75 0 2
75 16 13.5676
75 32 10.984
75 47 7.51446
75 54 16.8956
75 99 17.2856
75 102 9.18467
75 112 8.56895
75 122 14.5988
75 137 6.67632
75 148 11.9002
75 149 2.67428
75 188 10.4926
76 0 4.19752
76 10 15.9713
76 34 11.5529
76 39 13.2097
76 66 19.3407
76 112 5.29135
76 118 20.3699
76 181 27.8901
77 0 34.5712
77 122 17.6084
77 139 33.9056
77 143 23.6929
77 167 27.5278
77 175 30.7248
78 0 20.2686
78 102 14.9602
78 109 2
78 118 2.74152
78 122 7.02026
78 143 2
78 144 8.15874
78 176 15.3993
78 180 2.54331
79 0 6.69597
79 17 7.58637
79 50 9.1326
79 71 2.26334
79 73 10.5721
79 86 10.7485
79 90 8.46511
79 99 10.1979
79 125 2
79 138 6.8109
79 149 14.8236
79 168 8.50299
79 176 8.89146
79 190 3.75601
79 194 8.96157
80 0 4.51567
80 28 2
80 62 9.4078
80 99 8.67245
80 103 7.00046
80 118 4.01481
80 121 4.53363
80 170 13.2588
80 183 21.216
81 0 3.34459
81 38 24.665
81 77 25.3835
81 119 20.212
81 123 20.7005
81 126 16.6695
81 167 4.07578
81 180 3.05015
81 197 18.4935
82 0 24.8579
82 38 7.91339
82 49 9.45588
82 56 10.7232
82 111 12.2654
82 139 25.6608
82 186 25.6637
82 191 20.5572
83 0 6.77945
83 3 5.09177
83 46 28.2076
83 77 2.63998
83 85 4.32183
83 140 4.46581
83 141 10.7407
83 156 2.13003
83 159 21.8747
83 164 2
84 0 2.19789
84 24 2
84 84 12.173
84 97 2
84 98 12.1593
84 115 17.4713
84 118 12.4816
84 132 10.2337
84 164 5.27899
84 173 15.6334
85 0 8.78093
85 21 9.71922
85 24 2
85 45 7.95086
85 60 15.4317
85 66 4.4183
85 102 2
85 118 13.791
85 123 4.12103
85 140 3.98037
85 163 18.1249
85 189 4.8002
86 0 2
86 24 4.38546
86 34 2.18274
86 103 3.42787
86 139 17.71
86 164 4.42353
86 166 6.25363
86 172 7.69647
87 0 3.82274
87 3 7.98846
87 10 16.858
87 20 10.9645
87 34 10.5033
87 37 13.4028
87 51 11.1145
87 61 2
87 94 7.42691
87 120 3.58426
87 139 11.5265
87 141 2.05933
87 143 11.0066
88 0 25.2433
88 23 15.0381
88 33 8.95489
88 39 20.7167
88 62 8.44091
88 92 18.2264
88 121 22.2893
88 155 4.58591
88 194 18.0474
89 0 22.4794
89 28 18.018
89 31 53.5079
89 92 34.5326
89 114 22.4643
90 0 13.0525
90 73 29.1289
90 77 35.3911
90 98 13.362
90 112 7.58698
90 137 8.23758
90 143 6.46077
90 168 14.8143
91 0 31.2754
91 38 6.86026
91 46 52.4053
91 66 48.3581
91 141 2
91 194 46.6276
92 0 2.02799
92 32 7.89402
92 70 10.2658
92 98 19.3496
92 141 12.0512
92 150 14.6519
92 159 12.9228
92 164 13.7588
92 182 14.7631
92 189 13.7297
93 0 22.9111
93 28 19.6898
93 127 17.4816
93 149 34.3107
93 159 18.6835
93 164 13.7439
93 167 19.2866
94 0 3.25635
94 40 8.73767
94 84 11.7227
94 120 25.7951
94 122 19.1211
94 127 9.79997
94 140 6.1369
94 149 23.5958
95 0 20.0202
95 16 9.0163
95 31 18.3166
95 32 4.0344
95 38 9.13343
95 93 3.22841
95 102 5.22729
95 132 3.5708
95 143 13.8029
95 167 7.66448
96 0 20.9485
96 28 44.3798
96 46 52.0026
96 141 25.4224
96 176 4.37559
97 0 19.6817
97 9 5.92655
97 21 16.5437
97 28 22.0343
97 39 2.3145
97 71 9.48124
97 84 6.05818
97 92 5.02458
97 103 4.48982
97 154 2
97 158 10.485
97 164 11.4651
97 189 5.7295
98 0 13.8105
98 3 18.4835
98 38 6.64127
98 46 26.1942
98 72 12.3925
98 113 15.0911
98 126 6.61363
98 139 8.18887
98 189 2
99 0 2
99 28 4.29964
99 38 20.9387
99 47 2
99 69 14.4437
99 102 2.21476
99 112 5.46549
99 140 12.7986
99 143 9.51053
99 146 2
99 188 12.2879
99 189 8.20479
100 0 7.72321
100 31 6.70082
100 38 12.9195
100 60 2
100 69 18.7069
100 85 18.6097
100 100 2.26993
100 127 19.1444
100 181 7.95216
101 0 25.4468
101 34 23.9288
101 38 21.4667
101 75 10.8786
101 77 3.30512
101 123 8.63626
101 164 11.9034
101 189 4.93331
102 0 41.7342
102 7 27.1085
102 57 35.3818
102 97 23.0756
102 147 26.584
103 0 3.51286
103 4 2.77627
103 13 11.2747
103 28 6.30776
103 33 4.75892
103 105 5.30005
103 113 5.27552
103 134 2
103 139 3.96948
103 143 4.13192
103 147 12.6377
103 167 10.1715
103 169 16.2079
103 178 4.73284
103 189 10.1476
104 0 15.3764
104 43 15.8903
104 49 16.4859
104 77 4.55004
104 90 10.6732
104 120 11.5196
104 155 17.3822
104 189 18.8837
105 0 23.4601
105 12 4.26091
105 17 10.924
105 64 18.0664
105 66 22.334
105 69 18.3953
105 127 8.12814
105 140 9.35589
105 164 9.77911
105 192 3.05399
106 0 13.5819
106 38 18.5753
106 59 25.2138
106 73 2
106 92 16.3958
106 94 6.0694
106 129 16.4857
106 140 4.70819
106 141 21.8417
107 0 9.68292
107 6 14.8023
107 31 21.4487
107 34 13.2222
107 51 26.0874
107 77 7.34572
107 85 10.8231
107 114 7.65068
107 192 13.7334
108 0 20.6349
108 19 2.4567
108 46 18.8534
108 56 20.36
108 97 28.4037
108 109 25.4632
108 122 5.95419
108 164 4.80434
108 167 2.08605
109 0 7.0759
109 46 76.0141
109 140 89.8514
110 0 16.6018
110 38 11.9355
110 39 7.66315
110 77 5.19595
110 130 18.306
110 138 19.4451
110 192 12.7442
111 0 7.20941
111 79 10.8539
111 89 2
111 98 9.08807
111 113 4.75321
111 117 2
111 127 18.5098
111 141 7.97071
111 155 6.00341
111 163 11.4254
111 164 8.99034
111 170 18.969
111 194 6.29036
112 0 2.4623
112 13 22.6767
112 39 3.30137
112 50 11.3455
112 58 11.3081
112 86 5.9731
112 100 7.39362
112 125 14.5462
112 139 7.00928
113 0 21.3039
113 62 7.62299
113 127 13.6458
113 129 2.58024
113 147 13.8478
113 149 3.69692
113 171 18.948
113 189 30.913
113 192 10.4914
114 0 5.29364
114 39 7.00777
114 50 2.36865
114 71 3.24896
114 89 2
114 116 2.73079
114 138 11.6968
114 167 9.23182
114 178 7.7411
114 188 6.5464
114 189 13.3787
114 191 2
115 0 47.0502
115 84 18.357
115 114 27.2747
115 122 32.0392
115 149 23.0881
115 169 20.3224
116 0 6.91422
116 27 2.80927
116 34 6.37404
116 39 17.0032
116 40 5.77318
116 119 14.8249
116 143 12.6179
116 168 15.6042
116 191 16.8455
117 0 14.2288
117 9 17.8777
117 32 33.6472
117 57 2.98702
117 101 22.906
117 149 4.32918
118 0 10.2467
118 18 2
118 31 6.95094
118 34 2
118 38 2.70639
118 58 14.4418
118 90 16.022
118 98 7.83081
118 112 11.9122
118 168 2.31464
118 178 2
118 180 4.51401
118 186 7.68567
118 194 4.88995
119 0 20.2317
119 39 4.39987
119 77 27.7301
119 86 14.2822
119 98 23.9243
119 123 12.8022
119 156 10.4484
119 168 7.16815
119 189 10.9744
120 0 2
120 28 20.4081
120 84 16.8948
120 89 23.0886
120 99 16.047
120 102 13.1619
120 109 4.99211
120 164 26.44
120 186 4.25011
120 188 15.5594
121 0 6.31157
121 10 20.7054
121 86 7.80368
121 96 24.3342
121 99 4.53741
121 115 13.5486
121 118 2
121 139 6.13511
121 143 8.37743
121 164 17.5025
121 178 10.0288
122 0 9.56287
122 10 19.1753
122 73 12.7463
122 79 13.6746
122 138 35.4666
122 167 20.4699
123 0 3.33571
123 39 21.6214
123 73 4.84952
123 77 5.23515
123 92 5.20788
123 140 23.7399
123 149 16.8258
123 164 14.8836
123 167 16.6009
124 0 15.421
124 28 3.54844
124 36 7.86306
124 39 18.6014
124 46 13.3675
124 62 11.6687
124 86 14.6293
124 89 5.89616
124 98 2.29678
124 136 8.92483
124 189 3.36148
124 194 6.39983
125 0 4.66058
125 46 2
125 69 9.0741
125 78 12.6131
125 110 6.31901
125 114 10.2576
125 130 3.14376
125 141 7.91509
125 143 6.16085
125 164 6.10923
126 0 22.4144
126 56 27.0806
126 72 2
126 88 17.3251
126 122 31.7421
126 188 40.1304
127 0 20.2186
127 4 2
127 31 2.41428
127 40 8.91399
127 72 22.608
127 140 25.8547
127 146 13.5851
127 170 18.4233
127 191 21.3031
128 0 14.791
128 3 11.5085
128 21 2.90521
128 38 15.7234
128 62 10.0963
128 81 4.56025
128 164 16.415
128 167 24.4198
128 168 10.1222
129 0 19.6707
129 3 10.1362
129 34 31.6356
129 137 10.6362
129 143 16.3237
129 168 17.2706
129 169 8.09248
130 0 16.0964
130 38 6.43273
130 39 4.53575
130 81 6.54263
130 84 8.45024
130 85 3.81295
130 118 11.2009
130 120 12.2477
130 127 10.4969
130 141 3.97962
130 147 8.91301
130 164 9.06428
130 188 15.7228
130 194 9.69467
131 0 18.3053
131 13 13.7394
131 28 13.3959
131 92 10.0234
131 94 6.73411
131 109 11.4457
131 119 13.6807
131 138 7.73617
131 142 2.13876
131 167 2
132 0 15.2414
132 38 2
132 46 8.18445
132 55 20.92
132 136 20.3352
132 138 10.7833
132 139 2
132 156 13.3715
132 188 3.0107
132 190 13.7678
133 0 8.69658
133 18 8.7053
133 69 13.4052
133 73 2
133 77 2.13881
133 95 21.0609
133 112 16.2668
133 126 10.9277
133 159 26.4657
133 168 7.25099
133 183 7.05843
134 0 19.1779
134 28 21.97
134 57 18.4712
134 60 14.746
134 113 11.649
134 119 21.2758
134 122 7.69624
134 126 7.5208
134 134 8.67211
135 0 18.5461
135 14 5.1301
135 32 10.428
135 52 4.68865
135 66 6.52124
135 72 6.46645
135 74 2.00386
135 105 8.74734
135 136 14.6219
135 137 10.0187
135 183 5.26622
135 189 17.1586
136 0 36.0175
136 23 54.0558
136 73 15.1124
136 121 3.44269
136 122 37.8366
137 0 7.7211
137 11 7.88482
137 17 19.5293
137 25 10.5297
137 74 15.6097
137 75 9.31132
137 86 15.3343
137 130 30.3482
137 141 12.6423
137 188 15.5946
138 0 2
138 46 2
138 47 21.1475
138 58 7.16229
138 73 12.319
138 148 9.13978
138 172 23.7102
138 189 12.4936
139 0 2.08078
139 32 11.2356
139 38 12.8843
139 73 16.0668
139 123 16.7046
139 139 10.6665
139 140 12.5858
139 169 9.21705
140 0 19.3698
140 13 19.9204
140 24 17.1884
140 34 19.6265
140 38 3.89819
140 77 25.4753
140 82 23.2177
140 118 7.62645
141 0 16.7293
141 10 13.8649
141 38 7.05741
141 69 16.5418
141 81 5.37182
141 89 18.4283
141 112 18.2792
141 147 12.2784
141 183 9.4203
141 193 4.45048
142 0 13.2549
142 21 13.3347
142 33 13.3805
142 38 2.28533
142 139 18.9122
142 194 10.2042
142 198 10.3148
143 0 4.37572
143 9 21.0283
143 39 3.69721
143 73 17.4805
143 92 4.89632
143 143 9.97683
143 145 16.942
143 147 4.34914
143 149 11.4351
143 170 9.83644
143 188 7.85914
144 0 78.5676
144 56 66.9675
144 120 2
144 132 24.6504
145 0 39.3673
145 108 63.3395
145 119 81.718
145 169 23.122
146 0 17.9733
146 13 17.2902
146 31 13.0528
146 39 18.5596
146 46 13.7156
146 77 11.056
146 102 3.61217
146 122 4.44222
146 147 5.91331
146 167 4.5593
146 194 12.1874
147 0 16.9918
147 32 8.64752
147 38 16.8039
147 60 8.3397
147 73 6.80426
147 98 14.9688
147 109 10.5417
147 118 14.8851
147 148 9.13587
147 168 9.16914
148 0 24.7162
148 31 2
148 32 11.7221
148 33 18.5532
148 77 10.3806
148 108 10.9476
148 120 2.42292
148 138 3.30003
148 139 11.2897
148 147 15.529
148 164 12.807
149 0 23.7614
149 16 6.97981
149 31 9.15956
149 50 2
149 77 10.6952
149 89 9.79965
149 92 2
149 98 19.8327
149 125 2.489
149 127 2
149 149 14.076
149 164 7.93078
149 195 17.2323
150 0 2
150 7 3.48053
150 39 20.0216
150 71 5.13618
150 99 13.3967
150 189 2
150 194 4.98565
151 0 24.5786
151 16 30.9301
151 17 17.3209
151 69 33.3445
151 118 16.2391
151 123 31.5664
152 0 11.2851
152 33 7.7306
152 36 5.23513
152 69 20.0166
152 77 17.8839
152 134 33.4044
152 141 15.9074
152 192 10.9733
152 199 9.16649
153 0 2
153 46 2
153 68 4.80568
153 84 8.00714
153 102 20.0357
153 103 8.91069
153 118 8.15562
153 140 26.7643
153 168 8.93741
153 181 9.26439
154 0 13.7052
154 7 2
154 40 17.3693
154 91 18.4457
154 98 7.97504
154 102 25.2312
154 137 22.002
154 139 14.8047
154 148 2
154 194 12.116
155 0 22.8295
155 10 9.63666
155 15 4.58054
155 52 12.2041
155 62 6.76559
155 141 8.65736
155 161 16.1658
155 167 12.8139
155 178 8.63781
155 181 6.33315
155 183 8.90647
155 189 3.34447
156 0 59.0795
156 56 47.0985
156 90 86.9494
156 98 23.9811
157 0 9.19438
157 40 19.83
157 51 7.4361
157 74 13.391
157 108 38.7803
157 171 27.1135
157 183 8.7043
158 0 5.48972
158 7 18.5322
158 40 26.0094
158 59 20.2248
158 60 2.11043
158 72 16.8085
158 84 20.4323
158 96 3.6805
158 112 2.03906
158 180 15.7821
158 198 4.93431
159 0 3.68725
159 88 29.9678
159 123 33.3866
159 130 16.0511
159 164 17.5073
159 168 35.413
159 174 19.3974
159 189 19.3605
160 0 4.92427
160 77 24.3129
160 84 24.6422
160 143 19.7537
160 164 26.3184
160 172 26.1168
160 189 2
161 0 2
161 24 17.7969
161 38 13.724
161 46 17.8859
161 77 2
161 97 5.24688
161 109 12.5721
161 118 13.8436
161 120 8.0768
161 146 10.407
161 183 8.22793
162 0 2.55593
162 10 3.8703
162 12 12.5141
162 29 2.65767
162 95 22.3105
162 134 14.1223
162 151 21.6952
162 155 11.7266
162 167 14.344
162 178 10.077
163 0 16.7512
163 2 9.46122
163 24 20.2822
163 60 2.80201
163 74 36.5042
163 138 19.2981
163 167 25.8817
164 0 24.6402
164 28 19.1885
164 102 17.3368
164 134 14.2523
164 168 7.86091
164 193 15.9576
165 0 35.6973
165 38 24.0644
165 73 4.59251
165 164 9.16114
165 168 7.90105
165 171 22.0529
165 188 7.85441
165 195 20.078
166 0 13.1098
166 2 15.516
166 7 2
166 28 5.33367
166 29 6.12883
166 57 16.4648
166 66 14.5371
166 90 5.38212
166 109 7.2
166 130 14.2006
166 190 4.19301
167 0 6.68617
167 7 14.8732
167 31 4.73908
167 38 2
167 46 32.0606
167 77 28.4632
167 168 9.70638
167 183 6.82163
168 0 36.9605
168 49 2.77224
168 90 48.3258
168 118 15.9635
168 180 36.5709
169 0 10.1906
169 27 26.7335
169 38 44.4201
169 122 24.6424
169 127 17.5731
169 132 16.4142
169 194 7.82561
170 0 2.39718
170 39 27.3119
170 44 13.6495
170 72 16.7353
170 89 15.6185
170 138 12.1793
170 152 5.15595
170 162 15.6366
171 0 19.521
171 13 2.99962
171 32 14.7838
171 73 3.54958
171 95 18.8588
171 105 10.5564
171 118 6.72297
171 122 24.2585
171 149 4.49123
172 0 2
172 9 2
172 34 18.4723
172 39 12.687
172 42 11.2189
172 66 6.51602
172 69 5.30128
172 74 12.575
172 126 6.12442
172 182 2
172 183 7.86492
172 186 10.6543
173 0 31.1776
173 39 23.2893
173 86 4.51707
173 92 31.3493
173 119 2
173 180 8.76595
173 189 22.5606
174 0 15.7971
174 28 18.1994
174 39 13.5307
174 51 27.3561
174 60 2
174 98 5.34071
174 127 2
174 156 2.01629
174 190 18.7502
174 195 5.10255
175 0 2.4864
175 13 5.77161
175 38 7.44608
175 46 3.82391
175 56 8.85721
175 66 10.966
175 73 8.57606
175 77 10.7391
175 98 6.74827
175 108 11.1917
175 121 14.9967
175 128 6.1969
175 155 2.99731
175 167 11.968
175 168 10.8064
175 180 16.9098
176 0 4.00331
176 27 8.2254
176 34 10.7205
176 38 4.11448
176 89 5.34274
176 97 2.66816
176 102 2
176 105 4.92181
176 118 12.3577
176 123 2.25085
176 139 6.22253
176 145 13.5101
176 168 3.29009
176 189 5.13599
177 0 2
177 17 15.3907
177 34 25.8881
177 36 10.8917
177 69 16.5064
177 82 18.8536
177 126 11.0325
177 132 23.4383
177 189 4.90983
178 0 23.6468
178 13 3.07636
178 32 28.4785
178 47 19.5923
178 74 30.0342
178 147 17.7693
178 149 2.90722
179 0 13.4092
179 3 6.27125
179 24 15.826
179 60 2.22108
179 77 2
179 90 11.2028
179 92 20.1315
179 110 4.26284
179 126 4.22571
179 138 15.7297
179 146 14.8869
179 153 7.92931
179 189 10.9623
180 0 2
180 46 14.664
180 60 4.13506
180 84 2
180 149 9.96946
180 168 34.0286
180 173 14.0937
180 189 11.2571
181 0 4.56104
181 21 22.4061
181 46 5.69682
181 59 10.7702
181 134 29.064
181 140 7.547
181 149 11.7572
181 171 9.92165
181 173 11.0734
182 0 33.2203
182 46 9.57735
182 47 6.59476
182 60 21.5869
182 67 18.198
182 86 11.731
182 92 23.1877
182 93 10.0332
182 165 6.48151
183 0 6.08366
183 38 18.7828
183 39 15.3661
183 109 11.9604
183 123 10.0665
183 140 3.86515
183 156 15.2385
183 162 12.7377
183 164 6.17788
183 189 18.8394
183 193 3.72089
184 0 14.9172
184 47 12.1928
184 73 5.24274
184 90 20.1932
184 122 2
184 149 2.9824
184 194 2
185 0 14.4511
185 39 12.676
185 74 17.2981
185 76 17.7956
185 85 18.5224
185 140 19.1814
185 155 17.8281
185 168 7.56069
185 188 14.6583
186 0 2.56074
186 6 2
186 46 14.9979
186 99 9.20861
186 109 13.5758
186 147 17.4595
186 170 18.6718
186 189 24.0496
186 193 2.79643
187 0 2
187 28 24.3714
187 66 2.6492
187 73 3.87253
187 77 8.62959
187 140 4.03717
187 145 6.14038
187 147 6.43262
187 149 5.19256
187 163 3.37142
187 193 16.7761
188 0 3.67675
188 46 10.0779
188 86 2.91055
188 100 17.6365
188 112 10.4283
188 130 17.4414
188 141 9.94664
188 146 13.8126
188 156 23.8769
189 0 27.5475
189 46 23.1529
189 77 8.18091
189 81 13.8481
189 98 19.4878
189 125 23.0762
189 190 26.5827
189 194 2
190 0 2
190 27 18.8069
190 38 13.8285
190 69 2
190 98 8.51508
190 99 14.7464
190 118 11.5341
190 126 15.6495
190 168 10.3859
191 0 3.6757
191 15 6.16856
191 28 23.4013
191 38 6.74799
191 39 6.96976
191 116 20.7429
191 138 4.20524
191 180 2
191 186 2
192 0 8.69365
192 28 21.1657
192 60 2
192 109 9.64064
192 112 4.29806
192 118 23.2652
192 122 13.3698
192 168 14.691
192 181 7.04349
193 0 8.71698
193 29 18.0634
193 40 19.0801
193 98 2.28586
193 99 8.03685
193 109 10.4123
193 164 15.497
193 167 2
193 181 18.0937
194 0 10.0817
194 28 6.38352
194 34 23.2825
194 53 11.9103
194 69 2.88314
194 72 3.89029
194 77 14.3906
194 79 25.1736
194 109 21.8019
194 138 8.34293
195 0 12.3327
195 92 24.3526
195 102 26.459
195 126 18.9129
195 128 25.716
195 168 17.0415
195 193 26.9967
196 0 8.78877
196 16 13.0002
196 28 16.6593
196 35 7.65481
196 46 22.0092
196 88 25.6677
196 115 25.2784
196 145 15.4934
196 167 3.68533
197 0 12.6294
197 23 27.0286
197 72 2
197 74 3.68786
197 79 24.2347
197 89 3.17617
197 112 4.20052
197 183 9.48298
198 0 33.8689
198 79 8.24229
198 114 6.54107
198 118 11.3524
198 122 15.8129
198 154 15.3844
198 156 10.2458
199 0 47.3638
199 19 36.873
199 38 4.91152
199 74 10.1816
199 134 30.0896
199 143 10.6074
199 164 22.241
