200 200 1600
0 0 10.1513
0 4 8.4089
0 38 6.06272
0 56 2
0 57 9.35398
0 74 3.43427
0 75 17.1768
0 91 20.1296
0 93 18.0056
0 123 14.4141
0 151 4.64415
0 175 20.0268
1 0 8.50386
1 26 26.1184
1 74 52.0964
1 75 34.504
1 82 16.0633
2 0 4.33873
2 2 13.3089
2 20 35.7753
2 35 20.2031
2 85 20.7577
2 170 30.6006
2 174 9.09288
3 0 29.4974
3 26 20.285
3 56 4.22061
3 63 27.9294
3 67 7.45806
3 75 8.9569
3 88 2.12559
3 174 15.7573
4 0 17.0583
4 57 19.8683
4 74 23.9589
4 93 30.2068
4 175 34.7595
4 183 2
4 197 27.1639
5 0 6.8885
5 7 12.2958
5 17 15.0474
5 27 12.36
5 38 17.0148
5 39 20.2624
5 40 23.616
5 46 13.9897
5 80 2.84816
5 93 15.3932
5 175 6.31789
6 0 9.97452
6 24 3.7902
6 28 11.0028
6 37 6.13857
6 41 2.44334
6 56 6.64415
6 89 14.7115
6 109 7.07484
6 110 2
6 114 2.261
6 140 4.62667
6 151 10.095
6 156 6.56603
6 168 4.38222
7 0 19.0818
7 15 28.5635
7 30 19.4488
7 96 11.54
7 103 34.842
7 123 16.412
7 192 27.1724
8 0 4.32488
8 45 91.7226
8 148 58.8149
9 0 18.5813
9 49 8.4484
9 52 2
9 57 25.9903
9 93 43.407
9 103 21.167
9 193 5.77513
9 198 7.77899
10 0 24.775
10 4 2.2639
10 26 14.7989
10 59 31.742
10 123 11.2362
10 191 13.0508
11 0 2
11 1 2
11 15 7.12106
11 45 13.7315
11 59 9.4906
11 72 7.37819
11 73 13.5023
11 98 11.7288
11 99 4.00347
11 145 19.0099
11 148 4.36501
12 0 12.0357
12 8 10.9646
12 26 6.85345
12 30 15.7206
12 36 10.1655
12 39 2
12 56 13.6839
12 75 15.509
12 108 7.16216
12 123 8.26346
12 130 18.6781
12 137 20.0515
12 181 8.08655
13 0 11.3403
13 10 12.7281
13 15 2.20358
13 36 2.34444
13 40 4.23213
13 52 11.5763
13 62 5.09579
13 108 18.4795
13 110 8.68334
13 133 11.1923
13 137 23.825
14 0 5.08577
14 4 44.0462
14 58 17.9021
14 73 49.1503
14 79 11.8432
14 114 3.12727
15 0 16.3334
15 1 16.7552
15 17 5.91595
15 53 12.8585
15 114 17.6333
15 144 24.0821
15 145 19.767
15 155 23.303
15 175 24.6219
16 0 31.1429
16 3 12.0745
16 42 16.8383
16 52 22.7701
16 98 10.3502
16 127 14.0639
17 0 11.4136
17 24 17.1824
17 26 12.7166
17 48 10.6534
17 52 2.59084
17 57 12.9369
17 69 8.7224
17 88 13.2
17 103 10.0754
17 130 16.3192
17 137 10.6308
17 151 2
17 153 2
17 157 3.99725
17 166 9.34494
18 0 5.31505
18 44 25.9379
18 54 18.093
18 67 24.3724
18 133 5.35011
18 159 23.4566
18 193 23.1102
19 0 4.08047
19 33 10.3186
19 35 8.5406
19 57 11.206
19 59 16.3081
19 75 2
19 96 14.6146
19 98 12.9691
19 124 2.24504
19 127 10.1483
19 133 3.05372
19 139 7.70656
19 150 19.4342
19 193 5.47617
20 0 12.4966
20 26 57.4255
20 99 37.2374
21 0 12.0431
21 2 2
21 23 10.7851
21 30 15.7787
21 42 9.43728
21 52 15.0504
21 57 8.12227
21 74 13.6543
21 99 5.68818
22 0 13.1817
22 8 9.10541
22 43 25.4087
22 55 19.1617
22 62 27.9115
22 71 16.2196
22 109 24.4734
22 165 19.4734
23 0 30.783
23 15 6.17612
23 36 34.8436
23 79 25.3671
23 123 37.0024
23 140 35.7347
24 0 12.5315
24 20 16.7191
24 39 3.03234
24 48 3.27681
24 63 24.1329
24 69 2.06822
24 88 7.6273
24 103 2.75551
24 104 6.74236
24 113 25.7201
24 137 7.02074
25 0 2.43565
25 30 9.36727
25 39 13.0294
25 53 13.6649
25 56 14.7798
25 63 12.3031
25 79 8.31697
25 81 14.137
25 93 12.4681
25 98 15.3798
25 123 14.4854
25 156 24.3697
26 0 10.2535
26 2 16.5033
26 28 6.20699
26 57 4.16231
26 66 3.35911
26 73 7.63416
26 90 2.03602
26 93 10.6318
26 109 2.33847
26 110 8.46301
26 135 12.1422
26 139 10.1278
26 151 9.46412
26 152 5.26632
26 197 3.18584
27 0 15.2325
27 17 35.6774
27 57 24.6642
27 67 10.466
27 108 11.6128
27 168 3.53038
28 0 11.3076
28 3 23.0796
28 53 14.1187
28 78 3.71938
28 148 11.4929
28 174 7.22707
28 197 25.2858
29 0 5.41454
29 7 14.9092
29 26 12.5504
29 42 2.74779
29 48 4.72071
29 52 7.03689
29 59 2
29 89 17.4601
29 97 4.13229
30 0 9.01907
30 23 3.78538
30 26 11.29
30 61 10.9045
30 62 2
30 75 2
30 89 6.91278
30 93 3.93798
30 103 3.50134
30 109 2.67193
30 127 2.05255
30 143 10.1644
30 156 13.7649
30 182 11.1461
30 183 11.644
31 0 21.3797
31 57 23.7032
31 73 7.70029
31 88 12.4378
31 104 23.7604
31 140 12.0632
31 156 7.76849
31 165 5.62758
32 0 13.6391
32 2 4.74624
32 4 12.3827
32 17 4.2459
32 23 16.2157
32 78 6.70674
32 98 21.0512
32 127 10.4599
32 168 13.8824
33 0 4.14384
33 53 3.69077
33 56 11.7706
33 66 19.1807
33 76 9.13409
33 79 2
33 91 3.48761
33 93 20.6614
33 157 8.38707
33 180 3.68033
34 0 5.15433
34 4 10.3422
34 74 27.7412
34 76 23.7741
34 93 20.973
34 98 31.6586
34 114 27.6298
34 137 2
35 0 10.1326
35 4 30.0508
35 27 6.6082
35 36 29.5712
35 73 2
35 96 29.0084
35 137 3.76837
35 140 2
35 144 23.7409
36 0 10.7763
36 15 4.17132
36 48 10.2522
36 78 2
36 85 15.0806
36 87 2.94437
36 104 15.545
36 127 3.081
36 140 11.4392
36 145 9.42971
36 178 11.2939
37 0 16.0951
37 23 2.37653
37 26 9.46454
37 30 3.44004
37 55 5.63028
37 64 17.7319
37 69 5.6538
37 139 9.25827
37 154 2.35267
37 157 4.13713
37 158 14.6375
38 0 2.4074
38 35 14.984
38 37 2
38 79 5.67935
38 121 31.2109
38 156 15.5358
38 185 21.0688
39 0 12.4568
39 17 2.12734
39 26 2.22334
39 30 9.29172
39 49 29.7884
39 78 13.8255
39 114 8.97175
39 145 5.5109
39 156 5.92877
39 168 19.2188
40 0 8.00977
40 2 4.72601
40 30 5.38867
40 41 6.11469
40 66 17.6981
40 93 6.33054
40 103 4.41777
40 143 3.03124
40 151 6.274
40 178 13.5644
41 0 4.50875
41 17 13.1529
41 67 22.9515
41 113 12.5366
41 114 25.3026
41 120 21.0186
41 123 13.5261
41 159 2
41 179 10.8707
42 0 10.7098
42 17 5.94942
42 39 10.7062
42 72 8.49896
42 76 5.36588
42 79 2.94695
42 82 9.92513
42 88 6.53365
42 89 3.11735
42 145 9.60775
42 180 8.783
42 186 8.84902
43 0 42.203
43 10 17.3696
43 38 26.9164
43 79 6.77883
43 151 17.2013
43 152 2.36854
43 187 10.5193
44 0 4.95132
44 9 8.85826
44 41 3.08585
44 75 2.32252
44 142 7.82486
44 145 14.0966
44 168 9.80498
44 175 22.5773
44 179 3.74112
44 180 7.2622
45 0 8.17002
45 41 5.71067
45 74 16.5917
45 75 2.80166
45 81 7.71687
45 104 7.24076
45 111 19.5414
45 193 2.69234
46 0 15.879
46 63 5.6962
46 78 4.52514
46 115 2.1923
46 117 23.8572
46 120 9.05728
46 140 12.1281
46 144 19.1307
46 179 10.273
47 0 26.9515
47 37 5.3501
47 45 31.4724
47 48 37.1208
47 66 10.9402
47 198 18.1527
48 0 7.70358
48 36 23.4402
48 57 6.3029
48 120 19.3792
48 123 28.8913
48 127 6.0601
48 168 30.82
48 198 6.23401
49 0 2.27668
49 4 2
49 53 11.0334
49 63 8.55701
49 75 8.92386
49 104 21.8123
49 110 5.51392
49 124 15.7787
49 140 2.41314
49 165 8.88925
49 178 3.87141
50 0 19.4371
50 33 5.66123
50 66 4.30056
50 79 27.5668
50 114 3.43263
50 118 20.7766
50 119 6.38994
50 139 12.4572
50 143 4.582
50 168 6.43718
51 0 3.03746
51 72 8.95072
51 75 8.00319
51 77 18.4667
51 96 25.2466
51 103 17.5735
51 154 17.0011
51 155 9.20276
51 168 27.4812
52 0 7.04577
52 10 6.84955
52 26 5.04651
52 31 2.17802
52 33 3.07591
52 36 9.45126
52 38 2
52 63 5.55779
52 69 4.64981
52 74 15.0178
52 93 12.9879
52 95 15.3184
52 139 2.02127
52 175 5.96641
52 193 9.74548
53 0 27.1431
53 53 31.592
53 79 11.1986
53 105 14.4996
53 115 2.35832
54 0 33.4074
54 93 23.1259
54 103 4.99533
54 121 25.9573
54 140 17.8303
54 144 16.5121
54 159 24.5835
55 0 5.71844
55 23 2
55 28 16.8278
55 39 9.03055
55 49 9.70412
55 62 6.50774
55 73 7.77258
55 74 4.02323
55 79 2
55 97 5.67412
55 103 2
55 108 4.05449
55 145 4.41891
55 157 10.6476
55 178 3.7629
55 179 2.40323
55 186 4.94827
56 0 24.2405
56 3 2.28389
56 36 21.0059
56 42 2
56 53 4.88677
57 0 16.8022
57 4 7.20574
57 30 25.505
57 67 13.0425
57 128 8.38247
57 148 30.9479
57 180 28.816
58 0 32.8664
58 20 5.90004
58 26 16.6308
58 59 4.88594
58 79 5.37736
58 110 24.4758
58 193 34.0275
59 0 2
59 39 28.2293
59 64 3.14914
59 104 14.1112
59 118 17.4609
59 176 21.8453
60 0 4.58812
60 8 7.61309
60 10 12.2718
60 38 18.0909
60 40 2.17381
60 63 8.81993
60 79 16.1226
60 88 11.9821
60 108 17.9811
60 145 5.70147
60 168 7.11653
61 0 4.88406
61 4 17.3593
61 17 3.681
61 42 7.31164
61 52 13.4327
61 72 42.2728
61 108 17.1618
62 0 27.2038
62 48 29.0752
62 57 18.3573
62 84 3.82281
62 159 9.16673
62 175 12.2438
62 179 11.7127
62 191 31.5375
63 0 84.6797
63 197 113.81
64 0 8.43824
64 2 9.90955
64 26 2
64 41 5.87686
64 46 2
64 53 6.51
64 60 11.2044
64 63 9.35039
64 97 12.458
64 113 7.6194
64 115 13.5273
64 127 2
64 129 3.82653
64 164 11.8393
64 171 15.2839
65 0 9.77708
65 2 18.629
65 40 9.0736
65 55 17.8744
65 57 9.80646
65 63 3.98739
65 97 21.0509
65 112 4.65588
65 144 7.09189
65 154 14.1511
66 0 12.4971
66 62 18.7904
66 73 2.40468
66 74 10.162
66 97 11.1333
66 113 25.676
66 116 2
67 0 23.2442
67 52 14.901
67 113 15.0388
67 178 23.0892
67 193 9.35464
68 0 20.0119
68 2 11.6279
68 23 15.9227
68 67 7.38964
68 75 17.7767
68 86 6.61298
68 108 14.3459
68 159 9.72268
69 0 2.93014
69 35 15.1337
69 56 2
69 57 12.4621
69 59 10.6962
69 67 4.02227
69 78 4.92649
69 79 9.27238
69 154 7.61917
69 156 2
69 159 4.66693
69 180 7.81025
70 0 4.05578
70 57 4.02882
70 59 2.47737
70 63 16.7189
70 72 16.0509
70 88 14.7638
70 98 4.94629
70 116 16.5355
70 148 25.4188
70 152 16.8498
70 187 11.6988
71 0 14.3403
71 48 11.7431
71 57 27.329
71 76 34.9773
71 88 33.2079
71 112 4.89805
72 0 2.33937
72 30 26.9108
72 57 23.5437
72 73 27.2657
72 96 3.24988
72 103 5.25615
72 143 17.4899
73 0 40.9325
73 23 21.889
73 69 14.6256
73 88 2
73 135 18.3001
73 148 12.731
74 0 5.56671
74 38 17.8057
74 45 22.1684
74 110 16.5991
74 145 26.1026
74 175 7.78011
74 180 23.394
74 189 8.79407
75 0 15.3141
75 4 16.7088
75 17 2.19377
75 108 13.503
75 116 10.013
75 121 3.85801
75 130 15.9568
75 171 2.362
75 193 20.5191
76 0 2
76 10 12.6321
76 42 8.59812
76 58 26.0151
76 123 23.924
76 137 4.37388
76 148 24.5645
76 170 4.66255
76 180 10.8788
77 0 7.73222
77 4 10.229
77 75 18.6899
77 138 13.3995
77 145 2
77 149 16.9966
77 178 2.45291
77 198 6.82769
78 0 5.43424
78 23 5.85991
78 36 7.68286
78 73 22.0082
78 77 11.5325
78 114 2
78 129 18.3703
78 152 14.6258
78 154 5.30317
79 0 12.961
79 27 71.7946
79 64 100.69
80 0 19.4279
80 55 7.69269
80 66 23.4488
80 78 7.975
80 97 16.7622
80 127 15.2194
80 175 14.0228
81 0 18.2499
81 24 57.5289
81 57 17.669
81 168 34.4279
81 179 39.9226
82 0 10.076
82 15 28.1065
82 17 20.3002
82 23 2.41356
82 48 17.799
82 53 2.03086
82 76 5.16274
82 119 8.30826
82 145 5.07458
82 151 15.0224
82 158 9.20167
83 0 3.88285
83 8 6.75358
83 53 6.74441
83 73 3.59853
83 75 13.3004
83 116 18.8991
83 133 12.0956
83 153 27.926
84 0 10.2409
84 2 26.6831
84 8 15.6178
84 64 26.7539
84 172 20.1286
85 0 22.556
85 26 24.8132
85 39 10.1644
85 40 22.3012
85 75 34.7594
85 108 14.7271
85 114 14.6743
85 123 16.5513
85 156 26.6215
86 0 3.07456
86 23 9.29164
86 59 18.0583
86 96 14.168
86 104 8.18371
86 113 15.2015
86 137 13.0733
86 142 15.8834
86 168 3.16363
86 193 6.69957
86 197 2.39279
87 0 14.4214
87 72 2
87 112 18.0025
87 119 3.09688
87 137 4.25763
87 140 23.7547
88 0 11.8494
88 17 8.61305
88 23 16.6282
88 38 19.0489
88 87 15.9244
88 88 17.4389
88 106 12.617
88 108 15.3093
88 116 14.6518
88 120 4.98721
88 166 5.4723
88 196 2
89 0 8.76096
89 2 10.6511
89 4 2
89 23 2
89 26 2.01226
89 49 8.20941
89 63 2
89 64 3.80607
89 103 12.336
89 117 7.91419
89 129 2.63226
89 146 12.7248
89 174 9.28149
89 175 11.8524
89 180 3.85882
89 182 4.34159
89 183 9.88625
89 193 15.4255
90 0 7.24669
90 38 5.41088
90 39 12.1928
90 55 7.71367
90 78 14.7583
90 108 3.0317
90 113 12.9774
90 116 10.5041
90 125 9.65428
90 157 2.23165
90 189 2
91 0 15.0711
91 2 7.54538
91 26 30.2299
91 37 24.5977
91 98 26.9361
91 168 16.2597
91 174 20.9702
91 175 6.18672
92 0 2
92 4 25.2054
92 55 14.1946
92 57 9.21477
92 59 2
92 72 11.7724
92 74 2.8966
92 88 3.94221
92 98 8.32901
92 114 15.8939
92 148 6.89448
92 151 4.48508
92 195 13.8091
93 0 2
93 27 11.1768
93 73 11.4259
93 75 12.5118
93 88 17.0042
93 108 10.0136
93 136 7.98357
93 139 15.8632
93 148 4.24564
93 154 2
93 180 9.03564
94 0 9.4607
94 23 9.54039
94 24 10.8578
94 26 12.8618
94 59 3.75082
94 67 6.13698
94 74 8.61765
94 120 16.4861
94 127 2.28655
94 145 23.761
94 172 2
95 0 33.1465
95 12 14.8577
95 38 17.8214
95 64 2
95 72 11.5798
95 79 5.32429
95 97 7.5825
95 123 4.15605
95 133 4.89583
95 151 4.69963
95 174 9.89743
96 0 21.3349
96 7 27.9902
96 30 37.2379
96 35 5.29911
96 93 18.083
96 108 10.502
96 113 29.8675
96 142 7.84228
97 0 7.01796
97 30 29.9829
97 40 28.1103
97 85 37.1468
97 89 9.01302
97 108 5.71252
98 0 9.11777
98 39 33.927
98 114 58.2386
98 120 14.7416
99 0 3.73514
99 27 6.1222
99 53 10.0953
99 78 21.2841
99 166 33.4426
100 0 20.4541
100 20 9.12419
100 49 4.49479
100 99 13.5611
100 140 19.7425
100 151 21.0446
100 181 14.0098
101 0 3.47111
101 4 8.61269
101 23 12.1963
101 109 9.15311
101 130 29.7329
101 141 36.2834
101 154 15.0825
102 0 13.072
102 51 11.5116
102 93 11.6045
102 123 2
102 133 14.0499
102 148 2
102 171 14.145
102 179 19.399
102 189 23.4155
103 0 10.131
103 4 12.2353
103 27 8.16952
103 30 29.4923
103 32 33.3628
103 44 10.9373
103 80 19.3074
103 129 30.7438
103 175 16.5992
104 0 3.95576
104 26 25.7538
104 44 18.3846
104 48 10.8915
104 57 22.6735
104 74 17.7129
104 115 30.8333
104 125 18.5158
104 162 11.2367
105 0 26.5395
105 10 20.1177
105 44 5.29117
105 57 7.50226
105 74 25.9383
105 104 19.5095
105 120 3.40686
105 124 2.36744
105 175 8.52848
106 0 26.3884
106 9 18.6834
106 74 23.0413
106 104 10.915
106 113 13.9616
106 148 25.7988
106 160 17.8414
107 0 3.23855
107 33 9.00118
107 103 15.4824
107 110 24.0002
107 139 11.8897
107 148 8.22293
107 153 13.0192
107 175 17.6905
108 0 13.2637
108 6 5.65902
108 48 15.2286
108 88 5.90095
108 91 36.0023
108 151 17.4284
108 160 31.758
108 178 2.91629
108 180 8.69158
109 0 10.7769
109 10 14.2452
109 57 2.12823
109 72 10.2065
109 88 6.24345
109 108 13.3643
109 111 7.31735
109 114 16.4075
109 124 5.14907
109 163 9.11796
109 171 9.09218
110 0 9.49092
110 19 4.52425
110 36 5.31693
110 45 4.48678
110 73 3.08558
110 98 17.1785
110 108 15.4596
110 123 15.8347
110 178 12.0333
111 0 5.22843
111 19 23.215
111 52 15.7757
111 69 6.96514
111 78 33.3273
111 127 17.1336
111 143 18.862
111 145 6.57797
112 0 6.33556
112 4 17.0709
112 30 4.65617
112 36 21.3316
112 62 2.04609
112 71 9.43407
112 88 17.8313
112 93 5.9993
112 104 12.542
112 123 11.2026
112 133 12.5655
112 170 17.2434
113 0 2.62293
113 48 6.32741
113 59 2.07216
113 82 23.2049
113 85 2
113 91 3.01581
113 132 13.3159
113 143 17.5405
113 144 14.5104
113 145 2
113 148 5.74584
114 0 8.57742
114 4 12.8007
114 30 12.0905
114 31 6.62064
114 59 3.75887
114 63 22.1007
114 98 19.6428
114 133 22.426
114 140 4.78835
114 145 12.2452
114 148 7.14692
114 175 3.75672
115 0 9.061
115 30 19.1303
115 54 9.49403
115 57 2.63901
115 62 6.76581
115 79 19.2653
115 94 19.6017
115 138 14.861
115 175 11.7428
116 0 37.7763
116 32 33.3516
116 110 33.2317
116 136 17.842
117 0 15.8857
117 40 6.37358
117 49 10.2954
117 57 15.4942
117 79 7.91423
117 85 11.1212
117 93 7.79608
117 117 12.1509
117 144 5.31598
117 145 5.75806
117 178 3.74321
117 179 10.0007
117 181 15.4035
118 0 8.95744
118 35 11.6912
118 36 13.2547
118 43 20.9188
118 53 12.7391
118 55 7.58709
118 57 2.19125
118 103 13.7984
118 113 20.0516
118 143 9.14554
119 0 3.77394
119 17 7.80126
119 38 15.3931
119 55 7.5019
119 59 2.66033
119 75 12.4214
119 78 13.4482
119 140 4.32898
119 145 19.5412
119 170 22.3893
119 178 9.49908
120 0 4.95452
120 44 2.35655
120 57 14.7549
120 66 15.3125
120 75 17.0813
120 136 17.7441
120 160 21.1563
120 172 8.45534
120 174 5.12235
121 0 13.2502
121 23 2.32564
121 27 3.46633
121 30 16.7839
121 42 2.90319
121 62 2.75119
121 67 2
121 76 2
121 109 17.937
121 113 10.9879
121 145 6.41986
121 148 5.33994
121 168 4.61074
121 176 6.13707
121 185 13.4477
122 0 18.6722
122 17 17.0871
122 168 24.4881
123 0 25.0881
123 69 2.0359
123 108 12.2348
123 130 30.3378
123 151 16.8159
123 159 3.325
124 0 25.7494
124 4 13.9218
124 15 8.76396
124 63 9.36885
124 64 4.94765
124 78 5.03521
124 97 2
124 99 10.985
124 193 7.06669
125 0 33.8377
125 75 9.66332
125 76 4.18338
125 148 52.267
126 0 5.73128
126 3 13.9031
126 26 13.9351
126 33 12.1329
126 66 4.98508
126 75 13.2435
126 80 15.6376
126 109 11.0964
126 159 10.3587
126 168 2.3516
127 0 19.8863
127 10 19.4132
127 20 19.4995
127 42 36.7982
127 72 15.7802
127 140 38.1017
128 0 3.4678
128 19 11.7983
128 80 41.9691
128 133 4.16843
128 145 3.18936
129 0 7.15714
129 20 8.97068
129 24 5.07257
129 57 14.4269
129 63 19.1344
129 77 13.3212
129 79 14.3328
129 93 21.0365
129 106 13.5466
129 178 23.1266
130 0 36.1474
130 23 19.3861
130 48 46.2136
130 131 21.9811
130 133 47.4222
130 179 19.3607
130 180 22.7341
131 0 14.5661
131 28 2
131 38 28.4991
131 40 13.7612
131 77 7.937
131 116 7.88492
131 118 10.5841
132 0 8.59265
132 43 3.96725
132 48 9.73038
132 57 12.479
132 59 14.6435
132 67 2
132 79 3.19185
132 87 2
132 101 6.34895
132 123 10.6513
132 133 10.1737
132 138 15.9236
132 149 11.4716
132 151 7.76143
132 153 8.12595
132 158 5.44014
132 174 7.09289
133 0 4.5359
133 17 7.28491
133 23 2
133 39 28.9376
133 55 17.3258
133 59 17.6347
133 71 11.3049
133 76 6.31531
133 175 12.2289
134 0 18.8798
134 117 4.80901
134 133 30.7431
134 144 23.5818
134 145 10.0219
134 152 2
134 165 34.1311
135 0 2
135 35 2
135 41 10.0774
135 66 5.57962
135 72 6.14857
135 74 2.09224
135 76 7.10745
135 77 10.9724
135 96 4.89716
135 98 15.4805
135 114 12.7261
135 127 2
135 130 2
135 168 3.90129
135 195 4.60603
136 0 3.11638
136 24 16.1328
136 26 2
136 42 9.6652
136 53 18.3934
136 63 12.5298
136 64 11.3992
136 78 18.1953
136 148 13.0025
136 191 13.785
137 0 21.0657
137 30 16.4331
137 38 2
137 40 21.3013
137 103 26.8883
137 114 3.28909
137 125 26.835
137 175 3.10522
137 180 6.31406
137 184 12.5285
138 0 10.8669
138 27 3.2059
138 35 9.00538
138 36 4.56477
138 44 8.43828
138 51 9.95197
138 58 8.87027
138 63 9.7587
138 65 8.81011
138 75 12.2927
138 79 2.86634
138 118 13.3355
138 145 14.8744
138 151 3.32374
139 0 2.47026
139 23 4.68125
139 39 18.5444
139 44 10.9571
139 56 6.21458
139 93 10.582
139 104 12.0264
139 113 7.98419
139 140 6.87416
139 175 3.37353
139 198 6.04193
140 0 15.3362
140 3 9.05204
140 26 9.17981
140 40 17.0484
140 48 10.0621
140 57 4.47402
140 58 4.8362
140 66 16.095
140 68 2.43034
140 79 4.98636
140 88 11.3425
140 111 17.1473
140 119 4.28311
140 175 6.78747
140 181 5.73343
141 0 7.56835
141 55 3.05013
141 57 2
141 59 2
141 75 9.49122
141 76 8.27859
141 164 14.2446
141 175 15.7749
142 0 46.7768
142 72 44.2723
142 136 33.2586
142 157 24.4492
142 171 9.56381
143 0 24.5347
143 3 3.62571
143 51 18.1013
143 79 12.2294
143 98 2
143 106 19.0733
143 109 6.56016
143 120 9.17813
143 145 3.10247
143 175 7.0888
143 183 14.159
144 0 11.8307
144 69 22.3052
144 76 2.27628
144 104 31.839
144 127 7.00048
144 159 17.7325
144 168 17.3641
145 0 13.4673
145 8 14.936
145 27 4.96381
145 48 15.9301
145 63 5.62695
145 99 6.25992
145 139 2.69187
145 143 7.99546
145 144 13.7905
145 145 15.1202
145 175 12.5801
146 0 3.10247
146 19 15.941
146 63 2.68295
146 67 7.41845
146 71 7.93496
146 79 11.7254
146 104 11.7927
146 114 2
146 128 9.81478
146 140 15.9168
146 154 16.41
146 156 4.18431
146 175 10.9414
147 0 4.62387
147 8 10.4266
147 20 12.3635
147 26 8.43266
147 27 2.42828
147 38 2
147 45 8.36072
147 53 6.82011
147 59 12.2098
147 93 20.2945
147 104 2.99899
147 145 21.4088
147 153 16.5663
147 189 2
148 0 21.5461
148 2 12.2577
148 38 33.6999
148 62 9.01227
148 74 12.5935
148 137 4.90159
149 0 24.3549
149 39 3.77505
149 40 6.60366
149 66 19.5745
149 80 14.4955
149 98 3.31977
149 127 15.933
149 149 3.68379
149 168 7.71503
150 0 11.0105
150 12 20.849
150 27 2
150 33 9.80352
150 37 11.6845
150 38 2
150 42 2.94486
150 63 7.14066
150 74 2.75705
150 79 2.32501
150 137 2
150 175 2.82532
150 187 16.2609
151 0 23.9866
151 19 11.0616
151 69 26.5417
151 87 18.3896
151 127 17.2691
151 140 3.3639
151 172 19.0898
151 193 24.4861
152 0 25.3542
152 36 9.20921
152 66 21.1194
152 73 20.8024
152 80 10.8713
152 127 8.11179
152 165 30.9552
152 198 16.1868
153 0 8.68862
153 4 23.1545
153 23 15.9503
153 24 14.4766
153 57 19.1815
153 108 12.2307
153 129 4.20416
153 175 11.0944
153 177 10.4284
154 0 10.6595
154 4 2.27319
154 44 14.4805
154 59 12.816
154 73 2.07041
154 79 15.3358
154 88 19.094
154 114 2.16862
154 121 2
154 130 23.438
155 0 24.6605
155 26 7.43943
155 49 22.9355
155 72 22.195
155 112 9.11094
155 115 27.8794
155 156 9.44956
156 0 4.23211
156 48 7.28818
156 52 14.0579
156 63 9.24618
156 73 2.34809
156 93 12.4013
156 123 15.9713
157 0 2.88882
157 155 2.29253
157 168 38.8239
157 178 22.0427
158 0 3.07998
158 17 13.5132
158 24 5.55164
158 45 10.1921
158 63 16.377
158 104 3.87128
158 110 11.3835
158 114 12.9188
158 148 11.928
158 175 4.63502
158 183 15.147
159 0 3.16722
159 41 18.1792
159 63 17.0943
159 74 7.04828
159 76 2.91601
159 93 5.99144
159 96 9.28006
159 103 2
159 116 3.11784
159 182 3.20416
159 183 5.60589
159 193 9.71485
160 0 3.22212
160 32 2.02761
160 35 9.63116
160 38 8.65601
160 57 6.51369
160 79 16.449
160 107 2
160 126 8.1923
160 179 2
160 189 13.3534
161 0 16.9108
161 4 13.914
161 39 18.185
161 66 13.8671
161 93 27.1091
161 98 9.23595
161 170 7.15536
161 171 9.8165
161 179 23.8754
162 0 26.6634
162 30 20.8436
162 35 7.40212
162 57 25.8885
162 69 7.59092
162 175 29.5239
163 0 26.2041
163 39 7.08385
163 55 2
163 98 13.7463
163 138 2
163 153 6.50024
163 177 24.3584
163 189 8.43906
164 0 5.95667
164 17 14.3245
164 26 8.51764
164 30 16.0308
164 36 14.2483
164 39 8.06973
164 40 2
164 51 4.63442
164 125 14.1629
164 140 12.7202
164 182 14.2813
165 0 17.9642
165 17 2.50744
165 26 8.44301
165 30 2
165 43 10.8295
165 57 11.3552
165 64 5.83733
165 67 13.6682
165 75 7.984
165 79 2
165 145 11.1012
165 148 9.26563
165 157 13.9129
165 159 12.9628
165 189 5.3281
166 0 2.11344
166 2 3.20613
166 17 11.1124
166 22 14.1918
166 48 7.02102
166 53 9.2679
166 77 14.4875
166 116 20.3906
166 140 2
166 145 2
166 149 9.08978
166 165 5.6571
166 174 12.3913
167 0 34.3794
167 72 25.6217
167 79 3.1639
167 87 15.2151
167 97 23.5018
167 152 15.3636
167 193 5.47206
168 0 17.1968
168 4 3.25205
168 12 16.1398
168 23 14.5891
168 26 27.8159
168 63 6.35699
168 103 22.8197
168 127 4.08312
169 0 3.84233
169 28 19.5993
169 52 12.2119
169 59 41.8113
169 89 6.52479
169 104 5.50839
169 178 11.2572
170 0 4.82074
170 36 5.97552
170 72 26.8338
170 79 3.57646
170 97 6.81321
170 98 12.763
170 127 2
170 144 12.6419
170 145 2
170 165 2.87615
170 189 8.10138
171 0 15.97
171 39 6.41022
171 46 23.1627
171 53 16.1862
171 73 6.37723
171 74 3.26746
171 76 3.31305
171 116 6.43795
171 133 9.8509
171 168 7.4734
171 180 13.3265
172 0 12.8009
172 66 13.527
172 82 7.59362
172 114 9.58699
172 128 18.5556
172 139 6.9856
172 140 25.1785
173 0 25.4618
173 3 7.47995
173 26 23.0339
173 38 8.15182
173 45 11.3975
173 59 6.4185
173 66 29.4132
173 79 2
173 151 5.4013
173 183 16.6785
174 0 29.6894
174 2 27.8064
174 51 23.0635
174 53 37.0489
174 96 19.3334
174 165 22.6083
175 0 124.855
175 79 14.3453
175 163 53.1462
176 0 18.5091
176 38 17.2255
176 53 10.4872
176 61 21.6978
176 77 15.3599
176 111 29.1735
176 145 16.8175
176 196 4.27633
177 0 7.9541
177 10 16.6961
177 30 27.8318
177 57 6.13853
177 88 5.38077
177 89 4.36218
177 113 12.3306
177 144 8.61752
177 170 16.1659
178 0 8.65482
178 30 11.2574
178 57 10.5307
178 72 13.0234
178 76 2
178 79 7.30774
178 80 8.24223
178 113 6.78119
178 114 8.56775
178 140 19.8869
178 144 17.1135
178 173 9.36208
178 197 2.34122
179 0 12.9105
179 26 2
179 39 4.50438
179 45 5.41826
179 66 16.1689
179 73 5.21099
179 102 8.63315
179 109 7.49937
179 113 12.6026
179 118 7.26579
179 123 2
179 130 11.3796
179 134 14.216
179 144 3.53588
179 179 2
180 0 34.0827
180 24 30.1142
180 30 12.9096
180 35 15.6703
180 66 21.5925
180 98 16.5472
180 127 18.8039
181 0 10.4573
181 1 38.4927
181 93 4.89971
181 137 7.22933
181 174 19.3521
181 189 6.23677
182 0 16.5926
182 36 20.2594
182 58 7.42677
182 79 3.91492
182 104 4.09229
182 130 10.0703
182 145 24.9886
182 175 11.7729
182 177 5.43972
183 0 11.7431
183 39 17.908
183 48 19.1746
183 67 7.35688
183 72 30.4909
183 98 2.19598
183 172 23.5854
183 179 17.0132
184 0 3.86125
184 20 9.16679
184 23 13.7797
184 57 13.4956
184 74 11.8189
184 104 6.08642
184 110 17.1019
184 127 14.9549
184 143 20.4355
184 148 7.15031
184 154 16.9234
184 193 12.8491
185 0 8.54011
185 37 3.64945
185 62 9.32465
185 63 14.2274
185 67 14.0371
185 123 13.8006
185 136 7.84693
185 143 16.188
185 168 13.1039
185 197 5.228
186 0 12.9454
186 26 25.0853
186 35 18.109
186 38 18.9258
186 111 2
186 159 35.7283
187 0 3.29664
187 32 26.6455
187 51 18.4094
187 82 10.3596
187 112 14.5757
187 127 6.37394
187 137 22.7629
188 0 6.73251
188 1 18.8813
188 26 5.73864
188 103 3.74533
188 154 19.096
188 156 21.1494
188 168 6.3683
189 0 20.2221
189 23 18.8032
189 38 9.65921
189 45 26.2767
189 59 2
189 104 7.30605
190 0 7.44732
190 10 2.90678
190 12 2.07424
190 45 18.446
190 52 9.94188
190 53 12.5441
190 74 4.27103
190 78 4.73414
190 90 4.17753
190 106 8.81728
190 140 9.81169
190 145 7.75727
190 148 5.86228
191 0 15.2347
191 26 33.4177
191 64 18.6185
191 75 2.23366
191 130 19.6397
192 0 20.6886
192 10 13.439
192 29 8.05562
192 35 3.83481
192 66 12.3436
192 127 3.14253
192 133 6.74392
192 145 7.84415
193 0 34.6198
193 26 3.835
193 49 10.4246
193 59 7.43556
193 73 18.3845
193 76 18.0916
193 104 5.33566
194 0 2.39901
194 27 28.1002
194 38 16.076
194 66 7.43577
194 69 8.6963
194 78 3.70219
194 124 13.6509
194 127 3.03715
194 140 19.8507
194 175 14.2796
194 192 14.0593
195 0 16.6729
195 4 20.6609
195 17 6.12561
195 35 10.8761
195 43 13.3371
195 48 9.36519
195 74 20.1001
195 145 10.9938
195 159 16.9724
195 186 2
196 0 32.6585
196 59 3.58052
196 88 35.8808
196 115 15.8742
196 116 19.9586
196 175 8.54905
197 0 3.22872
197 13 10.6556
197 17 10.4035
197 36 6.63861
197 39 10.566
197 100 12.7177
197 104 24.9572
197 116 15.0721
197 127 6.16909
197 139 6.3982
198 0 24.6834
198 24 2
198 37 5.39458
198 48 7.71356
198 57 2
198 61 15.5009
198 63 4.96477
198 79 9.03479
198 88 10.1234
198 155 8.63682
198 173 2.97841
198 197 3.00941
199 0 7.2405
199 76 8.44597
199 93 30.0223
199 96 3.62511
199 127 19.8765
199 142 35.8756
