300 300 2400
0 0 16.7221
0 38 20.3403
0 42 5.46377
0 43 3.9959
0 172 11.8139
0 245 20.4003
0 257 11.5712
0 284 10.3645
1 0 16.0788
1 8 8.72008
1 40 16.9777
1 77 6.69466
1 108 3.01326
1 138 3.66967
1 147 2.52183
1 148 7.08008
1 151 10.2823
1 159 2.10352
1 160 7.88809
1 175 5.31701
1 187 7.49957
1 212 4.52802
1 238 11.3879
2 0 12.1476
2 72 33.4493
2 137 22.4958
2 151 49.5722
2 279 4.48822
3 0 2.93232
3 15 13.4189
3 51 2
3 79 12.9047
3 82 7.88789
3 111 10.1113
3 164 10.0451
3 172 12.9082
3 198 21.9361
3 215 18.1473
3 250 17.0166
4 0 2
4 9 7.73138
4 42 7.28155
4 53 7.82014
4 54 5.16793
4 141 9.11845
4 151 2
4 198 2
4 209 8.57961
4 211 2.8142
4 286 2
5 0 68.9145
5 11 13.4356
5 72 16.186
5 157 38.5159
5 294 38.3073
6 0 2.02129
6 114 3.19913
6 124 38.6846
6 217 5.06021
6 221 9.72643
6 232 17.6382
7 0 9.92893
7 7 2
7 17 6.75305
7 49 7.37588
7 53 5.18069
7 101 6.18882
7 108 9.10156
7 147 25.8707
7 207 8.50818
7 227 2
7 238 14.4892
7 286 7.76907
8 0 18.1839
8 7 8.60657
8 11 11.3378
8 76 2
8 135 15.0589
8 172 17.9541
8 202 14.8287
8 223 14.8166
8 279 13.5134
9 0 11.5495
9 48 8.82817
9 80 16.2391
9 104 3.76496
9 109 4.74735
9 139 7.88194
9 147 8.95683
9 151 12.036
9 193 2.30691
9 200 9.69368
9 215 5.32765
9 229 16.8687
9 238 15.0155
9 299 7.70964
10 0 5.98603
10 111 9.87314
10 148 32.2059
10 172 23.3028
10 176 29.1858
10 202 12.9056
10 283 2
11 0 18.0283
11 7 6.14173
11 20 6.40042
11 45 2.98261
11 48 18.2828
11 109 16.411
11 206 11.5981
11 234 21.1385
11 292 2
12 0 7.67945
12 10 11.5986
12 12 10.7862
12 41 12.6193
12 54 8.0651
12 65 2
12 74 3.96886
12 182 17.412
12 232 15.6026
12 238 4.61857
12 268 14.9262
12 287 4.88702
13 0 12.5745
13 10 12.0637
13 89 22.8288
13 102 4.49545
13 113 3.31987
13 132 2
13 187 12.9679
13 202 24.2678
13 213 3.10364
13 295 20.5822
14 0 2.00475
14 36 18.4692
14 43 39.7107
14 161 34.7482
14 268 6.15268
15 0 22.6186
15 148 9.70197
15 155 9.65479
15 211 12.2139
15 215 22.339
15 219 31.2939
15 231 7.61239
15 278 4.67696
16 0 27.671
16 130 20.923
16 151 9.66478
16 156 17.9807
16 232 5.73227
17 0 10.2334
17 85 9.32181
17 109 18.048
17 120 19.2336
17 128 12.9747
17 156 23.8242
17 214 7.73461
17 227 23.5579
17 294 12.8628
17 298 9.44663
18 0 10.883
18 16 12.8095
18 77 6.81583
18 129 6.26146
18 132 12.8932
18 184 16.0464
18 221 18.4846
18 235 11.6106
18 279 12.676
18 282 17.2019
19 0 13.706
19 9 19.4658
19 28 9.90177
19 30 11.6952
19 98 24.4272
19 109 8.41589
19 129 8.38671
19 213 19.1785
19 217 21.8805
19 273 7.35696
19 284 7.5073
20 0 3.51214
20 36 12.534
20 54 10.66
20 63 18.6432
20 68 23.5069
20 128 6.68818
20 129 2
20 139 2.41766
20 232 9.60021
20 249 6.65287
20 278 2.08041
21 0 24.1092
21 132 2
21 156 35.6053
21 194 22.6839
21 215 18.8535
21 299 4.94505
22 0 9.15057
22 128 30.1444
22 135 28.3214
22 172 18.484
22 193 10.5037
22 209 2
22 277 20.6261
22 279 13.6283
23 0 13.1215
23 45 26.0382
23 100 9.48734
23 149 21.8643
23 159 3.44889
23 198 17.4245
23 200 24.9559
23 294 10.1538
24 0 6.66196
24 1 13.7779
24 8 17.8639
24 24 13.1801
24 74 2
24 164 2.68452
24 283 13.0565
24 288 3.75622
24 290 14.5453
25 0 8.61503
25 12 10.4343
25 56 9.15243
25 121 10.6681
25 139 9.86938
25 182 26.7699
25 209 6.84304
25 214 19.6083
25 217 20.1912
26 0 9.01764
26 6 9.85807
26 10 11.4687
26 34 4.24419
26 74 2
26 111 7.7825
26 140 9.57366
26 153 5.7653
26 171 10.8415
26 175 12.1775
26 206 2.14816
26 281 8.90018
26 284 6.38362
26 290 11.2082
26 294 8.78189
26 297 2
27 0 18.7969
27 103 11.4355
27 112 26.345
27 152 13.3561
27 178 14.9618
27 227 12.4047
27 238 3.29016
27 241 10.3139
27 277 20.0298
28 0 13.3084
28 75 8.20834
28 100 7.28954
28 123 6.07853
28 149 13.9635
28 150 24.1207
28 151 10.8542
28 207 14.252
28 277 2
28 299 13.4875
29 0 25.2259
29 139 22.3874
29 140 30.3536
29 148 12.8025
29 151 2.69172
29 164 18.5626
29 232 6.83032
29 245 7.5362
29 268 7.64825
29 290 8.39044
30 0 3.1561
30 6 9.01373
30 7 3.95319
30 74 23.1927
30 212 27.1289
30 257 18.9011
30 274 27.3176
30 279 36.7425
31 0 8.4755
31 10 13.4045
31 19 12.4433
31 74 2
31 88 2
31 137 17.6685
31 217 9.27659
31 234 2.59563
31 263 5.06267
32 0 28.1
32 34 9.14459
32 150 22.2914
32 159 5.88097
32 191 8.00648
32 266 17.0377
32 283 13.4938
32 284 12.9776
32 297 15.1187
32 299 4.51787
33 0 15.2736
33 13 6.43399
33 58 5.52305
33 72 2
33 151 2
33 193 11.8975
33 198 9.91111
33 224 2
33 276 8.64208
33 277 10.7391
33 279 14.928
34 0 77.5506
34 144 11.5056
34 206 60.235
34 227 7.13542
35 0 7.81458
35 6 3.61904
35 107 12.7724
35 111 8.34576
35 118 9.84622
35 159 5.20119
35 206 3.17363
35 210 15.1774
35 213 21.6937
35 236 13.7663
35 249 6.19782
35 279 10.6381
36 0 2
36 7 5.46003
36 62 13.9055
36 71 10.9383
36 111 11.6325
36 116 20.8891
36 120 34.7145
36 213 16.8798
37 0 7.95497
37 10 30.5108
37 62 26.9346
37 82 20.2036
37 100 15.2928
37 108 21.6779
37 151 3.94253
37 190 4.07875
37 206 9.94253
37 253 9.60355
38 0 14.8371
38 109 2.87572
38 135 2
38 139 21.0397
38 161 30.3539
38 217 25.6167
38 232 27.251
38 291 22.522
39 0 17.7267
39 10 2
39 13 13.3918
39 45 10.7618
39 109 11.507
39 178 16.3763
39 231 15.5461
39 241 21.4762
40 0 11.5568
40 6 7.33337
40 11 5.52449
40 13 7.61062
40 36 16.0956
40 54 9.64816
40 125 2.28034
40 130 4.99635
40 197 9.22318
40 202 2
40 228 7.7245
40 278 11.6902
40 283 6.81766
41 0 4.67552
41 18 2.87107
41 34 13.5392
41 41 28.1102
41 45 5.22135
41 109 25.4575
41 120 5.97413
41 145 12.1164
41 151 11.1095
41 153 2.63909
41 166 13.9307
42 0 12.9213
42 20 4.69916
42 24 2.75703
42 148 10.6351
42 162 9.98844
42 194 12.2786
42 199 6.71703
42 214 11.53
42 232 11.0426
42 257 3.71736
42 284 4.83082
42 293 7.02493
43 0 17.1809
43 63 4.357
43 89 12.7745
43 124 7.49926
43 146 2
43 147 5.07893
43 151 23.3971
43 166 8.19212
43 172 5.88039
43 262 3.19632
43 284 10.1793
43 288 9.05805
44 0 27.0526
44 96 22.5531
44 241 11.1116
44 253 16.685
44 299 39.5586
45 0 9.25146
45 21 27.9987
45 35 3.02514
45 166 11.2846
45 172 2
45 190 14.4555
45 191 23.4895
45 211 9.7137
45 220 21.0121
45 224 2
46 0 16.7176
46 156 9.36766
46 176 16.4206
46 266 34.3431
47 0 16.4798
47 17 10.4846
47 40 23.3797
47 107 22.3729
47 180 17.1617
47 209 25.6797
47 212 3.05316
47 249 15.3066
47 278 22.2551
47 287 12.3107
48 0 13.2759
48 54 2
48 63 3.56688
48 75 2.11086
48 108 7.69783
48 111 18.1366
48 132 22.2928
48 190 16.4554
48 215 15.3449
49 0 3.93153
49 30 2.29297
49 49 2
49 61 8.33265
49 146 13.1248
49 147 9.36089
49 175 16.3396
49 178 11.3973
49 182 10.1273
49 193 2
49 206 13.4732
49 219 12.2622
49 233 12.1041
50 0 2.39004
50 7 2
50 34 4.8486
50 63 2
50 116 2
50 172 8.00272
50 191 14.8717
50 202 18.1246
50 232 4.36503
50 292 6.41014
51 0 18.0123
51 87 15.6773
51 89 18.9569
51 140 15.717
51 146 17.2771
51 197 10.4922
51 212 4.06755
51 235 5.01075
51 278 4.41151
52 0 4.47075
52 88 19.7746
52 153 9.37903
52 159 6.53038
52 233 11.9526
52 284 35.1456
52 287 16.7469
53 0 3.75057
53 11 10.3533
53 15 10.6662
53 45 2
53 54 13.8382
53 104 5.78807
53 111 13.7459
53 184 12.4983
53 191 9.95917
53 211 13.9261
53 212 15.2253
53 213 4.9395
53 263 9.61917
53 266 15.1212
53 268 9.3274
54 0 7.07985
54 85 5.4156
54 86 16.4084
54 99 14.2948
54 108 23.1026
54 109 5.16609
54 155 4.28215
54 217 10.7125
54 263 2
54 292 24.6515
55 0 19.7965
55 7 22.9905
55 10 13.9664
55 41 22.8437
55 70 7.07939
55 180 26.795
55 232 2
55 235 20.6747
55 283 8.85632
56 0 11.9371
56 13 32.3635
56 79 17.7809
56 138 4.32022
56 279 15.6778
57 0 32.3804
57 35 17.0112
57 48 15.4309
57 120 3.0893
57 135 12.7359
57 139 4.21468
57 231 13.2298
57 278 22.2058
58 0 31.3873
58 71 16.5247
58 120 10.1826
58 129 26.0095
58 132 21.3633
58 241 2
58 290 29.0464
58 294 16.5956
59 0 2.96054
59 9 17.9901
59 125 10.1955
59 151 23.9652
59 159 25.2696
59 206 23.9055
59 209 10.8985
59 230 6.92097
59 238 4.6808
60 0 7.76912
60 15 20.2353
60 62 22.2496
60 157 2
60 182 21.1156
60 211 30.0848
60 213 14.0365
60 214 2.56962
60 246 11.352
61 0 6.99324
61 29 16.471
61 35 6.61927
61 43 23.2489
61 152 21.054
61 159 17.4091
61 160 26.537
61 161 10.422
61 234 6.96373
62 0 12.5882
62 43 9.42862
62 107 3.50431
62 141 15.1377
62 153 6.25322
62 162 7.20068
62 187 24.4491
62 211 2
62 238 5.29939
62 246 14.8729
62 282 4.90543
62 290 10.5493
63 0 18.8137
63 43 24.6877
63 75 25.8493
63 166 2
63 172 21.2845
63 231 4.09206
63 238 37.2913
63 278 7.73103
64 0 3.08107
64 74 26.0756
64 172 20.8293
64 244 21.5304
65 0 15.5131
65 43 17.2292
65 71 2
65 88 18.4807
65 148 9.1374
65 213 26.3679
65 231 8.94868
65 246 8.36744
65 279 14.9653
65 284 6.68424
66 0 7.42396
66 11 14.6422
66 45 14.6937
66 89 3.96395
66 221 2
66 236 24.3092
66 251 8.55956
66 273 10.5292
66 276 20.9361
66 290 19.1452
67 0 17.8431
67 38 51.5888
67 172 45.5695
67 219 27.3976
67 221 49.8174
67 223 4.38356
68 0 51.2492
68 15 45.1932
68 20 14.1415
68 159 20.5512
68 187 4.74738
68 294 3.92408
69 0 2.09007
69 10 16.5255
69 27 15.3643
69 35 2.3693
69 55 14.8157
69 72 4.37165
69 79 28.4962
69 187 18.9006
69 213 7.42265
69 275 25.9424
70 0 12.5744
70 37 16.8522
70 41 11.8964
70 48 5.05379
70 62 12.5281
70 74 9.41881
70 96 17.0062
70 103 17.0022
70 111 18.1811
70 130 10.5651
70 143 7.01232
71 0 20.1314
71 75 2
71 106 13.2527
71 132 15.2107
71 176 14.8513
71 217 8.69354
71 232 3.04681
71 234 21.6316
72 0 3.77753
72 74 12.8209
72 111 16.706
72 134 2
72 135 14.7285
72 148 5.48386
72 158 6.88722
72 172 13.0646
72 187 8.37313
72 197 5.77095
72 209 8.91399
72 237 7.46616
72 290 2.35687
73 0 6.14863
73 62 51.7378
73 85 23.3767
73 128 29.6269
73 235 42.4377
74 0 21.0055
74 24 2
74 27 21.5386
74 47 2
74 63 7.904
74 82 14.117
74 108 6.14937
74 161 4.22882
74 213 9.44183
74 283 8.08361
74 293 21.9012
75 0 18.9851
75 13 8.59635
75 24 7.55159
75 100 4.59543
75 120 2
75 166 12.6191
75 176 20.4547
75 221 11.0209
75 227 8.24618
75 241 4.87074
75 292 11.0185
76 0 2
76 10 6.70681
76 69 14.9787
76 104 12.8356
76 159 48.3244
76 193 4.34394
76 213 3.79549
77 0 4.3582
77 15 12.4061
77 34 5.77202
77 106 2
77 108 4.35946
77 111 2.67752
77 149 8.8192
77 151 3.22646
77 161 4.80575
77 212 9.46571
77 248 12.1038
77 249 15.376
77 266 7.09593
77 292 15.9219
77 297 9.57642
78 0 8.92569
78 24 7.73466
78 37 2.72063
78 41 2
78 111 10.351
78 124 8.86396
78 143 14.6353
78 145 11.8811
78 156 4.91499
78 191 2
78 197 2.1855
78 212 9.49767
78 214 3.56338
78 215 2.96269
78 244 2
78 278 3.99018
79 0 2
79 36 2
79 41 18.5215
79 82 6.83761
79 96 8.61679
79 114 6.82055
79 116 10.273
79 129 6.74782
79 179 18.2516
79 191 6.56184
79 278 11.4551
80 0 14.2906
80 54 10.2698
80 77 6.91411
80 113 20.4351
80 141 19.2781
80 215 22.1786
81 0 10.6184
81 9 10.978
81 53 2.38239
81 55 2.15627
81 111 11.4836
81 148 13.6635
81 149 9.19962
81 151 6.06263
81 156 9.51927
81 213 2
82 0 23.8469
82 37 16.3462
82 122 25.018
82 148 23.6175
82 157 11.623
82 221 27.3072
82 281 17.3174
82 299 5.74463
83 0 68.1418
83 130 83.2943
83 159 36.5704
83 186 19.8429
84 0 22.3146
84 45 18.7833
84 143 6.86559
84 147 33.4345
84 150 24.7285
84 199 12.6158
84 263 11.7634
84 284 13.891
85 0 12.5224
85 37 2.72933
85 54 5.73277
85 65 6.40342
85 96 3.09052
85 118 2.1668
85 124 3.88119
85 187 6.10309
85 213 5.23433
85 236 5.59587
85 257 19.3969
85 259 3.51413
85 273 11.4864
85 290 7.63177
86 0 2.29096
86 43 6.11167
86 48 10.8307
86 73 4.52891
86 77 25.1875
86 144 2.10008
86 147 3.47379
86 203 11.1062
86 258 8.45353
87 0 19.2905
87 13 5.63741
87 21 23.6982
87 82 2
87 85 22.042
87 108 16.8102
87 131 18.2349
87 213 7.4077
87 221 8.99858
88 0 2.12173
88 86 20.0334
88 106 25.9925
88 140 9.1186
88 156 25.8451
88 176 26.6277
88 211 19.3183
88 257 10.7932
89 0 29.3448
89 63 14.2428
89 148 10.1656
89 157 16.7515
89 158 8.79797
89 199 6.35504
89 209 24.6164
89 214 16.3434
89 286 2.00939
89 295 9.66292
90 0 10.8665
90 18 6.12006
90 59 19.4192
90 63 20.0357
90 69 6.11023
90 287 26.3201
90 299 20.4462
91 0 18.144
91 130 8.30645
91 150 20.0317
91 207 29.3113
91 220 21.8004
92 0 4.10149
92 73 5.63687
92 75 7.89179
92 139 7.20912
92 171 11.6947
92 203 18.1223
92 213 18.7744
92 232 25.9125
92 294 3.97191
93 0 13.7356
93 15 3.34551
93 41 7.34278
93 54 18.5623
93 56 14.3434
93 120 2
93 151 7.86357
93 153 4.74601
93 161 2
93 172 8.40277
93 175 5.1085
93 191 6.70875
93 236 10.5126
93 238 6.2109
94 0 14.4305
94 85 18.2061
94 132 28.0787
94 139 13.321
94 171 20.6674
94 200 11.929
94 217 2.73655
94 284 14.3503
95 0 23.2228
95 95 20.392
95 144 8.03602
95 150 31.6812
95 225 33.6121
96 0 12.2692
96 13 2
96 71 8.26777
96 85 17.7836
96 90 6.69635
96 106 12.1822
96 111 17.1763
96 128 10.7221
96 135 13.2607
96 236 13.2042
97 0 17.7939
97 28 32.6612
97 58 15.7746
97 114 32.1665
97 268 27.0348
97 287 29.4744
97 292 12.8969
98 0 8.58782
98 14 12.4621
98 62 3.80376
98 77 2
98 81 11.6563
98 125 15.0999
98 142 17.1295
98 147 14.3381
98 151 5.86446
98 161 2
98 187 18.5552
98 293 7.25266
99 0 7.63364
99 74 7.96519
99 96 9.52024
99 111 16.3534
99 193 22.9307
99 200 14.0475
99 202 7.12216
99 213 2
99 231 7.97223
99 278 15.8081
99 288 9.88536
100 0 11.7049
100 11 2.52491
100 15 6.40277
100 24 8.44549
100 36 8.76948
100 71 12.6655
100 111 4.81026
100 119 2.83537
100 175 10.5679
100 193 3.65877
100 198 13.1062
100 232 15.0745
100 295 12.7696
101 0 7.34851
101 15 2.24896
101 53 19.5419
101 85 8.72493
101 140 7.2378
101 156 13.0577
101 184 33.7475
101 278 16.3195
101 295 19.8278
102 0 16.2057
102 50 23.6051
102 111 9.66161
102 150 28.6273
102 151 13.4048
102 202 5.88531
102 263 10.4534
102 295 8.05214
103 0 4.04757
103 19 2.73756
103 50 7.20778
103 56 7.63247
103 65 4.23898
103 77 7.87025
103 85 10.7409
103 135 15.1306
103 156 14.8681
103 158 10.9528
103 178 2.15951
103 191 13.7621
103 212 5.08225
103 213 4.37026
103 235 17.484
103 268 3.92576
104 0 8.55011
104 4 5.56283
104 18 7.49792
104 79 2.37891
104 84 2
104 100 23.0148
104 191 15.2251
104 199 17.5689
104 223 12.6176
104 225 17.3708
105 0 5.688
105 17 12.8635
105 43 3.36032
105 58 17.5303
105 123 22.7506
105 132 14.3435
105 171 18.2726
105 187 4.74062
105 202 2.34739
105 240 15.6692
106 0 9.16367
106 17 13.3232
106 54 15.6443
106 202 21.9087
106 206 2.9189
106 215 22.2258
106 230 4.69147
106 274 26.6977
106 286 14.1258
107 0 28.4287
107 2 8.93225
107 62 20.1957
107 120 19.2755
107 134 24.2666
107 191 18.7609
107 231 22.5149
107 274 15.1267
107 282 21.6611
108 0 40.8619
108 47 3.20921
108 104 19.7726
108 151 10.4396
108 156 29.4166
108 213 16.8753
108 225 27.6926
109 0 9.93297
109 36 9.16512
109 107 7.59074
109 155 5.67991
109 159 12.7688
109 176 10.1627
109 187 13.003
109 193 6.02073
109 216 16.2812
109 219 17.9202
109 227 2
110 0 13.1839
110 15 35.3249
110 40 10.8345
110 113 16.8384
110 198 20.5291
110 206 4.77603
110 273 4.05249
111 0 6.59904
111 59 16.1579
111 71 23.8739
111 76 26.9481
111 128 12.1677
111 161 2
111 164 2
111 184 6.88401
111 191 7.76966
111 215 7.63596
111 259 3.47556
112 0 2
112 11 17.1769
112 49 17.8778
112 100 2.61442
112 159 5.13807
112 232 13.6471
112 238 32.7165
112 283 18.311
113 0 6.85211
113 50 21.6467
113 53 3.7481
113 111 28.9382
113 138 8.36172
113 225 14.7199
113 250 33.7226
113 278 23.1248
114 0 9.93943
114 107 25.2775
114 161 33.9691
114 164 9.02135
114 194 24.7546
114 197 7.3506
114 212 11.1361
114 214 19.892
114 273 9.47804
114 278 4.96723
115 0 5.04846
115 50 2.46752
115 54 5.20452
115 79 20.8516
115 113 10.3479
115 155 13.231
115 176 10.8601
115 184 17.8666
115 191 14.3997
115 195 3.46549
115 248 18.3005
115 253 8.17169
115 284 10.4325
115 294 15.1131
116 0 10.6084
116 15 20.0428
116 41 32.9331
116 116 25.5896
116 172 17.3026
116 176 9.02641
116 197 33.4116
116 276 25.7681
117 0 2.94204
117 28 19.737
117 85 8.89358
117 132 10.519
117 176 2.40657
117 212 25.6507
117 266 7.652
117 278 24.2355
117 288 2.60113
117 290 9.10131
117 294 14.3349
118 0 18.2754
118 10 8.43691
118 111 8.98795
118 122 11.6494
118 162 8.85924
118 184 10.8532
118 217 2
118 258 2
118 288 2.07265
119 0 7.14535
119 62 36.9188
119 114 20.6503
119 144 15.2657
119 232 23.1891
119 299 29.3168
120 0 13.4406
120 51 9.5218
120 108 9.15153
120 143 2
120 146 3.02123
120 161 9.89003
120 175 13.0112
120 211 2
120 215 12.7129
120 249 9.72293
120 299 2.40869
121 0 15.1417
121 7 11.6789
121 10 14.447
121 11 13.4221
121 98 4.80789
121 108 23.5052
121 123 2
121 198 14.869
121 204 2
121 211 17.2303
121 238 10.6224
121 272 2
122 0 12.436
122 24 11.7749
122 38 20.1002
122 141 14.5387
122 182 3.95543
122 191 5.72471
122 211 5.74582
122 217 14.8622
122 263 19.7087
122 268 15.292
122 284 18.581
123 0 50.0526
123 10 19.2895
123 130 33.7916
123 255 31.4114
124 0 24.151
124 45 4.04098
124 51 11.5548
124 96 15.0101
124 245 22.2036
124 288 28.1208
124 292 7.33394
125 0 41.5758
125 159 23.3033
125 166 30.2629
125 186 26.6111
125 206 47.0623
125 287 11.006
126 0 24.7114
126 37 49.4824
126 75 25.7238
126 279 32.4632
126 283 18.7661
127 0 2
127 7 25.6622
127 20 17.611
127 34 23.4285
127 69 14.9896
127 128 2.10886
127 165 27.0275
128 0 18.2392
128 11 5.85145
128 62 15.031
128 100 13.6297
128 120 15.8873
128 138 7.03154
128 157 2
128 191 7.78915
128 200 2
128 206 2.00221
128 214 9.86006
128 235 2.60323
128 278 11.4413
128 296 2.0136
129 0 17.4786
129 36 2.91362
129 182 75.2853
129 251 9.54556
130 0 7.43869
130 15 2
130 31 37.5391
130 78 20.4283
130 116 11.1031
130 211 6.96618
130 284 13.1546
131 0 17.6172
131 8 3.92412
131 148 23.8363
131 208 13.1502
131 251 2
131 281 22.6015
131 294 17.0893
132 0 31.3096
132 72 11.5826
132 144 2
132 149 21.2309
132 151 6.05744
132 211 40.2285
133 0 14.5996
133 209 23.1671
133 249 23.1233
134 0 10.0914
134 53 15.7085
134 54 3.01289
134 73 11.8234
134 82 2
134 85 17.6091
134 146 12.7581
134 148 13.3874
134 167 20.4927
134 228 2.57824
134 295 2.99263
135 0 9.3514
135 23 59.7403
135 138 12.5922
135 217 26.7339
135 229 22.3387
135 294 2
136 0 46.3517
136 148 14.349
136 232 2
136 257 20.7081
136 276 45.1034
136 292 27.7658
137 0 33.5908
137 54 26.2308
137 140 36.1666
137 209 11.886
137 212 20.9883
137 295 60.1013
138 0 12.7115
138 7 12.4038
138 53 12.2126
138 68 16.0015
138 72 3.30839
138 75 2
138 79 5.74033
138 178 12.9178
138 202 15.5556
138 245 3.5752
138 293 9.15511
139 0 9.00984
139 82 13.1509
139 107 2.36348
139 112 4.77272
139 119 11.8042
139 124 2
139 144 3.58433
139 150 9.62933
139 151 14.0594
139 152 5.9757
139 190 2
139 202 14.2977
139 211 7.12091
139 279 14.1283
140 0 9.61421
140 136 31.3557
140 209 34.3076
140 225 2.63498
140 238 34.5001
140 267 36.4771
141 0 7.28389
141 6 9.88201
141 10 2.09497
141 71 13.1214
141 94 7.47782
141 114 8.45347
141 121 4.57368
141 151 11.9882
141 155 2
141 157 4.74339
141 162 4.8396
141 169 2
141 187 17.5767
141 277 3.38837
142 0 28.4525
142 96 29.0061
142 131 4.64381
142 134 3.47771
142 144 15.8948
142 151 21.5339
142 211 34.9237
142 243 3.30308
143 0 9.98061
143 11 2
143 72 6.90659
143 82 10.8881
143 130 19.5803
143 138 16.6004
143 172 2
143 243 22.8289
143 288 19.1992
144 0 15.5574
144 54 12.7323
144 85 23.2202
144 96 6.91533
144 139 6.5414
144 197 3.41393
144 204 12.7453
144 238 2.83343
144 277 16.4101
145 0 2.25767
145 12 3.34612
145 44 16.1549
145 73 2.56823
145 100 19.6848
145 109 4.10851
145 158 10.9405
145 199 6.71057
145 225 21.4641
146 0 2
146 37 12.2646
146 66 2
146 75 9.61334
146 132 20.1506
146 159 6.812
146 187 3.19411
146 202 5.14691
146 245 17.3404
146 282 2.3987
146 287 16.6915
147 0 7.55926
147 24 14.5164
147 53 3.84695
147 103 8.30222
147 172 23.4805
147 248 21.4766
147 292 2
148 0 2
148 10 16.9873
148 85 6.90135
148 130 10.3427
148 152 9.54188
148 187 7.60937
148 193 7.0116
148 219 2
148 251 21.7662
149 0 17.8132
149 15 2.11959
149 98 2
149 107 12.4711
149 116 5.02166
149 135 21.2272
149 139 10.7478
149 144 4.63289
149 158 14.5132
149 163 19.2935
149 273 3.70792
150 0 2
150 24 9.4849
150 27 17.9339
150 143 2.21174
150 146 5.62499
150 164 2
150 191 8.55964
150 214 15.8748
150 253 2.05296
150 264 2
150 266 5.10486
151 0 18.7286
151 77 13.9012
151 92 9.88556
151 130 2
151 144 2.4309
151 148 18.5059
151 199 8.01359
151 209 8.39976
151 253 17.8572
151 254 4.87568
151 295 9.91316
152 0 10.6
152 13 20.4916
152 28 17.4386
152 40 27.7836
152 108 17.2651
152 125 15.1694
152 206 19.8672
152 214 2
152 250 5.94042
153 0 3.68363
153 75 20.1748
153 176 9.22608
153 184 30.2456
153 197 2
153 215 23.0329
153 266 7.90192
153 279 29.8631
154 0 2
154 6 13.3022
154 118 26.1323
154 131 5.93974
154 135 10.3151
154 153 14.7827
154 278 6.0096
154 290 6.26775
155 0 11.0673
155 79 24.2399
155 133 13.803
155 145 23.0979
155 166 5.76743
155 176 23.1916
155 245 26.0964
156 0 6.21213
156 10 5.94449
156 24 2
156 30 11.8303
156 31 11.2619
156 83 6.63145
156 85 15.5597
156 124 4.65752
156 144 17.5407
156 151 5.64493
156 159 2
156 232 11.3336
156 276 2
156 279 15.5763
157 0 11.2049
157 37 2
157 49 14.1993
157 86 3.03929
157 132 14.3511
157 134 9.70089
157 157 6.40195
157 186 12.0049
157 191 6.74629
157 194 6.17837
157 234 8.46664
157 278 6.87712
157 284 6.89431
157 292 5.98206
158 0 19.1678
158 6 21.4725
158 110 8.41532
158 183 24.4315
158 200 8.91717
158 215 7.51271
158 271 33.247
159 0 23.8551
159 13 2
159 74 20.4882
159 110 2
159 119 3.36086
159 135 7.31825
159 149 5.66981
159 161 5.23275
159 164 12.3773
159 178 10.5205
159 211 2
159 217 3.62691
159 271 11.756
160 0 2.78168
160 42 2
160 44 18.7905
160 51 13.434
160 159 11.9328
160 185 7.00525
160 219 4.32662
160 279 17.934
160 286 3.38682
161 0 16.624
161 40 25.9529
161 54 17.6624
161 74 19.5817
161 103 23.5152
161 156 16.2548
161 213 6.59215
161 267 5.90551
161 297 9.3483
162 0 8.83441
162 206 45.8304
162 211 26.8222
162 214 26.2463
162 238 34.9882
162 264 24.2878
163 0 10.889
163 7 15.0062
163 35 7.57086
163 41 17.4526
163 111 9.51477
163 193 10.6781
163 200 10.9464
163 217 7.61544
163 273 2
163 274 9.88867
163 293 11.9785
163 294 7.19396
164 0 11.3036
164 29 6.67869
164 45 2
164 65 13.6354
164 96 7.53975
164 148 6.79356
164 151 2
164 153 6.14628
164 159 2.85283
164 161 2.09866
164 172 2.25278
164 184 11.1179
164 197 8.14287
164 199 2
164 202 18.1623
164 203 9.02202
165 0 2
165 34 12.7042
165 71 13.8289
165 85 2.21253
165 109 14.9153
165 143 10.4501
165 153 2
165 155 9.04837
165 161 3.26727
165 178 4.18996
165 213 2
165 224 9.42338
165 287 5.75522
165 295 10.9902
166 0 30.4371
166 59 3.08354
166 212 8.97389
166 213 19.2442
166 278 18.1467
166 283 8.00871
167 0 14.9549
167 111 8.17332
167 132 6.51111
167 144 9.05511
167 149 13.3074
167 156 4.00396
167 161 13.9621
167 182 9.88107
167 217 25.4745
167 297 13.7978
168 0 26.7027
168 15 4.07285
168 114 25.5644
168 144 3.15827
168 151 13.7354
168 246 8.43298
168 249 11.8656
168 271 21.1755
169 0 18.5912
169 34 6.07841
169 37 19.6986
169 120 6.7163
169 157 8.19387
169 158 23.1602
169 191 3.03552
169 211 11.2187
169 299 7.71438
170 0 5.50314
170 10 8.25614
170 44 2.69105
170 54 19.796
170 96 7.32812
170 151 2
170 166 9.35478
170 171 11.409
170 184 2
170 236 10.1631
170 286 14.7906
170 290 20.1289
171 0 8.40246
171 90 3.1275
171 100 8.52355
171 122 2.32749
171 178 9.82032
171 186 6.79898
171 215 6.36733
171 217 14.2092
171 236 4.03915
171 250 2
171 251 10.1545
171 292 19.4485
172 0 2
172 7 17.812
172 27 14.0006
172 36 7.24968
172 59 5.06541
172 74 17.1686
172 84 3.42514
172 161 16.3616
172 179 7.35083
172 231 6.28001
172 256 10.8153
173 0 7.92593
173 28 10.1739
173 43 28.2606
173 52 10.1102
173 109 34.7555
173 167 20.9091
173 238 2
174 0 10.979
174 7 7.55297
174 37 6.65855
174 54 20.4577
174 82 14.6942
174 156 14.5128
174 178 6.21194
174 249 4.90712
174 268 21.1802
174 282 11.8287
174 295 11.1177
175 0 14.4832
175 15 17.2825
175 34 20.5121
175 35 6.22516
175 113 6.22929
175 227 3.71189
175 253 9.56647
175 299 10.114
176 0 6.7012
176 12 24.0328
176 148 6.89687
176 157 4.56532
176 175 14.3019
176 191 2
176 213 14.6599
176 215 3.65573
176 287 7.42001
176 295 16.5993
177 0 3.87133
177 48 23.4649
177 54 14.123
177 74 17.1074
177 103 16.3539
177 197 9.41033
177 238 17.8057
178 0 5.41077
178 7 9.74051
178 11 18.8688
178 65 2.06012
178 111 13.9435
178 172 2.31365
178 211 22.9179
178 217 7.2631
179 0 25.8356
179 48 14.6042
179 123 12.3558
179 156 10.5414
179 179 10.1503
179 184 7.92209
179 253 16.2003
179 287 13.7191
180 0 2
180 35 27.0361
180 37 21.4831
180 125 22.4423
180 139 4.97882
180 182 17.3537
180 186 15.0253
180 191 5.80709
180 203 3.69267
181 0 14.2529
181 27 17.4393
181 133 6.93787
181 182 4.17291
181 184 13.99
181 211 22.1075
181 246 22.8349
181 268 16.9991
182 0 6.05304
182 45 25.1828
182 96 17.1183
182 201 26.2122
182 206 15.7025
182 217 4.93781
182 232 34.5264
182 248 5.01472
183 0 23.4429
183 28 19.8236
183 68 4.61737
183 85 13.6351
183 96 25.6689
183 111 18.1947
183 199 8.77164
183 212 5.62277
184 0 20.7457
184 31 24.4135
184 45 21.864
184 54 3.33952
184 93 5.49651
184 110 31.3184
184 128 17.8955
185 0 4.87332
185 11 3.68591
185 43 8.50037
185 187 24.3079
185 202 21.3816
185 223 5.08332
185 241 7.12184
185 277 11.525
185 297 17.7377
186 0 7.57391
186 55 28.4121
186 202 21.7779
186 217 25.1158
186 267 39.2445
186 292 33.0787
187 0 10.2291
187 107 20.2361
187 150 5.34101
187 171 9.41471
187 184 19.9557
187 202 16.6093
187 212 8.65258
187 221 4.3964
187 268 19.6006
187 280 16.9283
188 0 12.3451
188 27 2
188 54 15.7891
188 101 22.0817
188 149 21.232
188 291 25.4999
189 0 10.3024
189 43 4.55646
189 96 15.3411
189 100 19.6261
189 106 13.7347
189 127 7.11391
189 144 8.93832
189 147 16.7029
189 198 15.121
189 212 11.6073
189 292 16.6086
190 0 7.09716
190 7 9.42011
190 31 5.05602
190 36 8.37482
190 54 7.30311
190 62 2
190 74 4.9496
190 110 11.1309
190 131 5.0109
190 135 21.2344
190 193 10.5998
190 212 12.5834
190 284 2.3671
190 290 5.83411
191 0 21.8384
191 7 14.1028
191 36 12.9333
191 108 3.46155
191 114 7.30329
191 132 35.2915
191 199 25.2712
191 278 15.5639
191 288 27.0185
192 0 4.82213
192 13 15.8346
192 59 15.2573
192 89 16.1129
192 142 31.4449
192 187 5.8586
192 217 18.9249
192 232 24.1068
193 0 7.23389
193 119 10.852
193 140 2
193 158 8.0962
193 178 18.1921
193 212 18.622
193 263 14.5895
193 264 4.48204
193 265 11.748
194 0 15.5856
194 9 25.5503
194 10 18.4497
194 16 22.112
194 213 21.1219
194 225 4.2307
194 232 8.07183
194 267 12.3053
194 268 22.5922
194 274 3.343
195 0 28.9587
195 114 9.41544
195 213 5.9099
195 217 53.9282
195 238 17.144
196 0 16.9077
196 43 5.84584
196 48 12.2106
196 74 23.8542
196 85 26.0185
196 159 5.02086
196 227 18.5361
196 267 14.1145
196 283 2
196 294 15.145
196 297 14.566
197 0 5.88885
197 10 28.1866
197 59 2
197 191 28.1855
197 283 19.8909
198 0 11.2708
198 5 2.70136
198 9 22.9896
198 10 10.7426
198 31 9.75496
198 35 9.39675
198 72 9.87617
198 81 12.7091
198 104 18.3104
198 111 9.40482
198 114 2
198 224 15.4899
198 238 9.9924
199 0 36.4276
199 122 4.11088
199 202 2
199 213 23.6147
199 221 9.21725
199 253 15.2241
200 0 68.7206
200 152 7.42855
200 266 126.176
201 0 18.1253
201 45 16.273
201 54 11.2296
201 68 11.3886
201 82 16.249
201 100 16.4433
201 124 15.4647
201 151 14.0325
201 211 15.768
201 246 5.5283
202 0 23.2972
202 29 2
202 37 19.5094
202 71 31.5578
202 213 5.86009
202 214 2
202 298 32.6089
203 0 21.8607
203 11 2.69794
203 53 12.8798
203 74 31.9187
203 211 12.4579
203 215 53.8212
204 0 10.4814
204 1 15.8425
204 38 3.68035
204 40 9.87321
204 193 10.9705
204 198 3.67389
204 209 2
204 211 2
204 276 20.6662
204 277 5.62968
204 287 17.9127
205 0 7.35894
205 11 2.32646
205 53 12.2763
205 111 16.8086
205 113 19.4746
205 130 6.28768
205 157 19.677
205 183 13.1846
205 245 5.78614
205 288 19.24
205 290 13.5982
206 0 3.39967
206 23 12.2184
206 42 3.9214
206 120 4.20861
206 139 7.49289
206 149 10.0591
206 151 3.88923
206 153 10.5247
206 162 5.64073
206 187 2
206 199 7.46629
206 212 14.9218
206 217 7.10407
206 236 8.05646
206 257 8.73494
207 0 19.0973
207 7 11.4331
207 45 16.6863
207 175 8.05064
207 206 9.20187
207 214 10.2132
207 276 4.67251
207 284 19.2957
208 0 2
208 62 11.7914
208 114 3.37981
208 125 23.3642
208 139 9.30862
208 144 22.5439
208 146 21.4025
208 211 22.6162
208 212 2.17002
209 0 19.328
209 4 14.5214
209 85 28.3553
209 162 8.21417
209 225 31.4635
209 274 28.4456
209 287 3.3869
210 0 6.87385
210 24 22.8526
210 40 3.33943
210 51 8.50649
210 54 35.9014
210 191 25.8221
210 296 26.3193
210 297 3.13327
211 0 2.39556
211 47 6.26859
211 179 38.4257
211 187 23.2996
211 244 23.0307
212 0 34.4764
212 43 16.5299
212 54 18.2868
212 109 6.73678
212 128 16.8334
212 211 27.2831
212 283 11.7652
212 296 4.8081
213 0 12.0032
213 29 31.2942
213 176 40.9567
213 227 7.38048
213 290 21.3554
213 293 4.93359
214 0 11.863
214 10 9.17874
214 34 2.07552
214 38 16.6592
214 47 10.4672
214 111 2
214 113 16.7996
214 116 15.0829
214 161 8.27887
214 167 17.9451
214 215 11.426
214 278 7.50509
214 294 9.27512
215 0 2
215 51 13.5509
215 75 4.80886
215 123 12.0008
215 135 5.21164
215 156 2.71818
215 182 9.69627
215 200 8.41228
215 212 2.89701
215 235 14.8542
215 246 11.6768
215 253 7.91606
215 279 2
215 286 2.84047
216 0 2
216 85 8.9891
216 109 5.90685
216 149 31.4181
216 151 11.5801
216 245 9.97249
216 278 2
216 286 15.7169
217 0 10.0374
217 51 16.9814
217 62 6.22093
217 75 2.27911
217 128 18.0314
217 142 6.59299
217 184 18.413
217 190 10.8849
217 191 13.6867
217 245 15.9089
218 0 5.19028
218 51 24.2277
218 104 18.4532
218 175 10.6368
218 214 26.6152
218 219 27.4972
218 241 2
218 273 16.6627
218 299 4.91702
219 0 6.46216
219 48 15.7039
219 75 2.75358
219 108 17.9949
219 143 25.4044
219 148 22.8323
219 224 16.3919
219 294 20.6585
220 0 14.912
220 10 27.4272
220 18 43.7186
220 114 17.1107
220 157 28.16
221 0 2.22135
221 17 9.63346
221 54 33.1779
221 156 14.6198
221 191 6.97152
221 215 3.75709
221 273 9.50874
221 292 24.7881
221 294 15.9737
222 0 20.8935
222 10 20.2481
222 75 15.2835
222 111 16.2657
222 159 24.9878
222 202 3.99263
222 245 26.6025
222 296 10.2338
223 0 10.7428
223 20 15.8843
223 138 5.80989
223 162 25.2542
223 184 12.7793
223 215 4.54312
223 254 7.66658
224 0 30.8853
224 10 15.6052
224 133 7.72394
224 156 13.4427
224 157 22.2954
224 159 9.58642
224 232 29.5148
225 0 5.88325
225 45 18.4541
225 120 2.1556
225 148 2
225 215 5.17832
225 224 16.101
225 241 2.70062
225 263 8.60307
226 0 31.0939
226 10 16.0307
226 31 14.1806
226 69 12.6323
226 87 12.015
226 144 19.7909
226 172 19.3344
226 213 2.39319
226 217 13.0438
226 286 10.3784
227 0 16.2604
227 15 3.31571
227 45 6.39037
227 82 2.93323
227 111 17.4272
227 128 15.6894
227 153 5.82289
227 217 15.5849
227 243 6.49717
228 0 19.5919
228 10 5.15416
228 35 9.24999
228 42 10.7405
228 159 19.9994
228 162 3.32383
228 184 2.9052
228 199 7.51752
228 209 19.5206
228 213 15.4497
228 244 5.31623
229 0 11.7599
229 7 10.7109
229 85 2.05611
229 199 2
229 204 23.8022
229 210 12.5502
229 213 7.03098
229 290 14.3504
230 0 25.5199
230 24 12.0165
230 153 10.6259
230 209 19.1369
230 220 25.1704
231 0 19.059
231 54 4.56145
231 130 16.1193
231 164 30.0823
231 211 10.0014
231 214 26.0179
231 257 3.83732
232 0 8.53886
232 7 35.4359
232 109 21.7704
232 120 7.75601
232 156 8.41242
232 215 27.8908
232 248 16.71
233 0 21.6813
233 48 17.2939
233 65 11.7071
233 161 13.0441
233 233 34.382
233 251 4.4716
233 278 16.3317
234 0 12.1699
234 15 11.4792
234 19 11.9428
234 34 2
234 96 5.33375
234 150 10.2462
234 159 5.0014
234 176 5.87363
234 199 16.4632
234 232 13.4565
234 240 7.15137
234 250 5.16322
234 273 4.83247
235 0 56.4742
235 15 2
235 43 2
235 51 16.7946
235 59 18.646
235 172 8.41048
236 0 4.06377
236 22 7.88376
236 29 8.79707
236 93 14.6291
236 120 25.6462
236 146 2.92277
236 159 8.13936
236 172 7.99963
236 202 3.92724
236 288 5.90347
236 292 6.13449
237 0 14.5887
237 37 17.0806
237 50 21.1198
237 59 12.4033
237 73 12.4239
237 109 4.10832
237 116 10.1079
237 159 16.3529
237 193 7.62809
237 196 3.68813
237 227 11.198
237 230 12.7254
237 236 11.7045
238 0 7.91921
238 24 30.3446
238 47 5.91822
238 59 16.0253
238 64 14.8176
238 192 5.64945
238 242 12.443
238 283 5.20211
239 0 10.629
239 47 11.5465
239 56 16.0586
239 74 28.9254
239 84 10.28
239 135 12.1262
239 213 9.19369
239 249 2.05816
240 0 14.708
240 81 5.26648
240 100 11.8122
240 119 20.4443
240 124 18.4791
240 184 31.462
240 191 6.95609
240 269 20.9497
241 0 15.3773
241 7 6.53633
241 24 9.70987
241 27 13.0767
241 74 12.7723
241 138 2.47699
241 176 7.18954
241 184 19.6209
241 231 16.2158
241 297 2
242 0 36.3809
242 7 7.72023
242 220 24.9466
242 238 28.1996
242 258 15.1392
242 278 5.20669
243 0 14.8792
243 24 26.6785
243 54 39.265
243 204 16.3453
243 206 2
243 230 36.769
243 253 20.4904
244 0 2
244 6 9.53292
244 15 16.7004
244 31 7.28776
244 64 9.12174
244 135 5.32342
244 144 2
244 168 7.75397
244 172 4.06782
244 217 6.08864
244 220 18.1861
244 231 3.08757
244 237 13.5299
244 287 2
244 299 15.1495
245 0 19.6606
245 48 17.587
245 104 8.6833
245 138 9.68334
245 202 17.0107
245 232 19.5339
245 253 10.4146
245 278 27.3136
246 0 21.7176
246 15 42.8214
246 172 24.3005
246 187 36.4091
246 277 8.06668
246 292 22.0654
247 0 24.5336
247 18 5.60141
247 71 26.6803
247 139 16.5011
247 214 28.1485
247 221 25.8788
247 224 16.8003
247 241 31.1083
248 0 9.83835
248 120 20.6872
248 158 2
248 159 17.3319
248 184 6.53335
248 189 7.08998
248 191 19.2686
248 197 2.0545
248 211 5.51418
248 232 3.11188
248 277 2.97814
249 0 15.3471
249 11 11.875
249 31 14.054
249 40 2
249 61 9.52432
249 90 11.7837
249 147 2
249 148 6.43597
249 151 15.1394
249 158 5.06704
249 184 2.934
249 224 17.5685
249 288 8.85315
250 0 14.9112
250 48 5.65751
250 53 4.13413
250 59 2
250 96 2
250 159 3.08645
250 193 8.39997
250 194 2.73124
250 208 8.79413
250 213 6.78735
250 233 5.96594
250 279 10.4997
250 284 7.77027
250 287 2.01159
250 299 6.0709
251 0 6.96077
251 35 109.964
251 114 100.905
252 0 27.2889
252 130 7.77801
252 140 10.4252
252 175 12.4
252 204 14.0523
252 212 34.9185
252 213 18.4027
252 264 24.7956
253 0 10.0064
253 7 18.0351
253 12 4.61318
253 41 2.22972
253 46 2
253 51 3.45238
253 85 2
253 86 6.67636
253 96 13.4347
253 146 10.6646
253 156 6.02741
253 184 8.1789
253 194 4.5798
253 250 6.26577
254 0 13.3144
254 17 10.0106
254 162 20.4456
254 176 9.40736
254 218 33.8837
254 265 17.6832
254 290 5.72932
255 0 14.8121
255 10 25.7236
255 38 23.1302
255 42 2
255 53 18.4345
255 124 7.6308
255 206 18.6358
255 219 16.8276
255 223 13.3597
256 0 2
256 23 9.25799
256 77 8.70444
256 98 22.9497
256 176 28.8082
256 182 11.953
256 191 12.4818
256 214 14.2624
257 0 4.22456
257 81 9.99528
257 82 6.0526
257 84 26.9629
257 85 25.2713
257 95 4.29891
257 231 8.57103
257 273 25.4109
257 288 18.2994
258 0 12.0297
258 74 4.95385
258 144 4.29469
258 147 12.3317
258 161 28.6809
258 184 26.9266
258 193 8.19991
258 249 19.3069
258 285 11.1524
258 288 29.4797
259 0 15.7175
259 99 4.06121
259 150 21.4484
259 191 16.7478
259 202 7.81802
259 211 14.5529
259 219 22.3869
259 230 10.5337
259 236 6.32017
259 269 16.0951
259 282 13.8149
260 0 27.0317
260 53 31.3271
260 80 2
260 100 2.32709
260 197 2.39492
260 211 2.95745
260 299 12.1016
261 0 2
261 52 13.1441
261 83 3.16751
261 85 2
261 103 21.7937
261 134 14.0327
261 151 3.40939
261 178 2.07481
261 212 2
261 249 21.509
261 257 5.01527
262 0 20.1086
262 10 26.0081
262 82 5.12716
262 164 6.19697
262 172 21.0906
262 180 31.7129
262 197 34.1623
262 295 7.60696
263 0 46.861
263 40 67.267
263 232 15.9746
264 0 28.8795
264 65 10.5932
264 82 25.332
264 107 13.0034
264 139 23.1806
264 158 8.78128
264 213 3.4508
265 0 15.5008
265 81 2
265 98 6.47988
265 209 37.9692
265 262 11.522
266 0 19.2049
266 65 38.9882
266 94 38.4457
266 176 24.5713
266 213 17.61
266 266 14.1752
267 0 3.73374
267 9 13.342
267 108 19.9696
267 111 3.55283
267 121 9.43959
267 130 15.5317
267 147 11.3839
267 172 2.10107
267 245 21.7697
267 259 7.69777
267 288 6.85078
268 0 4.85232
268 161 48.2301
268 286 33.8823
269 0 8.87441
269 7 39.8126
269 110 18.6463
269 111 2
269 151 32.392
269 166 12.5524
270 0 19.9566
270 11 6.05742
270 44 11.9407
270 45 7.22071
270 59 17.4172
270 95 16.9535
270 151 11.7916
270 213 15.4441
270 226 11.2591
271 0 2.126
271 17 22.1845
271 116 2.51391
271 138 8.61293
271 148 2
271 153 19.6565
271 184 3.84752
271 209 29.0271
272 0 19.1438
272 7 23.2362
272 40 12.8556
272 100 5.36293
272 104 12.7672
272 114 2
272 163 21.6441
272 170 2.24073
272 194 2
272 198 12.6421
272 215 16.4952
273 0 22.791
273 10 18.4659
273 24 12.6044
273 31 11.1018
273 156 11.335
273 202 8.81197
273 212 17.6659
273 287 2
274 0 31.4947
274 49 22.7564
274 53 18.1851
274 144 27.1205
274 202 37.5695
274 279 23.9922
274 293 11.7433
275 0 12.655
275 15 2
275 38 4.46254
275 44 12.7182
275 79 2
275 128 10.367
275 139 5.03325
275 149 11.6395
275 156 8.86326
275 163 11.3397
275 209 14.1234
275 257 10.3992
275 273 3.71775
275 286 4.2367
276 0 15.5797
276 24 5.24722
276 35 2
276 43 26.0288
276 76 2
276 202 17.1453
276 215 21.6897
276 246 15.4535
276 262 2.145
276 286 10.908
277 0 3.62992
277 35 13.5037
277 63 8.40984
277 88 13.7244
277 140 7.4425
277 175 2.74879
277 203 18.7687
277 206 17.8817
277 211 3.92896
278 0 19.1886
278 147 19.8602
278 217 3.61414
278 232 22.6132
278 238 6.37392
278 278 23.8315
278 282 10.7149
279 0 19.9856
279 89 19.356
279 116 17.1104
279 175 8.07365
279 179 16.6965
279 212 19.3457
279 250 5.03286
279 278 3.02433
280 0 35.7758
280 79 32.7378
280 141 11.9966
280 144 2
280 214 19.9172
280 250 13.9133
281 0 40.5744
281 11 6.35967
281 108 7.33747
281 202 2
281 232 34.4131
281 236 10.227
282 0 29.2567
282 45 13.0061
282 71 23.486
282 206 5.16214
282 274 26.9312
282 287 4.90227
283 0 29.7197
283 29 18.4067
283 111 6.81266
283 170 5.88173
283 184 28.8621
283 232 14.2934
283 251 30.7903
283 267 2
284 0 10.7394
284 20 7.45408
284 45 2
284 50 15.1989
284 54 13.0144
284 61 6.05005
284 85 4.53621
284 153 2.86281
284 156 2.4629
284 187 6.36264
284 212 15.82
284 229 7.96951
284 236 8.15572
284 238 10.371
284 279 3.99153
284 284 9.84099
285 0 11.958
285 66 14.0922
285 85 14.5798
285 88 2.40941
285 109 5.57998
285 120 7.33482
285 130 4.76201
285 135 24.2375
285 176 10.5579
285 182 21.5273
285 245 2
286 0 13.1059
286 96 36.8035
286 132 2
286 134 24.3176
286 156 24.9275
286 207 4.89688
286 213 23.1495
286 284 16.9338
287 0 9.57075
287 54 17.6064
287 99 34.7302
287 135 34.1621
287 158 29.235
287 161 14.6396
287 276 4.87821
288 0 17.4086
288 49 12.9784
288 57 4.40727
288 73 2.53562
288 120 21.15
288 186 6.23007
288 296 11.7153
289 0 6.52008
289 20 16.9158
289 104 6.04021
289 144 5.57313
289 155 7.94276
289 180 2.15253
289 202 7.5331
289 207 4.82307
289 236 9.85928
289 245 18.0762
289 248 3.0662
289 292 6.85772
290 0 29.447
290 149 17.7781
290 210 26.6944
290 273 29.7027
290 278 2.9255
290 284 19.1618
290 292 16.1746
291 0 25.5764
291 7 2.22085
291 11 3.41288
291 12 15.3447
291 19 31.2165
291 35 3.14423
291 53 14.5461
291 114 19.6554
291 286 2
291 287 15.7181
292 0 2.86357
292 85 41.7997
292 87 11.2865
292 111 38.8531
292 120 27.8402
292 215 13.4694
292 294 15.8533
293 0 15.6468
293 102 27.2011
293 144 4.59318
293 204 10.6128
293 209 18.3327
293 210 19.8219
293 215 16.4684
293 294 36.5275
294 0 6.64169
294 53 18.5301
294 111 6.98772
294 179 11.1933
294 225 16.0762
294 278 30.1283
295 0 2
295 35 11.3397
295 48 27.5651
295 53 10.2031
295 125 21.9512
295 148 10.9296
295 203 22.7562
295 238 2.51634
295 284 25.7335
296 0 14.6832
296 11 23.3694
296 57 2
296 77 11.1059
296 108 17.6947
296 159 9.18039
296 198 5.19447
296 227 2.23867
296 297 8.51802
297 0 2.45941
297 36 10.4813
297 74 3.21832
297 85 5.21533
297 89 3.42573
297 121 10.5795
297 148 5.2777
297 184 10.3608
297 193 6.85016
297 206 17.8096
297 232 4.01991
297 238 2.17237
297 284 5.82525
298 0 13.5748
298 35 8.25424
298 51 19.3201
298 75 9.32314
298 76 8.51969
298 114 2
298 161 7.28656
298 178 18.4789
298 266 10.3413
298 278 23.7603
298 292 21.3622
298 296 12.7753
299 0 9.94174
299 47 14.963
299 59 14.381
299 69 2.17287
299 90 20.1948
299 194 21.7979
299 215 21.5781
299 238 2.73869
299 292 17.9167
