150 150 1200
0 0 31.6101
0 26 16.4197
0 47 5.24432
0 59 40.2961
0 101 19.747
0 122 20.8569
0 123 9.14524
1 0 17.1256
1 3 6.4242
1 4 3.02247
1 41 19.3829
1 66 2
1 72 17.3499
1 74 2.75244
1 104 31.3584
1 116 11.5649
2 0 6.81901
2 8 6.43016
2 12 4.16195
2 31 11.6115
2 40 5.50215
2 59 8.85251
2 76 12.3885
2 91 2
2 98 3.84555
2 114 3.51746
2 116 7.22883
2 120 2.10261
2 143 14.7357
2 148 14.1463
3 0 3.17065
3 1 22.8776
3 17 10.2931
3 18 10.7543
3 35 25.4688
3 40 12.0459
3 66 5.68727
3 73 11.2468
3 78 12.3909
3 148 17.1935
4 0 2
4 3 6.53976
4 14 14.853
4 35 8.30678
4 41 4.55473
4 49 18.5691
4 76 6.20732
4 79 12.4471
4 91 2
4 92 8.23574
4 98 6.9524
4 109 6.98841
4 130 2
4 132 15.1601
4 143 4.32191
5 0 19.8067
5 1 10.141
5 3 21.8185
5 24 3.44725
5 30 21.7148
5 31 12.3939
5 62 20.8048
5 89 5.96349
5 104 2
5 105 13.8375
5 137 17.1394
5 144 2.61177
5 148 2
6 0 20.2278
6 17 17.0303
6 29 29.0691
6 50 18.3413
6 87 17.2999
6 102 2
6 111 12.4126
6 137 22.8904
7 0 12.2264
7 17 8.45625
7 35 28.7321
7 61 5.12474
7 68 7.61162
7 91 9.68039
7 102 3.03929
7 123 8.78163
7 143 3.12787
7 148 13.3395
8 0 17.401
8 1 9.87396
8 14 2.29689
8 41 13.9739
8 66 18.5804
8 69 4.38782
8 73 15.0517
8 102 4.45388
8 103 9.41926
8 112 9.59624
8 114 9.9439
8 132 13.5399
8 148 6.39265
9 0 21.3433
9 14 23.8414
9 21 4.06309
9 26 2
9 31 6.7795
9 53 3.60337
9 79 2
9 81 15.7336
9 99 12.6628
9 111 6.52516
9 148 14.7854
10 0 22.7953
10 17 17.3622
10 38 9.57419
10 72 10.0689
10 109 8.00272
10 112 2
10 127 16.821
10 136 2.68982
10 148 16.0739
11 0 27.8963
11 12 30.9763
11 81 44.1052
12 0 2.60717
12 10 21.0048
12 17 7.15266
12 40 7.57442
12 51 21.6277
12 63 18.3219
12 79 18.5371
12 97 4.49582
12 130 15.4945
12 132 3.9731
13 0 2.81263
13 13 10.5887
13 66 6.35544
13 68 5.16544
13 73 22.3898
13 81 5.35876
13 97 14.5387
13 112 14.0088
13 128 2
14 0 18.1862
14 3 24.8872
14 34 18.1799
14 35 10.5504
14 76 14.1654
14 102 19.2779
14 103 24.7433
14 116 2.53487
14 130 17.1644
14 138 5.18626
15 0 13.6146
15 25 16.4857
15 40 7.87387
15 58 4.29042
15 94 6.48351
15 95 3.02424
15 96 14.3636
15 102 18.7197
15 104 15.5316
15 134 22.7452
15 138 23.0013
16 0 6.2068
16 30 6.04368
16 31 14.2803
16 35 9.17818
16 75 11.8043
16 78 4.81749
16 87 16.0692
16 123 12.1002
16 132 10.9191
16 140 13.1461
16 147 2
17 0 3.37388
17 14 5.5098
17 24 8.26764
17 25 2
17 29 10.1161
17 58 17.2479
17 68 5.24146
17 81 9.16074
17 97 8.18021
17 112 5.57212
17 128 23.2941
17 131 16.5089
17 143 6.13547
18 0 22.2018
18 41 7.95815
18 57 10.5377
18 62 10.3652
18 65 14.0253
18 88 3.86551
18 148 18.6684
19 0 9.66722
19 3 7.32255
19 24 2.93669
19 29 10.3492
19 32 13.5518
19 40 10.453
19 48 7.82494
19 55 6.766
19 99 15.5944
19 123 16.6967
19 127 2
19 137 2.07296
20 0 4.285
20 9 8.63196
20 18 5.97128
20 26 9.53983
20 37 16.744
20 51 6.66713
20 94 2
20 104 4.14553
20 130 13.14
20 148 7.11883
21 0 4.2963
21 40 15.0311
21 68 15.2623
21 77 27.0858
21 93 23.5566
21 116 7.93139
21 143 8.04422
22 0 6.82552
22 50 2
22 54 5.82638
22 71 19.5221
22 76 14.7297
22 83 28.5491
22 85 18.6978
22 116 13.8672
23 0 28.9098
23 17 33.3254
23 55 62.7957
23 67 10.5307
23 109 18.5311
24 0 14.7855
24 4 18.8182
24 58 26.3158
24 76 26.7383
24 78 51.0545
24 148 29.1558
25 0 2.58859
25 26 9.71224
25 39 14.7663
25 40 12.7815
25 66 13.6888
25 69 16.8349
25 91 19.5978
25 97 5.40195
25 98 11.1593
25 115 16.6095
25 148 16.1217
26 0 6.00899
26 8 2
26 20 10.8855
26 26 2
26 31 2
26 51 12.2681
26 54 9.99652
26 73 3.7154
26 83 3.27846
26 86 7.05957
26 96 16.1689
26 100 7.44224
26 104 5.72178
26 118 13.1649
26 148 6.66719
27 0 26.7972
27 14 6.61405
27 18 5.86341
27 32 30.9285
27 76 20.2552
27 93 29.9275
27 116 5.42004
28 0 24.1195
28 12 5.21669
28 20 5.90705
28 78 24.1547
28 102 2.85705
28 123 19.2001
28 130 18.2325
29 0 9.373
29 63 25.9574
29 111 2
29 112 25.9404
29 122 42.9289
29 123 10.0699
29 136 6.7253
29 143 16.0786
30 0 15.5737
30 17 12.9568
30 32 20.3065
30 56 40.0136
30 80 37.3203
30 123 2
30 141 27.3982
31 0 7.07736
31 20 21.7689
31 28 2
31 83 7.87319
31 84 9.21785
31 92 2.55944
31 112 6.27328
31 129 12.5333
31 137 22.7392
31 148 10.9826
32 0 9.21813
32 20 28.4054
32 21 3.55356
32 40 40.6656
32 58 19.5807
32 132 9.1231
33 0 12.7007
33 24 25.1727
33 31 30.9312
33 41 7.20111
33 63 5.93369
33 76 3.14115
33 148 27.9223
34 0 6.6115
34 4 5.69818
34 20 7.75245
34 55 35.9794
34 73 10.3957
34 102 22.2445
34 111 4.63903
34 123 16.2037
34 130 14.568
34 148 5.0664
35 0 60.603
35 73 25.6676
35 93 24.439
35 96 2
35 124 13.5044
36 0 9.96301
36 4 2
36 16 14.6709
36 17 6.65152
36 31 9.66427
36 50 5.74702
36 58 17.7478
36 62 2.49796
36 63 6.26543
36 73 7.82643
36 92 11.9035
36 104 2
36 123 2
36 135 4.12082
36 148 2
37 0 12.7402
37 8 13.1305
37 12 6.18393
37 18 18.119
37 29 18.6758
37 40 5.84887
37 50 6.86881
37 76 27.8706
37 102 28.6801
38 0 29.4555
38 1 25.3436
38 9 6.10301
38 14 9.52781
38 25 14.4794
38 69 4.52904
38 80 7.55391
38 89 2
38 134 3.76989
39 0 12.3514
39 5 19.884
39 24 11.734
39 40 8.07516
39 48 2
39 62 9.79055
39 97 8.61058
39 142 15.7236
40 0 29.8974
40 21 23.9177
40 88 31.784
40 99 27.2849
40 110 42.6515
40 148 29.7214
41 0 4.24932
41 31 5.11458
41 41 18.2189
41 73 5.5134
41 77 9.2586
41 85 26.3325
41 112 12.2362
41 123 15.1403
41 135 13.2865
41 142 18.8029
42 0 9.79161
42 32 10.8061
42 41 16.6873
42 50 15.5356
42 68 9.88989
42 73 2
42 77 8.59808
42 78 7.6559
42 97 6.11335
42 119 4.22802
42 121 3.01701
42 122 2
43 0 5.6043
43 9 12.5554
43 17 10.8902
43 25 2
43 66 7.89784
43 81 6.13564
43 86 3.78378
43 104 14.2109
43 125 10.4276
43 136 11.0813
43 141 14.6203
43 147 2.93601
43 148 4.48321
44 0 2
44 17 44.414
44 73 4.83802
44 97 9.85659
44 111 44.7866
44 142 2.03423
45 0 6.20077
45 34 3.26447
45 91 4.9882
45 121 6.49274
45 137 4.86349
46 0 4.68721
46 18 5.42285
46 30 8.5546
46 81 33.6475
46 124 21.7025
46 135 21.6181
46 148 2.51999
47 0 5.02111
47 3 18.4738
47 14 16.3996
47 18 5.92613
47 40 8.96434
47 81 2.08047
47 112 11.8937
47 114 9.80013
47 116 3.37599
47 130 14.0052
47 142 12.887
48 0 2.82237
48 40 2
48 41 23.3112
48 50 22.3758
48 76 2.73307
48 85 24.4268
48 96 5.65026
48 127 10.1428
49 0 5.96357
49 32 7.63206
49 41 10.4969
49 49 2.33938
49 61 2
49 76 19.6484
49 86 11.7349
49 96 21.2912
49 135 12.4746
50 0 16.8585
50 12 2.27062
50 20 3.70528
50 57 35.1128
50 116 41.6213
50 143 30.2607
51 0 10.129
51 16 4.07144
51 18 13.6218
51 41 6.03863
51 76 2.05763
51 97 15.1502
51 104 24.4653
51 116 15.1277
51 127 18.5196
52 0 2.10199
52 12 8.63466
52 28 2.04899
52 67 13.4081
52 75 8.58361
52 118 6.83386
52 132 6.73107
52 137 18.773
52 143 26.2026
53 0 14.1451
53 32 12.7539
53 35 24.9404
53 39 23.0063
53 59 5.52324
53 75 15.5991
53 102 7.44626
54 0 6.43166
54 1 18.7721
54 18 37.5733
54 24 10.2622
54 32 13.1093
54 53 10.3898
54 72 17.229
54 85 2
54 112 2
54 143 16.8569
54 148 14.1012
55 0 5.2422
55 19 14.7231
55 31 3.61017
55 40 7.47298
55 41 7.53786
55 46 10.9447
55 50 6.26328
55 67 10.8602
55 75 2
55 79 3.44765
55 85 4.83244
55 97 11.5591
55 109 9.2281
55 128 8.86802
55 143 10.058
56 0 8.92131
56 41 8.58233
56 49 20.4448
56 78 15.509
56 86 3.86237
56 87 14.5767
56 123 23.4651
56 127 8.03141
56 135 17.1096
56 138 13.4572
56 148 8.49686
57 0 23.8323
57 51 39.7219
57 72 15.5275
57 75 5.84828
57 138 2
57 148 13.8298
58 0 15.2094
58 17 2
58 41 3.11364
58 63 13.0699
58 81 4.73509
58 84 13.2021
58 89 7.85771
58 97 2.6799
58 102 10.8923
58 127 2
58 130 14.5144
58 132 7.45226
59 0 12.7236
59 25 28.8634
59 48 26.3324
59 120 23.5236
59 122 33.3236
59 148 41.5478
60 0 15.5699
60 41 18.6016
60 58 16.2838
60 59 2
60 85 9.50512
60 104 2.1449
60 111 9.94791
60 133 16.2975
60 139 17.9062
60 148 18.4072
61 0 8.43432
61 32 22.6763
61 76 46.8624
61 123 49.7664
61 148 16.5516
62 0 16.3745
62 41 2.26811
62 44 8.15286
62 51 6.526
62 69 3.46796
62 96 7.79572
62 104 2
62 116 3.92401
62 131 8.56577
62 138 10.3462
62 142 6.3884
63 0 18.0498
63 13 11.3314
63 17 2.18597
63 24 4.50041
63 35 15.0773
63 59 2
63 66 7.21232
63 87 25.4003
63 91 10.4807
64 0 21.1
64 21 9.21211
64 28 23.5509
64 41 7.08739
64 52 3.60757
64 60 10.192
64 68 23.6202
64 78 6.9856
64 91 16.1265
64 104 19.0169
65 0 16.1075
65 19 14.7054
65 55 9.2165
65 59 13.3158
65 70 2
65 78 4.37469
65 127 2
65 131 9.59091
65 135 21.9647
65 148 12.2297
66 0 16.307
66 3 13.1821
66 25 4.96595
66 32 28.3228
66 58 2.01188
66 91 7.57213
66 109 4.16745
66 132 5.91201
66 135 10.7431
66 142 16.7383
67 0 14.4735
67 32 24.1127
67 67 13.0067
67 76 2
67 78 6.42669
67 79 16.4453
67 116 23.7252
67 127 3.17064
67 132 13.2735
68 0 13.6609
68 7 2.57931
68 27 28.5862
68 68 8.81139
68 91 6.75555
68 103 26.8363
68 110 27.935
68 148 26.3995
69 0 2
69 14 18.857
69 18 4.87559
69 24 9.41491
69 66 10.8268
69 80 6.47163
69 81 10.5462
69 83 14.3007
69 86 4.28458
69 102 7.87849
69 122 15.0158
69 127 11.9999
69 130 4.84039
69 137 8.42887
70 0 7.9073
70 9 2
70 18 8.78646
70 49 10.7695
70 58 2
70 68 3.3576
70 72 2.41878
70 75 7.13699
70 97 2.12525
70 110 10.8406
70 115 3.86681
70 148 17.343
71 0 10.3282
71 24 3.26064
71 32 5.73701
71 40 19.4187
71 44 6.37967
71 54 24.42
71 73 17.5444
71 118 6.33635
71 123 11.0964
71 146 17.6115
72 0 50.1826
72 68 27.9306
72 76 24.8434
72 99 7.61716
73 0 2.05198
73 20 34.4274
73 31 34.162
73 44 20.5836
73 67 29.5772
73 115 34.6325
74 0 24.2886
74 9 5.34141
74 21 4.45117
74 41 19.1851
74 96 21.1629
74 117 9.63441
74 133 2
74 139 24.4905
74 148 24.6414
75 0 13.0842
75 3 12.5351
75 12 12.4757
75 31 21.0265
75 55 13.8553
75 58 7.83401
75 59 11.5877
75 72 14.7273
75 114 11.103
75 122 7.03619
75 141 10.8735
75 143 15.4903
76 0 20.1181
76 21 16.6944
76 32 17.0211
76 41 32.1058
76 50 21.0733
76 73 9.57752
76 92 20.704
76 104 23.0511
76 148 2.1861
77 0 6.60571
77 9 4.83006
77 31 8.94217
77 41 7.74032
77 66 4.84392
77 73 4.91706
77 83 2.03935
77 100 3.19345
77 102 5.11226
77 116 9.78308
77 118 14.1283
77 135 12.5807
77 138 10.548
78 0 2.41237
78 16 25.0903
78 41 7.07052
78 58 7.58581
78 79 12.8281
78 88 19.4363
78 104 2.03996
78 109 11.2038
78 148 2
79 0 59.4739
79 26 23.1063
79 32 54.259
79 72 85.7533
80 0 27.7331
80 12 26.4181
80 32 38.5753
80 41 5.6712
80 48 25.6592
80 146 24.204
81 0 11.303
81 12 5.23253
81 41 8.10771
81 71 13.5281
81 79 2
81 89 9.06519
81 91 16.4218
81 104 2
81 109 7.27302
81 148 8.84884
82 0 69.9827
82 5 53.1141
82 41 5.59623
82 61 55.7175
83 0 2
83 1 3.91333
83 17 2
83 18 10.2626
83 25 5.58412
83 27 7.82737
83 40 2.11471
83 41 2
83 53 2.58069
83 76 6.8572
83 97 2.49408
83 98 13.8571
83 103 6.99232
83 121 2
83 142 7.50486
83 148 11.5443
84 0 20.9194
84 10 14.1674
84 32 17.4735
84 61 12.2861
84 68 3.06593
84 96 15.3308
84 112 19.3928
84 128 17.2555
84 148 21.0225
85 0 11.9209
85 20 2.46273
85 28 30.0849
85 29 28.4201
85 49 7.08021
85 51 11.1803
85 67 21.8697
85 70 6.55952
85 73 14.5175
86 0 22.0462
86 2 8.43779
86 7 28.0722
86 27 5.58093
86 31 2.57274
86 76 5.14267
86 89 4.08079
86 129 2.20053
86 141 4.01037
87 0 32.8828
87 9 12.6714
87 30 16.0827
87 31 18.1363
87 89 4.1914
87 96 14.976
87 148 9.69269
88 0 32.6181
88 79 14.7585
88 80 3.46111
88 88 2
88 123 30.2285
88 128 22.1495
88 133 22.4233
89 0 13.2412
89 26 4.61169
89 28 19.0278
89 73 2
89 77 28.6954
89 83 10.8846
89 89 9.33232
89 142 2
90 0 2
90 3 14.6653
90 5 12.9085
90 18 14.6717
90 52 6.80444
90 66 11.8182
90 67 19.1981
90 70 15.1566
90 73 8.88926
90 118 4.7232
90 143 8.61223
90 147 12.0778
90 148 3.33082
91 0 11.7952
91 9 16.6975
91 14 19.5202
91 35 11.8072
91 73 8.0217
91 83 16.9264
91 91 2.5337
91 129 12.3526
91 135 14.0788
92 0 10.7444
92 4 19.7828
92 12 15.5058
92 75 11.1696
92 93 33.7509
92 111 24.8054
92 131 16.8819
93 0 9.42436
93 11 11.9648
93 17 4.93896
93 35 2
93 41 9.30065
93 73 8.42124
93 83 8.79981
93 87 6.83536
93 118 10.7742
93 135 7.25188
93 137 2
93 138 2
93 143 12.4829
93 145 16.572
93 148 7.98161
94 0 22.8177
94 11 15.1029
94 27 10.0061
94 31 8.11589
94 35 12.8712
94 40 15.9702
94 86 4.19075
94 87 14.9588
94 88 4.71866
94 116 3.19716
94 130 10.6652
95 0 23.8769
95 12 2.36921
95 31 2
95 34 10.5219
95 41 6.97372
95 61 4.91608
95 68 9.53114
95 81 20.0991
95 136 23.0902
95 139 15.2166
96 0 17.3391
96 13 7.56947
96 19 2
96 24 15.184
96 28 18.657
96 79 16.6735
96 97 3.58279
96 135 3.19724
97 0 9.23748
97 31 15.4848
97 36 7.47747
97 42 8.64109
97 49 16.359
97 51 4.00143
97 81 16.2472
97 91 4.35194
97 102 20.6668
97 135 2
97 142 2.02139
97 148 17.6454
98 0 29.4352
98 21 24.3823
98 32 8.3831
98 35 6.4702
98 88 23.6368
98 93 27.246
98 132 29.6846
98 143 14.4701
99 0 11.6252
99 3 3.26797
99 17 12.2787
99 39 27.8966
99 91 40.7151
99 102 24.0035
99 147 26.6157
100 0 21.2413
100 20 20.4815
100 41 9.58969
100 59 3.05631
100 76 11.2068
100 89 21.0537
100 123 12.0369
100 127 5.16839
100 132 10.8466
100 143 6.68019
101 0 20.0521
101 26 6.83032
101 32 11.2331
101 38 11.4652
101 41 2
101 73 16.6793
101 102 17.3685
101 123 2
101 127 11.3697
101 130 3.81748
101 136 23.4156
101 144 2.21373
101 148 18.1498
102 0 2
102 14 2
102 31 14.8032
102 33 23.0346
102 40 12.3335
102 68 14.4968
102 72 21.9799
102 75 13.5187
102 128 6.55965
102 142 32.0283
103 0 12.495
103 14 4.58435
103 20 27.4987
103 87 32.516
103 129 17.0557
103 146 17.3871
104 0 10.9008
104 14 15.4472
104 32 2
104 50 10.9181
104 99 17.4707
104 102 9.04474
104 131 24.8332
105 0 6.32797
105 70 18.5589
105 75 2
105 83 33.4489
105 89 10.9287
105 102 3.25344
105 142 15.382
106 0 10.3913
106 54 36.3412
106 81 65.5128
107 0 2.64113
107 25 2
107 34 17.4553
107 48 12.8146
107 86 10.9157
107 112 11.5602
107 116 23.6052
107 132 15.609
108 0 5.94924
108 16 7.58052
108 38 27.1786
108 41 14.9413
108 72 4.41059
108 104 2.93839
108 124 36.6853
108 132 15.956
109 0 28.884
109 29 19.4794
109 70 5.75278
109 76 19.2298
109 80 7.27592
109 116 7.39553
109 148 13.7978
110 0 24.724
110 9 28.4476
110 17 31.0101
110 41 23.1064
110 76 24.4366
110 84 2.89028
110 143 12.3243
111 0 2.86342
111 9 8.45348
111 61 15.5324
111 122 6.85217
111 124 24.4794
111 131 6.78565
111 132 16.4487
111 135 2
111 144 5.66697
112 0 23.3352
112 18 20.8555
112 19 9.71773
112 32 8.65397
112 75 2
112 83 20.9495
112 97 17.4945
112 127 8.56216
112 135 11.0811
112 148 2.7237
113 0 21.9236
113 1 2
113 3 9.08147
113 23 2
113 27 13.865
113 58 5.22908
113 63 5.94783
113 76 24.0552
113 77 15.2215
113 79 2
113 142 9.8923
114 0 9.92376
114 3 15.6482
114 4 8.14196
114 19 2
114 25 17.7489
114 26 4.52737
114 69 9.66265
114 104 3.06979
114 116 8.63343
114 121 25.9071
115 0 28.7453
115 18 20.122
115 68 16.1729
115 102 2.88667
115 117 35.5096
115 123 12.9058
116 0 3.68082
116 17 5.33099
116 26 21.0689
116 40 23.0972
116 55 25.0672
116 69 26.1913
116 130 8.17249
116 137 22.8935
117 0 32.0112
117 17 10.8998
117 62 10.9847
117 88 4.45425
117 99 29.6722
117 123 39.0604
118 0 9.58587
118 9 20.1979
118 41 17.802
118 73 16.1803
118 88 13.6437
118 128 21.4157
118 130 4.73077
119 0 3.86306
119 5 17.0534
119 24 2
119 73 3.82412
119 87 12.7598
119 102 18.8724
119 104 13.2118
119 135 10.2457
119 148 4.57721
120 0 3.02547
120 3 22.8817
120 12 24.7406
120 18 5.28594
120 24 20.615
120 73 5.68452
120 78 24.0692
120 130 8.47967
120 143 6.85264
121 0 9.34464
121 1 14.1742
121 5 2
121 9 18.3812
121 12 20.0119
121 18 10.1954
121 32 18.3517
121 56 26.1233
121 72 2
121 73 5.70581
121 99 12.5413
122 0 12.4754
122 14 31.4036
122 18 3.65048
122 40 24.6833
122 57 4.36137
122 79 2
122 111 12.163
122 148 3.1928
123 0 10.7841
123 1 18.5972
123 24 5.47349
123 31 4.69138
123 49 16.7682
123 56 9.33698
123 69 21.7016
123 97 4.65139
123 121 2.06545
123 123 22.3258
124 0 30.5257
124 1 39.0281
124 12 14.8065
124 116 32.544
124 127 4.80034
124 148 21.5805
125 0 17.7085
125 18 16.0951
125 40 8.60136
125 58 12.27
125 72 9.49016
125 83 14.2618
125 88 12.1736
125 109 6.96171
125 143 12.3113
126 0 9.30854
126 12 24.3759
126 72 15.9201
126 76 7.11929
126 106 3.71991
126 116 23.6309
126 123 4.82288
127 0 23.1727
127 21 15.5837
127 76 2.36393
127 83 12.3804
127 85 14.1753
127 86 12.7625
127 91 2.19854
127 101 7.38422
127 134 17.588
128 0 18.1906
128 2 7.39533
128 3 3.96556
128 17 8.18956
128 76 10.244
128 78 12.2142
128 83 2
128 85 12.5777
128 116 2.59692
128 135 7.23677
128 136 11.8622
128 139 16.0122
128 142 3.93659
128 148 15.828
129 0 6.64466
129 12 2
129 18 3.28052
129 40 6.72661
129 41 6.36503
129 51 9.7083
129 110 8.5263
129 118 8.21822
129 123 7.01021
129 124 4.17423
129 130 14.6824
129 132 18.1903
129 143 13.0061
130 0 44.9501
130 76 2.80495
130 104 11.2171
130 116 7.48318
130 132 13.3107
130 148 19.2
131 0 20.8447
131 1 4.6081
131 51 7.16998
131 87 34.7819
132 0 2
132 21 6.94706
132 24 9.89866
132 29 6.09967
132 31 11.3131
132 66 20.2412
132 82 3.20999
132 142 9.60421
132 148 3.06583
133 0 16.5155
133 70 35.0638
133 80 25.4208
133 102 46.8583
133 129 23.805
133 148 3.54873
134 0 7.98019
134 1 18.5191
134 31 17.9134
134 58 17.6558
134 65 10.5262
134 83 9.33717
134 85 5.2729
134 89 22.518
134 116 26.6266
134 148 5.39842
135 0 28.2545
135 10 13.1353
135 68 2.71144
135 109 11.4516
135 116 12.5523
135 127 31.898
135 136 14.8526
135 148 3.88897
136 0 6.9256
136 9 3.02896
136 17 9.50974
136 41 14.6397
136 44 2
136 66 2
136 87 2.99147
136 97 3.15623
136 116 2.13081
136 126 2
136 139 11.1459
136 142 13.2855
137 0 16.3235
137 26 33.077
137 49 4.22259
137 54 35.7668
137 55 16.1062
137 144 25.9996
138 0 2
138 40 11.7647
138 47 27.4906
138 58 8.56629
138 73 21.8016
138 81 9.42868
138 109 2
138 135 10.8903
138 148 3.28962
139 0 61.1625
139 20 17.1663
139 68 13.2387
139 122 2
140 0 18.8071
140 17 9.87133
140 41 7.47944
140 59 15.0952
140 84 2
140 87 5.86768
140 91 12.1074
140 135 24.2344
140 148 11.3915
141 0 33.407
141 25 16.1355
141 38 41.7788
141 41 3.12408
141 50 23.4746
141 83 6.73724
141 148 24.2136
142 0 8.2937
142 49 21.0791
142 68 19.8208
142 75 6.82712
142 87 6.83535
142 116 18.2548
142 134 26.4297
142 135 9.15
142 142 4.62487
143 0 9.40408
143 14 21.529
143 30 8.18383
143 79 25.4973
143 84 13.2098
143 112 21.5659
143 116 19.6649
143 148 12.9845
144 0 13.7084
144 13 7.09599
144 14 11.92
144 21 3.65152
144 37 20.7688
144 40 11.5565
144 49 3.43437
144 51 15.4304
144 115 11.3765
144 130 2.77016
144 132 2.02104
144 146 5.75989
145 0 7.74016
145 14 6.73712
145 17 18.9236
145 29 10.6647
145 35 7.21165
145 68 8.0217
145 73 7.39719
145 99 4.80776
145 102 16.2461
145 103 10.1631
145 123 10.256
145 130 4.34693
145 134 11.7653
146 0 18.9225
146 61 25.4164
146 76 13.3504
146 91 7.75294
146 128 18.1364
146 136 20.1254
146 148 34.4356
147 0 13.6642
147 31 19.2373
147 40 3.17397
147 42 4.67325
147 50 25.7327
147 51 11.2181
147 63 6.579
147 76 5.25925
147 95 2
147 96 17.6642
147 116 3.92566
148 0 25.7141
148 27 20.3621
148 31 23.703
148 97 20.9784
148 111 22.4025
148 143 24.5685
148 144 25.4729
148 148 24.8315
149 0 18.8302
149 1 3.40452
149 32 9.46195
149 41 8.28044
149 70 12.7914
149 95 6.6666
149 98 3.72155
149 116 8.65308
149 132 10.6397
