200 200 1600
0 0 26.4049
0 28 2.84529
0 52 16.0381
0 58 20.1
0 75 39.8793
0 106 3.04952
0 107 26.3388
0 119 27.4197
1 0 2
1 17 26.7204
1 31 7.31842
1 49 24.7545
1 64 24.3955
1 148 32.5478
1 149 18.621
2 0 31.1055
2 8 14.7849
2 89 33.721
2 99 7.04198
2 112 5.58412
2 140 5.82714
2 142 2.13763
2 152 10.5669
3 0 10.4664
3 6 7.00023
3 24 4.86405
3 33 6.56482
3 53 7.76946
3 72 3.14091
3 74 18.1942
3 91 2
3 111 7.8267
3 175 13.3703
4 0 17.4089
4 31 6.51583
4 42 26.1704
4 51 4.03312
4 54 16.4082
4 58 2.14337
4 67 11.4617
4 108 9.47681
4 125 14.815
4 132 10.8339
4 139 7.61411
5 0 30.4029
5 9 20.6928
5 53 21.3576
5 95 28.3159
5 109 29.7809
5 121 15.0299
5 143 6.70938
5 178 4.69096
6 0 17.1065
6 25 2
6 34 2
6 67 4.54958
6 93 16.2978
6 94 13.8028
6 118 15.9464
6 119 12.8054
6 160 19.4544
6 172 7.79882
7 0 7.11774
7 8 4.53651
7 37 7.27396
7 107 8.76746
7 110 10.2666
7 118 8.95209
7 148 19.919
7 150 14.3969
7 152 21.9295
7 196 15.721
8 0 3.31086
8 5 3.05896
8 23 17.6096
8 46 13.0267
8 49 22.2333
8 60 4.17528
8 115 9.41074
8 127 15.9919
8 140 14.7753
8 164 9.62503
8 196 6.39879
9 0 3.55332
9 5 13.0925
9 9 5.12648
9 31 4.90628
9 41 2.0327
9 49 4.19521
9 54 11.4829
9 60 9.08383
9 81 5.74663
9 107 17.4203
9 116 13.8488
9 151 9.87943
9 160 16.4815
9 177 2.84689
10 0 17.0183
10 31 24.9396
10 60 9.89747
10 73 13.5533
10 143 28.8948
10 156 6.5953
10 174 16.542
10 177 20.1219
11 0 16.3588
11 9 23.5455
11 27 27.2785
11 54 2.26461
11 103 20.7084
11 107 16.6361
11 118 9.03949
11 155 2.04137
11 181 11.9098
12 0 24.4623
12 31 7.59657
12 34 11.4027
12 67 15.8212
12 95 17.6325
12 108 21.1297
12 168 34.834
13 0 4.38792
13 22 6.08319
13 28 16.0092
13 42 16.8441
13 46 9.01362
13 49 10.4719
13 69 14.8679
13 73 18.6131
13 116 2.35026
13 125 5.95575
13 148 10.1272
13 178 5.90531
14 0 20.9533
14 22 26.7403
14 25 8.34207
14 65 17.3925
14 68 13.4901
14 112 12.1269
14 119 2
14 140 16.9089
14 149 14.3103
14 185 11.6331
15 0 16.519
15 3 7.52901
15 17 20.912
15 31 16.0519
15 42 23.4827
15 107 2
15 127 12.0079
15 130 2
15 143 4.39592
15 162 17.4294
15 181 12.6358
16 0 2
16 6 28.4808
16 16 6.58129
16 36 3.87602
16 46 6.9226
16 53 8.75223
16 88 10.5984
16 110 13.0848
16 115 4.75233
16 124 3.92951
16 168 11.0536
16 186 5.58184
17 0 21.2116
17 86 31.834
17 93 5.43279
17 142 24.2379
17 148 25.5791
17 151 45.6681
18 0 5.46848
18 22 6.65588
18 31 2
18 54 2.71144
18 58 21.803
18 60 14.898
18 87 8.61474
18 88 10.716
18 101 10.6769
18 107 6.81273
18 112 13.5954
18 130 17.7909
19 0 11.7966
19 5 2
19 6 2.27354
19 58 23.9727
19 73 35.2119
19 80 18.3372
19 99 2
19 122 19.6122
20 0 5.49615
20 6 2.27123
20 30 25.1203
20 53 10.8508
20 95 13.2782
20 116 11.8281
20 118 2.18202
20 119 13.2863
20 132 8.42077
20 167 7.39826
21 0 13.9055
21 80 32.7748
21 86 36.1702
21 91 26.7174
21 116 28.5898
21 130 2.49596
22 0 21.4728
22 16 13.4376
22 31 5.84754
22 42 28.276
22 68 15.465
22 122 3.16267
22 148 8.10085
22 172 13.3753
22 177 2.06604
23 0 4.7035
23 19 5.52169
23 30 2
23 33 9.78024
23 46 4.51216
23 68 6.03697
23 81 8.52288
23 107 13.9185
23 140 10.8081
24 0 3.0292
24 31 25.2157
24 49 2
24 52 16.743
24 53 8.64409
24 68 4.73776
24 81 5.83262
24 101 8.81145
24 118 2
24 148 5.61212
24 156 4.30434
25 0 17.4882
25 16 14.872
25 19 10.6115
25 22 11.846
25 60 10.9742
25 69 9.9979
25 75 2.36481
25 188 24.6097
26 0 9.29084
26 16 6.83933
26 42 10.614
26 58 15.6958
26 67 12.8717
26 80 11.2288
26 87 2.46973
26 119 11.0417
26 140 2.10515
26 151 2.12183
26 175 15.3772
26 196 24.6674
27 0 15.8626
27 19 17.2301
27 41 7.7938
27 46 24.1975
27 54 18.9863
27 75 6.68347
27 162 7.16861
27 171 10.216
28 0 2
28 31 10.4774
28 45 9.05868
28 49 4.2245
28 68 3.16376
28 75 2
28 118 10.0153
28 124 16.628
28 139 2
28 157 12.3043
28 170 16.0747
28 174 2.19102
28 186 4.71155
28 192 2
28 197 11.3076
29 0 2
29 46 19.93
29 72 26.9192
29 101 6.35352
29 107 6.86544
29 148 34.0923
30 0 8.13204
30 60 16.0865
30 108 48.0413
30 112 11.9541
30 120 10.4034
30 150 3.36954
31 0 15.2743
31 46 10.7954
31 70 22.7943
31 77 8.66183
31 82 25.0098
31 103 29.0149
31 115 15.0267
31 190 7.22373
32 0 3.25549
32 6 4.09702
32 24 13.2171
32 31 2.02835
32 35 2
32 46 7.61025
32 53 2
32 87 2
32 93 2
32 104 13.7908
32 107 6.37911
32 118 14.2583
32 127 2.1516
32 128 11.4817
32 146 9.52245
32 162 10.1616
33 0 20.5364
33 16 2
33 73 22.253
33 75 39.4177
33 107 21.2405
33 176 56.4734
34 0 5.45633
34 1 18.0088
34 16 6.66975
34 39 16.6363
34 58 20.3856
34 60 12.726
34 71 25.3282
34 95 13.4285
34 107 10.5853
34 121 8.11736
34 182 7.40214
35 0 18.8387
35 22 4.77987
35 31 16.5694
35 46 5.32228
35 101 17.5983
35 112 9.1045
35 118 10.3685
35 146 12.6864
35 156 5.63313
35 175 7.18685
36 0 24.1076
36 128 60.6081
36 150 49.4633
37 0 4.46268
37 16 15.9317
37 42 6.10132
37 72 14.2721
37 73 5.62039
37 109 16.4052
37 115 11.8382
37 119 19.1681
37 148 19.5541
37 157 2
38 0 2
38 8 12.8183
38 22 8.45746
38 25 16.8076
38 26 4.5807
38 30 9.12368
38 54 2.20305
38 59 3.33117
38 84 11.6482
38 122 7.41051
38 140 5.59489
38 142 8.30854
38 174 4.96022
38 177 9.29506
38 178 2.19827
39 0 21.1129
39 28 13.5097
39 54 19.263
39 73 3.45267
39 107 17.6011
39 151 23.8673
39 162 12.9506
39 181 16.3179
40 0 18.5106
40 8 17.4123
40 28 16.8912
40 54 3.73186
40 58 14.2024
40 107 3.25887
40 116 5.22432
40 118 29.9631
40 122 18.5987
41 0 9.47091
41 6 9.02551
41 19 3.73415
41 49 8.07737
41 58 16.2886
41 102 6.78154
41 112 9.44683
41 130 27.0697
41 144 3.95616
41 147 12.5471
41 150 7.3938
41 165 13.7046
42 0 15.1222
42 17 19.2527
42 44 16.1953
42 74 11.3199
42 99 2
42 111 8.80475
42 112 23.1808
42 148 5.68798
42 150 24.938
42 185 5.82647
42 186 8.67055
43 0 6.1255
43 22 5.50423
43 54 16.0562
43 68 28.4483
43 74 15.2297
43 119 25.6084
43 140 20.4056
43 150 21.6471
44 0 19.8856
44 3 23.2518
44 73 27.2815
44 147 26.0494
44 179 12.9197
45 0 20.1159
45 16 8.66886
45 49 24.778
45 53 7.9511
45 91 13.1434
45 103 5.90999
45 106 2.60416
45 165 11.2703
45 168 16.936
45 169 7.95229
46 0 20.8287
46 19 2
46 46 9.05246
46 95 8.25624
46 96 8.4942
46 107 6.75613
46 110 16.7354
46 118 19.397
46 119 7.70076
46 168 11.094
47 0 4.38066
47 6 25.1902
47 46 19.6727
47 59 25.58
47 88 16.1465
47 95 4.68831
47 165 6.07899
47 181 15.5591
48 0 23.6895
48 78 2
48 81 20.0558
48 107 8.11928
48 119 12.7301
48 128 9.96922
48 140 13.1631
48 165 9.50702
48 188 20.8003
49 0 28.5237
49 45 6.34247
49 49 25.2045
49 60 14.2624
49 78 2
49 115 11.6565
49 178 16.9135
50 0 8.31432
50 8 2.61811
50 16 6.7708
50 25 16.4704
50 54 2.8517
50 60 7.98755
50 110 13.3406
50 143 15.5617
50 168 4.09771
50 188 3.2791
51 0 6.07207
51 3 21.8638
51 22 13.8595
51 28 8.06517
51 81 17.6692
51 88 6.97475
51 98 26.7404
51 107 21.7541
51 131 17.3962
51 193 2.073
52 0 13.4184
52 49 22.1861
52 54 7.65354
52 59 10.1797
52 60 5.5812
52 63 2
52 99 5.65764
52 103 17.021
52 148 10.5246
52 152 5.24059
53 0 47.3699
53 75 32.7584
53 121 16.2975
53 145 29.4562
53 172 22.0687
53 188 28.8443
54 0 6.34551
54 13 6.68648
54 20 33.9245
54 93 31.2866
54 170 17.2127
55 0 2.52493
55 30 2.64026
55 54 27.1261
55 75 11.5019
55 91 26.8344
55 151 14.7703
55 171 33.2006
56 0 2
56 6 14.2076
56 46 21.0606
56 53 11.5278
56 58 11.4371
56 78 3.35525
56 95 2
56 149 12.8447
57 0 6.44479
57 17 2.08285
57 29 13.4184
57 112 17.6608
57 116 11.9002
57 122 2
57 148 2
57 176 24.6262
58 0 16.7487
58 17 44.7519
58 101 39.3102
58 107 2.25301
58 122 17.5713
58 178 37.7549
59 0 12.5676
59 41 8.10885
59 59 2.04632
59 95 33.8312
59 115 17.2516
59 118 17.219
59 193 24.9323
59 198 26.6484
60 0 24.564
60 6 21.5926
60 12 16.3175
60 42 6.24661
60 107 3.39714
60 112 6.41773
60 140 7.49929
60 150 16.9736
60 186 2
61 0 15.9757
61 8 34.0528
61 30 52.7418
61 149 2.57285
61 151 17.3602
62 0 11.0991
62 49 8.25367
62 69 12.4814
62 73 3.33555
62 88 15.5577
62 117 17.8761
62 147 22.6832
62 148 37.5024
63 0 26.2807
63 60 19.4108
63 67 27.7852
63 86 15.5866
63 110 2.80688
63 130 39.1582
63 145 38.8976
64 0 23.9081
64 4 25.0667
64 59 19.4095
64 60 28.2113
64 72 35.5882
64 101 21.1599
64 195 26.8837
65 0 25.5049
65 14 26.218
65 54 31.1906
65 60 33.0943
65 88 2
65 145 4.75906
65 186 18.8218
66 0 26.56
66 5 12.4905
66 25 28.7277
66 31 22.6502
66 49 2
66 54 22.1187
66 114 8.35018
66 140 6.03661
66 148 13.0936
67 0 13.0623
67 28 7.96214
67 30 19.6676
67 60 5.49483
67 67 7.17102
67 73 11.7325
67 107 4.55111
67 119 2
67 122 4.58514
67 128 18.8857
67 177 4.15019
68 0 23.1126
68 4 18.6952
68 8 7.79261
68 24 22.0319
68 46 15.7873
68 73 2
68 81 3.34909
68 167 21.9408
69 0 4.24851
69 11 5.4949
69 42 6.49569
69 46 17.2906
69 80 32.3917
69 119 28.5669
69 150 5.61417
69 183 32.7587
70 0 7.65919
70 1 9.16127
70 8 22.6834
70 16 21.9823
70 74 2
70 75 11.5809
70 118 15.382
70 139 8.47778
70 171 10.8661
70 192 13.6693
71 0 7.82866
71 1 8.42164
71 10 7.00588
71 12 5.14938
71 22 11.8202
71 25 2
71 60 9.55919
71 75 8.23227
71 85 2
71 118 2.06605
71 139 2
71 140 8.70183
71 142 18.5236
71 150 4.12996
71 165 7.40879
71 166 5.78463
71 178 6.22747
72 0 4.53672
72 8 21.5447
72 19 11.3952
72 28 20.6612
72 73 16.9615
72 119 15.7927
72 127 23.2003
72 150 19.043
72 151 17.2757
72 176 16.7603
72 188 5.02309
73 0 28.1814
73 26 12.4181
73 60 12.8487
73 75 5.06404
73 112 4.85675
73 151 16.8662
73 172 13.048
73 177 14.9357
74 0 3.05138
74 30 20.0617
74 32 2.11061
74 44 24.3575
74 73 3.97491
74 120 8.63042
74 128 17.0377
74 145 15.8403
74 169 11.2341
74 178 8.22195
74 192 15.4935
75 0 4.12123
75 25 3.7463
75 27 11.3327
75 28 15.5484
75 34 19.0858
75 39 6.17727
75 53 5.51266
75 88 9.62843
75 107 10.6132
75 123 7.80068
75 171 13.8755
75 186 6.07785
75 189 4.06324
76 0 9.88362
76 25 17.1294
76 41 2
76 46 17.763
76 58 2.22351
76 72 2.92649
76 75 13.3458
76 88 9.27827
76 122 4.77382
76 133 13.2306
76 162 4.59877
76 176 7.73028
77 0 2
77 91 3.06707
77 107 8.43828
77 118 23.8268
77 139 17.9853
77 151 6.64085
77 168 10.2513
77 171 29.49
78 0 9.20968
78 5 14.5523
78 8 2
78 16 19.6731
78 30 21.7667
78 88 23.8334
78 168 23.7612
79 0 26.9021
79 5 21.1325
79 46 12.9088
79 54 20.4861
79 101 2.75943
79 107 26.0681
79 130 9.68846
79 173 2
80 0 35.8373
80 75 26.1353
80 88 27.9922
80 130 51.4261
80 156 24.2502
81 0 38.2912
81 16 17.6909
81 17 23.381
81 31 19.1583
81 59 9.07956
81 95 22.0904
81 121 35.0984
82 0 3.12117
82 42 26.9285
82 43 5.1929
82 88 33.7164
82 95 45.6817
82 117 3.3742
83 0 5.75115
83 6 5.49472
83 33 8.10781
83 43 4.36936
83 46 9.28772
83 67 13.2384
83 103 19.7951
83 107 14.8527
83 130 3.46378
83 147 2
83 151 17.1327
84 0 17.0213
84 31 14.5161
84 41 2
84 42 9.39644
84 72 2.62239
84 75 2
84 107 7.35158
84 112 4.57074
84 117 4.39629
84 121 2
84 157 9.47055
84 186 15.1859
84 194 20.8663
85 0 34.464
85 65 2.86753
85 107 9.1603
85 118 6.56339
85 143 16.3253
86 0 40.7193
86 51 32.8832
86 59 50.9289
86 69 7.46663
86 176 23.977
87 0 18.9926
87 18 16.8449
87 43 2
87 60 5.15378
87 151 29.5369
87 163 12.8774
87 168 2.32272
87 171 22.7436
88 0 16.5761
88 26 21.0225
88 33 20.5346
88 80 42.4164
88 88 18.2476
88 112 29.7838
89 0 20.6224
89 22 13.0073
89 54 30.7286
89 65 20.5202
89 96 2
89 140 4.27987
89 165 12.1125
90 0 14.9017
90 24 2
90 46 20.6383
90 53 13.5311
90 107 2
90 118 2
90 140 13.99
90 150 12.4329
90 165 2.76583
90 169 15.1877
90 171 3.35207
91 0 68.4695
91 80 72.2079
91 112 10.7626
91 178 19.1515
92 0 11.2305
92 53 14.1527
92 73 16.3711
92 88 16.2513
92 116 2
92 128 8.96366
92 150 37.7158
93 0 2.84413
93 8 15.4505
93 9 5.85261
93 16 8.90178
93 31 10.3371
93 53 5.91338
93 75 10.7425
93 83 11.4899
93 107 3.82775
93 116 3.66825
93 143 15.3778
94 0 4.53737
94 24 2.02736
94 35 8.2151
94 41 3.27077
94 46 8.36773
94 88 12.3237
94 107 13.1115
94 120 7.70311
94 144 4.202
94 147 16.4413
94 174 6.12414
94 197 7.14672
95 0 22.1513
95 13 17.2795
95 73 12.6231
95 112 17.6259
95 163 11.306
95 172 32.6104
95 193 11.1026
96 0 6.94766
96 19 7.6677
96 24 18.0915
96 28 8.99199
96 34 2.41164
96 159 43.2809
96 196 27.2715
97 0 31.8473
97 25 20.0163
97 53 16.1881
97 107 25.2767
97 149 31.5003
97 167 7.63779
97 186 4.1485
98 0 41.0352
98 16 49.8893
98 107 32.3548
98 116 15.6963
98 146 26.2698
98 172 6.28164
99 0 35.0453
99 54 38.0858
99 60 10.151
99 68 17.3634
99 116 21.2485
99 143 15.7582
99 178 11.1538
100 0 7.83531
100 25 2
100 67 17.8701
100 88 2
100 112 6.81304
100 137 18.1222
100 141 9.65338
100 161 18.5554
100 177 17.8877
101 0 20.2014
101 8 65.0405
101 67 22.9978
101 81 15.2512
101 88 35.4255
102 0 20.79
102 5 19.1791
102 7 6.15646
102 16 6.26316
102 75 10.1822
102 107 13.9872
102 167 11.4618
102 168 6.92218
102 169 16.9252
103 0 11.6085
103 5 17.9545
103 41 28.0592
103 54 2.80485
103 112 10.7337
103 137 3.53021
103 143 10.2813
103 148 5.53677
103 150 18.5214
103 161 3.12567
104 0 11.5676
104 19 23.2972
104 54 31.3604
104 67 18.8137
104 142 32.3559
104 181 17.8373
104 185 11.6061
104 196 22.9587
105 0 23.3571
105 5 8.25701
105 6 22.5571
105 81 11.4323
105 94 10.2379
105 140 6.99455
105 148 5.84833
105 150 3.79942
106 0 18.3173
106 33 2
106 34 14.5222
106 54 16.1494
106 95 13.4802
106 119 11.2401
106 139 12.4588
106 148 9.94695
106 149 12.497
106 157 11.6994
106 169 6.19946
107 0 13.6615
107 6 3.81228
107 31 10.0697
107 60 7.77673
107 78 10.8819
107 109 8.33962
107 118 9.93211
107 143 16.6044
107 148 12.1858
107 186 2
108 0 11.1915
108 41 9.03279
108 74 8.65422
108 75 2.33077
108 101 7.2284
108 117 8.22325
108 118 11.9699
108 124 2
108 151 3.62881
108 156 4.48486
108 159 6.98165
108 172 4.03473
109 0 21.1412
109 16 22.1951
109 30 10.388
109 54 12.8088
109 60 2.27195
109 68 6.42219
109 93 16.2926
109 124 6.07292
109 137 8.74156
109 159 8.9475
110 0 16.4533
110 3 7.93243
110 30 7.89482
110 54 2
110 91 6.02739
110 94 5.56119
110 108 6.2837
110 122 2
110 130 2.62596
110 134 20.1664
110 177 10.6552
111 0 24.916
111 7 10.3235
111 42 19.8135
111 100 29.3272
111 110 6.06854
111 196 8.34905
112 0 3.06819
112 3 2.7048
112 19 4.69765
112 28 11.334
112 60 4.4795
112 64 12.1381
112 112 7.65516
112 143 6.78053
112 146 7.34586
112 149 21.5833
112 150 8.9427
112 156 15.4982
112 196 8.41424
113 0 15.1877
113 5 4.4423
113 8 9.16748
113 16 6.71957
113 46 4.34385
113 67 2
113 84 4.03358
113 94 23.2372
113 127 2.61902
113 140 15.3492
113 195 18.9314
114 0 4.55452
114 6 11.5518
114 20 2.08546
114 42 2.23364
114 46 7.40908
114 58 2
114 75 19.8731
114 97 16.9184
114 119 4.30919
114 130 15.8921
114 136 12.5009
114 144 6.08816
114 185 5.43588
114 197 2
115 0 4.24238
115 1 11.8166
115 16 15.0141
115 74 16.7709
115 128 7.0876
115 140 8.2393
115 174 18.1644
116 0 9.52568
116 6 18.1524
116 8 16.9673
116 17 5.63519
116 28 7.30442
116 34 18.0475
116 75 4.39139
116 121 11.5299
116 128 16.1198
116 188 12.67
117 0 9.79056
117 1 11.5209
117 27 23.752
117 49 10.8827
117 75 18.3531
117 81 2.78925
117 128 8.3921
117 151 22.7191
117 188 26.7815
118 0 5.01991
118 11 18.0843
118 27 11.5346
118 28 18.6755
118 49 2.99954
118 73 10.9353
118 81 4.90726
118 140 2.26218
118 148 24.576
118 178 16.5124
119 0 11.4011
119 31 4.67663
119 54 20.6432
119 73 25.9916
119 75 13.25
119 88 20.3092
119 116 3.42862
119 119 14.0293
119 130 12.6791
119 195 13.7295
120 0 8.20138
120 30 10.36
120 58 15.5184
120 110 23.2047
120 112 15.8565
120 115 4.45086
120 131 14.2998
120 150 10.5313
120 185 16.9265
121 0 9.3936
121 10 2
121 54 2
121 67 4.01915
121 107 15.3705
121 116 6.49585
121 118 13.8442
121 131 9.02131
121 156 6.71921
121 162 2.69769
121 195 14.9821
122 0 38.8098
122 3 13.4641
122 8 18.7734
122 28 11.5938
122 40 35.5493
122 171 5.33013
123 0 7.60913
123 39 10.3435
123 47 8.18223
123 54 16.1696
123 62 6.87205
123 75 2.08944
123 98 16.5174
123 112 2
123 121 18.5068
123 127 17.4621
123 140 6.51923
123 150 2.94802
124 0 2.02726
124 25 11.7396
124 73 42.5913
124 140 33.9237
124 145 12.3983
124 150 16.661
125 0 83.4972
125 6 38.9004
125 119 57.2554
126 0 3.04047
126 7 15.8172
126 19 9.24099
126 27 18.4638
126 31 16.5479
126 80 22.1434
126 81 11.8434
126 107 18.7576
126 149 18.2902
126 150 11.6359
126 152 9.78298
127 0 15.5793
127 6 18.9106
127 8 18.4448
127 20 7.29703
127 49 7.66418
127 60 9.54846
127 68 13.4276
127 103 4.72751
127 106 11.6542
127 116 24.693
127 125 2
127 131 5.31148
127 169 2.50047
128 0 2
128 23 25.8324
128 31 7.46761
128 68 26.7084
128 107 31.8542
128 112 12.2782
128 150 9.46924
129 0 15.5762
129 87 31.9437
129 107 16.2306
129 148 2.85993
129 151 13.4394
129 153 10.937
129 172 27.6534
130 0 5.51642
130 34 15.6875
130 42 5.77551
130 54 8.18584
130 73 27.3233
130 78 17.0392
130 107 11.1808
130 144 10.5759
130 147 13.1222
130 195 12.6867
131 0 9.07034
131 8 14.2414
131 17 21.288
131 58 6.73874
131 81 2.19557
131 101 9.27888
131 123 2.71728
131 134 3.45755
131 155 2
131 172 2.60752
131 174 7.14562
132 0 4.6908
132 6 22.8068
132 46 7.67285
132 54 2
132 88 2.12076
132 98 6.69314
132 120 6.77409
132 148 15.9952
132 157 15.8378
132 173 4.86556
132 196 8.41288
133 0 21.7393
133 30 23.6625
133 54 20.0461
133 67 4.71385
133 68 25.4845
133 131 3.48581
133 141 6.80005
133 160 4.79111
134 0 8.23578
134 46 26.7013
134 67 2.55782
134 75 4.12947
134 118 27.3252
134 171 9.23432
134 174 4.41189
135 0 4.15707
135 8 11.577
135 75 2.39084
135 86 12.6465
135 104 5.81362
135 143 2.1778
135 157 11.1657
135 163 10.6028
135 172 9.52067
135 178 17.3643
135 185 10.3795
135 187 5.13758
136 0 19.2056
136 8 2.42252
136 20 11.2266
136 27 14.3687
136 41 8.18746
136 46 15.907
136 54 9.91394
136 116 3.26807
136 118 3.34635
136 162 8.2842
136 189 6.24194
137 0 14.2569
137 35 10.4481
137 54 2.38579
137 70 8.83099
137 107 15.32
137 117 6.64967
137 122 4.96718
137 172 2.29141
137 175 23.0298
138 0 25.2958
138 8 15.9441
138 34 8.61706
138 68 16.4755
138 95 31.1825
138 110 9.09234
138 152 4.42422
138 178 5.68586
138 197 8.45154
139 0 19.8456
139 3 21.8054
139 11 21.2343
139 31 32.1683
139 49 15.8708
139 65 2
139 86 15.8223
139 150 9.45584
140 0 9.2881
140 1 13.9636
140 2 14.1871
140 5 16.147
140 42 5.62681
140 43 2
140 75 13.3016
140 95 3.62523
140 108 10.0631
140 119 8.80705
140 169 8.15214
141 0 2
141 6 14.1794
141 11 17.5323
141 30 12.8293
141 31 10.1576
141 42 8.08195
141 80 5.12669
141 120 2
141 127 4.71496
141 128 15.3739
141 139 2
141 140 16.5446
141 145 11.59
141 150 2.01669
141 165 13.3977
141 181 11.0813
142 0 31.4931
142 28 6.18291
142 31 17.2244
142 36 8.98159
142 119 9.82693
142 125 20.6585
142 127 13.2197
142 147 14.1012
142 156 11.0643
142 165 13.0995
142 178 8.0566
143 0 20.3336
143 8 21.2637
143 53 29.5612
143 88 14.661
143 130 14.634
144 0 28.6985
144 20 22.5868
144 34 36.3949
144 42 12.2247
144 49 20.123
144 76 31.8743
145 0 6.36221
145 30 12.4847
145 31 16.2861
145 36 9.4139
145 54 5.40681
145 60 8.99006
145 112 12.0508
145 122 2
145 171 4.70877
145 178 2.91921
145 189 11.8458
146 0 18.2629
146 7 12.8305
146 22 2
146 31 18.4358
146 40 10.5894
146 42 5.80494
146 68 5.14712
146 107 11.16
146 116 13.0556
146 118 12.5273
146 188 13.5947
147 0 3.0496
147 16 24.0161
147 28 13.2479
147 30 6.68845
147 34 25.7293
147 60 14.1221
147 107 26.3894
147 169 21.9466
147 178 13.6289
148 0 11.6957
148 8 4.80596
148 22 15.0723
148 33 2
148 42 11.1808
148 46 2
148 67 14.0542
148 74 2.36222
148 112 10.1344
148 143 14.819
148 148 10.7667
148 169 11.8702
149 0 12.3056
149 16 4.02535
149 40 5.27294
149 74 10.3998
149 95 5.22081
149 118 7.24159
149 145 3.18825
149 150 12.8927
149 165 4.30743
149 177 9.35544
149 186 2
149 189 2.08784
150 0 8.46238
150 8 7.13321
150 22 6.22895
150 31 8.56651
150 46 16.6562
150 54 9.63934
150 59 2
150 116 11.9858
150 128 10.7657
150 140 11.3893
150 169 13.6734
151 0 16.5562
151 41 14.4291
151 101 5.84254
151 134 12.3772
151 148 5.37273
151 149 9.35003
151 162 18.2095
151 181 31.0151
152 0 7.95005
152 6 8.90815
152 77 2
152 86 5.49743
152 88 13.0891
152 89 7.12632
152 110 17.2765
152 119 5.21687
152 142 7.34355
152 162 14.8407
152 176 11.488
153 0 17.8609
153 29 21.7009
153 75 14.1551
153 80 19.1785
153 81 14.0993
153 119 16.5274
153 128 9.57994
153 133 16.8396
153 140 2.21462
153 151 2.66616
154 0 8.23497
154 17 9.44428
154 28 17.6241
154 42 16.8536
154 110 2
154 133 5.5013
154 150 6.47153
154 186 23.6615
155 0 22.1815
155 5 7.44526
155 31 8.94
155 42 2.48263
155 107 20.5576
155 152 11.2027
155 176 2
156 0 28.5239
156 5 25.0165
156 8 37.6385
156 73 22.6435
156 93 15.6448
156 103 14.4086
156 187 19.4246
157 0 15.2601
157 16 29.7201
157 88 36.5035
157 99 28.136
157 137 14.0713
157 150 25.4917
157 174 3.62217
158 0 22.5653
158 3 2
158 46 15.1397
158 54 3.17138
158 95 10.1594
158 108 20.5215
158 118 10.6298
158 119 6.17143
158 139 12.0612
158 150 5.36642
158 154 3.1061
158 175 11.7309
158 197 3.80536
159 0 14.4428
159 35 5.89562
159 54 20.1523
159 73 4.07515
159 107 5.16091
159 108 8.58581
159 119 11.3613
159 127 16.2976
159 148 19.351
159 177 4.25182
159 187 8.77832
160 0 9.64637
160 22 20.5387
160 75 40.1953
160 148 56.0193
160 185 12.8024
160 197 25.0825
161 0 13.2978
161 6 7.85482
161 46 6.45806
161 59 2
161 65 12.7665
161 75 2.52244
161 81 2.24965
161 87 8.68649
161 107 2
161 167 14.1319
161 181 19.5648
161 186 17.6546
161 189 2
162 0 2.10423
162 30 4.16925
162 54 7.93243
162 73 8.08233
162 81 30.9487
162 84 7.59957
162 86 7.05028
162 88 11.6783
163 0 37.0747
163 6 8.32516
163 46 2
163 53 4.57978
163 93 3.65189
163 125 21.7084
163 174 8.99944
164 0 25.6503
164 42 14.3313
164 45 9.3515
164 46 21.3744
164 80 8.41572
164 107 20.0802
164 165 14.315
164 178 6.24235
165 0 2
165 10 11.8275
165 31 22.6518
165 60 23.0516
165 107 6.27003
165 149 4.37594
165 150 11.4405
165 165 15.879
165 178 14.7837
166 0 2
166 30 15.9107
166 59 5.74919
166 60 11.2804
166 75 15.1274
166 86 14.9353
166 96 11.7803
166 103 25.7881
166 121 19.8033
166 175 9.08995
167 0 25.0537
167 54 6.96986
167 91 26.2701
167 95 2.50873
167 107 40.4678
167 108 4.88133
168 0 11.7907
168 6 2
168 16 12.9282
168 20 16.9796
168 31 18.74
168 42 19.7115
168 49 19.7009
168 73 2
168 81 6.18395
168 115 16.1622
168 150 2
168 156 20.6383
168 170 2.0793
169 0 15.8693
169 3 3.74599
169 95 17.0326
169 111 35.9291
169 150 20.4727
169 199 33.6535
170 0 41.4507
170 112 63.0037
170 142 44.585
170 183 27.1944
171 0 5.49042
171 60 9.45625
171 73 12.4487
171 114 15.1682
171 118 2.78013
171 154 40.9802
171 192 35.2261
172 0 66.4953
172 39 2.07495
172 107 33.7239
172 162 48.5501
172 188 20.6862
173 0 14.8622
173 46 16.3559
173 54 5.54504
173 67 4.62123
173 74 5.8351
173 76 18.346
173 109 19.5353
173 118 13.5113
173 122 17.5663
173 150 5.16507
173 151 11.5714
174 0 4.94198
174 22 6.41145
174 28 5.60464
174 54 2
174 59 7.77224
174 88 9.10536
174 107 15.7168
174 125 4.67148
174 145 11.4037
174 172 9.01113
175 0 15.0912
175 25 6.47107
175 72 15.0334
175 75 24.9978
175 95 2
175 98 11.6923
175 152 24.0631
176 0 3.57537
176 3 3.95341
176 8 12.8091
176 22 6.1145
176 60 2
176 74 2.78759
176 75 4.0928
176 80 4.99935
176 81 13.3369
176 107 12.2016
176 117 12.3369
176 148 10.7501
176 157 4.95325
176 183 2.04051
177 0 11.0096
177 1 2
177 72 5.52246
177 81 5.7672
177 95 3.55397
177 112 2.79333
177 143 11.7292
177 161 33.1027
177 174 30.99
178 0 5.45528
178 42 2.34565
178 76 15.3988
178 81 5.48254
178 103 18.9405
178 107 6.47717
178 110 13.8077
178 111 29.8066
178 145 14.6711
178 149 20.7196
178 186 2
179 0 15.7224
179 20 10.3536
179 35 7.87299
179 94 11.5531
179 111 14.5398
179 117 2
179 128 16.909
179 156 20.7304
179 160 7.46961
179 162 10.5955
179 165 2
179 197 21.3732
180 0 10.0664
180 3 2
180 22 2
180 41 9.01502
180 46 8.62974
180 64 11.0992
180 67 2.3723
180 73 5.41026
180 88 6.96959
180 107 8.66361
180 117 2.39479
180 118 10.0306
180 131 10.0772
180 140 3.41856
180 162 2.03206
180 167 4.63761
180 193 3.67041
181 0 10.677
181 1 4.91595
181 42 24.1329
181 53 4.61464
181 70 11.348
181 73 16.258
181 83 4.82873
181 112 5.64669
181 148 19.892
181 150 5.89132
181 181 9.06631
181 186 7.07376
182 0 32.3866
182 8 18.5354
182 28 17.6828
182 58 23.4012
182 128 20.4897
182 151 10.7577
182 181 11.552
183 0 23.6996
183 8 19.1541
183 17 3.8726
183 22 13.9803
183 86 17.7872
183 107 9.1764
183 120 2
183 146 12.6378
184 0 27.1584
184 8 23.6105
184 46 22.1239
184 72 2
184 95 5.75779
184 101 26.1889
184 150 2
184 185 4.20003
184 196 13.686
185 0 82.3166
185 88 81.7442
185 119 120.469
186 0 12.7439
186 96 29.2622
186 103 4.54494
186 115 13.6216
186 119 13.8045
186 120 12.5278
186 128 5.87692
186 132 2.19128
187 0 33.5032
187 54 4.66766
187 73 7.78239
187 81 6.87789
187 117 12.2315
187 119 13.6336
187 130 11.5594
187 144 10.3979
187 183 25.9034
188 0 7.40195
188 5 23.6929
188 60 8.51321
188 74 8.42785
188 116 18.3797
188 123 19.005
188 143 9.25356
188 148 6.0379
189 0 14.7387
189 46 31.9273
189 70 19.5916
189 95 39.3572
189 177 5.57042
190 0 34.3196
190 46 2.20472
190 75 40.1029
190 81 7.71368
190 106 26.9331
190 143 27.3737
190 155 28.8679
191 0 7.98584
191 2 33.2426
191 53 12.2464
191 91 30.2083
191 94 13.5956
191 106 35.9346
192 0 3.33183
192 6 12.3586
192 31 25.4056
192 42 3.09154
192 54 13.1691
192 59 17.286
192 87 19.359
192 107 2
192 117 16.5972
192 119 13.1635
193 0 11.7089
193 8 17.3546
193 54 2
193 60 37.3161
193 81 15.3179
193 86 7.95184
193 115 15.7013
193 145 15.4371
194 0 8.93628
194 19 12.6408
194 36 8.28056
194 40 2
194 73 17.2012
194 106 15.606
194 107 17.2239
194 119 2
194 139 4.63266
194 146 2
194 180 16.8645
194 197 20.8495
195 0 4.00354
195 31 15.4053
195 46 11.9264
195 75 14.2296
195 81 17.2157
195 109 22.5546
195 127 9.56925
195 148 18.2694
195 177 13.1856
196 0 2
196 45 9.74909
196 65 18.1539
196 111 2.80259
196 183 7.10862
196 198 22.8576
197 0 2.63433
197 10 28.3765
197 19 35.3783
197 46 20.4472
197 73 9.14061
197 109 16.2005
197 128 4.44387
198 0 6.49948
198 4 10.5773
198 31 14.2351
198 75 10.4662
198 88 8.57325
198 119 16.4394
198 133 2
198 139 2.86337
198 150 2
198 171 10.6168
199 0 16.0629
199 18 17.0423
199 33 11.0367
199 86 5.56098
199 99 17.9765
199 108 15.7645
199 162 20.6706
199 169 3.49484
