50 50 400
0 0 12.1934
0 2 4.47582
0 17 2.69995
0 21 9.54384
0 23 15.7864
0 27 27.8878
0 33 10.452
0 43 11.1546
1 0 17.8577
1 3 20.1282
1 21 14.1728
1 28 15.2529
1 29 3.67123
1 33 10.5455
1 43 25.0775
1 46 2.29699
1 49 10.6423
2 0 7.85016
2 5 8.32796
2 16 5.15234
2 22 29.8114
2 29 20.5026
2 31 12.6582
2 45 3.6703
2 46 2
3 0 2
3 4 10.0497
3 5 2
3 8 8.89918
3 19 12.7207
3 21 18.942
3 23 14.623
3 25 9.09719
3 26 14.4098
3 29 15.7089
3 31 8.56034
3 33 5.01488
4 0 13.8039
4 11 10.4468
4 18 3.15552
4 21 7.88972
4 23 9.58488
4 25 18.7638
4 28 16.5856
4 37 28.3701
4 38 7.21413
4 40 18.6547
4 45 12.6495
5 0 11.9585
5 1 10.3302
5 4 2
5 5 11.6552
5 7 19.9378
5 8 21.0896
5 24 6.14344
5 30 16.0828
6 0 41.9506
6 5 34.5148
6 23 15.5447
6 45 12.3194
6 46 50.7094
7 0 4.17552
7 4 22.936
7 11 11.7782
7 12 2
7 19 10.9597
7 22 15.4954
7 25 14.3126
7 28 6.91982
7 33 11.4155
7 40 2
7 45 4.7436
8 0 3.86718
8 4 3.00047
8 8 9.00793
8 11 7.99504
8 21 9.44929
8 24 10.7916
8 25 13.2498
8 26 10.8571
8 29 10.4337
8 30 5.41061
8 34 21.1843
8 37 10.6954
8 38 4.33478
8 43 4.86215
8 45 11.3876
8 46 4.39868
9 0 4.04722
9 21 2
9 27 5.66899
9 43 51.9451
9 46 31.7185
9 48 10.7974
10 0 13.3537
10 2 12.6441
10 4 12.3277
10 7 2
10 11 3.31722
10 29 2
10 33 2
10 34 12.0833
10 38 21.9107
10 43 8.53577
10 45 2.52954
11 0 2
11 11 19.9437
11 19 33.4067
11 21 21.0011
11 26 24.1282
11 34 2
11 46 33.0471
12 0 11.6238
12 28 38.5979
12 33 23.8444
12 37 10.2585
12 40 22.7925
12 43 36.8851
13 0 44.3105
13 8 37.1044
13 33 6.95845
13 43 17.0112
14 0 3.70852
14 5 4.89421
14 11 4.15311
14 17 20.7636
14 19 6.30861
14 23 7.8559
14 24 12.5607
14 25 6.06162
14 27 15.0656
14 38 12.0661
14 40 12.1074
14 45 4.19768
14 46 2
15 0 24.0937
15 8 32.6586
15 10 39.2462
15 11 24.9585
15 40 35.6278
15 45 21.6364
16 0 18.5937
16 2 15.1292
16 11 13.2974
16 17 3.71761
16 21 9.61166
16 23 4.95352
16 25 13.6044
16 29 9.50625
16 43 6.14667
16 45 20.0386
17 0 27.2786
17 4 18.9168
17 10 32.121
17 20 6.09864
17 38 26.9239
18 0 9.13858
18 3 2
18 4 13.1369
18 17 2.66976
18 25 24.8207
18 27 9.20124
18 37 5.53172
18 40 2
18 45 20.5361
18 46 3.22647
19 0 2
19 8 24.815
19 21 4.2505
19 25 25.7661
19 37 10.7409
19 38 34.0877
19 47 27.366
20 0 11.2581
20 5 5.34823
20 10 17.0744
20 11 2
20 12 22.8777
20 26 4.73745
20 29 8.36708
20 30 11.9292
20 31 6.84924
20 40 4.04574
20 43 6.77724
20 45 7.62903
21 0 7.57934
21 7 19.2682
21 8 10.1295
21 11 14.8469
21 17 6.13113
21 27 10.201
21 37 13.419
21 38 15.001
21 40 6.41136
21 42 16.9426
21 43 14.417
21 45 2
22 0 30.7389
22 5 29.7893
22 11 5.92101
22 12 12.7846
22 18 2.97333
22 25 25.3008
22 42 14.5663
22 43 27.93
23 0 10.4276
23 2 19.1606
23 5 20.3556
23 11 22.4939
23 15 24.1318
23 16 12.4768
23 25 2
23 38 10.8601
23 40 23.4719
23 43 14.4136
24 0 2.13061
24 2 18.8105
24 3 7.94021
24 5 5.19442
24 8 11.9519
24 10 17.9511
24 29 22.5103
24 42 18.7797
24 43 11.0312
24 45 9.969
24 48 12.753
25 0 4.00248
25 5 7.1609
25 8 9.91111
25 19 16.7344
25 32 2.29235
25 35 13.2732
25 37 15.9985
25 38 10.4941
25 40 3.09761
25 46 18.2304
26 0 15.841
26 8 10.424
26 9 2
26 11 6.14111
26 13 10.8126
26 18 2.42109
26 20 17.4283
26 34 2
26 37 11.246
26 38 2.5824
26 45 5.49027
26 46 6.50875
26 47 18.8317
27 0 41.9
27 12 13.1853
27 21 23.4913
27 25 2.97108
27 28 10.383
28 0 6.87275
28 5 2.30873
28 11 7.03388
28 18 5.82575
28 21 15.4689
28 26 5.45573
28 29 10.8824
28 34 9.30937
28 44 19.746
28 45 7.14973
29 0 6.65895
29 3 2
29 8 11.5695
29 11 7.46167
29 17 5.35824
29 37 11.6186
29 38 19.6939
29 40 6.44513
30 0 4.3206
30 2 18.3273
30 15 44.3084
30 17 5.42811
30 37 3.07891
30 43 2
30 47 31.4896
31 0 2
31 8 15.8163
31 10 22.7176
31 19 14.8824
31 23 19.802
31 25 25.5629
31 37 25.0166
31 46 7.38838
32 0 4.63058
32 5 5.19521
32 17 7.51802
32 25 8.85605
32 29 15.3484
32 37 8.75883
32 42 5.86147
32 43 18.4571
32 44 8.47019
33 0 2.09791
33 2 39.1644
33 10 37.2734
33 34 50.3345
33 43 35.2758
33 45 29.0946
34 0 4.67588
34 3 10.7213
34 11 24.8673
34 16 10.9946
34 28 4.39734
34 29 14.0551
34 31 20.8699
34 35 9.78697
34 40 2
34 43 25.6886
34 46 13.7575
35 0 11.3695
35 2 20.6093
35 3 2.39489
35 5 3.13274
35 23 2.04043
35 30 8.25812
35 34 10.1662
35 43 7.59658
35 45 9.80194
35 47 3.34484
36 0 24.6025
36 6 3.76877
36 11 10.9297
36 19 11.5945
36 27 14.9018
36 31 13.2896
36 33 3.05201
36 37 39.2438
36 38 4.2777
37 0 7.70343
37 21 7.79412
37 27 27.6452
37 28 34.06
37 34 19.7127
37 37 10.7624
38 0 44.5537
38 4 13.4968
38 22 56.11
38 23 87.5803
38 37 40.6069
39 0 6.29201
39 5 16.9365
39 7 20.6129
39 11 20.7354
39 16 5.51036
39 28 2.02511
39 42 10.412
39 45 8.86079
40 0 23.918
40 4 16.9093
40 8 5.24831
40 14 4.50824
40 17 13.5073
40 24 9.28197
40 25 18.5185
40 26 3.06316
40 37 9.22738
40 45 7.38636
40 47 2.84371
40 48 2.90135
41 0 31.0192
41 17 29.011
41 21 2.8808
41 30 30.5676
41 33 8.24292
41 40 22.4826
41 43 12.3268
41 46 8.10263
42 0 12.8334
42 8 26.483
42 11 8.92285
42 13 2.25288
42 18 7.53684
42 25 4.93485
42 40 18.3851
42 45 2.51818
42 46 36.173
43 0 35.4861
43 4 12.8429
43 5 3.94611
43 33 5.87834
43 45 6.72486
43 49 27.7471
44 0 44.3543
44 23 46.6176
44 39 24.5605
44 49 49.3379
45 0 21.7863
45 5 25.2366
45 11 3.42572
45 14 2
45 26 34.2111
45 27 19.5668
45 35 2.35012
46 0 8.01298
46 11 13.5061
46 23 13.0015
46 25 5.31501
46 34 2
46 37 7.17272
46 45 13.1974
47 0 13.1827
47 1 23.3797
47 8 29.6578
47 22 32.1591
47 23 6.07181
47 25 3.36452
47 38 13.7201
48 0 3.58434
48 3 14.5752
48 8 5.7845
48 11 8.71804
48 15 2
48 17 10.9615
48 19 7.36227
48 25 13.8243
48 29 6.52044
48 30 6.91995
48 37 2.33133
48 38 10.8497
48 40 6.28866
48 44 4.26196
48 45 5.47652
49 0 17.5309
49 17 23.6104
49 23 27.2535
49 34 13.0766
49 42 17.8152
49 43 11.7614
49 45 3.23395
49 48 2.80097
