250 250 2000
0 0 2
0 21 10.2725
0 86 3.66374
0 87 17.6372
0 112 14.7136
0 129 6.29522
0 141 4.62727
0 155 6.10254
0 159 2.39216
0 181 16.83
0 216 12.7742
0 230 18.542
0 238 11.411
0 243 13.4885
1 0 12.6741
1 37 6.71967
1 78 15.6434
1 116 3.94389
1 118 11.3582
1 119 3.66064
1 147 4.36914
1 155 2.74446
1 226 12.2218
2 0 3.12243
2 53 28.5405
2 78 4.56653
2 106 18.7216
2 146 2.51611
2 170 16.8435
2 208 26.2067
2 228 12.4571
3 0 12.0902
3 23 21.7638
3 52 14.4069
3 78 20.3975
3 133 22.1534
3 159 9.48712
3 170 16.0271
3 230 21.4877
3 246 22.6865
4 0 11.1842
4 13 18.6871
4 51 9.93168
4 114 6.08762
4 141 7.12912
4 142 3.36326
4 147 13.4362
4 153 17.0818
4 194 4.43965
5 0 17.6462
5 6 17.2182
5 12 14.2108
5 42 17.138
5 46 10.1725
5 101 10.1687
5 159 7.04961
5 175 10.7543
5 203 16.6305
5 204 13.5385
6 0 4.38061
6 6 40.3201
6 60 14.6003
6 88 2.08686
6 129 27.4079
6 239 2
6 243 16.9866
7 0 9.44899
7 6 3.67743
7 13 2
7 44 3.40512
7 74 17.7037
7 236 14.3484
7 245 15.9235
8 0 18.3305
8 63 11.4892
8 83 4.99966
8 170 11.0437
8 186 2
8 193 8.66611
8 209 2
8 226 3.06677
8 229 10.4954
9 0 16.2213
9 36 8.18757
9 41 5.17632
9 48 2.21753
9 60 7.16736
9 83 11.2324
9 97 3.58083
9 102 4.75641
9 135 2.34185
9 138 12.8565
9 141 2
9 147 5.83248
9 174 14.2276
9 208 4.51916
9 215 6.27725
10 0 2
10 56 19.6184
10 62 6.09542
10 90 8.97757
10 137 9.03624
10 146 3.83366
10 147 11.2866
10 155 6.73088
10 170 13.6904
10 178 17.3967
10 199 7.16502
11 0 15.4962
11 23 19.8495
11 45 8.913
11 47 6.01005
11 81 13.8018
11 83 11.5152
11 87 18.847
11 105 6.28026
11 156 2.61986
11 163 16.6671
11 181 5.40567
11 187 12.5518
12 0 41.9902
12 92 29.2449
12 110 45.9805
12 128 29.9926
12 155 18.9694
12 216 15.3537
13 0 2.95923
13 31 6.21242
13 56 11.3197
13 164 10.7817
13 180 2
13 217 21.9349
13 238 22.923
13 243 2
14 0 26.2739
14 4 12.0363
14 96 21.721
14 102 6.39886
14 119 15.1672
14 165 21.145
14 172 26.7035
14 194 14.6733
14 203 15.126
15 0 12.1678
15 3 20.0324
15 6 24.4164
15 48 8.69394
15 56 24.0419
15 67 2
15 110 4.86168
15 132 10.2038
15 161 3.54322
15 208 2
15 215 5.80749
16 0 2
16 4 14.0862
16 18 6.89507
16 72 8.66329
16 86 17.588
16 87 14.0343
16 102 4.42695
16 110 2.56142
16 160 16.1353
17 0 3.30334
17 3 10.0236
17 4 11.7502
17 15 6.6868
17 22 16.6763
17 24 11.913
17 39 5.15851
17 51 3.34445
17 81 13.1008
17 82 2
17 87 9.47226
17 100 13.1163
17 144 3.23233
17 155 15.8641
17 157 3.3231
17 199 8.97244
18 0 11.6057
18 3 5.11405
18 46 30.7154
18 88 22.1472
18 169 26.7114
18 174 25.764
18 180 8.07568
18 185 18.1979
19 0 16.2111
19 23 14.0536
19 24 15.8232
19 118 4.24483
19 119 2
19 129 13.4612
19 149 24.6743
19 155 10.3905
19 230 3.4743
19 245 18.0816
20 0 14.0085
20 45 44.6899
20 178 31.9511
20 208 32.1552
21 0 6.19894
21 48 4.61096
21 61 21.8702
21 89 11.8169
21 147 19.6029
21 157 11.1091
21 168 31.8738
21 169 14.9217
21 174 10.965
21 192 15.4516
22 0 10.2633
22 47 33.6611
22 114 17.7339
22 157 16.0636
22 170 14.5548
22 199 41.8841
22 219 6.23439
23 0 72.6313
23 61 11.0719
23 151 14.9764
23 186 10.0841
24 0 17.1181
24 47 4.2208
24 56 9.34326
24 59 7.94534
24 64 4.19816
24 138 9.56783
24 146 4.28962
24 149 12.1482
24 159 2.22506
24 238 9.77044
25 0 29.192
25 18 2
25 31 15.5672
25 105 6.5769
25 122 14.9361
25 140 2
25 155 11.061
25 172 4.67243
25 202 4.41128
25 215 3.86404
25 240 2
25 243 9.93537
26 0 5.21548
26 25 7.9419
26 48 2
26 56 6.13237
26 59 16.4186
26 77 13.1871
26 81 7.66231
26 125 15.5265
26 129 20.8867
26 159 10.5478
26 215 16.568
27 0 25.401
27 3 23.0069
27 21 24.3288
27 47 17.4602
27 129 28.7258
27 178 11.2669
27 215 26.9212
27 237 20.2956
28 0 24.7126
28 27 27.7185
28 62 20.8572
28 155 32.0733
28 208 21.5886
28 239 36.49
29 0 18.1279
29 21 11.914
29 42 3.8019
29 146 29.8905
29 215 18.7725
29 237 11.1896
29 241 28.7447
29 243 4.4407
30 0 2
30 106 16.5804
30 118 13.5153
30 128 8.80134
30 170 11.3501
30 181 9.18607
30 210 18.8383
30 215 21.7703
30 235 11.3373
31 0 24.3788
31 156 8.61647
31 161 4.2935
31 165 11.4489
31 167 23.9111
31 179 15.3054
31 207 21.1212
31 217 20.1717
32 0 28.1917
32 6 2
32 15 19.8581
32 30 10.8143
32 41 15.0377
32 56 8.97211
32 106 8.81781
32 180 25.6679
32 240 30.6494
32 246 8.10521
33 0 19.3023
33 6 29.1579
33 46 11.2579
33 106 12.4193
33 147 2.78141
33 153 20.5823
33 169 11.6216
33 230 24.5676
33 236 10.757
34 0 2.77937
34 18 23.8007
34 35 6.0134
34 87 6.97959
34 114 21.508
34 146 6.63054
34 153 19.7993
34 198 8.94126
34 243 8.44044
35 0 4.12116
35 165 33.9888
35 181 26.9203
35 186 19.036
35 229 7.75187
35 243 31.5982
36 0 10.8231
36 25 10.3589
36 81 25.2686
36 87 22.3031
36 122 6.54907
36 147 4.72561
36 165 4.39411
36 181 10.6742
36 221 16.2059
36 228 2
37 0 36.4501
37 4 40.8845
37 41 22.902
37 44 16.1823
37 137 18.9028
37 144 8.82812
37 180 16.2032
38 0 2
38 18 24.1697
38 78 4.7409
38 139 4.15457
38 153 10.3018
38 202 6.71383
38 208 12.2944
38 210 7.86423
38 221 10.3725
39 0 8.00362
39 56 28.6141
39 60 26.1623
39 132 7.48795
39 144 16.7178
39 155 10.544
39 194 3.4515
39 234 2
39 247 6.52561
40 0 26.1622
40 6 23.7602
40 160 30.3229
40 236 5.691
41 0 16.7408
41 3 11.5981
41 47 12.609
41 60 6.44234
41 121 9.81515
41 131 24.7287
41 180 8.13284
41 199 4.00477
41 227 11.0692
42 0 7.00383
42 6 12.9249
42 13 26.9511
42 40 27.0156
42 56 26.463
42 114 33.0966
42 233 22.315
42 236 3.91393
42 243 12.0313
43 0 11.9862
43 4 4.86638
43 21 15.1433
43 36 8.55997
43 63 12.8664
43 78 5.25146
43 87 6.30639
43 144 4.76648
43 152 18.8246
43 170 6.14483
43 174 13.3707
43 185 2.444
43 212 2.0513
44 0 30.7572
44 128 10.5419
44 144 28.4275
44 169 10.6532
44 215 34.8065
45 0 2
45 6 2
45 13 4.85278
45 129 22.4464
45 172 2
45 215 17.9776
45 230 17.1183
45 240 4.47345
46 0 18.4404
46 4 3.89555
46 108 7.97223
46 141 6.21872
46 146 8.36109
46 155 2
46 169 21.0056
46 208 19.0988
46 239 15.9617
46 245 8.31588
47 0 28.7566
47 83 24.5846
47 141 20.8316
47 149 3.68565
47 163 29.195
47 181 6.35401
48 0 2.34321
48 4 2.10785
48 50 2.89872
48 51 21.0443
48 62 7.07325
48 81 5.77019
48 116 4.94674
48 118 12.1697
48 132 2
48 216 2.99121
48 240 7.31819
49 0 37.1181
49 3 4.7462
49 13 2
49 64 26.1176
49 100 17.3366
49 129 39.3585
50 0 19.4992
50 4 2.22228
50 30 26.891
50 116 32.6475
50 147 2
50 163 10.3946
50 236 13.2793
51 0 26.8839
51 58 2
51 134 21.8352
51 151 7.34081
51 194 9.42822
51 197 14.2724
51 199 20.3476
51 215 5.40367
52 0 48.5361
52 82 21.9931
52 143 25.8038
52 219 3.22861
52 228 18.0534
53 0 2
53 6 2.98593
53 44 18.7581
53 60 2.16707
53 110 4.32804
53 118 11.4638
53 143 2.30438
53 146 2.04077
53 155 6.07287
53 194 12.1038
53 215 9.98752
53 216 7.96711
53 217 4.30018
54 0 12.0832
54 4 6.91093
54 45 2
54 53 7.62388
54 81 4.86744
54 97 4.45183
54 133 6.11089
54 134 4.45141
54 169 13.5132
54 170 7.49287
54 199 11.846
54 228 20.8003
54 236 8.00496
55 0 37.2258
55 125 6.04636
55 133 10.0724
55 183 27.6882
55 205 5.53558
56 0 4.48362
56 24 17.4438
56 111 18.2415
56 169 10.7745
56 171 27.4485
56 183 3.47391
56 186 18.6053
56 203 10.3353
56 216 3.94218
57 0 23.6199
57 4 2
57 92 18.1951
57 169 32.0323
57 203 24.7882
57 238 8.43853
58 0 20.7393
58 180 16.8234
58 219 20.1694
58 228 19.2368
58 238 34.0849
58 240 36.3435
59 0 7.18816
59 4 7.31417
59 40 9.9185
59 60 7.90921
59 62 18.729
59 96 6.55817
59 101 7.08351
59 134 7.5153
59 146 21.0162
59 155 9.22573
59 157 11.2374
59 169 10.0675
59 183 13.2551
59 215 11.4102
60 0 7.27651
60 24 9.53088
60 45 19.7459
60 50 2
60 61 6.85857
60 137 9.16805
60 146 3.61399
60 170 4.47849
60 194 4.05766
60 197 4.40571
60 199 15.248
60 209 7.90905
60 243 6.40762
61 0 27.2622
61 39 17.4664
61 43 15.7167
61 45 18.2345
61 64 3.88364
61 107 2.17623
61 119 10.1102
61 128 11.204
61 181 16.4761
61 199 14.6544
61 203 16.0571
61 216 9.23799
62 0 6.09662
62 95 5.30583
62 157 4.5396
62 171 3.69921
62 181 41.1723
62 215 14.5309
62 228 35.0797
62 243 2.06348
63 0 15.6002
63 60 36.1356
63 62 6.9259
63 93 2
63 102 5.73419
63 141 2
63 157 25.2867
63 180 9.94883
63 181 6.64218
63 187 3.16559
64 0 20.7774
64 26 29.3545
64 56 36.8108
64 64 17.92
64 146 14.2904
64 147 16.5189
65 0 23.8199
65 64 9.9099
65 71 2
65 86 2.90067
65 87 2
65 91 9.49473
65 170 8.42267
65 199 11.7452
65 207 4.00284
65 208 2
65 236 7.26952
65 238 10.0563
65 243 13.2912
66 0 15.0676
66 14 6.42262
66 122 33.8657
66 132 16.596
66 162 12.724
66 171 9.17699
66 207 30.3418
66 208 33.8566
66 245 2.12601
67 0 13.1967
67 106 41.8438
67 135 54.2246
67 148 18.6659
67 160 19.3997
67 238 18.2873
68 0 13.9573
68 30 16.2359
68 74 19.2697
68 118 11.5671
68 125 13.1939
68 151 12.4501
68 208 22.7404
68 228 7.0262
68 238 6.4159
68 239 2
69 0 8.02488
69 3 14.1207
69 23 8.00854
69 48 17.8388
69 165 26.5548
69 172 5.59813
69 183 17.631
69 243 28.8693
70 0 7.26021
70 16 19.7012
70 18 22.6602
70 56 21.0982
70 62 5.24453
70 165 29.8485
70 180 14.9336
70 199 28.4989
70 236 34.3507
71 0 33.8973
71 36 10.883
71 42 13.4932
71 68 15.3756
71 74 5.98416
71 81 27.8824
71 118 2
71 180 30.7184
72 0 20.1319
72 73 31.6008
72 207 22.846
72 228 2
72 238 29.4839
72 245 2.22312
73 0 5.75066
73 3 18.9066
73 4 13.1272
73 42 33.0395
73 167 2.77895
73 178 33.3607
73 180 19.3565
74 0 18.3572
74 4 22.3492
74 6 6.38051
74 63 20.9002
74 71 2
74 118 19.7574
74 168 28.0012
74 180 15.2835
74 186 11.8159
74 235 12.3695
75 0 11.8031
75 56 26.6489
75 60 21.6392
75 110 15.3984
75 146 6.01062
75 149 7.13809
75 178 8.5101
75 199 3.93478
75 243 14.555
76 0 23.5238
76 46 33.8867
76 119 22.3343
76 143 17.3669
76 205 41.9313
76 210 11.5932
77 0 10.1086
77 6 3.61734
77 12 6.35466
77 48 9.15786
77 73 4.51518
77 133 6.70971
77 138 7.15058
77 146 2.20019
77 147 13.9402
77 167 11.1068
77 180 2.94973
77 215 6.45406
77 222 2.14866
77 230 3.50291
77 243 5.7362
77 247 2
78 0 3.19965
78 6 16.436
78 12 21.2458
78 23 6.17938
78 60 9.45092
78 100 11.535
78 114 16.6532
78 119 15.2855
78 165 17.9915
79 0 6.94737
79 11 4.72264
79 45 25.0218
79 56 6.917
79 84 3.31481
79 143 21.5056
79 170 45.7097
80 0 8.23575
80 3 2
80 64 7.64415
80 87 9.62852
80 141 33.0318
80 147 41.1406
80 184 19.0484
80 203 6.88597
81 0 15.973
81 18 17.8403
81 106 23.5472
81 135 24.9709
81 143 27.6952
81 199 3.27151
81 205 19.0147
81 243 11.4813
82 0 10.5531
82 17 29.2088
82 60 40.2931
82 68 26.3244
82 74 24.8037
83 0 3.78346
83 48 9.62096
83 96 5.37241
83 106 19.8401
83 128 14.5863
83 203 6.69617
83 238 21.3924
83 243 28.761
84 0 2
84 62 28.149
84 86 8.2052
84 143 2.31046
84 159 15.1517
84 190 27.3275
84 199 17.0037
85 0 15.9098
85 156 29.3672
85 203 95.6962
86 0 7.91097
86 56 15.9155
86 147 22.4263
86 159 14.6406
86 174 22.6765
86 210 4.56519
86 215 5.28925
86 216 19.5164
87 0 19.7
87 24 29.2838
87 78 38.3478
87 126 6.13319
87 216 25.9238
87 228 12.465
88 0 13.2356
88 39 17.6855
88 75 4.66295
88 83 2.97452
88 88 9.59915
88 90 2
88 116 6.45773
88 142 2
88 207 2
89 0 5.79699
89 67 8.59737
89 83 17.7784
89 132 17.1148
89 140 19.818
89 142 12.4559
89 147 2
89 151 11.2354
89 169 18.9528
89 183 9.25711
90 0 4.44755
90 23 8.08276
90 64 8.94568
90 187 2
90 194 2.88464
90 196 15.3252
90 200 7.39955
90 208 10.3927
90 227 18.1681
90 249 11.3742
91 0 24.8009
91 39 9.43695
91 46 20.5137
91 73 10.2217
91 83 27.1366
91 169 8.59633
91 196 24.7713
91 240 21.424
92 0 26.9427
92 4 42.5959
92 35 2.40536
92 142 10.9751
92 170 19.8716
92 208 15.0995
92 220 25.9146
93 0 14.1102
93 6 2.13288
93 14 13.5962
93 16 10.5706
93 18 14.1431
93 26 21.8561
93 59 2
93 78 7.80627
93 138 13.8305
93 169 7.36223
93 194 15.1007
93 228 18.7837
93 230 12.9474
94 0 24.4333
94 93 23.0155
94 105 14.3249
94 129 19.0008
94 153 11.3295
94 167 8.36786
94 179 12.1024
94 180 3.39927
94 187 5.03844
94 208 19.657
94 216 9.82579
94 246 16.3725
95 0 13.0668
95 12 13.3809
95 18 9.09193
95 48 2
95 59 12.3111
95 96 5.12186
95 138 12.95
95 169 8.3399
95 215 2
95 230 8.5574
96 0 2
96 145 4.09625
96 149 28.3871
96 155 29.7913
96 210 12.5159
96 236 36.2125
96 238 24.3385
97 0 8.54386
97 12 2.07019
97 23 2
97 81 6.2315
97 142 12.248
97 147 7.62206
97 159 8.75478
97 187 11.281
98 0 32.908
98 7 10.8662
98 87 24.3275
98 119 5.94442
98 126 3.18828
98 141 11.5749
98 149 17.4118
98 165 14.781
98 246 12.7363
99 0 12.0783
99 40 7.84283
99 42 7.17407
99 48 13.8817
99 56 20.6818
99 115 9.8524
99 120 10.0054
99 151 2.04339
99 153 3.58261
99 215 3.95813
99 233 6.32042
100 0 12.8585
100 44 24.5043
100 102 5.39726
100 155 18.7047
100 165 21.7547
100 187 38.5282
100 209 16.025
101 0 9.48968
101 4 26.1037
101 6 2
101 23 9.65482
101 90 17.0905
101 97 14.6964
101 105 8.4917
101 110 2.28249
101 118 28.8676
101 129 12.0887
101 235 13.3381
102 0 25.7507
102 41 24.5427
102 106 25.564
102 140 23.2314
102 165 43.5155
102 169 19.0073
102 244 8.28397
103 0 21.1256
103 5 12.8654
103 11 26.8095
103 52 30.8697
103 97 11.3163
103 156 7.97089
103 169 24.0577
103 170 6.70971
104 0 9.60929
104 4 30.5492
104 108 33.1677
104 169 29.4926
104 197 11.6109
104 240 12.3858
105 0 17.6364
105 3 28.4102
105 51 7.8109
105 56 27.2089
105 93 16.6707
105 143 8.80341
105 146 31.3545
106 0 2
106 3 2
106 12 8.8407
106 68 12.3327
106 78 13.1386
106 101 2.33474
106 140 8.66754
106 141 2.41346
106 165 4.95642
106 178 14.8347
106 181 2.84141
106 187 3.24339
106 215 2
106 233 2
107 0 3.21597
107 4 21.7485
107 29 16.037
107 56 14.6955
107 119 22.3746
107 142 2
107 155 31.2207
107 186 11.5824
107 233 13.9698
108 0 2
108 39 6.86425
108 47 14.1894
108 68 4.40192
108 114 9.06365
108 129 8.43742
108 133 15.4251
108 153 16.7287
108 159 6.26351
108 169 7.97543
108 181 13.8365
108 220 4.34897
108 243 8.89811
109 0 32.0642
109 57 35.8831
109 64 30.3294
109 73 4.37747
109 141 32.1901
109 178 37.087
110 0 16.0074
110 39 17.8555
110 50 15.6782
110 67 15.7046
110 78 7.91404
110 92 18.0811
110 110 15.5688
110 178 12.4578
110 235 5.44734
111 0 96.3896
111 3 27.0269
111 199 71.8845
111 206 11.5109
112 0 15.0523
112 42 4.35171
112 73 20.6729
112 97 46.8956
112 110 13.3945
112 240 6.0785
113 0 6.84837
113 47 20.413
113 53 7.20248
113 73 14.4491
113 146 26.5155
113 165 17.1546
113 169 22.0181
113 216 18.2204
114 0 14.3403
114 4 31.7433
114 12 36.6
114 50 20.1702
114 84 18.528
114 230 16.1238
114 237 19.7038
115 0 15.1488
115 50 2
115 64 14.5577
115 100 2.30028
115 159 11.8728
115 180 4.68528
115 204 4.98858
115 210 2.84132
115 236 2
115 243 18.6583
116 0 17.9089
116 4 15.9244
116 36 24.4697
116 50 17.8621
116 56 17.8105
116 134 3.6423
116 141 4.23861
116 237 8.737
116 245 17.1858
117 0 15.0134
117 18 18.0413
117 25 17.5752
117 36 2
117 51 15.0151
117 111 2
117 147 18.2274
117 172 5.78856
117 186 2.82194
117 240 9.369
118 0 17.1999
118 22 31.2973
118 53 12.1137
118 60 13.8918
118 73 23.571
118 147 4.78605
118 243 13.5484
119 0 8.71359
119 116 11.2355
119 118 14.6515
119 141 19.2777
119 151 23.4612
119 165 6.10525
119 167 11.1279
119 183 2.16193
119 194 10.8883
119 199 14.4567
119 215 4.2111
119 245 15.752
120 0 6.9745
120 50 10.5906
120 57 2
120 125 2
120 140 20.3842
120 159 6.61157
120 215 21.5681
120 230 11.5434
120 238 4.62137
120 243 4.65798
121 0 6.31963
121 4 8.38789
121 62 16.9391
121 72 3.13518
121 83 9.24102
121 116 7.8149
121 157 13.9709
121 165 8.76195
121 179 24.943
121 190 15.711
121 191 13.2934
121 194 2
122 0 2.17134
122 18 2
122 47 27.7364
122 73 17.6195
122 74 7.02135
122 83 12.8181
122 138 20.6231
122 181 22.3563
122 205 7.71344
123 0 21.8657
123 18 27.9826
123 43 10.8121
123 58 25.8507
123 73 3.41741
123 97 31.4899
123 243 2.23677
124 0 34.0245
124 3 5.60995
124 143 36.4365
124 170 2.94223
124 180 25.5029
124 208 26.6867
124 230 3.78046
125 0 8.73117
125 107 7.77921
125 156 17.4864
125 199 39.4389
125 203 19.9774
125 239 35.295
126 0 8.22313
126 81 16.6639
126 86 9.27195
126 97 11.0139
126 119 45.7027
126 132 14.1206
127 0 21.3976
127 42 12.3119
127 156 16.9602
127 169 3.43334
127 207 24.3482
127 209 10.1634
127 238 18.0124
128 0 26.4921
128 9 6.28053
128 23 12.3693
128 44 22.1569
128 82 18.5684
128 83 12.4337
128 97 8.01511
128 150 8.15322
128 182 22.7488
129 0 5.96134
129 57 4.03473
129 73 2.33375
129 106 5.60864
129 110 26.9037
129 181 15.106
129 194 11.9121
129 210 14.9922
129 242 27.0766
130 0 5.20414
130 3 7.76913
130 6 2
130 67 24.9869
130 96 14.8647
130 147 2.048
130 208 14.3628
130 240 21.3527
131 0 16.6679
131 19 42.8966
131 51 25.9212
131 142 35.6593
131 243 24.9029
132 0 8.18503
132 13 30.8803
132 60 2
132 125 33.2341
132 167 23.5968
132 208 10.716
132 238 18.6457
132 239 33.8425
133 0 6.24652
133 105 21.0565
133 118 2.28685
133 147 14.5612
133 156 6.77916
133 169 2
133 210 10.945
133 243 18.9618
133 245 16.1861
134 0 8.29896
134 18 48.7795
134 77 2.79534
134 167 13.5617
135 0 5.34682
135 39 25.1264
135 54 24.442
135 64 20.4441
135 79 11.0804
135 114 25.2709
135 118 6.9185
135 119 7.85331
135 199 3.05559
135 203 13.2323
136 0 17.3857
136 59 25.5334
136 60 2
136 61 2.10684
136 215 7.22838
136 238 16.056
137 0 12.3688
137 3 8.59858
137 18 17.7041
137 51 23.5244
137 57 8.5135
137 128 25.7286
137 186 13.7332
137 220 10.9567
138 0 12.22
138 6 16.6029
138 83 7.27071
138 143 30.8031
138 160 2
138 187 8.16424
138 215 5.79043
138 239 3.71542
139 0 21.0733
139 6 20.4628
139 110 2.75354
139 141 7.33942
139 144 21.8488
139 153 3.75947
139 155 18.9259
139 215 12.2034
139 233 8.73536
140 0 31.5204
140 35 18.2635
140 95 9.24763
140 157 62.0058
141 0 4.84026
141 54 17.5539
141 78 9.70384
141 128 2
141 132 10.2417
141 159 13.8989
141 171 4.99277
141 173 6.02217
141 180 18.6238
141 208 21.9978
141 216 2
142 0 2.1866
142 59 2.19946
142 74 12.6662
142 78 17.6582
142 119 20.8309
142 128 18.1372
142 140 2
142 145 19.1325
142 181 10.9172
142 205 10.0988
142 230 2
143 0 53.6335
143 62 18.1434
143 72 24.0654
143 230 44.7394
143 238 9.55177
144 0 6.11042
144 3 11.2679
144 6 8.47031
144 18 21.2362
144 159 14.1106
144 180 8.13915
144 245 5.04779
145 0 33.4656
145 12 29.0622
145 22 11.1137
145 56 7.59282
145 81 14.0612
145 89 26.0889
145 174 5.58548
145 182 27.7939
146 0 11.6468
146 205 12.1601
146 214 84.4179
146 228 33.7107
147 0 5.26134
147 12 23.8914
147 101 10.0004
147 181 15.6215
147 233 23.1254
147 236 16.0551
147 243 16.9879
148 0 52.197
148 60 42.2357
148 86 9.54148
148 141 43.7774
149 0 21.5051
149 23 3.58285
149 94 8.82768
149 138 24.4728
149 155 20.8135
149 208 26.1356
149 230 9.98912
149 243 17.8859
150 0 13.7184
150 4 8.7845
150 18 14.1166
150 44 5.19539
150 56 2
150 57 5.19916
150 93 14.8439
150 119 6.22145
150 128 11.955
150 134 6.68699
150 146 4.01368
150 169 7.61336
150 178 10.2174
150 237 2
150 243 6.63003
151 0 16.634
151 5 15.2774
151 15 4.12643
151 67 7.39823
151 100 12.4792
151 125 2.34144
151 133 6.15295
151 137 8.35022
151 156 17.6856
151 159 6.61725
151 208 6.85996
151 220 15.5093
152 0 3.16716
152 18 9.81669
152 21 2
152 23 3.66672
152 46 4.73127
152 56 20.9865
152 89 19.9022
152 129 4.57161
152 207 2.12005
152 208 2
152 215 16.7141
152 234 2
153 0 28.9226
153 81 30.1169
153 162 7.75542
153 178 24.6098
153 243 26.8386
154 0 6.66988
154 6 8.30715
154 30 21.0947
154 83 5.29441
154 90 10.0273
154 142 15.1396
154 194 7.77057
154 208 24.2386
154 246 4.20941
155 0 3.76795
155 42 25.2391
155 56 16.5558
155 88 24.0297
155 169 17.7269
155 236 2
155 238 26.126
155 240 23.3802
155 245 12.9292
155 246 14.0552
156 0 26.7446
156 54 15.2365
156 57 19.1351
156 163 9.32047
156 169 17.8677
156 178 16.2884
156 180 30.1727
156 208 6.87645
157 0 9.37188
157 21 15.5006
157 23 9.4402
157 56 12.1912
157 88 2.37791
157 110 2.90519
157 137 21.2995
157 143 12.7515
157 243 10.332
158 0 11.0444
158 37 5.98225
158 48 3.62198
158 73 19.0495
158 91 2
158 107 10.8915
158 144 2
158 146 12.176
158 159 10.4809
158 180 4.91269
158 210 16.8261
159 0 19.8902
159 1 2
159 18 25.0667
159 21 20.4623
159 23 22.6167
159 122 2.5856
159 133 13.6937
159 190 4.01433
159 239 29.9117
159 243 20.2005
160 0 14.7071
160 1 14.6221
160 31 2
160 125 17.7439
160 143 8.76576
160 165 2.63882
160 174 6.31433
160 186 14.1983
160 209 10.9635
160 220 5.25801
160 228 2
160 236 2
161 0 16.469
161 90 35.0045
161 111 9.86372
161 126 5.52372
161 199 21.1646
162 0 9.85437
162 12 18.3898
162 18 15.2332
162 60 10.4156
162 83 16.1
162 141 9.88459
162 186 24.4329
162 210 3.85396
162 239 9.95068
163 0 23.42
163 47 23.2844
163 82 20.0328
163 90 12.796
163 96 40.1755
163 110 19.3193
163 141 30.5495
164 0 9.21213
164 71 23.0803
164 78 13.5319
164 81 13.2399
164 116 2.43413
164 119 17.9378
164 129 11.481
164 137 15.8089
164 210 8.20339
164 246 5.74805
165 0 2.9751
165 8 35.2945
165 83 5.65884
165 87 29.2344
165 246 24.0247
166 0 8.34421
166 22 12.2228
166 50 13.5387
166 128 14.469
166 135 13.2037
166 159 6.18885
166 163 16.6499
166 169 10.5083
166 192 7.38504
166 194 2.22397
166 243 23.5831
167 0 8.81338
167 3 11.3291
167 9 9.40533
167 79 18.8189
167 87 18.4635
167 90 2.28425
167 112 20.6309
167 115 19.774
167 132 10.3407
167 141 2
168 0 20.9482
168 48 5.16326
168 52 3.6045
168 83 9.41361
168 161 13.0736
168 186 15.6605
168 222 20.1997
168 228 2.59411
168 230 17.9825
168 238 14.8769
168 243 11.0992
169 0 8.56215
169 6 19.076
169 83 8.72171
169 97 17.0696
169 124 8.68921
169 125 13.5501
169 153 18.5037
169 208 11.757
169 211 16.7189
169 238 2
170 0 10.7884
170 4 26.0425
170 44 7.57221
170 56 25.0594
170 81 13.7756
170 204 26.5386
170 228 2.88461
171 0 2
171 82 20.8308
171 133 48.266
171 141 43.9772
171 228 40.1942
172 0 14.641
172 25 2
172 64 2
172 67 13.9307
172 82 3.38332
172 107 5.68436
172 116 2
172 118 9.57425
172 119 13.5821
172 199 7.45494
172 203 2.11903
172 234 2
172 242 11.3895
173 0 2.02132
173 27 74.0282
173 31 7.15392
173 48 20.2125
173 128 46.483
174 0 5.76182
174 3 22.5663
174 4 2.83735
174 14 24.7328
174 48 2.04737
174 73 3.41777
174 111 9.83023
174 132 12.2045
174 142 23.7476
174 187 12.8271
174 208 7.53481
174 238 6.21211
175 0 17.3395
175 13 13.4208
175 18 17.3363
175 83 6.05518
175 141 6.57577
175 142 2
175 162 12.842
175 165 14.1842
175 170 19.0079
175 217 2
175 236 18.1587
175 245 3.88655
176 0 2
176 16 2.57921
176 58 26.5202
176 73 2
176 128 16.3801
176 134 28.393
176 183 2
176 236 14.8139
176 240 11.4348
177 0 2
177 110 2.16183
177 144 10.6319
177 153 8.15671
177 163 7.46016
177 199 6.9624
177 208 7.52568
178 0 10.6118
178 18 2.33751
178 47 7.87301
178 56 2
178 143 5.57043
178 153 5.42949
178 166 4.08888
178 180 7.82548
178 202 13.0494
178 204 4.88115
178 208 4.20489
178 246 5.69548
179 0 6.11915
179 21 20.7032
179 45 2.90607
179 81 10.7753
179 134 6.41934
179 169 2
179 172 3.28531
179 181 6.19623
179 230 2
179 245 4.0876
179 248 12.6068
180 0 2
180 35 20.038
180 39 7.3613
180 122 12.8272
180 169 11.3154
180 183 16.4817
180 209 20.9593
180 211 12.1776
181 0 12.4095
181 18 5.56182
181 43 15.4034
181 64 2
181 86 16.9961
181 110 19.027
181 175 15.6699
181 187 2
181 217 11.8644
181 233 22.8107
181 243 11.2308
182 0 15.7352
182 56 2.47657
182 87 7.23196
182 118 7.09418
182 128 8.18994
182 131 2.07629
182 153 24.1307
182 161 12.2603
182 163 13.749
182 182 5.88825
182 237 13.6684
182 243 6.18507
183 0 15.0151
183 73 13.1933
183 129 14.6031
183 134 23.022
183 147 2.19993
183 180 20.1452
183 181 2
183 207 10.7426
183 243 9.57888
183 245 2
184 0 21.3208
184 30 6.46172
184 48 15.7055
184 73 7.54795
184 80 7.53118
184 164 13.5368
184 171 12.3123
185 0 9.17742
185 4 25.9359
185 47 24.8894
185 63 9.99841
185 97 17.2229
185 245 32.9083
186 0 6.21694
186 3 16.2488
186 16 22.5292
186 56 9.31324
186 137 16.3221
186 155 14.736
186 163 8.99202
186 215 3.00124
186 243 7.28488
187 0 18.0732
187 78 25.6168
187 115 13.4618
187 128 22.1939
187 159 20.3445
187 165 20.1583
187 187 6.75308
187 248 25.3034
188 0 5.91485
188 112 25.6254
188 116 5.40137
188 119 33.4562
188 155 20.6787
188 179 12.4268
188 186 18.1254
188 198 17.2092
188 243 8.58829
188 245 9.18595
189 0 19.8118
189 105 32.2606
189 119 6.02959
189 151 19.4372
189 217 12.277
189 228 20.0472
190 0 17.488
190 3 15.949
190 9 19.4736
190 56 2
190 144 2
190 173 20.457
190 183 2
190 199 25.7377
190 228 2.07921
190 245 4.77947
191 0 3.33883
191 3 12.3174
191 83 7.93806
191 89 14.6148
191 118 14.8062
191 132 2
191 165 3.72186
191 215 2.35763
191 220 3.23413
191 221 2
191 230 22.5449
191 238 8.39962
192 0 13.7623
192 4 8.01447
192 23 3.44218
192 41 4.72187
192 88 9.94737
192 94 7.112
192 129 12.9144
192 146 7.00416
192 159 14.1802
192 169 21.3483
192 180 2
192 216 17.4124
193 0 3.94223
193 18 15.9318
193 78 18.5642
193 128 12.2597
193 146 14.5475
193 155 7.36099
193 165 2
193 176 6.07725
193 181 2
193 203 15.0286
193 208 5.65939
193 215 13.6783
193 216 12.1276
194 0 18.878
194 12 40.3633
194 16 8.72309
194 208 13.0651
194 224 4.62338
194 246 17.9854
195 0 19.8913
195 42 8.77143
195 64 14.5885
195 79 36.3403
195 133 9.64382
195 141 9.32463
195 163 2
195 205 24.7438
196 0 7.52312
196 43 13.2271
196 138 5.84582
196 155 9.51342
196 161 11.9549
196 167 8.5022
196 199 19.5651
196 215 3.27169
197 0 30.1399
197 13 17.0883
197 46 19.9124
197 64 13.6202
197 194 58.9578
198 0 2
198 9 13.5983
198 21 23.8312
198 64 15.715
198 81 18.0456
198 142 9.4245
198 159 12.712
198 187 21.5046
198 243 18.4972
199 0 12.134
199 45 35.055
199 73 35.1651
199 147 41.3062
199 239 21.623
200 0 14.3702
200 137 20.301
200 156 5.81777
200 169 4.05474
200 180 20.3713
200 193 17.9735
200 205 9.1086
200 235 28.8243
201 0 16.6487
201 12 15.7424
201 56 2
201 83 8.15699
201 94 20.7377
201 129 19.5657
201 145 28.2128
201 208 2.99313
201 219 5.33131
202 0 3.2564
202 23 11.3762
202 28 10.7759
202 29 5.39746
202 128 10.8563
202 146 12.4697
202 155 17.1402
202 159 2
202 169 15.6971
202 180 14.3296
202 181 9.48662
202 206 7.82339
202 221 2
202 233 19.0938
203 0 14.5823
203 79 4.6493
203 90 11.7414
203 98 11.2261
203 125 7.91146
203 155 12.811
203 194 2
203 215 8.1772
203 239 13.9201
203 241 11.4888
204 0 19.029
204 64 8.11423
204 91 10.5873
204 126 13.7308
204 133 10.1101
204 169 7.46553
204 203 16.2461
204 208 2
204 227 8.92535
204 230 4.93003
204 238 17.0391
205 0 13.9386
205 34 19.2655
205 61 29.5367
205 62 36.6301
205 97 15.3874
205 142 2
205 181 4.99674
205 210 17.4398
206 0 8.88241
206 4 14.9945
206 62 16.0222
206 91 7.89593
206 99 14.4468
206 128 11.62
206 143 6.05258
206 147 13.7464
206 165 15.5571
206 170 5.72686
207 0 12.7131
207 4 6.72
207 38 8.08988
207 66 18.6353
207 87 6.16325
207 90 8.24375
207 118 18.448
207 125 5.40058
207 129 6.63509
207 132 10.9396
207 170 2.58035
207 181 8.76861
207 186 12.5981
207 187 11.728
208 0 20.9264
208 26 17.6958
208 46 7.53262
208 81 12.5293
208 180 23.9563
208 181 10.1418
208 194 19.1021
208 207 12.1442
208 222 4.92453
209 0 15.3492
209 6 12.013
209 12 13.3096
209 18 15.5351
209 73 17.4171
209 111 5.59468
209 183 29.2122
209 238 2
209 243 7.493
210 0 3.30422
210 64 26.7279
210 119 5.84611
210 159 7.6926
210 180 23.6393
210 199 5.73227
210 208 11.471
211 0 35.2873
211 6 25.7729
211 44 16.8833
211 52 20.8906
211 60 32.7266
211 135 14.062
211 215 34.0201
212 0 18.8938
212 9 2
212 40 3.10003
212 42 3.93227
212 44 5.99835
212 56 3.00479
212 73 2.39296
212 87 9.02719
212 97 17.9809
212 101 12.3395
212 148 2.57707
212 159 5.18492
212 185 12.8849
212 230 2.90656
212 245 14.7315
213 0 43.0355
213 64 28.777
213 119 9.42598
213 125 4.60878
213 149 5.80613
213 180 2
213 238 2.35413
214 0 12.8114
214 6 2.26693
214 12 7.77654
214 56 7.25833
214 60 9.33947
214 62 4.8271
214 64 9.99972
214 78 2
214 128 11.6032
214 142 10.8692
214 155 10.5543
214 170 5.05903
214 211 2.26751
214 246 2
215 0 8.41616
215 3 16.263
215 23 32.9093
215 43 13.6074
215 153 22.7188
215 159 8.62576
215 180 24.4589
215 245 26.9788
216 0 9.46259
216 97 27.2463
216 114 7.53634
216 147 23.0662
216 198 16.8409
216 240 15.3198
216 245 18.3062
217 0 11.2665
217 9 24.9134
217 106 31.9164
217 118 6.19947
217 134 2.95949
217 141 14.2931
217 147 11.0445
217 155 20.6103
217 156 6.68526
217 245 19.3217
218 0 22.9887
218 18 13.5572
218 48 22.6086
218 81 10.6807
218 110 2
218 125 16.7963
218 169 11.2661
218 181 5.23131
218 199 18.1036
218 246 14.0376
219 0 7.56564
219 6 20.0114
219 22 12.2354
219 159 28.988
219 192 23.7314
219 208 31.5267
219 215 7.26238
220 0 6.66439
220 3 3.1514
220 6 19.8631
220 36 26.0236
220 64 2
220 81 24.272
220 102 6.92612
220 151 4.88779
220 156 9.46096
220 181 4.69373
221 0 14.8669
221 6 21.8507
221 23 4.48421
221 155 8.81066
221 165 19.4817
221 243 11.1063
221 245 19.0082
222 0 8.27715
222 119 10.4467
222 135 2
222 141 12.6797
222 147 10.7617
222 153 4.33515
222 155 12.5968
222 180 19.3073
222 208 28.0667
222 230 6.38493
222 246 6.56606
223 0 8.78662
223 6 6.69627
223 33 5.86075
223 86 19.6431
223 105 5.51892
223 162 24.464
223 165 12.253
223 169 11.5405
223 180 2
223 242 7.36963
224 0 26.3301
224 48 2.18424
224 74 2.69268
224 78 10.9462
224 144 4.36255
224 147 15.3454
224 181 10.9857
224 212 29.2787
224 215 8.26335
225 0 2
225 5 3.59314
225 97 2.20919
225 114 11.26
225 118 17.7972
225 137 20.3639
225 144 3.67621
225 178 22.3853
225 186 2
225 204 7.65956
225 226 8.69732
226 0 5.92203
226 3 7.75857
226 46 20.3517
226 103 19.0053
226 134 13.3869
226 138 5.3958
226 155 17.9721
226 207 6.51763
226 208 3.98995
227 0 7.0019
227 9 2
227 23 5.34711
227 42 23.673
227 83 14.8594
227 108 12.1349
227 119 18.5848
228 0 2
228 30 19.8849
228 39 2
228 79 5.15812
228 83 2.72697
228 87 3.33665
228 101 17.6723
228 119 2
228 135 7.5898
228 146 24.6136
228 210 12.1676
228 238 2
229 0 17.1234
229 4 4.73634
229 56 9.49644
229 83 22.0067
229 129 7.52403
229 141 2
229 171 12.0183
229 180 9.44478
229 199 5.54403
229 236 3.60335
230 0 23.4597
230 12 12.6842
230 31 2
230 43 2
230 47 19.5341
230 58 14.4853
230 73 2
230 163 15.717
230 181 2
230 205 14.5928
231 0 16.6247
231 6 18.2694
231 23 7.98916
231 78 4.91967
231 88 3.2939
231 119 10.9209
231 181 9.7631
231 187 11.3818
231 236 23.6295
231 246 17.3638
232 0 16.7158
232 4 19.3755
232 6 2
232 27 2
232 92 14.2691
232 96 10.1461
232 111 11.1851
232 132 7.17864
232 171 10.3226
232 208 15.3479
232 245 3.01857
233 0 21.8408
233 60 13.7839
233 78 13.2757
233 107 5.67406
233 179 35.0897
233 181 32.935
234 0 5.71988
234 42 21.891
234 57 19.7093
234 119 8.66378
234 131 2
234 156 11.5744
234 165 14.6578
234 170 2
234 207 20.0031
234 228 7.12279
234 243 10.3836
235 0 25.4469
235 23 15.8772
235 73 19.9876
235 102 2
235 126 4.51781
235 129 9.65435
235 131 2
235 228 16.9457
235 233 8.75835
236 0 12.2436
236 3 3.75848
236 60 8.136
236 124 7.13153
236 126 13.1213
236 151 2
236 155 11.6383
236 167 5.62475
236 181 20.0412
236 206 16.4429
237 0 18.1358
237 36 17.2894
237 59 3.24235
237 64 10.5593
237 87 15.0518
237 133 10.0988
237 141 23.6446
237 144 18.3173
237 155 9.20968
237 172 10.5221
237 180 9.49067
237 186 2.07351
238 0 7.00293
238 6 32.613
238 57 3.48444
238 89 34.3238
238 96 3.58668
238 135 24.3162
238 179 15.9561
238 217 9.92787
239 0 29.78
239 9 15.4429
239 170 21.4158
239 180 5.96329
239 208 21.1765
239 235 17.7239
239 240 6.46574
240 0 20.8378
240 18 2.35768
240 110 3.27054
240 118 29.6945
240 122 5.14863
240 181 32.7764
240 219 8.30245
241 0 8.56917
241 51 28.2305
241 57 3.87307
241 107 2.99735
241 155 15.5581
241 183 17.3879
241 228 6.23566
241 229 4.1222
241 234 3.50917
242 0 8.43372
242 36 7.96261
242 49 8.18164
242 90 6.83854
242 160 17.6682
242 163 19.6244
242 243 5.32612
243 0 7.77096
243 18 9.66391
243 56 6.46822
243 83 2
243 106 4.96391
243 119 14.8254
243 142 4.36363
243 180 8.73938
243 215 7.04531
243 216 2
243 227 2
243 238 4.88156
244 0 3.7651
244 23 15.1771
244 28 3.68042
244 36 2
244 44 27.8504
244 159 19.5795
244 181 2.73242
244 198 6.33485
244 208 3.76497
244 240 19.0148
244 245 6.48534
245 0 2
245 4 23.0516
245 97 28.2186
245 115 5.21784
245 144 17.4975
245 148 5.10056
245 160 13.6103
245 165 17.585
246 0 4.33009
246 4 6.52101
246 36 2
246 50 5.69329
246 56 8.79662
246 111 2.0664
246 115 3.91319
246 142 12.4972
246 183 11.3357
246 206 8.87047
246 215 7.028
246 230 3.77672
246 240 7.86574
247 0 31.0603
247 73 17.9333
247 86 2
247 95 17.3088
247 96 10.5045
247 135 5.23248
247 140 10.0775
247 143 3.8347
247 158 11.1156
247 183 7.3577
248 0 5.2001
248 64 11.5848
248 87 30.1176
248 88 10.0369
248 134 5.75708
248 151 12.2756
248 169 14.7145
248 198 5.74285
248 236 8.1475
249 0 6.15866
249 9 10.4092
249 24 8.22533
249 45 18.6378
249 78 2
249 143 21.6225
249 155 4.25501
249 186 6.08242
249 209 11.9791
249 243 10.4924
