250 250 2000
0 0 14.3275
0 4 8.38431
0 23 10.667
0 32 10.696
0 47 3.49724
0 134 2
0 147 3.36522
0 175 11.5079
0 201 4.47952
0 203 4.19312
0 234 9.78396
0 238 10.3991
0 239 15.6928
0 249 2
1 0 28.296
1 41 3.30996
1 97 6.0814
1 147 35.8102
1 225 14.9691
1 229 41.9806
2 0 5.97554
2 2 6.11449
2 89 3.19089
2 104 15.8501
2 154 18.0133
2 194 4.74115
2 229 10.0415
2 232 14.7582
2 240 12.8633
3 0 8.66847
3 166 36.1229
3 171 27.6392
3 181 39.549
4 0 46.2578
4 2 7.1359
4 25 28.1527
4 47 27.0191
4 117 20.9317
4 166 13.5403
5 0 15.8076
5 16 29.9867
5 34 7.45907
5 127 17.9945
5 147 12.513
5 194 8.14999
5 229 19.2887
5 234 14.4775
6 0 4.0315
6 14 6.80075
6 33 16.782
6 35 10.1945
6 59 13.355
6 80 2.78724
6 112 7.72059
6 114 2.56986
6 116 24.8679
6 174 5.29434
6 181 12.6375
6 238 2
7 0 6.82003
7 5 4.0653
7 6 12.5962
7 7 8.43702
7 38 2
7 89 5.61409
7 98 14.8441
7 105 2.09655
7 132 11.2504
7 158 11.9918
7 176 3.98756
7 209 2
7 227 2
7 235 6.75827
7 236 13.4848
8 0 19.8369
8 43 9.64908
8 211 34.2631
8 225 41.9585
8 234 13.2356
8 237 5.97369
9 0 13.2911
9 5 6.35227
9 14 14.0086
9 41 7.632
9 42 16.3978
9 43 5.94433
9 60 27.529
9 97 8.01148
9 158 3.41043
9 171 21.5956
9 205 5.77287
9 239 19.8012
10 0 24.6128
10 33 9.68465
10 35 24.1976
10 40 7.04264
10 65 2
10 69 10.1086
10 114 15.3541
10 144 21.9492
10 186 15.7688
11 0 18.4295
11 3 30.2618
11 6 3.76556
11 19 2
11 44 3.98475
11 104 2
11 136 26.1955
11 208 2
11 238 13.3836
12 0 6.13938
12 6 20.4307
12 35 23.6636
12 42 19.201
12 51 11.5759
12 81 2.6083
12 113 20.6848
12 118 5.81788
12 169 7.23926
12 194 19.0638
12 222 8.60365
13 0 51.9072
13 8 2
13 38 42.3059
13 135 29.1527
13 161 40.1239
14 0 8.99054
14 18 13.5587
14 64 7.47328
14 67 6.80103
14 69 5.00206
14 104 14.3805
14 161 9.97476
14 169 13.2371
14 226 18.5059
14 234 4.87431
14 243 13.8163
15 0 2.03799
15 8 11.7632
15 9 4.28349
15 73 19.9426
15 94 21.8199
15 103 24.2144
15 176 2.20231
15 222 24.9215
16 0 31.4107
16 6 13.3579
16 34 28.9092
16 205 19.9914
16 211 32.5559
17 0 11.4806
17 24 5.2909
17 44 2
17 110 2.98198
17 159 2
17 161 14.4759
17 176 7.19165
17 189 12.7656
17 190 4.07727
17 199 3.13979
17 211 17.743
17 234 10.1115
17 243 24.0514
17 244 17.4329
18 0 9.10098
18 24 18.933
18 52 4.4354
18 69 12.0274
18 80 4.91403
18 133 14.3833
18 232 23.5938
19 0 3.25814
19 8 14.7985
19 10 7.02219
19 33 14.2489
19 93 6.46476
19 129 2.26104
19 144 18.3227
19 145 15.8418
19 214 8.49869
19 218 7.33365
19 234 7.30726
20 0 14.2468
20 7 4.49058
20 14 16.0066
20 24 10.7136
20 87 12.4733
20 171 4.999
20 210 2
20 238 15.4986
21 0 19.1897
21 29 23.1193
21 33 11.4763
21 91 6.29885
21 134 5.20858
21 179 30.7875
21 191 2.03275
21 230 23.6058
21 233 2.03773
22 0 3.70228
22 33 22.5216
22 49 2
22 191 23.1135
22 205 21.1366
22 220 10.3424
22 234 5.61384
23 0 14.7518
23 23 9.1102
23 44 8.1685
23 48 4.94835
23 51 19.703
23 87 23.8579
23 112 7.4797
23 216 24.5869
23 229 6.81551
24 0 30.1039
24 20 6.19146
24 84 6.13823
24 98 5.17515
24 111 5.9512
24 159 35.3026
24 208 2
25 0 7.16042
25 12 9.22296
25 42 6.0876
25 51 9.05141
25 59 16.9105
25 60 4.6268
25 87 12.835
25 100 7.21475
25 109 11.327
25 174 4.64803
25 176 17.0521
25 218 5.01131
26 0 11.1765
26 16 2
26 38 5.60217
26 85 21.4863
26 91 4.25742
26 92 19.5714
26 135 5.27606
26 139 6.52742
26 153 5.5825
26 158 10.5009
26 193 3.56529
26 238 9.23628
27 0 25.055
27 8 22.4193
27 54 12.319
27 98 6.82592
27 158 17.5978
27 181 30.2531
27 191 17.4301
27 199 19.4727
27 220 15.5379
28 0 6.51554
28 8 5.78394
28 35 7.04854
28 41 6.18976
28 54 13.5107
28 88 27.6478
28 125 7.10273
28 126 21.5268
28 194 14.4315
28 203 24.3508
28 222 15.7319
29 0 12.8084
29 2 12.0619
29 19 4.44154
29 20 11.2352
29 35 4.49374
29 44 6.70932
29 69 5.84698
29 98 11.4118
29 134 4.55366
29 149 13.559
29 187 2
29 206 6.32502
30 0 29.7033
30 80 25.997
30 100 19.6022
30 127 12.1887
30 159 26.4042
30 230 27.2392
31 0 8.19071
31 10 16.5442
31 17 2
31 34 2
31 35 15.4061
31 64 2.08434
31 88 6.98527
31 103 7.61866
31 139 5.5963
31 186 3.67453
31 211 2
31 220 15.0341
31 237 10.911
32 0 14.8069
32 2 10.8479
32 40 2
32 85 15.4748
32 105 18.0975
32 125 10.8461
32 142 10.9615
32 203 17.4461
33 0 13.7929
33 5 12.6362
33 89 11.8657
33 103 6.93741
33 110 14.7336
33 139 31.4152
33 171 2.52057
33 193 9.63798
34 0 17.4627
34 15 17.7197
34 33 18.2724
34 51 11.8923
34 124 16.3033
34 132 15.779
34 139 17.608
34 147 15.0008
34 217 17.1742
35 0 11.5949
35 8 13.8663
35 20 10.0035
35 39 8.61158
35 42 3.08544
35 114 8.67702
35 147 2
35 153 3.38298
35 177 10.7432
35 190 9.60344
35 226 25.4285
35 232 11.9648
36 0 14.1562
36 11 8.35029
36 69 21.2392
36 104 11.4222
36 122 13.6323
37 0 21.2023
37 2 4.42696
37 20 11.2916
37 87 10.7064
37 94 8.69997
37 101 12.7146
37 148 12.4764
37 224 29.1124
37 238 12.3441
38 0 13.7338
38 26 3.38399
38 35 20.9803
38 64 2.70905
38 67 14.6248
38 118 18.143
38 119 7.72102
38 126 12.5976
38 239 9.96374
39 0 8.58552
39 7 10.7421
39 32 13.8116
39 42 2
39 44 2
39 85 15.0461
39 111 2.95306
39 225 36.1229
40 0 31.5228
40 5 7.26912
40 42 34.3894
40 59 25.3064
40 71 4.47012
40 94 21.6056
40 210 21.92
40 239 20.9358
41 0 5.78873
41 6 2
41 32 2
41 76 7.02228
41 80 7.93491
41 85 8.76374
41 97 4.15071
41 111 8.07132
41 134 20.1032
41 179 5.47689
41 194 19.9569
42 0 31.4538
42 12 2
42 24 12.4872
42 64 16.7559
42 65 11.1983
42 67 13.0132
42 70 20.8146
42 104 2.18981
42 227 13.2573
42 234 4.18194
43 0 6.99619
43 90 28.0701
43 179 29.9417
43 186 18.7585
43 220 24.4868
43 224 35.7998
44 0 11.9963
44 34 11.7707
44 64 20.8848
44 120 20.6872
45 0 7.72274
45 25 21.3662
45 87 15.0879
45 98 20.2036
45 104 18.0049
45 113 5.13144
45 125 3.27998
45 144 11.3301
45 212 4.67134
45 227 16.059
46 0 14.0334
46 3 2
46 17 4.66467
46 18 4.89707
46 74 5.41545
46 93 10.3849
46 186 2.85855
46 187 22.1247
46 208 8.50266
46 233 2
46 239 3.96635
47 0 28.6774
47 32 6.96763
47 44 6.96803
47 83 16.4871
47 97 9.07877
47 121 5.04884
47 122 10.8929
47 186 10.4945
47 235 2
47 237 18.1749
48 0 14.7154
48 5 6.27686
48 58 16.4049
48 71 12.9696
48 97 4.54566
48 125 24.0148
48 134 27.3723
48 224 27.1528
48 232 14.9773
49 0 13.2382
49 129 12.3943
49 181 37.1849
49 196 50.3361
49 222 45.1148
50 0 28.5768
50 2 20.2773
50 14 16.1035
50 24 21.2547
50 135 7.76449
50 140 19.3992
50 147 15.7848
50 153 24.4476
50 243 13.7725
51 0 5.54845
51 3 27.0386
51 19 25.6517
51 57 20.7046
51 94 2.48021
51 123 2
51 217 10.402
51 241 9.66838
52 0 17.768
52 28 3.66912
52 33 29.9682
52 129 30.4397
52 234 30.8422
52 238 11.6248
53 0 24.9991
53 8 14.7838
53 12 3.34372
53 41 16.9955
53 71 4.3751
53 112 6.32362
53 222 9.02861
53 237 29.4062
53 243 7.21676
54 0 5.437
54 64 11.6793
54 109 28.8386
54 147 2.35166
54 190 34.579
54 217 15.7165
54 226 2
54 230 14.9534
55 0 2.16513
55 3 16.237
55 4 14.8433
55 93 20.2568
55 97 12.9683
55 103 15.8003
55 111 3.62302
55 239 7.94444
55 240 19.82
55 244 8.9734
56 0 17.2272
56 12 19.9195
56 14 2
56 44 10.2157
56 64 3.38987
56 87 17.0601
56 110 7.24821
56 228 11.5052
56 234 8.74221
57 0 4.10818
57 45 4.67699
57 64 9.19414
57 105 2.30937
57 113 10.6058
57 114 32.7531
57 127 37.5587
57 244 11.8812
58 0 4.13062
58 2 12.4154
58 9 2
58 28 15.7772
58 33 6.49476
58 80 5.27541
58 93 11.9611
58 98 2.71695
58 137 2.36842
58 195 10.3155
58 223 11.8201
59 0 28.8899
59 14 20.9515
59 69 8.07
59 113 12.3594
59 218 30.3839
59 220 11.5097
59 249 4.05042
60 0 14.2179
60 67 31.5475
60 216 32.0849
60 234 53.8062
60 244 52.4338
61 0 21.152
61 44 13.4384
61 94 29.478
61 111 12.6344
61 134 14.3325
61 229 25.5678
61 239 26.4487
61 241 14.5248
62 0 6.86636
62 40 8.30829
62 77 12.895
62 120 10.0992
62 127 6.58934
62 144 10.7656
62 193 9.95489
62 208 11.7456
62 234 12.605
62 244 23.2388
63 0 10.8796
63 8 43.0119
63 24 41.5588
63 41 13.1609
63 44 16.0165
63 149 22.6377
64 0 11.866
64 32 10.9154
64 59 8.85551
64 64 36.0336
64 168 2.0406
64 174 18.9844
64 196 7.49819
65 0 21.2624
65 24 18.0765
65 97 18.1746
65 102 19.8764
65 128 11.4425
65 153 4.87859
65 182 8.27374
65 184 9.19229
65 216 12.0953
65 226 17.605
65 232 8.73005
66 0 38.8385
66 14 49.7789
66 96 8.10518
66 203 65.0084
67 0 18.9384
67 4 5.08788
67 12 20.6025
67 24 19.172
67 27 2.00511
67 35 2
67 42 5.35146
67 49 8.49318
67 101 9.79756
67 152 15.2889
67 158 12.8776
67 222 5.52691
67 227 7.19779
67 243 3.15909
68 0 12.3362
68 2 24.4616
68 51 7.53225
68 74 11.8179
68 86 8.02161
68 105 7.78928
68 129 14.0682
68 161 9.02723
68 184 12.3412
68 234 2
68 238 8.90235
69 0 14.6058
69 29 22.6281
69 33 32.1003
69 51 28.1306
69 59 33.7926
70 0 10.6431
70 33 9.18187
70 40 21.6697
70 44 2.18079
70 45 8.37493
70 69 21.9901
70 93 13.0786
70 96 5.68157
70 112 2.02395
70 184 2
71 0 15.2617
71 44 14.5907
71 47 18.5214
71 65 9.35879
71 133 34.1764
71 210 13.6568
71 238 43.3796
72 0 7.05631
72 5 11.8767
72 34 21.0122
72 36 5.78705
72 49 5.02216
72 70 20.6738
72 227 18.5457
72 228 7.95638
72 229 13.0602
73 0 26.0123
73 3 6.81984
73 6 8.46275
73 69 31.0159
73 87 17.138
73 104 22.9128
73 142 15.0901
73 234 3.47583
73 239 9.42337
74 0 24.8178
74 4 9.93528
74 47 25.6245
74 60 53.4761
74 102 5.54182
74 169 30.049
74 239 2
75 0 11.8511
75 2 10.0196
75 6 17.7142
75 17 27.2086
75 33 26.4066
75 51 12.2046
75 160 2
75 161 5.64061
75 205 12.3118
75 238 2
76 0 5.65748
76 6 2
76 59 16.9267
76 96 8.50228
76 127 14.8251
76 135 11.1703
76 176 5.67405
76 181 14.7145
76 189 2
76 211 12.4535
76 247 10.5281
77 0 26.1849
77 16 15.332
77 95 10.154
77 101 2
77 109 11.7367
77 184 3.3522
77 190 22.3421
77 208 7.96544
77 222 19.7213
78 0 8.72877
78 2 19.4446
78 97 25.476
78 128 22.85
78 169 10.2055
78 190 4.81351
78 203 8.00078
78 244 18.1677
79 0 11.2089
79 32 23.1379
79 44 3.36984
79 75 5.39716
79 139 21.5502
79 181 12.7638
79 195 13.0255
79 205 25.7089
79 225 4.79411
80 0 2
80 8 4.7308
80 11 26.6274
80 20 20.1303
80 137 14.4959
80 149 2
80 158 12.0471
80 176 10.6043
80 225 8.75548
80 229 5.68345
81 0 17.1958
81 42 2
81 67 19.8197
81 118 3.90197
81 127 18.6874
81 156 2
81 208 21.0902
81 229 11.2176
81 237 21.743
82 0 7.36633
82 22 7.11184
82 29 3.55436
82 30 15.9525
82 87 22.0357
82 186 4.20651
82 220 2.26323
82 234 2
82 238 4.84805
83 0 20.0779
83 14 3.88385
83 22 2
83 26 15.8839
83 29 2
83 69 2
83 139 14.1281
83 184 9.98541
83 185 6.33261
83 210 2.01162
83 211 2
83 215 8.13286
83 237 2.3316
84 0 4.40296
84 22 18.0681
84 44 2
84 67 3.61837
84 87 8.72051
84 91 4.29738
84 97 4.12768
84 104 7.45085
84 122 10.9963
84 168 4.99005
84 175 19.4768
84 190 2
84 193 2.41766
85 0 35.3178
85 28 8.41553
85 45 4.36248
85 101 12.861
85 119 18.7026
85 205 2.94144
85 206 9.21771
85 216 2
86 0 13.0813
86 28 17.2168
86 148 26.5661
86 183 49.953
87 0 9.93134
87 8 16.5481
87 38 11.8492
87 52 26.9043
87 134 2.0372
87 174 23.155
87 187 18.8243
87 229 2.51448
87 239 2
88 0 2.47309
88 7 11.8803
88 93 7.64699
88 175 9.63542
88 176 11.9041
88 203 14.8379
88 208 8.21901
88 234 13.9667
89 0 33.0893
89 32 2.4468
89 83 27.528
89 127 9.28249
89 189 6.18371
89 195 4.49308
89 237 10.1473
89 240 26.3761
90 0 5.62701
90 17 5.57686
90 34 12.7631
90 35 5.71873
90 64 20.5673
90 66 14.8244
90 81 25.2028
90 153 13.212
90 249 12.4589
91 0 4.63235
91 81 7.64642
91 87 13.1098
91 97 26.5925
91 104 11.8684
91 113 14.713
91 120 27.1901
91 182 14.8007
92 0 3.59083
92 14 12.0222
92 16 12.1884
92 19 2
92 24 7.64992
92 33 2
92 40 8.24248
92 44 4.87977
92 54 10.4675
92 122 9.02848
92 169 9.88305
92 190 9.30574
92 221 5.17011
92 227 5.9412
93 0 56.1589
93 42 21.2917
93 50 21.7761
93 60 13.364
93 98 2
93 125 23.274
93 190 24.8027
94 0 15.4109
94 15 22.8853
94 54 11.1495
94 93 16.4264
94 103 3.44739
94 113 12.9296
94 128 5.82003
94 158 4.86162
94 190 9.07688
94 234 9.86175
95 0 28.359
95 47 19.1949
95 50 4.01667
95 86 19.5471
95 97 11.2892
95 108 25.7865
95 185 9.10566
95 239 2
96 0 4.15548
96 18 17.4595
96 24 2.00541
96 90 26.0009
96 157 57.4648
96 239 14.7936
97 0 12.522
97 2 8.01226
97 14 6.80282
97 66 14.4628
97 97 6.83016
97 127 5.47665
97 133 5.13604
97 139 4.75899
97 190 8.4745
97 191 2
97 208 8.97595
97 218 2
97 232 2.7467
97 239 2
98 0 9.74225
98 3 16.2209
98 6 6.64042
98 33 2
98 44 10.5738
98 51 21.2381
98 69 2.19631
98 89 8.3193
98 229 2
98 238 15.6063
98 240 14.1953
98 241 2
98 244 6.72619
99 0 20.7308
99 2 2
99 44 18.3488
99 88 2
99 98 12.4475
99 129 14.4573
99 135 3.78184
99 196 7.47157
99 222 15.9552
99 234 12.7256
100 0 21.7077
100 8 7.76012
100 10 2
100 12 27.3953
100 48 9.83461
100 96 8.27558
100 98 5.76143
100 109 12.7984
100 195 10.1124
100 227 24.538
101 0 17.2371
101 8 9.96526
101 23 2
101 33 5.17978
101 39 16.5949
101 69 5.21906
101 127 9.91253
101 158 2
101 203 5.17304
101 205 16.6288
101 242 9.81616
102 0 5.42636
102 40 14.3716
102 73 2
102 119 2.07217
102 125 4.19816
102 139 27.306
102 155 22.8603
102 164 20.3761
102 181 24.5558
102 190 12.273
103 0 4.8097
103 3 4.62252
103 10 9.31468
103 19 14.6377
103 42 6.41517
103 69 23.9966
103 97 11.3131
103 171 15.9088
104 0 10.9889
104 2 7.21607
104 15 2
104 51 13.7568
104 76 9.21657
104 96 3.43322
104 137 13.5494
104 139 16.5707
104 142 2
104 164 4.95044
104 208 3.97152
104 216 2
104 228 12.9095
105 0 2
105 126 28.9239
105 127 29.7895
105 216 23.9373
105 238 30.1156
106 0 3.98341
106 6 20.5511
106 44 4.79463
106 51 18.6649
106 94 5.27799
106 101 10.019
106 232 5.68518
106 234 5.17842
107 0 37.0281
107 10 4.18248
107 24 3.56885
107 34 31.0612
107 194 9.91871
107 196 28.2145
108 0 17.9794
108 14 8.15664
108 16 9.50824
108 35 2
108 44 8.39893
108 60 6.71779
108 67 5.20869
108 101 6.07055
108 122 3.82607
108 159 8.53778
108 212 14.1968
108 218 13.2361
108 239 6.1739
109 0 4.25034
109 39 27.5105
109 77 2.07023
109 90 24.3419
109 101 12.8365
109 109 19.5794
109 128 26.3856
109 220 3.68431
109 244 18.1629
110 0 7.61567
110 8 15.4208
110 12 12.2929
110 17 2
110 35 5.02539
110 40 2
110 90 10.3248
110 133 8.866
110 159 5.23916
110 161 9.1155
110 189 10.4726
110 223 2.84299
110 225 8.58621
110 239 11.828
110 244 18.6542
111 0 9.66463
111 12 3.5278
111 17 7.49794
111 59 2.80793
111 80 12.6174
111 120 5.56641
111 139 6.54986
111 160 5.16094
111 181 4.88061
111 205 6.26128
111 220 15.3705
111 225 2
111 226 4.53106
111 244 8.87873
112 0 6.15808
112 2 3.06453
112 5 3.45055
112 6 2.0127
112 48 2
112 94 7.97111
112 105 7.85552
112 108 4.89604
112 145 4.20545
112 161 11.4205
112 190 6.07489
112 205 8.47583
112 224 4.33261
112 227 14.5662
113 0 5.11987
113 24 17.9706
113 67 22.0501
113 94 27.5734
113 155 37.0965
113 205 6.99463
113 207 6.25577
113 239 27.2547
114 0 15.8009
114 10 22.5661
114 14 30.0567
114 20 23.4689
114 119 37.7825
114 242 3.37122
115 0 2.05536
115 5 9.1842
115 32 2.93213
115 44 19.8399
115 48 5.00359
115 69 18.6502
115 111 2.71426
115 118 7.37123
115 122 9.45655
115 192 8.75997
115 205 2
116 0 34.4639
116 44 20.75
116 134 8.93618
116 147 27.7445
116 169 7.14791
116 249 33.1811
117 0 2
117 5 8.5904
117 6 14.2016
117 44 6.536
117 56 5.22123
117 59 7.53092
117 80 18.8809
117 132 15.221
117 134 7.73045
117 139 6.72492
117 161 11.9575
117 171 22.5863
117 239 4.06431
118 0 10.8498
118 2 2.88662
118 19 8.40501
118 38 3.96382
118 108 10.7619
118 158 23.9043
118 190 11.2656
118 223 22.7803
118 244 9.55002
119 0 13.5562
119 3 16.0553
119 20 7.24609
119 33 12.4197
119 44 4.49897
119 50 7.95774
119 57 2
119 81 7.80589
119 109 16.9528
119 153 15.0737
119 176 2.97535
119 178 4.65848
119 184 5.17571
119 191 17.3068
119 196 2.10787
120 0 23.5528
120 19 36.4643
120 51 16.2078
120 81 10.0699
120 140 11.2985
120 234 18.8678
120 244 13.6442
121 0 14.4219
121 3 20.4717
121 23 2.01656
121 34 13.9853
121 76 2.51308
121 84 6.11435
121 107 6.19039
121 108 13.0123
121 139 16.2414
121 187 5.59912
121 190 12.3538
121 217 2
121 229 22.4366
122 0 6.67632
122 97 46.15
122 122 36.2317
122 190 19.8489
123 0 46.6898
123 39 15.7414
123 42 19.1202
123 140 42.3939
123 205 49.4024
124 0 10.4651
124 6 5.53026
124 26 3.08018
124 31 6.30282
124 45 25.6001
124 118 19.1237
124 161 15.4497
124 212 26.8787
124 234 15.0129
125 0 12.8361
125 35 6.33767
125 44 16.7458
125 49 4.57966
125 94 16.1914
125 179 14.4102
125 206 2.12343
125 217 17.9323
125 231 20.4173
125 241 14.7268
125 243 19.9416
126 0 16.3627
126 35 52.005
126 101 84.7303
126 206 12.0002
127 0 3.34805
127 16 15.655
127 17 19.6359
127 33 21.8166
127 35 18.2749
127 71 24.9293
127 80 11.5742
127 191 17.0765
127 208 7.52758
127 216 2.55709
128 0 26.2121
128 12 5.57931
128 29 17.6485
128 34 10.9166
128 44 2
128 85 4.00431
128 100 4.11462
128 103 7.20693
128 135 11.9187
128 161 4.61822
128 181 3.30732
128 188 15.3842
129 0 47.734
129 97 34.0683
129 103 34.59
129 111 14.507
129 225 31.1828
129 229 10.3188
130 0 16.5019
130 69 6.91062
130 103 9.36178
130 158 21.5639
130 175 7.47446
130 187 10.303
130 201 8.30984
130 204 24.3348
130 211 3.65382
130 239 16.6214
130 244 13.5685
131 0 10.4704
131 3 2.01014
131 4 20.3647
131 15 8.09233
131 33 8.54299
131 42 2
131 47 13.6565
131 135 8.23781
131 161 7.78858
131 218 2.23318
131 238 14.9519
132 0 13.0281
132 4 26.2771
132 14 16.3467
132 33 12.8486
132 35 4.20046
132 41 2
132 62 13.0498
132 101 9.33453
132 113 2.23332
132 153 22.2143
132 249 13.6911
133 0 2
133 30 14.4633
133 42 27.8757
133 112 11.4378
133 126 33.0048
133 128 17.9439
133 206 3.53339
133 240 9.43739
134 0 36.0369
134 2 21.8189
134 87 6.43407
134 89 8.54425
134 103 8.14096
134 228 39.2395
135 0 18.4206
135 8 5.5796
135 35 6.64152
135 69 8.82514
135 73 2.16846
135 113 12.8395
135 117 13.5185
135 119 13.317
135 168 16.1267
135 176 19.5194
135 225 8.81618
135 226 19.0329
136 0 15.17
136 45 7.15995
136 47 12.1413
136 94 17.0933
136 105 2.77284
136 127 22.0299
136 135 26.4787
136 144 9.27588
137 0 2
137 6 10.7724
137 15 6.46594
137 77 5.34435
137 81 3.22118
137 126 13.6349
137 136 11.2396
137 139 2
137 171 11.311
137 179 9.327
137 191 3.12512
137 212 13.1045
137 234 12.5703
138 0 11.943
138 3 3.18022
138 28 2
138 33 9.96114
138 34 2
138 59 2
138 80 15.6743
138 133 15.128
138 190 2
138 202 7.36711
139 0 3.06854
139 3 5.3048
139 5 14.3356
139 33 17.222
139 123 8.64602
139 127 5.71218
139 173 26.8444
139 224 35.5756
140 0 18.8529
140 4 8.59774
140 8 7.18808
140 16 7.45451
140 34 13.9553
140 80 6.76702
140 91 4.9672
140 116 4.84216
140 122 8.16573
140 217 9.60614
140 229 22.3212
141 0 21.776
141 19 9.603
141 65 14.383
141 87 4.84895
141 102 2.2978
141 103 4.59515
141 129 9.17245
141 179 23.7321
141 181 10.7006
141 249 30.2288
142 0 10.6803
142 33 15.2148
142 67 8.9972
142 91 31.7229
142 171 3.49178
142 190 3.1701
142 191 14.2663
142 229 30.9887
143 0 10.976
143 9 10.8854
143 35 9.67476
143 76 16.0963
143 109 2
143 119 10.1118
143 134 15.7389
143 169 16.5251
143 177 14.0801
144 0 2
144 17 7.66912
144 32 8.99861
144 48 11.6341
144 87 11.5893
144 140 9.07863
144 158 14.126
144 169 11.48
144 191 16.3553
144 193 5.12922
144 205 3.66177
144 211 2
144 228 2
145 0 2
145 2 12.5805
145 33 16.8303
145 41 10.0965
145 48 12.5502
145 80 13.1828
145 90 18.7418
145 112 4.72735
145 122 18.8044
145 139 18.8648
145 174 11.8073
145 234 15.667
146 0 7.38875
146 2 6.42727
146 4 12.0293
146 33 2
146 39 4.25968
146 45 2
146 48 3.12739
146 51 3.6438
146 84 4.00014
146 87 2
146 90 4.55287
146 94 3.60636
146 97 6.36008
146 113 4.75735
146 205 5.55417
146 226 4.69276
146 234 3.38329
147 0 7.52766
147 2 2.54008
147 12 12.3989
147 33 23.1263
147 44 2
147 69 3.42511
147 104 3.44564
147 122 4.16982
147 158 9.37511
147 186 14.7417
147 191 2.10674
147 210 11.1199
148 0 10.9883
148 67 31.2758
148 73 9.8492
148 103 6.30581
148 114 8.77545
148 161 20.1639
148 187 13.8632
149 0 2
149 40 19.8356
149 71 8.88106
149 86 17.2379
149 119 3.0797
149 181 2.47554
149 206 2.05491
149 226 20.7149
149 241 13.8534
149 243 14.1563
150 0 33.4321
150 2 11.9226
150 8 13.2822
150 15 26.0969
150 77 24.1481
150 89 7.297
150 225 8.90677
151 0 48.3491
151 105 42.0099
151 128 54.406
151 162 8.2509
152 0 11.7335
152 41 29.191
152 111 3.19036
152 134 2.2023
152 236 30.0058
153 0 23.0119
153 2 4.28277
153 33 12.6217
153 81 2
153 94 15.7165
153 103 10.603
153 118 18.6933
153 126 11.2333
153 139 2
153 159 15.767
153 239 19.7912
154 0 5.33181
154 8 22.847
154 59 12.1345
154 93 3.96753
154 117 12.5408
154 144 13.5522
154 153 4.72142
154 171 8.86168
154 190 3.50958
154 234 13.738
154 239 17.2992
155 0 3.09138
155 108 7.05403
155 124 64.5938
155 217 22.5597
155 249 22.4418
156 0 18.9192
156 2 27.5914
156 44 19.2951
156 75 23.9185
156 101 3.89732
156 241 2.19366
157 0 11.3638
157 60 11.6154
157 81 4.44628
157 98 11.746
157 101 8.10555
157 126 21.8382
157 129 14.6263
157 187 4.74489
157 196 20.1505
157 233 2
157 243 11.3463
158 0 11.769
158 20 18.5405
158 42 6.3141
158 91 24.2437
158 107 19.5146
158 122 28.6157
158 129 17.9035
158 139 11.6549
158 244 14.484
159 0 9.00996
159 15 32.2036
159 40 20.2673
159 49 3.89664
159 94 12.2726
159 114 21.3953
159 158 3.60607
159 161 2
159 196 2.78533
159 203 5.43147
159 231 4.09907
160 0 2.11114
160 10 21.9921
160 33 15.2305
160 39 18.4583
160 45 10.7634
160 54 20.9973
160 64 27.5616
160 67 10.5909
160 196 20.5458
160 234 13.3068
160 235 16.0444
161 0 7.92819
161 30 34.8418
161 35 6.71117
161 73 29.9606
161 194 8.78959
162 0 3.43413
162 14 12.3939
162 17 21.9194
162 75 2
162 85 18.2913
162 91 14.7712
162 112 10.2429
162 181 27.4124
162 216 11.3216
163 0 14.3684
163 54 2.344
163 76 7.1182
163 103 5.70431
163 107 10.8223
163 120 3.07507
163 125 5.10328
163 139 13.6155
163 152 9.6543
163 187 6.54874
163 228 11.3798
163 232 2.9391
163 234 2
164 0 21.3398
164 9 16.987
164 14 7.18115
164 83 6.69065
164 109 2
164 118 11.9082
164 161 3.98878
165 0 7.68344
165 81 7.5152
165 105 2.04815
165 128 7.38387
165 176 3.28487
165 178 2
165 194 7.24492
165 225 6.63544
165 234 22.4781
165 247 15.2112
166 0 11.559
166 34 2.25841
166 64 2
166 75 13.9419
166 80 6.66647
166 103 3.24868
166 122 11.4418
166 125 5.86035
166 229 2.85496
166 236 21.1914
167 0 7.93066
167 73 14.0125
167 98 25.4159
167 191 7.11952
167 236 9.42429
167 238 39.7785
168 0 23.9964
168 2 5.38241
168 45 47.5558
168 139 67.0844
169 0 2.22955
169 19 24.2883
169 34 17.9467
169 35 31.6097
169 69 6.75462
169 119 12.3718
170 0 16.9766
170 2 26.0286
170 25 12.2855
170 96 14.9957
170 107 8.79776
170 169 2.38757
170 190 26.7279
170 194 10.6714
170 208 10.3653
170 215 15.8187
170 239 10.1851
171 0 24.0501
171 10 8.05402
171 24 17.2507
171 30 5.51808
171 33 10.4284
171 51 22.0705
171 140 8.43039
172 0 14.5854
172 2 20.5113
172 12 17.6758
172 42 7.22771
172 64 10.7594
172 86 12.8595
172 87 14.951
172 197 6.2974
172 225 16.3511
173 0 45.5425
173 50 54.9143
173 120 18.845
173 229 6.48124
174 0 4.49931
174 59 13.3467
174 111 25.7946
174 122 26.3337
174 223 2.22185
174 238 39.877
175 0 5.96995
175 26 21.2009
175 42 20.2368
175 62 8.10887
175 97 16.374
175 194 21.4744
175 218 15.5974
175 229 2.0453
175 244 14.3812
176 0 12.5023
176 40 2.58712
176 47 28.4479
176 57 4.70864
176 161 35.7239
176 185 3.06679
176 203 28.7957
176 232 13.9758
177 0 3.11824
177 12 14.0539
177 29 6.53806
177 32 14.9772
177 33 2.12624
177 41 10.5568
177 48 18.2336
177 51 2
177 70 15.9046
177 81 14.5783
177 99 3.91379
177 231 9.77091
177 232 16.3958
178 0 13.5714
178 10 24.8166
178 28 12.493
178 32 9.85435
178 50 20.779
178 112 5.41714
178 129 21.1683
178 139 7.58118
178 174 28.507
178 176 18.9935
179 0 2
179 2 17.2708
179 47 19.8301
179 50 4.82454
179 77 16.1069
179 118 14.7535
179 126 18.5991
179 194 21.5148
179 211 2.3134
180 0 11.1991
180 31 2
180 33 32.9771
180 75 35.4267
180 161 30.5438
180 181 35.821
181 0 13.6961
181 2 24.6829
181 50 5.1578
181 70 11.807
181 80 5.13456
181 135 39.9769
182 0 3.29685
182 69 15.6153
182 94 4.39389
182 105 23.7892
182 109 16.8965
182 211 21.9441
182 214 25.0355
182 233 12.5597
183 0 19.8492
183 6 19.3904
183 26 12.4832
183 35 13.3543
183 42 17.6613
183 80 2
183 98 3.52014
183 105 3.3022
183 171 13.6161
183 190 2.64513
183 224 5.88051
184 0 17.3668
184 14 33.116
184 17 32.4157
184 50 44.4011
185 0 15.7706
185 8 13.886
185 14 10.6718
185 93 15.0848
185 103 13.3111
185 139 16.4828
185 191 6.92981
185 197 4.29607
185 205 7.15127
185 234 15.407
186 0 23.323
186 51 14.98
186 52 3.9305
186 76 21.7807
186 78 18.4306
186 87 2.90694
186 94 13.803
186 238 13.0038
187 0 2
187 14 13.2675
187 16 7.92543
187 19 14.7363
187 94 15.9003
187 155 2
187 176 18.0591
187 179 5.86364
187 208 31.9884
187 228 4.82419
188 0 6.22415
188 19 4.31669
188 41 2
188 42 5.09001
188 44 12.793
188 93 7.03942
188 103 4.26064
188 111 11.5813
188 112 4.53413
188 169 6.32546
188 170 10.7161
188 191 15.387
188 216 12.9817
188 234 6.97765
189 0 26.4163
189 35 10.1816
189 44 18.8712
189 73 38.6713
189 104 2.68129
189 197 5.22838
189 210 16.0892
189 236 14.6801
190 0 6.39661
190 4 22.4001
190 35 13.9887
190 42 17.9997
190 81 18.0862
190 85 2
190 126 14.8398
190 139 4.29747
190 155 12.0686
190 158 10.6681
190 240 14.477
191 0 22.125
191 60 19.4695
191 77 25.3789
191 113 30.1779
191 159 18.8211
191 172 5.45627
191 197 4.59646
192 0 6.98545
192 27 8.95626
192 64 19.1084
192 88 4.13523
192 122 2
192 150 5.33593
192 205 4.09553
192 233 18.9475
193 0 2
193 5 2.14624
193 8 8.93713
193 38 11.3824
193 51 9.75372
193 85 3.81321
193 112 10.8738
193 135 11.5924
193 169 12.333
193 191 5.20592
193 206 14.7443
193 225 10.5285
193 238 9.40846
193 247 2.91895
194 0 4.80189
194 49 17.9521
194 78 5.12172
194 82 14.3517
194 103 3.99126
194 117 7.01147
194 127 17.784
194 176 22.4706
194 225 13.5978
194 227 10.9423
195 0 12.1559
195 35 9.61474
195 85 17.2211
195 124 15.8094
195 134 3.54823
195 147 2
195 208 16.1734
195 210 18.955
196 0 13.4807
196 18 7.62257
196 35 13.5021
196 36 11.7841
196 80 2
196 88 9.78431
196 174 15.3867
196 176 5.10179
196 191 23.0135
196 203 18.7131
196 220 14.9628
196 249 6.4286
197 0 12.0061
197 2 8.54668
197 32 31.8284
197 103 2.05461
197 118 5.81039
197 155 11.3595
197 191 29.4881
197 249 2.29638
198 0 8.853
198 12 7.35831
198 50 10.106
198 67 3.89936
198 81 2
198 147 2
198 203 2
198 205 4.37518
198 208 2
198 229 5.15753
198 230 2
198 234 5.85796
198 239 7.93561
199 0 16.3873
199 3 8.74926
199 26 12.3346
199 67 11.3954
199 99 17.9373
199 113 9.86589
199 142 2
199 216 37.072
200 0 11.6501
200 20 34.1949
200 49 5.29493
200 75 2.38543
200 81 16.4904
200 133 24.684
200 190 25.4517
200 216 19.8541
200 247 18.6452
201 0 2.02448
201 15 25.7017
201 40 5.78723
201 73 12.6189
201 109 15.2299
201 127 2
201 169 13.3553
201 190 9.62789
201 202 5.86449
202 0 14.1753
202 16 4.17734
202 35 26.8623
202 70 5.97725
202 90 5.93525
202 120 10.1085
202 139 7.7178
202 154 3.15306
202 169 12.1938
202 186 5.3861
202 236 20.1015
203 0 4.4772
203 122 14.8874
203 149 5.67495
203 153 15.7937
203 169 22.0074
203 194 9.54992
203 208 17.7343
203 218 3.18789
203 222 7.56377
203 229 23.7618
204 0 25.3237
204 34 11.2044
204 109 5.90412
204 114 15.0225
204 125 16.6164
204 132 4.02595
204 139 9.64982
204 140 11.7134
204 155 3.36068
205 0 6.88604
205 33 16.3565
205 81 60.7986
205 154 29.9941
205 229 9.22875
206 0 14.938
206 8 19.2461
206 28 2.04771
206 55 21.5834
206 73 12.7021
206 90 20.8399
206 179 2
206 181 4.9349
206 191 10.1623
206 205 20.4509
206 233 13.247
207 0 20.524
207 24 8.52225
207 111 10.8488
207 158 23.4424
207 190 6.96453
207 210 15.2367
207 211 7.14115
207 219 19.6023
207 249 6.34079
208 0 2
208 2 11.5569
208 6 17.2587
208 76 2.18629
208 77 11.3257
208 111 11.472
208 113 17.1839
208 187 7.18133
208 234 12.9002
209 0 15.3416
209 18 31.5599
209 25 2
209 67 29.0268
209 190 3.8581
209 191 28.7124
209 249 10.4427
210 0 2
210 6 7.61923
210 14 15.6079
210 25 10.8467
210 32 10.4238
210 81 3.84788
210 98 4.3813
210 101 13.1501
210 139 12.1188
210 174 14.594
210 208 6.50944
210 216 4.19305
211 0 28.0368
211 5 45.8474
211 9 36.8452
211 154 42.176
211 234 22.1484
211 238 23.046
212 0 16.5074
212 5 2.89951
212 10 6.80285
212 30 11.29
212 55 21.6395
212 64 24.8396
212 74 13.8393
212 118 4.10163
212 239 5.63479
213 0 30.2476
213 90 13.2021
213 117 5.59602
213 122 4.61295
213 139 13.7458
213 144 5.57882
213 162 8.75041
213 186 5.3065
213 233 15.8357
214 0 6.24491
214 4 36.8567
214 17 2
214 81 3.48167
214 87 9.03151
214 89 13.2901
214 93 32.3795
214 190 15.2774
215 0 14.0278
215 5 9.68878
215 10 2
215 44 2
215 49 2.1622
215 59 9.87447
215 98 4.36388
215 103 6.42092
215 158 6.72119
215 159 9.64572
215 239 16.7841
216 0 13.2981
216 69 18.4139
216 108 12.5103
216 118 3.87655
216 126 11.5162
216 147 21.8644
216 203 20.947
216 249 6.94422
217 0 19.1312
217 67 14.9803
217 103 9.65364
217 127 11.2468
217 190 2.48756
217 196 13.4142
217 205 4.87373
217 230 30.5154
218 0 60.681
218 26 47.2031
218 67 39.3212
218 142 34.9865
218 161 13.1159
219 0 23.959
219 33 16.7762
219 35 31.9085
219 50 2
219 73 19.0418
219 86 12.3273
219 127 9.6912
219 139 4.43795
219 156 8.51152
220 0 36.6413
220 12 2
220 28 17.0689
220 133 50.1754
220 225 14.9972
221 0 8.84687
221 6 2.77002
221 44 3.99147
221 51 25.1458
221 74 17.4016
221 139 19.7958
221 161 18.3386
221 166 22.542
221 181 23.7175
222 0 6.49246
222 19 12.0979
222 104 11.9145
222 112 2
222 114 11.3599
222 213 39.2846
222 224 23.3501
223 0 19.5414
223 14 6.3421
223 32 12.6659
223 69 14.0961
223 174 17.5247
223 176 2
223 195 2
223 199 4.92799
223 230 22.2649
223 233 2.77215
223 243 3.89051
224 0 4.72561
224 1 12.2723
224 45 17.7727
224 47 13.468
224 80 9.46663
224 95 2
224 117 2
224 169 2.95612
224 171 2.95432
224 232 21.2488
224 239 19.6878
224 241 3.58984
225 0 13.9474
225 51 7.04852
225 67 2
225 81 2
225 86 15.0511
225 97 15.5204
225 135 11.7591
225 203 13.7031
225 239 19.8347
226 0 9.6445
226 8 19.0402
226 122 7.5483
226 125 7.89158
226 126 16.7083
226 133 11.537
226 147 2
226 153 4.02194
226 190 17.9059
226 220 8.12016
227 0 8.3109
227 6 30.8099
227 64 22.6006
227 65 19.1619
227 213 18.1077
227 235 3.02228
227 241 15.4221
228 0 22.9228
228 32 52.4959
228 44 4.94055
228 88 23.0454
228 236 29.5496
228 239 4.19166
229 0 21.4003
229 12 3.92656
229 44 11.5929
229 51 12.5762
229 70 2
229 71 13.3521
229 135 7.98582
229 154 8.51165
229 166 4.88509
229 178 7.80912
229 191 2.0902
229 229 12.3234
229 239 10.5114
230 0 9.38079
230 16 10.2988
230 44 6.5679
230 67 2
230 78 17.2914
230 87 19.3936
230 89 10.3994
230 97 23.767
230 216 4.21976
231 0 2
231 8 3.1384
231 12 9.11701
231 52 23.665
231 68 6.17239
231 91 24.5525
231 222 35.8689
232 0 7.18498
232 18 8.60796
232 81 40.3002
232 96 42.1299
232 234 16.2156
233 0 2.03833
233 10 15.057
233 11 2.12887
233 62 6.46032
233 64 18.8761
233 94 4.0406
233 160 26.1813
233 230 22.3005
234 0 6.3017
234 6 3.07109
234 33 6.36331
234 40 17.9616
234 60 16.7131
234 88 3.17663
234 171 10.2967
234 202 2
234 238 8.75832
234 244 8.90828
235 0 19.2963
235 2 30.7194
235 44 24.5144
235 104 12.6787
235 127 6.93563
235 222 8.02428
235 238 34.8808
236 0 8.81264
236 29 11.7139
236 33 5.33813
236 40 10.1014
236 62 6.34129
236 82 10.3488
236 85 10.504
236 129 7.96715
236 179 10.5116
236 193 4.38575
236 214 12.2742
236 215 17.1751
237 0 17.6172
237 10 21.1816
237 67 34.0694
237 97 34.2886
237 190 33.4626
237 212 18.8151
237 218 3.70445
238 0 20.5155
238 12 3.54177
238 24 6.57128
238 30 2
238 33 5.81342
238 117 2.74546
238 153 23.8496
238 181 2
238 211 7.53117
238 216 7.12159
239 0 11.4791
239 8 7.67483
239 34 10.9307
239 69 9.32651
239 73 12.47
239 80 16.639
239 87 7.41022
239 120 5.16492
239 149 21.3186
239 206 15.3701
239 210 13.8169
239 231 17.4577
240 0 26.2332
240 14 26.4322
240 19 15.0988
240 139 23.4036
240 171 12.3511
240 195 22.8363
240 226 6.48622
240 230 13.78
240 234 23.147
241 0 7.74201
241 19 21.9243
241 54 24.318
241 104 5.19164
241 109 8.57384
241 194 2
241 244 6.11296
242 0 25.4487
242 8 19.3474
242 126 23.8741
242 156 4.07285
242 158 20.7062
242 205 18.5424
243 0 19.989
243 12 2
243 33 3.1228
243 44 3.97591
243 135 23.2255
243 205 13.1042
244 0 8.3288
244 27 24.6251
244 67 5.87274
244 69 13.0203
244 101 14.7236
244 124 20.5143
244 133 14.1466
244 199 4.08923
244 217 3.71455
245 0 2.53175
245 5 17.7
245 9 19.285
245 42 7.49519
245 76 19.2957
245 78 4.29288
245 93 18.8851
245 128 12.8521
245 142 12.2554
245 196 6.59556
245 234 2
245 238 6.95236
246 0 9.06148
246 10 10.8809
246 20 11.0796
246 33 5.86521
246 42 20.2834
246 44 2
246 92 5.40854
246 94 13.2284
246 134 23.286
246 190 6.58657
246 211 15.7918
246 239 3.3574
247 0 3.32576
247 14 2.50699
247 30 19.1821
247 68 24.9524
247 127 14.6762
247 142 32.6535
247 152 12.6031
247 229 2
248 0 38.2372
248 33 57.5393
248 44 60.0997
248 218 6.9522
249 0 23.6858
249 5 14.5294
249 8 11.5855
249 44 16.1479
249 68 11.6946
249 118 17.5942
249 139 9.64483
249 181 2.13864
249 243 7.77173
249 244 18.9279
