300 300 2400
0 0 40.1571
0 62 4.71506
0 114 32.8822
0 165 10.8887
0 204 39.4755
0 215 12.5987
0 236 24.8168
1 0 2.43635
1 3 20.1991
1 19 30.0315
1 31 17.2094
1 108 23.7145
1 130 18.0062
1 185 18.7479
1 215 21.5828
1 296 26.3589
2 0 6.96423
2 25 12.1094
2 69 4.63055
2 85 15.1999
2 88 15.4575
2 89 24.4164
2 136 12.4867
2 143 3.84547
2 185 2
2 213 20.9751
2 247 7.54547
3 0 2.58748
3 37 18.2307
3 43 6.98104
3 98 25.0138
3 119 33.028
3 178 9.94176
3 215 16.4642
3 230 19.239
3 294 15.322
4 0 8.78994
4 31 18.7982
4 43 2.31297
4 100 20.4553
4 170 17.8769
4 184 16.6747
4 242 21.1236
4 283 7.1705
5 0 4.10281
5 14 27.3618
5 28 10.4574
5 50 10.5924
5 118 7.28889
5 120 5.9529
5 136 5.85017
5 138 3.24307
5 143 11.4376
5 245 4.11736
6 0 13.0231
6 37 3.2276
6 101 29.2405
6 108 4.14921
6 114 11.4987
6 152 2
6 215 12.2748
6 275 4.87859
6 293 17.9323
7 0 2
7 8 3.35478
7 28 19.9064
7 45 3.40749
7 64 12.237
7 125 10.4874
7 132 15.3491
7 136 2
7 169 18.6772
7 182 9.04297
7 227 15.8204
7 233 2
8 0 31.6704
8 168 62.2906
8 174 80.7475
8 242 64.8233
9 0 23.4292
9 6 17.6738
9 39 8.86922
9 47 21.1038
9 78 2.93238
9 114 24.9145
9 185 24.2501
9 196 5.38207
9 226 15.9333
10 0 17.3427
10 12 11.6305
10 82 9.96205
10 93 21.6254
10 103 4.61962
10 143 10.8202
10 205 12.8976
10 206 13.7555
10 213 12.3179
10 295 7.44395
11 0 2.44795
11 23 26.915
11 31 18.0393
11 69 12.3281
11 83 5.80978
11 147 12.6629
11 158 23.1965
11 233 13.1673
11 242 16.7975
12 0 17.8638
12 12 2
12 45 10.6292
12 51 6.74203
12 68 11.0924
12 153 2.17027
12 159 15.7585
12 168 2
12 183 9.64203
12 194 16.725
12 215 21.1853
13 0 12.3969
13 45 9.8782
13 49 7.34275
13 101 16.8383
13 103 18.3169
13 138 2
13 212 15.4504
13 214 5.94956
13 273 7.5452
13 280 2.42445
13 283 19.0163
14 0 10.1529
14 1 9.1935
14 28 2.51411
14 43 29.6678
14 203 30.3465
14 222 19.7332
15 0 6.98265
15 1 4.83644
15 66 9.99869
15 71 16.5963
15 73 2
15 81 15.1212
15 114 5.52783
15 120 5.85457
15 121 3.4863
15 145 11.2205
15 169 4.66251
15 185 8.64913
15 257 6.30307
15 265 2
15 276 14.4943
16 0 8.09678
16 4 8.44809
16 47 16.7812
16 50 9.39026
16 93 26.2883
16 100 13.8045
16 252 3.26933
16 258 13.1327
16 294 24.019
16 298 16.4169
17 0 3.0937
17 1 19.7503
17 50 14.5222
17 99 4.28595
17 108 13.4991
17 130 11.9516
17 152 19.4131
17 242 6.83001
17 254 27.9559
18 0 11.9655
18 45 3.34428
18 114 8.76154
18 170 6.02098
18 178 13.3523
18 182 2
18 196 3.62103
18 215 7.346
18 221 18.582
18 242 8.18463
18 246 17.9562
19 0 7.57879
19 43 8.60927
19 45 15.7117
19 82 3.68637
19 143 14.7109
19 168 3.50985
19 192 2
19 195 21.4281
19 283 3.26171
20 0 5.7333
20 16 14.9662
20 33 13.4118
20 81 22.4302
20 128 24.8651
20 140 51.9629
20 169 13.8355
21 0 7.48878
21 16 2
21 27 2
21 39 14.7296
21 92 6.94136
21 93 17.8448
21 114 6.07995
21 128 23.7041
21 170 26.9106
21 221 2.59534
22 0 15.0569
22 10 7.13242
22 14 8.58336
22 47 4.38184
22 80 7.36798
22 82 19.7349
22 114 9.95824
22 117 2.19241
22 273 14.5751
22 286 8.99624
23 0 3.9168
23 18 20.9356
23 50 2
23 76 10.4275
23 93 5.90165
23 106 9.99286
23 138 8.98166
23 163 3.30035
23 190 4.93611
23 213 2.11598
23 220 16.2712
23 222 2.51847
23 260 18.7934
23 296 14.0769
24 0 11.4784
24 49 15.2057
24 68 9.91627
24 99 9.92356
24 118 24.7905
24 168 19.746
24 169 6.54787
24 202 16.3835
24 265 22.8921
25 0 2
25 49 21.4987
25 55 18.4698
25 127 25.3521
25 220 7.15036
25 229 3.24097
25 233 2
25 247 25.7276
26 0 6.51111
26 32 7.31698
26 56 14
26 73 9.515
26 155 3.58379
26 169 15.1071
26 178 5.90569
26 186 17.944
26 223 8.63001
26 226 3.27769
26 233 13.6897
27 0 2
27 13 13.742
27 19 3.11382
27 24 14.7431
27 45 2.98693
27 157 10.3422
27 174 19.9698
27 246 7.38979
28 0 18.5741
28 32 2.97056
28 59 22.3101
28 103 9.45374
28 191 22.344
28 214 8.22305
28 232 2
28 242 10.6506
29 0 29.9817
29 8 6.88687
29 22 11.8111
29 42 17.1713
29 43 10.898
29 92 3.72837
29 102 12.6098
29 103 7.6027
29 242 2
30 0 19.3306
30 62 25.0028
30 117 13.2082
30 242 13.8404
30 293 9.1574
31 0 23.3175
31 7 29.3998
31 14 19.995
31 34 22.218
31 108 11.9155
31 156 2
31 249 31.6679
31 287 12.8214
32 0 4.64645
32 3 5.09998
32 11 6.81997
32 23 2
32 39 8.32814
32 59 5.28775
32 111 5.23119
32 122 6.30125
32 142 10.9375
32 168 9.87577
32 206 7.11894
32 210 8.54104
32 242 13.5499
32 278 2.05437
33 0 2
33 1 13.6202
33 88 3.15718
33 103 3.15215
33 162 8.45587
33 170 23.5595
33 177 14.0539
33 221 17.0876
34 0 7.32923
34 15 2
34 93 2.90096
34 105 4.09324
34 184 4.67549
34 185 19.2188
34 192 10.27
34 213 14.7351
34 215 22.7936
34 221 8.42207
34 251 12.9686
35 0 24.3943
35 42 20.2065
35 102 14.098
35 121 13.7304
35 170 6.79714
35 190 11.9467
35 233 6.15283
35 297 22.8751
36 0 11.3559
36 99 27.6705
36 115 24.9411
36 124 2.56188
36 147 2
36 155 6.63443
36 169 12.1534
36 191 29.3846
36 230 23.3927
36 244 10.6014
37 0 15.7014
37 1 7.43234
37 43 13.757
37 73 2.9636
37 89 20.2045
37 104 4.05915
37 143 20.2615
37 152 37.6499
37 270 17.2202
38 0 6.26067
38 14 23.7636
38 26 16.1381
38 111 6.36897
38 143 9.88257
38 188 19.8747
38 202 9.42028
38 230 11.2291
38 236 11.5551
38 237 21.2766
39 0 37.3982
39 31 23.3943
39 36 23.4539
39 176 22.4474
39 242 34.2299
40 0 4.50548
40 41 13.2824
40 68 10.324
40 92 5.48866
40 136 3.75722
40 164 5.93007
40 196 14.5063
40 211 5.8151
40 240 11.2966
40 249 20.0447
40 251 2.84321
40 272 5.47347
41 0 11.7448
41 2 3.21409
41 12 12.8598
41 31 12.9986
41 49 12.7688
41 68 8.24547
41 108 2.22562
41 114 7.74971
41 189 9.33285
41 190 12.5084
41 221 6.01629
41 223 6.04106
42 0 23.4802
42 114 2.05935
42 175 12.322
42 195 3.84272
42 217 17.1242
43 0 14.6455
43 19 24.49
43 68 61.6948
43 144 16.3456
43 205 4.76964
44 0 12.5593
44 59 25.0646
44 81 38.3442
44 168 43.3138
45 0 13.459
45 92 9.21308
45 170 2.90331
45 171 6.93944
45 178 23.1311
45 244 13.4821
45 275 17.9787
46 0 8.29211
46 9 18.9899
46 32 5.81382
46 174 13.5399
46 242 23.8232
46 293 2
46 295 39.5788
47 0 52.6789
47 95 26.8341
47 205 59.5421
47 273 71.6191
48 0 15.8933
48 4 19.4031
48 8 10.3671
48 19 19.1142
48 63 2
48 76 2
48 87 21.2449
48 223 2.56366
49 0 15.0103
49 43 9.33788
49 80 19.8472
49 140 2
49 143 15.0347
49 152 11.7298
49 157 8.1001
49 161 18.9368
49 170 7.88358
49 200 3.07216
49 231 7.96605
49 242 10.3136
49 293 2
50 0 2
50 25 12.7961
50 91 20.4622
50 92 23.6833
50 102 2
50 155 8.78236
50 195 15.6537
50 202 5.15786
50 214 9.67834
50 299 5.34062
51 0 28.3572
51 24 30.1077
51 37 32.5197
51 108 3.29758
51 242 34.348
51 298 4.02438
52 0 15.6928
52 19 13.5786
52 82 20.1013
52 92 11.4934
52 165 9.56202
52 171 3.55501
52 204 13.9619
52 214 8.61197
52 244 14.002
52 258 4.12107
52 270 2
53 0 15.9417
53 32 4.86391
53 49 19.3437
53 61 13.4144
53 62 3.30193
53 111 24.0107
53 121 10.3814
53 178 15.9233
54 0 55.6538
54 63 35.1215
54 235 25.7229
55 0 11.0829
55 1 6.58405
55 89 30.6941
55 235 10.8041
55 237 31.6898
55 273 18.3687
55 278 5.34146
55 292 11.3944
56 0 9.47288
56 56 8.99868
56 113 2.58491
56 224 10.8008
56 242 4.01976
56 255 28.8011
56 286 37.1398
57 0 10.2418
57 1 2.09295
57 12 10.4474
57 19 10.8117
57 47 18.9598
57 71 15.4705
57 89 21.1936
57 138 11.3234
57 168 10.28
57 194 4.67188
57 273 17.2496
58 0 3.94833
58 23 5.60461
58 24 18.4602
58 44 2.22528
58 71 10.6907
58 76 13.4339
58 108 15.9998
58 118 10.365
58 152 2
58 215 4.04843
58 221 3.33702
58 227 3.63625
58 265 9.48349
58 286 11.9695
58 297 11.7938
59 0 18.4829
59 50 13.0959
59 113 10.2774
59 136 5.41089
59 221 26.6613
59 244 24.7101
59 273 5.09827
60 0 3.71444
60 78 15.0806
60 87 19.2297
60 113 2.33128
60 170 3.12442
60 190 15.8549
60 205 10.6396
60 230 4.75489
60 234 24.0641
60 244 3.02597
60 286 11.5827
60 292 5.4409
61 0 40.7697
61 16 14.1307
61 45 45.7039
61 53 4.54833
61 209 37.3726
62 0 2.63625
62 21 15.1436
62 56 3.90186
62 72 11.72
62 99 18.2666
62 103 12.9728
62 140 12.938
62 222 14.2514
62 242 2
62 276 2.46104
63 0 28.9397
63 27 15.2513
63 31 27.7115
63 50 14.2876
63 108 6.79002
63 127 2
63 133 13.6716
63 174 26.036
63 223 12.3462
63 233 2
64 0 8.35886
64 10 13.5119
64 19 4.5616
64 52 2
64 61 3.47826
64 70 4.54534
64 76 8.08681
64 113 2
64 130 7.02444
64 136 4.43826
64 143 2.30437
64 158 5.13997
64 206 6.78027
64 290 2
65 0 5.88691
65 170 17.662
65 177 23.5422
65 215 11.8895
65 223 12.9048
65 230 5.32096
65 271 12.8168
65 290 8.38904
65 297 17.1212
66 0 17.6764
66 92 25.5454
66 114 24.5455
66 168 12.3898
66 174 20.5486
66 205 14.0151
66 265 17.2273
67 0 17.3766
67 24 4.59412
67 37 13.8114
67 47 16.3796
67 89 3.52959
67 111 12.0048
67 143 5.45955
67 164 16.3478
67 232 9.05269
67 247 2
67 275 13.9263
67 287 15.6429
68 0 7.31195
68 19 5.53933
68 23 13.8824
68 62 12.9399
68 100 13.2575
68 113 3.68476
68 143 12.1885
68 245 3.00323
68 247 2
68 294 27.9783
69 0 6.10152
69 28 13.04
69 47 45.702
69 93 15.1053
69 143 29.3042
69 172 28.5286
70 0 16.9204
70 27 13.7312
70 31 18.4658
70 159 11.8606
70 162 19.8428
70 164 14.9288
70 183 3.48113
70 202 8.58146
70 223 5.27434
70 297 3.63956
71 0 11.2387
71 185 24.0922
71 195 3.06661
71 215 38.3104
71 242 20.8745
72 0 11.1461
72 31 2.21061
72 43 16.2358
72 93 9.46516
72 114 8.03616
72 127 2
72 178 13.3152
72 198 14.6073
72 227 4.94633
72 292 2
72 297 14.4918
73 0 5.43161
73 33 22.32
73 56 32.7861
73 170 4.13601
73 206 2
73 298 25.231
74 0 9.12812
74 50 9.12828
74 72 32.4691
74 88 4.44667
74 114 20.6485
74 152 12.4077
74 168 9.60191
74 215 17.7238
74 259 3.58399
75 0 20.8408
75 23 2
75 33 12.3538
75 49 21.5408
75 143 8.52129
75 155 19.4273
75 242 16.4576
75 258 4.016
76 0 29.0682
76 41 9.72988
76 50 2.11874
76 52 2.42737
76 88 2.23811
76 109 9.31916
76 117 11.1369
76 121 11.7934
76 205 14.4601
76 209 13.6685
77 0 6.02522
77 33 17.9367
77 103 20.1101
77 113 14.7951
77 118 15.6552
77 173 22.6737
77 187 17.642
77 227 4.90304
77 261 13.9139
77 263 13.6859
77 272 14.2368
78 0 12.2094
78 8 3.96758
78 34 10.8007
78 74 12.1982
78 78 25.8575
78 114 12.2528
78 143 6.75705
78 150 3.11605
78 185 22.0917
78 220 4.68651
78 259 17.5453
79 0 2
79 42 4.03377
79 43 8.18546
79 72 32.285
79 115 14.6717
79 128 15.8075
79 169 19.8451
79 210 22.164
79 211 5.881
80 0 6.2774
80 68 10.2471
80 71 26.8235
80 114 15.7504
80 152 15.0946
80 168 22.358
80 213 8.38939
80 287 3.04137
81 0 4.67243
81 19 11.8622
81 31 4.44493
81 62 8.23497
81 78 13.6333
81 127 2
81 168 13.2655
81 201 7.10065
81 210 2.52892
81 245 5.92186
81 288 9.63783
81 293 11.9231
82 0 17.9095
82 53 10.4424
82 111 8.64205
82 155 22.2006
82 200 16.7051
82 221 2
82 246 27.0485
82 295 16.4949
83 0 16.2442
83 14 10.2158
83 24 19.5062
83 31 2
83 40 2
83 150 3.21022
83 222 11.4108
83 223 22.5779
83 242 2.07825
83 247 17.1074
83 258 9.95909
84 0 2
84 3 2
84 17 12.1953
84 22 5.69091
84 39 14.1977
84 59 2.42293
84 80 14.6769
84 92 13.4289
84 114 6.08602
84 130 13.7864
84 147 19.5164
84 185 14.355
84 221 12.9742
85 0 11.2344
85 19 2.95368
85 37 3.80647
85 76 7.57477
85 198 3.9801
85 227 14.8407
85 273 34.4205
86 0 5.58033
86 25 3.02585
86 93 7.29427
86 100 10.2914
86 114 6.3217
86 174 2
86 198 7.06288
86 223 5.02655
86 242 2.11699
86 277 2
86 295 9.14019
86 297 14.7177
86 298 15.4716
87 0 13.6885
87 78 13.4194
87 114 18.3566
87 170 32.379
87 193 9.61715
87 194 33.2866
87 259 9.73752
88 0 7.08003
88 16 2
88 17 2.10874
88 34 37.1563
88 255 17.2451
88 282 14.9562
88 292 10.0266
89 0 18.8843
89 10 12.2349
89 30 26.8946
89 32 5.54703
89 36 14.8024
89 76 2.06268
89 114 9.93733
89 157 18.473
89 230 10.9859
90 0 14.7566
90 39 6.16884
90 49 10.2106
90 110 19.8332
90 162 28.7358
90 170 21.608
90 176 16.6354
90 268 2.47865
90 298 5.11473
91 0 40.1924
91 32 8.8006
91 100 5.02684
91 185 4.81177
91 193 8.94505
92 0 45.0288
92 128 44.3004
92 138 25.4893
92 143 28.2708
92 195 15.6281
92 198 29.7708
93 0 2.88446
93 3 13.0258
93 19 6.76547
93 76 3.96023
93 151 8.71551
93 201 15.5357
93 219 5.9047
93 233 15.1683
93 295 16.4911
93 297 8.65735
94 0 27.5737
94 45 64.4019
94 205 26.2301
94 206 17.4138
94 214 16.6165
95 0 18.6249
95 10 5.66776
95 28 15.3533
95 108 16.5313
95 117 3.8521
95 136 4.0591
95 147 5.00346
95 197 4.07132
95 215 3.70177
95 243 7.64586
95 275 13.2091
96 0 22.3057
96 61 19.8186
96 89 19.9237
96 108 34.7565
96 143 8.34157
96 147 13.8465
96 265 22.6128
96 275 17.6424
97 0 32.0454
97 127 25.8816
97 143 12.4579
97 168 17.9911
97 174 5.57055
97 202 18.1821
97 242 16.6556
97 246 14.0165
97 275 10.2345
98 0 7.90224
98 34 22.5836
98 50 11.8384
98 76 19.51
98 205 10.5435
98 220 5.62379
98 242 17.5863
98 254 14.4287
98 258 2.19638
98 294 2.81035
99 0 6.72992
99 33 8.60743
99 78 12.17
99 218 26.4998
99 242 17.3916
99 243 14.1778
99 252 12.2236
99 276 5.93044
99 295 19.2193
100 0 3.96099
100 1 5.76486
100 37 5.33825
100 111 14.7066
100 114 6.51607
100 128 9.74976
100 131 9.52709
100 136 5.998
100 157 9.01795
100 161 2
100 177 5.64089
100 178 10.4303
100 185 13.7539
100 187 14.2271
100 296 3.42334
101 0 4.89929
101 50 6.15235
101 61 8.47142
101 127 7.20143
101 143 3.75429
101 162 11.4229
101 183 14.9107
101 192 14.2455
101 197 4.19794
101 200 6.55334
101 242 10.3986
101 252 2
101 296 7.22724
102 0 2
102 10 2
102 45 4.49683
102 64 7.90376
102 92 2
102 102 10.9067
102 108 11.4332
102 114 7.84199
102 152 13.2797
102 177 2
102 200 12.0258
102 215 7.19753
102 285 13.5209
102 288 14.4779
103 0 15.6797
103 16 24.3574
103 76 9.81842
103 246 4.48963
103 259 18.1506
103 277 10.1824
103 287 5.80677
103 293 2.08315
104 0 2
104 8 2
104 17 22.4699
104 82 4.5663
104 178 15.0664
104 215 23.3617
105 0 74.3755
105 10 40.8451
105 16 33.5907
105 214 11.2492
106 0 11.7861
106 37 4.67592
106 45 4.154
106 50 24.4158
106 92 5.43905
106 187 22.7072
106 223 29.9358
106 298 5.82227
107 0 13.5032
107 3 10.3588
107 39 14.565
107 127 6.30121
107 143 11.1833
107 198 13.5964
107 213 10.7206
107 222 10.3394
107 228 6.5064
107 246 2
107 247 25.9682
107 261 9.10969
107 273 15.5907
108 0 10.785
108 132 5.77629
108 144 7.33399
108 149 2
108 150 18.9076
108 196 11.789
108 198 9.94353
108 219 4.28075
108 245 5.07262
108 279 9.89314
109 0 15.0506
109 8 17.7816
109 99 10.7857
109 206 28.3052
109 212 18.6808
109 215 19.8364
109 228 4.45474
109 235 4.95154
109 245 14.6801
109 293 2
110 0 31.7061
110 178 7.6497
110 193 21.1518
110 213 20.781
110 215 34.5411
110 235 20.5909
110 251 21.1427
110 281 6.83542
110 298 2
111 0 26.1223
111 19 34.2416
111 50 26.1616
111 92 29.7553
111 169 17.3444
111 174 2.31535
111 176 6.1505
112 0 6.41793
112 63 3.48528
112 89 10.3061
112 92 5.629
112 200 22.943
112 232 18.308
112 270 20.8707
112 272 9.36265
112 273 5.00452
112 293 7.50245
113 0 27.4079
113 36 2.29963
113 138 44.2451
113 213 4.4389
113 265 41.1385
114 0 18.4111
114 19 26.1299
114 37 4.86841
114 42 2.44508
114 63 10.0407
114 193 2
114 220 31.658
114 250 23.3964
115 0 21.7013
115 11 2.3206
115 89 15.2024
115 147 6.51986
115 174 12.9519
115 196 15.1274
115 200 6.79013
115 222 14.1346
115 242 2
115 246 12.6955
115 273 2
116 0 22.3334
116 43 8.27302
116 47 18.9263
116 92 6.54212
116 147 18.278
116 155 2
116 157 16.5501
116 207 11.3664
116 212 9.41537
116 215 7.68731
116 250 2
117 0 13.0811
117 127 55.3301
117 220 36.1312
117 221 30.4944
117 261 51.1409
118 0 4.58839
118 3 11.6609
118 16 10.3699
118 31 2
118 43 17.3819
118 162 16.2142
118 171 9.35093
118 219 8.0117
118 230 13.8336
118 235 4.77783
118 246 19.8219
119 0 4.86114
119 53 5.93634
119 60 6.08514
119 63 3.41435
119 72 5.95984
119 76 14.1852
119 103 4.29717
119 113 7.66119
119 138 7.24129
119 161 17.4105
119 194 2
119 199 2
119 226 5.61882
119 246 12.6421
119 273 7.91234
119 288 8.07535
119 296 5.26672
120 0 17.2856
120 22 22.2801
120 47 19.311
120 56 13.2898
120 66 27.1605
120 162 7.886
120 204 13.5405
120 295 8.08996
121 0 3.20523
121 22 11.1862
121 39 15.1202
121 41 3.51765
121 114 13.3776
121 136 5.56997
121 162 20.5288
121 176 31.5399
121 214 16.8369
122 0 60.2476
122 39 47.6574
122 76 36.6479
122 113 9.74014
123 0 13.971
123 5 3.52711
123 8 10.6621
123 66 5.55461
123 92 7.48118
123 188 8.54642
123 227 10.3373
123 229 5.65989
123 242 2.12574
123 292 16.1322
124 0 15.6521
124 147 23.9185
124 168 26.226
124 174 26.512
124 189 15.4032
124 233 18.7809
124 254 10.1882
124 272 7.39119
125 0 18.307
125 4 22.8891
125 39 6.96425
125 43 2.98798
125 60 5.50052
125 76 4.83577
125 144 8.25923
125 198 6.07756
125 200 13.4249
125 220 17.3114
125 265 4.35429
126 0 11.0283
126 69 21.7003
126 102 15.3405
126 114 7.84579
126 201 5.43191
126 211 18.492
126 223 19.0237
126 242 5.69439
126 245 25.0693
126 273 2
127 0 21.6091
127 34 6.84578
127 50 23.1081
127 88 15.7866
127 195 9.6075
127 206 27.1896
127 286 12.6204
127 296 2
127 298 13.4312
128 0 16.0381
128 22 15.9609
128 69 14.6415
128 103 8.36757
128 108 2
128 138 12.2901
128 147 2
128 148 6.63929
128 195 6.18649
128 294 9.61024
129 0 12.8502
129 26 7.37517
129 72 5.43342
129 108 11.0101
129 110 2.62529
129 114 6.01366
129 187 3.44875
129 228 7.55262
129 242 6.16582
129 265 11.4037
130 0 23.736
130 19 2
130 81 2
130 174 7.63655
130 188 9.93245
130 272 8.09211
130 275 5.41248
130 283 8.51997
130 299 13.3906
131 0 31.9641
131 15 12.7877
131 18 30.6651
131 37 17.1989
131 78 28.2924
131 195 12.9213
131 259 6.60884
131 287 2
132 0 4.113
132 39 11.793
132 50 27.4817
132 51 10.8225
132 127 10.9316
132 197 26.8655
133 0 21.2841
133 41 16.6756
133 50 11.5197
133 93 32.0752
133 132 3.30553
134 0 13.1952
134 37 5.45139
134 45 12.041
134 66 14.2772
134 100 2
134 108 6.68599
134 114 6.09005
134 198 22.049
134 219 2
134 258 9.70784
134 280 4.1896
135 0 4.69175
135 19 3.07863
135 27 13.8799
135 60 10.5252
135 69 5.12051
135 87 13.0743
135 109 9.11596
135 114 8.32214
135 136 15.7777
135 150 14.822
135 185 2.81761
135 198 7.04593
135 205 8.92692
136 0 14.3161
136 51 2.60319
136 53 20.7197
136 98 8.18244
136 141 19.8254
136 162 4.72002
136 166 11.4424
136 173 6.51557
136 221 13.1428
136 222 7.30584
136 242 10.6947
136 287 7.94467
136 294 2.31769
137 0 7.89604
137 34 2.07686
137 49 8.68177
137 108 13.0855
137 142 15.8236
137 207 4.59337
137 219 3.91085
137 239 3.33094
137 247 2.60039
137 278 11.8475
137 292 9.0505
137 293 19.7629
138 0 2.40952
138 31 14.9641
138 41 21.6652
138 178 12.4976
138 185 16.291
138 200 6.43549
138 215 4.44508
138 230 8.28136
138 251 6.52335
139 0 12.1718
139 62 8.75961
139 76 2
139 130 11.5988
139 212 12.7624
139 259 14.9923
139 277 19.3127
139 292 3.30543
140 0 14.0177
140 2 26.5723
140 24 17.098
140 37 10.0354
140 89 15.7637
140 176 3.88311
140 233 3.16238
140 241 18.0024
140 274 4.03173
141 0 2
141 50 14.3191
141 66 25.7784
141 73 12.0531
141 108 6.32901
141 181 6.89739
141 198 10.7924
141 246 2
141 258 14.0049
141 283 16.1068
142 0 11.9451
142 19 31.6509
142 102 14.567
142 117 15.6123
142 136 10.552
142 236 8.81445
142 245 13.4859
143 0 6.96666
143 36 2
143 43 15.9663
143 81 32.2344
143 114 21.6726
143 214 4.73268
143 221 11.4066
143 275 2.34968
144 0 11.2773
144 36 17.3
144 43 31.5631
144 50 21.3185
144 92 2
144 93 18.9178
144 173 6.21497
144 212 11.5951
145 0 10.1788
145 19 22.627
145 45 11.045
145 92 10.224
145 209 28.2902
145 275 9.60716
145 292 2
146 0 9.5478
146 4 25.1672
146 19 27.199
146 37 17.4148
146 43 26.266
146 157 2
146 230 5.23344
146 294 2
147 0 5.62771
147 1 13.2494
147 19 24.3993
147 68 7.9361
147 76 19.2924
147 221 34.3139
147 298 28.16
148 0 18.9851
148 42 15.8503
148 78 10.4417
148 92 11.5427
148 116 11.8691
148 198 26.6851
148 200 10.5254
148 223 3.44478
148 230 2
148 244 2.44218
148 287 5.9188
148 296 12.9418
149 0 7.58254
149 53 13.7717
149 95 10.6571
149 177 2.74697
149 183 9.40153
149 215 6.22355
149 235 7.92787
149 259 7.31203
149 275 8.02458
149 283 12.8261
149 287 7.3896
149 296 2
150 0 2.18585
150 71 14.3832
150 82 8.5169
150 101 8.26323
150 200 11.7898
150 230 4.9032
150 244 17.214
150 261 2
150 273 15.826
151 0 12.5418
151 6 25.1285
151 43 2
151 60 4.1727
151 135 15.5872
151 148 20.222
151 161 9.39369
151 168 4.41255
151 202 24.7255
151 264 10.2604
152 0 19.8722
152 49 6.94728
152 99 22.3217
152 113 14.2577
152 121 10.2135
152 127 9.31081
152 136 7.40046
152 221 6.42048
152 257 2.98859
152 287 22.1472
153 0 2
153 10 18.7538
153 47 5.24229
153 73 15.5538
153 187 2
153 199 27.4175
153 221 15.6525
153 223 18.0392
153 232 10.9441
153 285 2.22238
154 0 25.9819
154 14 18.8092
154 99 4.71243
154 214 35.4427
154 223 3.93988
154 245 2
154 294 10.2796
155 0 20.6616
155 14 12.3311
155 43 2
155 80 5.46782
155 114 3.01816
155 161 2
155 164 2.35147
155 227 20.0511
155 247 2
155 292 15.2208
156 0 49.3353
156 36 69.144
156 235 57.2668
156 266 43.1961
157 0 11.7798
157 129 46.3917
157 215 30.5881
157 221 35.5235
157 244 22.3371
158 0 17.9375
158 23 9.13323
158 68 22.4541
158 92 22.7368
158 113 9.43808
158 131 18.184
158 174 6.67356
158 200 2
158 215 2.0227
158 223 21.6639
158 244 11.5505
159 0 34.9387
159 17 12.8543
159 32 21.7492
159 42 8.42923
159 164 14.8316
159 215 4.3093
159 283 9.49361
159 287 19.3702
160 0 5.58218
160 63 15.2041
160 95 31.9742
160 113 9.68686
160 127 15.8693
160 143 19.7955
160 173 2.9993
160 174 5.81505
160 221 16.7541
161 0 24.4011
161 42 13.6625
161 50 25.9917
161 92 2
161 127 13.8342
161 183 2.56004
161 212 22.5417
161 223 10.0575
162 0 12.5373
162 14 9.73396
162 16 8.54297
162 22 19.6032
162 40 3.82911
162 63 11.5436
162 68 5.27017
162 77 3.81731
162 92 17.0652
162 162 2
162 214 13.464
162 265 12.1031
163 0 225.938
163 202 67.6865
164 0 4.24055
164 2 5.04694
164 109 21.599
164 121 2.16712
164 127 7.63422
164 165 3.27601
164 199 17.3597
164 204 12.1266
164 227 16.3036
164 265 7.71684
164 281 9.16034
165 0 13.2495
165 105 3.00551
165 106 14.3853
165 202 11.3571
165 204 6.969
165 215 3.01908
165 233 15.6563
165 249 25.6167
165 287 2.23486
165 299 4.43223
166 0 2
166 14 10.9924
166 22 7.59775
166 30 20.3628
166 31 4.95422
166 43 13.0993
166 62 6.78196
166 165 3.4544
166 188 8.23248
166 244 2
166 277 13.8403
166 290 7.87228
167 0 2.47874
167 33 41.88
167 50 17.2271
167 78 8.53085
167 100 12.8491
167 244 14.1707
168 0 8.3722
168 7 6.87179
168 10 5.03158
168 19 6.33877
168 20 4.58572
168 31 5.87494
168 42 2.49036
168 68 2
168 120 11.8269
168 135 10.1958
168 165 6.47268
168 185 2.198
168 223 9.89575
168 246 2
168 283 2
168 287 9.53921
169 0 5.83236
169 19 6.42171
169 25 7.12384
169 36 9.21921
169 78 23.0214
169 100 18.0716
169 165 3.5062
169 199 5.84828
169 215 18.186
169 235 3.34091
169 254 10.9609
169 275 3.59769
170 0 40.4786
170 48 35.3123
170 233 86.7449
171 0 2
171 11 14.1263
171 31 13.8066
171 34 7.75307
171 50 8.70173
171 82 5.9909
171 89 5.58853
171 93 23.742
171 246 17.0949
171 271 2.02875
171 294 17.5409
172 0 16.9569
172 43 13.9851
172 66 18.538
172 73 2.5435
172 78 6.86368
172 165 6.92122
172 215 23.908
172 230 8.59373
172 242 14.7518
173 0 2.93776
173 17 24.5444
173 43 2.39386
173 99 19.8367
173 127 11.7513
173 153 7.07958
173 244 13.1409
173 246 6.57722
173 273 19.7135
173 275 3.41279
173 278 4.4001
174 0 23.1343
174 11 14.1247
174 21 31.9471
174 152 15.153
174 153 2
174 185 13.853
174 202 34.3411
174 222 12.4521
175 0 44.4077
175 59 37.1619
175 102 38.7782
175 165 2.19016
175 188 24.7643
175 239 14.0986
175 276 10.1196
176 0 24.1076
176 74 60.0022
176 164 25.0214
176 221 35.3672
177 0 26.0457
177 93 8.56279
177 118 6.78116
177 136 35.6585
177 188 42.0987
177 208 9.24607
178 0 3.53688
178 22 3.66682
178 39 2
178 73 12.5141
178 103 3.38689
178 111 2
178 113 2
178 127 11.7956
178 152 7.78458
178 174 10.4739
178 193 4.83308
178 205 2
178 222 2.30684
178 230 3.39294
178 259 5.39945
178 292 2
178 293 2
179 0 21.3569
179 10 21.8565
179 61 18.9007
179 95 9.24366
179 161 18.4115
179 205 6.41642
179 242 3.45419
179 269 3.46107
179 272 15.6752
180 0 5.59293
180 16 16.4228
180 22 2.26192
180 34 12.344
180 68 12.6075
180 78 15.0001
180 99 17.2764
180 100 2
180 223 5.35445
180 254 10.4773
180 278 11.9853
181 0 21.2149
181 20 4.36393
181 39 14.4671
181 78 14.1525
181 101 3.58663
181 114 19.7524
181 129 24.6014
181 164 3.18928
181 173 4.84744
181 268 22.1843
182 0 133.636
182 6 57.0679
182 114 47.7534
183 0 2
183 54 3.97719
183 92 16.222
183 143 9.75846
183 165 21.8015
183 178 17.6136
183 230 16.7037
183 232 32.7516
184 0 2.03079
184 15 10.1543
184 100 14.8109
184 114 4.57247
184 174 25.1197
184 205 6.94975
184 206 14.6938
184 242 13.8523
185 0 12.6406
185 19 17.8013
185 23 6.07373
185 67 7.29331
185 93 19.089
185 114 2.41797
185 127 22.0475
185 223 2.01772
185 284 19.7925
186 0 6.14002
186 28 5.0023
186 59 19.1017
186 66 26.1907
186 127 6.12457
186 143 8.21467
186 209 6.25264
186 215 25.1412
186 220 2
186 242 13.1716
186 276 2
187 0 144.84
187 140 37.306
187 206 98.6624
188 0 7.25546
188 7 9.78517
188 8 9.82396
188 37 11.0526
188 43 2
188 62 7.83406
188 108 14.6665
188 117 13.3069
188 157 3.54983
188 170 10.9392
188 197 2.00185
188 242 2
188 246 10.2788
189 0 19.3421
189 41 12.4672
189 51 12.23
189 55 3.33755
189 71 9.37953
189 178 9.53853
189 210 6.03389
189 283 12.4577
189 295 24.9861
190 0 18.4205
190 45 32.2316
190 66 6.95879
190 90 24.7975
190 138 10.6878
190 223 12.3585
190 242 30.324
191 0 17.2143
191 1 26.6759
191 21 10.6721
191 127 16.305
191 170 11.1544
191 206 11.513
191 242 28.9941
191 287 14.2052
192 0 29.3293
192 21 17.6347
192 50 2
192 62 10.7135
192 157 7.25066
192 227 11.2699
192 258 4.07177
192 270 21.6395
192 278 6.49801
193 0 4.6774
193 63 32.3887
193 233 26.5129
193 244 46.1857
193 272 36.6839
193 273 25.879
194 0 21.1429
194 1 29.4234
194 32 7.17009
194 50 5.54284
194 191 21.0121
194 198 16.253
194 200 25.0686
194 246 25.2664
194 296 2.11696
195 0 19.6184
195 114 24.5558
195 162 61.9891
195 233 5.96535
195 272 22.7956
196 0 62.9865
196 127 3.83757
196 162 64.2868
196 293 45.4256
197 0 21.5762
197 114 29.2893
197 168 22.3839
197 187 17.1988
197 215 49.5465
197 242 6.58264
197 243 30.3292
198 0 23.2884
198 1 15.4749
198 50 11.7084
198 68 14.5023
198 72 25.3656
198 183 2
198 215 16.3443
198 258 27.9083
199 0 9.24153
199 50 35.7096
199 114 28.7347
199 127 14.5827
199 203 20.7141
200 0 23.6795
200 8 5.21217
200 43 10.0613
200 44 10.3799
200 169 22.1654
200 196 5.00884
200 200 14.5785
200 219 12.2078
200 273 25.7452
200 287 5.94818
200 294 15.0883
201 0 14.3064
201 8 5.14668
201 24 23.2678
201 68 18.5816
201 108 23.6971
201 114 7.51554
201 181 10.6815
201 204 5.83789
201 210 10.9716
201 223 4.77747
201 273 12.7153
202 0 10.0436
202 21 8.69441
202 31 9.41839
202 66 15.7502
202 100 4.94597
202 108 13.8168
202 135 14.5436
202 145 4.95968
202 173 15.3458
202 204 2
203 0 51.5142
203 11 11.6774
203 42 9.99687
203 101 15.299
203 252 4.87759
203 292 2.30027
203 298 32.5333
204 0 13.1281
204 1 7.81898
204 90 5.73255
204 116 13.6071
204 192 30.3882
204 272 2
204 277 20.4352
204 278 12.4315
204 289 24.9407
205 0 2.8768
205 19 19.1194
205 63 15.4793
205 102 3.78792
205 106 3.29524
205 117 25.7388
205 157 16.2595
205 223 23.8648
205 255 12.6482
206 0 7.95193
206 33 7.65609
206 37 10.652
206 143 12.2631
206 178 10.935
206 278 20.2172
206 292 19.3655
207 0 31.7525
207 31 4.10015
207 199 12.9293
207 205 26.0122
207 213 7.61083
207 223 32.3377
207 254 11.6794
207 273 25.8015
208 0 7.64456
208 25 31.0078
208 42 14.3675
208 125 8.8196
208 168 25.5701
208 206 14.5965
208 223 14.2469
208 244 33.4657
208 265 19.4633
209 0 7.56562
209 19 12.7342
209 76 20.8573
209 92 2
209 108 11.4313
209 135 2
209 140 9.13122
209 143 22.1669
209 152 2.08237
209 165 7.95969
209 198 15.2183
209 285 5.30268
210 0 18.3956
210 8 17.6812
210 32 26.5324
210 76 29.0686
210 121 2.26809
210 127 13.9697
210 292 9.14676
210 293 16.1561
210 294 7.79137
210 297 7.04842
211 0 5.50171
211 19 4.60204
211 49 20.3373
211 78 17.1194
211 108 11.953
211 135 2
211 155 19.2372
211 181 7.25731
211 204 11.8486
211 212 23.0625
211 226 2.37062
212 0 19.5171
212 22 6.98859
212 50 10.6762
212 61 5.16546
212 77 4.44688
212 92 3.86229
212 136 8.18991
212 143 7.03804
212 197 5.19807
212 198 4.35036
212 216 6.72927
212 220 3.49655
212 293 15.8116
213 0 11.4839
213 9 4.03817
213 41 22.8495
213 108 3.72368
213 113 24.7236
213 114 6.31228
213 174 14.0731
213 239 8.98453
213 247 4.46745
213 261 19.3177
214 0 32.7605
214 62 19.4723
214 127 29.2024
214 168 32.6043
215 0 11.0611
215 8 2.93391
215 10 2.52958
215 11 14.1107
215 33 14.0618
215 80 23.3499
215 102 22.7408
215 113 2
215 145 24.5128
216 0 7.95358
216 20 29.5997
216 76 8.41332
216 81 41.2365
216 141 22.9057
216 164 17.6179
217 0 40.3472
217 19 14.5122
217 21 2
217 32 9.0252
217 117 23.0218
217 138 12.6015
217 215 21.1685
218 0 23.7
218 77 10.7348
218 87 25.1787
218 165 9.1372
218 185 7.96121
218 194 24.7548
218 242 15.558
218 246 5.68573
219 0 13.2597
219 16 34.2627
219 43 28.5607
219 80 2.17163
219 93 8.12917
219 114 3.93213
219 128 4.23243
219 223 6.51452
219 229 4.67474
219 276 7.88696
220 0 14.691
220 14 4.69295
220 76 17.1663
220 78 2
220 100 11.516
220 160 20.1673
220 162 12.3883
220 164 2
220 168 5.30836
220 205 15.4215
220 219 17.3901
221 0 17.1052
221 14 2
221 19 9.21737
221 22 36.0258
221 56 11.3199
221 164 31.3213
221 170 7.38681
221 295 2
222 0 9.19187
222 10 2.3056
222 25 5.13465
222 102 4.74153
222 113 12.5835
222 145 9.42328
222 242 12.9161
222 259 5.06083
222 277 14.18
222 293 15.2971
223 0 2.20536
223 7 19.782
223 103 18.0128
223 117 8.85281
223 205 24.7205
223 293 3.14316
223 299 4.06032
224 0 32.1295
224 32 2.14294
224 41 28.3304
224 100 47.5336
224 145 5.2698
224 233 20.6814
225 0 16.0134
225 37 26.1139
225 62 21.7765
225 114 12.8821
225 198 2.00109
225 206 26.3084
225 207 6.80795
225 230 23.7775
225 283 12.1833
226 0 12.2275
226 100 10.0452
226 174 22.2228
226 215 9.37907
226 220 21.4743
226 234 28.6385
226 240 8.96696
226 273 15.0178
226 296 16.285
227 0 31.4841
227 44 11.9148
227 68 31.2124
227 130 2
227 201 12.4372
227 289 16.6924
228 0 22.5759
228 47 22.4842
228 51 2.00303
228 110 2.30841
228 135 2.7769
228 168 19.2502
228 205 15.5272
228 277 23.1296
228 294 15.2224
229 0 9.10132
229 20 19.5668
229 43 15.2903
229 50 2.82317
229 61 22.3468
229 99 20.8846
229 118 6.07448
229 131 21.8604
229 153 16.2125
229 171 11.6139
229 237 6.87389
230 0 2
230 102 29.5049
230 157 32.4997
230 161 7.34225
230 176 18.6314
230 188 29.6452
230 198 30.633
231 0 16.4876
231 8 2
231 30 4.2051
231 47 5.50616
231 50 15.6436
231 174 7.55992
231 237 4.96256
231 261 2.88208
231 276 26.8031
231 293 11.4037
231 294 12.7081
232 0 2
232 108 2.1317
232 152 2.94235
232 178 20.124
232 211 19.2112
232 236 37.2
232 287 13.8709
232 293 21.4854
233 0 10.1978
233 76 3.11811
233 127 12.6471
233 155 19.2596
233 182 13.2484
233 208 27.5179
233 294 8.75629
234 0 17.9671
234 22 21.3007
234 72 4.09586
234 117 20.2037
234 177 9.79055
234 223 20.5152
234 242 25.6665
234 292 7.99529
235 0 28.8405
235 23 6.79129
235 72 24.6164
235 73 13.0451
235 125 6.82716
235 127 13.2968
235 197 3.94517
235 227 12.2971
236 0 9.3528
236 16 2.04786
236 23 5.99683
236 39 12.9967
236 99 12.4549
236 113 11.4488
236 114 12.9163
236 117 5.99388
236 260 24.4265
236 285 15.7801
237 0 6.03354
237 168 20.8398
237 185 14.4287
237 221 26.2339
237 259 16.7927
238 0 2
238 16 5.50211
238 64 3.42687
238 91 9.6028
238 92 17.214
238 127 2.22345
238 152 15.8894
238 157 10.2099
238 178 5.53518
238 185 2
238 258 4.14503
238 265 12.4666
238 273 10.6716
239 0 23.4323
239 68 2.01761
239 94 12.3178
239 209 21.7104
239 220 11.1737
239 223 22.7502
239 278 22.7636
239 293 16.9357
240 0 8.37618
240 49 2
240 76 20.8157
240 92 18.0534
240 165 22.6691
240 200 10.3601
240 214 3.86882
240 242 17.4298
240 244 11.4626
240 245 2.34683
240 261 16.1626
241 0 16.4687
241 100 15.5039
241 127 2.46887
241 148 19.698
241 209 2
241 210 3.3326
241 227 18.3184
241 252 5.49649
241 297 5.50149
241 298 5.40861
242 0 5.18352
242 27 4.84653
242 77 6.66926
242 122 14.9171
242 127 20.8769
242 140 9.33591
242 183 13.8101
242 230 14.3184
242 244 15.3279
242 269 14.8724
242 298 2
243 0 8.20503
243 66 13.621
243 78 10.4053
243 125 13.0079
243 157 2.60662
243 165 16.8838
243 176 15.8764
243 230 11.9903
243 273 4.6983
243 284 6.54105
243 293 8.36328
244 0 33.9773
244 63 27.1639
244 92 54.5736
244 102 9.33838
244 277 62.4794
245 0 13.0814
245 10 2
245 32 4.24184
245 36 2.99921
245 49 16.1504
245 50 7.3731
245 80 11.7555
245 92 13.3579
245 100 4.84886
245 235 13.9316
245 252 2
245 272 10.0686
245 274 9.96184
245 294 12.2062
246 0 14.7878
246 41 22.3704
246 47 4.32348
246 77 2
246 91 8.03454
246 103 24.6533
246 105 20.3284
246 221 21.8579
246 277 23.3436
247 0 12.6449
247 8 17.8845
247 19 14.4797
247 50 8.51301
247 63 2
247 113 18.0391
247 143 21.8355
247 147 2.28969
247 242 19.3781
247 272 19.5474
248 0 19.0473
248 1 23.1326
248 8 21.3778
248 10 13.8394
248 135 19.4651
248 214 17.0988
248 215 46.5492
248 242 16.3446
249 0 5.40889
249 19 2
249 127 9.61706
249 133 11.8283
249 168 4.94333
249 185 4.19638
249 210 7.50547
249 215 4.55982
249 220 11.2988
249 221 11.265
249 272 2.04564
249 278 11.7
249 298 5.44772
250 0 7.58256
250 34 8.95309
250 59 7.62115
250 61 2
250 63 2
250 68 3.82948
250 80 2.99014
250 102 12.0175
250 109 15.1407
250 138 5.84059
250 147 8.26925
250 198 7.97433
250 205 5.54731
250 209 5.08675
250 215 12.1515
250 284 6.86565
251 0 68.142
251 50 21.1986
251 78 34.0075
251 200 36.6063
252 0 2
252 103 35.1311
252 108 19.7703
252 197 18.4121
252 232 21.4238
252 245 41.2704
252 272 2
253 0 7.8909
253 41 21.5128
253 45 2.15206
253 92 18.4789
253 93 17.0926
253 136 12.6858
253 196 23.8216
253 213 9.59649
253 292 13.3996
254 0 10.9102
254 1 12.2558
254 11 2.35831
254 25 11.1755
254 68 13.4793
254 124 2.0995
254 125 6.64086
254 161 8.38017
254 162 4.81221
254 178 2
254 198 3.77742
254 200 6.40263
254 247 3.08678
254 283 5.84245
255 0 55.0402
255 103 2
255 108 24.8526
255 268 35.5271
255 292 14.6682
256 0 25.4341
256 66 13.2849
256 87 3.89628
256 108 21.2708
256 151 22.8182
256 275 25.8299
257 0 2.68075
257 26 2.84169
257 108 11.1025
257 120 7.75238
257 171 5.37836
257 198 28.7273
257 205 18.109
257 228 23.5814
257 242 17.7838
258 0 9.15193
258 16 11.3351
258 19 4.46715
258 80 21.4852
258 82 17.2042
258 111 24.1008
258 140 8.41893
258 168 7.30553
258 191 14.4486
258 228 18.4706
259 0 4.69256
259 43 15.708
259 68 3.03992
259 105 8.19199
259 136 2.04338
259 138 2.08233
259 155 12.9265
259 219 10.0166
259 283 29.5396
259 296 16.6395
260 0 16.0431
260 50 13.5448
260 170 2
260 195 10.4896
260 211 25.6812
260 212 11.7198
260 242 11.2018
260 265 34.1792
261 0 2.02499
261 31 19.882
261 73 10.6658
261 120 2.5926
261 155 14.3566
261 185 14.0001
261 191 7.76625
261 297 4.65809
262 0 8.39031
262 39 15.7853
262 72 26.9219
262 213 5.46121
262 215 13.9691
262 273 31.9747
262 281 9.16533
262 285 17.6303
263 0 17.8478
263 76 22.4636
263 103 18.504
263 187 14.8671
263 196 28.1217
263 204 36.2768
263 252 35.3729
264 0 18.5164
264 43 19.0769
264 47 4.68903
264 50 9.68689
264 68 2
264 74 15.4172
264 117 6.26702
264 121 22.0226
264 189 2.46072
264 228 15.2362
264 278 12.7731
265 0 5.11675
265 31 10.1438
265 45 2
265 138 8.62792
265 144 15.6143
265 177 9.7793
265 198 15.0056
265 214 2.12899
265 222 9.87834
265 265 4.11319
265 284 2
265 290 11.224
266 0 5.6791
266 76 16.17
266 135 28.3924
266 143 2
266 155 26.3849
266 272 7.45398
267 0 6.68778
267 19 10.7457
267 99 19.5962
267 103 20.4127
267 132 17.7935
267 136 6.5443
267 152 20.9077
267 194 3.84902
267 206 9.78961
267 272 22.2895
268 0 2.22878
268 3 16.9743
268 43 13.9267
268 113 20.7479
268 115 7.12853
268 168 50.091
269 0 8.33952
269 18 21.3333
269 46 5.93323
269 53 4.88039
269 76 10.7574
269 92 29.2361
269 137 28.1047
269 227 22.3982
269 249 12.0193
270 0 28.5411
270 37 16.0681
270 86 28.5432
270 145 2
270 162 14.9385
270 202 34.5757
271 0 30.3188
271 2 9.73243
271 108 3.50952
271 230 43.7226
271 236 32.2831
271 258 18.2475
272 0 36.7557
272 42 29.8632
272 72 3.63988
272 76 11.0163
272 89 2.13432
272 133 13.1192
272 174 22.2812
272 237 26.8111
273 0 12.2617
273 10 2.84452
273 21 28.3648
273 31 13.9799
273 33 21.4244
273 135 3.70088
273 242 17.2178
274 0 7.46296
274 51 18.1014
274 78 7.65514
274 143 7.87994
274 176 10.2502
274 185 11.129
274 202 13.2735
274 204 2.30223
274 215 19.5513
274 230 2
274 293 3.39565
274 296 2
274 299 7.90788
275 0 12.9744
275 23 9.25139
275 43 10.4649
275 50 6.97571
275 89 21.9903
275 92 7.32962
275 103 9.8372
275 157 3.07097
275 215 16.3335
275 244 2.47837
275 286 12.2672
276 0 22.4568
276 16 22.5557
276 105 16.2336
276 200 12.4627
276 215 24.6199
276 232 15.9761
276 259 5.30371
277 0 17.9148
277 5 12.8262
277 19 2
277 91 5.34456
277 93 4.19929
277 101 12.4433
277 114 3.82367
277 135 5.21604
277 174 22.4528
277 227 9.709
277 242 5.50257
277 297 15.5788
278 0 10.7294
278 7 2.4603
278 25 22.8286
278 85 18.1981
278 88 15.9154
278 99 9.49285
278 101 20.1806
278 114 17.1581
278 232 8.60096
278 272 23.0335
278 280 10.8087
278 293 12.7163
279 0 11.4952
279 50 21.0413
279 108 23.316
279 161 7.0375
279 199 7.89893
279 213 16.3017
279 219 24.6574
279 233 28.8039
279 276 29.384
280 0 7.10562
280 50 9.76586
280 66 42.518
280 190 20.7293
280 215 6.75691
280 237 28.2247
281 0 16.9719
281 77 33.9956
281 99 3.13335
281 114 15.4263
281 196 21.6558
281 199 6.7026
281 201 7.27742
282 0 9.52933
282 11 11.1115
282 98 6.66963
282 152 4.76833
282 153 2.09131
282 206 18.6415
282 244 7.56855
282 272 18.9344
282 273 16.9098
282 293 7.68966
283 0 6.1149
283 49 9.07139
283 78 4.48692
283 92 11.5843
283 103 3.73512
283 108 8.06218
283 117 6.99233
283 210 2
283 213 7.04707
283 215 13.6223
283 247 8.61933
283 257 8.52696
283 283 11.4605
283 299 12.4946
284 0 25.5476
284 8 6.88233
284 19 7.83497
284 45 9.8674
284 73 2
284 135 11.4303
284 162 20.999
284 168 8.73805
284 169 10.6778
285 0 5.73349
285 10 12.011
285 56 17.0715
285 76 14.3253
285 89 4.51033
285 101 2
285 108 11.5668
285 178 13.8005
285 223 23.392
285 272 12.64
286 0 9.28489
286 31 18.8879
286 33 6.50959
286 66 13.81
286 76 9.48852
286 114 11.6355
286 169 23.6371
286 202 8.55983
286 210 3.51183
286 226 6.8105
286 230 16.6338
286 273 18.4481
287 0 46.9473
287 108 33.1912
287 230 30.128
287 298 12.454
288 0 10.6525
288 21 12.0259
288 33 35.9395
288 108 5.26922
288 113 16.3815
288 140 2
288 170 2
288 182 17.8281
288 231 17.0453
288 233 4.60947
289 0 2
289 10 11.5404
289 23 20.5611
289 43 17.2079
289 92 5.37244
289 111 14.3069
289 130 6.80853
289 207 10.4327
289 233 10.267
289 273 14.7638
289 279 9.29183
289 296 12.2311
290 0 11.4739
290 13 5.01515
290 43 17.8531
290 59 20.16
290 63 19.6666
290 68 8.42154
290 119 14.976
290 178 6.53286
290 247 12.7139
290 277 10.6247
291 0 11.6652
291 22 2
291 32 7.05947
291 47 9.87424
291 151 2
291 166 15.3033
291 189 12.5526
291 251 32.8904
291 256 29.2117
291 275 14.1138
292 0 20.7803
292 7 19.1388
292 16 15.9602
292 31 2.20051
292 136 12.4794
292 148 29.5142
292 283 37.8095
293 0 16.4051
293 50 20.917
293 115 8.95598
293 140 11.8798
293 148 2.57603
293 152 15.8695
293 157 7.71088
293 168 11.2396
293 198 7.15944
293 251 12.2106
293 286 13.4887
294 0 7.07128
294 45 11.61
294 68 3.00162
294 71 4.93287
294 100 6.04883
294 125 6.23876
294 127 2.9627
294 135 9.13645
294 168 10.439
294 199 2.79989
294 200 2
294 209 3.06935
294 213 2
294 226 12.4492
294 247 2
294 270 9.5569
295 0 15.4029
295 1 22.432
295 32 9.46402
295 49 2
295 99 2.39156
295 152 3.08359
295 168 2
295 171 3.62201
295 205 11.279
295 213 23.3537
295 222 21.8672
295 292 10.0845
296 0 18.9014
296 2 4.3031
296 7 18.3887
296 61 10.5435
296 62 4.53791
296 80 5.46617
296 152 25.1566
296 242 6.48771
296 261 10.7558
296 293 14.9442
296 295 2.80638
297 0 6.9696
297 43 12.9273
297 161 14.9335
297 223 20.4539
297 244 7.52635
297 273 11.1611
298 0 10.1434
298 10 3.51373
298 11 6.03484
298 113 2
298 135 15.2803
298 202 12.9534
298 205 10.0762
298 242 23.3618
298 265 16.5502
298 280 7.00709
298 287 16.2455
299 0 8.27654
299 39 12.7088
299 52 6.2323
299 68 17.4104
299 136 7.31706
299 169 8.85292
299 177 19.0118
299 230 23.0241
299 268 5.50289
299 276 2.21543
