100 100 800
0 0 5.28784
0 4 3.30988
0 12 9.51586
0 14 13.6855
0 24 12.7724
0 27 16.1182
0 35 2
0 59 2
0 82 2.64509
0 95 7.06238
1 0 6.05433
1 9 17.896
1 18 3.65324
1 45 13.8975
1 62 6.96881
1 76 17.9859
1 84 11.2459
1 86 24.0245
1 91 16.1626
1 94 17.5956
1 95 13.452
2 0 12.0402
2 5 2
2 18 7.52352
2 66 2
2 70 15.0051
2 73 10.6221
2 79 13.204
2 82 15.8635
2 94 12.1499
2 95 20.3262
3 0 2
3 4 3.52884
3 8 2.51768
3 14 13.8038
3 19 15.7709
3 27 17.5192
3 39 2.62602
3 73 2.17375
3 83 5.38511
3 91 14.6863
3 92 2.09799
3 96 2
3 99 12.8865
4 0 16.8485
4 2 10.4312
4 17 4.8561
4 24 11.8323
4 62 2.02061
4 67 17.5624
4 72 8.10502
4 73 3.17598
4 90 9.3465
4 93 7.11275
4 95 10.2038
5 0 13.629
5 28 12.6434
5 30 10.1201
5 35 22.5633
5 50 14.0073
5 62 19.7951
5 64 11.3809
5 65 8.61344
5 66 17.4315
6 0 7.08126
6 4 17.1322
6 11 10.1397
6 19 20.5787
6 39 23.7212
6 60 9.81877
6 81 22.4844
7 0 14.2168
7 6 15.0893
7 11 7.48817
7 28 24.7742
7 38 18.7387
7 45 21.8137
7 57 16.5106
7 69 9.57133
7 77 3.87774
7 95 17.8901
8 0 14.0208
8 4 15.9465
8 5 6.05217
8 9 15.3285
8 14 3.82082
8 18 5.19831
8 40 6.25152
8 51 10.8078
8 67 10.6038
8 70 6.40137
8 76 8.44493
8 77 7.77979
9 0 22.3098
9 11 2.04517
9 14 12.0929
9 40 13.0978
9 72 2.98302
9 81 9.36796
9 93 6.78121
9 96 6.25701
10 0 28.7328
10 11 27.3529
10 28 39.0846
10 41 19.7048
10 44 11.1318
10 73 18.9317
11 0 13.2044
11 2 8.35134
11 35 11.6202
11 45 7.59109
11 50 19.9875
11 96 21.5614
12 0 2
12 13 23.9212
12 39 19.4177
12 51 22.7542
12 62 25.4572
12 66 40.1906
12 81 8.96055
13 0 14.6885
13 11 14.7102
13 12 5.42862
13 17 16.8407
13 36 24.6473
13 66 9.91089
13 67 18.607
13 93 31.2568
13 95 6.94675
14 0 14.8179
14 4 15.3742
14 7 8.20354
14 25 18.6768
14 45 8.09774
14 51 7.67783
14 67 22.5924
14 73 9.47483
14 82 13.3629
15 0 4.06064
15 4 3.50899
15 17 5.36233
15 27 17.4156
15 40 23.3096
15 45 8.53531
15 55 14.9283
15 66 20.1117
15 84 5.70483
15 86 3.46427
15 98 18.1104
16 0 20.2184
16 17 18.1305
16 46 2
16 52 11.6411
16 53 9.4707
16 60 5.28401
16 78 11.0841
16 93 13.5406
16 95 7.81534
17 0 2.76915
17 32 6.00836
17 39 7.72538
17 45 19.395
17 64 6.43305
17 65 10.4314
17 70 11.5694
17 76 9.21006
17 88 19.6976
17 94 4.76923
17 95 18.4312
17 99 12.0316
18 0 5.33045
18 11 13.0359
18 14 3.14935
18 20 7.19256
18 27 2.06878
18 33 4.43023
18 73 2.13608
18 85 12.3773
18 93 12.5015
18 95 16.3288
19 0 13.009
19 12 2.16664
19 39 3.01567
19 45 22.8424
19 54 16.9344
19 57 8.43567
19 67 23.6644
19 75 10.5555
19 86 2
20 0 5.92749
20 9 16.9924
20 17 2.20647
20 31 2
20 45 10.9394
20 65 23.9822
20 68 2.89663
20 72 8.58261
20 95 17.7895
21 0 30.5094
21 14 29.4964
21 19 18.3307
21 30 17.4248
21 72 35.3922
21 79 5.68483
21 94 16.5761
21 95 19.1092
22 0 7.92503
22 5 22.4038
22 15 16.779
22 28 14.9324
22 62 13.0746
22 73 6.44681
22 93 17.8753
22 96 8.74647
22 98 10.6272
23 0 2
23 4 7.25944
23 7 4.44864
23 14 15.5907
23 23 4.28059
23 33 3.02593
23 39 12.7204
23 45 4.23562
23 50 8.26678
23 55 2.57108
23 57 7.24608
23 74 8.44732
23 75 12.7894
23 76 2
23 84 7.276
24 0 10.2317
24 4 8.43968
24 22 3.95548
24 56 20.9804
24 60 26.184
24 66 3.85922
24 70 9.58775
24 72 2.29562
24 76 14.7052
25 0 28.059
25 5 20.4535
25 8 10.4422
25 14 13.0804
25 18 21.0639
25 23 25.3537
25 86 11.2912
26 0 8.83332
26 14 33.2822
26 45 5.97529
26 54 10.2213
26 64 25.1033
26 73 12.0883
26 95 30.0597
26 96 19.0201
27 0 11.1955
27 2 6.79854
27 6 8.92164
27 9 15.2962
27 11 8.90503
27 12 10.3133
27 17 3.4417
27 31 13.2394
27 68 12.9371
27 95 22.0155
28 0 8.15418
28 5 12.5087
28 14 5.91199
28 16 15.6835
28 17 3.31646
28 38 12.7609
28 51 4.48456
28 73 12.0894
28 93 9.31487
28 95 6.83887
28 96 8.06278
29 0 12.6069
29 9 26.5463
29 43 30.1087
29 60 8.54233
29 61 35.5368
29 62 26.781
29 65 3.0099
29 88 3.3238
30 0 28.6302
30 14 8.88993
30 17 12.1387
30 18 6.9559
30 51 11.9291
30 64 17.5407
30 70 13.022
30 95 18.1847
30 98 4.82117
30 99 4.13038
31 0 19.4654
31 17 9.77506
31 23 4.52923
31 24 2
31 50 10.5905
31 53 3.71241
31 57 20.0596
31 62 8.56764
31 96 25.5667
31 98 6.00593
32 0 18.292
32 11 18.908
32 15 25.3431
32 29 8.12004
32 51 2
32 66 8.97092
32 67 20.2376
32 70 3.70825
32 73 10.7882
32 97 20.505
33 0 10.5142
33 19 16.0116
33 40 5.03339
33 57 5.00168
33 66 2
33 69 14.4874
33 76 12.8978
33 77 5.37053
33 78 5.64539
33 84 2
33 95 11.8394
34 0 6.52977
34 2 6.19053
34 10 2
34 16 2.07185
34 17 12.0161
34 23 19.7509
34 40 14.8176
34 55 6.33097
34 61 5.74957
34 67 9.13013
34 76 10.3986
34 95 10.8374
34 99 2.31794
35 0 14.4995
35 4 2
35 14 10.2632
35 32 4.47085
35 43 15.8019
35 67 5.62549
35 72 4.17087
35 73 2
35 92 23.2137
36 0 4.49661
36 24 10.3063
36 38 13.6327
36 51 13.1854
36 62 14.0574
36 73 16.2843
36 76 11.4241
36 81 10.346
36 88 11.28
36 94 9.03488
36 95 19.6822
37 0 21.2709
37 9 30.6619
37 29 28.934
37 72 10.5031
37 76 2
37 82 4.04004
37 86 6.41829
37 88 16.4467
37 96 5.73014
38 0 9.12402
38 4 2
38 9 16.3606
38 11 4.88286
38 19 11.0318
38 23 13.2629
38 39 5.67027
38 45 9.80462
38 57 9.11098
38 82 4.01718
38 93 8.79668
38 95 12.7832
38 96 2.47841
39 0 4.4326
39 5 6.70348
39 9 8.02622
39 13 15.2912
39 17 4.08827
39 33 17.3907
39 66 24.4454
39 72 4.71158
39 86 6.9985
39 95 24.7301
40 0 33.4988
40 12 12.6807
40 18 2.33531
40 33 5.24844
40 54 16.8511
40 59 4.2621
40 72 4.10122
40 79 25.209
40 94 17.0753
41 0 12.4525
41 2 10.6026
41 6 6.17941
41 8 14.5873
41 14 6.64084
41 51 10.3606
41 59 7.05866
41 66 22.8694
41 67 3.5758
41 73 11.2597
41 93 4.9291
41 95 2
42 0 11.1439
42 4 13.3797
42 33 2
42 38 19.8704
42 57 2.76839
42 63 7.26499
42 72 8.27157
42 95 11.8217
42 96 25.884
43 0 23.9749
43 7 19.3764
43 40 13.6368
43 41 12.5352
43 45 16.4301
43 57 22.9424
43 66 4.59217
43 95 15.1312
44 0 12.7382
44 2 12.5593
44 12 13.3959
44 14 2
44 28 9.11136
44 50 24.314
44 59 12.7694
44 73 15.3104
44 94 21.1909
45 0 7.43276
45 57 18.2873
45 66 19.0714
45 77 23.4964
45 91 11.3748
46 0 13.2538
46 1 9.63825
46 2 18.4354
46 19 7.33094
46 33 20.0076
46 57 3.67471
46 73 18.068
46 93 5.77498
46 95 25.0477
46 96 6.27478
47 0 68.7344
47 5 32.8241
47 40 20.2179
47 96 40.966
48 0 5.48245
48 4 13.8705
48 18 23.32
48 23 15.8843
48 67 7.08881
48 70 14.1455
48 73 16.1121
48 75 7.85081
48 81 12.5603
48 92 13.4511
48 99 7.40514
49 0 32.1792
49 4 11.9439
49 14 28.2859
49 19 20.3931
49 82 5.10721
49 92 7.23195
49 95 2.7385
50 0 30.1557
50 5 20.8907
50 18 13.8265
50 19 4.7086
50 44 16.2827
50 62 11.7261
50 68 13.1965
50 84 22.4715
50 95 20.6969
51 0 4.93669
51 9 7.03062
51 33 13.2969
51 54 12.999
51 73 2
51 82 25.7885
51 91 16.276
52 0 36.0539
52 57 70.3795
52 86 66.2727
52 97 27.0647
53 0 2.13399
53 4 16.0868
53 9 11.2409
53 62 4.95985
53 72 3.79195
53 88 34.5022
53 98 11.3443
54 0 28.3266
54 27 28.0878
54 29 17.8226
54 36 18.2549
54 40 20.5044
54 50 29.8044
54 66 23.5378
54 96 20.0337
55 0 6.08154
55 13 51.3982
55 16 35.4073
55 17 43.7441
55 90 23.9187
56 0 20.1998
56 4 25.7906
56 5 11.9711
56 11 10.0469
56 39 6.29965
56 45 28.154
56 66 15.0241
56 95 12.6275
56 99 18.6075
57 0 3.71229
57 24 5.77176
57 27 35.1619
57 35 9.55126
57 43 2
57 66 27.4146
57 68 13.1138
57 76 21.9691
58 0 8.40846
58 11 20.9109
58 13 2
58 29 22.9573
58 39 10.6245
58 45 4.47148
58 57 6.67617
58 82 6.2474
58 86 25.1065
58 93 2
59 0 33.577
59 11 38.0002
59 54 46.0041
59 66 36.6412
60 0 8.94856
60 2 2.47421
60 4 2.4816
60 11 4.2895
60 18 11.0257
60 23 9.507
60 29 12.8967
60 33 15.7217
60 67 7.12491
60 86 2.47591
60 95 5.07687
61 0 11.1835
61 2 8.8243
61 4 8.44819
61 9 7.3881
61 18 11.7891
61 19 7.53341
61 22 7.44224
61 40 22.8395
61 50 12.6593
61 61 8.68761
61 71 10.4654
61 99 3.01539
62 0 18.6913
62 17 10.9916
62 19 13.6684
62 29 21.1151
62 35 30.7295
62 68 2.37103
62 81 22.0673
62 82 14.6242
62 88 9.19337
62 95 5.55693
63 0 5.3347
63 11 4.38622
63 14 7.45945
63 40 9.49386
63 45 4.81149
63 61 5.17683
63 62 4.43242
63 66 3.70999
63 68 14.1158
63 73 13.9871
63 75 12.5242
63 84 3.29493
64 0 46.4646
64 4 5.91848
64 19 11.2981
64 38 24.4112
64 45 14.5718
64 66 25.8472
64 67 12.1789
65 0 7.8586
65 9 11.6747
65 14 17.237
65 27 15.9469
65 40 23.4364
65 57 23.5412
65 66 6.53256
65 73 24.2371
65 81 6.57133
66 0 14.5587
66 17 8.91227
66 29 4.29992
66 39 10.7606
66 44 2.03521
66 59 14.5334
66 62 15.2629
66 72 11.2883
66 86 5.38259
66 95 12.1117
66 99 18.5699
67 0 6.33713
67 2 26.813
67 14 13.9133
67 31 3.0063
67 33 10.9292
67 39 8.63387
67 46 11.1448
67 62 17.5086
67 81 15.0636
68 0 47.7171
68 4 2.21036
68 17 25.0925
68 95 43.1399
69 0 23.7876
69 39 11.0058
69 64 3.41713
69 66 6.9236
69 67 9.9925
69 76 28.0672
69 85 3.37734
69 86 7.36616
70 0 11.0772
70 13 9.79417
70 17 5.13774
70 19 24.2597
70 23 13.1212
70 66 6.13916
70 68 8.58937
70 94 26.7123
71 0 13.1841
71 23 34.7706
71 45 9.26211
71 62 43.2356
71 70 15.3376
71 95 5.78746
72 0 25.7916
72 14 55.0488
72 17 28.712
73 0 11.5637
73 14 13.1524
73 19 5.83742
73 34 25.2342
73 50 20.2388
73 59 8.47263
73 70 12.1831
73 78 4.8265
73 94 5.13749
74 0 9.06962
74 32 5.74407
74 33 3.25615
74 39 10.2265
74 62 20.3957
74 73 2.45725
74 82 11.7815
74 84 19.0454
74 91 3.38057
74 93 8.90165
75 0 17.1091
75 14 44.1342
75 18 18.1932
75 39 23.0285
75 66 8.46171
75 67 46.2403
76 0 5.18103
76 9 15.8741
76 14 15.7777
76 17 3.68059
76 18 2.23691
76 23 2
76 29 9.00329
76 39 14.3706
76 54 2
76 57 7.61833
77 0 6.15042
77 2 23.7323
77 4 2
77 9 9.23507
77 17 11.4331
77 62 14.8741
77 64 17.5351
77 95 8.53794
77 99 9.81163
78 0 12.5918
78 7 8.0719
78 18 35.7637
78 29 16.0918
78 57 12.5214
78 91 3.2582
78 95 2
78 99 9.60683
79 0 8.35655
79 4 21.1306
79 14 7.46681
79 35 15.9166
79 36 19.4321
79 45 6.21419
79 65 7.13913
79 68 10.1359
79 70 9.70401
79 73 2.31003
79 76 5.36068
79 92 2
79 99 2.84312
80 0 2.93899
80 4 15.0271
80 9 9.4745
80 39 17.2956
80 67 21.3538
80 72 17.5692
80 93 13.5203
80 94 11.446
80 97 13.4868
81 0 5.25451
81 14 2
81 18 8.49219
81 36 13.438
81 38 18.4049
81 41 2.86121
81 43 5.99268
81 57 9.06046
81 61 3.52194
81 62 5.34363
81 81 9.39183
82 0 6.60756
82 4 15.952
82 12 20.8818
82 18 19.7104
82 72 30.8321
82 73 12.1381
83 0 8.03682
83 14 6.8742
83 18 17.5111
83 23 8.32312
83 27 2
83 28 19.1251
83 62 3.12034
83 66 20.3339
83 70 2.73467
83 71 11.7645
83 95 5.32779
83 99 4.71513
84 0 10.5978
84 14 15.867
84 19 12.2719
84 25 33.1805
84 32 15.3495
84 66 19.654
84 70 28.4463
85 0 3.84564
85 2 13.9954
85 14 19.3556
85 33 5.58966
85 40 19.9787
85 61 25.1007
85 64 10.0313
85 93 7.20529
85 95 2
86 0 8.55915
86 11 33.9193
86 14 14.6684
86 54 7.19485
86 62 24.2446
86 66 3.94948
86 67 20.0862
86 72 7.10824
86 73 6.1923
87 0 2
87 4 13.4558
87 12 7.55259
87 18 15.5018
87 23 17.0775
87 44 10.1181
87 56 12.9204
87 62 2.76851
87 66 10.4187
87 68 2
87 77 2.97567
87 95 4.28574
87 96 9.46967
88 0 9.6295
88 5 10.6015
88 62 27.4097
88 73 21.99
88 78 8.62613
88 95 14.6354
88 99 27.8217
89 0 2
89 4 6.9827
89 14 20.8838
89 24 17.9121
89 28 8.69809
89 39 13.0857
89 44 15.1428
89 45 17.0897
89 76 12.1312
89 78 10.5702
90 0 4.96079
90 42 27.7112
90 45 16.1187
90 47 2
90 66 5.51174
90 95 39.5113
90 97 8.21931
91 0 12.8994
91 4 15.2072
91 8 32.5947
91 14 11.2043
91 22 33.1061
91 38 23.5122
91 40 11.4315
91 56 6.9885
91 77 6.192
92 0 9.26552
92 11 9.76689
92 12 3.57384
92 33 22.6403
92 62 10.7999
92 70 15.8488
92 79 30.6393
92 95 20.1204
93 0 33.201
93 33 31.6474
93 40 12.4229
93 66 18.721
93 76 12.4137
93 91 28.6839
93 95 17.5255
94 0 3.79072
94 33 17.6448
94 66 25.4044
94 67 7.14264
94 70 5.39257
94 95 21.822
95 0 41.1187
95 9 8.20255
95 13 23.7912
95 22 19.294
95 40 8.77402
95 73 2.95582
95 81 13.2172
96 0 16.7625
96 14 5.44337
96 18 29.7296
96 39 3.36031
96 45 33.5597
96 67 10.3989
96 97 17.414
97 0 6.35422
97 4 20.4681
97 6 2.39042
97 9 8.47569
97 14 5.39078
97 17 21.2338
97 18 13.6346
97 33 11.0482
97 40 2
97 62 9.28922
97 67 5.90388
97 84 3.95277
97 86 3.98816
97 95 11.0478
98 0 2
98 23 13.0225
98 33 14.3435
98 39 6.40938
98 40 12.2917
98 53 17.637
98 64 2
98 69 8.14783
98 74 4.48497
98 88 21.2891
98 99 18.2235
99 0 10.9429
99 2 3.32439
99 4 8.46237
99 11 2
99 14 13.2033
99 18 4.7871
99 19 6.59927
99 29 18.7442
99 45 2
99 76 14.143
99 78 9.16799
