250 250 2000
0 0 11.675
0 25 7.42698
0 41 5.72909
0 84 2
0 109 11.3311
0 122 2
0 194 5.35002
0 196 14.2107
0 200 18.2886
0 205 7.61571
0 214 9.84692
0 228 13.9018
1 0 13.4644
1 14 15.5102
1 169 14.4857
1 198 32.9963
1 200 17.127
2 0 21.7393
2 111 9.76015
2 132 44.7175
2 193 21.4045
3 0 11.2495
3 51 30.3724
3 86 7.85626
3 109 11.7293
3 125 7.20779
3 127 4.23586
3 191 22.2427
3 192 9.38539
3 200 8.48525
4 0 6.73651
4 13 10.997
4 38 11.4448
4 49 10.6413
4 50 24.6454
4 79 10.9583
4 116 14.2467
4 154 17.6145
4 214 2
4 220 23.0044
5 0 4.54378
5 56 10.4434
5 113 36.0156
5 119 3.79579
5 194 26.459
5 248 12.4782
6 0 12.5601
6 2 24.7047
6 11 4.00543
6 50 2
6 64 4.2706
6 134 8.14439
6 153 14.9204
6 195 22.9197
6 219 10.7328
6 237 2.47349
7 0 3.38366
7 54 2
7 56 31.093
7 76 7.41977
7 141 5.41664
7 151 8.68117
7 199 8.9975
7 214 8.06847
7 232 5.65688
8 0 17.4051
8 41 17.6593
8 67 19.7744
8 86 25.8524
8 100 20.7415
8 113 8.30534
9 0 19.8659
9 24 20.0247
9 84 15.959
9 88 11.2944
9 161 24.6961
9 168 8.17427
9 169 12.7177
9 180 15.0474
9 184 10.194
10 0 24.0921
10 5 9.56295
10 8 2
10 13 5.79239
10 36 14.2826
10 76 18.8893
10 91 7.56102
10 108 12.6921
10 214 5.99976
11 0 3.3974
11 9 8.24095
11 35 13.6342
11 52 5.34285
11 88 4.66018
11 108 16.4119
11 111 12.9858
11 134 9.97406
11 147 2.62772
11 153 10.528
11 163 9.39551
11 176 6.38098
11 209 2
12 0 3.47429
12 2 2
12 14 10.5881
12 75 12.6806
12 78 2
12 88 8.91077
12 91 10.4859
12 107 20.7989
12 111 11.4706
12 125 6.71602
12 193 6.06548
12 200 7.8088
13 0 2.78186
13 24 11.2078
13 44 15.1732
13 62 12.3922
13 64 8.50619
13 107 10.7545
13 132 10.3404
13 133 9.05751
13 153 4.67888
13 155 9.38873
13 166 11.5055
13 175 2.16588
13 201 4.909
13 220 2
14 0 15.1989
14 9 34.6078
14 30 9.17423
14 56 19.2465
14 207 34.6546
15 0 4.03937
15 8 12.4481
15 67 33.495
15 76 10.6046
15 184 6.39586
15 195 11.6575
15 201 4.03668
15 226 21.3269
16 0 19.3647
16 35 10.43
16 86 24.9547
16 91 29.1332
16 124 7.92287
16 143 5.66089
16 154 4.13115
16 224 17.1714
16 246 2
17 0 10.1846
17 2 9.70975
17 38 2
17 64 14.3207
17 67 2
17 86 4.77659
17 130 11.8758
17 133 9.49218
17 176 6.30317
17 198 8.05542
17 207 15.3047
17 218 5.88233
17 237 13.4178
18 0 8.51986
18 1 9.68266
18 2 8.56877
18 22 22.9215
18 63 24.927
18 108 9.24744
18 125 3.89725
18 136 2
18 172 17.5896
18 195 2.43131
19 0 5.70464
19 10 8.60858
19 35 12.8205
19 76 13.7507
19 110 4.65267
19 111 14.486
19 121 9.49617
19 125 8.48464
19 141 3.93319
19 147 3.87869
19 155 9.15567
19 176 9.77667
19 193 13.8258
19 199 19.4481
20 0 10.2021
20 16 21.9196
20 25 19.1215
20 35 8.88886
20 115 5.61027
20 144 2.66982
20 159 24.1485
20 168 4.65679
20 188 14.4281
20 197 3.06846
20 200 19.3642
20 223 10.281
21 0 4.90769
21 46 15.3725
21 64 10.0819
21 149 9.58389
21 196 6.83897
21 232 25.1395
22 0 28.0456
22 38 4.35452
22 86 8.57291
22 135 31.361
22 155 11.851
22 168 24.4561
22 177 10.5948
23 0 19.1585
23 25 24.2515
23 44 26.1784
23 113 2.51239
23 134 11.8636
23 140 19.6506
23 191 3.0533
24 0 16.0602
24 9 11.4917
24 52 6.07843
24 92 2
24 111 2
24 116 15.9673
24 154 3.27393
24 174 6.18459
24 188 9.90788
24 215 9.23432
24 228 14.5197
24 232 8.39614
24 249 2.74597
25 0 36.2191
25 5 2
25 16 12.1339
25 35 13.3091
25 91 7.77042
25 141 6.62514
25 223 6.13946
25 246 8.70156
26 0 27.3468
26 11 13.625
26 26 18.6667
26 49 8.15171
26 59 4.89946
26 85 20.6388
26 125 23.498
26 195 17.5849
27 0 12.7346
27 44 13.0385
27 64 18.6726
27 86 4.37112
27 125 5.59673
27 179 18.2655
27 206 2
27 232 11.1551
28 0 27.7945
28 10 2
28 38 18.9992
28 44 8.06527
28 76 3.80658
28 84 4.83905
28 144 5.01038
28 175 4.00762
28 200 8.46466
29 0 4.81843
29 42 12.1097
29 52 7.26793
29 57 9.3506
29 70 33.7107
29 103 10.5128
29 120 3.45027
29 144 25.0378
29 200 2
30 0 8.59102
30 36 7.60372
30 47 23.4025
30 109 30.0474
30 143 16.2784
30 188 24.1573
30 208 4.47909
31 0 7.28082
31 2 13.0062
31 13 3.79683
31 109 9.51553
31 116 3.02473
31 122 8.51309
31 153 15.2
31 185 11.2721
31 197 2.03352
31 198 24.8732
31 246 16.3507
32 0 8.63587
32 7 8.26937
32 13 16.2184
32 34 17.5746
32 35 4.34335
32 72 23.9827
32 75 13.8504
32 84 5.31583
32 111 17.7753
33 0 35.4345
33 30 55.1621
33 44 45.1688
33 198 10.8973
33 246 21.6258
34 0 17.1681
34 79 12.7125
34 107 31.1825
34 165 12.5213
34 220 6.47289
34 244 25.6602
35 0 3.88754
35 9 34.3661
35 35 22.1826
35 36 10.3998
35 37 5.44492
35 109 37.4329
35 125 17.3775
35 165 6.74263
36 0 17.3193
36 24 16.729
36 86 13.1242
36 101 12.098
36 122 16.6867
36 123 14.6647
36 155 2.83108
36 159 11.8831
36 178 9.91169
36 197 7.8428
37 0 24.0087
37 27 25.6183
37 165 7.86679
37 176 2
37 194 23.6825
37 218 20.0105
38 0 3.51397
38 10 25.7124
38 34 20.5427
38 36 2
38 103 8.4555
38 122 21.6553
38 141 2
38 153 15.1758
39 0 6.1261
39 14 29.4089
39 27 9.16574
39 35 16.7041
39 52 24.9317
39 107 21.0325
39 120 2
39 155 20.3252
39 197 11.1531
39 248 15.2217
40 0 2
40 7 14.5035
40 16 10.1081
40 26 3.36118
40 35 11.0661
40 41 4.77892
40 44 11.169
40 52 4.41811
40 57 2
40 91 9.08663
40 141 2.39845
40 188 3.74927
40 218 2.10604
40 224 2.02465
40 235 10.9805
41 0 24.2248
41 2 6.54261
41 16 23.4787
41 77 16.2995
41 83 7.94146
41 95 6.26169
41 100 15.9499
41 153 35.6332
41 228 13.681
42 0 78.3188
42 14 27.0523
42 134 52.2924
43 0 23.1858
43 80 10.2881
43 133 17.5158
43 143 15.0071
43 149 21.193
43 161 21.3586
44 0 2
44 24 10.1396
44 35 3.45069
44 84 17.9058
44 165 10.0194
44 184 17.6365
44 207 16.3078
44 214 7.23156
44 228 19.3362
44 236 16.6241
45 0 6.02983
45 5 12.4255
45 7 20.3771
45 9 4.61296
45 130 2
45 154 25.6723
45 155 6.97557
45 169 19.7794
45 198 9.07614
45 218 22.0677
45 232 4.04584
46 0 5.19982
46 14 26.0094
46 42 3.55609
46 130 24.3167
46 241 2
47 0 2
47 8 23.8532
47 115 17.9235
47 131 19.253
47 134 13.9658
47 207 5.22391
47 210 13.3624
48 0 24.7562
48 27 23.7431
48 108 15.9405
48 141 14.9199
48 209 3.85105
48 220 4.26874
48 232 18.0922
48 245 30.0791
49 0 20.0796
49 42 26.5158
49 44 14.8935
49 46 3.25085
49 62 13.805
49 83 7.02416
49 174 2.81819
49 207 22.612
49 232 20.7195
50 0 8.52143
50 10 5.52732
50 38 5.1808
50 56 12.5433
50 86 2
50 92 21.0061
50 147 5.29025
50 175 4.05463
50 191 18.3489
50 197 9.05371
50 233 3.34267
51 0 13.5464
51 2 3.79918
51 13 9.60842
51 14 10.1693
51 50 9.23643
51 52 2
51 95 21.9888
51 107 2
51 109 2.35351
51 133 8.81285
51 165 14.7945
51 194 6.62935
52 0 13.8935
52 24 9.52403
52 36 15.7271
52 52 2
52 68 6.76182
52 80 11.7451
52 83 7.72838
52 113 11.8546
52 114 2
52 133 2.54218
52 174 10.8503
52 198 2.96964
52 206 10.0982
52 218 2
53 0 4.67448
53 11 13.5617
53 44 8.14055
53 53 8.83054
53 56 4.83206
53 107 20.3415
53 108 9.45396
53 125 5.31518
53 168 4.91414
53 169 7.80122
53 176 2
53 199 14.0115
53 226 7.88452
54 0 15.0765
54 8 2
54 52 14.7185
54 69 4.5911
54 76 12.8492
54 92 13.7088
54 108 10.8184
54 115 5.64993
54 116 13.3018
54 133 3.05857
54 144 9.91676
54 149 8.48901
55 0 3.52884
55 18 4.15924
55 44 2
55 95 3.03074
55 108 23.3717
55 182 2
55 192 10.4735
55 197 9.27785
55 221 12.0281
56 0 12.5675
56 26 23.2456
56 64 7.23369
56 108 11.8287
56 123 10.7213
56 155 6.15707
56 161 17.6824
56 168 7.37141
57 0 15.9715
57 19 8.18529
57 47 15.3817
57 49 6.17169
57 56 2
57 65 8.62669
57 91 10.0206
57 103 13.1747
57 133 17.498
57 143 8.48994
57 147 17.1959
57 153 9.40792
58 0 17.8133
58 14 5.65968
58 65 22.5232
58 84 3.12972
58 109 18.6339
58 123 7.2831
58 154 23.7658
58 200 29.8416
58 201 21.8404
58 247 2
59 0 3.35766
59 7 4.16813
59 10 4.02063
59 26 3.87701
59 34 3.2537
59 36 6.05645
59 46 6.83003
59 80 2
59 86 18.8136
59 88 4.45963
59 198 2.39438
59 239 10.8741
59 247 18.666
60 0 8.24078
60 16 10.217
60 50 17.805
60 84 2
60 113 18.0183
60 184 2
60 218 14.405
60 237 18.1783
60 248 9.59916
61 0 10.0419
61 14 22.1683
61 22 3.66901
61 26 8.18964
61 46 30.8048
61 52 24.9896
61 125 15.1871
61 169 20.0719
62 0 6.15053
62 13 17.4226
62 68 5.79928
62 84 3.71464
62 114 12.3801
62 184 33.3414
62 205 22.6821
63 0 2
63 36 19.3681
63 46 13.1084
63 47 10.4239
63 49 7.52022
63 64 5.4821
63 76 14.8715
63 111 18.2408
63 122 7.70907
63 184 14.9065
63 193 17.4731
63 195 7.97796
63 248 2.51247
64 0 4.8263
64 2 2
64 75 2.91084
64 82 10.6305
64 83 11.6981
64 107 7.27528
64 131 15.547
64 139 14.2042
64 148 2
64 153 6.11632
64 165 13.6315
64 221 7.32709
64 245 8.834
65 0 8.75896
65 7 11.8775
65 19 3.02956
65 50 7.22106
65 52 11.3813
65 82 2
65 83 12.145
65 97 10.1195
65 130 8.46778
65 149 4.62091
65 162 2.10353
65 165 11.4064
65 179 5.00173
65 184 2
65 200 9.39969
66 0 8.50991
66 33 30.8208
66 60 5.09534
66 76 19.0134
66 134 12.2415
66 172 13.8484
66 201 5.73894
67 0 17.2957
67 35 6.52553
67 46 12.1772
67 49 20.816
67 60 15.1334
67 109 10.8668
67 110 28.0817
67 154 16.5246
67 188 18.1133
68 0 2.66341
68 1 11.4403
68 7 8.2646
68 48 2.08697
68 84 12.0292
68 86 19.0561
68 100 20.096
68 113 2.84455
68 147 7.10388
68 155 4.15326
68 199 2.77274
68 245 9.28076
69 0 27.9934
69 49 6.20827
69 78 18.3924
69 92 3.86805
69 109 6.22161
69 153 5.55969
69 184 19.4773
69 188 2.52883
70 0 26.8143
70 24 5.94778
70 30 9.38503
70 46 11.5538
70 50 25.2068
70 80 18.1043
70 223 15.5928
71 0 4.37018
71 58 22.7038
71 70 13.1859
71 86 6.10441
71 141 2
71 150 21.8457
71 200 2.00694
71 209 7.03907
71 220 17.6565
71 246 11.9171
72 0 15.9522
72 35 8.26907
72 62 4.292
72 70 2
72 79 2.71623
72 86 19.7975
72 115 7.12981
72 125 5.45605
72 164 12.743
72 172 5.59286
72 197 19.3269
73 0 3.08561
73 5 2.05477
73 13 16.9878
73 55 5.88455
73 57 7.77117
73 98 17.5282
73 113 28.5139
73 163 12.5916
73 174 2
73 209 7.8591
74 0 5.57568
74 69 4.10099
74 86 8.02526
74 134 12.5701
74 141 27.3063
74 155 45.404
75 0 14.3654
75 64 11.523
75 107 14.166
75 108 15.3615
75 110 7.60763
75 132 21.4878
75 133 15.6307
75 155 9.88669
75 188 13.3266
75 200 5.58901
76 0 2.38314
76 7 2
76 22 7.77666
76 49 11.0803
76 50 4.93878
76 108 2
76 119 17.3206
76 133 4.18137
76 149 10.2732
76 150 2
76 172 12.3448
76 200 2
76 214 15.6169
77 0 41.0891
77 79 42.9798
77 114 4.97244
77 133 2
77 188 10.0984
77 228 5.93859
78 0 7.4977
78 2 10.0077
78 9 25.4394
78 35 23.79
78 65 17.7153
78 134 25.7128
78 158 23.1709
78 228 19.9226
79 0 7.58995
79 2 4.44291
79 16 12.6525
79 36 17.4952
79 74 12.5561
79 91 8.97995
79 92 10.2054
79 146 5.11271
79 147 30.3819
79 201 17.8869
80 0 11.2945
80 35 15.312
80 57 5.89259
80 71 28.5495
80 84 4.45842
80 95 11.1034
80 119 16.3578
80 133 2
80 154 5.42043
80 169 13.4655
80 199 15.4575
81 0 42.46
81 2 26.6265
81 10 11.28
81 27 11.3587
81 82 6.67625
81 200 42.0283
81 228 3.47079
82 0 21.3492
82 9 11.8474
82 71 6.43772
82 107 14.3549
82 133 13.8316
82 150 5.32482
82 165 14.9436
82 182 16.8115
82 233 7.02213
83 0 15.6637
83 19 14.2877
83 66 4.43102
83 114 11.8646
83 155 19.8279
83 159 11.2388
83 183 4.22376
83 194 20.076
83 216 6.11293
83 241 2
84 0 4.15789
84 18 28.9293
84 95 10.6291
84 110 14.3678
84 111 19.7551
84 140 28.3316
84 141 17.8231
84 147 15.6392
85 0 16.5158
85 36 5.41276
85 37 7.59534
85 38 16.6248
85 46 17.7853
85 114 12.3317
85 141 2
85 220 2.15367
86 0 18.3249
86 63 16.1178
86 80 3.53792
86 103 8.07532
86 104 6.57969
86 133 5.51993
86 139 18.4683
86 141 9.79967
86 181 23.0474
86 184 24.4339
86 222 8.5859
87 0 5.01145
87 92 17.9482
87 108 27.0699
87 134 3.14712
87 175 3.77748
87 198 2.73566
87 218 28.9483
88 0 42.6051
88 5 34.5884
88 152 21.5649
88 204 21.8106
89 0 26.3454
89 37 17.6503
89 74 20.3236
89 75 17.0323
89 109 13.0978
89 159 15.7696
89 214 27.5434
90 0 2
90 4 5.1789
90 91 2
90 107 2
90 115 2
90 145 18.1833
90 169 2
90 193 19.152
90 232 11.4374
90 242 17.1548
91 0 11.14
91 16 21.5518
91 114 11.0214
91 188 2.14515
91 195 18.745
91 197 4.9271
91 200 18.5654
91 220 11.0215
91 249 14.5136
92 0 20.1502
92 27 2.07541
92 100 15.7746
92 147 3.67586
92 199 17.6652
92 241 19.7911
92 248 10.344
93 0 27.6394
93 5 22.3859
93 47 22.9908
93 84 31.8636
93 146 14.3105
93 198 11.9066
93 237 10.6713
94 0 2
94 14 2.04423
94 26 2.87589
94 91 4.44649
94 108 10.5117
94 111 3.91346
94 114 13.9566
94 128 3.06903
94 133 12.2476
94 172 12.2081
94 192 12.7078
94 232 13.9186
94 237 16.6094
94 249 5.51001
95 0 17.9907
95 48 2.16477
95 70 6.36455
95 91 2
95 110 13.6992
95 139 26.6275
95 178 2
95 200 13.5034
95 214 10.0111
95 231 14.6618
95 242 2.95814
96 0 18.5883
96 76 2.84914
96 78 14.7451
96 153 34.1996
97 0 6.90814
97 46 22.6304
97 52 37.4627
97 90 3.83285
97 134 2.72529
97 176 15.1806
97 236 5.55621
98 0 18.5764
98 4 18.768
98 64 48.0374
99 0 32.5728
99 37 14.2401
99 108 21.3339
99 123 18.3105
99 164 2
99 215 24.2998
99 218 35.099
100 0 2
100 9 5.08429
100 44 8.80818
100 52 3.00298
100 60 4.98906
100 92 11.3895
100 108 3.4081
100 116 9.72171
100 133 2.66889
100 141 3.84417
100 171 2.91366
100 175 2.208
100 177 13.8393
100 181 4.15717
100 218 9.12718
100 220 2
100 224 6.0498
100 240 6.50025
100 242 9.28515
101 0 20.0079
101 35 23.6345
101 47 32.5346
101 91 21.8056
101 114 8.58596
101 125 16.2757
101 147 7.11086
101 235 21.2393
102 0 13.8174
102 7 23.0671
102 9 14.58
102 64 22.1949
102 85 2.18371
102 114 4.93363
102 165 26.6244
102 184 11.3893
102 197 8.6742
102 218 14.6114
103 0 4.60738
103 3 63.5623
103 18 14.8327
103 79 62.9868
104 0 3.69733
104 16 6.36251
104 35 6.73569
104 46 14.5513
104 80 11.3501
104 86 6.44434
104 109 3.33097
104 131 2.01362
104 141 9.41159
104 159 12.991
104 169 3.57153
104 197 2
104 218 2.50289
104 220 4.1331
104 235 2.67696
104 241 6.50488
105 0 6.2693
105 5 7.44167
105 51 18.9414
105 101 2.60714
105 109 4.48387
105 111 7.80588
105 134 13.2988
105 141 10.2967
105 159 8.76382
105 176 3.69688
105 218 7.29629
105 223 20.7185
106 0 5.27614
106 7 18.5272
106 47 6.63757
106 75 18.5544
106 84 10.3517
106 122 11.8394
106 147 10.8058
106 153 10.437
106 155 17.7192
106 165 6.42545
106 200 16.3527
107 0 12.0268
107 10 13.9502
107 30 8.8921
107 54 5.52449
107 109 4.05921
107 142 20.787
107 153 27.1736
107 192 2.66727
107 224 14.4869
107 249 10.9572
108 0 2.11229
108 22 3.84978
108 49 15.5246
108 56 6.60383
108 89 10.0973
108 111 10.1058
108 112 5.60046
108 115 2.35918
108 125 2.02774
108 133 3.91489
108 149 9.48497
108 152 11.7652
108 158 10.2711
108 165 8.93978
108 193 3.47051
108 201 7.46323
108 220 2.73579
109 0 3.22605
109 1 27.29
109 41 2
109 60 10.5888
109 86 56.4454
109 134 2.12673
109 232 14.2959
110 0 7.89172
110 13 2
110 22 12.0278
110 38 32.2385
110 108 24.6222
110 134 3.97509
110 220 9.03385
110 232 23.4553
111 0 2
111 13 17.7556
111 108 53.7603
111 154 49.8887
111 161 15.6254
111 180 17.453
112 0 29.3281
112 41 6.08405
112 109 60.9033
112 134 8.49316
113 0 54.3483
113 2 3.1383
113 125 32.996
113 133 4.12663
113 158 14.9625
114 0 6.8236
114 95 27.7435
114 125 12.4107
114 149 21.0854
114 153 27.3739
114 200 11.7697
114 208 15.7048
115 0 9.11308
115 44 8.10712
115 46 11.0148
115 70 5.12776
115 76 24.2585
115 84 23.1231
115 111 7.31135
115 156 24.7403
115 180 8.54365
116 0 9.59383
116 2 18.1292
116 26 10.0684
116 36 10.2094
116 42 14.1661
116 46 24.134
116 129 3.49554
116 201 4.9272
116 232 20.3315
117 0 40.7002
117 133 40.1807
117 139 38.3487
117 147 25.5892
117 184 44.5627
118 0 13.1629
118 41 16.4499
118 44 7.1508
118 56 3.37841
118 113 32.9483
118 145 15.1262
118 205 2
118 209 21.3672
118 237 19.8479
119 0 33.7498
119 2 29.0946
119 24 20.2328
119 222 21.5937
120 0 16.1114
120 44 23.3961
120 102 30.4791
120 190 14.8332
120 191 32.4186
120 208 21.0233
120 232 4.3535
121 0 20.598
121 1 17.8099
121 2 26.6075
121 7 2
121 14 6.4456
121 191 3.03354
122 0 77.1939
122 7 63.925
122 140 6.86221
123 0 5.55202
123 49 9.59672
123 56 11.2323
123 79 11.2305
123 107 3.60122
123 111 2
123 116 16.466
123 125 2.89021
123 129 7.61095
123 195 8.37748
124 0 9.13454
124 38 38.974
124 69 29.4647
124 93 2.96747
124 161 36.6389
124 166 33.4341
124 197 22.7699
125 0 5.93438
125 2 15.7598
125 36 17.0632
125 46 13.0136
125 84 16.4918
125 91 5.2723
125 100 16.255
125 130 7.07567
125 147 7.92588
126 0 9.08664
126 21 19.9443
126 68 8.20594
126 95 23.3646
126 97 9.93257
126 111 18.4582
126 129 6.28582
126 241 15.1409
127 0 3.98499
127 4 17.0211
127 44 2
127 79 28.1582
127 85 4.04146
127 109 36.6548
127 184 13.1145
127 200 14.4361
127 226 6.82706
128 0 9.75252
128 2 5.62115
128 57 3.63515
128 64 7.52694
128 75 11.5829
128 84 12.5223
128 103 15.9837
128 133 5.01206
128 198 10.9546
128 229 11.2214
129 0 3.06019
129 7 18.6008
129 36 11.9308
129 47 11.7152
129 92 10.1261
129 116 2.53165
129 133 17.5015
129 134 4.95943
129 153 6.58645
129 174 10.1008
129 214 3.58354
129 233 13.0826
129 240 16.309
130 0 19.3148
130 39 16.1531
130 83 10.1004
130 92 9.33061
130 131 9.37951
130 141 6.85534
130 151 2
130 153 4.64649
130 200 17.4479
130 201 6.14971
131 0 23.4912
131 12 2
131 38 18.9616
131 134 24.6352
131 149 3.07364
131 166 3.32582
131 179 17.8076
131 197 21.6011
132 0 4.08513
132 47 12.5477
132 80 2
132 112 9.40637
132 114 2
132 116 13.6243
132 133 14.5969
132 153 12.3992
132 154 18.5566
132 169 19.3608
132 174 14.0461
132 209 19.0126
133 0 2
133 37 28.7785
133 46 7.14968
133 50 16.6625
133 108 20.5418
133 159 12.8771
133 182 6.29117
133 200 13.9279
133 249 10.8591
134 0 2.00037
134 33 2
134 86 7.88629
134 113 3.55841
134 133 26.0899
134 165 21.0564
134 221 8.30209
135 0 13.5995
135 26 11.6611
135 27 9.18743
135 35 7.87495
135 85 5.88186
135 109 9.59778
135 140 10.8373
135 193 26.0384
135 200 3.67828
135 207 4.47746
135 240 13.6867
136 0 25.2378
136 2 5.51631
136 16 4.7699
136 76 21.3469
136 84 17.6323
136 91 5.61199
136 114 15.464
136 125 12.5446
136 237 11.6852
136 249 9.15348
137 0 21.2433
137 46 33.7942
137 52 38.99
137 114 19.0176
137 200 28.499
137 232 24.2732
138 0 20.731
138 95 30.0866
138 100 6.55664
138 197 2
138 234 48.8093
138 241 52.6471
139 0 18.2891
139 107 44.2957
139 138 57.8026
139 168 64.8873
140 0 7.22085
140 19 15.3334
140 82 8.27297
140 130 18.0827
140 143 2
140 149 14.6502
140 153 15.611
140 165 10.7677
140 184 15.3867
140 195 21.5392
140 198 7.0134
141 0 9.71732
141 35 16.3326
141 42 13.7662
141 52 7.07577
141 100 20.0475
141 107 17.7846
141 114 9.89115
141 194 14.6588
141 197 5.79023
141 232 11.6501
142 0 33.8986
142 7 41.2095
142 23 2.07034
142 72 23.2778
142 116 32.1599
142 119 41.895
143 0 7.44271
143 2 17.2704
143 6 6.08921
143 143 14.4783
143 198 7.59408
143 205 4.64341
143 209 10.4157
143 218 4.95827
143 232 9.36532
144 0 18.6682
144 10 16.5442
144 46 9.35148
144 125 10.6281
144 142 3.72751
144 169 9.88192
144 200 5.13466
144 232 21.6727
144 248 15.2551
145 0 12.3298
145 2 9.8103
145 12 9.35348
145 47 14.8169
145 60 6.63275
145 120 2.12065
145 133 9.33105
145 143 3.45529
145 218 3.06095
146 0 19.9778
146 9 18.9251
146 25 10.9177
146 35 11.3687
146 46 24.192
146 110 20.2529
146 165 11.1517
146 169 6.53831
146 218 10.1711
147 0 19.3243
147 7 9.41525
147 41 11.3107
147 109 6.64337
147 116 5.56776
147 175 10.9292
147 188 21.2632
147 200 17.46
148 0 2.0298
148 2 10.6884
148 5 2
148 10 15.4633
148 34 3.08563
148 54 4.08081
148 64 3.75686
148 95 12.791
148 133 4.26557
148 150 10.1008
148 169 6.13319
148 197 7.48574
148 200 2
148 213 4.22316
148 218 8.38775
149 0 7.60892
149 16 9.6041
149 49 12.4308
149 56 10.2251
149 113 9.27263
149 123 10.1684
149 125 10.8896
149 143 11.1322
149 155 4.25941
149 159 5.94706
149 188 5.30123
149 232 15.6259
149 236 6.05622
149 246 13.3713
150 0 96.5741
150 91 11.7422
150 130 79.4252
151 0 3.43268
151 4 11.0881
151 16 4.76236
151 18 11.8693
151 38 7.48069
151 41 2
151 107 9.11906
151 108 6.51486
151 109 10.2701
151 139 8.08517
151 147 2
151 179 2.96292
151 188 16.1165
151 220 2
151 225 5.59182
152 0 4.73745
152 5 12.6961
152 11 10.0319
152 35 23.2429
152 56 9.84742
152 84 26.8712
152 119 9.87317
152 130 2.0946
152 244 11.4543
153 0 9.37379
153 72 27.2241
153 127 12.9377
153 197 14.3206
153 221 17.7182
154 0 6.37882
154 25 12.1349
154 26 8.61783
154 36 27.9727
154 84 21.2865
154 168 18.0324
154 191 12.3682
154 234 17.4876
154 241 21.0665
154 249 4.89967
155 0 24.4719
155 5 5.41673
155 8 15.5798
155 21 4.97901
155 69 5.93988
155 91 2
155 94 13.5203
155 107 2.18567
155 108 2
155 123 4.08795
155 195 5.31424
156 0 14.3647
156 50 3.31725
156 76 7.97786
156 97 17.9347
156 108 17.1992
156 116 10.2701
156 152 22.294
156 154 5.52124
156 201 11.3345
157 0 3.06002
157 164 17.1618
157 169 26.6533
157 198 14.0623
157 200 24.4715
158 0 29.4209
158 41 28.2365
158 111 73.77
158 141 20.8603
159 0 24.3363
159 7 3.45955
159 19 21.044
159 83 10.898
159 110 2
159 112 3.97922
159 116 10.5194
159 161 2
159 229 11.5588
159 241 4.59769
160 0 2
160 9 8.63487
160 18 11.0465
160 49 9.77514
160 75 2
160 80 8.6077
160 108 5.59144
160 146 19.8716
160 147 14.135
160 201 23.4862
160 230 5.06902
161 0 21.5224
161 9 9.85727
161 44 15.5067
161 93 14.3289
161 102 6.05782
161 116 8.02182
161 129 3.31277
161 159 2
161 169 16.294
161 248 3.31554
162 0 28.4919
162 35 9.99728
162 72 21.0205
162 155 20.7418
162 184 2.37957
162 198 8.72026
162 249 26.0667
163 0 34.9375
163 52 53.723
163 62 25.2887
163 72 33.909
163 200 32.0192
164 0 19.4436
164 10 8.7489
164 30 6.91609
164 76 19.9508
164 77 15.7173
164 172 25.9433
164 201 12.7028
164 220 34.7011
165 0 17.3026
165 35 4.83555
165 41 12.8649
165 85 7.51052
165 116 16.2821
165 156 4.5541
165 169 2
165 194 13.0148
165 217 7.0582
165 248 8.18673
165 249 15.1266
166 0 5.81526
166 142 23.7127
166 153 34.6161
166 197 33.6706
166 218 22.0048
166 228 13.6997
167 0 24.3188
167 2 13.7723
167 52 3.79316
167 65 6.63826
167 83 9.85369
167 85 7.21172
167 91 23.8627
167 218 19.3957
168 0 31.7554
168 123 20.2073
168 133 40.5008
168 141 23.8557
168 220 18.6563
168 232 31.9284
169 0 9.9613
169 24 10.1425
169 30 9.30288
169 36 5.78032
169 119 13.8391
169 141 5.38685
169 169 8.61097
169 186 8.15703
169 222 16.4997
169 244 13.8929
170 0 18.9904
170 36 16.2187
170 65 13.4569
170 125 46.7164
170 218 6.22925
170 226 15.3781
171 0 34.4417
171 35 27.6888
171 44 8.62173
171 50 35.8085
171 75 9.15199
171 125 23.7884
171 141 4.09115
171 169 18.3633
172 0 2.76591
172 10 13.0037
172 52 15.6351
172 76 7.52003
172 95 10.1364
172 141 8.28178
172 149 13.4199
172 154 12.9761
172 159 10.1851
172 169 14.6259
172 214 11.3041
172 218 19.6514
172 249 7.11622
173 0 5.42271
173 54 5.68805
173 67 3.22073
173 69 2
173 82 12.4368
173 102 6.59815
173 109 19.8778
173 172 6.54768
173 218 10.9263
173 223 11.8542
173 226 11.4387
173 241 13.5119
173 249 21.8568
174 0 7.02554
174 33 8.11564
174 42 11.8481
174 69 8.95274
174 80 9.75743
174 111 3.27592
174 153 17.3708
174 154 2
174 176 5.27408
174 217 4.42269
174 235 14.9866
175 0 4.21935
175 4 7.00404
175 26 16.2762
175 46 3.91522
175 74 22.8499
175 108 10.8623
175 116 5.34632
175 188 5.41363
175 195 6.45568
175 228 2.00677
176 0 17.734
176 46 11.6233
176 74 5.30216
176 175 19.5534
176 196 9.94065
176 218 5.11688
176 246 20.8643
177 0 29.6932
177 57 22.2164
177 108 14.951
177 121 5.55413
177 127 4.28223
177 241 26.6316
177 249 24.6247
178 0 15.0777
178 30 17.1535
178 37 16.2774
178 74 14.5476
178 84 10.2442
178 154 6.91085
178 165 13.0073
178 184 2
178 220 2
178 226 2
178 232 7.93807
178 234 2
179 0 35.1773
179 108 38.3122
179 134 28.7453
179 205 5.16939
179 246 2
180 0 15.023
180 25 13.8764
180 46 4.04301
180 49 9.05787
180 52 15.55
180 115 6.35034
180 125 6.03012
180 147 4.00487
180 154 11.5344
180 165 4.8359
180 169 3.38683
180 181 11.038
180 220 2.78569
180 226 3.265
180 232 9.21881
180 247 9.14352
181 0 7.91721
181 2 8.27628
181 26 6.86603
181 27 14.3448
181 74 11.526
181 84 15.0871
181 95 19.159
181 109 2.86802
181 131 2.90731
181 149 7.99923
181 197 9.72963
181 214 2.79282
181 228 7.88931
182 0 25.5391
182 65 9.94314
182 108 5.6813
182 130 17.5435
182 165 18.0345
182 178 6.81792
182 184 17.2072
182 188 12.5312
182 201 7.86655
183 0 12.5114
183 35 16.3708
183 50 15.5629
183 62 13.0361
183 64 11.2171
183 70 2
183 71 16.5157
183 76 5.91996
183 91 20.8366
183 122 4.82782
183 142 4.49461
183 212 17.0543
184 0 9.03869
184 29 6.08075
184 52 26.9523
184 56 13.6103
184 80 21.3997
184 139 3.13991
184 165 19.2434
184 200 8.46534
185 0 22.5658
185 49 4.96073
185 60 8.68769
185 86 14.3443
185 109 7.81738
185 147 16.5303
185 200 19.795
185 217 21.8143
186 0 19.3885
186 18 3.6538
186 67 7.49581
186 108 32.5315
186 158 30.3123
187 0 5.21166
187 10 18.4909
187 47 4.52541
187 91 11.5917
187 108 10.0887
187 122 14.7004
187 132 2
187 167 19.2743
187 184 11.526
187 211 7.74241
188 0 17.521
188 56 8.88831
188 80 8.51987
188 115 2
188 120 9.50155
188 138 14.6004
188 222 31.7402
188 237 18.5785
189 0 31.9464
189 46 33.7915
189 84 27.3745
189 95 37.5547
189 109 35.9644
189 237 41.3997
190 0 13.0141
190 62 11.32
190 69 2
190 109 34.9764
190 169 16.7789
190 191 15.963
190 200 17.4813
191 0 28.0463
191 18 19.8436
191 44 34.5788
191 161 11.288
191 176 41.0912
191 218 6.30428
192 0 16.9855
192 2 2
192 83 29.6923
192 92 2.01719
192 95 8.9178
192 139 4.96474
192 158 18.0147
192 194 9.12542
192 201 23.2493
192 209 15.5948
193 0 3.84147
193 50 11.6052
193 56 27.0507
193 82 11.6724
193 125 16.5279
193 175 18.6955
193 182 19.2729
193 185 13.4974
193 209 20.9131
194 0 14.9523
194 3 17.8875
194 7 13.9443
194 34 7.8805
194 42 16.3045
194 52 2
194 111 5.53369
194 125 12.198
194 133 7.75915
194 146 17.1271
194 149 31.7958
195 0 2.37647
195 1 8.08921
195 5 7.57074
195 24 11.7315
195 25 11.6935
195 38 2
195 46 2.39839
195 108 2
195 140 7.54194
195 165 10.0413
195 177 2
195 182 2
195 186 3.34001
195 210 5.31496
195 235 13.2976
196 0 9.4264
196 6 10.8968
196 42 12.4197
196 64 12.5791
196 68 10.02
196 79 5.4524
196 108 9.23928
196 109 9.07864
196 193 4.48738
196 194 9.25309
196 200 31.4252
197 0 6.01993
197 7 7.55042
197 10 2
197 13 4.8596
197 19 5.73939
197 59 7.64894
197 116 19.3712
197 129 14.355
197 131 10.3253
197 157 6.14707
197 165 6.31069
197 200 3.51555
197 218 7.74343
198 0 26.385
198 49 30.9441
198 52 15.488
198 65 22.8346
198 115 8.22883
198 147 12.0184
198 191 9.70101
199 0 13.1206
199 7 11.8371
199 18 16.3031
199 59 23.0125
199 108 21.3595
199 147 6.31877
199 188 30.657
199 200 15.797
200 0 7.7269
200 16 8.65503
200 95 20.4973
200 133 30.9588
200 169 8.4545
200 176 7.12958
201 0 22.4037
201 42 24.7222
201 52 12.6049
201 60 5.82119
201 103 5.67114
201 116 6.97587
201 125 27.541
201 153 10.0528
201 218 16.6561
202 0 21.2712
202 7 2
202 52 12.3793
202 55 30.6608
202 80 33.3038
202 249 17.8512
203 0 6.03046
203 67 20.4272
203 84 21.6184
203 86 7.95528
203 195 2.78852
203 197 5.99385
203 208 31.7984
204 0 2
204 4 12.2296
204 46 6.67691
204 107 52.2814
204 116 3.28574
204 154 39.9573
205 0 23.6952
205 10 12.4462
205 24 19.0334
205 92 10.5374
205 107 13.0985
205 110 13.3293
205 154 9.18567
205 159 10.1682
205 168 20.4765
205 208 14.4193
205 220 24.2301
205 235 19.4765
206 0 46.9015
206 107 2
206 134 36.2592
206 169 17.1788
206 198 2.03741
207 0 19.1985
207 24 6.61486
207 27 2.70475
207 108 7.89646
207 115 14.7555
207 123 2
207 133 19.6575
207 147 7.07045
207 194 8.16781
207 196 14.3213
207 221 5.51074
207 248 4.81955
208 0 8.32886
208 10 18.0403
208 114 9.33636
208 135 23.2723
208 165 14.3593
208 176 14.6593
208 200 3.1909
208 218 6.559
208 249 19.0672
209 0 73.5645
209 155 49.0924
209 166 39.0002
209 224 32.9044
210 0 13.6786
210 7 12.3747
210 41 16.1996
210 114 2
210 115 12.7251
210 125 9.02207
210 139 11.4926
210 142 2.69118
210 191 10.6465
210 209 5.93914
210 219 13.7137
210 239 4.69594
211 0 14.6838
211 27 5.41695
211 32 23.575
211 108 4.0014
211 147 17.5318
211 165 7.75701
211 188 4.87872
211 195 27.7077
212 0 3.54209
212 44 23.9123
212 68 31.389
212 153 50.6749
212 176 35.8161
213 0 7.48264
213 61 11.1331
213 75 22.6815
213 175 34.2571
213 184 19.8751
213 229 24.0648
213 245 17.1844
214 0 19.4154
214 14 16.3411
214 37 6.09017
214 64 16.0343
214 94 4.80678
214 108 17.9451
214 122 10.1534
214 133 21.3459
214 177 20.2873
214 201 8.78147
215 0 19.3137
215 2 5.71361
215 33 2.23585
215 100 16.4005
215 116 13.2879
215 162 11.8874
215 169 12.3302
215 180 6.39414
215 194 11.7344
216 0 23.1546
216 35 36.0771
216 109 11.2098
216 144 13.8861
216 169 10.878
216 208 3.32425
216 220 5.30676
217 0 7.21045
217 46 14.0177
217 76 9.01801
217 84 8.29252
217 91 5.97967
217 109 2
217 111 17.7306
217 115 7.1696
217 149 14.365
217 154 3.79405
217 161 10.6829
217 200 6.80644
217 208 6.6715
218 0 9.90399
218 30 22.2351
218 44 15.65
218 109 25.3482
218 125 3.83507
218 153 6.61456
218 168 12.3856
218 176 3.77901
218 208 4.67312
218 232 11.1828
219 0 8.63433
219 18 6.78808
219 38 15.8939
219 80 8.97621
219 107 13.029
219 109 7.86433
219 133 15.4507
219 199 2
219 200 18.4802
219 208 16.8777
219 210 10.8336
220 0 15.6084
220 47 34.3919
220 49 9.39241
220 85 2
220 94 23.9357
220 154 20.9973
220 207 2.74003
221 0 13.5475
221 4 32.6429
221 7 36.2261
221 107 4.40691
221 125 17.34
221 140 26.5922
221 143 11.8515
221 241 16.5443
222 0 7.37407
222 13 5.08351
222 91 6.31559
222 92 2.32673
222 123 2
222 125 11.5592
222 133 10.3293
222 138 12.5431
222 147 5.71844
222 158 2.78375
222 162 11.4274
222 169 6.28324
222 175 8.0831
222 182 14.3972
222 200 5.87473
222 218 9.6614
223 0 9.66014
223 10 21.5327
223 114 11.2147
223 149 3.1411
223 184 8.63141
223 192 30.0731
223 197 17.6408
223 213 30.432
223 248 16.5655
224 0 6.99406
224 13 16.579
224 18 11.8697
224 22 31.1762
224 64 2.0226
224 113 13.597
224 131 8.43784
224 191 19.6174
224 218 22.054
224 241 6.7878
225 0 17.8709
225 62 15.3199
225 119 25.1504
225 132 23.2561
225 133 18.441
225 141 23.899
226 0 23.5432
226 22 2
226 67 23.8288
226 115 16.3661
226 165 11.0442
226 184 5.65919
226 191 4.588
226 222 2
226 236 3.14758
226 246 19.9469
227 0 17.8779
227 76 7.53486
227 80 6.37739
227 91 6.81218
227 108 5.59626
227 109 9.73889
227 205 7.809
227 209 4.26153
227 218 4.29881
227 241 4.81403
228 0 4.96387
228 42 22.9213
228 133 4.08394
228 154 10.4927
228 179 14.053
228 220 18.0723
228 227 18.2106
228 230 5.73927
228 249 16.8451
229 0 6.69128
229 18 13.4714
229 25 24.7594
229 35 10.2955
229 36 6.68918
229 47 22.4983
229 52 15.816
229 194 21.7049
229 199 13.8464
230 0 5.11613
230 3 7.28198
230 5 11.8207
230 38 8.36371
230 52 5.29009
230 72 6.89888
230 82 7.17303
230 110 11.2245
230 116 5.63657
230 133 10.1074
230 222 23.3801
230 244 13.7506
231 0 8.80445
231 4 2.93369
231 10 15.0696
231 35 2
231 42 14.3958
231 71 3.91642
231 76 6.16031
231 80 6.99496
231 110 7.60272
231 149 21.9661
231 194 7.90772
231 218 2
232 0 2
232 22 2.57811
232 46 7.79382
232 52 10.8244
232 84 16.5881
232 91 14.0795
232 118 2
232 218 22.6336
232 232 16.4355
233 0 10.6605
233 14 20.5786
233 35 10.0046
233 50 15.4525
233 84 2
233 91 10.3145
233 111 33.1193
233 125 5.67989
233 229 9.68865
234 0 2.2429
234 10 3.96897
234 35 16.3549
234 44 13.5252
234 67 3.192
234 111 7.82372
234 185 7.54756
234 208 2.72373
234 226 6.4169
234 249 9.34163
235 0 32.1747
235 80 10.4253
235 110 24.4862
235 118 25.2546
235 124 4.39026
235 129 7.85353
235 218 27.584
236 0 3.89936
236 41 2.62176
236 44 22.2462
236 86 26.3385
236 157 15.9725
236 170 6.06189
236 185 31.7109
236 246 20.3365
237 0 26.0298
237 24 3.66245
237 92 25.2846
237 95 16.7969
237 114 17.784
237 149 21.4324
237 197 9.0845
237 230 25.0238
237 232 2.94792
238 0 8.6543
238 16 23.5236
238 36 10.5855
238 44 7.09574
238 109 16.1347
238 115 14.2687
238 153 19.1275
238 166 14.6872
238 185 12.4942
239 0 11.6876
239 13 10.2366
239 116 14.3583
239 155 6.09735
239 162 3.82906
239 168 19.4244
239 197 13.3133
239 242 4.59467
240 0 10.9619
240 69 7.89686
240 109 2
240 123 18.5132
240 165 3.10995
240 168 3.45916
240 198 3.59236
240 219 6.32087
240 221 15.3497
240 226 3.93876
240 244 3.8829
241 0 8.37001
241 5 17.1712
241 13 6.59388
241 115 4.0396
241 147 20.7309
241 154 8.90362
241 166 12.4198
241 176 19.9349
241 182 9.89815
241 218 5.43616
241 241 8.39983
242 0 17.3962
242 47 4.4595
242 48 4.81621
242 86 15.0107
242 92 6.28987
242 111 2.58722
242 201 16.1004
242 228 2
242 249 19.1203
243 0 13.5786
243 5 2
243 10 15.0479
243 49 4.42219
243 52 19.1415
243 79 14.8066
243 91 10.9096
243 111 2
243 141 4.21846
243 172 8.21548
243 197 3.08445
243 214 8.68248
243 219 2
243 241 12.4872
244 0 8.83115
244 56 2
244 108 9.47108
244 109 12.1376
244 149 15.545
244 249 2
245 0 45.5651
245 46 68.5338
245 65 35.059
245 147 26.5554
246 0 6.19739
246 7 14.4405
246 33 12.4291
246 49 12.1266
246 62 17.8049
246 85 2.13104
246 100 14.3507
246 176 12.8237
246 218 7.70958
246 222 15.0887
247 0 37.7568
247 49 23.5749
247 134 10.8697
247 165 25.5516
247 176 22.1757
247 194 21.2626
248 0 13.0538
248 46 17.1094
248 49 8.06199
248 59 17.5189
248 85 12.1554
248 108 3.7939
248 113 9.96094
248 125 2.09542
248 134 11.6377
248 135 11.5119
248 147 25.9787
248 153 4.41427
248 154 9.17362
249 0 13.1567
249 24 15.8449
249 110 10.6911
249 113 2.0728
249 114 2
249 133 9.23846
249 154 2
249 164 2
249 198 20.6835
249 246 15.4462
249 248 8.70588
