250 250 2000
0 0 26.5797
0 21 3.52698
0 48 12.4365
0 115 2
0 180 24.6482
0 206 11.412
0 207 14.7207
0 234 22.9436
1 0 10.9547
1 21 22.3013
1 62 28.8649
1 98 42.6146
1 212 40.648
2 0 6.79291
2 6 17.2208
2 27 15.1287
2 32 4.80267
2 52 5.5529
2 57 26.0747
2 113 6.13382
2 115 7.44638
2 154 2.39769
2 223 14.8985
3 0 3.39518
3 29 16.9137
3 32 4.41807
3 92 13.9532
3 114 3.80678
3 127 7.44332
3 174 16.7286
3 188 12.0478
3 189 10.2057
3 207 11.4268
4 0 12.5475
4 48 28.6428
4 100 48.4838
4 231 44.4862
4 243 23.1236
5 0 16.0018
5 15 24.459
5 40 11.1256
5 50 15.6425
5 181 20.1389
5 207 15.4694
5 220 9.66979
5 243 11.3883
6 0 21.4514
6 3 9.38139
6 16 11.6875
6 32 18.5411
6 63 17.3782
6 89 28.4329
6 121 19.3702
6 223 6.45889
7 0 14.2457
7 21 26.8158
7 34 4.64506
7 100 2.13267
7 128 7.4695
7 163 11.0289
7 171 2
7 218 2.96489
7 221 4.79593
8 0 11.5302
8 14 4.34477
8 16 3.12181
8 21 13.1944
8 29 5.63974
8 79 4.10618
8 113 2
8 118 16.6878
8 151 12.965
8 168 14.3538
8 203 2.02133
8 220 7.7466
8 223 2
8 238 2
9 0 14.3314
9 34 6.83451
9 82 4.21329
9 116 2.38773
9 157 11.0174
9 195 8.04491
9 207 5.70027
9 219 25.2033
9 221 21.9016
10 0 2.92446
10 7 3.32431
10 14 10.8586
10 41 9.80689
10 56 18.9798
10 83 11.7512
10 114 2
10 118 4.24333
10 180 22.609
10 206 15.2745
10 211 2
10 241 7.27548
11 0 2
11 3 8.55197
11 40 18.4328
11 83 5.66739
11 98 4.16179
11 157 9.47697
11 170 4.61953
11 210 2
11 214 22.0402
11 228 19.9183
12 0 2
12 16 5.58744
12 21 2.93017
12 31 19.2677
12 56 17.3338
12 93 7.1997
12 126 8.52215
12 164 10.7591
12 221 6.44421
12 225 2
12 231 4.21084
13 0 4.06296
13 6 6.95567
13 29 11.0168
13 34 12.309
13 48 9.75405
13 89 3.39374
13 151 4.62754
13 159 2
13 199 3.31917
13 206 7.09197
13 207 2.29577
13 216 5.34935
13 223 3.1421
13 225 5.13133
13 234 6.77741
14 0 20.9882
14 10 20.847
14 105 20.3826
14 161 50.9767
14 196 29.5274
15 0 63.0733
15 100 18.5807
15 169 59.9829
15 223 8.31708
16 0 4.35582
16 16 20.752
16 33 3.07831
16 73 7.93415
16 110 5.16725
16 113 15.8649
16 188 14.705
16 207 16.313
16 210 12.4173
16 237 7.96964
17 0 11.0487
17 12 2
17 13 21.3752
17 16 30.9589
17 42 2.92613
17 86 18.2772
17 170 16.562
18 0 23.7507
18 35 2.84655
18 93 23.4021
18 108 7.77442
18 168 7.72813
18 210 9.86315
18 221 5.90488
18 223 4.64146
19 0 5.57006
19 19 19.328
19 43 4.31994
19 49 17.3077
19 95 6.91815
19 100 13.2977
19 121 11.3284
19 135 18.1714
19 190 11.3012
19 211 4.41314
19 220 8.34777
19 223 7.65068
19 231 2
20 0 14.1967
20 6 6.52672
20 10 5.72715
20 16 5.55947
20 21 26.8585
20 68 4.19513
20 207 5.84788
20 220 19.4194
20 223 24.7766
20 226 3.14497
21 0 26.6979
21 24 39.4166
21 29 27.0247
21 93 21.8049
21 98 20.4673
21 241 50.0003
22 0 21.5078
22 29 2
22 34 5.43019
22 93 10.4013
22 139 2
22 190 32.0407
22 205 14.776
22 223 10.4561
22 238 15.7034
23 0 47.6446
23 35 5.83691
23 188 15.938
23 207 24.9348
23 211 27.7579
23 215 8.14078
24 0 15.9609
24 10 20.3326
24 29 12.3583
24 43 27.8441
24 48 17.2616
24 65 2
24 77 17.6737
24 168 4.21785
24 177 4.66602
25 0 39.8952
25 36 15.0292
25 124 25.5127
25 139 25.7081
25 154 17.5022
25 157 2
25 217 3.75197
26 0 6.10507
26 13 3.23717
26 16 12.9929
26 24 12.3406
26 31 4.70061
26 44 4.67803
26 98 3.361
26 100 3.63034
26 113 6.96823
26 117 2
26 139 17.9109
26 142 10.5431
26 194 8.91039
26 220 4.89268
26 232 2.11779
27 0 32.8245
27 3 21.7171
27 93 20.904
27 115 17.1561
27 159 2.75951
27 174 21.1779
27 195 9.52584
28 0 27.5617
28 14 5.10877
28 65 28.9146
28 106 16.1345
28 121 18.0205
28 154 12.0145
28 156 11.361
28 161 7.36992
28 225 3.6975
29 0 18.0529
29 13 19.4515
29 17 16.0352
29 99 2
29 104 2
29 105 9.40749
29 115 2
29 161 11.7572
29 180 9.95978
29 185 23.4063
30 0 22.2844
30 48 17.9152
30 89 7.79228
30 127 18.2107
30 222 33.1772
31 0 9.12037
31 16 13.4248
31 29 4.71833
31 32 14.2085
31 99 21.043
31 101 2
31 187 13.9843
31 206 2.83717
31 212 4.50215
31 215 18.0887
32 0 40.4064
32 10 22.6031
32 21 6.93379
32 67 5.22207
32 105 28.5689
32 232 24.7633
33 0 10.446
33 77 2.18535
33 99 10.2406
33 126 13.677
33 128 18.4849
33 168 10.091
33 173 3.90964
33 215 3.18468
33 223 5.19532
34 0 16.4177
34 8 12.8948
34 13 11.4182
34 26 5.66066
34 38 11.4106
34 84 11.9022
34 154 2
34 161 19.0363
34 173 2
34 207 15.2065
35 0 2.72215
35 10 14.5266
35 13 4.28141
35 29 21.486
35 33 4.62971
35 90 3.28062
35 108 6.38164
35 114 11.8894
35 175 2.98067
36 0 10.5866
36 15 15.727
36 55 18.2882
36 56 46.9683
36 83 4.89961
36 128 32.9959
37 0 35.344
37 10 14.8295
37 115 33.2435
37 155 5.59313
37 231 2
38 0 12.0012
38 13 6.98904
38 19 10.9762
38 37 14.8425
38 54 9.51755
38 63 4.17795
38 103 12.1328
38 126 2.11186
38 167 9.93669
38 180 5.49116
38 202 5.97011
38 209 19.6867
38 218 18.781
39 0 2
39 10 2
39 14 12.7988
39 46 11.7707
39 56 7.44878
39 100 13.0039
39 108 5.66827
39 117 12.2933
39 129 10.8654
39 157 8.99508
39 170 4.91141
39 199 9.88047
39 242 10.4979
40 0 16.9413
40 4 23.7741
40 16 14.9064
40 97 8.36157
40 175 7.39917
40 207 7.40793
40 242 16.7805
40 245 22.3396
41 0 18.7797
41 62 14.6299
41 79 3.65728
41 112 22.2279
41 113 22.9947
41 158 16.2449
41 191 4.39809
41 213 8.46201
41 225 15.2067
41 241 7.77988
42 0 5.11441
42 8 3.6735
42 21 15.6524
42 26 17.777
42 29 12.0772
42 56 18.3379
42 79 16.739
42 100 6.16589
42 130 8.81593
42 167 11.9267
42 207 2
42 215 2
42 217 10.3914
43 0 28.9643
43 12 16.0398
43 168 5.63843
43 172 42.5376
43 175 3.03297
44 0 3.13163
44 27 7.47057
44 40 22.6296
44 91 17.9261
44 102 22.8355
44 139 2.72744
44 206 3.27153
44 220 4.23313
44 223 10.0648
45 0 6.68182
45 32 9.98993
45 37 2
45 40 17.5779
45 85 4.60387
45 89 3.7258
45 97 5.46449
45 101 6.23323
45 104 12.1995
45 124 4.39317
45 147 8.16544
45 189 5.19448
45 207 12.9827
45 230 12.4841
46 0 27.3205
46 38 3.28044
46 56 44.9235
46 67 21.0441
46 123 15.0063
46 217 21.6132
47 0 6.96492
47 111 43.4277
47 126 7.5072
47 140 23.9259
47 211 7.21937
47 223 5.8145
47 245 15.9503
48 0 38.8471
48 27 23.8852
48 173 31.2978
48 180 24.6513
48 188 17.1582
48 202 17.6686
49 0 9.48772
49 16 22.1582
49 67 11.4066
49 93 17.7952
49 99 8.35856
49 104 17.212
49 118 13.7341
49 134 18.4674
49 188 2.53632
49 207 6.41887
49 235 6.19663
50 0 16.742
50 31 2.15373
50 40 4.80251
50 151 18.31
50 221 13.4152
50 226 9.14766
50 232 25.342
50 235 4.80884
51 0 21.7466
51 16 6.74862
51 20 4.28328
51 43 14.1431
51 93 7.07274
51 110 15.2631
51 188 9.8497
51 237 20.9368
51 238 21.2404
52 0 24.2103
52 21 6.35458
52 55 6.97244
52 93 6.24635
52 115 13.665
52 210 2.04001
52 215 23.7395
52 223 2
52 237 3.94717
53 0 6.62489
53 30 7.99012
53 33 20.9037
53 98 39.6459
53 207 12.0863
53 240 33.5901
54 0 37.0841
54 99 14.1632
54 100 36.9544
54 106 40.1542
54 140 4.58534
54 168 31.5548
55 0 11.6489
55 122 12.7657
55 151 2.55329
55 193 13.3076
55 220 34.6965
55 234 7.63577
55 238 6.48641
55 249 18.509
56 0 16.7007
56 6 8.94845
56 12 17.3514
56 16 6.51216
56 90 15.9492
56 182 5.3926
56 245 18.3609
57 0 8.91519
57 18 23.5117
57 29 31.7426
57 67 2
57 115 36.6893
57 223 20.9873
58 0 22.6989
58 2 27.9606
58 43 34.6597
58 112 13.0817
58 157 20.8118
58 188 29.1055
58 195 3.80242
58 211 28.9344
59 0 22.394
59 15 41.024
59 93 18.1957
59 113 23.3831
59 159 28.6252
59 177 46.5457
59 179 10.8336
60 0 5.55925
60 10 11.2282
60 46 9.40985
60 50 4.46531
60 88 7.7375
60 98 2
60 126 7.17586
60 161 4.14627
60 169 13.1039
60 196 6.19456
60 207 16.8497
60 220 2
61 0 31.9916
61 55 32.0186
61 83 25.7714
61 172 13.5217
61 206 22.7654
61 234 39.7549
62 0 6.92927
62 7 17.66
62 31 16.8538
62 48 4.03342
62 100 3.96392
62 105 8.48262
62 110 22.2555
62 223 3.47268
62 225 2.66284
62 231 12.1667
63 0 3.18452
63 16 16.0405
63 21 8.66579
63 34 2.12452
63 85 2.08726
63 110 4.23755
63 128 6.08527
63 151 12.5507
63 157 11.5642
63 167 2
63 225 2
64 0 7.69064
64 15 39.7239
64 16 34.2924
64 31 8.51342
64 91 24.3373
64 113 8.33431
64 191 19.015
65 0 8.43545
65 13 13.2012
65 34 2.97071
65 43 11.873
65 57 18.1114
65 100 5.86831
65 118 4.48303
65 156 11.3856
65 206 24.8421
66 0 29.6128
66 159 15.803
66 182 30.5811
66 202 18.642
66 223 25.5326
67 0 2
67 30 4.73958
67 43 26.7087
67 67 13.9643
67 76 11.6888
67 206 20.3225
67 223 11.843
68 0 8.06319
68 55 12.4874
68 121 3.96598
68 161 7.12535
68 170 6.12358
68 175 11.6247
68 181 23.4077
68 190 8.41118
68 213 6.43985
69 0 6.85705
69 29 24.8391
69 144 28.2824
69 158 21.6133
69 164 3.2624
69 181 11.8409
69 222 31.4938
69 225 7.30542
70 0 5.2954
70 29 15.0292
70 38 16.8272
70 68 14.7507
70 77 6.05856
70 79 10.7927
70 91 2.42723
70 130 20.9338
70 215 7.08044
70 216 15.399
71 0 5.72387
71 7 3.82189
71 16 14.9259
71 27 14.4176
71 40 9.22588
71 56 18.8137
71 70 18.9848
71 101 25.1214
71 161 19.5565
71 187 10.1778
72 0 5.38144
72 12 7.87382
72 17 20.2095
72 33 7.68561
72 48 2
72 53 14.2908
72 99 2
72 168 18.06
72 176 11.6315
72 218 2.63094
72 234 17.4141
72 241 2.14002
73 0 8.47698
73 29 2
73 38 10.9602
73 93 6.16631
73 100 9.05943
73 103 5.03759
73 122 12.6683
73 206 13.121
73 215 14.4977
73 226 16.5095
73 232 9.16632
73 241 12.7661
74 0 2
74 32 42.0368
74 39 11.5409
74 115 30.6899
74 171 24.8428
74 235 17.1111
75 0 5.75767
75 27 7.56758
75 55 4.47027
75 100 9.16231
75 104 7.69569
75 139 23.0404
75 151 3.00299
75 171 23.7027
75 223 16.0146
75 238 4.50534
75 240 7.0983
76 0 7.78522
76 7 10.4194
76 18 20.4602
76 55 5.83806
76 90 5.00392
76 139 14.4458
76 157 11.8746
76 159 7.50978
76 206 2
76 216 2
76 223 11.1126
76 238 3.10986
77 0 17.1616
77 2 13.9707
77 33 32.2206
77 48 21.2272
77 100 2
77 161 26.5173
77 220 2
77 223 5.07727
77 225 2
78 0 4.19848
78 48 4.24875
78 104 23.7558
78 115 25.6512
78 161 19.4436
78 168 2.61516
78 215 6.77362
78 241 2
79 0 15.2777
79 5 10.8761
79 32 9.80151
79 48 4.55652
79 63 11.8703
79 95 15.9696
79 102 23.8135
79 188 16.9954
79 207 10.043
79 240 10.7109
80 0 9.25437
80 29 10.6098
80 55 22.4955
80 67 15.4976
80 114 2
80 156 14.9602
80 158 9.45061
80 161 4.27282
80 223 26.0873
81 0 28.8746
81 55 21.5469
81 118 25.4737
81 167 17.4308
81 202 19.4517
81 219 27.6571
81 221 8.28193
82 0 21.4746
82 35 13.5965
82 50 2.93509
82 85 18.2175
82 93 12.3066
82 99 15.522
82 113 2.42173
82 128 13.7764
82 145 14.3818
82 175 16.8252
82 223 24.6673
83 0 5.79914
83 25 7.76761
83 67 2.92814
83 86 11.3529
83 98 2.87392
83 104 3.04018
83 110 15.9944
83 137 17.2382
83 161 3.78034
83 173 13.703
83 188 6.52122
83 223 11.9278
84 0 9.74121
84 29 12.1634
84 40 19.8253
84 48 12.8682
84 95 14.2414
84 180 14.563
84 188 8.84893
84 210 2.33318
84 218 10.2942
85 0 17.4373
85 40 41.3301
85 56 3.10198
85 99 16.2483
85 175 2
85 180 6.21406
85 234 24.0054
85 238 8.44974
86 0 10.9869
86 12 17.8777
86 17 8.82507
86 38 11.3552
86 40 2
86 70 10.9624
86 89 12.5303
86 102 9.2587
86 125 9.61944
86 143 11.8277
86 148 4.94445
86 172 4.50443
86 196 10.7302
86 210 11.7291
87 0 11.2782
87 18 5.29018
87 28 10.5526
87 29 25.6715
87 30 6.66488
87 90 21.3604
87 99 5.98672
87 143 23.3654
87 210 15.9178
87 226 6.95355
87 242 18.7232
88 0 2.13477
88 82 15.6583
88 110 22.5943
88 118 9.88234
88 123 7.45743
88 158 36.815
88 167 18.7064
88 234 15.4272
89 0 29.0109
89 16 17.0224
89 17 9.69171
89 33 5.30587
89 118 18.177
89 180 26.7947
89 181 8.78944
90 0 2
90 6 9.7214
90 16 23.5326
90 24 10.4521
90 33 19.5342
90 56 9.27675
90 100 19.7408
90 110 8.05673
90 215 14.1077
90 238 12.2605
91 0 15.8034
91 12 11.7191
91 13 5.68421
91 32 17.5055
91 51 20.5401
91 78 9.6772
91 108 23.9177
91 110 18.6972
91 115 7.72997
91 128 8.14583
91 177 9.99496
91 225 5.78446
92 0 3.39567
92 12 3.41957
92 16 4.13635
92 18 3.7551
92 29 11.8723
92 55 13.3669
92 117 6.1944
92 171 15.2585
92 175 2.31651
92 190 16.736
92 216 2.98061
92 225 13.6122
92 235 11.3658
93 0 2
93 27 5.05713
93 40 25.116
93 56 2
93 86 8.69294
93 145 11.3501
93 158 20.5263
93 199 11.9769
93 204 26.0432
93 223 5.9874
93 245 19.4211
94 0 30.4036
94 6 2.22623
94 90 10.3997
94 106 15.058
94 151 9.18952
94 154 12.8666
94 159 20.7831
94 160 16.6975
94 188 7.81118
94 233 11.1098
94 235 21.3384
95 0 20.9462
95 25 13.3489
95 82 7.73618
95 106 16.9688
95 108 14.8488
95 173 8.58452
95 180 9.18017
95 195 22.7693
95 200 6.11818
95 232 3.32681
95 248 31.3739
96 0 7.11273
96 16 14.8777
96 43 32.6153
96 86 6.57674
96 113 2
96 161 24.5227
96 220 5.07431
97 0 8.76813
97 27 3.04048
97 37 3.67447
97 48 15.3883
97 55 3.97105
97 57 9.82759
97 75 15.7589
97 98 13.5898
97 100 12.8775
97 115 2.13448
97 182 8.61406
97 191 15.9982
97 194 7.35683
97 207 7.39894
98 0 34.1722
98 16 35.4668
98 38 23.6498
98 170 19.2529
98 190 18.3281
99 0 19.479
99 53 20.6432
99 63 33.5394
99 88 27.6258
99 95 15.7339
99 115 24.8521
99 141 18.7021
99 191 23.6051
100 0 2
100 12 17.8737
100 67 13.0887
100 90 11.538
100 93 7.77125
100 100 10.0419
100 151 22.3179
100 157 2.21193
100 159 5.19945
100 179 6.59063
100 221 9.12473
100 224 11.8596
101 0 3.21453
101 25 8.95585
101 29 23.2572
101 48 14.1513
101 59 9.08583
101 98 11.5702
101 156 8.47714
101 169 20.5489
101 191 8.92411
101 218 20.5967
101 225 4.36084
102 0 5.42584
102 57 7.01698
102 100 25.3056
102 161 30.611
102 201 5.51811
102 217 29.8565
102 235 37.3796
103 0 35.0857
103 29 22.8483
103 48 2.44475
103 93 26.6484
103 168 2.84829
103 248 45.3272
104 0 6.2896
104 21 10.9942
104 65 15.5883
104 72 13.3338
104 98 17.787
104 113 7.04396
104 175 4.67792
104 193 11.2783
104 223 12.618
104 248 11.4621
105 0 11.3384
105 21 14.2011
105 29 30.4385
105 40 12.1592
105 170 3.83574
105 202 11.0015
105 223 18.6293
106 0 8.63524
106 16 3.62106
106 34 2
106 48 4.70583
106 207 3.11344
106 215 2.88953
106 223 26.4786
106 235 12.6747
106 243 17.0029
106 248 14.5517
107 0 3.58521
107 52 16.1919
107 56 2
107 98 9.93641
107 188 18.4601
107 196 15.1224
107 207 6.3818
107 215 5.92365
107 223 2
108 0 10.5612
108 56 5.07302
108 100 3.09954
108 114 15.4771
108 122 12.7394
108 196 31.2984
108 202 9.53738
108 212 2
109 0 2
109 50 19.6328
109 57 7.94094
109 83 13.994
109 108 13.4857
109 121 9.13338
109 128 37.73
110 0 43.5895
110 91 60.2193
110 113 45.9086
110 223 16.9696
111 0 5.53869
111 6 2
111 29 4.70245
111 49 16.8662
111 53 2
111 56 10.9012
111 93 8.80467
111 103 5.19169
111 128 7.9581
111 151 17.6408
111 173 4.93102
111 175 3.02818
111 209 5.75459
112 0 10.8613
112 6 8.71735
112 15 12.1918
112 34 9.06843
112 110 28.7406
112 154 9.38985
112 211 5.00003
112 215 10.086
112 235 6.88565
113 0 3.66184
113 21 3.38933
113 29 6.90722
113 64 7.23774
113 77 3.72522
113 90 2.64036
113 115 4.73272
113 136 2.1895
113 159 10.0947
113 161 12.8307
113 181 9.01672
113 220 3.83867
113 223 3.84197
114 0 17.6615
114 29 4.03841
114 56 17.5404
114 65 31.7554
114 85 2
114 89 2
114 176 3.27879
114 207 26.8831
115 0 21.3314
115 29 17.0111
115 79 2
115 146 15.2801
115 170 11.2707
115 212 2.00113
115 216 21.1388
116 0 5.16615
116 5 15.5958
116 6 8.84664
116 26 8.93665
116 48 5.50455
116 113 9.00327
116 151 18.3324
116 170 7.4828
116 174 13.3087
116 188 2
116 204 20.7455
116 216 9.18084
116 240 9.06884
117 0 5.74394
117 26 4.16122
117 99 7.71707
117 128 16.7535
117 171 23.6759
117 180 5.40098
117 205 7.55534
117 207 8.03676
118 0 31.33
118 38 2.34932
118 67 2.84012
118 77 24.6625
118 113 34.7778
118 167 17.7434
118 177 21.4666
118 197 20.7801
119 0 16.3897
119 19 36.7909
119 77 15.7738
119 90 6.44466
119 104 14.0787
119 121 21.3647
119 188 4.81726
119 199 4.88841
120 0 2.37014
120 65 7.65254
120 93 10.0002
120 180 13.9669
120 195 15.0467
120 223 15.4651
120 225 2
120 227 8.69864
120 234 24.574
121 0 2
121 14 13.9009
121 133 32.4293
121 161 5.99972
121 201 8.17732
121 215 21.0132
121 221 9.72977
122 0 47.9745
122 21 41.0755
122 95 37.2022
122 115 20.3057
122 154 41.3256
123 0 11.0126
123 33 15.8059
123 52 17.8294
123 77 2
123 82 2
123 127 10.9184
123 135 5.94378
123 137 7.05994
123 188 7.62279
123 189 15.3834
123 221 14.9666
124 0 12.8635
124 138 31.8271
124 151 35.9793
124 168 12.1161
124 176 12.1992
124 215 2.60047
124 223 16.5187
125 0 21.4114
125 9 5.08755
125 50 20.3806
125 116 9.39047
125 147 9.06769
125 151 15.9326
125 212 13.3175
125 215 2
125 222 12.6715
126 0 36.8456
126 35 23.5611
126 88 11.6836
126 99 13.083
126 162 17.8429
126 188 18.1766
126 238 3.65724
127 0 31.7461
127 98 5.75167
127 180 11.0589
127 188 28.4076
127 214 5.64476
127 225 21.8843
127 235 8.12053
127 248 34.8986
128 0 40.6952
128 67 43.3947
128 100 31.2771
128 215 33.9918
129 0 2
129 16 10.6756
129 29 14.5255
129 48 2
129 91 4.14601
129 95 6.24712
129 142 12.2166
129 145 5.66861
129 180 3.84261
129 222 7.91557
129 230 6.1575
129 231 10.7471
129 248 12.4528
130 0 18.358
130 7 10.9922
130 18 3.64063
130 30 8.28856
130 33 19.2359
130 40 16.5784
130 42 14.4521
130 100 7.93106
130 169 2
130 171 8.15658
130 176 3.72122
130 181 13.6549
130 234 14.4338
131 0 9.55992
131 7 10.1782
131 29 14.1826
131 38 12.5723
131 47 22.0004
131 48 15.4999
131 67 10.4721
131 99 5.01181
131 171 8.04215
131 191 13.4266
131 223 21.4866
132 0 7.48551
132 1 9.30169
132 12 17.3538
132 21 5.61483
132 38 10.8167
132 40 5.64567
132 67 7.32637
132 78 8.21701
132 91 4.02994
132 93 6.90486
132 151 2.37257
132 156 12.1145
132 158 3.46923
132 211 9.32279
132 223 10.5255
132 230 5.97814
133 0 19.2615
133 13 13.4421
133 93 21.4827
133 103 18.7161
133 139 5.39195
133 215 10.3051
133 217 10.7047
133 223 8.93753
133 227 7.29376
133 231 7.62369
133 235 13.4281
134 0 14.33
134 33 2.44788
134 40 2.99367
134 72 10.6429
134 125 2.66792
134 128 6.53041
134 148 18.3533
134 154 2
134 171 10.6012
134 189 17.2068
134 193 6.67016
134 195 16.8163
134 206 2.03283
135 0 2
135 27 20.5477
135 43 2
135 67 17.2907
135 82 11.663
135 93 11.9196
135 145 8.81123
135 167 22.7697
135 242 13.9112
135 245 11.685
136 0 10.014
136 12 2
136 14 2
136 21 13.7977
136 40 10.7325
136 43 14.9062
136 56 11.83
136 83 2.04562
136 143 2
136 159 12.3494
137 0 2.88723
137 7 17.6005
137 11 12.9303
137 21 8.75702
137 40 21.2478
137 106 25.5704
137 174 2
137 185 13.2165
137 193 14.7697
137 215 8.44763
138 0 13.9223
138 16 6.52598
138 29 37.7205
138 39 29.2849
138 118 15.8959
138 176 26.9164
139 0 21.6513
139 7 2.92654
139 26 5.39078
139 104 3.54372
139 167 7.55141
139 170 6.3833
139 177 3.96998
139 188 7.66144
139 215 7.55041
139 223 5.70676
140 0 3.69209
140 32 2.05537
140 33 2
140 40 15.2177
140 77 10.1782
140 97 13.0004
140 100 19.8403
140 130 8.0168
140 160 11.442
140 173 20.8633
140 206 5.79751
141 0 12.1377
141 56 15.0301
141 67 3.18771
141 89 5.7735
141 151 2
141 159 19.9285
141 161 19.5905
141 188 2.8308
141 207 19.9073
141 233 2
142 0 43.343
142 55 60.8385
142 97 9.68627
142 100 28.9806
142 177 39.1179
143 0 17.9851
143 40 5.84918
143 70 4.64403
143 125 22.602
143 128 4.9751
143 154 10.3532
143 157 10.0041
143 161 11.7407
144 0 13.9031
144 49 8.29809
144 55 14.9681
144 56 17.2649
144 90 10.4221
144 100 12.2863
144 137 20.3085
144 175 3.91526
144 216 2
144 218 9.69149
144 223 8.57285
144 235 4.9502
145 0 7.4333
145 12 14.0345
145 21 9.43647
145 67 2.10198
145 84 10.8045
145 126 2
145 155 14.6528
145 176 7.09975
145 177 26.8067
145 215 4.39364
145 222 2.34361
145 243 11.3616
146 0 8.38657
146 13 23.9815
146 40 4.68042
146 115 25.4722
146 168 20.0622
146 169 7.92102
147 0 24.9527
147 24 13.8527
147 32 14.6686
147 93 7.09034
147 110 16.9807
147 159 2
147 223 11.493
147 240 21.1463
148 0 14.2833
148 16 7.75867
148 31 8.25892
148 55 20.9741
148 77 13.6274
148 90 3.1421
148 118 6.21997
148 177 10.17
148 191 2
149 0 27.2416
149 30 10.002
149 55 3.91087
149 56 17.0516
149 93 13.4948
149 94 4.0607
149 142 10.0506
149 180 3.53207
149 188 12.7705
150 0 5.32583
150 6 20.4471
150 16 20.6988
150 109 4.73711
150 117 2
150 127 17.1173
150 148 20.4275
150 160 8.50902
150 223 17.7346
151 0 3.63339
151 27 5.92276
151 43 3.32894
151 48 12.8026
151 97 5.12942
151 100 6.0275
151 108 14.5713
151 128 2
151 172 13.7023
152 0 5.05855
152 6 12.1253
152 14 10.9635
152 31 7.12908
152 40 2
152 48 9.97313
152 55 5.79946
152 82 4.49057
152 99 11.6102
152 109 8.11637
152 118 13.1297
152 188 7.63262
152 198 15.542
152 223 10.3236
153 0 26.8345
153 6 19.7751
153 95 6.95797
153 115 13.4606
153 122 3.1901
153 140 8.70633
153 245 22.9059
154 0 10.9494
154 7 20.3321
154 25 7.4827
154 93 2.53518
154 99 16.2878
154 118 20.9291
154 130 33.0338
154 203 2.62424
155 0 18.8074
155 14 7.9352
155 57 10.4051
155 94 14.9452
155 100 6.16096
155 115 3.02604
155 157 3.91097
155 195 18.8256
155 215 10.1277
155 217 12.8353
155 220 11.3031
156 0 24.9846
156 27 8.7552
156 37 19.5027
156 100 2
156 113 20.3798
156 196 22.7988
156 211 21.3594
156 243 3.29768
157 0 21.9283
157 17 7.55011
157 21 5.87082
157 37 12.2033
157 56 3.13497
157 108 18.5181
157 187 20.6532
157 221 22.8297
157 224 25.2961
157 232 7.41993
158 0 21.6674
158 33 18.9417
158 38 5.57703
158 40 25.2479
158 47 3.3109
158 56 5.92824
158 113 16.3026
158 122 10.9062
158 235 8.80476
159 0 27.6194
159 26 30.751
159 90 39.211
159 93 36.7513
159 224 7.25108
160 0 2
160 33 6.32777
160 37 4.59443
160 103 15.2215
160 113 7.58764
160 161 17.6221
160 168 11.686
160 206 22.1854
160 223 3.80926
160 235 7.09149
161 0 9.45646
161 8 4.97184
161 86 2
161 110 19.2141
161 129 18.5484
161 167 16.2762
161 189 7.9684
161 207 13.2368
161 223 7.58986
162 0 3.24024
162 1 2
162 29 26.146
162 40 22.83
162 56 31.0956
162 93 26.3542
162 97 17.48
162 105 23.3238
163 0 56.7655
163 13 2.3953
163 215 46.4368
164 0 3.65266
164 29 12.7539
164 31 2
164 63 6.8096
164 65 4.81734
164 118 5.13539
164 157 17.09
164 175 5.48897
164 184 12.7805
164 215 2
164 221 2.51801
164 223 8.60291
164 235 8.87988
164 249 2
165 0 16.1254
165 6 19.4486
165 36 32.9092
165 42 25.6686
165 48 2.50583
165 54 33.3908
165 110 4.88783
165 220 23.3489
166 0 24.9772
166 25 2.60248
166 33 4.31391
166 50 23.5308
166 83 17.2359
166 100 2
166 161 3.78543
166 168 3.58352
166 211 12.5948
167 0 23.6001
167 16 12.1845
167 33 30.2562
167 56 10.2735
167 93 17.3894
167 123 2.77636
167 143 5.11399
167 215 19.4841
168 0 6.93867
168 18 17.4907
168 90 22.376
168 97 20.9155
168 99 14.5021
168 161 15.6394
168 195 29.1331
168 207 22.3932
168 208 8.07874
169 0 2.00464
169 6 12.0162
169 16 4.98767
169 49 4.00457
169 67 5.37427
169 142 6.63387
169 161 32.9894
170 0 26.7757
170 24 18.1477
170 32 19.9161
170 93 2.16356
170 140 12.7358
170 217 32.1367
171 0 12.817
171 6 5.23742
171 32 17.2371
171 55 6.14864
171 115 13.6666
171 126 2
171 154 13.0537
171 181 19.6225
171 207 23.3366
171 248 15.3947
172 0 11.5395
172 12 13.1019
172 67 17.2357
172 105 17.2805
172 126 12.07
172 157 14.1835
172 188 11.9883
172 215 14.7869
172 223 2
173 0 2.06073
173 40 28.3163
173 43 30.196
173 125 15.4081
173 211 24.073
173 240 18.0538
174 0 10.6735
174 40 7.25794
174 63 2.86087
174 67 10.6488
174 83 8.0655
174 88 3.61549
174 96 8.84173
174 104 14.7673
174 113 9.88872
174 161 4.24679
174 177 5.21025
174 193 2
174 199 13.0317
174 207 7.47358
174 217 11.226
174 223 4.54176
174 232 7.03855
175 0 6.94635
175 29 43.3781
175 48 30.2325
175 97 33.0425
175 188 16.5993
175 240 19.9359
176 0 25.6111
176 26 17.7052
176 55 15.7296
176 97 22.7899
176 113 6.69171
176 167 10.8937
176 188 5.06801
176 207 14.172
177 0 30.9482
177 12 45.4843
177 13 27.8849
177 53 22.8796
177 145 14.939
177 152 8.63996
177 242 16.733
178 0 12.2055
178 12 18.428
178 32 11.8658
178 125 26.3185
178 128 31.1954
178 160 12.632
178 191 2.18345
178 195 5.72254
179 0 7.63021
179 13 8.04613
179 17 12.4087
179 28 8.78203
179 67 10.4394
179 93 2.24156
179 110 15.3858
179 140 2.36311
179 223 12.1413
180 0 14.0727
180 36 9.92071
180 89 5.0117
180 100 32.2347
180 105 21.6156
180 113 4.87337
180 154 12.0124
180 233 16.1388
180 235 7.28295
181 0 13.8509
181 16 17.7846
181 21 2.38301
181 34 3.19905
181 54 7.87983
181 55 14.2495
181 110 14.5894
181 128 2
181 208 9.60251
181 245 11.9473
182 0 49.4878
182 32 38.7351
182 98 34.8199
182 113 53.1016
182 160 2
183 0 11.2376
183 16 15.0624
183 29 5.63739
183 55 4.739
183 77 9.28977
183 89 6.14719
183 93 12.2963
183 137 6.66539
183 144 9.52841
183 168 2.08263
183 188 16.8337
183 190 16.1567
183 240 5.46391
184 0 28.384
184 67 3.04425
184 145 9.77193
184 161 32.8334
184 202 31.3878
185 0 7.68571
185 6 15.3244
185 29 7.46319
185 43 11.11
185 47 9.45252
185 57 4.65139
185 70 19.0377
185 100 2.21655
185 115 2.31361
185 145 18.1623
185 231 8.20624
185 249 3.71901
186 0 2
186 18 17.9293
186 25 15.531
186 29 5.32661
186 33 4.95441
186 67 11.0612
186 110 25.6108
186 124 23.4076
186 170 4.98665
186 215 7.5014
187 0 27.7484
187 29 18.873
187 77 2.25543
187 83 32.7348
187 110 14.5946
187 144 2
187 223 6.93607
188 0 18.4033
188 17 25.1259
188 38 16.8436
188 40 27.5147
188 102 33.0726
188 168 2
188 237 13.9477
188 248 2
189 0 23.603
189 39 23.627
189 40 28.9389
189 48 17.9741
189 78 10.9132
189 158 23.64
189 161 19.8743
189 206 11.5423
190 0 12.3704
190 10 12.7301
190 11 17.7993
190 12 14.3321
190 151 10.5339
190 180 18.2286
190 188 3.43891
190 205 12.0115
190 209 17.3637
190 211 4.97841
190 245 2.01246
191 0 6.41835
191 32 2
191 33 9.19116
191 65 18.3538
191 95 17.0987
191 113 2
191 161 10.1031
191 206 15.0631
191 226 2
192 0 29.3325
192 16 20.4876
192 137 19.6341
192 158 44.3306
193 0 7.2403
193 16 17.3398
193 48 12.7164
193 77 12.5396
193 93 7.20508
193 104 19.5398
193 113 3.59275
193 122 9.46636
193 189 11.7777
193 211 6.6441
193 240 6.73578
194 0 28.9118
194 1 9.58937
194 48 16.2275
194 93 10.2397
194 113 35.3498
194 210 39.4818
194 235 18.5614
195 0 17.3607
195 50 5.66301
195 67 27.2158
195 106 33.957
195 172 9.49613
195 180 14.0061
195 221 15.1007
195 223 6.86268
196 0 8.94668
196 29 6.79618
196 37 6.10206
196 40 6.30994
196 48 2
196 54 14.9769
196 77 7.07979
196 90 10.8708
196 115 16.6333
196 122 2.1028
196 177 4.24154
196 185 2
196 231 10.2382
196 233 9.72534
196 237 21.2546
196 247 6.01506
197 0 6.4025
197 35 11.9173
197 40 19.7485
197 145 16.626
197 158 21.6144
197 168 6.55568
197 170 18.8394
197 180 14.0162
197 217 2
197 235 7.8184
197 245 16.6649
198 0 13.1433
198 7 2
198 27 25.3351
198 43 35.9185
198 216 3.87357
198 223 12.4004
198 232 18.3877
198 237 12.5031
198 245 5.98537
199 0 14.6126
199 46 24.607
199 57 19.5116
199 63 3.38465
199 188 27.9591
199 200 32.8303
200 0 2.1959
200 16 12.724
200 21 3.14234
200 29 2.04227
200 43 2.07355
200 108 11.9685
200 122 13.3176
200 128 9.24138
200 129 17.618
200 167 21.2118
200 181 11.9074
200 182 3.79045
200 210 9.72912
200 233 3.78733
201 0 9.54605
201 167 29.8477
201 221 51.4748
201 231 38.6691
202 0 6.36789
202 56 2
202 77 33.0644
202 82 42.1034
202 105 26.0141
202 167 24.1808
203 0 22.2292
203 18 7.14437
203 32 3.86524
203 48 14.4939
203 52 14.6921
203 202 25.7824
203 207 27.128
204 0 19.5479
204 19 17.2238
204 90 17.3298
204 127 13.474
204 144 7.38013
204 161 12.36
204 202 33.6735
205 0 12.3298
205 6 2
205 7 2.88369
205 14 2
205 24 9.3655
205 27 11.6485
205 33 2.14458
205 34 7.57216
205 98 17.4866
205 105 12.5127
205 115 9.78883
205 164 2.66546
205 212 21.5713
205 215 4.6912
205 222 8.68286
206 0 42.7965
206 29 48.3264
206 42 75.4574
206 176 11.7972
207 0 2.24667
207 30 13.1098
207 32 2
207 33 8.93115
207 48 4.53648
207 54 6.87473
207 55 5.32012
207 57 2
207 63 5.01644
207 77 2.39476
207 90 6.11132
207 110 15.3295
207 182 12.2051
207 188 15.48
207 223 11.8222
207 225 2
208 0 50.8607
208 37 56.3522
208 40 25.8705
208 188 31.8495
208 189 30.2724
209 0 10.5968
209 30 3.14263
209 35 5.58724
209 52 7.61791
209 56 9.9569
209 73 6.32897
209 84 12.6056
209 86 7.85881
209 100 2
209 117 6.5454
209 130 11.8164
209 170 7.92585
209 189 12.5115
209 193 8.01003
209 230 2
210 0 2
210 29 2.04277
210 40 10.4532
210 53 7.84134
210 100 2.20345
210 115 4.40458
210 125 16.2181
210 128 5.42859
210 154 2
210 157 2.06461
210 166 9.2456
210 167 15.2145
210 206 9.85186
211 0 30.3894
211 33 2
211 48 25.8567
211 50 15.7848
211 90 17.6001
211 105 7.44533
211 108 26.2049
211 162 24.854
212 0 9.33738
212 30 15.0431
212 32 21.8446
212 40 4.96807
212 77 15.7587
212 116 3.54087
212 223 24.0797
212 233 15.3228
212 240 13.5095
212 242 25.5748
213 0 41.783
213 93 4.03146
213 157 37.3328
213 161 27.6588
214 0 8.04038
214 7 15.1736
214 10 2
214 20 3.41519
214 63 11.3422
214 90 19.6396
214 93 8.35117
214 110 11.6496
214 113 9.90682
214 126 10.0711
214 168 15.3326
214 180 2
214 207 9.26566
214 233 4.61467
215 0 25.5388
215 16 5.89579
215 33 12.5857
215 97 17.1291
215 103 8.49135
215 113 9.26342
215 161 40.6163
216 0 4.12476
216 91 18.796
216 188 2
216 189 15.7263
216 207 11.9575
216 215 24.1
216 222 27.2459
217 0 7.56798
217 6 2
217 16 24.4629
217 29 6.70707
217 79 8.7473
217 86 11.7564
217 93 2.60528
217 98 19.2118
217 117 2
217 128 12.2294
218 0 8.46604
218 15 3.51194
218 27 5.21274
218 31 8.25306
218 63 16.2233
218 67 17.6528
218 108 40.696
218 152 8.85907
219 0 5.84847
219 7 2
219 12 12.7333
219 27 9.16471
219 117 4.87184
219 139 11.8382
219 157 4.18305
219 223 3.70258
219 237 15.5586
219 238 7.12101
219 241 9.6748
220 0 4.13431
220 13 26.3272
220 33 2
220 56 24.3888
220 57 8.78948
220 90 2
220 231 17.9438
220 234 18.455
221 0 10.6561
221 56 11.8094
221 70 8.0793
221 166 21.1641
221 167 14.4437
221 168 18.5988
221 175 29.2411
221 242 2
222 0 7.8559
222 25 10.755
222 39 30.5493
222 77 19.1034
222 110 25.557
222 181 8.72571
222 195 27.0437
222 244 18.8472
223 0 16.3788
223 29 13.4804
223 48 2.34711
223 113 10.7027
223 124 8.54428
223 128 9.53078
223 136 11.0664
223 138 6.75883
223 157 9.00579
223 162 12.0586
223 167 13.2983
223 206 7.95949
223 223 16.6252
224 0 10.7005
224 16 5.60841
224 21 8.9501
224 29 11.1011
224 30 10.9902
224 40 12.0149
224 115 18.7697
224 138 2
224 140 7.73252
224 161 10.9944
224 168 25.577
224 202 2
224 211 3.13216
225 0 16.9974
225 6 17.0736
225 27 7.42134
225 29 17.484
225 42 18.4697
225 49 5.59243
225 86 7.90754
225 100 23.1708
225 128 21.3669
225 143 4.96998
225 144 3.7779
225 211 10.0708
226 0 12.853
226 27 15.3376
226 63 6.15659
226 77 15.7825
226 99 26.1114
226 215 12.6417
226 238 3.0389
226 249 4.12689
227 0 20.2448
227 39 10.4722
227 43 15.2158
227 202 19.4889
227 207 3.60228
227 211 9.55646
227 225 3.10409
227 235 3.05699
227 239 12.7833
227 241 10.6315
228 0 44.3093
228 14 27.3465
228 16 30.1432
228 24 2
228 138 10.6438
228 237 20.8325
228 241 17.8635
229 0 11.0835
229 13 19.1196
229 16 18.3372
229 38 23.4796
229 110 28.3248
229 161 29.3342
229 233 13.5279
229 249 10.0011
230 0 19.0314
230 16 5.45366
230 28 31.3237
230 40 8.22056
230 99 24.2144
230 144 22.1675
231 0 13.1577
231 55 5.5907
231 91 12.4152
231 98 14.3009
231 159 26.6095
231 168 9.10936
231 215 20.4091
231 219 13.9624
231 223 23.2382
231 226 13.7448
232 0 30.0625
232 6 12.1982
232 29 6.67767
232 42 12.8204
232 99 32.0379
232 118 28.2409
232 188 14.5547
232 203 22.7356
233 0 11.4855
233 6 9.35819
233 29 25.4011
233 32 9.17625
233 40 15.5602
233 41 3.92638
233 73 13.8868
233 93 3.13765
233 177 9.24564
233 180 2
233 206 7.82456
233 225 13.7924
234 0 50.4971
234 48 33.2222
234 223 77.3786
234 235 29.1365
235 0 8.97931
235 32 8.43805
235 34 16.412
235 43 4.79895
235 70 5.46384
235 93 14.7531
235 110 15.6166
235 144 20.9787
235 154 12.5557
235 215 14.8754
236 0 87.0525
236 34 60.495
236 56 37.7079
236 91 51.5598
237 0 11.2496
237 98 49.4323
237 177 80.2585
237 180 38.5319
238 0 7.01742
238 6 9.84021
238 16 2
238 65 11.8552
238 77 10.5886
238 85 10.132
238 86 2
238 93 7.65182
238 94 6.72462
238 115 11.0767
238 127 12.0253
238 151 2.52473
238 232 11.3334
238 249 4.49672
239 0 22.3942
239 19 32.4769
239 67 3.77684
239 117 18.8054
239 126 23.0118
239 172 18.0426
239 217 17.2045
240 0 13.6526
240 6 2
240 16 4.64386
240 24 18.7578
240 93 19.2779
240 98 19.1594
240 105 11.3721
240 152 11.4084
240 174 2.18626
240 225 4.15844
241 0 8.19487
241 77 3.15458
241 94 28.7292
241 139 16.2792
241 175 7.49102
241 177 10.8964
241 181 14.1042
241 189 12.8737
241 207 9.39427
241 220 9.76575
242 0 6.6882
242 32 8.22978
242 40 11.204
242 77 3.44926
242 91 2.11262
242 117 2.30332
242 191 18.3369
242 215 13.9292
242 223 11.6543
243 0 39.7052
243 6 7.20771
243 12 11.4677
243 55 29.0703
243 65 20.2478
243 206 16.1895
244 0 9.29304
244 32 5.59825
244 89 16.923
244 139 10.2389
244 185 31.1931
244 195 33.8884
244 196 19.5214
245 0 5.37683
245 62 14.8537
245 94 4.67742
245 102 8.01836
245 154 4.30256
245 161 2.94103
245 168 13.7648
245 212 14.6718
245 213 10.5489
245 235 2.92951
246 0 9.22479
246 16 2
246 18 25.1442
246 32 19.3303
246 95 37.5726
246 97 3.95594
246 124 32.6526
246 221 19.1152
247 0 10.3432
247 40 3.47503
247 63 17.6748
247 64 13.9802
247 75 2.07956
247 100 7.55221
247 113 18.7029
247 177 2.9814
247 223 18.8166
247 245 16.5664
248 0 4.8184
248 8 4.68913
248 93 4.23416
248 103 25.8041
248 147 3.17977
248 177 6.79535
248 180 18.9414
248 206 9.76454
248 232 8.10417
249 0 2
249 19 13.7523
249 50 13.9904
249 67 10.813
249 82 16.393
249 99 17.2404
249 105 22.3467
249 127 8.78142
249 217 4.83059
249 223 2
