150 150 1200
0 0 2.93322
0 30 6.50888
0 38 23.4203
0 45 9.47484
0 90 2
0 100 25.8325
0 101 13.2688
0 113 20.5587
1 0 11.5196
1 2 14.0688
1 12 2
1 54 6.36856
1 59 13.4359
1 62 17.5199
1 76 7.14234
1 90 4.88793
1 94 9.33855
1 98 2
1 127 2.04215
1 129 5.74651
2 0 55.6094
2 61 56.2218
2 65 37.0824
2 115 4.22277
2 123 56.1882
3 0 16.5011
3 2 2.34392
3 7 11.612
3 12 26.5632
3 38 17.4838
3 47 18.2359
3 61 12.8364
3 86 30.0962
3 139 28.4369
4 0 2
4 2 6.36915
4 14 2
4 38 20.0507
4 39 4.13147
4 63 14.9376
4 65 17.5328
4 93 8.35742
4 94 6.08477
4 111 19.7848
5 0 15.9933
5 10 5.86336
5 12 6.16884
5 13 27.2707
5 59 13.6083
5 87 2
5 97 6.83031
5 101 17.5949
5 105 2
5 133 2.10091
6 0 5.79648
6 15 4.12839
6 65 12.8155
6 101 16.9521
6 113 17.9942
6 114 12.9879
6 128 10.8593
6 133 2
6 145 21.9395
7 0 2
7 12 2
7 30 22.1106
7 98 29.835
7 100 25.077
7 126 19.4926
7 128 5.39615
7 136 5.26994
8 0 11.6748
8 2 2.82409
8 14 36.8483
8 98 9.61987
8 107 47.8596
8 135 17.6765
9 0 16.7591
9 12 2
9 72 2
9 84 27.7283
9 101 16.3965
9 114 28.6642
9 141 7.31491
10 0 17.0834
10 24 12.425
10 35 15.5805
10 51 21.3756
10 90 15.6779
10 102 21.4609
10 124 18.9603
10 128 18.2012
10 133 14.258
11 0 17.1052
11 19 20.5002
11 35 14.1836
11 45 5.34803
11 61 12.0496
11 72 5.3031
11 84 10.4393
11 100 8.26345
11 105 11.4103
11 114 10.5448
11 133 3.5246
12 0 7.20096
12 12 19.2117
12 49 3.25818
12 57 22.5
12 63 13.3479
12 89 17.9985
12 96 6.97945
12 101 2
12 133 23.8602
13 0 7.70704
13 12 33.3029
13 60 21.9166
13 72 35.6995
13 102 7.82984
13 128 24.9417
13 147 2.07625
14 0 9.93039
14 7 12.1316
14 19 2
14 23 18.705
14 29 24.4486
14 42 9.81024
14 52 3.58784
14 54 8.5968
14 117 2.49975
14 120 17.2429
14 133 5.59046
15 0 18.1134
15 7 20.4046
15 13 25.5071
15 45 3.89396
15 93 26.3614
15 104 19.9868
15 108 2
15 115 2.98959
15 121 9.5251
15 137 6.46894
16 0 15.2792
16 12 21.2442
16 13 8.44922
16 65 17.4903
16 84 3.24176
16 92 20.1159
16 102 16.9662
16 105 15.0558
16 134 10.4965
16 141 2.62521
17 0 2.13876
17 33 18.3011
17 42 7.96974
17 52 4.18455
17 55 3.59996
17 61 11.4813
17 70 3.98007
17 80 16.5172
17 113 15.91
18 0 5.58945
18 30 26.6289
18 61 21.9812
18 71 2
18 98 17.3191
18 120 32.7795
18 127 14.3762
18 136 6.41742
19 0 26.2844
19 12 14.7867
19 13 3.06211
19 29 8.8908
19 131 28.5581
19 135 21.53
19 146 20.3674
20 0 22.7631
20 112 47.0604
20 115 6.61859
20 120 34.4401
20 124 13.7616
20 125 50.2575
21 0 18.2561
21 15 22.246
21 45 7.86566
21 65 17.4272
21 83 3.00594
21 97 8.42627
21 117 11.54
21 129 9.51104
21 133 7.69686
21 146 3.14577
22 0 14.4543
22 10 23.7228
22 19 2
22 84 2
22 102 2.99856
22 105 20.124
22 113 11.9309
22 136 15.1073
23 0 12.3873
23 2 17.9475
23 4 17.3334
23 23 2
23 52 21.6579
23 71 4.96599
23 75 7.63088
23 114 14.6781
23 120 2.08744
23 131 2
23 136 2
24 0 2
24 2 15.102
24 12 12.6166
24 84 22.0697
24 125 24.0976
24 131 17.7276
25 0 35.1323
25 12 62.395
25 115 32.8341
25 147 17.7461
26 0 22.9202
26 3 16.8353
26 13 34.0461
26 29 9.52313
26 30 14.5768
26 75 30.3937
26 128 13.1552
26 135 9.95055
26 141 17.5186
27 0 4.38369
27 38 7.73618
27 53 5.2928
27 57 9.81991
27 72 18.2323
27 73 17.6595
27 104 26.449
27 114 2
27 120 20.9729
28 0 2
28 12 17.1889
28 15 3.21829
28 62 38.0397
28 113 26.421
28 120 26.765
28 121 23.6751
29 0 31.6199
29 22 11.9429
29 65 23.6112
29 101 4.49668
29 107 39.4524
30 0 21.1523
30 12 12.4208
30 17 3.30474
30 19 2.93396
30 45 20.397
30 60 11.4738
30 65 7.13322
30 71 2
30 84 10.7099
30 108 2
30 128 4.0377
31 0 7.67014
31 2 2
31 3 8.85569
31 15 2
31 29 3.6276
31 42 2
31 60 10.1123
31 63 7.2814
31 71 14.0514
31 72 22.2856
31 90 2
31 101 4.28358
31 135 18.0682
32 0 13.2513
32 2 3.97678
32 97 27.3449
32 126 30.1637
32 128 15.2674
32 146 9.26552
33 0 26.8847
33 24 13.4038
33 35 2
33 72 27.6509
33 92 2
33 111 26.265
33 133 14.3482
34 0 10.5173
34 2 2
34 83 16.1657
34 90 20.6339
34 105 9.01506
34 113 15.8831
34 123 14.3562
34 126 7.66363
34 132 28.5315
35 0 14.019
35 38 21.2381
35 39 13.2934
35 65 8.86318
35 66 24.8072
35 68 5.79811
35 72 11.9027
35 119 12.7503
36 0 4.14434
36 2 10.9561
36 13 16.9949
36 24 20.5375
36 25 15.889
36 65 19.8983
36 72 9.00208
36 84 13.3331
36 99 5.85545
36 107 5.94538
36 145 2
37 0 16.083
37 4 10.5757
37 13 3.4412
37 72 19.6157
37 95 9.76685
37 100 4.85705
37 105 28.6726
37 131 8.37501
37 133 4.4136
37 135 14.8887
38 0 27.3133
38 42 11.5356
38 71 31.4734
38 98 35.7797
38 128 2
39 0 14.1066
39 20 11.9117
39 24 7.66969
39 93 17.4911
39 104 26.3185
39 111 8.40661
39 136 13.7124
40 0 9.11763
40 4 2
40 30 2.19822
40 71 12.7717
40 81 16.6795
40 84 6.18183
40 106 10.0055
40 113 14.5651
40 119 2.2983
40 124 8.9489
40 129 20.2582
40 146 4.37613
41 0 14.9694
41 13 2
41 27 6.86739
41 46 5.45488
41 49 23.7065
41 75 20.2874
41 113 2
41 133 10.426
42 0 9.80843
42 7 5.8212
42 42 5.83134
42 66 11.9231
42 72 2.1477
42 111 23.6631
42 136 20.552
43 0 21.117
43 101 9.51128
43 102 3.19366
43 111 26.2475
43 132 19.7533
43 136 31.6057
44 0 23.5458
44 15 22.6987
44 68 13.9136
44 71 8.3621
44 114 39.7524
44 129 4.00533
44 132 19.9807
45 0 11.239
45 3 2.62951
45 35 13.1105
45 65 5.89966
45 72 6.94285
45 84 9.98936
45 113 4.39234
45 147 4.49929
46 0 6.48898
46 2 8.94446
46 4 5.45993
46 12 11.8093
46 59 6.83384
46 105 23.2002
46 131 8.4233
47 0 20.5354
47 12 11.2961
47 19 39.6281
47 53 24.2846
47 140 21.6379
48 0 9.09446
48 19 3.59442
48 42 10.1864
48 60 2
48 65 17.485
48 90 28.2143
48 93 5.49102
48 114 2
48 129 2.09857
49 0 25.1681
49 13 8.37337
49 19 5.94779
49 35 2
49 64 11.9274
49 67 2.79197
49 70 13.5666
49 86 14.8549
49 94 15.7144
49 97 20.8545
49 100 4.83682
50 0 15.5997
50 2 30.0513
50 7 14.8516
50 19 11.3325
50 29 10.09
50 52 18.1515
50 90 2.23768
50 114 4.96631
50 120 18.1465
50 124 19.9771
51 0 52.2757
51 33 3.8451
51 84 6.73143
51 113 8.75817
51 129 11.5892
51 136 24.6697
52 0 23.7034
52 12 17.4394
52 17 2
52 24 8.04681
52 30 10.1494
52 41 13.954
52 60 7.70278
52 71 28.3523
53 0 11.776
53 2 20.4009
53 4 15.5223
53 53 6.80209
53 65 16.6615
53 101 3.70717
53 105 30.5796
53 141 16.9117
54 0 6.40489
54 12 2.15021
54 20 2
54 21 5.12727
54 34 13.3045
54 110 4.13247
54 121 9.9432
54 125 5.61496
54 129 16.9584
54 136 17.565
55 0 7.04666
55 12 18.8663
55 13 6.2098
55 19 21.1935
55 38 2.00802
55 97 2.77929
55 102 32.6541
55 114 13.6318
55 119 17.9139
55 136 18.3513
56 0 3.29767
56 13 9.65675
56 15 6.53194
56 20 5.99727
56 29 11.4692
56 35 9.40738
56 39 6.66885
56 53 6.00743
56 54 6.60007
56 71 5.1764
56 75 3.71072
56 100 3.84835
56 120 3.00672
56 131 8.07384
57 0 2
57 12 22.0701
57 13 8.32673
57 17 21.0442
57 33 2
57 42 21.2967
57 53 22.6123
57 54 19.7713
57 66 19.5688
57 83 6.25298
58 0 4.30693
58 12 7.95982
58 39 11.3025
58 41 15.8603
58 73 10.4607
58 95 14.05
58 96 2
58 115 12.7359
58 121 2
58 136 19.9989
58 140 6.21508
59 0 24.7784
59 12 5.65125
59 15 3.83046
59 35 23.6103
59 65 20.7616
59 114 10.591
59 146 7.50782
59 147 11.5785
60 0 2.86843
60 13 3.51459
60 22 19.6544
60 61 5.77917
60 107 4.03415
60 119 12.3236
60 121 15.2997
60 124 4.78177
60 128 3.92264
61 0 22.2053
61 19 14.5745
61 52 15.639
61 96 19.5315
61 115 25.1766
61 120 2
61 148 21.6375
62 0 33.1441
62 13 59.8851
62 21 4.54435
62 73 37.1768
63 0 22.3672
63 20 3.66357
63 63 2.36961
63 87 21.2464
63 98 14.9349
63 105 18.9934
63 107 4.09179
63 127 10.5983
63 129 21.53
63 149 11.0849
64 0 20.2909
64 15 14.6353
64 22 21.3063
64 54 18.348
64 75 12.1261
64 97 36.5745
64 129 32.6911
65 0 2
65 2 4.12083
65 7 4.20383
65 12 10.266
65 29 8.82057
65 38 13.0062
65 39 4.94805
65 42 2
65 65 14.8145
65 82 2
65 84 2.5255
65 86 8.27216
65 102 9.29134
66 0 2
66 12 2
66 13 14.4639
66 71 12.6898
66 91 2.65321
66 105 15.0195
66 139 10.0459
66 147 8.51275
67 0 3.93285
67 6 6.81162
67 22 3.23426
67 61 2
67 69 11.2405
67 84 16.2115
67 93 13.0987
67 98 17.9529
67 107 4.97938
67 114 7.20805
67 126 2.04012
68 0 9.15262
68 4 4.79345
68 15 7.79113
68 57 2
68 105 2
68 114 22.3704
68 126 4.28054
68 135 22.9146
68 136 2.99263
68 145 17.7541
68 147 3.41338
69 0 7.16677
69 4 5.76384
69 15 27.2473
69 29 10.8939
69 54 20.6031
69 56 6.13913
69 121 16.8247
69 140 11.1698
70 0 33.5064
70 51 3.24533
70 65 37.2375
70 71 23.1264
70 105 6.20353
71 0 19.8652
71 12 2.6419
71 42 15.7163
71 49 12.4701
71 71 3.38378
71 72 19.4147
71 95 7.36492
71 106 17.6635
71 120 7.62443
71 125 20.5378
72 0 20.9153
72 12 12.6105
72 15 12.5228
72 29 10.5507
72 35 2.22002
72 42 14.7585
72 61 7.7908
72 65 15.3321
72 71 17.3505
72 105 25.1335
72 132 13.6346
73 0 12.0076
73 2 12.4845
73 7 12.498
73 24 10.5572
73 35 6.15981
73 45 9.04967
73 61 3.30031
73 78 12.1393
73 101 20.1703
73 102 2
73 110 2.53151
73 147 3.44679
74 0 2.19056
74 12 8.0728
74 13 10.8938
74 35 13.9679
74 38 7.68113
74 51 6.79882
74 61 9.08524
74 71 5.82913
74 84 25.8368
74 88 8.28912
74 120 5.60376
75 0 20.1378
75 25 5.44324
75 27 9.46008
75 49 18.9372
75 114 17.5641
76 0 2
76 2 2
76 12 2.89858
76 33 2.3729
76 42 5.48003
76 51 12.1586
76 54 2.17044
76 66 13.4232
76 71 8.39008
76 72 2
76 88 16.0293
76 98 11.9134
76 114 2.00343
76 128 2.68691
76 133 2
77 0 20.615
77 7 17.0993
77 13 12.7571
77 45 14.4247
77 53 18.4772
77 84 11.2917
77 94 5.33169
77 105 4.78666
77 115 2
77 121 3.0551
78 0 6.52995
78 24 2
78 35 24.3563
78 72 11.1952
78 95 4.74965
78 98 13.9152
78 113 23.1734
78 129 8.81963
79 0 18.2337
79 12 8.86375
79 39 7.26885
79 84 17.0045
79 96 10.7284
79 97 9.92641
79 112 2
79 113 15.1574
79 129 16.7665
79 135 14.3125
79 136 13.1999
80 0 12.3877
80 2 6.16151
80 7 6.27025
80 12 12.7608
80 15 2
80 19 2.0255
80 30 10.6903
80 42 3.34252
80 51 2
80 52 5.45832
80 84 5.18826
80 98 11.1552
80 105 7.75889
80 121 4.27592
80 122 3.91227
80 132 3.90253
81 0 14.2834
81 2 46.3124
81 13 22.0422
81 33 43.4218
81 75 42.1742
82 0 7.55568
82 19 2
82 30 7.58005
82 47 15.2283
82 72 12.2621
82 84 2.16232
82 95 5.10652
82 111 2.61809
82 120 30.2746
83 0 9.49069
83 7 6.67982
83 12 4.54373
83 39 16.3575
83 61 2
83 69 8.14976
83 101 12.7293
83 106 7.11202
84 0 4.95582
84 3 31.4972
84 7 24.6174
84 26 41.3941
84 79 2
84 84 30.6683
84 115 30.3922
85 0 54.2908
85 12 30.5704
85 24 21.4324
85 45 40.9726
85 56 32.3724
85 98 26.4736
86 0 7.80198
86 10 2.52293
86 12 10.886
86 14 18.7831
86 26 2
86 42 9.68213
86 99 15.1005
86 113 17.7824
86 114 7.31724
86 120 2.7294
86 131 9.23937
87 0 16.2433
87 13 6.27836
87 19 3.14301
87 25 8.54438
87 32 13.9717
87 46 3.79985
87 53 2
87 84 19.9519
87 105 13.4592
87 106 3.11641
87 108 9.53308
87 114 8.3375
87 135 2
88 0 15.6154
88 12 3.73141
88 21 2
88 29 6.92528
88 35 20.8305
88 55 14.3071
88 84 13.5827
88 101 2
88 111 17.8907
88 124 10.7447
88 128 10.9224
88 132 3.71587
89 0 2.89824
89 7 4.39306
89 12 7.39471
89 13 3.67086
89 19 7.26262
89 30 13.5668
89 38 17.1157
89 53 9.24215
89 61 10.1964
89 69 4.90397
89 90 18.1965
89 97 11.1153
89 102 8.64633
89 117 19.4618
90 0 3.37737
90 12 10.3841
90 38 8.62594
90 42 13.9225
90 65 2
90 114 10.2411
90 121 6.55314
90 131 2.10628
90 135 13.7302
90 136 10.6454
91 0 5.88215
91 7 18.6161
91 12 17.4205
91 20 31.5296
91 89 6.51802
91 112 20.1164
91 133 2.75339
92 0 30.8602
92 12 16.4318
92 29 5.77999
92 51 9.11962
92 72 12.5258
92 75 8.24584
92 113 24.4658
93 0 37.6843
93 63 36.0518
93 84 32.1056
93 120 5.71718
93 124 10.3199
94 0 10.5098
94 13 6.36553
94 23 2
94 35 5.5098
94 42 4.30104
94 45 12.4728
94 63 8.45602
94 69 10.0146
94 72 4.25854
94 75 6.58772
94 106 7.63251
94 129 3.09862
95 0 25.1163
95 7 21.848
95 12 17.5392
95 25 24.3167
95 35 13.4339
95 38 28.3267
95 106 6.87563
95 131 14.9418
96 0 6.13535
96 7 6.56537
96 14 17.0663
96 24 7.31379
96 33 2.09707
96 35 2
96 38 4.36075
96 42 6.42351
96 71 7.48626
96 90 3.28082
96 97 13.7905
96 112 2.67631
96 113 10.741
96 120 16.2307
96 128 11.2562
97 0 8.774
97 24 9.05864
97 29 8.52761
97 42 20.3524
97 84 23.664
97 92 26.7298
97 105 8.92774
97 125 7.08864
98 0 12.2305
98 33 24.6243
98 51 9.56247
98 58 17.1014
98 98 2.82303
98 100 11.9575
98 101 14.8213
98 120 12.0897
98 141 3.50026
98 149 4.94072
99 0 13.9193
99 12 15.6653
99 22 10.5763
99 30 12.5646
99 38 13.2866
99 54 13.1916
99 59 2
99 60 12.1244
99 96 10.1791
99 106 4.75527
99 125 2.04437
99 128 4.66147
100 0 51.3277
100 38 33.7618
100 42 71.5021
100 84 64.4666
101 0 34.8187
101 12 15.1921
101 38 21.5147
101 52 5.24173
101 106 6.28923
101 136 18.1861
101 141 21.0007
102 0 23.9717
102 4 2.91963
102 12 2
102 24 2.51907
102 45 6.11988
102 66 11.9616
102 98 14.5337
102 101 3.38961
102 105 18.4609
102 113 4.86592
102 141 10.4942
103 0 2.2007
103 15 35.4518
103 72 4.94479
103 96 48.0768
103 146 62.0321
104 0 10.9376
104 4 11.504
104 13 15.6184
104 35 5.85679
104 38 19.4019
104 61 19.8416
104 65 18.2459
104 113 6.28942
105 0 8.21373
105 3 18.8069
105 54 10.0407
105 84 20.9594
105 96 4.63832
105 97 22.5344
105 115 19.4302
105 129 19.1908
105 141 7.54755
106 0 28.5831
106 24 20.3313
106 42 10.4205
106 69 27.4367
106 75 20.631
106 100 15.9431
106 117 8.02625
107 0 4.17597
107 2 7.95223
107 27 15.4357
107 42 3.14373
107 83 3.00757
107 90 15.2165
107 112 4.2623
107 114 2
107 124 16.6193
107 126 5.73119
107 130 29.327
108 0 15.09
108 13 31.8018
108 21 17.5359
108 75 36.2057
108 98 37.9222
108 121 25.6635
109 0 11.0559
109 3 28.4264
109 12 15.2713
109 72 21.751
109 75 8.19699
109 84 17.3965
109 104 11.4902
109 108 8.10612
109 121 10.3784
109 139 2.70629
110 0 7.40505
110 5 2
110 23 2
110 42 6.64779
110 69 4.2928
110 71 10.739
110 105 8.38259
110 106 2.97158
110 110 15.3824
110 119 17.5129
110 128 18.6598
110 133 9.19215
111 0 27.1304
111 4 7.07075
111 31 14.987
111 45 15.5264
111 92 20.7582
111 100 20.0146
111 128 18.5045
111 133 20.3451
111 136 3.99806
112 0 10.014
112 7 2
112 13 3.35876
112 23 8.80944
112 28 5.56085
112 93 20.0547
112 98 11.2628
112 100 4.38434
112 135 2.09123
112 149 9.22788
113 0 12.016
113 4 15.9432
113 72 25.4274
113 91 4.0022
113 92 29.877
113 106 6.03371
113 128 12.6972
114 0 29.4961
114 4 27.1989
114 12 11.4881
114 89 6.3384
114 114 10.1847
114 138 18.3513
115 0 13.8781
115 94 8.68088
115 120 49.6146
116 0 4.14221
116 12 26.5887
116 17 14.841
116 35 5.12723
116 60 23.2447
116 65 2
116 70 4.20907
116 113 3.20386
116 114 19.2224
116 149 7.547
117 0 8.17285
117 2 7.18956
117 4 7.95959
117 13 2
117 24 17.7641
117 30 3.34198
117 47 12.4861
117 65 7.99955
117 75 4.79043
117 97 9.75626
117 107 3.2763
117 125 2.90148
117 126 15.3494
117 147 15.0387
118 0 7.24249
118 7 6.58938
118 12 2.84299
118 19 11.2215
118 38 3.69699
118 39 21.3063
118 63 12.4171
118 72 2.01483
118 76 26.8301
118 117 9.79489
118 128 10.0448
118 142 15.0576
119 0 2
119 7 8.3156
119 35 17.2057
119 70 39.6231
119 75 29.7286
119 107 4.62842
119 125 29.9431
120 0 6.80293
120 2 30.1394
120 12 41.4766
120 13 18.9911
120 61 43.5064
120 71 9.72957
121 0 3.93965
121 35 43.7947
121 72 15.4141
121 81 37.7106
121 90 39.5646
121 117 27.7268
122 0 2.91226
122 19 2.57804
122 90 4.92052
122 101 6.88231
122 102 27.3651
122 104 12.1049
122 120 21.579
122 143 14.2958
122 147 9.95978
123 0 14.3215
123 15 31.2315
123 32 9.66391
123 45 5.86146
123 51 23.1627
123 72 21.7684
123 124 2
123 140 16.7027
124 0 7.29692
124 21 2
124 42 21.6811
124 75 2
124 89 2
124 98 2.12389
124 100 4.28517
124 115 8.91322
124 124 6.21622
124 131 10.4621
124 133 15.9906
125 0 2
125 12 6.20943
125 28 3.07161
125 29 2.75372
125 33 2
125 38 2.68082
125 39 9.87001
125 62 6.57151
125 65 2
125 75 2
125 84 2
125 93 2
125 95 3.7939
125 98 7.10297
125 106 7.49264
125 126 5.43087
125 134 2
125 141 2.41522
125 147 3.80712
126 0 5.29524
126 42 8.2518
126 63 2.89965
126 82 13.1594
126 106 17.2096
126 107 7.44901
126 127 24.7606
126 143 16.4606
127 0 24.9929
127 14 2
127 19 17.792
127 29 2
127 33 25.278
127 35 2
127 42 7.07295
127 43 9.97019
127 86 12.2272
127 97 18.5914
128 0 14.6985
128 13 16.1206
128 51 7.11525
128 99 10.0966
128 100 7.08229
128 105 4.17578
128 107 8.77563
128 129 18.7378
128 133 17.8394
128 137 7.99857
128 141 12.9322
129 0 12.2298
129 2 2.77885
129 12 11.8146
129 13 2.23441
129 35 14.6376
129 42 13.7566
129 56 18.0495
129 84 9.9437
129 98 7.69071
129 120 13.2696
129 125 5.0904
129 129 5.45266
129 134 8.30274
129 139 2.08678
130 0 9.52049
130 12 12.7497
130 13 5.9117
130 38 3.77138
130 44 19.5084
130 45 13.0622
130 92 8.97929
130 93 9.65137
130 94 18.586
130 124 21.1507
130 136 10.1455
131 0 31.558
131 19 34.5912
131 52 36.3885
131 65 2.06705
131 69 27.0713
131 102 31.9547
132 0 7.07481
132 24 25.7292
132 121 8.94705
132 129 29.6692
132 143 50.9214
133 0 13.7655
133 13 20.4797
133 16 12.0329
133 30 3.29509
133 57 7.31422
133 61 22.8561
133 72 3.89174
133 84 2.75557
133 135 15.9018
134 0 2.04699
134 12 4.2079
134 38 9.78738
134 55 3.17947
134 58 8.58358
134 60 13.6307
134 61 8.53602
134 70 2
134 71 8.17994
134 75 3.69962
134 78 2
134 93 3.49961
134 95 14.6029
134 104 3.9375
134 113 4.36683
134 115 4.77888
134 120 3.0988
134 126 2
135 0 2.79151
135 12 28.1115
135 24 12.8978
135 83 20.465
135 103 22.1004
135 111 24.7609
135 141 28.1634
136 0 15.3723
136 10 6.78455
136 12 8.62028
136 24 2
136 35 2
136 51 2
136 75 10.3501
136 84 8.16722
136 112 12.1894
136 131 20.682
136 146 12.9637
137 0 7.18361
137 2 6.30259
137 19 8.61902
137 35 8.71408
137 82 11.0129
137 100 10.9112
137 113 10.3795
137 133 24.0814
137 139 12.1853
137 141 5.21868
138 0 28.8676
138 2 8.49199
138 12 5.82549
138 15 17.1412
138 19 18.0775
138 38 4.1214
138 39 20.3612
138 65 10.115
138 72 11.9771
138 120 6.13153
138 128 20.2083
139 0 2
139 12 3.23438
139 39 15.9386
139 45 21.1043
139 52 2.52693
139 54 17.722
139 65 6.70827
139 84 17.754
139 93 7.33759
139 115 25.9072
139 134 14.3021
140 0 19.8211
140 10 2
140 42 11.0017
140 62 2.55919
140 84 8.64079
140 95 17.766
140 101 10.4248
140 133 8.41331
140 143 18.7287
141 0 3.33101
141 47 15.1836
141 71 2
141 72 7.26474
141 75 11.9071
141 88 18.084
141 106 21.328
141 121 7.89459
141 126 28.062
141 140 6.235
142 0 9.66623
142 12 2
142 19 34.5346
142 46 13.9991
142 56 8.37974
142 107 8.40175
142 126 13.0891
142 146 15.1105
143 0 9.02698
143 24 30.0719
143 27 12.2899
143 35 33.2271
143 43 10.943
143 54 37.1722
143 94 20.0182
144 0 22.5078
144 19 7.70969
144 34 10.215
144 35 43.005
144 75 9.12534
144 89 26.1281
144 129 11.8043
145 0 2
145 15 12.3128
145 21 22.9906
145 33 7.43408
145 49 2
145 55 8.77575
145 60 20.3866
145 75 9.71551
145 147 2
146 0 7.41473
146 12 9.60173
146 30 2
146 38 2.0472
146 42 7.38336
146 78 8.25504
146 90 5.32553
146 92 2
146 98 11.6844
146 113 30.2382
147 0 5.2667
147 4 13.7889
147 6 10.1697
147 15 2.36636
147 42 13.9041
147 118 18.0606
147 128 9.69097
147 129 17.2668
147 141 26.2244
148 0 14.3044
148 2 3.40437
148 36 7.38883
148 45 39.7579
148 54 11.6478
148 93 23.0528
148 132 8.7995
149 0 6.96875
149 7 33.502
149 84 33.8257
149 90 10.6684
149 112 11.4684
149 115 22.0102
149 137 3.04295
