50 50 400
0 0 17.2948
0 21 30.7752
0 22 5.4283
0 33 39.9901
0 34 8.36042
0 44 39.3567
0 47 24.3044
1 0 2.39882
1 5 2.35446
1 8 3.28777
1 21 2
1 22 16.0811
1 33 13.9737
1 34 18.467
1 38 7.7205
1 41 2
1 43 11.8729
2 0 19.5495
2 9 6.47239
2 10 3.38832
2 22 27.5121
2 29 23.0827
2 34 23.2895
2 43 21.4452
3 0 23.8045
3 13 8.51117
3 15 7.4148
3 20 16.9947
3 21 2
3 23 6.47054
3 25 3.17684
3 48 24.8618
4 0 14.4613
4 10 28.6098
4 15 3.93951
4 20 39.0248
4 24 15.9156
4 43 41.3371
5 0 2
5 9 23.3401
5 15 11.9376
5 19 8.98138
5 21 15.9337
5 22 5.85054
5 23 2.97005
5 26 12.7522
5 29 11.9944
5 33 5.93712
5 47 14.5682
6 0 9.56493
6 5 23.4613
6 13 18.0414
6 15 14.1714
6 17 6.52841
6 29 2
6 34 4.31153
6 39 20.7721
6 44 5.50689
7 0 5.14041
7 10 2
7 13 16.4726
7 17 4.40702
7 22 18.4301
7 23 3.74703
7 28 14.7611
7 31 4.1592
7 36 2
7 41 2
7 44 14.9357
8 0 17.3784
8 15 2
8 19 20.2984
8 20 5.53007
8 21 16.9879
8 24 18.3409
8 30 7.63669
8 41 19.8057
8 43 3.23582
9 0 13.2994
9 13 9.53075
9 15 10.9271
9 19 2.02016
9 22 11.6231
9 29 4.49472
9 31 5.74848
9 33 10.5959
9 34 5.52013
9 37 2.96876
9 39 17.4263
9 43 5.92348
9 44 11.1079
10 0 57.6499
10 19 49.7188
10 23 26.4524
10 26 40.2499
11 0 23.5872
11 1 10.3723
11 5 5.79389
11 9 7.55929
11 13 17.4489
11 15 11.0253
11 22 17.2676
11 26 15.5939
11 33 8.86103
11 37 2.19811
11 39 22.9515
12 0 13.3059
12 1 21.2893
12 2 13.5504
12 17 14.2522
12 19 9.18725
12 22 11.435
12 23 24.6757
12 34 3.213
12 42 7.49043
12 43 8.05968
12 47 10.7242
13 0 8.79514
13 5 23.5167
13 15 11.2853
13 21 17.5604
13 23 5.61824
13 30 4.61352
13 34 5.32449
13 41 25.5948
13 42 27.8819
14 0 18.8537
14 12 7.07556
14 15 4.72579
14 19 18.5381
14 21 3.0014
14 23 6.21445
14 24 3.05081
14 43 6.72587
14 44 15.7432
14 48 18.1933
15 0 20.972
15 1 43.265
15 10 18.277
15 22 29.1589
15 23 22.2509
15 33 28.5418
15 42 2
16 0 9.72178
16 1 19.6919
16 3 4.1582
16 5 3.00922
16 15 9.84412
16 17 5.99172
16 21 9.32755
16 22 9.75157
16 23 18.225
16 29 4.88274
16 31 6.39719
16 37 5.20667
16 44 2
17 0 23.5566
17 9 25.2781
17 21 2
17 23 7.53351
17 26 23.4351
17 29 13.4974
17 46 14.8095
18 0 2
18 1 20.5936
18 4 5.431
18 13 10.9705
18 15 7.09018
18 20 6.66655
18 21 5.2826
18 22 5.04446
18 33 10.8866
18 39 11.7189
18 44 5.30787
18 47 4.20947
19 0 2.43935
19 2 2
19 10 17.4317
19 13 3.01726
19 19 6.69458
19 21 9.83098
19 30 13.4428
19 33 13.0647
19 37 29.8215
19 41 18.364
20 0 11.3097
20 2 4.60649
20 9 15.943
20 17 7.12874
20 19 26.8021
20 20 7.5517
20 23 4.78428
20 26 18.2719
20 42 13.5329
20 43 28.2783
21 0 2
21 2 22.0995
21 19 8.86003
21 20 29.97
21 21 42.5552
21 23 8.23835
21 37 34.1268
22 0 5.31593
22 1 15.7583
22 19 31.8051
22 21 21.8044
22 29 18.6705
22 36 28.3738
22 42 11.2437
22 43 9.60251
23 0 2
23 1 10.6374
23 9 16.3335
23 15 2
23 17 7.72242
23 21 20.2565
23 26 20.701
23 29 13.0085
23 34 7.09092
23 40 19.7329
23 42 4.18497
24 0 3.25033
24 5 24.6483
24 9 18.0023
24 21 12.6334
24 33 59.0323
25 0 10.1603
25 13 32.1782
25 14 4.73535
25 19 21.1451
25 21 2
25 34 16.7069
25 41 13.1192
25 44 5.76522
26 0 41.7892
26 15 41.8275
26 30 33.4804
26 37 50.5089
26 44 41.3377
27 0 13.1407
27 13 10.5331
27 20 26.0328
27 41 35.3802
27 42 15.7696
27 43 20.3079
27 44 9.71237
28 0 8.14553
28 1 17.3202
28 2 12.2003
28 18 14.4447
28 30 2
28 33 14.0299
28 34 18.1587
28 37 19.4136
28 43 2.12652
28 44 2.3449
29 0 8.0919
29 1 14.1866
29 5 2
29 9 2
29 19 2.00378
29 20 3.68852
29 23 6.5406
29 31 16.621
29 34 18.4243
29 44 23.4888
29 46 4.67545
30 0 8.2962
30 1 20.8383
30 5 44.4244
30 15 30.9172
30 20 11.065
30 22 13.2749
31 0 4.44313
31 9 11.6608
31 15 10.921
31 29 7.57874
31 41 8.83772
31 42 21.9142
31 43 10.9283
32 0 18.6807
32 4 2.78723
32 14 10.3978
32 24 16.7774
32 28 12.1108
32 30 9.09394
32 43 15.466
32 44 19.0156
33 0 18.43
33 4 21.3471
33 6 8.15233
33 17 2
33 21 8.40476
33 22 2
33 26 33.425
33 31 12.4872
33 33 5.79452
33 41 2
33 48 13.594
34 0 4.02143
34 1 2
34 3 20.4721
34 6 34.7664
34 20 7.42285
34 21 2.1732
34 22 10.1748
34 33 24.4003
34 34 13.7727
34 43 4.25271
35 0 24.7059
35 7 34.4003
35 19 9.96673
35 33 31.7577
35 37 40.6931
36 0 12.8993
36 19 19.4381
36 22 14.5083
36 26 16.8018
36 29 15.0088
36 30 26.6255
36 31 11.4675
36 33 14.089
36 43 14.654
37 0 4.89224
37 3 12.3928
37 4 2.54676
37 9 4.42883
37 12 2
37 17 22.1071
37 19 9.96479
37 21 12.5297
37 34 6.91411
37 43 4.21647
37 47 4.02774
38 0 9.46322
38 2 16.5688
38 6 2
38 9 3.38117
38 12 11.0599
38 19 6.48155
38 30 23.0688
38 31 4.95717
38 33 13.862
38 41 16.506
38 44 2
38 48 8.58417
39 0 5.22206
39 5 21.7971
39 10 7.4691
39 14 27.3113
39 19 6.44202
39 21 12.6898
39 22 14.3598
39 34 5.03841
39 37 13.7611
39 43 22.3093
40 0 2
40 1 2.10523
40 14 17.8176
40 19 4.62
40 26 8.52065
40 30 23.1705
40 33 17.9301
40 40 10.0288
41 0 12.0801
41 13 14.2759
41 17 22.5725
41 20 2.38565
41 24 6.22959
41 29 39.3706
41 31 15.8943
41 38 20.665
41 46 20.679
42 0 5.68482
42 9 4.21793
42 15 11.6127
42 17 20.4046
42 19 5.87187
42 30 25.9329
42 39 2.42376
42 41 4.91921
42 43 5.03402
43 0 2.06457
43 5 2
43 13 2
43 16 4.09501
43 19 13.7806
43 30 11.0357
43 33 14.0126
43 34 4.04948
43 37 17.8997
43 42 5.05523
43 47 11.4814
44 0 9.60559
44 14 20.7013
44 19 2
44 21 15.4011
44 22 26.4716
44 23 14.0875
44 30 33.9012
44 44 32.2226
45 0 14.6145
45 10 7.95538
45 19 2.87209
45 22 5.25844
45 26 9.18347
45 29 2.26122
45 33 15.982
45 34 3.02276
45 37 4.75729
45 38 2
45 41 11.1121
45 42 12.3959
45 44 2.34201
46 0 3.26338
46 5 2
46 10 39.6134
46 19 29.3493
46 20 35.1188
46 41 22.2043
46 43 9.19782
47 0 8.83119
47 20 13.4838
47 25 11.3043
47 37 5.3632
47 38 21.7165
47 44 15.1927
48 0 18.4596
48 1 5.26069
48 12 25.8524
48 22 23.1211
48 23 7.42689
48 29 5.47802
48 31 2
48 37 2
48 43 11.2196
49 0 4.93758
49 2 8.88811
49 5 6.23199
49 13 2
49 15 9.405
49 17 20.6185
49 19 28.0697
49 21 6.74531
49 22 24.222
49 29 19.9818
