50 50 400
0 0 3.63536
0 6 16.1718
0 7 16.8295
0 8 9.30152
0 16 8.51615
0 24 3.11981
0 29 10.2712
0 30 16.2508
0 33 2.70277
0 45 16.6987
0 47 2
1 0 20.2804
1 6 4.56667
1 7 2.32367
1 10 7.12481
1 11 10.0255
1 18 10.1703
1 20 3.29423
1 23 4.47295
1 24 2.28443
1 28 7.12868
1 36 16.9386
1 43 6.27734
1 48 13.5953
2 0 25.8717
2 1 7.08195
2 4 5.9765
2 14 5.66214
2 19 2
2 23 28.7924
2 24 2.19558
2 47 10.3641
2 48 6.18331
3 0 18.3973
3 4 25.4862
3 7 17.82
3 13 8.96498
3 19 5.3284
3 20 8.05004
3 36 7.13437
3 38 22.025
3 43 10.9502
4 0 14.0421
4 4 6.10642
4 6 4.83916
4 11 16.7333
4 14 8.13482
4 16 5.74832
4 19 16.8958
4 23 2.63872
4 24 11.8074
4 28 10.9134
4 36 2
4 43 13.9274
4 48 2.15455
5 0 31.5448
5 7 22.6062
5 14 24.2306
5 16 2
5 19 2
5 28 30.2116
5 37 24.9466
6 0 5.40604
6 6 16.8063
6 8 17.6414
6 9 28.2009
6 11 8.52397
6 18 6.11328
6 19 6.95162
6 24 11.1584
6 40 19.51
6 43 13.5492
7 0 12.1377
7 6 20.5488
7 10 18.7843
7 11 31.2525
7 32 26.8785
7 33 13.8204
7 37 7.85506
7 43 23.6803
8 0 11.3032
8 2 8.9616
8 4 13.3587
8 10 9.12288
8 19 3.97013
8 22 20.7296
8 24 18.1348
8 36 14.6081
8 39 2
8 43 8.74947
9 0 10.4705
9 1 10.5753
9 6 8.25603
9 7 19.1934
9 10 5.46702
9 12 2
9 16 18.3427
9 19 19.234
9 24 17.2217
9 30 5.4397
9 36 2
9 47 21.5562
10 0 39.5596
10 6 2
10 7 37.0442
10 12 35.6984
10 21 31.269
10 43 2.10596
11 0 42.7284
11 5 58.1295
11 6 35.9544
11 8 51.5577
12 0 50.8197
12 7 6.6458
12 16 52.491
12 19 3.29057
12 29 72.3813
13 0 14.8694
13 4 14.6087
13 6 12.1363
13 10 21.4484
13 18 4.92847
13 19 7.23596
13 20 17.1464
13 22 6.37835
13 37 25.1887
14 0 27.9511
14 2 4.2812
14 6 5.50539
14 7 7.76861
14 10 5.65019
14 13 8.57033
14 18 19.1073
14 25 19.6441
14 33 7.30762
14 43 6.27074
15 0 5.02961
15 6 21.1767
15 19 31.7711
15 24 6.09458
15 35 31.5275
15 36 9.75617
15 43 2.32585
15 45 16.5107
16 0 13.5495
16 6 10.0655
16 7 10.8851
16 10 9.04241
16 11 2.09375
16 24 9.355
16 30 5.92353
16 43 6.68301
16 45 10.542
17 0 16.7342
17 6 40.7062
17 13 25.203
17 19 27.5424
17 21 26.6255
17 33 5.17717
17 37 20.6949
18 0 33.096
18 4 20.1196
18 6 3.99369
18 13 2.41658
18 19 9.93104
18 28 25.7407
18 34 13.0173
18 43 2
18 47 13.5712
19 0 31.0218
19 9 13.0732
19 10 27.217
19 12 22.3695
19 14 2.05541
19 33 9.98904
19 43 5.44498
19 47 5.50197
20 0 3.65831
20 2 5.88318
20 14 10.7476
20 16 20.2679
20 28 2.86638
20 29 13.1857
20 32 16.8251
20 33 25.0355
20 36 10.9432
21 0 2
21 6 7.89026
21 7 8.64236
21 10 11.1936
21 21 10.2209
21 23 11.9248
21 40 13.1104
22 0 2
22 1 15.4532
22 2 14.2794
22 6 21.6858
22 18 4.86028
22 23 19.8956
22 32 18.7731
22 37 6.4536
22 47 6.53696
23 0 3.06733
23 6 4.13017
23 7 3.65696
23 9 2
23 16 3.45447
23 18 3.44618
23 19 21.7712
23 24 8.48813
23 32 13.3625
23 39 13.1962
24 0 2.55989
24 2 7.45893
24 7 12.1348
24 8 11.5408
24 9 32.2317
24 10 13.3559
24 18 4.63753
24 22 18.2816
24 33 24.8167
24 42 18.2449
25 0 7.04577
25 6 6.32257
25 14 5.21842
25 19 3.06742
25 21 10.3391
25 36 18.8134
25 40 9.96135
25 43 2.8623
25 44 9.41171
25 47 4.68374
26 0 26.5157
26 2 24.161
26 7 8.72231
26 13 20.146
26 16 16.7148
26 24 23.3338
26 38 13.1988
27 0 13.707
27 1 13.9511
27 4 21.9295
27 8 22.2586
27 11 27.0175
27 14 17.2545
27 16 11.7678
27 24 23.0287
27 28 22.1373
28 0 8.25775
28 6 14.923
28 7 6.53748
28 9 10.1002
28 10 22.2807
28 14 17.7968
28 17 2.82644
28 34 10.8477
28 47 21.1491
28 48 19.8307
29 0 2.86013
29 6 14.6203
29 11 8.65562
29 17 26.9988
29 25 15.4885
29 29 7.63405
29 33 10.9342
29 36 7.89764
29 43 4.60128
30 0 19.3917
30 4 17.2383
30 11 2
30 13 26.9736
30 16 10.1883
30 18 2
30 21 20.9156
30 29 2
31 0 19.1969
31 6 30.627
31 10 10.008
31 16 8.25618
31 18 4.55441
31 19 23.3574
31 20 26.1188
31 29 21.6544
32 0 16.4051
32 6 4.60216
32 10 27.8323
32 18 12.0468
32 24 17.8949
32 33 3.84739
32 36 12.2977
32 49 23.7151
33 0 26.4679
33 6 13.6546
33 8 35.3005
33 10 3.01959
33 20 21.9722
33 37 26.1671
33 43 10.1501
33 48 20.8469
34 0 12.0697
34 6 16.3673
34 9 26.7028
34 16 7.84764
34 24 7.23525
34 33 4.18077
34 43 2.91546
34 45 2
35 0 5.38413
35 7 12.3095
35 10 2
35 18 7.1409
35 19 31.7281
35 28 30.461
35 43 5.44064
35 48 33.4873
36 0 8.38147
36 6 20.5077
36 10 17.17
36 18 11.2128
36 19 10.687
36 22 16.3403
36 28 24.8208
36 36 10.6314
36 43 12.9727
37 0 24.506
37 6 9.47653
37 11 2.61157
37 13 8.99153
37 18 5.36185
37 22 4.92045
37 24 12.3728
37 28 26.6483
37 33 4.4988
37 48 9.84751
38 0 28.5653
38 2 48.2571
38 4 41.4942
38 10 22.8702
38 19 21.6256
38 25 23.8822
38 43 10.0296
39 0 2
39 2 11.5399
39 11 22.96
39 14 11.9863
39 19 4.9148
39 37 27.9428
39 43 2
40 0 8.50597
40 2 5.77866
40 6 14.0974
40 8 16.4929
40 10 5.86358
40 16 5.27433
40 18 13.8756
40 19 14.8263
40 20 8.63725
40 24 13.4819
40 37 6.59615
40 42 7.67598
40 43 13.538
40 45 2
40 47 9.40054
41 0 3.11425
41 4 12.9246
41 7 11.016
41 9 7.51364
41 14 14.9374
41 17 7.51687
41 20 3.31272
41 28 18.6591
41 36 17.7904
42 0 12.0403
42 4 24.2167
42 6 29.5928
42 10 14.8946
42 18 9.17718
42 19 9.61276
42 25 21.5156
42 43 15.1912
43 0 21.3249
43 16 5.62675
43 18 32.9377
43 28 2
43 34 45.0465
43 36 5.09918
44 0 2.09431
44 6 13.3341
44 9 7.96299
44 10 9.02376
44 16 7.73992
44 18 9.59908
44 29 2.60276
44 34 7.34625
44 35 7.70259
44 45 13.3341
44 47 2
45 0 17.9131
45 4 5.63512
45 6 27.4339
45 11 6.13291
45 22 14.4036
45 24 31.3688
45 30 13.8535
45 33 15.3756
45 44 28.0048
46 0 16.7838
46 7 34.3641
46 9 24.2202
46 17 6.69698
46 18 2.68004
46 24 17.0463
46 48 22.0389
47 0 9.38835
47 2 8.85037
47 14 5.88603
47 16 6.77613
47 18 26.0745
47 25 22.5228
47 29 3.71309
47 37 21.9543
47 43 6.90511
47 47 5.97463
48 0 21.0399
48 6 3.03027
48 7 17.058
48 10 26.2776
48 14 5.59554
48 16 6.6059
48 18 9.67196
48 20 22.4013
48 24 5.58728
48 33 2
48 35 6.10899
49 0 13.3394
49 2 15.9386
49 4 15.8957
49 6 21.7067
49 9 28.5241
49 12 2
49 17 3.38906
49 22 15.7531
49 23 5.59032
49 33 6.01987
49 43 18.372
