100 100 800
0 0 16.584
0 9 27.6152
0 11 20.6963
0 49 18.774
0 75 39.9058
0 82 19.2602
0 92 11.3681
1 0 7.70001
1 15 15.417
1 19 11.2268
1 24 8.31257
1 25 10.235
1 56 7.72444
1 58 8.38099
1 61 15.1259
1 66 10.6887
1 75 11.0461
1 78 4.86813
1 93 2.08912
2 0 2
2 10 8.96322
2 15 10.8663
2 19 2.14517
2 22 2
2 31 14.4414
2 41 13.8297
2 47 8.87163
2 53 6.81673
2 55 4.37466
2 65 9.31766
2 73 2
2 95 5.71441
3 0 4.63279
3 11 11.8356
3 41 10.6949
3 43 5.70062
3 48 9.96742
3 53 6.75473
3 54 2
3 63 5.85931
3 78 12.9492
3 92 17.7991
4 0 2.4734
4 15 9.44703
4 37 6.63551
4 45 6.10138
4 54 22.3506
4 55 12.5677
4 63 8.20351
4 97 4.09691
5 0 13.9293
5 10 27.5347
5 11 10.9878
5 36 17.6046
5 54 4.95253
5 55 27.9841
5 88 29.3218
5 93 9.10079
6 0 17.9647
6 9 3.51623
6 10 2
6 23 29.0812
6 43 16.5722
6 47 9.9102
6 56 7.00239
6 61 22.8262
6 78 7.98896
6 97 23.0479
7 0 4.41643
7 9 6.68887
7 11 13.7119
7 34 10.4972
7 43 8.48056
7 53 24.2979
7 79 5.57788
7 90 16.9598
7 97 11.6899
8 0 20.9223
8 5 15.0498
8 12 7.69738
8 16 22.6025
8 43 7.88626
8 54 21.0856
8 57 2
8 58 2.27455
8 74 5.07666
8 97 29.0575
9 0 15.124
9 45 39.6853
9 47 4.4483
9 55 9.00779
9 73 7.15991
9 78 10.1992
9 95 4.14781
10 0 11.8236
10 7 3.86471
10 9 17.6185
10 11 2
10 25 10.825
10 33 24.3295
10 36 5.25297
10 45 12.3234
10 61 2
11 0 14.7762
11 9 21.9308
11 15 11.8451
11 31 8.4514
11 33 2.28941
11 61 11.8733
11 62 8.97986
11 91 12.1213
11 97 9.83935
12 0 27.9141
12 13 30.7982
12 19 25.1727
12 31 7.76622
12 49 27.4152
13 0 9.79695
13 5 6.1766
13 11 3.20175
13 14 2.18122
13 15 25.1576
13 19 2
13 23 5.01883
13 53 8.83328
13 54 13.1129
13 56 17.4174
13 83 11.4832
14 0 19.5764
14 11 3.43339
14 43 5.73892
14 48 35.2267
14 49 10.9732
14 50 9.64768
14 79 13.3659
14 95 25.6703
15 0 5.44525
15 7 10.3353
15 14 10.86
15 19 2.22768
15 24 9.01934
15 31 5.29841
15 35 14.275
15 43 2
15 45 4.72385
15 49 9.26732
15 53 9.87512
15 54 5.61705
15 58 9.69818
15 65 10.2953
15 94 10.559
16 0 13.651
16 9 2.03512
16 13 8.96707
16 15 11.4654
16 19 3.53652
16 25 21.1493
16 34 10.7442
16 38 17.6248
16 49 9.09031
16 89 4.06677
16 92 13.3447
17 0 8.44533
17 3 2
17 10 22.9452
17 19 34.278
17 42 24.1874
17 54 20.3925
17 61 15.2528
18 0 34.1511
18 3 38.9386
18 11 55.1907
18 18 5.87316
18 35 2
18 54 34.4585
19 0 26.717
19 24 27.5515
19 33 23.5456
19 35 2.60883
19 49 10.9738
19 92 18.7814
19 94 18.1988
20 0 59.5057
20 7 29.9913
20 8 38.1327
20 15 10.3761
20 36 18.6207
21 0 7.45095
21 14 2
21 33 7.91457
21 35 15.7089
21 47 5.63777
21 49 24.2448
21 54 2.88821
21 55 2
21 57 8.29571
21 78 10.1379
22 0 11.0491
22 9 16.8492
22 49 2
22 55 12.9639
22 67 4.07989
22 85 2.30827
22 93 12.159
22 95 25.3818
23 0 24.4589
23 9 18.6167
23 11 9.33466
23 19 16.9872
23 55 15.6614
23 73 14.3221
23 83 8.5663
24 0 5.60172
24 11 4.6752
24 15 6.86271
24 19 16.9501
24 31 5.19984
24 35 13.3277
24 75 11.7448
24 78 4.825
24 79 4.30601
24 95 3.56719
24 97 9.33894
25 0 10.1628
25 4 4.80315
25 11 6.66279
25 15 2.50912
25 19 17.7916
25 23 12.1016
25 54 15.366
25 78 5.31864
26 0 4.24424
26 11 3.4805
26 12 6.20557
26 13 9.54052
26 19 6.33429
26 22 18.4716
26 23 2
26 37 20.5552
26 41 2.95399
26 61 9.99631
26 72 3.4102
26 78 18.2201
26 79 2
26 95 4.82448
27 0 10.2017
27 31 9.04758
27 33 16.1547
27 42 15.4437
27 58 2
27 69 10.3872
27 73 6.73279
27 77 5.90788
27 86 10.6863
27 88 4.70869
27 89 16.0579
28 0 5.14109
28 2 14.997
28 11 22.4124
28 43 7.69335
28 47 30.9685
28 49 10.4384
28 50 8.29634
28 65 2.62444
28 99 26.7047
29 0 6.36589
29 7 25.6135
29 10 3.57632
29 54 22.5738
29 92 41.9002
30 0 6.81742
30 9 16.575
30 40 36.6341
30 49 23.6715
30 50 28.6279
30 78 36.1069
31 0 27.8285
31 38 50.6424
31 54 6.44218
31 55 6.22772
31 79 16.6526
32 0 14.813
32 36 3.03189
32 49 23.7096
32 53 26.6678
32 73 18.2863
32 76 26.5259
32 99 14.774
33 0 2
33 1 10.511
33 10 13.053
33 45 7.60454
33 54 29.7557
33 63 14.9115
33 72 6.53099
33 79 21.9185
33 89 26.4928
34 0 11.0482
34 19 20.6222
34 21 8.0587
34 41 15.2957
34 49 12.859
34 58 7.46097
34 69 3.23188
34 78 17.0745
34 92 20.9293
34 95 5.52744
35 0 17.0914
35 9 2.0364
35 13 15.3526
35 23 5.42725
35 27 21.3779
35 35 5.78767
35 39 17.0117
35 73 14.9982
35 79 8.00986
35 82 13.2788
35 95 8.77864
36 0 2
36 15 15.6281
36 25 2
36 31 2.65616
36 41 5.50482
36 43 11.5286
36 49 2
36 58 2.37172
36 72 14.0693
36 73 15.9804
37 0 8.99211
37 11 30.2024
37 19 30.4776
37 35 16.9987
37 67 2
37 95 24.2137
38 0 21.7552
38 3 20.6678
38 10 17.2604
38 37 3.68175
38 39 2
38 48 3.56569
38 61 17.786
38 87 24.8904
38 88 16.9458
38 95 15.8128
38 99 7.14256
39 0 9.30329
39 16 2
39 19 11.4083
39 25 19.4686
39 43 32.4277
39 53 26.0104
39 54 5.11301
39 65 28.3211
40 0 4.47916
40 25 15.4032
40 54 59.5661
40 78 26.089
40 93 27.3829
41 0 5.36802
41 1 22.6895
41 21 5.93498
41 24 5.73084
41 31 16.9554
41 36 12.3091
41 49 17.1528
41 58 23.402
42 0 5.99784
42 3 2.56431
42 8 17.4121
42 15 8.74646
42 16 21.5303
42 36 13.1541
42 67 7.16559
42 78 8.60722
42 95 9.34191
42 99 24.1699
43 0 11.7902
43 2 9.70433
43 19 14.787
43 45 27.5508
43 47 6.78824
43 49 2.08812
43 54 15.3832
44 0 25.9895
44 15 2
44 35 14.5725
44 47 21.0115
44 55 2
44 79 7.83951
44 86 5.85962
45 0 2
45 24 20.788
45 31 6.29628
45 41 4.76506
45 49 9.55646
45 54 3.56988
45 55 11.7589
45 61 11.0811
45 78 5.90708
45 83 4.68649
45 96 14.3835
46 0 2.13543
46 9 6.83359
46 13 20.4217
46 19 18.9343
46 39 6.32462
46 45 17.7467
46 47 4.01797
46 49 9.94379
46 58 3.18594
46 73 12.3394
46 85 10.4563
47 0 15.4457
47 9 17.4737
47 34 13.9767
47 49 19.1566
47 76 9.17484
47 79 17.0121
47 83 16.1202
47 89 23.912
47 99 2
48 0 19.291
48 12 2.71376
48 24 22.2949
48 31 2
48 45 6.0462
48 55 8.27708
48 56 22.5866
48 72 12.1103
48 95 10.1164
49 0 22.8182
49 12 8.23129
49 36 30.4972
49 41 7.8359
49 47 2
49 63 19.8884
49 73 2.00007
49 89 7.82932
50 0 16.2479
50 8 23.861
50 11 18.7742
50 24 4.43772
50 35 36.2711
50 45 5.37128
50 51 14.2814
50 65 23.2066
50 77 21.5259
51 0 11.7979
51 31 22.7722
51 39 2
51 63 30.2131
51 75 20.6226
51 78 3.06622
51 97 10.706
52 0 9.95748
52 14 14.816
52 16 2
52 19 15.679
52 25 4.94829
52 50 2.00971
52 54 5.48101
52 68 25.1941
52 79 19.7629
53 0 20.802
53 11 14.3004
53 14 4.39956
53 30 7.78866
53 47 2
53 49 8.19904
53 54 7.96517
53 61 5.4466
53 67 11.2644
53 71 7.17625
53 77 16.2628
53 94 16.7695
54 0 4.30125
54 11 20.1983
54 13 2
54 47 22.212
54 54 6.2183
54 78 17.5014
54 99 9.97214
55 0 14.0627
55 9 4.71584
55 16 9.84859
55 25 8.59037
55 31 3.20935
55 34 4.40165
55 37 2.83564
55 39 8.99256
55 43 6.14607
55 47 2.06683
55 49 8.82827
56 0 21.7539
56 11 12.5669
56 31 8.14427
56 49 30.1748
56 54 18.0244
56 70 7.38035
56 86 8.08427
56 97 6.57122
57 0 5.35787
57 9 9.35139
57 15 16.0349
57 19 17.452
57 43 15.47
57 49 17.4549
57 67 6.58352
57 92 19.797
58 0 11.3482
58 9 17.3501
58 12 30.3474
58 24 3.32846
58 34 16.8861
58 48 27.3552
58 78 6.2245
58 97 14.7049
59 0 4.57481
59 3 4.73374
59 9 2.02973
59 19 7.53836
59 34 10.0653
59 36 5.29187
59 41 12.5664
59 57 8.60626
59 63 8.55665
59 76 12.8462
59 80 7.89073
59 95 11.4578
60 0 14.9931
60 39 17.9496
60 49 5.53427
60 53 15.0295
60 54 15.3778
60 78 12.0532
61 0 15.4082
61 2 23.4387
61 7 2
61 10 27.2571
61 31 5.40304
61 78 6.56307
61 83 10.6799
61 99 27.3839
62 0 2.55049
62 11 47.9734
62 13 30.2319
62 19 2.0226
62 47 40.3737
62 61 27.1932
62 76 17.0623
63 0 10.1558
63 7 17.0786
63 10 16.8584
63 21 9.10205
63 41 25.1628
63 49 12.5767
63 55 6.11521
63 64 7.42772
63 92 4.43216
63 95 17.1542
63 96 3.47048
64 0 14.196
64 35 10.4109
64 53 2.72199
64 55 13.2174
64 58 37.3609
64 97 4.89675
65 0 22.7084
65 12 20.3792
65 41 10.678
65 43 2.81109
65 52 2.27515
65 67 39.6663
65 91 13.9836
66 0 7.09373
66 9 18.6989
66 12 20.8949
66 35 4.12624
66 43 2
66 54 25.1086
66 74 4.905
66 76 2
66 87 18.5865
67 0 19.7204
67 9 10.406
67 14 11.535
67 19 2
67 48 23.5623
67 52 4.83671
67 63 18.3105
67 67 12.2004
67 85 22.5314
67 86 8.6871
67 92 17.3762
68 0 18.7879
68 19 10.9796
68 36 21.3876
68 43 9.85524
68 54 11.4441
68 55 2.32391
68 86 10.9632
68 99 16.0714
69 0 14.5472
69 7 9.09381
69 8 19.8378
69 9 11.2306
69 11 16.6342
69 19 7.12765
69 26 2
69 31 2
69 38 18.0525
69 47 13.4702
69 49 15.2285
69 72 13.2474
70 0 2.33478
70 7 23.3697
70 11 6.97865
70 35 2.45944
70 43 5.45118
70 47 10.9468
70 49 16.7771
70 54 12.8528
70 73 2
70 78 11.1682
70 97 3.79586
70 99 19.9397
71 0 22.9784
71 9 6.64829
71 11 2.50918
71 15 7.387
71 19 7.59141
71 22 17.292
71 41 11.333
71 49 10.8672
71 67 2
71 86 5.03281
72 0 26.978
72 9 13.2064
72 19 20.2602
72 31 21.7542
72 36 2
72 37 13.2752
72 72 4.23065
72 91 10.8778
72 99 5.16009
73 0 6.53396
73 3 25.1773
73 12 23.0401
73 31 6.03093
73 45 22.7713
73 54 13.7391
73 76 20.4312
73 89 44.0793
74 0 24.5607
74 23 16.6119
74 24 17.7832
74 33 2.57441
74 47 16.4223
74 88 23.5186
75 0 4.16676
75 35 33.5557
75 48 13.3365
75 49 19.015
75 76 20.1968
75 91 27.6693
75 94 19.8263
75 97 10.1413
76 0 11.3475
76 8 21.7085
76 9 4.20383
76 15 19.7663
76 54 11.2193
76 55 24.1771
76 74 6.70137
76 78 4.20623
76 86 7.90964
76 94 10.0439
76 99 5.74817
77 0 22.3905
77 10 16.8307
77 11 2.27573
77 13 6.70146
77 31 12.1911
77 41 17.1559
77 43 23.6172
77 78 14.2145
77 88 13.9051
78 0 8.61474
78 5 11.1929
78 11 4.58043
78 18 7.05364
78 31 3.02696
78 34 6.88745
78 47 2
78 53 6.05267
78 68 2.92582
78 81 13.4871
78 97 12.3285
79 0 21.2007
79 8 3.13655
79 11 15.2143
79 36 10.5133
79 54 2.71991
79 55 2.90083
79 74 14.3009
79 79 6.5072
79 83 18.3364
80 0 17.8581
80 22 17.1174
80 43 12.9729
80 48 7.12563
80 49 8.50185
80 53 2
80 71 16.5851
80 76 14.8306
80 85 18.4912
80 89 18.3177
81 0 19.9195
81 24 12.6099
81 34 28.3575
81 63 18.0525
81 78 5.71489
81 83 4.24026
81 93 19.8924
82 0 20.0871
82 43 2
82 55 3.62126
82 61 2
82 64 14.7988
82 76 9.22322
82 97 34.1208
82 99 6.26224
83 0 2
83 19 28.8239
83 39 2.10368
83 43 8.92313
83 47 8.71393
83 49 21.0586
83 54 2
83 65 13.9085
83 78 22.6161
84 0 10.4076
84 11 12.5484
84 14 15.2682
84 25 11.5295
84 35 11.2515
84 47 3.41202
84 65 19.9278
84 67 14.2975
84 68 15.5323
84 92 21.9708
84 94 10.1036
85 0 15.8014
85 9 2.13467
85 19 4.11038
85 36 15.6932
85 39 6.30056
85 41 4.30269
85 43 22.1461
85 49 16.474
85 50 13.6706
85 78 14.3301
86 0 26.6707
86 3 28.8102
86 13 13.6808
86 33 29.3383
86 78 7.7615
86 95 27.6532
86 97 2
87 0 10.3716
87 8 2.24929
87 9 19.3087
87 12 9.9837
87 31 7.15966
87 35 12.8913
87 43 11.4858
87 52 5.77626
87 56 17.935
87 77 8.85295
87 78 9.6531
87 92 6.44422
88 0 13.8191
88 7 14.932
88 19 13.0233
88 22 2.86349
88 35 2.58246
88 36 5.3485
88 47 11.2929
88 48 6.55902
88 54 9.63706
88 68 7.74183
88 78 9.01826
88 89 2
89 0 13.6567
89 9 14.9638
89 13 6.91628
89 16 2.47899
89 24 9.16346
89 53 2
89 55 20.0678
89 61 8.83054
89 72 14.318
89 76 5.50785
89 78 5.04458
89 82 7.84
90 0 2.37614
90 9 5.48605
90 34 4.54026
90 35 2
90 45 17.1262
90 52 6.61878
90 58 6.74377
90 61 7.58224
90 65 2
90 75 11.2556
90 78 12.4467
90 79 5.98699
90 95 10.8128
90 97 2
91 0 2.83079
91 7 3.18905
91 10 7.04138
91 13 17.8495
91 31 4.35697
91 41 8.30323
91 45 3.58751
91 48 2.17065
91 58 10.7324
91 78 13.6487
91 79 7.80835
92 0 3.56186
92 14 2
92 15 11.7658
92 19 26.325
92 72 5.33024
92 77 16.8174
92 97 9.28776
92 99 12.7402
93 0 20.8087
93 9 25.4673
93 24 14.1321
93 31 12.5454
93 35 11.1168
93 47 16.3486
93 61 26.5011
93 65 14.6797
93 78 16.4679
94 0 27.7943
94 13 27.7934
94 24 5.60896
94 25 46.1463
94 31 8.68168
94 95 26.1407
95 0 50.8424
95 5 55.0764
95 41 21.4015
95 53 29.8964
96 0 9.67755
96 15 7.08052
96 19 17.2852
96 35 9.18057
96 47 3.49527
96 54 21.4151
96 73 7.69804
96 76 18.1659
96 77 22.3858
97 0 17.6169
97 2 4.58651
97 7 2.54292
97 11 7.24925
97 31 7.04555
97 35 12.6531
97 41 8.99071
97 43 6.11142
97 45 9.94995
97 49 2
97 61 2.81936
97 67 3.88402
97 74 12.7941
98 0 11.5666
98 14 23.6074
98 15 18.5033
98 32 15.3735
98 35 7.87256
98 36 23.0043
98 53 7.31255
98 57 16.5671
98 63 12.1151
98 65 11.2503
98 76 18.3024
98 78 7.36801
99 0 2.96202
99 19 11.4169
99 22 36.3052
99 30 28.2258
99 31 20.8809
99 37 23.0981
99 57 2
99 76 6.75554
