150 150 1200
0 0 6.99955
0 12 3.80828
0 72 37.0439
0 86 2
0 116 3.37123
0 126 34.7363
0 140 26.9963
0 149 2
1 0 2
1 12 12.1284
1 45 7.22315
1 51 15.4391
1 59 22.7494
1 74 8.49386
1 99 4.30463
1 102 10.2826
1 132 14.2049
1 143 5.82642
2 0 16.2575
2 9 5.04367
2 40 4.47773
2 42 19.4473
2 43 18.2813
2 71 17.1402
2 74 7.05794
2 79 6.22799
2 84 15.7391
2 130 23.452
3 0 7.82077
3 13 6.10114
3 14 18.3309
3 34 13.9798
3 39 16.2995
3 45 12.1833
3 49 17.6629
3 122 2
4 0 36.2621
4 45 3.25707
4 72 18.7768
4 110 6.00282
4 124 25.149
5 0 9.66205
5 1 16.1288
5 40 10.5915
5 67 7.93244
5 77 9.82836
5 85 18.0415
5 88 8.87871
5 90 8.15254
5 109 3.97755
5 116 14.6605
5 130 10.2741
5 131 16.4319
5 141 9.73997
5 143 3.84624
6 0 8.67366
6 1 17.8175
6 45 2
6 55 13.134
6 71 2
6 72 6.69375
6 79 15.0922
6 83 13.7316
6 102 2
6 108 12.0218
6 120 14.3195
6 135 4.83117
6 138 2
7 0 8.31523
7 38 22.89
7 40 24.0043
7 44 3.81552
7 62 9.04049
7 99 5.75459
7 108 20.836
7 120 15.6034
8 0 19.441
8 14 13.811
8 21 15.8477
8 24 8.09632
8 45 3.73742
8 49 12.5739
8 50 20.8583
8 130 17.5191
8 143 8.26124
8 149 13.8176
9 0 15.3609
9 55 7.06716
9 65 36.3169
9 97 51.6039
10 0 11.73
10 13 7.57912
10 66 5.26648
10 81 25.8801
10 85 16.5948
10 117 2
10 119 8.38446
10 129 21.3492
10 130 13.0148
10 136 13.9075
11 0 8.99121
11 1 3.81732
11 8 2
11 14 5.6233
11 37 6.83417
11 64 9.81179
11 74 2
11 79 23.1526
11 97 3.33326
11 108 2
11 144 13.6615
11 146 10.1308
11 147 4.94524
12 0 12.7173
12 4 6.01111
12 19 7.06298
12 24 6.55466
12 26 3.52923
12 42 6.97019
12 45 3.51472
12 47 6.68536
12 89 3.36636
12 93 14.3151
12 97 18.0625
12 116 8.45105
12 117 5.51609
12 136 8.68524
12 144 14.5602
13 0 5.71766
13 21 3.3026
13 24 4.13163
13 49 14.3309
13 56 22.8214
13 57 18.7026
13 85 15.1911
13 114 11.5494
13 143 2
14 0 2
14 79 12.7083
14 86 32.8434
14 93 17.256
14 116 18.9052
14 117 19.7962
14 129 26.9132
15 0 32.5814
15 14 23.7896
15 23 15.7087
15 45 15.2506
15 57 26.4009
15 143 11.8965
15 149 2
16 0 5.18303
16 19 3.21105
16 37 11.4172
16 68 9.01967
16 97 15.4642
16 113 16.9578
16 123 5.36211
16 139 13.0419
16 144 6.52146
17 0 21.4689
17 3 13.2405
17 13 15.1573
17 45 12.9227
17 47 10.1592
17 55 15.123
17 110 7.52251
18 0 17.6465
18 21 3.09288
18 75 7.83457
18 85 21.432
18 93 21.4506
18 105 13.5237
18 113 22.1728
18 116 9.57979
18 129 20.5877
18 149 11.6702
19 0 23.3607
19 37 9.5236
19 40 9.40627
19 45 11.1784
19 143 11.9817
20 0 13.5502
20 9 2.09026
20 10 12.3913
20 47 2.37419
20 68 7.0979
20 72 2
20 73 8.9312
20 118 23.1728
20 143 8.72542
20 149 3.47717
21 0 2
21 42 13.7664
21 49 6.78416
21 68 19.0156
21 76 10.5035
21 97 14.3368
21 110 7.06473
21 117 12.508
21 133 2
21 140 2.00015
21 146 18.7758
22 0 4.87243
22 39 8.75656
22 45 14.088
22 62 18.91
22 66 21.5169
22 72 14.6493
22 80 2
22 102 10.5972
22 109 8.15611
22 121 3.84052
22 130 13.5526
22 132 8.63569
23 0 13.151
23 3 2.03352
23 11 25.423
23 24 8.31075
23 49 9.97572
23 64 15.298
23 77 8.48125
23 122 7.61037
23 143 12.101
23 144 5.03586
24 0 23.348
24 78 49.9026
24 79 19.827
24 83 2
24 102 38.9332
25 0 10.6595
25 14 11.3705
25 24 9.38491
25 31 8.05196
25 45 18.5537
25 51 19.8785
25 56 16.0224
25 64 7.5584
25 83 8.56756
25 88 6.56434
25 97 7.25052
25 120 2
25 130 9.38735
25 144 4.63779
26 0 31.9114
26 14 22.3253
26 33 17.3749
26 39 2.70419
26 40 4.00227
26 60 14.7351
26 97 2.43521
26 110 10.6505
27 0 6.75715
27 19 2.99455
27 66 13.3017
27 75 10.186
27 85 13.8455
27 89 11.9736
27 94 9.03827
27 108 19.0643
27 113 8.95721
27 114 9.13766
27 117 4.09747
28 0 11.2852
28 35 19.5067
28 37 23.7581
28 45 2.3505
28 71 3.03993
28 75 7.68484
28 84 13.895
28 117 26.2882
29 0 17.9081
29 14 17.0727
29 52 28.5764
29 97 8.26778
29 100 17.6211
29 102 8.27558
29 113 24.2291
30 0 51.0862
30 78 12.9842
30 97 13.5258
30 133 33.7627
30 136 34.114
30 145 2.91723
31 0 20.8195
31 1 7.28199
31 24 8.04796
31 37 2
31 68 9.53879
31 79 15.9706
31 144 15.4926
31 148 5.40978
32 0 2.47109
32 14 17.6378
32 33 7.33727
32 45 12.4635
32 52 9.15946
32 78 5.11637
32 79 12.2709
32 97 4.13306
32 117 13.9113
32 120 12.592
32 136 17.1777
32 143 9.22232
33 0 18.5611
33 1 9.58919
33 20 19.3737
33 24 30.7346
33 33 33.54
33 78 26.5283
33 103 18.4153
33 108 7.61261
33 114 16.801
34 0 16.9979
34 5 12.1381
34 9 19.663
34 45 6.21664
34 52 2
34 56 2
34 79 2
34 81 8.01327
34 86 10.7127
34 141 13.11
34 144 9.34493
35 0 13.5338
35 20 6.55508
35 40 2.78864
35 52 25.1825
35 81 12.1783
35 97 24.8984
35 100 4.36181
35 117 11.1979
35 130 19.0662
35 146 11.3715
36 0 21.8966
36 13 5.65302
36 33 25.7192
36 75 14.4245
36 83 7.66352
36 86 11.9323
36 94 3.17548
36 98 5.41998
36 100 9.74101
36 130 17.8208
37 0 27.6626
37 31 24.4125
37 40 9.38169
37 55 15.712
37 110 9.43034
37 114 14.7375
37 119 27.4143
38 0 13.6047
38 20 6.74262
38 47 4.43047
38 55 4.96131
38 88 18.3285
38 117 31.5509
38 141 13.1253
38 149 11.876
39 0 8.2825
39 35 19.2023
39 42 15.0609
39 51 23.4542
39 76 28.2406
39 85 16.1803
39 113 2
39 144 18.8915
40 0 10.7201
40 34 19.8812
40 56 29.7926
40 85 10.9402
40 86 29.8248
40 114 21.716
40 122 7.519
40 124 2
41 0 7.57657
41 3 31.8614
41 27 14.0836
41 37 22.5145
41 62 57.7872
41 105 23.0085
41 148 27.3181
42 0 3.69832
42 28 24.5018
42 35 16.7931
42 78 11.2078
42 85 13.3733
42 88 25.9346
42 108 2
42 110 2.03486
42 121 2.11434
43 0 3.28492
43 20 8.49343
43 24 2
43 45 18.6606
43 76 17.5294
43 93 32.1606
43 117 22.2308
43 149 3.63351
44 0 8.1481
44 24 10.0289
44 40 7.03905
44 59 3.16635
44 89 13.1956
44 139 4.02835
44 143 13.0931
44 144 2.01317
44 147 11.595
45 0 12.8578
45 28 7.94037
45 48 2
45 72 2.72893
45 79 3.90813
45 81 2
45 85 2.09826
45 102 24.6266
45 118 6.92871
45 135 19.5748
45 143 13.2413
45 148 12.3069
46 0 19.7975
46 64 13.2716
46 83 36.0848
46 91 25.339
46 102 17.3679
46 117 13.0151
46 119 2
47 0 7.02038
47 24 7.3922
47 29 19.5532
47 45 7.71629
47 65 5.94597
47 72 10.3836
47 114 4.50855
47 117 2.18638
47 120 14.7494
47 130 3.8369
47 139 11.6313
48 0 13.6994
48 8 11.9655
48 19 15.494
48 29 12.6918
48 64 3.15016
48 72 2.15174
48 108 6.8184
48 129 2.86754
48 135 14.6555
48 144 7.39982
48 146 10.2078
49 0 14.7289
49 24 10.5459
49 61 10.9477
49 65 15.6177
49 72 14.7434
49 74 3.86043
49 110 12.2292
49 117 8.37867
49 120 16.3004
49 143 10.5379
49 145 4.34182
50 0 4.1712
50 3 2.44729
50 23 2.63867
50 26 16.0519
50 54 15.8663
50 64 5.36864
50 72 9.44541
50 99 13.04
50 122 2
50 138 2.96142
50 140 3.55554
50 143 15.3757
50 146 3.28219
50 148 11.3687
51 0 13.5058
51 5 2
51 20 4.10993
51 37 11.3966
51 79 6.37669
51 90 15.9283
51 110 15.9586
51 143 12.7019
51 144 4.41136
51 149 23.049
52 0 15.1541
52 1 4.92433
52 2 15.0746
52 48 11.318
52 85 2.51485
52 88 17.2029
52 95 16.9558
52 117 19.067
52 142 18.6905
52 143 18.0082
53 0 3.8283
53 49 19.8047
53 72 18.2357
53 100 6.10162
53 102 8.14272
53 108 5.17005
53 116 25.1749
53 136 14.3026
53 143 14.7001
53 146 9.4191
53 147 14.9343
54 0 4.94372
54 1 19.8797
54 14 19.8143
54 34 3.08905
54 57 11.6065
54 68 11.7544
54 77 12.3016
54 97 22.6547
54 132 5.21719
55 0 12.1484
55 52 11.4866
55 56 20.9521
55 72 9.08965
55 83 11.5129
55 116 8.93495
55 125 7.48523
55 135 16.846
55 143 11.0072
55 144 3.41323
56 0 10.7933
56 8 7.2917
56 24 21.5317
56 64 16.6842
56 77 10.5167
56 88 7.24479
56 93 12.7512
56 99 13.944
56 100 10.7611
56 109 12.058
56 110 12.1141
57 0 34.4785
57 55 41.1046
57 72 5.86863
57 88 11.6111
57 147 44.614
58 0 19.7255
58 45 2
58 65 17.8143
58 72 4.15465
58 74 7.78278
58 88 2.45978
58 129 27.2964
58 135 5.41789
59 0 4.69647
59 2 13.8672
59 37 18.2809
59 43 3.11342
59 51 24.0474
59 83 6.71794
59 93 17.1904
59 120 2
59 129 22.2324
60 0 15.5095
60 1 9.51634
60 16 28.2839
60 35 15.9144
60 99 11.5729
60 144 16.2411
61 0 32.124
61 1 17.235
61 49 13.5249
61 66 5.72986
61 72 2.4158
61 76 6.07912
61 91 4.66627
61 133 9.54181
61 140 30.9085
62 0 8.87085
62 24 17.6529
62 37 2.44727
62 64 7.14939
62 78 2
62 102 29.8582
62 106 10.504
62 124 29.0692
62 143 8.3117
63 0 18.8667
63 19 7.59514
63 43 24.9221
63 45 16.8707
63 72 23.4626
63 83 9.8517
63 88 10.6291
63 140 9.45435
64 0 26.4353
64 24 10.8836
64 72 2.8043
64 84 20.754
64 88 15.7086
64 120 25.2292
64 130 5.88915
64 140 3.98861
65 0 5.71676
65 26 44.0985
65 45 60.8003
65 99 4.53383
65 103 50.2119
66 0 20.7487
66 18 16.418
66 56 27.8673
66 60 36.7903
66 104 2.07096
66 135 10.5733
66 143 15.5607
66 144 6.3977
67 0 16.6086
67 29 14.0248
67 73 16.5868
67 83 13.2218
67 116 4.50965
67 117 9.00724
67 120 6.04419
67 121 15.9891
67 130 19.5034
67 132 3.08801
67 143 3.69995
68 0 2
68 6 11.2845
68 8 3.43874
68 55 2.93958
68 58 26.5072
68 64 24.5188
68 130 13.6834
68 139 24.7394
69 0 2
69 49 29.4998
69 79 28.5247
69 88 13.8281
69 110 4.11012
69 140 32.7836
69 143 8.63513
70 0 22.9563
70 12 24.1494
70 45 2
70 72 7.76746
70 84 11.0525
70 97 17.3192
70 99 20.3895
70 119 15.6514
70 139 7.79463
71 0 13.5646
71 19 7.99604
71 21 18.6385
71 34 23.0533
71 49 7.83115
71 56 21.9474
71 57 14.2001
71 88 2
71 99 12.0458
71 146 2
72 0 22.0339
72 1 7.25705
72 33 17.5069
72 49 3.39699
72 78 2
72 104 9.40136
72 110 11.704
72 122 7.26188
72 130 8.36213
72 149 11.3506
73 0 5.54618
73 14 12.6256
73 24 21.7271
73 35 5.98243
73 49 10.3707
73 60 2.54335
73 74 2
73 80 12.8729
73 120 21.2281
73 135 22.6899
74 0 2
74 8 2
74 19 7.1556
74 33 17.4148
74 45 21.4305
74 47 10.6142
74 51 30.4105
74 83 13.9434
74 97 2.60511
74 129 4.77677
74 147 17.7654
75 0 9.1696
75 11 10.0647
75 19 6.67318
75 28 8.05258
75 48 2.17749
75 54 16.5272
75 71 13.8237
75 110 15.4274
75 139 6.82802
75 143 2
75 149 3.71702
76 0 12.2162
76 19 6.81391
76 48 17.0292
76 56 17.4241
76 84 16.451
76 88 23.3143
76 99 6.96352
76 114 7.32624
76 143 4.50575
77 0 21.334
77 14 38.558
77 35 2.70563
77 51 24.5982
77 97 2
77 143 15.2393
78 0 2.8002
78 28 32.8706
78 76 12.6213
78 85 15.989
78 88 3.61423
78 143 10.211
78 144 7.88232
79 0 12.0912
79 1 28.3429
79 39 18.7002
79 79 14.4269
79 128 27.2101
79 145 12.5236
80 0 10.871
80 5 2
80 14 2
80 45 8.18819
80 72 6.36959
80 77 3.16072
80 94 30.5636
80 144 10.356
81 0 20.5567
81 72 15.9414
81 88 2
81 93 23.3547
81 114 2.87849
81 131 11.1141
81 143 2
81 144 7.37996
81 149 13.758
82 0 26.6932
82 38 11.2026
82 49 25.56
82 50 2
82 72 17.4144
82 83 7.48398
82 119 16.2629
83 0 7.6566
83 21 13.8016
83 45 2
83 47 9.06075
83 48 14.1226
83 72 2.60553
83 97 7.17998
83 98 6.02271
83 114 2
83 117 2
83 120 2
83 122 4.38905
83 132 13.2183
83 134 13.5318
83 145 4.19548
84 0 24.3304
84 27 44.1206
84 37 4.06432
84 72 4.25208
84 120 41.6899
84 129 13.0513
84 140 12.7686
85 0 8.59978
85 13 25.9827
85 49 5.13657
85 79 13.9575
85 99 8.9167
85 119 16.4935
85 132 11.8223
85 145 3.37553
86 0 14.5522
86 1 21.5276
86 3 32.9757
86 10 26.2983
86 52 12.0532
86 94 21.2828
87 0 14.4988
87 1 9.23992
87 19 14.7459
87 27 2
87 93 8.38043
87 108 5.40044
87 114 18.6341
87 131 10.3223
87 143 10.7329
87 147 12.6561
88 0 2.09692
88 1 2.92353
88 9 2
88 23 9.56206
88 47 13.1485
88 49 2.29674
88 68 12.9238
88 83 3.03269
88 85 13.3259
88 88 4.28706
88 134 16.8892
89 0 14.3939
89 13 13.3802
89 55 4.1536
89 56 14.4309
89 81 22.811
89 106 22.3677
89 122 2.7773
89 136 13.5557
89 144 4.33222
89 148 3.82138
90 0 8.42193
90 8 3.49904
90 40 7.04714
90 57 15.8067
90 83 2
90 110 20.119
90 113 17.0238
90 126 2.27026
90 129 8.61059
90 132 3.35229
90 143 5.17527
91 0 3.94959
91 16 9.03817
91 20 12.9556
91 52 13.2241
91 70 2
91 74 18.2032
91 85 23.8651
92 0 33.3334
92 13 5.3478
92 34 5.96052
92 52 5.93458
92 60 24.6394
92 143 14.7831
93 0 23.3588
93 1 6.86654
93 8 22.4038
93 45 18.8556
93 55 2
93 82 5.79147
93 84 13.0163
93 117 2
93 125 19.7949
93 149 3.9077
94 0 3.75313
94 6 12.5903
94 81 13.8539
94 123 23.014
94 135 13.0364
94 140 13.0204
95 0 13.9545
95 36 2.99652
95 37 8.33851
95 52 6.43913
95 73 8.89904
95 76 4.34218
95 83 6.79672
95 109 5.87591
95 118 4.56225
95 133 19.9143
95 143 5.53964
95 148 4.83262
96 0 15.048
96 1 8.36477
96 45 5.66985
96 97 27.4818
96 134 19.2768
96 138 8.64931
96 143 24.126
96 147 4.5981
97 0 24.1357
97 6 13.4765
97 33 24.0136
97 76 6.85437
97 83 10.8833
97 100 25.9018
97 127 28.5865
97 143 2
97 145 18.7395
98 0 22.1199
98 83 21.4818
98 88 12.0695
98 108 12.8185
98 114 2.09574
98 141 19.728
98 143 7.76071
98 144 2.26781
99 0 11.3665
99 1 17.4492
99 13 5.49373
99 37 7.64915
99 51 22.5201
99 56 16.1493
99 110 3.67726
99 130 23.286
99 149 2
100 0 20.6365
100 37 11.9411
100 79 32.1687
100 116 25.3368
100 126 11.2728
100 139 13.2903
100 143 26.6308
101 0 23.0147
101 1 7.81337
101 48 8.3446
101 88 20.7548
101 97 8.47382
101 114 39.5451
102 0 43.8914
102 23 13.1656
102 37 30.9704
102 113 12.1155
102 117 28.0469
103 0 2
103 5 2
103 19 10.0286
103 29 5.00557
103 37 9.57774
103 45 2
103 47 3.01712
103 51 5.39064
103 53 10.9278
103 89 6.814
103 93 8.93699
103 117 3.06963
103 120 4.74669
103 131 2
104 0 7.09893
104 37 3.18865
104 47 18.0403
104 72 11.9053
104 79 2.92131
104 83 16.359
104 85 7.85771
104 97 2
104 108 10.0808
104 114 10.3682
104 116 16.21
104 120 11.9492
105 0 22.7315
105 19 17.7363
105 42 23.9286
105 45 25.9092
105 48 18.1011
105 49 17.3961
105 65 2.06065
105 85 4.20861
105 91 19.1692
105 100 6.80481
106 0 26.6905
106 33 9.26789
106 102 16.0867
106 119 17.7747
106 122 17.4964
106 131 52.9854
107 0 5.36683
107 22 17.1388
107 35 10.4438
107 48 19.8187
107 55 6.48649
107 66 12.0146
107 86 3.90805
107 144 2
107 147 18.113
108 0 11.6874
108 71 5.50086
108 77 3.88967
108 94 41.7299
108 110 31.5121
108 117 9.53003
108 143 15.5655
109 0 15.1554
109 19 9.45315
109 24 12.4933
109 47 12.6886
109 48 17.6115
109 49 15.3538
109 73 2.26435
109 89 14.4947
109 97 17.6495
109 114 17.1892
110 0 2.81246
110 42 32.8262
110 45 7.99983
110 97 20.7451
110 110 20.4123
110 141 24.9071
110 143 2
111 0 28.72
111 49 15.8329
111 105 15.7922
111 108 30.3369
111 119 22.1059
111 144 23.4179
112 0 10.386
112 9 10.9392
112 12 11.7844
112 71 11.6978
112 73 8.8544
112 80 17.663
112 138 13.1792
112 144 2.10515
113 0 2
113 23 3.11856
113 35 18.9036
113 37 8.66418
113 49 10.7051
113 68 6.31695
113 110 3.63149
113 119 2
113 143 32.7262
114 0 2
114 1 17.7731
114 34 28.2854
114 37 16.3317
114 79 20.3697
114 81 14.7657
114 83 5.73145
114 89 3.52167
114 104 3.07122
114 134 13.7033
115 0 4.95451
115 33 17.059
115 43 22.0315
115 68 17.7092
115 85 10.3456
115 97 28.4047
115 133 32.1007
115 143 2
115 145 15.941
116 0 4.94875
116 19 17.4717
116 21 13.9431
116 45 2
116 71 14.7419
116 97 12.2973
116 125 3.80696
116 130 8.26135
116 148 14.0649
116 149 25.0646
117 0 43.8702
117 4 23.1738
117 117 2.19053
117 143 45.511
117 144 23.2483
118 0 2
118 40 25.1162
118 55 19.8499
118 64 20.4308
118 109 16.011
118 116 6.42519
118 135 37.8849
119 0 8.01355
119 2 3.54404
119 29 2
119 32 7.95869
119 37 14.3909
119 45 16.4211
119 49 11.3234
119 55 10.86
119 72 2.44309
119 89 17.0554
119 114 2.30323
119 116 10.4659
119 143 11.2324
120 0 3.44342
120 8 16.6114
120 93 25.7798
120 97 4.84679
120 110 20.4096
120 121 10.5503
120 132 2
121 0 16.1337
121 6 10.0535
121 38 2.23002
121 47 24.9767
121 75 10.353
121 78 19.7815
121 85 5.38318
121 97 9.7039
121 135 18.3513
121 144 8.04412
122 0 30.3197
122 33 38.5663
122 66 11.0915
122 98 66.3879
122 106 33.3153
123 0 3.45163
123 33 4.03137
123 55 2
123 56 12.2081
123 62 2
123 84 7.06327
123 97 12.0064
123 98 8.5463
123 100 9.89201
123 117 7.26674
123 118 13.016
123 135 3.63978
123 143 3.12128
124 0 2
124 37 49.3524
124 71 17.2706
124 72 3.98336
124 106 5.21286
124 122 8.42472
125 0 43.5855
125 136 33.9579
125 143 40.0555
125 149 2
126 0 8.16568
126 18 10.9413
126 39 23.0698
126 44 8.19594
126 57 2.44871
126 60 9.32591
126 103 13.9615
126 114 3.97423
126 115 9.91593
126 135 15.125
127 0 15.9774
127 24 12.1465
127 45 16.9491
127 52 16.2955
127 62 16.4699
127 84 14.9382
127 89 7.96647
127 149 6.63785
128 0 12.215
128 9 35.6274
128 37 3.23117
128 52 13.912
128 74 7.7234
128 76 25.4123
128 81 3.84647
128 83 10.6066
128 88 4.55447
128 143 10.0466
129 0 26.5607
129 1 17.2051
129 5 14.6004
129 19 11.8015
129 45 22.4258
129 50 18.3034
129 70 8.5683
129 85 2
129 97 11.4318
129 144 3.54278
129 147 2.13894
129 148 9.87722
130 0 5.58331
130 13 17.8606
130 14 13.5139
130 48 13.7474
130 88 4.57647
130 97 8.8252
130 99 11.3703
130 117 5.51088
130 135 15.7759
130 143 3.72269
131 0 3.81606
131 8 12.0716
131 37 4.95297
131 45 5.47056
131 56 11.4706
131 78 17.5546
131 88 10.2243
131 94 26.5803
131 98 9.17326
131 114 2
131 139 19.5174
131 148 7.40532
132 0 9.18772
132 2 19.7421
132 35 15.888
132 48 15.2574
132 49 11.4435
132 72 17.2331
132 116 4.75178
132 118 15.4451
132 120 12.8941
132 129 19.7014
132 149 8.02743
133 0 2
133 5 9.86502
133 34 2
133 42 3.97775
133 45 10.4553
133 47 3.60818
133 49 6.60914
133 73 2.36543
133 97 3.59333
133 101 5.03634
133 120 9.6781
133 125 8.10748
133 126 7.86437
133 143 5.40634
133 149 5.93472
134 0 24.0134
134 48 2
134 75 33.8128
134 79 14.729
134 97 5.27935
134 100 4.35428
134 119 12.4416
134 120 21.3699
135 0 30.6017
135 8 5.61796
135 32 34.0207
135 74 49.4198
135 102 18.2632
135 114 24.892
136 0 18.9194
136 1 9.9046
136 8 19.6106
136 33 12.5491
136 45 5.73472
136 69 25.4114
136 84 21.3438
136 140 33.0756
137 0 13.7143
137 6 7.07678
137 19 5.17591
137 42 2
137 51 22.6213
137 67 11.2515
137 75 6.37421
137 97 12.4338
137 110 9.03153
138 0 15.207
138 45 15.0905
138 64 9.33178
138 73 2
138 98 12.2023
138 125 2.90907
138 126 14.6725
138 129 4.52291
138 130 21.1202
139 0 17.5906
139 38 21.4057
139 57 7.14939
139 89 23.9544
139 93 13.1984
139 99 27.596
139 108 4.02961
139 143 6.49247
140 0 14.5914
140 23 50.9416
140 48 47.8256
140 99 17.0789
141 0 14.0371
141 5 47.2463
141 20 58.817
141 91 59.4639
142 0 22.9226
142 19 17.774
142 20 17.9
142 72 6.23055
142 83 6.04791
142 93 3.5273
142 95 4.00555
142 97 13.735
142 119 17.877
142 120 15.4994
142 125 9.20008
142 149 6.16717
143 0 25.8979
143 66 69.43
143 93 2.77642
143 102 5.51553
143 125 32.1474
144 0 8.27944
144 1 6.67606
144 14 2.38644
144 19 2.89882
144 27 17.1065
144 43 21.1131
144 84 13.3779
144 93 12.5689
144 99 14.9278
144 132 4.7799
144 141 12.9012
144 149 8.27839
145 0 10.6781
145 1 8.67906
145 5 10.3605
145 19 11.7526
145 37 2.06166
145 45 5.31753
145 53 9.63127
145 56 3.21907
145 76 13.7706
145 81 4.47573
145 97 4.70643
145 140 9.72833
145 149 9.32442
146 0 116.501
146 37 23.3209
146 72 91.222
147 0 2
147 40 6.92853
147 71 2
147 72 16.352
147 73 8.0272
147 84 2.36869
147 85 14.9386
147 94 16.3305
147 106 4.59147
147 130 18.1853
147 140 3.2544
147 144 3.23127
147 149 4.17037
148 0 5.49562
148 10 4.03236
148 15 10.8807
148 20 10.2724
148 48 5.24579
148 55 2.29398
148 56 18.0062
148 71 4.12293
148 81 7.88753
148 94 14.0798
148 97 9.56595
148 102 11.9647
148 116 4.64496
148 139 7.37861
148 143 2.10265
149 0 2
149 20 22.1053
149 22 16.5154
149 29 23.5772
149 56 6.42735
149 68 5.15662
149 72 2
149 88 12.2592
149 97 12.3989
149 120 15.2637
149 126 13.3752
149 143 18.2509
