300 300 2400
0 0 37.1629
0 232 16.7534
0 254 31.023
0 289 22.1458
0 291 10.602
1 0 34.175
1 13 35.4849
1 55 26.9238
1 89 45.5579
1 104 26.6897
1 111 24.5662
2 0 15.9947
2 34 14.3307
2 42 11.6317
2 174 16.6851
2 182 10.5157
2 226 13.1784
2 227 27.1909
2 249 22.2071
3 0 10.9173
3 49 2
3 59 9.00006
3 60 13.3616
3 69 5.75327
3 105 13.678
3 113 5.13817
3 127 9.71608
3 147 3.45785
3 159 13.4114
3 178 8.65513
3 185 7.84821
3 289 13.942
4 0 45.6421
4 27 7.19915
4 69 16.0694
4 105 27.339
4 130 16.8029
4 271 11.6812
4 281 19.2201
5 0 4.04337
5 15 6.50776
5 37 2.72929
5 64 11.2353
5 87 14.8919
5 98 8.50416
5 104 10.4865
5 245 23.0527
6 0 9.79873
6 2 13.4055
6 46 15.7821
6 94 19.5673
6 139 5.00562
6 144 2
6 177 16.8264
6 223 5.67034
6 276 14.1258
6 283 9.71279
7 0 66.5017
7 4 64.7573
7 71 8.51793
7 181 46.2574
8 0 6.68308
8 14 5.48289
8 34 15.8096
8 41 11.8545
8 45 14.7522
8 50 6.5686
8 104 20.1802
8 142 6.5637
8 203 33.3673
9 0 11.8081
9 55 22.0431
9 64 16.2127
9 93 29.0866
9 163 33.8277
9 209 11.3199
9 218 18.3723
9 237 20.6856
10 0 13.1097
10 69 5.20389
10 71 12.9055
10 142 19.2251
10 143 22.9663
10 197 14.9855
10 210 2
10 242 15.8894
10 293 25.132
11 0 7.78548
11 45 2
11 104 23.4324
11 121 4.77118
11 125 5.00809
11 189 23.5107
11 216 5.42002
12 0 19.9029
12 45 10.7969
12 60 8.7839
12 99 9.5104
12 174 16.555
12 242 4.08514
12 286 14.2078
12 287 11.7331
13 0 28.7283
13 103 31.47
13 218 3.10023
13 290 11.2783
13 293 8.58169
14 0 6.0566
14 33 5.55693
14 37 13.7923
14 49 19.6341
14 69 13.3355
14 237 14.4817
14 251 12.0377
14 253 6.78898
14 283 21.8848
14 298 23.0603
15 0 4.89235
15 7 10.9671
15 60 34.8953
15 86 2.58842
15 130 43.5994
15 250 13.1345
16 0 7.80018
16 78 2
16 95 4.34652
16 118 13.549
16 140 6.74295
16 142 15.4972
16 215 12.2161
16 235 17.1662
16 267 5.29931
16 270 6.31105
16 280 3.34517
16 283 2
16 294 2
17 0 11.8573
17 26 29.976
17 84 6.04885
17 105 33.8611
17 125 11.9392
17 141 19.0062
17 157 30.6289
17 227 13.2673
18 0 26.1913
18 86 18.5485
18 109 18.6334
18 130 23.7949
18 208 8.49447
18 215 23.4516
18 266 14.6975
19 0 9.04964
19 12 11.4591
19 18 2
19 31 10.9423
19 37 6.78016
19 45 10.3122
19 67 12.213
19 76 8.1246
19 103 9.16208
19 109 4.87793
19 133 2
19 160 5.52872
19 194 8.88831
19 232 6.68619
19 250 6.04736
19 268 4.68012
20 0 17.2743
20 3 8.11902
20 33 9.07852
20 42 17.4013
20 56 7.65583
20 94 17.2163
20 181 2
20 255 19.2047
20 268 3.1867
20 283 2
21 0 2.23661
21 78 12.4652
21 104 8.81669
21 123 21.7062
21 126 2
21 128 3.84589
21 165 2.08168
21 208 19.4878
21 286 22.6653
22 0 2.47547
22 8 8.49578
22 23 8.67532
22 56 2
22 100 23.0868
22 104 11.2142
22 118 10.7741
22 215 11.1086
22 237 13.4705
22 250 6.02965
22 290 25.0584
23 0 9.88985
23 39 7.83644
23 40 10.9894
23 71 7.41871
23 74 10.8979
23 130 26.5724
23 173 15.1462
23 185 4.96275
23 271 10.7657
23 276 9.3816
24 0 32.981
24 53 29.4956
24 157 17.0458
24 187 16.5972
24 244 31.3698
24 289 6.43263
25 0 29.7921
25 69 20.3428
25 94 7.58602
25 206 28.3689
25 220 47.6961
26 0 13.977
26 42 11.4257
26 89 6.21781
26 90 2
26 94 19.06
26 107 6.26137
26 109 7.23066
26 115 12.2372
26 129 2
26 198 2.42607
26 232 10.3251
26 276 16.1538
26 283 6.99244
27 0 6.90209
27 12 16.3971
27 123 7.67365
27 143 8.68833
27 209 9.34397
27 216 13.7495
27 243 6.9461
27 267 2
27 290 7.53612
28 0 4.47115
28 45 15.3009
28 113 20.2672
28 130 11.4635
28 153 20.8148
28 157 5.47814
28 224 21.9014
28 252 8.81332
29 0 4.5165
29 6 17.7741
29 41 26.038
29 45 6.03777
29 63 4.34498
29 107 7.59567
29 180 4.39978
29 189 19.5261
29 203 12.3597
30 0 59.431
30 2 6.37808
30 242 15.8753
31 0 18.1471
31 143 20.3503
31 152 16.4051
31 222 18.6579
31 288 20.1566
31 294 19.2029
31 296 2.7237
32 0 33.4763
32 55 25.0012
32 67 24.5581
32 68 8.63797
32 104 25.6441
32 182 11.9604
33 0 12.8653
33 42 15.1931
33 54 3.36954
33 118 2
33 153 9.20983
33 220 20.5562
33 238 22.6389
33 243 18.0938
33 268 6.25722
33 276 6.85993
34 0 6.98458
34 5 7.15284
34 57 2.30152
34 152 4.27269
34 167 7.15961
34 181 2
34 194 12.2361
34 219 14.5195
34 250 2.94208
34 251 7.77923
34 257 5.01394
34 270 22.0723
35 0 4.12851
35 46 26.7417
35 63 8.85464
35 157 26.637
35 242 19.4956
35 266 19.6323
35 283 13.0497
36 0 9.61418
36 12 11.4594
36 38 10.7097
36 69 24.5193
36 112 14.9752
36 185 10.061
36 266 17.9181
36 267 8.94239
36 272 9.39102
37 0 12.3753
37 42 7.4052
37 116 16.2323
37 122 21.0405
37 155 31.6663
37 181 2
37 233 25.41
37 258 21.9813
38 0 10.8867
38 7 18.4986
38 34 10.1955
38 104 10.6307
38 203 9.20819
38 232 20.9711
38 236 27.9083
38 266 6.25975
38 267 6.54898
39 0 26.132
39 33 13.9892
39 36 15.0444
39 142 5.40247
39 187 7.06675
39 197 5.28771
39 215 24.2005
39 233 2
39 242 26.6467
39 252 18.4046
40 0 6.18952
40 8 7.21112
40 55 9.57868
40 98 8.47291
40 150 22.5974
40 238 20.2605
40 243 9.77537
40 283 2
41 0 18.3464
41 2 3.64325
41 3 2
41 42 9.53366
41 57 10.7782
41 92 2.70707
41 105 9.92711
41 114 12.1309
41 129 13.5196
41 141 7.7702
41 181 9.48494
41 203 16.7452
41 232 6.89133
42 0 20.0674
42 60 2
42 122 14.0302
42 140 20.8786
42 152 6.18201
42 179 5.00592
42 212 8.12971
42 222 5.19917
42 283 2.19183
43 0 27.982
43 64 8.90276
43 87 15.9344
43 115 17.3336
43 194 18.201
43 210 33.7636
44 0 16.8184
44 34 2
44 55 2
44 125 4.72558
44 142 7.08129
44 163 8.87546
44 225 7.49187
44 273 2.34046
44 291 24.5001
45 0 3.99461
45 34 11.8982
45 50 9.73031
45 60 10.8867
45 65 2
45 71 7.03477
45 116 4.6314
45 119 2
45 151 6.9513
45 194 10.5286
45 223 2.94815
45 247 2.4334
45 282 10.6693
45 296 10.6255
46 0 16.3316
46 159 13.6075
46 174 8.72259
46 244 42.1259
46 287 32.7274
46 291 7.05937
47 0 21.5629
47 2 17.3071
47 87 11.008
47 119 13.148
47 213 8.79691
47 237 12.6219
47 243 5.96141
48 0 13.1963
48 5 16.3407
48 84 10.144
48 105 15.253
48 139 17.5903
48 165 5.57327
48 173 21.98
48 182 9.89066
48 191 10.7264
48 242 7.18791
48 245 15.8567
49 0 22.5363
49 4 2.86024
49 18 12.6243
49 60 14.6966
49 61 11.7547
49 69 15.5938
49 88 8.37392
49 93 5.21799
49 174 16.5001
49 249 3.10852
49 266 18.575
49 268 6.65096
49 280 7.03296
50 0 53.5987
50 50 72.9088
50 107 3.03221
50 266 46.3685
51 0 11.8893
51 6 2
51 35 2.1113
51 45 13.825
51 78 18.6288
51 152 8.83837
51 170 5.6412
51 201 17.3543
51 223 13.0529
51 225 2
51 232 20.5146
51 287 4.76057
52 0 13.8668
52 9 9.2271
52 104 16.6043
52 143 11.2507
52 163 15.5764
52 174 10.308
52 199 2
52 211 20.5435
52 218 18.1927
52 268 9.36662
53 0 49.4559
53 53 33.4312
53 93 34.6094
53 112 20.7857
53 226 14.8424
53 244 25.2173
54 0 5.70896
54 71 23.2325
54 92 15.9206
54 152 27.6864
54 154 12.3381
54 181 5.40274
54 228 32.7274
55 0 12.7093
55 41 5.38678
55 65 11.8636
55 116 2
55 125 13.7875
55 131 11.8356
55 136 2.01174
55 138 9.98265
55 147 11.7387
55 184 3.9996
55 196 3.42018
55 276 10.2524
55 293 11.6964
55 296 2
56 0 21.6383
56 3 21.4735
56 71 3.67227
56 75 2
56 130 12.5129
56 194 33.0455
56 282 29.0464
57 0 16.5018
57 3 2.89715
57 15 2
57 19 10.1233
57 32 2
57 34 2
57 60 5.93286
57 128 3.50152
57 140 3.28091
57 142 7.73235
57 216 10.407
57 245 5.55324
57 286 11.5949
58 0 27.7743
58 18 14.2159
58 41 32.5792
58 56 37.6348
58 184 29.889
58 218 20.2315
58 244 25.4012
59 0 10.5636
59 93 2
59 104 28.0411
59 152 25.2721
59 172 10.6839
59 248 5.38718
60 0 4.6397
60 68 13.2938
60 97 15.8767
60 104 6.40108
60 165 11.459
60 212 25.4947
60 235 7.59388
60 242 21.1096
61 0 28.2945
61 2 2.407
61 122 5.85416
61 134 34.8846
61 145 17.5533
61 165 16.6624
61 180 2.99887
62 0 13.4813
62 15 9.67406
62 45 9.35049
62 55 7.52468
62 89 10.3821
62 93 17.607
62 104 2
62 203 4.74896
62 220 5.99979
62 268 5.08706
62 281 3.5963
62 296 9.82181
63 0 7.79811
63 63 13.1326
63 76 2
63 126 6.61472
63 165 7.88949
63 187 4.85964
63 203 11.1976
63 205 9.92928
63 210 7.30148
63 227 2
63 247 2.79929
63 252 18.8654
63 276 2.56165
63 291 9.29639
64 0 70.2826
64 276 81.359
64 282 18.3544
65 0 5.7375
65 8 12.5412
65 41 9.03417
65 54 15.8505
65 55 13.5952
65 88 9.6325
65 95 3.63671
65 129 4.66551
65 165 2.02481
65 194 17.0791
65 222 11.9037
65 238 13.6333
65 264 12.7353
65 290 8.14993
66 0 3.60846
66 30 6.06177
66 87 16.6677
66 100 7.20861
66 117 9.60732
66 187 11.4295
66 236 4.64713
66 250 8.75654
66 252 14.4678
66 271 7.53592
66 293 17.5193
67 0 4.26809
67 10 15.8213
67 14 11.5478
67 53 4.07581
67 67 11.3134
67 139 23.5121
67 157 7.6044
67 184 17.5842
67 187 10.6678
67 196 6.11342
67 235 8.75218
67 282 17.8713
68 0 7.08218
68 5 37.8455
68 55 26.7497
68 142 39.2299
68 143 32.8025
68 165 36.3074
69 0 10.668
69 10 12.1047
69 30 21.1327
69 45 2.80314
69 72 28.4756
69 132 13.2316
69 180 4.25272
69 283 5.98775
70 0 2.8984
70 63 23.0896
70 67 6.42215
70 102 19.0694
70 143 8.37618
70 170 10.9932
70 173 6.90648
70 184 16.0529
70 227 17.2539
70 273 5.86026
71 0 11.0421
71 43 17.1142
71 45 11.504
71 46 4.19338
71 69 9.05573
71 122 21.2591
71 128 4.51142
71 155 6.48835
71 180 19.1357
72 0 14.9311
72 2 25.5263
72 86 2.37437
72 132 6.60245
72 157 17.6333
72 163 3.51329
72 252 10.3066
73 0 2
73 28 2.18261
73 45 21.5223
73 55 12.5721
73 65 3.09643
73 69 10.4494
73 184 6.18114
73 222 14.1816
73 282 6.85875
73 287 15.0266
74 0 3.82545
74 39 28.5292
74 181 13.8771
74 203 3.36158
74 230 12.37
74 235 8.12514
74 238 14.9815
74 268 6.09182
74 282 8.43118
75 0 4.678
75 53 7.81206
75 56 2
75 75 2
75 76 4.22427
75 90 7.61368
75 116 7.48407
75 123 12.9608
75 139 2
75 174 2.15305
75 187 7.62166
75 237 9.78163
75 254 6.10482
75 258 5.4181
75 267 8.43398
75 283 2.62916
75 293 6.41932
76 0 9.48492
76 12 15.1603
76 45 9.83744
76 55 9.88556
76 64 24.1646
76 97 18.9543
76 113 12.5691
76 156 16.2757
76 160 2
76 185 17.7641
77 0 17.7466
77 24 2.90599
77 60 11.6306
77 69 15.0305
77 87 11.7533
77 95 6.95827
77 104 2
77 129 11.0171
77 131 12.1228
77 158 12.4569
77 205 2
78 0 17.8955
78 21 13.8383
78 38 5.34334
78 60 5.87176
78 63 19.9902
78 80 8.13914
78 89 7.61126
78 118 7.84022
78 119 24.8949
78 151 7.92218
78 172 8.87919
78 196 9.145
78 215 4.11627
79 0 11.2175
79 8 4.41621
79 69 18.8127
79 94 21.2872
79 174 2
79 203 15.0626
79 222 4.5648
79 255 24.0191
79 293 11.6501
79 294 9.48834
80 0 28.4693
80 18 13.426
80 59 2.52562
80 104 16.9771
80 116 24.6704
80 130 10.0834
80 157 13.5107
80 252 6.20636
80 258 5.18527
80 272 2
81 0 39.0815
81 37 7.85999
81 104 46.7855
81 190 19.6918
81 199 6.58575
82 0 13.5517
82 19 9.73597
82 119 14.8891
82 128 14.8005
82 135 14.2476
82 172 21.125
82 203 6.85975
82 286 3.35466
83 0 20.0495
83 87 6.87125
83 88 42.1924
83 103 25.4568
83 190 37.2824
83 255 39.611
83 266 27.272
84 0 33.6554
84 46 6.23548
84 63 13.9049
84 220 25.2493
84 245 24.4282
84 252 27.5528
84 272 18.9242
84 287 15.2564
85 0 5.7481
85 30 11.9686
85 56 10.6162
85 63 11.6349
85 104 3.81806
85 112 13.2893
85 125 12.5581
85 143 4.27076
85 181 2.07721
85 227 5.75146
85 235 8.3118
85 267 8.06195
86 0 15.6987
86 5 31.3067
86 54 22.2838
86 109 5.01352
86 150 15.7628
86 245 22.698
86 252 2.99915
86 298 25.381
87 0 7.58486
87 3 6.63116
87 60 3.1592
87 64 8.55063
87 72 7.39994
87 78 11.8874
87 95 13.8867
87 140 5.73525
87 213 2
87 268 16.5823
87 273 16.3744
87 293 19.919
88 0 33.9739
88 2 46.3216
88 38 22.0939
88 104 42.2006
88 184 29.5421
88 209 35.0594
89 0 25.7869
89 7 12.3817
89 54 21.7913
89 78 4.13378
89 129 5.36418
89 170 25.6866
89 180 24.3476
89 235 17.6429
90 0 2.5762
90 18 6.0442
90 34 19.5832
90 46 7.00819
90 60 20.8099
90 220 10.672
90 245 4.08486
90 248 7.78704
91 0 16.2441
91 46 19.0741
91 50 30.8947
91 122 13.1507
91 191 13.2661
91 215 2
91 287 34.0786
92 0 2
92 65 8.74207
92 106 7.23864
92 109 8.26713
92 157 3.95967
92 184 22.3231
92 189 12.0199
92 213 12.4768
92 215 6.72496
92 217 19.7722
93 0 30.5395
93 41 16.5687
93 95 35.3114
93 136 25.6379
93 205 19.2677
93 259 9.16697
94 0 15.9341
94 20 2
94 30 3.52174
94 69 18.4007
94 105 5.52627
94 137 6.28835
94 157 17.86
94 160 7.9308
94 189 2.01061
94 227 2
94 286 11.5238
95 0 2
95 19 12.2331
95 61 3.66266
95 104 10.3707
95 116 13.0946
95 165 18.4672
95 191 19.0122
95 213 8.27094
95 242 6.13919
95 252 2
95 283 4.00097
95 286 22.4885
96 0 13.1079
96 40 11.4065
96 56 2
96 106 8.66414
96 137 21.3528
96 168 9.72905
96 178 17.0285
96 182 13.9403
96 198 5.41168
97 0 10.6438
97 5 3.79704
97 38 2
97 41 13.8867
97 70 7.34758
97 71 4.10302
97 105 4.0542
97 125 17.7818
97 181 9.26651
97 202 15.1023
97 233 20.2475
97 244 11.2229
97 266 17.8125
98 0 19.7282
98 38 24.0848
98 63 4.84473
98 99 7.54988
98 104 10.3031
98 157 9.82164
98 160 4.25373
98 168 17.4207
98 203 5.18926
98 227 20.2609
98 235 5.88854
99 0 9.28892
99 12 15.2884
99 33 5.05528
99 62 14.8552
99 95 15.7024
99 133 30.6023
99 174 10.1475
99 196 9.76012
99 235 26.9808
100 0 15.9404
100 38 13.229
100 71 6.94389
100 86 11.0534
100 116 13.575
100 125 2.17197
100 185 3.70926
100 187 3.91307
100 199 2
100 242 5.65175
100 256 17.2568
100 266 4.05682
100 290 6.3573
101 0 24.9114
101 45 22.0782
101 187 12.025
101 232 38.2428
101 251 17.8083
101 274 2.75125
102 0 44.8255
102 25 10.5608
102 50 20.2919
102 56 32.1424
102 238 19.3356
102 293 35.0238
103 0 58.3146
103 37 42.5076
103 41 2
103 45 44.5757
103 294 34.4004
104 0 22.1063
104 67 5.34614
104 116 17.3143
104 133 8.86167
104 157 16.0472
104 181 8.94341
104 203 12.9815
104 254 15.7991
104 256 10.8959
104 273 2
104 294 7.00662
105 0 7.50416
105 6 22.3231
105 42 17.0407
105 122 11.422
105 163 3.91084
105 168 18.5011
105 232 9.95411
105 238 7.25552
105 272 13.7731
105 291 22.2073
105 294 3.2358
106 0 18.2042
106 31 2
106 34 20.6367
106 67 13.2232
106 115 25.0495
106 125 2
106 249 19.1435
106 263 6.75082
106 285 7.96644
107 0 22.7884
107 181 18.12
107 184 3.95888
107 213 20.7802
107 232 17.7854
107 235 18.1988
107 238 4.31061
108 0 13.1725
108 31 24.542
108 46 2
108 58 13.5667
108 95 10.8588
108 105 11.0729
108 116 11.9034
108 176 14.6257
108 185 24.0644
108 243 13.2573
108 252 14.9364
108 296 5.3659
109 0 2
109 15 17.809
109 51 2
109 77 12.0106
109 104 2
109 182 19.4231
109 187 2
109 196 19.5234
109 228 9.38353
110 0 19.9298
110 2 10.309
110 95 2
110 143 17.8275
110 156 6.48887
110 163 4.62645
110 180 2
110 181 27.8533
110 267 2.77037
111 0 8.80718
111 37 15.2083
111 74 17.6347
111 87 6.87926
111 129 2
111 173 9.74207
111 194 18.4682
111 255 26.23
112 0 23.9556
112 24 43.2962
112 33 50.7741
112 94 54.22
112 104 8.93004
112 208 45.7056
113 0 5.28764
113 5 20.6187
113 38 34.1021
113 120 13.7866
113 125 16.256
113 189 18.7331
113 293 5.92882
114 0 3.64402
114 45 4.60887
114 104 5.92066
114 141 35.1617
114 174 7.04776
114 293 3.17893
115 0 9.75785
115 34 8.6091
115 46 15.5742
115 140 6.74332
115 158 2.00426
115 182 16.5521
115 210 18.3214
116 0 27.4254
116 104 38.2271
116 130 3.80374
116 174 8.36689
116 182 35.3241
116 232 12.417
116 287 25.8178
117 0 15.2115
117 2 20.3199
117 58 14.5381
117 103 2
117 158 2.84507
117 215 16.7725
118 0 22.4341
118 7 3.24145
118 46 13.6415
118 123 12.915
118 142 20.5219
118 198 5.77878
118 283 3.42362
119 0 3.78479
119 19 17.197
119 105 10.8848
119 157 9.03967
119 223 9.66106
119 236 18.8411
119 272 16.056
120 0 7.53375
120 24 11.7465
120 38 15.63
120 57 11.4077
120 67 6.79782
120 89 9.56612
120 93 8.01411
120 156 6.94333
120 157 7.28157
120 184 4.25584
120 213 6.79333
120 243 5.86689
120 244 5.47926
120 271 7.28759
120 285 9.46551
120 290 7.0704
121 0 18.9688
121 2 6.14242
121 82 7.00541
121 115 11.5454
121 117 5.30816
121 136 9.289
121 144 2
121 208 4.41783
121 225 13.9542
121 232 12.4235
121 275 12.0196
122 0 35.8252
122 141 9.35317
122 244 3.13968
122 250 9.91816
122 268 36.0131
123 0 7.60983
123 49 18.4838
123 71 6.83812
123 89 2.76955
123 116 5.51852
123 141 2
123 144 2.69922
123 147 4.78292
123 155 11.6391
123 165 2.80994
123 187 10.8042
123 199 7.77395
123 235 12.8505
123 250 4.06733
123 287 13.5437
124 0 21.6817
124 16 24.711
124 18 14.5179
124 57 19.0577
124 144 2.65002
124 152 7.45302
124 214 27.1955
124 262 23.7118
125 0 16.2453
125 34 2.57086
125 38 15.3004
125 87 13.0102
125 98 22.9376
125 100 2
125 181 18.6022
125 238 13.4857
125 270 25.1472
126 0 18.9474
126 19 22.1797
126 112 6.07749
126 140 3.27457
126 141 16.964
126 142 3.57177
126 150 2
126 211 11.9132
126 247 17.2316
126 255 22.1152
126 282 11.8062
126 287 5.55788
127 0 8.26171
127 42 17.596
127 60 16.0354
127 70 12.8739
127 89 17.8256
127 105 11.0913
127 139 2
127 157 11.5976
127 168 14.8113
127 170 16.3472
127 187 9.06761
128 0 20.9144
128 37 2.4264
128 41 13.3238
128 53 11.1634
128 115 2
128 137 17.7698
128 141 19.5476
128 159 21.6364
128 213 6.44342
128 236 7.59729
128 269 8.90379
128 296 9.38321
129 0 26.1301
129 123 19.8336
129 216 13.7062
129 232 26.2281
129 242 2.26508
129 255 16.6176
129 282 27.1703
129 289 18.1807
129 293 20.1469
130 0 12.9097
130 31 5.04503
130 46 21.1949
130 95 3.11895
130 122 5.28517
130 142 10.9083
130 208 11.2319
130 213 7.72167
130 217 10.6018
130 244 14.7257
130 255 3.8014
130 267 11.4705
130 289 6.09977
131 0 18.6998
131 5 14.1455
131 19 5.55739
131 35 2
131 55 14.566
131 57 15.2493
131 143 16.8192
131 181 10.212
131 194 11.9396
131 255 11.8381
132 0 28.5406
132 34 23.7234
132 82 10.2503
132 103 3.51946
132 105 11.527
132 158 32.274
132 223 2
132 242 20.8629
133 0 13.8974
133 70 12.1571
133 172 50.3794
134 0 35.3114
134 7 54.4182
134 34 45.5823
134 122 56.3606
135 0 18.7391
135 19 11.9831
135 69 18.0545
135 70 17.5224
135 105 19.2353
135 159 16.1926
135 181 2
135 203 2
135 233 3.71126
135 276 7.301
136 0 9.52867
136 41 29.1993
136 49 10.3716
136 54 16.6804
136 69 24.6778
136 111 13.4257
136 143 10.8501
136 254 33.7746
136 263 14.0602
137 0 11.5733
137 3 19.2802
137 65 17.302
137 112 20.0211
137 159 22.5577
137 209 11.045
137 233 2
137 250 17.4739
137 285 3.98586
138 0 15.8612
138 2 29.3179
138 31 33.3179
138 49 20.2113
138 105 20.5433
138 217 27.4114
138 233 14.1242
139 0 2
139 16 9.58643
139 46 13.6139
139 64 2.0729
139 142 3.16097
139 174 3.13793
139 195 12.1274
139 216 13.5626
139 224 11.3308
139 226 10.4642
139 245 7.9052
139 260 5.19654
139 293 9.81138
140 0 13.5731
140 6 8.95035
140 14 4.98308
140 18 4.93594
140 33 2
140 37 23.0199
140 101 15.517
140 155 2
140 178 16.3724
140 272 17.6323
141 0 49.4709
141 16 3.65725
141 199 45.413
141 232 20.7306
142 0 13.9624
142 19 26.6414
142 38 2
142 60 12.6047
142 143 17.8375
142 165 23.5864
142 187 10.2464
143 0 2.31283
143 36 10.7826
143 92 8.86755
143 142 2.20233
143 208 12.6626
143 209 11.8887
143 213 15.4589
143 224 6.99682
143 226 4.38505
143 227 6.96766
143 242 7.17145
143 268 8.5703
143 276 2
144 0 19.7639
144 55 4.84743
144 83 10.6997
144 160 6.06737
144 209 3.23708
144 217 6.56955
144 247 24.7158
144 252 2.89625
144 273 5.52084
144 282 7.19778
145 0 4.65
145 104 5.33198
145 105 11.2361
145 106 7.35069
145 153 10.1966
145 155 8.9432
145 180 7.8222
145 213 3.15086
145 223 6.10763
145 244 2.13453
145 266 17.2391
145 283 15.0084
146 0 9.98173
146 6 8.81267
146 14 2
146 89 14.0363
146 111 15.3527
146 136 9.71409
146 145 7.89223
146 158 15.4673
146 191 21.4078
146 228 2
147 0 7.29576
147 6 17.6288
147 90 17.876
147 94 17.6814
147 119 7.92085
147 152 11.5197
147 157 2
147 163 5.53052
147 233 5.66812
147 250 8.3268
148 0 7.52713
148 6 9.27013
148 70 2
148 118 3.28269
148 128 2
148 136 11.2471
148 139 4.95253
148 140 17.8175
148 172 9.71913
148 174 7.99139
148 180 8.17165
148 182 7.82362
148 189 9.14328
148 190 2.21765
148 196 7.02732
148 206 16.3689
148 245 7.24306
149 0 5.3831
149 60 3.76479
149 68 3.9136
149 112 19.6042
149 116 12.3255
149 121 2.84313
149 141 6.71545
149 152 9.58372
149 157 5.803
149 182 8.05434
149 209 7.03493
149 215 11.2669
149 243 2
149 285 3.1015
149 289 15.3287
150 0 34.3838
150 130 21.6569
150 157 29.8576
150 203 12.6675
150 204 40.9709
150 282 40.3027
151 0 42.3918
151 156 17.8688
151 189 26.084
151 274 56.4031
151 289 19.6671
152 0 21.1228
152 27 9.25342
152 90 14.4697
152 104 29.7173
152 106 13.6422
152 139 19.0122
152 184 2.80447
152 282 14.4077
152 293 14.8512
153 0 9.42502
153 130 19.4394
153 131 13.687
153 152 2
153 160 4.44062
153 181 19.0801
153 193 13.3549
153 280 10.3208
154 0 9.88847
154 63 2.15692
154 67 14.3173
154 68 11.2257
154 103 5.68949
154 129 14.0812
154 134 12.219
154 194 6.42192
154 196 6.21514
154 213 2.9147
154 217 9.6237
154 267 7.40575
154 272 4.59317
154 281 6.49575
154 290 3.71666
155 0 5.75005
155 12 5.02557
155 64 4.23084
155 70 6.85959
155 89 5.69618
155 116 12.1476
155 122 6.28073
155 155 12.1748
155 167 2
155 232 2.93355
155 243 6.23028
155 272 2.86916
155 283 4.74356
155 291 6.46097
155 293 13.3993
156 0 39.9156
156 12 31.7505
156 64 22.4458
156 67 42.4626
156 85 35.6165
157 0 10.3706
157 6 11.7899
157 42 6.00246
157 111 6.04473
157 136 18.6349
157 153 6.9358
157 189 24.2225
157 190 17.6901
157 281 3.68827
158 0 13.107
158 87 19.6569
158 106 28.2671
158 117 2
158 136 12.6636
158 152 6.73906
158 289 16.5932
159 0 10.2649
159 2 2
159 19 14.4559
159 42 4.16163
159 67 10.611
159 106 14.1226
159 143 19.1362
159 158 2.55765
159 190 6.24223
159 223 14.08
159 268 9.06118
160 0 25.5276
160 5 28.5727
160 45 37.5952
160 72 30.7441
160 210 10.8907
160 237 17.3703
160 283 34.2284
161 0 5.95102
161 7 23.422
161 34 2.37155
161 118 9.43203
161 120 13.0821
161 142 25.063
161 203 7.02314
161 245 40.0392
162 0 23.759
162 5 30.4799
162 87 10.3344
162 197 17.8244
162 203 2
162 209 21.0686
162 235 18.8865
162 245 4.83591
163 0 2.39441
163 9 11.7054
163 78 3.14779
163 115 10.4673
163 116 3.09622
163 126 11.7496
163 133 3.01791
163 160 9.82733
163 276 15.6475
163 283 4.69104
163 286 2.34689
163 296 2
164 0 11.0155
164 69 3.37336
164 87 14.7238
164 116 10.0546
164 122 9.52613
164 127 8.6809
164 147 36.3465
164 225 6.61807
164 233 4.69704
164 244 2
165 0 5.29121
165 33 21.6919
165 56 9.43072
165 69 19.8304
165 172 15.699
165 180 10.7357
165 189 3.60546
165 208 11.9824
165 228 24.2512
165 283 5.82648
165 293 14.7128
165 296 9.4424
166 0 10.2088
166 37 2
166 41 17.0098
166 105 14.3949
166 115 21.4362
166 130 11.731
166 152 5.92867
166 169 9.59208
166 184 7.1062
166 298 5.60314
167 0 4.56716
167 2 27.1243
167 185 4.62919
167 250 2.03518
167 257 40.0851
167 276 24.3574
168 0 19.2411
168 2 27.8296
168 53 30.5137
168 55 2
168 102 13.4168
168 143 8.83917
168 270 17.279
168 289 14.9773
169 0 2.83423
169 3 9.29122
169 24 2.03571
169 55 7.90435
169 104 7.66423
169 106 2
169 163 12.6084
169 193 9.58525
169 216 19.6475
169 298 6.46427
170 0 24.8124
170 34 5.50442
170 45 3.56369
170 60 8.86826
170 142 19.4572
170 147 14.0954
170 238 10.1744
170 243 23.9216
171 0 25.8277
171 67 9.03391
171 93 15.7014
171 185 2.08505
171 215 2
171 237 23.9379
171 268 4.97004
171 296 22.3044
171 299 17.2882
172 0 17.6224
172 105 26.9097
172 113 28.304
172 173 4.25144
172 218 15.8988
173 0 25.4555
173 46 21.2596
173 87 31.6989
173 90 11.558
173 104 22.8223
173 119 2.89625
173 145 2
174 0 10.578
174 8 5.75202
174 41 17.9512
174 53 4.84437
174 63 10.3229
174 114 8.85212
174 121 3.99574
174 181 10.1562
174 194 4.93734
174 199 14.8571
174 208 4.4059
174 224 13.7462
174 259 5.32359
174 290 7.51765
174 294 2
175 0 7.33739
175 37 2
175 56 18.0266
175 75 15.9986
175 104 7.88351
175 105 9.9052
175 148 4.92897
175 172 2.10664
175 209 17.1259
175 234 18.2808
175 267 2.32899
176 0 26.0751
176 53 3.34041
176 83 20.2643
176 125 22.2086
176 155 19.7843
176 160 5.6042
176 196 4.1907
176 201 32.1722
177 0 11.5509
177 21 12.3362
177 34 32.8794
177 109 12.4793
177 159 8.88843
177 282 9.96333
178 0 2
178 7 6.12842
178 19 10.5974
178 44 3.82868
178 69 2.5983
178 71 9.50939
178 105 8.24492
178 118 9.57743
178 130 12.362
178 242 16.9826
178 244 2
178 281 2
178 282 18.5745
179 0 16.1442
179 46 2
179 82 13.5002
179 87 5.18486
179 130 10.8068
179 180 7.18761
179 187 17.2326
179 189 3.49158
179 193 8.80506
179 242 5.50702
179 272 19.0213
179 280 7.59
180 0 6.04897
180 125 4.0766
180 160 4.60847
180 181 39.2307
180 240 16.9792
180 243 20.6506
181 0 8.4341
181 18 15.746
181 38 3.62395
181 89 13.3464
181 147 8.43408
181 168 10.9763
181 268 14.344
181 276 2.80777
181 285 12.3208
181 294 11.9262
182 0 39.2317
182 2 20.3779
182 193 67.1366
182 267 33.1844
183 0 2.05185
183 55 34.1251
183 86 2.63341
183 118 4.82425
183 157 21.1869
183 192 13.3409
183 268 8.3483
184 0 19.9797
184 14 10.9063
184 92 10.6035
184 125 9.6977
184 147 13.0309
184 184 8.8398
184 208 4.26933
184 232 16.8146
185 0 5.68531
185 131 22.6956
185 157 25.0037
185 197 24.7759
185 218 29.9098
185 287 18.8275
186 0 19.1407
186 56 12.8863
186 76 12.1914
186 78 7.78143
186 104 22.7055
186 133 25.4651
186 152 7.76522
186 157 25.3318
186 237 19.5828
187 0 22.5021
187 6 9.74228
187 16 8.42768
187 49 2.27045
187 123 22.2288
187 129 2
187 203 5.6906
187 256 7.62632
187 294 25.9474
188 0 19.0798
188 3 7.80067
188 8 15.2484
188 41 9.5011
188 60 9.00699
188 65 20.8411
188 69 15.1117
188 104 13.0781
188 156 12.4657
188 189 22.5351
188 210 2.39059
189 0 9.76886
189 137 27.5466
189 142 47.3562
189 293 24.7631
190 0 11.2777
190 55 20.4086
190 72 14.5859
190 116 10.9966
190 137 11.2453
190 157 11.3084
190 238 3.26523
190 286 10.584
190 291 11.0409
191 0 9.6336
191 37 13.8208
191 40 12.0474
191 87 8.16611
191 117 12.2474
191 154 5.19003
191 159 15.0683
191 173 13.147
191 260 16.8437
191 289 14.3125
192 0 26.237
192 41 13.7859
192 69 19.9507
192 194 45.1859
192 249 14.72
193 0 16.9699
193 37 7.98831
193 60 8.04925
193 140 15.1342
193 174 3.11511
193 224 8.89624
193 225 2.11034
193 233 6.24134
193 235 21.5496
193 238 6.75592
194 0 2.95912
194 68 15.6498
194 78 14.7883
194 133 6.49171
194 174 29.5789
194 210 12.5628
194 212 29.0872
194 250 21.1359
194 256 7.95223
195 0 4.53856
195 56 8.15786
195 65 3.07038
195 89 2
195 92 18.6611
195 95 4.09622
195 172 7.00236
195 180 6.17954
195 182 6.91702
195 203 7.98535
195 256 2
195 297 2
196 0 21.2703
196 205 33.9626
196 227 27.6271
196 232 19.5049
196 260 28.676
196 276 10.5069
197 0 59.8963
197 168 29.2194
197 195 39.0679
197 196 4.56564
197 215 35.7855
197 230 13.0645
198 0 15.7956
198 8 28.4488
198 50 13.9537
198 55 6.11245
198 67 9.31222
198 69 2
198 267 14.9396
198 296 23.3468
199 0 4.67022
199 41 4.97105
199 67 2.16024
199 113 13.5354
199 130 41.327
199 184 40.0626
199 195 9.32002
200 0 6.51604
200 2 5.41803
200 131 4.24648
200 184 3.12522
200 209 6.4481
200 223 14.7591
200 238 13.891
200 250 3.66652
200 282 5.94117
201 0 2
201 19 9.31502
201 87 7.75126
201 151 17.3656
201 173 10.1881
201 181 5.9603
201 209 27.9029
201 251 12.6333
201 265 2.69433
202 0 16.0058
202 105 3.83145
202 107 13.5425
202 110 32.9818
202 129 5.78189
202 145 12.9801
202 203 10.9782
203 0 28.0949
203 9 33.5045
203 41 10.7632
203 45 3.95911
203 105 21.2027
203 191 31.052
204 0 4.3039
204 36 9.83446
204 71 13.3041
204 142 11.6102
204 196 2.05783
204 265 6.27534
204 293 19.2917
204 296 3.36639
205 0 15.689
205 34 6.6995
205 38 9.27015
205 69 7.93622
205 119 8.55316
205 125 10.7629
205 130 3.50481
205 137 19.3521
205 157 18.428
205 181 4.90652
205 270 20.0158
205 287 6.01815
206 0 13.9966
206 104 17.6608
206 173 2.71987
206 205 42.2944
207 0 7.42962
207 128 14.0781
207 130 17.478
207 139 15.8343
207 151 10.4431
207 174 9.77836
207 176 2
207 182 6.01537
207 194 14.8391
207 214 3.57065
207 228 2.01287
207 249 13.8629
208 0 2
208 86 6.81653
208 105 2
208 145 14.5214
208 173 16.4842
208 203 20.5941
208 205 3.77037
208 252 10.348
208 286 6.74511
209 0 25.9954
209 5 21.7353
209 45 15.8502
209 112 10.7085
209 152 4.64051
209 206 14.3838
209 218 16.5606
209 228 22.5568
209 268 9.17279
209 283 2.98958
210 0 25.935
210 34 8.34965
210 37 14.0063
210 173 14.0404
210 217 7.53392
210 220 2
210 233 18.7339
210 280 4.91186
210 287 2
211 0 11.0284
211 32 21.35
211 34 23.0917
211 86 2
211 107 17.1186
211 136 3.94858
211 197 19.6294
211 242 16.2605
211 254 14.1206
211 259 3.95063
212 0 2
212 8 18.539
212 64 10.7529
212 67 18.3776
212 68 12.4185
212 87 3.84519
212 95 12.2984
212 102 3.28746
212 113 23.8544
212 193 14.5185
212 213 8.17875
213 0 6.1771
213 5 20.4889
213 37 17.791
213 38 11.4115
213 105 12.225
213 218 13.0381
214 0 3.28555
214 129 53.2061
214 181 34.5928
214 182 25.6762
214 195 10.6145
214 289 30.7039
215 0 12.2484
215 10 31.6786
215 46 14.3188
215 59 10.6966
215 143 33.5343
215 265 2
216 0 18.5092
216 42 10.8477
216 60 22.4431
216 69 11.9956
216 87 11.6823
216 110 10.8996
216 118 12.9978
216 129 5.46778
216 157 12.7477
216 208 2
217 0 36.6767
217 122 26.7147
217 150 39.08
217 164 13.3133
217 209 16.5971
217 242 38.3137
217 283 5.19618
218 0 10.0026
218 42 3.40774
218 62 2.20979
218 72 12.4785
218 105 11.1983
218 122 9.66565
218 296 30.0686
219 0 15.7175
219 20 14.5583
219 37 16.4412
219 71 13.222
219 87 6.09835
219 137 9.02339
219 155 2
219 197 2.06145
219 248 4.59055
219 266 9.34723
219 276 15.2287
219 283 8.32108
220 0 25.3186
220 2 21.3482
220 19 14.4055
220 38 12.3873
220 57 38.9647
220 210 10.4227
220 256 22.5543
221 0 21.3878
221 14 16.4143
221 37 16.4953
221 109 14.8474
221 118 15.2774
221 122 15.5611
221 143 13.1766
221 215 4.53368
221 220 19.2295
222 0 27.8813
222 75 6.27472
222 116 36.8995
222 226 17.5768
222 252 19.834
222 272 12.8845
222 290 30.3056
223 0 55.0233
223 14 46.2149
223 63 52.9496
224 0 5.9551
224 37 11.1702
224 38 15.02
224 75 21.3939
224 135 7.37117
224 157 2
224 180 9.10122
224 214 13.9331
224 244 5.71418
224 268 11.6264
225 0 18.5051
225 19 2
225 41 3.8243
225 54 18.5499
225 56 8.22105
225 57 28.6678
225 140 5.55694
225 182 5.96396
225 222 2.76964
226 0 23.484
226 4 5.68505
226 16 12.6184
226 27 26.7117
226 194 26.5777
226 223 20.8092
226 293 35.5742
227 0 18.231
227 9 25.9376
227 68 28.9692
227 130 19.3335
227 194 10.8982
227 210 4.41886
227 276 23.3598
227 289 27.8143
228 0 5.89986
228 2 28.9198
228 46 3.45972
228 48 12.2389
228 60 16.4326
228 82 14.6656
228 86 3.70185
228 105 16.9982
228 156 6.14488
228 172 6.93796
228 203 18.0865
229 0 3.18847
229 7 5.43301
229 45 8.41118
229 49 2.10006
229 64 2
229 65 9.54073
229 67 7.15813
229 69 2
229 136 2
229 144 7.63858
229 160 6.53055
229 237 7.01943
229 244 3.63039
229 256 2.10575
229 267 2
229 286 6.20181
230 0 25.8639
230 64 9.78885
230 65 24.5689
230 195 3.81549
230 208 8.50663
230 286 5.20736
230 296 11.9983
230 297 27.8245
231 0 10.5477
231 19 5.98045
231 42 8.34379
231 59 14.4716
231 111 6.76125
231 138 16.5499
231 157 2
231 160 21.9159
231 163 13.1094
231 180 14.2038
231 276 3.38283
231 296 15.4806
232 0 3.36783
232 8 27.1556
232 19 3.67085
232 37 9.18771
232 60 14.8474
232 105 24.9588
232 136 2
232 190 2.35846
232 265 21.0244
233 0 6.81639
233 16 11.2069
233 71 20.0217
233 129 7.5132
233 140 14.3036
233 156 12.2585
233 157 2.63862
233 171 6.91019
233 180 12.5478
233 220 2.56614
233 252 9.1473
233 267 9.67377
233 274 6.02209
234 0 29.3763
234 55 26.0209
234 65 8.39687
234 89 18.3245
234 121 7.66043
234 136 5.40375
234 187 3.22503
234 188 6.14946
234 246 19.1529
234 285 7.74829
235 0 7.32595
235 34 67.1702
235 125 38.2064
236 0 14.4807
236 60 17.3659
236 131 12.6737
236 141 4.20029
236 155 18.8327
236 208 14.7922
236 283 26.7167
237 0 10.9017
237 5 8.43045
237 19 18.9935
237 42 8.46029
237 55 2
237 56 17.7648
237 69 15.0834
237 86 2.05178
237 109 15.2339
237 189 2.9485
237 216 5.02091
237 235 9.69491
238 0 17.0068
238 52 24.8573
238 64 15.7084
238 143 20.6456
238 212 35.2674
238 232 30.8239
238 235 15.4831
239 0 22.5049
239 69 14.6934
239 102 3.86627
239 114 14.7989
239 140 9.33544
239 196 2.3511
239 203 14.9554
239 244 34.0716
240 0 13.3198
240 63 17.2969
240 109 16.627
240 129 20.0511
240 206 15.6937
240 218 20.0234
241 0 20.7305
241 89 21.4717
241 165 13.7099
241 182 40.9172
241 218 44.3353
241 296 27.8541
242 0 13.4713
242 20 19.4525
242 41 9.60334
242 64 14.3308
242 104 3.01086
242 105 11.8803
242 165 11.2678
242 182 17.337
242 212 6.17748
242 276 7.8898
243 0 6.39873
243 53 21.1849
243 69 8.25415
243 89 2
243 93 17.1914
243 152 16.1382
243 180 9.73668
243 187 3.19849
243 252 2
243 267 12.4952
243 283 9.8038
244 0 13.8235
244 38 2
244 87 7.90248
244 104 5.35927
244 146 2
244 171 11.7068
244 187 2.58815
244 197 7.97926
244 272 2
244 294 5.48332
245 0 6.09596
245 19 10.5733
245 67 12.5057
245 69 2.38687
245 104 4.91592
245 189 17.081
245 208 2
245 215 13.1641
245 241 2.30964
246 0 2
246 41 28.1316
246 87 24.8668
246 165 25.5097
246 228 15.9086
246 271 18.9371
247 0 2
247 7 10.347
247 14 2.10494
247 49 2.47634
247 133 13.7995
247 157 5.58241
247 184 13.7038
247 185 14.9794
247 243 15.328
247 267 11.3998
247 278 7.83296
247 282 9.37997
247 296 16.5267
247 298 13.4387
247 299 11.4831
248 0 7.90089
248 98 46.1478
248 105 43.0941
248 160 15.4129
248 235 3.93576
248 283 18.4643
249 0 6.03683
249 102 33.5794
249 143 10.0105
249 241 15.8275
249 283 46.6541
249 286 34.8578
250 0 2.23483
250 45 4.1629
250 46 12.4296
250 71 7.61192
250 104 21.8355
250 119 21.3135
250 194 14.0931
250 250 2.94136
251 0 2.8711
251 30 6.65476
251 104 20.5138
251 121 6.056
251 125 14.9356
251 136 22.6573
251 158 14.713
251 174 7.92014
251 197 27.8242
251 251 4.44454
251 285 15.2962
252 0 14.8416
252 33 9.90165
252 75 4.39084
252 109 2.43225
252 114 12.1672
252 153 4.63306
252 173 7.51427
252 200 6.40687
252 206 12.9872
252 209 11.55
252 260 2
252 267 13.8082
253 0 6.27947
253 18 53.409
253 72 38.3459
253 80 20.8859
253 208 25.1834
254 0 6.69228
254 3 21.4373
254 67 14.6072
254 158 10.3961
254 174 2
254 197 23.5368
254 250 9.65841
254 252 14.9621
254 258 23.1526
254 276 5.1432
255 0 6.66099
255 2 16.1056
255 55 13.9355
255 93 11.1394
255 104 9.59789
255 113 2.00295
255 237 6.80272
255 242 17.4302
255 268 17.9102
255 282 19.4924
256 0 32.7385
256 7 13.903
256 105 56.8971
256 199 16.6697
256 229 14.2448
257 0 14.4407
257 2 2
257 14 13.611
257 72 7.21096
257 80 8.64112
257 125 19.6899
257 126 4.79947
257 155 25.9
257 237 9.80842
257 238 10.9566
257 290 8.77298
258 0 6.10294
258 38 15.8467
258 46 8.97149
258 69 12.0728
258 106 5.62419
258 142 11.1323
258 151 7.44135
258 212 20.3154
258 236 19.2621
258 291 6.89368
258 297 19.3095
259 0 14.5126
259 41 9.3619
259 53 10.1115
259 119 13.1484
259 152 9.1813
259 174 12.045
259 232 11.4198
259 237 4.51183
259 238 2
259 278 11.9833
259 293 2
260 0 8.88499
260 7 34.1363
260 57 43.9181
260 165 16.3858
260 178 17.6687
261 0 2
261 33 21.8861
261 64 15.4456
261 87 7.86837
261 130 2.88039
261 157 3.63526
261 180 16.8208
261 225 46.4074
262 0 7.25027
262 39 15.0808
262 46 11.0501
262 53 2
262 56 22.4539
262 93 16.8466
262 138 7.30701
262 163 9.51827
262 196 17.1771
262 203 21.8511
262 289 7.47484
263 0 30.145
263 69 17.7879
263 168 2.77905
263 203 22.9128
263 283 36.4268
263 287 14.0525
264 0 14.7211
264 24 10.4595
264 40 5.34059
264 65 15.9422
264 105 11.0405
264 125 15.0571
264 141 3.42448
264 208 4.25324
264 210 16.5151
264 237 4.59183
264 244 5.5266
264 270 8.66817
265 0 8.54846
265 96 12.9234
265 106 3.09022
265 129 2
265 180 17.0729
265 208 5.8361
265 222 20.7169
265 243 11.4023
265 256 10.059
265 282 12.7733
266 0 50.0418
266 21 2.39457
266 50 19.5613
266 69 13.3829
266 102 15.7629
267 0 3.96565
267 37 13.6095
267 68 8.57613
267 107 2.17979
267 116 2
267 143 12.388
267 148 2
267 156 16.0478
267 232 9.26014
267 244 23.8862
267 267 18.282
267 283 16.9516
268 0 17.9006
268 37 14.5634
268 45 20.4636
268 107 20.9265
268 123 2.34442
268 208 15.7291
268 258 28.6324
268 276 21.936
269 0 25.9432
269 116 19.2223
269 117 13.3848
269 179 7.14605
269 191 5.31965
269 245 23.6345
269 267 23.4552
269 268 5.94381
270 0 29.1324
270 10 4.2495
270 69 2
270 71 3.77954
270 172 21.919
270 178 12.5907
270 182 11.5771
270 245 12.9149
271 0 12.6382
271 103 18.8825
271 115 11.2167
271 128 7.81601
271 139 5.53403
271 180 14.5146
271 184 19.1606
271 187 11.6046
271 229 12.2814
271 269 14.3139
272 0 13.7072
272 3 2.15365
272 56 5.10632
272 61 16.6498
272 123 26.2632
272 130 9.89325
272 143 5.90655
272 145 6.35695
272 174 25.1334
272 230 14.696
273 0 4.97311
273 55 38.4312
273 120 29.3408
273 178 12.3534
273 182 29.8947
273 203 20.8735
273 294 6.82689
274 0 9.42202
274 18 5.06645
274 83 16.0683
274 113 15.3131
274 131 9.82733
274 136 10.3798
274 143 2
274 152 2.36816
274 194 5.58132
274 212 19.4256
274 218 2.49049
274 235 2
274 250 11.243
275 0 2.73847
275 179 2
275 189 14.1782
275 200 2
275 208 20.1578
275 216 20.9256
275 268 2.02442
275 289 2.27887
276 0 12.9895
276 2 13.7064
276 92 18.0903
276 111 9.26046
276 130 4.35539
276 142 16.2243
276 155 10.3032
276 159 13.0314
276 181 15.4298
276 195 15.3513
276 198 16.0709
276 296 5.88913
277 0 21.5693
277 14 5.24124
277 19 5.62271
277 97 17.4378
277 142 5.03266
277 181 3.76095
277 216 17.155
277 253 8.92821
277 272 15.8024
277 296 9.63335
278 0 9.56226
278 62 17.6425
278 64 2
278 72 24.259
278 153 7.79236
278 160 3.77809
278 232 19.2586
278 242 3.80571
278 269 20.0959
278 281 4.87906
279 0 15.0267
279 41 6.43816
279 63 19.9902
279 163 18.7014
279 194 2
279 220 14.115
279 230 5.2157
279 265 12.7327
279 267 12.892
279 283 16.4231
279 289 18.0186
280 0 2.39284
280 2 2.0015
280 59 6.90396
280 113 12.1239
280 187 9.99724
280 189 20.543
280 194 18.9312
280 208 17.8666
281 0 8.375
281 36 6.23322
281 37 5.66496
281 45 14.3774
281 69 10.1504
281 93 2
281 104 13.5717
281 119 2
281 123 5.01729
281 181 7.53182
281 216 6.36094
281 227 10.8913
281 235 4.58136
281 238 4.28744
281 267 2.20672
282 0 33.5219
282 56 8.41458
282 115 4.88007
282 123 10.4627
282 131 14.5362
282 163 23.2534
282 174 4.12572
282 199 8.73691
282 256 5.99007
282 286 15.3084
283 0 13.5407
283 104 2.95692
283 105 7.95335
283 170 2
283 182 17.6314
283 187 2
283 197 2
283 203 9.00977
283 244 2
283 293 11.9986
284 0 14.5864
284 45 2.32697
284 68 24.5239
284 157 14.6967
284 203 2.79774
284 232 19.0649
284 245 3.10777
284 267 14.1666
284 283 13.2984
284 288 15.149
285 0 23.2132
285 34 24.5152
285 70 36.7567
285 137 28.762
285 180 4.44299
285 250 24.9711
285 252 24.711
285 258 21.161
285 279 26.2858
286 0 3.13873
286 60 4.31062
286 89 31.5972
286 105 7.64268
286 147 4.48355
286 208 32.9345
286 268 25.2165
287 0 4.61521
287 7 7.10125
287 12 16.1913
287 34 20.3099
287 41 4.64374
287 69 15.2522
287 95 10.821
287 102 2
287 173 16.1268
287 276 26.0684
288 0 5.45101
288 68 4.9004
288 80 25.1034
288 144 15.3508
288 154 20.7374
288 253 10.8922
288 254 2
289 0 22.7347
289 2 21.289
289 38 7.19447
289 51 15.1355
289 53 5.45653
289 106 7.71548
289 125 12.6023
289 180 2
289 203 9.38922
289 242 17.1181
289 282 2
290 0 4.39376
290 15 3.6037
290 55 7.60087
290 129 8.821
290 158 15.1482
290 160 8.86357
290 163 11.2756
290 237 17.5918
290 252 10.8345
290 259 2
290 282 2
291 0 12.0891
291 30 5.95758
291 42 4.47446
291 61 14.8008
291 67 11.8708
291 155 2.91957
291 210 13.9438
291 245 10.7042
291 259 20.0666
291 290 8.92862
292 0 25.6254
292 69 14.4832
292 136 16.7356
292 144 11.6855
292 147 17.6354
292 194 7.05438
292 203 18.8922
292 242 11.4422
292 250 8.71333
293 0 3.1164
293 5 12.8957
293 58 3.22953
293 67 7.03507
293 104 6.11312
293 157 8.83332
293 180 2.8134
293 269 3.04248
294 0 22.5124
294 46 3.92075
294 98 5.82918
294 128 30.445
294 203 9.22192
294 227 28.6272
294 256 24.9038
294 293 20.5769
295 0 12.8658
295 89 51.9335
295 142 8.60597
296 0 12.4479
296 69 7.84492
296 76 5.17942
296 98 23.7426
296 100 3.69832
296 104 15.9452
296 109 15.6502
296 122 4.82369
296 137 18.5772
296 267 15.6762
297 0 9.60128
297 12 12.2353
297 16 11.8208
297 18 5.48562
297 34 7.3312
297 46 16.6257
297 49 20.4677
297 104 16.2498
297 109 11.273
297 125 2
297 250 17.565
297 252 12.8622
298 0 9.85003
298 11 4.27884
298 12 14.5115
298 121 3.05683
298 130 8.78649
298 143 15.3132
298 160 5.0368
298 163 5.73492
298 180 7.42336
298 222 4.08186
298 232 14.9217
298 237 3.50415
298 248 10.6491
298 267 12.4564
299 0 4.9657
299 45 2
299 60 22.2003
299 122 2
299 125 5.60249
299 165 14.4805
299 170 2
299 189 4.78401
299 193 8.22483
299 196 12.8871
299 237 11.1264
299 250 4.88439
299 286 15.115
299 299 3.12815
