100 100 800
0 0 27.9494
0 16 2
0 39 14.7698
0 50 18.5185
0 75 59.8433
0 84 19.7805
1 0 11.3146
1 7 7.5727
1 16 7.91361
1 18 10.0125
1 39 9.73061
1 40 2.23825
1 42 6.32908
1 56 8.82203
1 60 7.95273
1 65 12.6954
1 72 3.67849
1 73 15.6055
1 84 2
1 86 11.4588
2 0 10.183
2 16 12.8824
2 23 13.4663
2 45 7.79371
2 73 14.7912
2 75 11.7264
2 81 21.1019
2 96 22.6988
2 98 25.1941
3 0 3.47164
3 4 3.32076
3 5 10.9533
3 15 2
3 16 4.36815
3 35 2
3 45 11.3641
3 46 2.30513
3 66 11.9879
3 67 2.77903
3 80 13.3535
3 81 7.76698
3 91 4.20799
4 0 24.0502
4 5 21.528
4 16 9.87888
4 24 17.5985
4 49 9.06439
4 50 4.43729
4 60 6.87611
4 65 13.6231
4 88 17.7318
5 0 17.3687
5 15 9.37168
5 18 2
5 29 9.93634
5 39 16.4164
5 45 4.14028
5 50 14.3309
5 65 11.5637
5 83 2
6 0 2.92142
6 15 11.2594
6 18 5.34838
6 20 19.1305
6 28 8.55992
6 29 28.553
6 35 8.64287
6 39 20.888
6 50 2
7 0 33.1089
7 11 28.9104
7 15 30.4467
7 18 15.8636
7 46 9.23487
7 53 3.66154
7 70 13.8626
8 0 21.7094
8 15 23.3259
8 18 17.7482
8 20 17.6392
8 24 25.1834
8 39 11.643
8 45 2.87349
8 69 17.7778
9 0 17.695
9 9 17.5318
9 34 22.7808
9 46 13.7556
9 55 27.875
9 65 6.80766
9 75 7.38198
9 76 23.2067
9 85 16.6117
10 0 2.14277
10 18 8.8171
10 39 2.49105
10 60 11.9677
10 70 15.3602
10 81 22.6319
10 92 16.4468
10 99 18.3083
11 0 4.99242
11 18 17.2982
11 24 24.3143
11 64 2.08011
11 65 14.5621
11 71 4.13518
11 77 7.58699
11 90 16.3434
12 0 13.1126
12 5 10.4812
12 20 4.66995
12 23 6.57214
12 27 4.52627
12 42 8.75525
12 46 4.05144
12 55 10.1959
12 60 6.93386
12 69 9.17726
12 75 6.12148
13 0 27.7236
13 16 19.4343
13 19 17.1718
13 34 9.8706
13 46 4.99063
13 65 19.0351
13 70 3.16566
13 99 20.7208
14 0 10.0081
14 5 10.6843
14 10 20.5827
14 34 16.7175
14 45 21.408
14 58 2.60153
14 65 8.94857
14 76 5.4428
14 99 2
15 0 7.90162
15 16 19.3424
15 18 8.08476
15 26 12.0748
15 47 8.43181
15 55 13.8084
15 72 15.7803
15 83 26.1799
15 84 18.092
16 0 48.9342
16 29 64.6864
16 73 81.2541
16 90 11.1945
17 0 10.1013
17 47 12.8258
17 60 11.4162
17 61 3.78539
17 72 24.6113
17 74 21.1494
17 75 10.5592
17 78 10.792
17 99 5.19645
18 0 21.444
18 14 14.6377
18 18 24.5019
18 81 5.82314
18 82 24.2835
18 85 23.5604
18 96 19.0766
18 97 17.9283
19 0 2.47464
19 4 4.44744
19 15 12.5078
19 18 5.06774
19 23 7.01583
19 34 6.78621
19 40 2.7226
19 46 4.7265
19 50 3.29572
19 54 2.73341
19 55 12.7464
19 70 2.14064
19 73 6.7505
19 75 4.6678
19 85 5.05735
19 96 13.9794
20 0 26.8156
20 10 2
20 15 25.5249
20 16 11.3156
20 31 10.5353
20 34 13.0245
20 55 2.28065
20 60 4.62973
20 89 2.63239
20 96 7.21359
21 0 4.21177
21 11 6.31469
21 19 22.701
21 35 11.6209
21 46 19.7272
21 60 2.25081
21 67 11.0511
21 73 8.37477
22 0 21.1935
22 25 8.55402
22 33 14.0196
22 50 4.66784
22 55 23.2903
22 69 32.3698
22 90 26.7949
22 97 5.17784
23 0 5.50238
23 13 2
23 20 13.9046
23 50 6.23107
23 55 20.9212
23 60 20.2493
23 61 19.8854
23 80 17.4244
23 82 16.1054
23 96 7.76303
24 0 11.5893
24 9 2.25009
24 29 17.7617
24 41 4.99656
24 43 25.2782
24 60 21.6027
24 76 22.7564
24 79 7.58837
25 0 2.14422
25 19 2
25 27 34.739
25 57 6.77902
25 60 9.95088
25 79 7.61394
26 0 47.9249
26 42 46.2169
26 56 51.1472
26 96 27.8103
27 0 36.5778
27 3 45.4847
27 21 10.0701
27 34 3.04585
27 75 30.0851
27 80 38.4607
28 0 4.54855
28 24 24.7165
28 35 15.3007
28 47 20.1005
28 50 6.78417
28 55 6.24356
28 78 7.98326
28 79 8.92738
29 0 15.3289
29 18 2
29 20 2.19273
29 35 2.94621
29 50 24.0158
29 54 3.41539
29 56 5.27037
29 73 15.4532
29 85 6.11594
30 0 5.69154
30 1 8.57578
30 5 14.4262
30 20 12.6892
30 73 6.15551
30 76 24.5694
30 86 21.4747
30 88 3.53135
31 0 14.4805
31 15 13.2294
31 21 2.1719
31 23 4.52199
31 34 9.09025
31 38 8.79983
31 46 11.8173
31 53 10.7775
31 60 14.5523
31 84 13.6464
31 86 9.29715
32 0 6.98634
32 5 11.9083
32 15 32.4455
32 16 7.20014
32 42 15.4608
32 58 11.2314
32 79 2
32 81 3.67485
32 85 32.0417
32 86 11.903
33 0 25.2946
33 5 9.62468
33 22 7.32992
33 25 29.3041
33 35 2.37519
33 60 25.7869
33 73 10.3603
33 75 19.9514
33 81 16.6913
33 99 26.8978
34 0 25.1777
34 16 15.3486
34 23 23.3091
34 45 21.1169
34 52 10.2423
34 56 24.0705
34 78 16.6808
34 79 20.3922
35 0 2
35 5 2
35 14 16.6978
35 15 3.42361
35 21 12.7622
35 25 4.78703
35 34 6.91538
35 35 14.3495
35 70 7.86112
35 76 17.2904
35 78 4.60974
35 99 13.9051
36 0 18.9633
36 18 27.3799
36 20 44.6093
36 35 8.27434
36 60 72.4367
37 0 72.9132
37 42 44.8436
37 45 78.1027
37 67 33.1488
38 0 10.8479
38 1 6.91225
38 18 2
38 19 6.17045
38 20 24.5366
38 23 24.9466
38 64 3.38542
38 76 5.82927
38 78 16.8622
38 83 8.43716
39 0 20.8745
39 24 23.2685
39 35 15.0532
39 42 2
39 46 14.0373
39 60 8.73863
39 67 18.3616
39 75 38.5028
40 0 40.1389
40 14 11.0619
40 19 2.17108
40 34 16.2361
40 45 13.4294
40 70 28.8633
41 0 28.7623
41 24 36.9881
41 38 5.91294
41 43 2.06288
41 54 24.2784
41 55 17.777
41 86 16.5292
42 0 17.6663
42 1 10.6269
42 7 5.97492
42 20 8.75933
42 42 5.11848
42 45 11.815
42 50 7.43042
42 58 4.61175
42 71 3.48175
42 72 9.67328
42 73 17.7684
42 75 10.6744
43 0 7.07572
43 5 2.82508
43 29 5.50523
43 42 5.23798
43 45 14.1256
43 47 28.6141
43 65 15.6575
43 66 25.3488
43 67 9.98004
44 0 12.5641
44 2 16.2246
44 9 2
44 18 23.2272
44 27 6.67312
44 34 4.34564
44 64 12.9622
44 69 12.3776
44 81 10.4602
45 0 16.6821
45 5 2
45 10 14.2508
45 23 11.1495
45 25 17.9196
45 43 12.7533
45 49 5.48805
45 54 11.0506
45 65 12.4435
45 97 11.3916
46 0 35.7705
46 16 31.9334
46 26 19.7907
46 27 31.4488
46 54 24.7504
46 55 17.2026
46 91 15.7799
47 0 19.4994
47 11 5.63285
47 15 4.77942
47 18 14.7699
47 23 2
47 70 2.14849
47 72 26.3956
47 76 7.04198
47 78 20.2574
47 90 9.45139
48 0 2
48 24 7.08804
48 34 5.39762
48 35 3.09657
48 40 6.27637
48 42 9.69106
48 46 4.7139
48 50 2
48 52 10.3856
48 55 6.54389
48 62 6.77836
48 79 4.96063
48 80 10.5235
49 0 4.07792
49 2 9.71065
49 5 3.28109
49 16 16.476
49 21 12.9111
49 45 9.45665
49 64 9.44985
49 71 2
49 73 7.29365
49 76 19.1141
49 84 14.3697
49 91 6.68727
49 97 13.7552
50 0 2
50 2 9.38094
50 18 2
50 19 2
50 24 2.98793
50 49 3.34629
50 80 17.8265
50 83 13.8406
50 97 18.8189
51 0 12.1849
51 2 6.61235
51 14 3.13162
51 29 11.0104
51 42 11.6168
51 78 13.3995
51 80 16.169
51 85 5.81062
51 92 8.72226
52 0 12.5825
52 1 14.51
52 16 4.77292
52 27 6.79737
52 43 7.00544
52 50 14.2564
52 60 9.66806
52 67 3.70207
52 68 5.27317
52 91 2.17563
52 92 7.89297
52 99 2
53 0 20.3195
53 5 15.5672
53 16 20.2224
53 18 30.6685
53 20 11.6882
53 42 17.5354
53 80 8.36834
53 91 6.57024
54 0 33.7238
54 9 24.3409
54 18 19.9681
54 21 9.38905
54 47 28.1243
54 60 15.3069
54 81 49.0961
55 0 9.20137
55 7 12.9725
55 16 18.7808
55 20 13.9078
55 43 9.25495
55 46 16.9902
55 50 14.0521
55 60 13.943
55 79 2.26639
55 86 8.82116
55 90 18.0365
56 0 9.52738
56 1 15.9566
56 2 2.78409
56 10 3.40541
56 16 19.7409
56 21 2.80978
56 27 9.99951
56 29 2.89308
56 39 5.08425
56 45 3.29587
56 52 2.55127
56 60 8.80851
56 72 11.4767
56 81 3.42914
56 86 11.1861
57 0 2
57 5 2.54011
57 10 10.1946
57 14 3.89836
57 34 9.25182
57 45 5.81143
57 46 13.0954
57 55 5.60856
57 60 5.07898
57 69 8.03226
57 71 7.84223
57 80 8.98201
57 90 5.18407
58 0 9.23525
58 2 16.6002
58 7 12.5658
58 32 6.85604
58 64 13.7051
58 84 16.9797
58 91 17.0482
58 96 24.7505
59 0 14.895
59 18 2
59 19 17.3513
59 23 4.13694
59 24 2
59 34 4.24969
59 35 2
59 40 5.89265
59 46 17.2597
59 60 5.4739
59 67 2
59 69 13.9047
59 85 2
60 0 5.87875
60 12 32.3497
60 25 69.3834
61 0 19.9011
61 60 22.8484
61 65 5.17732
61 85 35.6075
61 96 53.4935
62 0 14.3619
62 16 3.73134
62 20 5.92784
62 35 9.88247
62 45 13.3651
62 50 18.6576
62 55 2
62 56 2.65396
62 65 6.30641
62 75 10.4637
62 78 5.41567
62 80 4.02132
62 84 6.5593
62 96 17.1144
63 0 6.01439
63 10 3.57278
63 14 16.7983
63 18 27.0978
63 32 9.87007
63 43 16.682
63 45 13.8423
63 55 20.7109
63 80 6.40436
64 0 26.0667
64 19 32.1506
64 27 3.56883
64 69 17.9965
64 70 5.79142
64 71 17.8656
64 75 24.5397
65 0 5.82769
65 20 21.9298
65 50 59.3505
65 54 41.4257
66 0 8.80661
66 15 18.3716
66 19 10.8597
66 27 4.94136
66 29 14.1488
66 34 19.3513
66 35 4.02513
66 43 4.10602
66 65 3.06547
66 67 7.0895
66 72 2
66 78 6.09719
66 96 11.9878
67 0 17.7954
67 32 38.8282
67 69 20.8473
68 0 10.9193
68 1 2
68 20 9.85993
68 30 5.10502
68 40 2.03235
68 47 15.1949
68 67 8.10539
68 84 16.4577
68 85 12.0951
69 0 53.6413
69 29 4.91859
69 45 34.2692
69 65 43.7937
69 90 30.9916
70 0 3.96966
70 29 2.40049
70 31 2
70 45 13.7412
70 50 16.7657
70 56 15.8719
70 65 3.32748
70 70 12.6717
70 80 11.8939
70 84 18.2345
70 85 9.69766
70 99 8.29865
71 0 22.0904
71 3 12.8096
71 12 13.249
71 24 11.5103
71 32 8.76143
71 35 4.68642
71 59 31.3087
71 69 4.62429
71 71 2
71 86 13.6723
72 0 18.4375
72 2 12.6796
72 11 11.9713
72 24 8.26064
72 60 2.78187
72 64 2
72 65 2.26665
72 69 10.6378
72 84 7.99048
72 85 14.3976
72 88 6.3354
72 99 8.40397
73 0 10.2322
73 4 34.0619
73 9 12.047
73 10 7.42341
73 32 31.2456
73 72 7.70319
73 80 17.4582
73 96 21.8686
74 0 5.1844
74 4 16.5914
74 13 12.6126
74 20 7.2466
74 50 29.4798
74 59 12.0482
74 60 2
74 79 6.64254
74 80 2
75 0 19.0807
75 16 36.7458
75 50 8.28792
75 54 42.8752
75 60 34.7985
76 0 47.2099
76 18 29.7191
76 31 4.5621
76 55 26.2274
76 76 44.1111
77 0 7.62796
77 18 10.2952
77 22 13.5617
77 30 2
77 35 8.98079
77 45 8.84452
77 46 9.58208
77 47 9.17086
77 54 6.58381
77 55 23.1341
77 71 13.1368
77 73 4.51282
78 0 3.52698
78 23 2
78 24 7.31993
78 27 10.602
78 55 6.88426
78 56 7.74377
78 69 20.0824
78 81 9.37153
78 85 15.6899
79 0 7.08368
79 25 2
79 42 22.3068
79 50 18.0823
79 84 11.0773
80 0 25.4648
80 14 18.5387
80 15 17.5357
80 41 17.7029
80 49 13.7561
80 66 20.2072
80 73 16.0158
80 75 16.0885
80 97 27.5051
81 0 2
81 2 21.1846
81 5 19.4093
81 20 22.6365
81 32 11.843
81 43 3.47831
81 45 16.0998
81 50 5.02531
81 54 5.91933
81 86 12.1223
81 91 6.77317
82 0 2
82 32 27.2944
82 54 20.8943
82 61 16.5235
82 69 6.0508
82 72 26.0457
82 75 6.06701
82 84 8.75708
83 0 9.4296
83 15 8.93093
83 18 20.9466
83 24 18.2204
83 29 10.4909
83 34 7.81102
83 61 2.83564
83 70 2.22962
83 76 3.16912
83 77 2.54303
83 84 6.42104
84 0 37.8747
84 10 76.1499
84 91 61.8467
85 0 13.3571
85 1 4.23597
85 10 2
85 16 7.97022
85 39 5.29129
85 47 7.13454
85 75 7.71977
85 85 18.4357
85 90 28.5589
85 91 8.80036
86 0 24.6532
86 18 10.8754
86 34 4.4659
86 46 15.5944
86 50 22.5615
86 64 20.1812
86 84 11.0272
86 96 2
87 0 5.62916
87 2 5.09898
87 5 7.35812
87 14 8.1239
87 15 15.1215
87 25 10.2887
87 29 2
87 30 8.80786
87 35 13.0671
87 42 2.54926
87 45 5.40611
87 52 8.95162
87 65 6.10845
88 0 22.734
88 3 2
88 35 12.811
88 60 13.7568
88 61 33.8293
88 71 7.4882
88 73 18.1193
88 83 21.5078
89 0 33.6675
89 26 7.14218
89 34 4.46896
89 42 4.48596
89 75 36.2645
89 86 14.7181
90 0 22.7738
90 7 7.8443
90 34 8.03208
90 46 9.06842
90 47 33.8339
90 53 15.2208
90 73 28.3116
91 0 27.9788
91 5 6.37248
91 43 6.7603
91 46 2
91 55 27.779
91 58 8.59872
91 72 2.29183
91 79 6.15665
92 0 4.46875
92 1 13.8292
92 14 6.43972
92 23 2
92 45 2
92 47 11.6155
92 55 8.81309
92 60 2
92 68 2
92 73 7.11109
92 76 6.60044
92 83 6.27561
92 95 13.5186
93 0 18.0933
93 18 29.0991
93 35 60.9066
93 47 2
93 70 49.5805
94 0 23.091
94 5 37.4837
94 18 3.76908
94 19 20.541
94 20 28.2649
94 23 2.18488
94 34 12.2051
94 53 37.1968
95 0 10.157
95 19 30.9142
95 42 26.9068
95 75 32.054
95 79 30.3603
95 96 11.4353
96 0 4.66422
96 4 5.13205
96 9 8.37498
96 14 4.17371
96 20 10.8737
96 47 17.0299
96 50 4.78175
96 56 12.3957
96 73 2.69574
96 78 4.79797
96 79 6.31113
96 80 13.1065
96 84 12.4884
96 89 4.89551
97 0 13.751
97 5 9.19428
97 15 17.8709
97 25 2.49569
97 27 9.03077
97 45 4.24889
97 72 2
97 91 22.4411
97 98 26.3419
98 0 21.0206
98 2 20.2269
98 34 15.5025
98 45 11.0699
98 58 12.7001
98 60 16.6776
98 76 12.848
98 96 14.6224
99 0 5.79083
99 5 2.92886
99 10 11.9373
99 12 7.54588
99 15 6.29456
99 18 11.3622
99 19 14.2799
99 20 7.91828
99 23 13.0149
99 24 5.7321
99 29 8.43896
99 42 7.63298
99 50 9.31181
99 69 9.29339
99 92 9.0679
