100 100 800
0 0 21.8515
0 19 12.5584
0 23 11.7896
0 35 10.5358
0 43 15.3042
0 47 11.4335
0 55 7.0012
0 68 2
0 73 18.6117
0 83 10.0974
0 95 3.19493
1 0 38.7842
1 17 36.3339
1 19 52.2757
1 42 13.9509
1 52 42.6432
1 70 22.9486
2 0 45.2432
2 9 4.94816
2 55 49.5275
2 96 39.963
3 0 5.3616
3 2 19.7921
3 13 7.66505
3 36 2
3 40 8.79283
3 81 3.56411
3 84 21.5684
3 91 18.4076
3 92 12.9986
3 94 12.425
4 0 14.5876
4 2 3.17395
4 14 17.8436
4 15 10.9534
4 17 14.0367
4 36 20.319
4 58 26.3413
4 75 10.6854
4 78 15.8698
4 93 10.0404
4 98 16.5517
4 99 6.9102
5 0 19.0397
5 6 15.3365
5 23 6.46202
5 31 12.8223
5 73 12.048
5 75 3.86873
5 95 8.4202
5 96 15.9168
6 0 22.6861
6 5 24.0376
6 13 4.65247
6 23 31.431
6 33 25.3655
6 55 32.1948
6 79 21.5325
7 0 28.9109
7 2 14.3906
7 7 4.74393
7 34 12.8373
7 37 15.0524
7 40 3.44233
7 48 9.59946
7 61 15.4371
7 93 14.0117
7 95 20.1416
8 0 6.12941
8 17 2.46258
8 19 13.8232
8 21 8.52168
8 22 2.54875
8 34 14.2831
8 45 12.2036
8 46 4.62578
8 47 21.7746
8 52 2
8 64 16.8184
8 73 17.9469
8 75 2
8 83 6.11579
8 85 7.23737
9 0 22.26
9 13 20.8519
9 15 4.74722
9 19 19.1784
9 31 2
9 33 2
9 53 17.09
9 61 3.92119
9 65 16.5369
9 75 2
10 0 12.0407
10 11 12.7149
10 15 35.249
10 33 4.30843
10 52 33.2921
10 60 16.4374
10 76 19.3335
10 96 9.41677
11 0 2.20601
11 19 7.02064
11 27 22.7478
11 36 25.4887
11 40 17.5788
11 52 10.3296
11 57 16.9111
11 99 18.5508
12 0 2
12 5 16.2981
12 9 6.44728
12 10 4.83706
12 15 4.95622
12 17 3.38969
12 33 15.5507
12 36 2
12 53 4.66358
12 57 10.8151
12 76 8.68642
12 80 7.08514
12 83 11.0721
13 0 14.684
13 16 3.14796
13 21 10.2239
13 25 20.2099
13 33 9.98516
13 40 2.70759
13 46 11.0035
13 57 5.46879
13 65 13.0626
13 98 16.8474
14 0 11.6721
14 2 11.4129
14 4 3.07014
14 17 5.25396
14 21 5.41889
14 24 9.50477
14 27 10.6406
14 33 4.85818
14 45 12.1153
14 55 11.7052
14 58 2
14 70 5.97416
14 71 2
14 77 14.0905
14 91 5.13628
15 0 24.6259
15 40 37.4487
15 66 19.782
15 90 35.3973
15 98 18.9941
16 0 28.0067
16 15 10.1146
16 21 30.098
16 24 2.45054
16 40 25.9612
16 57 35.0707
16 80 29.7964
17 0 12.5377
17 2 7.25111
17 7 3.72689
17 13 7.80925
17 17 9.53611
17 33 2.28489
17 44 10.1321
17 46 7.48923
17 69 15.4431
17 70 8.51143
17 86 7.94516
17 91 12.124
17 92 13.5938
18 0 11.3665
18 17 42.0119
18 33 15.4229
18 57 18.3828
18 65 20.4366
18 73 17.455
18 75 7.19751
18 84 3.44892
19 0 7.05053
19 4 15.5932
19 6 21.4296
19 15 2
19 40 24.7187
19 46 18.8008
19 73 13.6935
19 80 23.4931
20 0 8.07179
20 16 8.46687
20 23 18.5547
20 46 33.7436
20 52 7.55514
20 75 9.11247
20 81 26.7392
21 0 6.70173
21 15 13.1395
21 35 21.2047
21 40 10.5233
21 42 14.1983
21 47 6.5358
21 70 19.6616
21 81 9.56404
21 94 10.4508
21 95 22.821
22 0 18.0252
22 33 9.99903
22 55 12.1401
22 66 26.6669
22 70 4.2089
22 78 8.25999
22 82 19.2734
23 0 17.2051
23 17 8.31446
23 34 10.5924
23 36 2.47392
23 43 6.80882
23 46 18.9904
23 48 2
23 57 10.2606
23 76 8.22892
23 88 21.3049
23 90 16.0888
24 0 16.8294
24 17 17.8918
24 36 70.2619
24 53 27.6454
24 68 42.7478
25 0 16.8456
25 27 9.01881
25 32 15.4288
25 43 11.7932
25 53 13.736
25 65 16.0135
25 76 8.38371
25 88 3.27721
25 94 12.8681
25 95 15.0135
25 98 2.05394
26 0 7.38609
26 10 19.1037
26 11 2.99543
26 14 14.9375
26 17 20.6633
26 20 18.8661
26 33 3.35672
26 75 8.04564
26 86 22.2524
27 0 13.8151
27 27 3.92571
27 35 2.55636
27 61 27.1293
27 75 20.4431
27 80 13.7233
27 81 15.7013
27 93 11.8457
27 98 15.9466
27 99 11.4195
28 0 4.71369
28 29 19.0767
28 33 18.6181
28 34 9.20751
28 36 6.83705
28 65 9.28994
28 70 28.2504
28 92 3.89569
29 0 16.2039
29 14 13.5775
29 33 10.5826
29 34 15.9026
29 45 22.2009
29 61 12.8343
29 76 16.9266
29 79 11.4824
29 88 8.53755
29 98 9.98708
30 0 8.90448
30 7 22.4219
30 14 12.7623
30 15 7.03781
30 36 11.805
30 47 17.8984
30 55 15.0434
30 91 2
30 99 3.98129
31 0 8.32206
31 17 18.3088
31 18 11.2828
31 46 26.0808
31 47 9.54667
31 53 9.17723
31 62 2.51391
31 65 4.57225
31 88 5.54969
32 0 6.79118
32 1 10.7925
32 4 6.25768
32 25 11.1772
32 32 6.91661
32 36 8.46229
32 41 22.4495
32 45 10.3067
32 46 7.14211
32 80 5.93942
32 81 9.23286
32 92 4.76252
33 0 4.47783
33 14 14.2907
33 15 8.61131
33 21 2
33 33 5.08051
33 43 14.1108
33 44 2.16438
33 47 8.48286
33 61 2.50769
33 80 13.3212
33 98 20.4804
33 99 17.1642
34 0 7.81856
34 19 10.154
34 21 9.54583
34 24 16.2905
34 43 3.7717
34 45 7.782
34 46 3.42125
34 47 3.72341
34 55 7.31836
34 65 4.82287
34 70 10.8473
34 71 6.60301
34 91 9.06017
35 0 14.2983
35 17 9.28441
35 22 24.3728
35 33 18.3153
35 46 2.43872
35 68 18.3725
35 70 14.1488
35 73 21.168
35 76 18.2084
35 84 2
35 93 9.64129
36 0 5.91913
36 7 9.51639
36 11 2
36 15 10.1421
36 22 2.72638
36 29 2
36 31 7.144
36 33 11.1211
36 48 10.9711
36 57 9.34963
36 65 3.01595
36 68 4.78151
36 71 3.84023
36 78 9.45129
36 83 9.8868
36 84 3.13961
36 95 6.1498
37 0 21.9431
37 6 24.5351
37 15 7.97605
37 17 11.4033
37 47 32.7044
37 76 13.3229
37 81 10.5914
37 95 10.3527
38 0 14.6343
38 15 2.42425
38 18 6.65317
38 27 13.7063
38 32 11.8064
38 43 12.381
38 56 3.36996
38 80 18.0546
38 82 11.9356
38 95 6.50923
39 0 2
39 14 23.8577
39 19 12.3189
39 20 32.2056
39 23 9.4408
39 24 2
39 33 9.64528
39 68 25.5192
39 81 16.3626
39 93 2
40 0 2
40 21 4.91676
40 23 13.1225
40 35 3.6136
40 70 12.5263
40 71 13.0978
40 73 2
40 75 11.3761
40 80 2.0293
40 83 15.0191
40 88 6.46705
40 99 19.6149
41 0 10.9878
41 10 2.15207
41 13 12.7669
41 17 2.98249
41 27 13.8063
41 33 13.5323
41 46 11.955
41 83 17.4966
41 99 15.7792
42 0 7.80299
42 17 9.5773
42 44 2
42 53 8.63109
42 61 18.3314
42 78 2
42 83 34.2506
42 84 15.2149
42 95 5.29868
43 0 19.8915
43 13 15.729
43 17 22.6229
43 45 19.2916
43 48 3.02782
43 65 15.0882
43 73 22.7476
43 76 19.171
43 86 13.7592
44 0 17.2628
44 13 22.1689
44 20 18.962
44 45 6.30337
44 51 9.37148
44 69 2
44 81 5.80547
44 95 19.7219
45 0 14.3841
45 25 20.8477
45 46 2
45 57 14.4346
45 99 8.49464
46 0 27.0853
46 13 16.8977
46 37 22.1422
46 45 26.2792
46 65 11.8198
46 67 11.2068
46 80 2.11307
47 0 17.6876
47 13 12.9627
47 17 15.1676
47 55 20.0286
47 75 17.948
47 76 13.0845
47 90 38.8162
48 0 10.2576
48 7 2
48 11 22.3616
48 45 19.0172
48 53 8.6077
48 73 20.8998
48 80 9.50792
48 91 21.6843
49 0 22.1239
49 7 15.2107
49 13 11.7087
49 18 17.4496
49 75 2
49 88 21.6523
50 0 2
50 34 19.6721
50 45 2.32389
50 55 11.2255
50 57 3.16638
50 61 12.2321
50 65 2
50 66 7.04328
50 78 14.8876
50 82 17.2177
51 0 14.3633
51 5 6.95089
51 7 9.61009
51 13 12.624
51 24 4.37878
51 36 7.85655
51 38 3.74241
51 50 7.0279
51 61 15.8429
51 76 5.20721
51 93 17.2198
51 96 9.22372
52 0 16.9134
52 23 30.6888
52 65 2
52 85 24.3466
52 92 8.02263
53 0 5.4225
53 17 23.3712
53 19 29.4069
53 47 34.6593
53 55 26.0514
53 62 30.6598
53 80 15.8087
53 95 26.6355
54 0 6.7816
54 13 9.07442
54 21 8.7925
54 36 12.4531
54 40 7.29409
54 47 8.86513
54 53 5.22704
54 56 10.9919
54 68 2
54 70 12.1435
54 75 6.65182
54 76 12.0894
54 80 2.75251
54 95 10.8894
55 0 7.67611
55 2 8.04629
55 11 3.65472
55 14 3.83004
55 17 7.68644
55 18 16.1515
55 33 10.3392
55 58 14.2093
55 61 26.6291
55 70 21.5638
55 75 8.51795
55 99 19.0119
56 0 74.6376
56 31 4.8195
56 34 32.5134
57 0 12.025
57 4 5.61404
57 7 25.0965
57 40 9.33697
57 47 17.3224
57 60 2.63162
57 71 17.3671
57 76 21.4619
57 93 7.15473
57 95 24.8041
58 0 14.3696
58 2 9.45595
58 3 5.23979
58 9 11.3807
58 16 2
58 18 12.9182
58 24 9.26354
58 37 2
58 40 15.8525
58 44 10.4906
58 45 2
58 55 15.9915
58 68 12.0242
58 77 2.85685
58 80 7.29907
59 0 12.1976
59 23 3.31261
59 48 8.40326
59 53 13.2145
59 65 21.7405
59 76 2.82632
59 86 2
59 88 2.99162
60 0 17.3303
60 8 17.0176
60 9 9.42956
60 13 9.78736
60 17 4.83851
60 21 5.03353
60 33 6.30856
60 46 11.2195
60 65 6.66903
60 80 10.183
60 94 2.75171
61 0 2.25021
61 4 8.7844
61 7 3.18409
61 17 4.76364
61 51 25.3188
61 55 11.8735
61 63 7.7486
61 69 2
61 76 3.05813
61 81 2
61 87 8.37055
62 0 8.47369
62 4 25.3165
62 17 20.6569
62 33 10.3765
62 35 3.45946
62 36 18.2022
62 66 9.06137
62 71 3.68214
62 73 12.4998
62 95 17.6982
63 0 2
63 8 2.55913
63 25 11.855
63 36 2
63 49 14.1656
63 53 10.9919
63 68 17.0622
63 77 11.9151
63 78 4.33563
63 83 10.8414
63 86 2.05447
63 87 2
64 0 16.137
64 13 14.4473
64 29 15.84
64 46 22.9264
64 55 11.835
64 65 29.2097
64 73 18.1427
64 83 2
65 0 28.4228
65 6 6.75612
65 14 9.51744
65 27 9.28243
65 33 16.0304
65 39 7.52552
65 86 17.6888
65 97 12.0906
66 0 26.0176
66 33 4.81286
66 36 31.3636
66 38 3.34768
66 45 31.9489
66 71 37.1198
67 0 61.1916
67 13 25.8989
67 23 27.8833
67 96 23.4056
68 0 19.7989
68 20 37.1322
68 31 14.1586
68 33 35.3899
68 45 3.80841
68 71 17.1122
69 0 12.3628
69 3 26.4602
69 8 18.2084
69 13 34.9015
69 45 18.6192
69 57 12.7259
70 0 8.19711
70 6 2.10839
70 14 12.7066
70 15 9.19435
70 19 16.4864
70 25 11.5394
70 31 4.33872
70 35 10.853
70 52 2
70 57 5.86683
70 62 2
70 81 23.3877
70 84 8.41173
71 0 11.1476
71 3 26.0699
71 13 12.1554
71 24 4.99474
71 27 7.4837
71 28 17.6573
71 36 21.3636
71 96 17.8831
72 0 11.9923
72 6 12.33
72 18 5.53226
72 36 12.8534
72 49 3.20948
72 55 12.9495
72 61 5.35411
72 62 20.4009
72 75 11.2436
73 0 2
73 7 10.6654
73 18 23.3842
73 35 6.66903
73 47 7.30101
73 71 34.2317
73 95 8.89804
74 0 37.407
74 47 38.4546
74 53 2
74 70 24.4146
74 75 4.70695
74 86 29.8811
75 0 6.96052
75 14 14.359
75 15 2
75 19 23.1891
75 35 4.55996
75 45 5.68941
75 69 18.985
75 75 12.7016
75 92 8.92923
75 95 12.4672
76 0 30.2694
76 27 10.6227
76 62 8.19763
76 70 28.7357
76 73 2.97882
76 77 2
77 0 16.7847
77 4 13.295
77 6 19.1197
77 23 3.68861
77 27 2
77 33 2.37012
77 55 5.95263
77 75 9.43899
77 90 11.87
77 99 2
78 0 58.0667
78 33 16.5438
78 61 30.7
79 0 5.66485
79 10 19.1687
79 17 3.4135
79 19 8.32942
79 73 19.334
79 75 4.07847
79 80 24.6998
79 91 13.6766
79 93 15.5117
80 0 19.1545
80 13 60.2989
80 17 12.9049
80 57 18.8067
80 76 33.8683
80 98 31.9398
81 0 19.4552
81 8 13.419
81 13 25.7955
81 33 9.19012
81 47 7.10675
81 57 12.1171
81 61 23.9276
81 91 19.1995
82 0 5.14513
82 5 2
82 15 5.08889
82 19 8.16429
82 28 2.90944
82 36 4.19698
82 39 16.2855
82 41 4.0795
82 45 9.38939
82 52 6.34548
82 73 17.1355
82 80 2
82 86 7.52939
82 99 2.96023
83 0 47.182
83 10 13.4137
83 14 10.8251
83 17 25.963
83 18 2.69365
83 20 44.9477
84 0 2
84 4 2
84 13 6.26974
84 15 10.2725
84 17 20.1145
84 19 22.61
84 70 10.121
84 71 14.7701
84 84 2
84 95 17.8457
85 0 2
85 10 8.0446
85 17 12.8526
85 19 10.4659
85 23 5.30787
85 33 15.5837
85 48 2
85 76 19.3804
85 79 9.56569
85 98 22.4689
86 0 2.96984
86 13 7.17198
86 24 13.8802
86 36 19.8297
86 40 4.45025
86 53 23.8959
86 71 2.05951
86 98 11.1891
87 0 28.2243
87 7 17.756
87 11 13.2601
87 17 24.0337
87 65 15.8293
87 67 5.06684
87 75 9.8356
87 95 2
88 0 27.6218
88 36 60.1588
88 46 26.6284
88 65 2
88 91 30.9402
89 0 16.5166
89 17 2.02182
89 19 10.2677
89 21 9.04967
89 23 2.66049
89 75 3.03732
89 82 15.5846
89 91 5.36317
89 99 14.002
90 0 3.38958
90 11 22.6528
90 15 4.41087
90 19 12.1564
90 45 13.1593
90 46 13.7719
90 55 22.9788
90 69 19.4592
90 78 3.94677
91 0 2.26985
91 13 11.4643
91 17 12.9557
91 55 4.60713
91 80 37.2593
91 89 37.6667
91 99 15.9071
92 0 49.065
92 23 30.2365
92 36 40.1631
92 65 7.95515
92 99 12.6457
93 0 17.6904
93 55 18.7359
93 71 29.2132
93 73 2
93 86 41.741
93 90 13.7733
93 97 11.6514
93 99 5.02609
94 0 23.7749
94 4 15.5433
94 8 2
94 16 7.23597
94 36 13.2165
94 55 25.9832
94 78 9.86695
94 81 6.79344
94 99 4.45173
95 0 4.11494
95 11 15.4352
95 57 2.67638
95 76 19.4564
95 78 25.1352
95 94 3.91547
95 95 9.95847
95 99 25.9162
96 0 6.0824
96 6 2
96 17 15.9107
96 24 12.5605
96 35 20.2069
96 46 21.8354
96 53 13.9707
96 98 10.1478
96 99 2.00966
97 0 10.2507
97 4 12.8862
97 17 2.35484
97 21 2
97 23 10.7067
97 34 13.3887
97 40 15.5118
97 44 2.01188
97 47 11.3792
97 53 3.94243
97 73 2
97 75 6.2128
97 76 12.8966
97 85 11.9062
98 0 21.5768
98 20 9.84961
98 36 21.5587
98 55 13.4529
98 76 16.2931
98 84 34.9304
98 91 13.5804
99 0 26.4765
99 8 16.9295
99 17 11.0737
99 19 5.05353
99 43 21.7704
99 70 24.227
99 76 10.1054
99 92 7.02801
99 97 6.35068
