500 500 4000
0 0 14.536
0 10 27.8383
0 26 2
0 125 23.4582
0 163 3.81444
0 263 5.2754
0 309 18.4966
0 377 4.95373
1 0 3.62559
1 3 7.9112
1 10 2
1 50 9.59575
1 67 19.8634
1 131 13.4954
1 137 10.7455
1 201 16.0572
1 228 12.8228
1 313 2.28172
1 323 2
1 325 2.25734
1 338 8.10345
2 0 15.4886
2 17 2
2 103 5.05235
2 249 34.6805
2 283 8.77206
2 317 29.5771
2 357 25.4877
3 0 6.97319
3 30 22.6135
3 194 21.0516
3 198 6.18756
3 241 7.08788
3 269 4.52452
3 323 5.17502
3 325 11.1536
3 449 3.74911
4 0 9.0698
4 23 14.5841
4 143 21.5228
4 330 10.1846
4 338 19.37
4 432 3.22953
4 461 11.4972
4 496 13.2085
5 0 2.25766
5 145 7.77021
5 163 11.1154
5 252 21.7381
5 323 20.8835
5 481 22.6072
5 483 11.2137
6 0 11.2093
6 135 12.326
6 184 8.6817
6 195 14.6089
6 249 4.54338
6 269 12.4163
6 352 10.457
6 422 20.2559
7 0 18.8759
7 11 17.3122
7 25 38.3333
7 201 28.8492
7 291 17.4405
7 434 7.93911
8 0 19.301
8 28 21.5821
8 76 9.6343
8 105 8.28259
8 142 6.66098
8 187 3.97473
8 202 13.9707
8 314 16.4638
8 422 2
8 441 6.70876
8 462 3.30172
9 0 2
9 56 16.6456
9 80 24.444
9 160 2
9 191 8.15358
9 274 3.7102
9 330 14.3856
9 344 2.32681
9 435 15.4307
9 456 15.2445
9 483 14.0375
10 0 6.7042
10 69 14.8067
10 76 9.23282
10 124 2.0646
10 185 20.3313
10 209 6.6027
10 256 4.60716
10 321 2.91877
10 362 15.852
10 434 14.5819
11 0 15.9423
11 30 10.7038
11 165 47.721
11 201 11.5396
11 263 3.60269
11 420 35.0913
12 0 16.6172
12 22 31.0571
12 58 27.2288
12 127 6.8175
12 275 6.06131
12 421 10.1289
13 0 4.63965
13 78 6.2137
13 124 6.19436
13 192 10.3511
13 195 22.0581
13 300 2
13 331 11.7825
13 356 12.1517
13 368 17.8185
13 373 11.9181
13 420 5.38761
13 426 11.0952
13 428 14.9536
13 444 7.63525
14 0 17.0022
14 40 25.7906
14 123 15.3024
14 291 3.2184
14 408 17.1804
14 428 3.48597
14 446 19.745
14 461 6.49229
14 488 23.8892
15 0 9.95224
15 14 10.6303
15 18 33.2758
15 64 10.5093
15 124 25.5762
15 129 2
15 400 3.61567
15 433 6.99052
16 0 16.4159
16 32 2.88762
16 51 14.1299
16 140 8.01234
16 186 13.9071
16 202 3.49915
16 261 14.7393
16 314 15.998
16 423 2
16 472 21.431
17 0 42.3395
17 71 52.9934
17 86 25.1055
17 98 6.1072
17 314 58.4089
17 404 18.1227
18 0 35.8384
18 265 49.7431
18 276 23.3566
18 437 28.11
19 0 12.8676
19 2 11.9079
19 152 19.9385
19 187 6.67138
19 266 5.17091
19 309 30.5259
19 397 24.411
19 405 11.7001
19 422 21.5931
20 0 5.97983
20 5 2
20 23 16.391
20 35 6.33229
20 241 23.1398
20 350 3.37571
20 423 13.5279
20 428 13.1068
20 433 12.5005
20 449 12.3295
21 0 8.77761
21 9 7.70932
21 86 23.602
21 221 19.3027
21 270 14.9567
21 299 32.275
21 369 2.86986
21 472 21.3678
22 0 33.8723
22 68 16.0536
22 115 19.9666
22 330 2.54318
22 421 41.2991
22 437 39.7239
23 0 2
23 18 16.1534
23 87 13.63
23 220 25.4909
23 268 19.845
23 326 14.3149
23 351 4.90771
23 406 32.551
24 0 11.7488
24 3 7.688
24 113 6.48415
24 199 9.4325
24 206 2
24 215 9.92895
24 261 2.05644
24 276 6.16965
24 294 2
24 298 2
24 384 7.8212
24 400 12.6351
24 418 7.84293
24 421 2
25 0 11.4162
25 3 4.61686
25 67 6.99763
25 83 3.41155
25 156 18.2718
25 171 28.9419
25 262 11.9288
25 338 6.86356
25 372 2.13068
25 485 8.97534
26 0 15.9986
26 3 12.9064
26 23 2.2605
26 197 28.3428
26 215 24.4307
26 267 14.9268
26 275 6.37111
26 380 3.69018
26 420 6.7533
27 0 40.3175
27 27 45.7113
27 30 28.509
27 142 16.7764
27 177 24.1604
27 466 13.7681
28 0 4.16903
28 11 16.6511
28 70 14.7654
28 94 20.1895
28 106 4.97284
28 155 4.58932
28 160 5.98344
28 251 11.8859
28 261 11.6258
28 275 20.2721
28 283 23.3463
29 0 18.3217
29 24 31.9594
29 161 30.0041
29 226 33.4561
29 322 29.3674
29 390 7.91761
30 0 14.9514
30 32 2
30 94 9.58589
30 187 3.09943
30 215 11.3979
30 232 6.44635
30 350 3.38916
30 372 10.0009
30 386 6.78825
30 412 4.75322
30 437 2.98578
30 438 2
30 459 19.0633
31 0 16.6309
31 3 23.1968
31 34 19.6033
31 38 21.9619
31 175 10.7773
31 199 27.2475
31 304 2.13327
31 306 14.9889
32 0 17.5933
32 36 2.05102
32 131 2
32 191 21.9752
32 338 19.9897
32 375 16.4645
32 391 16.2598
33 0 31.9509
33 22 15.5337
33 142 8.56038
33 175 23.5458
33 191 23.2118
33 202 18.9952
33 275 9.6781
33 328 30.8167
33 330 11.8657
34 0 5.23425
34 2 8.90626
34 175 8.51305
34 214 3.17907
34 253 9.72662
34 256 4.70927
34 286 7.64535
34 332 4.56675
34 337 6.61638
34 343 5.40983
34 350 12.3831
34 421 2.76989
34 473 14.5258
34 489 3.7203
35 0 15.9121
35 11 13.574
35 121 2
35 160 19.4125
35 163 12.0923
35 170 16.2768
35 290 8.77647
35 306 3.51486
35 330 9.04611
35 337 6.76766
35 420 20.2111
35 428 6.76313
36 0 6.37198
36 69 2.53477
36 158 10.292
36 218 7.94012
36 249 3.11024
36 256 15.2652
36 266 14.7339
36 286 8.11056
36 304 5.81194
36 474 8.95074
37 0 3.26775
37 35 24.5386
37 71 34.8562
37 259 17.9666
37 376 17.4831
37 481 24.4735
38 0 8.24058
38 68 36.4772
38 126 43.4015
38 177 28.5342
38 437 37.0632
39 0 2
39 72 3.81046
39 126 19.9294
39 129 14.8029
39 136 15.9216
39 192 5.52146
39 202 29.2715
39 230 2
39 302 2
39 313 13.7058
39 433 26.1954
40 0 2
41 0 6.18114
41 29 2.79956
41 56 23.2987
41 130 14.5762
41 185 18.132
41 201 3.66493
41 269 3.14987
41 338 19.5513
41 351 7.92536
41 496 16.2702
42 0 29.0038
42 1 25.6765
42 262 24.2295
42 274 20.2612
42 298 28.1092
42 308 13.5551
42 312 16.8894
42 496 25.4876
43 0 10.6777
43 37 23.1684
43 163 21.4728
43 164 15.5206
43 167 23.4648
43 195 10.7202
43 263 23.2197
44 0 3.8788
44 72 27.0852
44 181 16.1675
44 276 3.36378
44 286 8.56148
44 298 2
44 313 5.54224
44 322 8.19787
44 372 10.1233
44 422 21.5698
44 492 3.17193
44 497 2
45 0 22.4927
45 9 15.4196
45 20 4.4403
45 22 2
45 23 10.0714
45 68 2.56165
45 124 5.24982
45 192 15.2028
45 248 13.07
45 373 15.5652
45 493 2
46 0 27.0255
46 38 9.02536
46 65 20.3209
46 269 24.0199
46 315 20.1633
46 325 27.1727
46 354 10.8964
46 402 19.3079
47 0 14.6743
47 56 13.9914
47 175 18.218
47 177 13.5419
47 232 16.227
47 280 2.88685
47 287 2.13026
47 299 5.02695
47 303 5.54271
47 391 8.71483
47 400 12.6599
47 401 5.60693
48 0 8.24422
48 3 3.50197
48 40 23.8954
48 94 26.2763
48 332 2
48 370 24.2986
48 383 15.5611
48 419 5.19831
49 0 5.2686
49 249 27.1894
49 267 15.1383
49 306 2.87507
49 366 7.17153
49 368 6.42586
49 390 3.48783
49 412 32.0874
49 483 2.36164
50 0 19.2027
50 90 18.2512
50 261 17.7063
50 263 23.2962
50 286 12.7202
50 298 8.45918
50 304 19.1814
50 379 15.3439
51 0 6.43984
51 30 2.88309
51 50 19.1222
51 52 13.5269
51 56 2
51 71 2
51 249 6.27584
51 262 9.05801
51 290 18.8557
51 291 14.7462
51 335 10.3182
51 338 18.4706
51 372 4.69607
52 0 3.75048
52 101 6.41748
52 125 22.5806
52 220 12.0808
52 232 15.5128
52 304 13.9929
52 325 4.03748
52 379 4.62621
52 444 5.93285
52 489 11.2919
52 492 13.5407
53 0 16.2893
53 338 47.9188
53 393 50.9815
53 415 47.5781
53 477 17.9263
54 0 12.3405
54 67 16.5774
54 187 12.0241
54 227 11.2833
54 229 2.13211
54 303 19.5489
54 345 5.9052
54 369 19.8445
54 447 13.2264
55 0 23.6132
55 10 2
55 124 24.181
55 306 13.2253
55 410 17.7258
55 428 25.8453
55 465 5.70207
56 0 12.3299
56 27 3.66133
56 87 21.8507
56 135 14.0389
56 140 15.1612
56 142 9.04207
56 246 12.083
56 259 27.7833
57 0 17.0763
57 20 12.9712
57 92 2.60233
57 163 27.4782
57 247 2.82213
57 253 5.38415
57 340 7.14224
57 435 22.5999
58 0 2
58 2 15.3749
58 134 6.62729
58 143 13.5641
58 175 2.87718
58 195 18.1852
58 211 8.53531
58 228 19.7366
58 239 13.5608
58 420 11.6808
59 0 11.5677
59 72 7.6709
59 137 11.3194
59 249 22.6704
59 281 19.942
59 330 20.5619
59 376 18.5511
59 435 14.3268
59 488 2
60 0 2
60 40 6.73962
60 73 12.9377
60 126 18.2829
60 191 8.11847
60 215 10.6222
60 301 4.6358
60 332 4.68721
60 401 14.1131
60 421 7.11733
60 433 4.17291
60 474 4.01473
61 0 2
61 4 25.4374
61 9 3.01782
61 36 29.4728
61 78 8.0428
61 125 2.45949
61 130 13.3599
61 408 3.4646
61 435 22.8625
62 0 32.2961
62 29 9.57544
62 130 24.059
62 142 26.9626
62 340 4.60408
62 369 31.2193
62 475 2
63 0 8.70387
63 23 28.3717
63 197 2
63 241 15.9539
63 267 14.5271
63 303 6.97933
63 309 25.9298
63 433 19.4743
64 0 16.4508
64 2 9.94387
64 71 3.74544
64 143 2
64 212 24.8376
64 325 17.1061
64 370 7.12944
64 404 4.73018
64 413 7.6104
64 437 2.95862
65 0 3.6069
65 23 9.48037
65 113 2
65 142 13.3648
65 156 5.77598
65 172 19.1054
65 227 15.7869
65 279 10.5264
65 362 2
65 367 5.49175
65 445 5.8219
65 449 12.901
65 450 20.511
66 0 9.05978
66 101 26.5179
66 179 18.5052
66 298 29.5618
66 410 25.8191
66 435 16.8578
67 0 4.74015
67 23 10.4412
67 103 6.54433
67 161 18.6291
67 164 16.7097
67 294 2
67 298 17.794
67 370 18.5658
67 420 7.72033
67 481 15.6796
67 492 8.85096
67 494 20.6796
68 0 5.91832
68 33 17.3882
68 67 19.5363
68 98 2.91965
68 151 20.5163
68 279 4.38214
68 354 24.4335
68 445 5.87551
69 0 38.7227
69 16 2
69 137 3.05022
69 162 10.9434
69 229 25.3209
69 306 31.2528
70 0 3.47582
70 94 27.3714
70 161 31.592
70 163 17.604
70 172 32.4206
70 410 24.2968
70 491 7.5384
71 0 2.5467
71 44 15.8618
71 49 2.58985
71 55 2.58165
71 144 7.60674
71 171 8.15909
71 249 14.4831
71 263 11.6066
71 281 5.95177
71 381 12.2187
71 408 4.90503
71 465 10.6774
71 482 4.41007
72 0 5.31529
72 25 2.50504
72 246 26.5587
72 356 25.6536
72 369 9.98164
72 490 37.0407
73 0 2
73 103 11.8316
73 160 39.9609
73 250 5.9767
73 338 2
73 445 20.7578
73 447 26.545
74 0 12.2455
74 129 5.0956
74 218 30.2562
74 220 25.5848
74 268 20.8437
74 283 4.73237
75 0 30.4499
75 92 23.5588
75 144 30.4716
75 156 24.7488
75 259 26.9742
75 266 6.38384
76 0 2.51046
76 9 11.452
76 21 7.87625
76 148 7.48417
76 240 9.9429
76 246 2
76 247 3.50544
76 249 20.663
76 256 14.973
76 300 11.6205
76 312 13.6413
76 393 3.43422
76 459 7.85076
77 0 32.1734
77 68 37.6805
77 197 8.75331
77 228 33.2141
77 297 17.5857
77 491 4.80048
77 496 9.58077
78 0 15.4825
78 98 2
78 142 6.19656
78 163 21.232
78 254 9.69411
78 275 2
78 278 19.9633
78 287 26.6107
78 299 16.8265
78 467 7.46518
79 0 11.3493
79 31 8.71145
79 139 11.1498
79 162 4.13516
79 218 18.5064
79 220 2.24099
79 285 2.15539
79 312 6.08664
79 313 9.78563
79 352 2.9606
79 370 2
79 401 16.6384
79 491 12.6181
80 0 12.059
80 10 12.4216
80 39 11.2089
80 155 29.4331
80 197 29.0951
80 291 6.9914
80 359 4.54122
80 401 10.0401
80 496 2
81 0 11.2945
81 44 21.8214
81 115 16.9195
81 120 29.1908
81 312 8.64343
81 332 18.0206
81 361 17.3432
81 424 2.16268
81 447 19.6866
82 0 14.8308
82 19 5.09087
82 23 9.94902
82 27 9.29076
82 98 2
82 139 4.27579
82 172 13.7583
82 243 17.817
82 276 3.85707
82 370 18.2175
82 422 8.13544
82 452 3.80201
82 459 5.47797
83 0 15.5991
83 51 9.85215
83 163 27.6706
83 194 17.5639
83 301 16.362
83 390 9.48926
83 410 43.5184
84 0 30.4088
84 16 15.168
84 33 8.35896
84 44 2
84 234 11.5105
84 263 14.6915
84 356 4.7829
84 405 20.9428
84 420 18.2675
84 446 5.98605
84 452 6.59071
85 0 7.63834
85 9 27.7729
85 97 20.4527
85 124 32.5429
85 125 16.7733
85 201 4.77148
85 356 29.3744
86 0 9.67098
86 23 22.6074
86 30 3.21362
86 31 15.4169
86 214 19.1368
86 239 14.0927
86 249 2
86 261 12.5409
86 312 2
86 401 5.20623
86 421 11.3123
87 0 18.962
87 50 18.6325
87 161 7.40481
87 241 17.9764
87 263 16.9432
87 333 12.0635
87 373 2
87 420 2
88 0 5.45362
88 13 12.7051
88 51 16.9007
88 108 3.66799
88 209 12.3334
88 211 12.66
88 229 4.78855
88 249 9.2371
88 312 5.58817
88 341 11.2005
88 358 9.51863
88 410 2.18508
88 432 8.33975
89 0 2.42463
89 79 11.2617
89 159 41.5191
89 197 35.7223
89 258 6.09322
90 0 12.3669
90 59 12.3972
90 69 16.2598
90 302 7.3597
90 320 2
90 325 15.548
90 377 14.7063
90 382 12.3547
90 422 5.11894
90 433 16.7086
90 435 5.42554
90 452 4.65006
91 0 4.97682
91 201 11.8143
91 238 2
91 269 29.9697
91 328 31.1698
91 445 21.1355
92 0 26.3291
92 195 30.5064
92 249 15.8786
92 278 10.3012
92 294 41.3531
92 403 11.4247
92 456 6.24388
93 0 9.91
93 124 2.42206
93 189 3.91112
93 222 10.4448
93 247 5.17232
93 312 11.7199
93 313 7.25525
93 340 5.09817
93 375 11.5664
93 421 5.02791
93 435 2.70325
93 483 21.0343
94 0 14.7471
94 7 8.99448
94 18 4.21652
94 276 41.3003
94 340 22.6599
94 375 34.1142
94 420 5.8381
95 0 12.0911
95 39 35.8681
95 108 29.962
95 286 8.17514
95 287 17.9913
95 354 3.87509
95 418 31.2715
96 0 3.49753
96 97 3.95552
96 142 3.3583
96 220 34.911
96 304 2
96 350 10.8265
96 401 9.57705
96 422 22.6531
96 492 10.2714
97 0 25.6364
97 126 21.0781
97 216 6.06189
97 261 10.7462
97 277 5.47477
97 313 40.819
98 0 15.8427
98 66 13.9507
98 142 5.38775
98 152 14.7871
98 187 20.3772
98 218 19.9968
98 304 19.9322
98 369 4.91174
98 420 9.68599
98 433 2.93981
99 0 16.8205
99 20 10.3456
99 96 7.48116
99 97 13.8291
99 176 35.0507
99 249 18.7945
99 256 10.4597
99 278 14.058
99 390 17.4707
100 0 25.9403
100 31 5.73796
100 130 6.48433
100 229 3.27679
100 256 2.03657
100 261 4.31734
100 299 23.2104
100 320 8.94825
100 333 17.6017
100 405 2
100 428 20.4773
101 0 6.95391
101 10 2.74707
101 31 18.7184
101 71 35.8528
101 124 11.8856
101 257 10.9173
101 313 12.1578
101 422 17.413
102 0 16.1476
102 89 22.817
102 159 25.1755
102 162 3.77453
102 249 9.87823
102 275 20.6919
102 309 8.0638
102 420 20.3631
102 428 13.9903
103 0 13.8068
103 25 4.90334
103 31 8.88437
103 50 24.1141
103 67 14.1891
103 201 8.1882
103 263 18.0238
103 309 2
103 312 12.1084
103 496 7.38627
104 0 2
104 52 7.0953
104 126 16.3105
104 251 26.7055
104 388 29.7983
104 391 2.34455
104 400 23.0458
104 422 18.0974
105 0 11.5811
105 48 38.1912
105 125 17.515
105 286 26.9116
106 0 24.9793
106 69 9.11318
106 130 7.73743
106 180 3.585
106 197 10.6623
106 304 19.922
106 370 2.82336
106 401 21.7179
106 403 9.56308
106 444 8.92649
106 447 18.8965
107 0 13.8295
107 51 12.9211
107 126 12.4416
107 197 14.7773
107 232 12.1949
107 268 24.9597
107 279 17.006
107 372 19.6216
108 0 16.6314
108 28 22.5505
108 39 35.684
108 58 8.07655
108 238 13.9104
108 323 8.46975
108 370 23.7936
109 0 11.0147
109 216 5.5359
109 241 17.2202
109 286 11.9893
109 287 23.5209
109 294 9.75476
109 309 15.8862
109 361 5.49882
109 367 20.9854
109 419 6.52768
110 0 6.02905
110 61 2
110 108 3.94637
110 130 2
110 175 2.0586
110 184 21.2671
110 247 12.9348
110 297 14.0663
110 299 7.9439
110 368 12.8112
110 412 4.41917
110 420 4.87787
111 0 29.5271
111 31 52.6584
111 345 2.51139
112 0 5.93232
112 142 14.3394
112 195 19.2685
112 278 31.0606
112 298 11.323
112 350 5.94946
112 370 7.29087
112 423 8.69734
112 480 2.0716
113 0 34.2158
113 67 7.95054
113 78 33.0697
113 96 14.3186
113 281 17.2942
113 354 26.8343
113 361 30.0783
114 0 8.74267
114 28 21.2285
114 108 37.8531
114 256 17.2489
114 356 12.0751
114 431 3.72097
115 0 19.9356
115 74 10.8467
115 96 13.4779
115 250 18.1056
115 286 3.29487
115 315 21.26
115 488 5.56822
116 0 12.8111
116 21 2
116 126 19.0781
116 156 5.11604
116 197 13.2758
116 274 8.94674
116 277 4.95297
116 372 7.32659
116 376 9.16233
116 433 14.1595
116 445 5.04639
117 0 25.8904
117 137 23.681
117 143 27.1579
117 155 2
117 164 21.5444
117 391 18.6601
117 496 23.5854
118 0 13.8033
118 36 10.4933
118 126 8.64077
118 135 7.07098
118 195 4.45186
118 233 15.3962
118 256 7.5872
118 286 8.80249
118 309 5.88702
118 340 10.6101
118 344 13.811
118 423 17.3939
118 447 13.2365
118 481 11.9848
118 484 3.09749
119 0 13.3633
119 142 10.3071
119 215 4.19454
119 220 18.7745
119 301 12.0239
119 308 9.75238
119 331 2.39149
119 356 18.2104
119 375 2.24041
119 468 13.9578
119 481 5.37587
120 0 53.4848
120 71 37.4117
120 177 73.7182
120 421 27.5445
121 0 49.224
121 232 13.4721
121 261 20.2655
121 369 26.2917
121 401 38.3992
122 0 27.917
122 101 40.5986
122 201 5.76077
122 286 39.4833
122 375 10.9683
122 397 43.8718
123 0 47.7366
123 16 12.0025
123 61 9.91451
123 94 17.355
123 241 43.5322
123 294 12.0452
124 0 2.45646
124 59 13.1254
124 140 18.4299
124 145 7.52783
124 239 2
124 273 24.0298
124 275 7.57544
124 315 15.4248
124 375 14.8934
124 376 15.4896
124 409 15.4053
124 422 8.12895
125 0 8.40582
125 38 6.82565
125 70 19.8827
125 172 21.8148
125 195 9.50717
125 283 20.2431
125 298 25.3437
125 312 11.8574
125 492 12.8515
126 0 3.68611
126 48 16.6371
126 66 3.49885
126 126 9.3038
126 145 14.0978
126 147 12.3478
126 156 11.575
126 214 12.1512
126 239 18.9239
126 261 8.81899
126 297 8.67199
126 316 15.5905
126 459 4.8279
127 0 2.85098
127 4 13.346
127 6 8.54497
127 26 16.9892
127 42 20.053
127 127 5.26356
127 220 6.09545
127 375 8.27032
127 376 2
127 445 12.4753
127 447 16.3243
128 0 26.7729
128 89 2
128 133 20.3222
128 160 22.2366
128 220 13.6891
128 237 10.1738
128 420 13.6791
129 0 15.6253
129 61 10.3857
129 285 15.9225
129 298 10.4196
129 330 7.65933
129 370 5.15283
129 409 17.7833
129 440 8.02493
129 443 10.0885
129 457 17.496
129 483 2.11853
130 0 2
130 2 17.8902
130 114 5.28896
130 354 9.32118
130 363 56.5864
131 0 21.7498
131 103 14.4636
131 164 19.4409
131 228 9.7474
131 231 2.58607
131 369 23.0021
131 422 13.979
131 498 22.473
132 0 44.5088
132 266 88.7923
132 291 39.5633
132 489 37.4731
133 0 2
133 71 13.7657
133 93 2
133 145 2.98186
133 184 6.03927
133 201 11.4494
133 296 9.58777
133 320 16.5035
133 328 7.2512
133 335 15.6643
133 369 3.85549
133 393 6.48823
133 422 4.34919
133 435 7.41156
133 494 6.05802
134 0 22.63
134 156 6.85057
134 187 32.0015
134 269 29.1455
134 277 20.425
134 313 22.6504
135 0 23.4117
135 49 2.46205
135 63 11.214
135 152 5.26343
135 195 10.3654
135 309 2.75236
135 330 18.3093
135 390 17.5168
135 424 10.6894
136 0 8.96113
136 11 3.02413
136 71 2
136 139 11.4371
136 148 6.8404
136 156 3.24455
136 161 2.30693
136 201 13.9835
136 286 4.26283
136 298 9.97213
136 322 17.5692
136 336 8.33271
137 0 2.2318
137 42 8.83682
137 78 31.141
137 286 39.2559
137 335 31.2421
137 492 9.30796
138 0 9.62128
138 23 15.7039
138 51 2.39445
138 68 15.801
138 94 16.5595
138 249 2.97583
138 299 5.31632
138 372 13.4054
138 375 2
138 385 13.548
138 465 7.91539
139 0 10.0183
139 22 9.07626
139 129 2.12044
139 141 12.5466
139 243 10.3246
139 281 2.57545
139 306 6.50871
139 363 4.59149
139 403 11.1104
139 452 2
139 460 12.1086
140 0 2.03953
140 120 16.6048
140 140 13.0049
140 252 6.25388
140 261 15.4906
140 287 11.3233
140 335 17.588
140 420 11.245
140 422 9.9662
140 447 2
140 480 4.73946
141 0 27.723
141 32 4.72412
141 116 27.2975
141 201 15.5551
141 401 14.6427
141 408 27.7287
141 499 20.2719
142 0 32.4394
142 100 8.49986
142 237 15.7082
142 256 5.75286
142 356 26.5194
142 372 3.12143
142 425 37.2518
142 441 10.2682
143 0 11.7635
143 23 5.02141
143 40 11.2873
143 155 2.45569
143 256 23.3073
143 279 7.3123
143 283 9.90349
143 328 12.169
143 353 8.79611
143 401 3.26601
143 437 12.6198
143 449 6.31768
144 0 2
144 44 16.3883
144 125 5.40495
144 129 14.4242
144 155 6.06818
144 162 7.46304
144 189 9.03135
144 377 12.1095
144 445 2
144 492 19.1181
145 0 8.06464
145 35 17.5552
145 228 8.01471
145 261 7.75485
145 299 7.63691
145 352 16.4031
145 368 10.5414
145 409 2
145 420 7.63408
145 424 3.94693
145 452 14.6007
145 471 6.04694
146 0 18.2001
146 160 22.6935
146 276 34.5067
146 312 11.0423
146 356 38.9046
146 375 41.3943
147 0 11.7492
147 129 6.51941
147 214 16.335
147 256 16.74
147 294 2
147 350 22.1334
147 397 15.9826
147 402 13.9418
147 422 15.0652
147 445 9.78828
147 453 2.38217
147 494 9.71354
148 0 104.07
148 194 55.082
148 338 31.5631
149 0 2.01493
149 31 2
149 116 21.6365
149 163 2
149 251 17.0236
149 261 22.1263
149 299 19.1514
149 315 2.72438
149 369 9.09335
149 433 2
150 0 3.71703
150 68 2
150 113 14.963
150 124 4.72916
150 195 5.20911
150 249 5.16846
150 331 6.84253
150 421 15.7221
150 435 18.7626
150 499 5.39135
151 0 19.9184
151 30 5.87435
151 191 5.60023
151 192 3.61788
151 241 6.51376
151 267 28.4642
151 291 12.018
151 306 5.16983
151 309 17.9242
151 369 10.8559
151 372 20.1337
152 0 16.497
152 201 4.19763
152 223 5.89428
152 263 4.93278
152 265 4.91826
152 268 10.755
152 344 5.91075
152 352 3.94421
152 353 2
152 384 16.6085
152 442 4.73093
152 492 8.2194
153 0 26.308
153 87 16.1456
153 175 8.91502
153 249 14.0458
153 261 26.2479
153 262 27.0215
153 328 30.5551
153 420 23.1456
154 0 31.2291
154 10 6.21197
154 23 13.581
154 94 7.80463
154 276 2
154 330 9.80325
154 368 28.9366
154 408 27.7293
155 0 24.6888
155 2 16.5216
155 34 5.27278
155 101 21.8244
155 201 3.24692
155 304 6.51657
155 306 9.66499
155 338 6.81602
155 397 7.9784
155 435 6.0548
155 480 11.4961
156 0 11.0494
156 18 15.7129
156 120 17.2572
156 167 16.779
156 187 10.8173
156 198 5.75696
156 228 12.446
156 242 20.4682
156 373 8.26888
156 493 17.8433
157 0 46.8072
157 2 37.222
157 48 37.3524
157 452 32.25
157 492 4.72909
158 0 11.6178
158 21 14.9442
158 44 18.1329
158 155 20.5941
158 252 3.53643
158 276 5.62552
158 284 19.0578
158 297 16.1239
158 306 3.07872
158 309 18.9005
158 442 13.167
158 493 12.8521
159 0 17.0183
159 49 21.826
159 96 18.3005
159 114 7.42268
159 142 12.4679
159 202 20.3067
159 232 10.0323
159 248 4.27756
159 340 7.65406
159 356 2.5565
159 383 2.89915
160 0 15.8455
160 23 6.64607
160 45 27.7969
160 92 24.6089
160 145 16.7396
160 212 21.295
160 261 8.09987
160 356 29.5367
160 445 9.99945
161 0 3.24957
161 3 18.7271
161 229 11.9456
161 276 8.17654
161 298 18.0524
161 319 12.2575
161 330 12.9246
161 370 9.8244
161 435 5.61235
161 489 27.0675
162 0 4.22544
162 142 2
162 143 8.08937
162 159 4.04116
162 321 17.0044
162 483 9.32468
162 488 25.9999
163 0 4.69484
163 180 8.98226
163 187 7.7592
163 256 13.145
163 263 16.6539
163 286 17.119
163 312 2.79722
163 362 25.8926
163 430 7.11113
164 0 16.151
164 2 10.0633
164 35 18.9087
164 124 9.1338
164 259 11.1949
164 325 22.6098
164 465 23.3444
164 488 16.7884
165 0 2.36214
165 124 17.5326
165 155 2
165 202 19.1144
165 206 2.39221
165 256 4.51856
165 298 12.8196
165 338 2.17252
165 421 2.23297
165 435 8.95394
165 489 7.7806
166 0 32.8535
166 41 9.67103
166 48 12.641
166 269 21.8294
166 390 11.3418
166 396 3.51795
166 491 31.3647
167 0 9.63734
167 94 9.05483
167 129 4.37563
167 281 33.4217
167 287 24.4786
167 340 3.36457
167 350 27.006
167 438 2.01036
167 443 10.8225
168 0 11.3368
168 84 4.71294
168 187 23.9472
168 243 3.14233
168 332 25.7742
168 344 5.78909
168 379 4.23639
168 432 10.6634
168 444 7.28984
168 468 2.12227
169 0 4.90086
169 72 35.6686
169 143 2.92104
169 156 2
169 214 2
169 231 2
169 304 3.47728
169 372 6.35825
169 379 2
170 0 27.5965
170 56 6.13066
170 189 2.42616
170 295 6.40421
170 356 21.5891
170 384 23.0579
170 434 11.0618
171 0 20.2675
171 61 5.83157
171 129 22.0757
171 163 7.38154
171 311 20.621
171 312 12.8214
171 338 18.5906
171 356 2
171 372 18.7808
171 375 3.99544
171 421 11.8559
172 0 26.6409
172 103 2.04223
172 276 18.5384
172 291 12.46
172 313 18.231
172 363 3.86285
172 391 7.15693
172 435 7.3677
172 491 2
172 496 17.458
173 0 4.77946
173 22 22.1894
173 142 13.0781
173 164 8.92285
173 250 22.6445
173 300 11.614
173 309 8.15651
173 350 6.69097
174 0 18.5988
174 3 16.6131
174 21 18.0766
174 51 16.798
174 52 16.5626
174 54 9.04437
174 256 20.4836
174 271 9.0421
174 283 2
174 303 4.50007
174 312 5.09084
175 0 29.9891
175 98 20.3728
175 127 15.5666
175 267 11.2322
175 354 2
175 356 16.8281
175 422 9.80759
176 0 2.42523
176 43 7.93065
176 47 14.5768
176 123 6.52192
176 129 10.9813
176 195 12.5726
176 227 19.2859
176 263 14.4254
176 312 10.9476
176 331 3.65492
176 401 21.3554
176 433 7.43174
176 435 4.82907
177 0 12.0317
177 8 10.237
177 65 13.1249
177 126 8.03047
177 171 20.6762
177 187 15.7137
177 189 20.5321
177 309 2.41515
177 313 7.6641
177 343 18.042
177 422 11.0307
178 0 2
178 9 2.31472
178 10 12.5434
178 23 3.25034
178 86 3.68998
178 142 7.48505
178 169 10.3567
178 220 14.3484
178 239 15.1181
178 241 12.083
178 300 2.9846
178 375 9.57279
178 409 19.2257
178 492 3.59321
179 0 26.5241
179 42 2
179 261 27.6019
179 262 28.4305
179 338 15.6567
179 368 13.4836
180 0 22.5128
180 3 8.6084
180 7 11.7704
180 35 2.02366
180 40 26.9353
180 74 6.5936
180 129 26.2612
180 188 19.6139
180 493 2
181 0 22.3405
181 48 3.71949
181 71 7.46411
181 137 13.3983
181 145 17.0237
181 276 12.1494
181 372 9.35629
181 421 11.4027
181 432 7.2122
182 0 5.21669
182 22 6.54483
182 78 14.4776
182 103 16.6755
182 155 11.0704
182 187 7.35723
182 247 8.15768
182 249 8.33071
182 274 5.6501
182 276 13.9078
182 330 15.875
182 337 8.09523
182 370 20.3234
183 0 2
183 49 23.8236
183 96 8.97364
183 201 8.01409
183 290 14.1869
183 375 14.6291
183 433 17.7864
183 448 7.61722
183 492 11.2039
184 0 11.4081
184 29 14.407
184 124 17.3759
184 218 4.00064
184 251 8.21301
184 277 6.95541
184 338 10.6856
184 350 25.6502
184 354 5.64197
185 0 14.0003
185 2 7.83932
185 50 5.19228
185 224 6.23287
185 332 17.2443
185 352 7.52331
185 413 20.6562
186 0 6.05149
186 1 11.644
186 35 2.28425
186 96 7.40963
186 126 10.5027
186 177 2
186 184 11.007
186 262 2
186 268 4.61601
186 301 7.78031
186 408 7.75522
186 412 3.58498
186 420 2
186 422 6.41933
186 428 5.88363
186 492 8.41859
187 0 17.7608
187 27 16.2719
187 66 26.3614
187 72 7.92003
187 139 10.2753
187 183 12.9878
187 350 2.28727
187 401 28.3324
187 435 25.9472
188 0 19.7488
188 23 19.7173
188 129 6.443
188 160 8.34052
188 198 30.2249
188 276 2.0779
188 304 11.2819
188 447 2
188 492 7.53824
189 0 21.3368
189 9 4.69645
189 117 20.4912
189 197 6.57466
189 276 10.914
189 291 14.9945
189 332 21.1419
189 428 24.152
189 496 14.4162
190 0 3.59116
190 31 2
190 47 7.91108
190 123 2
190 148 7.4539
190 158 9.12699
190 187 8.7213
190 220 3.81689
190 231 3.08482
190 281 13.42
190 286 11.8653
190 287 2
190 298 3.78872
190 335 5.30536
190 370 2.49838
190 423 10.5364
190 462 5.85994
190 467 3.36156
190 485 6.37005
191 0 6.10983
191 22 5.7015
191 23 15.2101
191 78 7.85632
191 113 5.64276
191 129 2
191 134 10.4848
191 139 3.89097
191 201 4.50857
191 246 11.2035
191 313 4.67325
191 330 2
191 337 12.0074
191 452 9.31085
192 0 12.3585
192 30 16.1032
192 63 9.57431
192 66 4.16588
192 68 5.8623
192 83 3.24865
192 87 2.8669
192 112 3.06105
192 183 11.7048
192 187 2
192 208 3.72769
192 283 13.3881
192 362 13.0134
192 422 11.5698
193 0 11.1158
193 47 24.0756
193 249 29.8865
193 286 36.85
193 372 35.1382
193 420 12.7887
194 0 16.9403
194 18 3.16173
194 28 15.829
194 155 22.392
194 161 4.01933
194 261 21.6186
194 343 25.6948
194 379 29.0458
194 486 18.7834
195 0 17.7385
195 187 25.2087
195 201 28.2535
195 249 10.3845
195 267 10.3143
195 306 16.1094
195 352 14.4751
196 0 22.1014
196 261 8.83715
196 269 4.19619
196 356 2.50027
196 360 38.6902
196 361 2
196 400 33.1808
196 428 22.5797
197 0 23.0297
197 14 11.3947
197 18 9.88597
197 125 14.6709
197 202 7.33609
197 220 6.18622
197 249 15.9754
197 283 9.95008
197 446 8.75536
197 465 5.87498
197 486 8.3318
197 489 13.8498
198 0 20.6503
198 155 24.2163
198 267 20.6952
198 269 5.37676
198 295 15.2413
198 352 7.89607
198 410 19.0124
198 454 8.99348
199 0 3.62347
199 134 4.65198
199 187 11.9268
199 252 12.3488
199 274 15.3848
199 276 16.0898
199 311 6.00773
199 336 3.79846
199 356 14.7955
199 396 7.65814
199 412 12.917
199 433 19.294
200 0 4.00778
200 4 12.522
200 107 2
200 116 5.58382
200 125 9.90281
200 127 6.40646
200 175 2
200 230 15.5418
200 287 10.0597
200 312 4.07448
200 315 4.49821
200 390 9.68801
200 397 14.2378
200 442 2
201 0 16.1348
201 9 2.9895
201 129 15.7519
201 171 9.42501
201 174 16.5108
201 236 8.18757
201 340 23.2512
201 397 3.73256
201 401 4.8841
201 446 14.4509
202 0 5.64974
202 10 28.5735
202 23 9.39368
202 52 11.319
202 201 15.2922
202 227 15.7623
202 377 8.19999
202 403 3.54066
202 433 2
203 0 12.9679
203 32 28.2118
203 71 2
203 152 16.9527
203 256 7.28398
203 275 21.7153
203 368 15.9954
203 410 8.31646
203 435 2
204 0 36.8775
204 7 7.72977
204 163 7.03799
204 212 8.06454
204 393 14.8494
204 482 42.0598
204 485 32.1018
205 0 2.38059
205 107 14.3248
205 134 9.41485
205 161 5.59578
205 201 10.7252
205 228 11.8981
205 261 19.7299
205 263 6.76668
205 302 12.3236
205 312 10.5291
205 338 8.05758
205 428 14.6778
205 433 13.8101
205 440 5.45049
206 0 67.6793
206 32 22.9965
206 269 35.8805
206 338 54.0537
207 0 8.1993
207 11 8.29865
207 23 5.2188
207 33 10.21
207 67 2.46593
207 85 2
207 125 3.17995
207 144 8.29323
207 239 4.49577
207 309 12.8523
207 322 4.25308
207 350 11.9125
207 393 6.66574
207 405 13.1667
207 436 2
207 467 9.99168
208 0 30.6809
208 30 21.8788
208 220 12.4575
208 422 13.8471
208 449 39.7045
209 0 14.2762
209 10 2
209 23 14.0024
209 41 10.8353
209 126 7.37465
209 187 29.2358
209 294 14.169
209 312 13.7896
209 356 2
210 0 10.4382
210 3 8.55007
210 93 11.5854
210 277 14.8467
210 287 18.0394
210 328 19.9144
210 353 8.29631
210 422 8.04583
211 0 29.5603
211 174 2
211 247 2
211 249 25.0204
211 250 2
211 278 26.0424
211 330 10.8543
211 481 27.4831
212 0 15.5544
212 14 6.66212
212 201 14.8746
212 212 2
212 214 11.5016
212 261 14.8915
212 333 11.4316
212 492 7.62579
213 0 21.8753
213 77 3.91839
213 87 24.5673
213 129 11.7377
213 258 21.7288
213 312 10.3924
213 338 18.8571
213 364 15.0261
214 0 35.7209
214 59 2.70533
214 66 31.4794
214 192 35.5364
214 268 17.6053
214 372 25.3797
214 482 10.0876
215 0 9.88443
215 59 13.7714
215 126 25.7957
215 268 28.0448
215 297 16.0959
215 378 12.6829
215 397 2
215 481 23.099
216 0 8.45087
216 5 30.5297
216 130 6.37511
216 281 20.785
216 323 6.67343
216 337 10.7297
216 459 5.40322
217 0 6.16313
217 47 5.69007
217 71 26.9952
217 142 17.6196
217 145 20.2113
217 156 7.45419
217 268 21.3246
217 294 4.24715
218 0 15.4879
218 13 6.87035
218 26 6.30997
218 37 7.14386
218 83 11.0091
218 140 3.01398
218 276 5.74482
218 298 7.14234
218 299 5.10979
218 322 15.0443
218 401 2.46411
218 415 9.20755
219 0 7.97602
219 9 6.81555
219 21 16.3873
219 22 8.97417
219 68 14.1825
219 124 11.9227
219 129 5.95322
219 161 7.43924
219 201 9.85141
219 261 9.70463
219 308 17.9032
219 356 2.03474
219 453 3.92874
219 481 21.5151
220 0 6.79114
220 40 13.9738
220 253 5.60987
220 261 9.96027
220 298 9.16901
220 314 9.19171
220 332 9.94615
220 422 4.53175
220 428 3.82168
220 435 2.38464
220 485 2
221 0 5.56979
221 31 10.7677
221 41 6.85304
221 118 5.60845
221 171 2.3941
221 229 9.51315
221 232 5.23378
221 249 4.49685
221 286 9.21132
221 299 5.30901
221 300 2.25904
221 312 11.7632
221 338 18.196
222 0 17.3863
222 100 26.2634
222 129 3.10896
222 143 12.4793
222 182 3.32877
222 191 11.9298
222 266 13.2672
222 420 29.1639
223 0 37.9405
223 117 37.8925
223 129 4.04596
223 265 23.8068
223 290 19.4937
223 298 13.0712
223 436 19.6242
223 489 19.0308
224 0 10.6723
224 1 7.41538
224 23 4.96382
224 48 2.04059
224 53 14.0673
224 83 2
224 155 24.6567
224 286 8.46832
224 309 15.7319
224 353 7.76501
224 401 20.4291
225 0 34.6001
225 140 28.183
225 217 33.6588
225 263 41.7799
225 422 37.7661
225 462 12.3303
226 0 10.4721
226 31 9.36889
226 40 5.30527
226 70 5.49491
226 103 13.3657
226 164 18.3962
226 171 12.328
226 239 10.3806
226 240 3.10558
226 269 19.9811
226 454 5.31929
227 0 18.6636
227 3 20.607
227 48 21.7023
227 278 13.7625
227 287 24.972
227 331 2
227 477 8.11521
228 0 27.5679
228 118 20.035
228 197 6.62618
228 278 35.813
228 488 13.2547
228 499 12.7116
229 0 9.87553
229 36 16.9443
229 214 15.1233
229 263 10.1876
229 275 16.5282
229 312 10.7639
229 354 3.62309
229 410 11.4565
229 422 13.3243
229 427 6.71716
229 460 6.7842
229 496 2
230 0 19.2122
230 15 13.859
230 97 12.695
230 162 2.36975
230 163 11.7859
230 261 19.8955
230 299 14.5465
230 420 6.21042
230 494 18.1748
231 0 8.54668
231 87 18.4206
231 229 6.23031
231 256 41.3473
231 278 30.2954
231 481 13.5422
232 0 10.8487
232 103 2.21907
232 129 9.60498
232 162 2
232 271 9.93101
232 283 5.42441
232 286 2.02391
232 302 10.8877
232 304 6.65158
232 312 8.47127
232 315 6.80001
232 338 4.65118
232 422 5.0586
232 423 10.1297
232 492 3.8334
232 494 12.5094
233 0 15.8416
233 65 18.845
233 71 18.9779
233 96 4.65802
233 163 2
233 382 24.2159
233 412 28.5155
233 484 16.7679
234 0 15.1414
234 160 17.3436
234 271 15.7863
234 298 18.8527
234 316 3.72299
234 356 4.17174
234 372 19.6761
234 380 2
234 420 14.4322
234 422 18.712
234 435 6.03241
234 437 21.0881
235 0 15.6194
235 23 13.4024
235 31 14.6276
235 41 11.3528
235 135 2.20797
235 201 16.8843
235 268 24.9858
235 309 2.96854
236 0 21.2404
236 130 2
236 185 20.1951
236 231 3.29187
236 274 4.3544
236 304 3.9722
236 354 3.48453
236 370 13.2819
236 409 15.9864
236 428 10.2455
237 0 7.77144
237 10 2
237 51 8.50489
237 92 14.6424
237 125 2
237 159 4.25241
237 162 10.3116
237 187 2
237 192 2.23989
237 229 11.341
237 248 16.3804
237 295 6.9718
237 298 2.1874
237 409 10.6662
238 0 4.18756
238 146 9.15275
238 152 11.5622
238 155 22.1473
238 175 5.29459
238 189 17.9224
238 201 19.3766
238 350 17.8986
238 375 2.83026
238 496 10.2061
239 0 23.6149
239 87 10.2228
239 96 12.0767
239 116 19.703
239 192 4.80048
239 197 17.5795
239 277 24.081
239 375 13.4812
239 382 3.01741
240 0 13.2038
240 31 11.3885
240 217 23.1597
240 262 5.20803
240 286 12.4537
240 330 23.4193
240 356 27.8524
241 0 26.3659
241 18 8.31015
241 101 25.6536
241 126 11.3471
241 136 10.358
241 185 2
241 338 14.1901
241 362 22.5357
241 435 3.41919
241 492 9.9681
242 0 13.5353
242 21 18.4836
242 44 9.41936
242 96 12.893
242 124 15.0936
242 340 6.43833
242 369 2.47464
242 467 3.64716
242 481 11.2367
243 0 14.1829
243 9 11.4264
243 156 9.45116
243 379 19.923
243 401 13.9705
243 420 13.7376
243 468 44.2128
243 483 27.6706
244 0 2
244 1 18.4732
244 58 10.5744
244 94 17.1342
244 134 23.2839
244 276 8.38506
244 356 17.1168
244 375 13.3579
244 420 5.24106
244 434 23.6843
245 0 64.5461
245 120 18.3122
245 187 4.00434
245 297 32.5671
245 452 8.44035
246 0 4.28692
246 96 15.0983
246 181 2
246 304 12.2118
246 340 26.6903
246 370 20.0995
246 463 15.8606
247 0 18.4455
247 51 11.8279
247 66 21.9459
247 67 11.7516
247 73 7.0381
247 120 16.7213
247 125 16.8024
247 155 2
247 256 12.8295
247 273 8.19128
247 332 3.39974
248 0 11.8688
248 23 15.7628
248 71 17.3403
248 98 12.2816
248 109 3.75598
248 126 10.9773
248 218 3.83766
248 223 3.97807
248 256 10.5143
248 261 5.32661
248 304 2
248 372 6.54488
248 437 19.3977
249 0 39.5582
249 14 21.2612
249 53 16.7163
249 253 17.9489
249 287 30.5367
249 297 29.3824
249 422 5.03341
250 0 80.6214
250 1 2
250 177 6.23492
250 263 22.059
250 362 22.459
251 0 5.71828
251 42 12.0725
251 45 9.17513
251 247 15.1499
251 269 14.9436
251 276 9.51675
251 282 18.3193
251 298 5.73287
251 301 8.03002
251 466 23.3848
251 492 2
252 0 12.852
252 187 35.1268
252 287 21.8153
252 398 20.6194
252 408 2
252 425 24.9881
252 462 9.92386
253 0 9.30784
253 22 26.7639
253 222 4.82023
253 251 64.1568
253 435 71.1163
254 0 15.348
254 142 2
254 261 6.70618
254 294 2.03477
254 352 21.0699
254 419 7.43301
254 475 2
254 482 5.16366
255 0 19.7827
255 350 3.32761
255 384 14.998
255 395 16.2892
255 422 7.39817
255 452 7.87398
256 0 4.20669
256 67 95.1597
256 214 27.2644
257 0 23.7768
257 20 30.1243
257 52 8.16509
257 127 21.5164
257 355 23.3861
257 360 11.0733
257 474 9.63736
257 494 12.9171
258 0 6.16922
258 103 20.2006
258 233 15.2935
258 311 14.568
258 335 17.5071
258 382 2.97324
258 430 2.22246
258 494 2.76745
259 0 13.7487
259 10 5.98226
259 68 2
259 124 14.9355
259 164 18.2685
259 249 10.8908
259 277 18.4533
259 278 9.02195
259 397 18.3156
259 430 4.42603
259 444 2
260 0 14.217
260 36 7.04865
260 115 18.9802
260 262 2
260 302 5.16301
260 353 21.5687
260 356 6.53537
260 367 16.7233
260 437 6.44637
260 462 7.31803
260 485 13.2699
260 498 8.33411
261 0 28.3847
261 201 11.4908
261 214 8.75558
261 285 17.283
261 308 40.4594
261 338 23.2296
262 0 3.38029
262 10 8.51529
262 122 9.78894
262 130 6.88708
262 269 24.8043
262 286 16.6605
262 372 14.0874
262 400 20.6376
262 420 2
262 433 13.9842
263 0 4.06814
263 42 14.7958
263 84 5.58754
263 158 14.9502
263 256 9.40495
263 278 2.523
263 287 23.9015
263 338 22.8209
263 427 8.15205
264 0 21.6135
264 41 20.812
264 297 42.103
264 312 11.1241
265 0 4.22015
265 31 6.25845
265 35 12.8759
265 42 11.076
265 135 14.1063
265 178 7.98376
265 228 2.16702
265 285 20.7274
265 304 3.61194
265 348 3.05291
265 372 14.2001
265 377 9.45047
266 0 31.2445
266 126 32.3145
266 227 7.51271
266 249 35.9708
266 274 14.2059
266 410 5.97565
266 457 6.75675
266 465 14.6762
267 0 43.7372
267 107 54.2943
267 113 18.4085
267 291 36.2826
268 0 2.65691
268 41 21.7612
268 177 8.32812
268 197 3.4416
268 240 7.75394
268 263 27.1039
268 372 21.504
268 385 13.5686
269 0 12.9725
269 23 26.7011
269 50 15.0422
269 113 2.40481
269 201 17.1177
269 241 7.51467
269 269 13.0481
269 281 19.1647
269 298 14.0323
269 403 3.12441
270 0 9.96918
270 36 4.03538
270 145 5.55237
270 182 7.38775
270 201 10.7018
270 263 25.1862
270 278 13.5994
270 286 2
270 304 25.9709
271 0 22.4366
271 215 10.3308
271 220 2.37128
271 228 16.4964
271 238 2.13585
271 280 14.0829
271 353 7.11571
271 401 18.6941
271 413 13.622
271 462 9.21519
271 489 6.46953
272 0 8.62568
272 18 15.1768
272 61 7.54918
272 87 16.4589
272 97 7.52384
272 109 2.91456
272 198 14.5924
272 242 20.3051
272 322 4.71835
272 372 5.93976
272 384 8.96687
273 0 2
273 14 14.2415
273 116 9.94632
273 134 22.5473
273 140 15.5117
273 143 2
273 256 3.74572
273 491 12.1981
274 0 3.07146
274 22 16.7609
274 23 7.78394
274 57 11.7408
274 71 19.2203
274 78 13.4919
274 105 14.403
274 175 2.00016
274 198 8.62639
274 393 2
274 422 17.5113
275 0 2
275 71 17.7281
275 79 9.88959
275 94 2
275 229 5.39719
275 278 3.11165
275 298 10.0049
275 304 6.35458
275 338 2.10688
275 352 2.31276
275 356 11.6001
275 421 2.63788
275 425 23.4619
275 445 15.865
276 0 12.3656
276 124 2
276 298 41.4588
276 410 15.7939
276 428 24.9066
276 435 42.8394
277 0 16.9926
277 4 9.16477
277 10 18.4149
277 67 18.2747
277 105 12.8508
277 134 12.9776
277 155 11.0012
277 202 17.3403
277 276 14.9191
277 278 17.7744
277 299 5.52083
277 328 14.3197
278 0 11.3058
278 32 10.9042
278 48 2.19742
278 94 12.1889
278 130 9.08091
278 143 13.4851
278 243 11.3457
278 297 7.50755
278 395 12.6006
278 474 10.7087
279 0 6.15516
279 51 8.05796
279 249 16.0069
279 274 10.5077
279 297 9.18301
279 325 23.2523
279 368 7.20302
279 391 8.85796
279 405 38.428
280 0 9.673
280 171 5.35652
280 201 9.12079
280 229 9.88641
280 277 25.4791
280 290 5.61349
280 457 28.0158
280 489 12.6321
281 0 9.7341
281 154 5.63616
281 230 11.0506
281 231 21.5268
281 249 24.4235
281 257 3.52046
281 313 22.7631
281 379 3.24002
281 436 6.0485
282 0 3.13787
282 40 2
282 67 16.3167
282 145 19.4971
282 291 20.1866
282 369 26.383
282 393 3.46281
282 401 2
282 422 15.1758
282 472 7.11483
283 0 25.319
283 71 26.2279
283 176 6.9361
283 263 4.26439
283 286 24.5853
283 464 5.59248
283 466 14.7136
283 474 6.68125
284 0 69.434
284 286 52.6816
284 400 71.9014
285 0 26.1888
285 31 13.2612
285 78 13.768
285 252 16.6866
285 320 8.08407
285 332 8.79135
285 336 14.5603
285 436 12.6336
285 481 15.2632
285 494 6.30413
286 0 6.31441
286 22 10.4932
286 56 7.26505
286 101 2.21243
286 108 3.69309
286 201 8.52343
286 214 5.32328
286 249 7.30413
286 297 4.14584
286 304 3.35922
286 313 11.9348
286 330 13.3827
286 354 10.2481
286 356 4.8846
286 362 3.70547
286 369 14.5917
286 421 3.22396
287 0 14.6234
287 32 21.9921
287 108 12.6599
287 154 15.5868
287 239 22.9759
287 312 21.7199
287 355 18.706
287 376 12.1769
288 0 9.49325
288 155 11.0522
288 286 5.36098
288 314 8.42978
288 335 17.8483
288 401 2.7538
288 420 3.16636
288 462 10.0489
288 481 5.48654
289 0 38.8682
289 135 33.5938
289 137 8.17424
289 145 12.4216
289 236 23.5844
289 370 15.5308
289 485 20.4845
290 0 9.30756
290 67 4.83601
290 93 2.0489
290 101 10.2304
290 108 18.1819
290 160 13.9902
290 276 15.5727
290 306 7.36125
290 313 11.2099
291 0 13.3732
291 40 4.49178
291 156 17.3852
291 171 38.4366
291 355 12.3547
291 422 2.32175
292 0 20.7481
292 31 11.2964
292 103 26.7303
292 146 46.9405
292 298 25.5139
292 370 2.89708
292 372 25.1531
293 0 9.03292
293 38 24.0981
293 41 34.794
293 135 19.8664
293 372 6.34221
293 448 23.1953
294 0 6.5008
294 2 16.7251
294 44 4.23303
294 100 5.97003
294 163 10.5443
294 172 20.6499
294 212 13.2883
294 306 12.2125
294 309 2
294 335 7.05054
294 356 17.5593
295 0 17.8032
295 29 5.13796
295 258 15.8541
295 277 28.1199
295 299 27.1608
295 338 6.3884
295 375 5.98305
296 0 2.72629
296 28 2
296 69 9.8395
296 71 2.78047
296 103 15.5926
296 126 6.98501
296 142 7.51203
296 232 4.62811
296 256 9.44919
296 263 7.93602
296 287 6.60339
296 298 6.24678
296 338 6.30576
297 0 20.0331
297 31 2
297 93 16.8894
297 103 6.05004
297 294 2.61022
297 295 8.93506
297 313 13.2628
297 356 2.01749
297 428 14.7375
297 492 2
297 494 8.97092
298 0 13.0955
298 66 16.6972
298 67 23.9806
298 143 11.4053
298 239 4.91523
298 256 21.269
298 263 9.18153
298 325 15.1892
298 338 13.2533
298 420 17.6068
298 422 2.19158
299 0 13.4835
299 67 42.7848
299 125 14.2885
299 249 2
299 492 29.557
300 0 6.08767
300 80 14.2283
300 145 5.71669
300 152 11.99
300 201 2.22614
300 270 26.5391
300 278 15.8983
300 409 12.7381
300 413 7.02148
300 444 4.72997
301 0 6.29034
301 35 9.24504
301 49 7.19746
301 73 5.39892
301 96 3.33797
301 116 2
301 172 2
301 198 6.14757
301 246 4.30818
301 277 4.08614
301 286 8.79521
301 312 6.68099
301 340 5.24018
301 344 5.96561
301 347 3.7094
301 356 3.20488
301 420 5.81524
301 465 5.50324
302 0 7.43065
302 40 14.0273
302 79 2.91957
302 107 2
302 112 22.8687
302 125 2.83083
302 181 4.59973
302 276 8.64754
302 309 9.4728
302 335 3.51564
302 393 3.50382
302 401 10.5623
303 0 9.94556
303 89 3.46546
303 214 2
303 261 21.877
303 276 13.9433
303 300 6.57394
303 328 8.28102
303 370 14.0035
303 393 11.4803
303 435 14.3337
303 465 25.5892
304 0 6.14031
304 22 2.15762
304 34 13.6045
304 77 5.06468
304 248 4.789
304 273 15.4316
304 285 2.6881
304 325 10.6867
304 377 14.4103
304 430 11.2748
305 0 8.08185
305 156 63.9401
305 191 28.6478
305 202 3.83829
305 338 20.9539
306 0 26.4916
306 48 11.8614
306 125 36.9964
306 256 33.7642
306 426 22.0363
306 492 25.0461
307 0 3.07292
307 14 4.65782
307 126 14.9579
307 286 6.49538
307 313 18.9928
307 325 15.4862
307 371 2
307 409 27.6163
307 428 29.0572
307 452 2.89605
308 0 21.9132
308 29 20.0632
308 85 2
308 228 2.29422
308 239 10.9869
308 287 12.4703
308 410 5.74667
308 474 2.24561
308 488 12.9108
309 0 20.5557
309 27 23.2528
309 83 23.8647
309 103 19.2129
309 124 18.021
309 227 3.51128
309 298 29.1284
309 481 27.5321
310 0 16.297
310 26 15.3528
310 29 17.5996
310 31 16.9799
310 87 6.49189
310 96 9.1612
310 167 11.0711
310 276 23.0187
310 291 16.7365
310 332 21.1823
311 0 2.50361
311 13 23.9215
311 16 12.1795
311 18 9.0056
311 43 21.3444
311 47 21.0597
311 197 3.59195
311 447 8.41943
311 462 11.6881
311 469 14.6351
312 0 36.5366
312 372 2.62556
312 402 26.2142
312 452 40.262
313 0 23.9649
313 35 38.8276
313 301 2.29352
313 352 29.3703
313 393 4.723
313 420 32.4008
313 490 16.7677
314 0 2
314 77 18.0668
314 197 11.1348
314 245 20.7711
314 276 25.3532
314 377 7.27589
314 408 29.4321
314 433 22.254
314 467 2
315 0 31.1474
315 29 2
315 129 27.4519
315 201 7.18373
315 304 18.8282
315 423 10.8096
316 0 9.82812
316 28 51.3734
316 283 43.3238
316 287 32.5455
316 335 29.5996
317 0 2
317 116 8.24866
317 142 7.74814
317 155 2
317 232 15.3697
317 249 5.28322
317 356 12.8351
317 375 14.9556
317 423 3.53303
318 0 15.6479
318 11 11.1015
318 41 11.8419
318 129 6.81799
318 187 13.4117
318 214 20.9344
318 232 5.73788
318 354 4.91543
318 383 12.2437
318 405 2.89132
318 410 14.666
318 430 2
319 0 16.9836
319 156 13.2191
319 256 32.096
319 301 19.2577
319 328 13.0565
319 375 35.1299
319 433 13.7382
319 492 15.6931
320 0 21.9016
320 10 7.42809
320 67 4.12311
320 97 2.12266
320 114 4.45786
320 145 11.0554
320 269 13.3309
320 323 9.67714
320 396 19.7
321 0 22.0145
321 31 28.7589
321 63 8.27365
321 89 23.6446
321 108 33.598
321 256 15.3873
321 360 20.5114
322 0 14.9113
322 29 4.62553
322 96 11.5667
322 104 3.70994
322 160 4.96438
322 185 2
322 187 10.4443
322 215 3.74251
322 241 2.95081
322 244 4.23518
322 335 2.84888
322 427 11.1834
322 474 8.88108
322 490 9.8451
322 493 5.14073
322 498 5.31872
323 0 39.1953
323 56 31.5952
323 68 6.6123
323 257 2.38718
323 299 43.8663
324 0 19.3347
324 298 12.5825
324 352 8.08145
324 422 4.45504
324 473 27.7444
324 483 22.3483
325 0 9.70885
325 52 19.4839
325 155 20.8874
325 161 3.62723
325 175 18.4161
325 214 2.15978
325 283 29.3618
325 306 3.77308
325 400 16.2021
325 401 8.2135
325 493 6.77983
326 0 3.74822
326 35 11.6059
326 85 7.51297
326 201 2
326 259 8.7547
326 278 25.6713
326 309 24.8795
327 0 14.7302
327 21 19.7613
327 24 13.3804
327 187 5.79844
327 191 2
327 282 4.92605
327 297 21.1581
327 301 13.9038
327 315 9.44863
327 368 19.0483
328 0 26.4811
328 33 7.12223
328 154 6.07436
328 197 9.18904
328 223 21.7615
328 390 8.09051
328 413 24.6553
328 420 26.6153
328 428 24.2065
329 0 12.9077
329 66 2.1926
329 142 31.207
329 143 9.71051
329 153 17.0851
329 195 22.759
329 247 6.5586
329 300 31.4185
330 0 50.6987
330 67 45.6274
330 164 6.63801
330 203 31.2946
330 363 28.897
331 0 9.67842
331 13 10.3534
331 102 3.40831
331 116 3.91093
331 175 21.2506
331 301 28.6682
331 330 6.74512
331 418 5.23636
331 420 5.68353
332 0 3.16747
332 12 7.65031
332 52 6.66898
332 256 10.4902
332 298 8.93949
332 323 3.18278
332 354 10.6424
332 368 10.8112
332 383 4.11837
332 397 2
332 409 2
332 410 8.82509
332 428 5.66162
332 430 8.89777
333 0 2
333 72 5.53057
333 76 5.77987
333 104 33.8256
333 198 3.70433
333 277 2
333 291 25.5
333 390 14.9712
333 421 3.23032
334 0 29.3938
334 23 16.2338
334 52 26.8864
334 94 22.3582
334 214 17.7186
334 276 10.4155
334 334 13.0515
334 379 10.2589
334 482 25.1875
335 0 4.4433
335 189 21.9243
335 195 5.1519
335 285 20.3518
335 300 25.4444
335 311 30.8816
335 390 13.4837
335 428 35.5209
336 0 38.8697
336 221 55.0902
336 291 24.2303
336 373 56.3143
336 424 7.79555
337 0 8.74988
337 71 41.8962
337 195 22.286
337 267 23.3792
337 271 18.8775
337 362 7.20632
337 467 16.7161
337 469 33.3051
338 0 11.7182
338 192 38.5179
338 201 4.91859
338 299 3.17308
338 373 8.37215
338 409 30.6858
338 436 24.6326
339 0 15.6201
339 67 4.5974
339 103 17.8246
339 142 12.0649
339 298 3.75979
339 369 9.27976
339 395 21.1538
339 433 3.01707
339 474 6.16465
340 0 5.92403
340 1 11.623
340 21 11.0263
340 31 10.5094
340 32 8.72199
340 63 15.7904
340 123 6.54811
340 191 3.00611
340 237 13.1607
340 350 2
340 370 5.12302
340 489 11.972
341 0 51.0147
341 3 3.44297
341 253 41.4676
341 367 28.7245
341 492 64.1281
342 0 17.0569
342 21 19.6313
342 67 2
342 155 10.6054
342 187 15.9167
342 195 4.57902
342 294 14.6603
342 420 3.96212
342 422 13.777
342 442 2.25968
342 492 9.52903
343 0 14.9568
343 28 4.15477
343 40 10.2619
343 188 5.30105
343 201 4.32927
343 206 5.85925
343 256 5.74392
343 275 13.8379
343 286 9.57676
343 287 10.5946
343 322 18.3318
343 413 16.0511
344 0 31.6538
344 92 8.82396
344 262 7.36333
344 263 2
344 304 17.147
344 309 32.2062
344 439 3.79567
345 0 24.4199
345 2 2.02233
345 13 10.4974
345 33 10.6268
345 41 2
345 129 15.0283
345 228 2.41395
345 291 18.2136
345 293 18.6425
345 495 31.1471
346 0 2
346 13 20.0289
346 125 7.04068
346 206 2
346 283 2
346 299 33.1602
346 312 28.7505
347 0 5.76173
347 5 6.4089
347 22 7.34688
347 44 15.1707
347 247 6.1737
347 253 10.3653
347 259 9.10447
347 286 5.83512
347 309 3.54337
347 328 7.10447
347 428 21.5812
348 0 13.2234
348 13 3.64687
348 20 14.8969
348 30 2.11108
348 78 11.1673
348 191 8.89677
348 234 19.8886
348 268 2
348 312 17.9255
348 354 12.0774
348 422 21.7304
348 425 20.3165
349 0 7.18668
349 27 12.0233
349 41 37.0588
349 247 4.99341
349 409 28.9758
350 0 14.435
350 45 33.1697
350 97 15.204
350 124 12.7033
350 410 51.2493
350 428 21.2645
351 0 18.8226
351 29 26.7137
351 108 23.0041
351 291 2
351 298 24.1517
351 356 2.0554
351 405 19.9181
351 443 29.592
351 483 19.0389
352 0 7.90551
352 2 10.1027
352 47 16.0011
352 52 2
352 201 12.406
352 256 9.69935
352 261 11.4909
352 286 13.4068
352 312 8.2019
352 408 3.78017
352 426 10.0172
352 488 10.8987
353 0 2.0285
353 49 4.18962
353 164 9.23136
353 189 17.0882
353 266 13.3788
353 278 7.03131
353 286 15.9829
353 312 25.3874
354 0 23.4948
354 31 2
354 214 26.5631
354 258 16.6794
354 286 19.7353
354 338 26.2477
354 402 17.0288
354 413 11.2532
354 499 14.3083
355 0 9.71135
355 13 8.59886
355 188 18.4168
355 256 5.99719
355 266 24.6207
355 315 2.06429
355 372 4.12481
355 375 36.3721
356 0 4.92167
356 7 4.95123
356 48 4.78785
356 211 11.964
356 220 2.68402
356 267 29.017
356 381 3.93193
356 420 12.1048
356 474 2
357 0 2
357 87 8.37027
357 197 9.33401
357 261 37.4966
357 330 18.8905
357 488 2.02312
357 499 11.1348
358 0 2
358 45 2
358 101 12.6046
358 174 2.74236
358 202 9.01479
358 239 2
358 251 16.1488
358 261 14.7698
358 266 7.78833
358 281 15.3193
358 299 4.48405
358 403 5.52065
359 0 14.8872
359 126 13.9498
359 143 29.3623
359 160 26.8372
359 201 5.85108
359 267 29.3696
359 287 8.86014
359 420 7.75322
360 0 13.0158
360 48 33.7299
360 134 25.5169
360 164 15.8468
360 171 32.2739
360 202 20.3103
360 214 7.80707
361 0 12.008
361 45 12.7193
361 93 18.0399
361 105 11.9764
361 167 7.36907
361 356 2
361 433 24.6185
361 498 7.47458
362 0 11.3849
362 25 3.9414
362 89 9.8619
362 180 14.2128
362 201 11.8094
362 224 6.26203
362 312 17.6205
362 315 10.6452
362 348 26.6093
362 372 12.9423
362 373 17.6768
363 0 12.2193
363 9 2.33366
363 10 21.1319
363 46 17.044
363 72 8.09899
363 202 11.4344
363 228 6.46492
363 287 8.72312
363 408 13.4123
363 428 8.35337
364 0 2
364 237 40.5689
364 283 8.53447
364 291 8.58081
364 294 16.5523
364 415 8.77666
365 0 11.067
365 8 7.1587
365 45 5.67505
365 124 16.9918
365 156 12.3462
365 249 4.29068
365 267 9.58643
365 338 15.7119
365 353 8.28172
365 369 3.57192
365 406 3.47519
366 0 16.2686
366 316 49.8742
366 381 11.7295
366 396 26.9756
366 420 13.2684
367 0 20.5396
367 9 7.99301
367 72 11.3433
367 171 13.9313
367 191 20.0118
367 261 22.2491
367 281 16.6521
367 343 4.59303
367 447 8.17211
367 462 14.7418
367 465 18.8858
367 468 14.5845
368 0 20.6303
368 9 14.6656
368 23 23.8701
368 94 11.4573
368 124 12.4829
368 134 2.89318
368 198 14.1259
368 308 3.53174
368 343 2.19044
368 362 2.18683
369 0 8.14349
369 22 11.8285
369 26 4.05138
369 315 18.0665
369 328 11.6672
369 420 8.21324
369 463 9.49031
370 0 2.51394
370 8 16.1142
370 26 9.48562
370 67 3.62891
370 90 3.86038
370 202 6.05934
370 333 2.26465
370 338 9.4611
370 369 2
370 410 22.6474
370 486 13.4357
371 0 4.5199
371 33 17.8611
371 71 26.9718
371 83 24.6298
371 142 23.7366
371 264 25.7979
371 285 15.9939
372 0 10.0267
372 24 29.9236
372 187 28.3862
372 248 6.10147
372 256 22.3275
372 369 27.5886
372 418 26.0833
373 0 16.7453
373 70 11.3994
373 124 12.8349
373 125 17.0987
373 163 14.5727
373 191 4.18895
373 286 22.4622
373 313 27.3228
373 401 6.21601
373 493 21.844
374 0 6.14566
374 18 13.718
374 30 2
374 56 2.13716
374 201 3.16161
374 214 22.5229
374 294 11.3985
374 444 26.4404
375 0 18.0375
375 41 30.2
375 48 27.8553
375 79 3.57225
375 115 18.4155
375 197 19.8028
375 276 6.82465
375 419 17.6665
375 473 4.36107
376 0 17.2207
376 44 2.08825
376 139 7.0397
376 142 2
376 143 8.02667
376 190 18.8137
376 215 8.12348
376 232 13.6973
376 338 5.8644
376 433 17.5946
376 435 10.3109
376 498 6.60757
377 0 31.4538
377 57 37.4996
377 247 12.3608
377 397 2
378 0 21.6815
378 13 20.0196
378 67 22.7679
378 72 14.7165
378 241 7.39866
378 286 27.4265
378 287 3.13628
378 395 7.16957
378 401 27.5084
379 0 11.8051
379 4 34.5547
379 124 5.47838
379 187 12.0872
379 195 10.6291
379 202 6.12181
379 256 4.29072
379 475 3.41935
380 0 7.94073
380 167 13.6526
380 356 21.4667
380 372 2
380 377 20.0756
381 0 11.5453
381 83 8.26138
381 143 17.2629
381 203 7.65667
381 221 6.9538
381 222 2
381 286 14.5766
381 301 11.8669
381 313 7.88994
381 330 5.5998
381 362 9.22856
381 370 5.16973
381 375 7.35048
381 408 3.40409
382 0 2.1617
382 6 13.0223
382 67 2
382 78 4.14591
382 125 29.4607
382 159 19.0934
382 191 9.65399
382 401 8.12142
382 496 4.05549
383 0 10.0317
383 83 3.45018
383 118 22.9723
383 132 4.2702
383 138 25.833
383 340 2
383 370 16.653
383 483 5.73553
383 494 7.75893
384 0 5.23772
384 49 7.54921
384 141 19.726
384 142 5.27359
384 164 15.2214
384 286 2.16615
384 418 2
384 479 16.1893
385 0 12.8851
385 10 2
385 27 10.4564
385 61 4.77796
385 129 2
385 138 18.3165
385 294 2
385 314 9.60274
385 369 2
385 405 2.94439
385 496 20.5798
386 0 10.4901
386 23 6.45876
386 42 27.2368
386 46 2
386 142 8.33724
386 242 9.34845
386 249 15.9396
386 309 19.3874
386 354 2.10512
386 368 6.13056
387 0 25.0098
387 32 14.6176
387 129 17.5847
387 409 6.29639
387 422 11.5153
387 463 30.9313
387 474 13.6623
388 0 3.38201
388 28 2
388 30 2.98047
388 108 8.50083
388 124 14.6234
388 236 2
388 249 6.74513
388 296 17.2991
388 401 20.1356
388 419 13.3358
388 421 12.6517
388 454 4.12403
389 0 19.618
389 61 20.6859
389 250 11.5517
389 281 28.0199
389 370 5.46236
389 433 12.8429
390 0 10.2389
390 44 17.2356
390 59 18.8024
390 101 17.7451
390 203 12.1045
390 220 3.1435
390 227 4.25237
390 280 17.5039
390 296 14.5778
390 377 9.68207
391 0 6.17858
391 13 20.6347
391 120 15.8171
391 330 11.9963
391 420 2.38769
391 434 32.7005
391 485 20.2455
392 0 8.59416
392 68 4.42779
392 138 16.4418
392 156 8.44853
392 226 4.46949
392 262 13.9228
392 372 5.39684
392 428 13.7956
392 454 14.0868
393 0 16.4615
393 44 3.87654
393 45 15.5554
393 74 2
393 220 21.2368
393 224 3.08715
393 281 10.652
393 337 4.52166
393 396 14.1203
393 444 19.5579
393 474 16.6207
394 0 26.1605
394 137 21.2253
394 214 7.58966
394 356 8.68812
394 447 10.1955
394 492 29.1584
395 0 30.8185
395 224 5.23921
395 232 13.9315
395 242 9.24374
395 338 7.36595
395 477 27.5127
395 494 19.9096
396 0 7.45349
396 23 20.2765
396 30 22.3455
396 40 3.96585
396 250 12.6895
396 276 20.5546
396 313 2
396 408 8.35456
396 412 12.9014
397 0 22.4035
397 29 6.11023
397 124 23.3765
397 154 16.4591
397 192 7.74643
397 370 14.6707
397 375 15.2023
397 461 3.24287
397 465 13.5858
398 0 14.2199
398 48 11.0902
398 83 23.4486
398 373 13.0804
398 421 37.904
399 0 9.24464
399 72 9.17583
399 156 17.7209
399 203 12.0342
399 280 24.03
399 340 28.0712
399 356 15.7061
399 375 2
399 377 5.2331
400 0 14.7217
400 9 14.9973
400 67 2
400 109 12.6123
400 136 14.8273
400 286 5.56556
400 294 18.0387
400 297 12.1176
400 410 8.11421
400 488 22.5884
401 0 4.56608
401 4 4.48492
401 140 2.5146
401 156 15.5756
401 171 6.88968
401 189 12.1812
401 248 2.45554
401 263 12.2658
401 302 4.33642
401 352 10.0793
401 365 12.0921
401 409 2
401 422 4.96328
401 474 9.66362
401 496 6.7597
402 0 10.841
402 7 16.4626
402 44 15.6633
402 51 3.43486
402 92 2.37961
402 101 13.0716
402 124 8.21954
402 294 5.1204
402 337 9.41979
402 338 2.21748
402 362 2
402 403 11.2498
402 422 7.05721
403 0 6.66041
403 3 3.04501
403 30 22.3849
403 97 22.6131
403 283 23.3622
403 330 4.71998
403 406 27.0824
403 454 2
404 0 2
404 103 9.94112
404 255 23.3093
404 356 37.487
404 376 37.6338
404 422 16.9147
404 435 29.2637
405 0 19.1233
405 105 8.60197
405 124 14.5296
405 171 16.8661
405 261 7.35815
405 263 21.2525
405 489 25.7318
405 493 12.0975
405 496 19.2186
406 0 36.7829
406 85 31.7384
406 256 11.0713
406 268 2.05142
406 409 43.5675
406 480 8.68025
407 0 4.97487
407 33 51.8104
407 157 24.8545
407 297 6.0717
407 322 7.50375
407 361 29.6817
408 0 12.9088
408 23 17.4918
408 67 21.2501
408 78 17.957
408 137 20.6766
408 175 4.45767
408 291 28.9443
408 308 15.7068
408 379 35.7347
408 463 12.1875
409 0 15.7951
409 7 25.2616
409 138 23.8233
409 304 23.9938
409 350 22.8195
409 447 24.5326
409 483 4.41231
410 0 8.61151
410 22 14.2474
410 48 5.63178
410 101 10.5962
410 263 10.9426
410 300 8.5886
410 319 23.0757
410 327 8.6884
410 420 12.0019
410 434 2
410 485 2
411 0 16.0715
411 4 26.9293
411 44 3.88448
411 72 8.85336
411 171 6.8262
411 191 14.0348
411 228 20.1424
411 267 3.51189
411 298 7.6112
411 313 2
412 0 22.8607
412 48 9.25697
412 187 2
412 362 9.40102
412 420 28.3931
412 422 4.25063
412 442 24.2993
412 470 18.4241
413 0 7.8062
413 32 21.9231
413 63 20.9513
413 315 7.0285
413 330 3.75047
413 341 10.6638
413 413 18.0127
413 437 22.6169
414 0 26.6169
414 13 24.4708
414 22 16.984
414 58 3.95476
414 92 16.8085
414 170 14.4025
414 215 16.4637
414 445 20.4638
415 0 17.3973
415 134 4.98533
415 227 8.4481
415 337 10.7221
415 362 7.13694
415 420 19.7001
415 427 11.3072
415 437 8.54601
415 486 10.1234
416 0 16.2582
416 129 5.22222
416 145 13.0088
416 160 5.60329
416 175 2
416 287 11.6543
416 306 19.8359
416 401 2.11373
416 410 10.9285
416 420 12.3138
416 480 2.49318
417 0 55.9766
417 228 22.1487
417 266 45.0031
417 287 5.52349
418 0 2
418 69 17.9974
418 72 4.51059
418 87 2.06573
418 257 21.5861
418 340 19.19
418 422 6.55279
418 428 6.85711
418 435 13.9011
418 481 2.13696
418 492 11.9169
419 0 5.05628
419 67 24.9851
419 330 37.9345
419 350 30.4704
419 474 2
419 481 2
420 0 18.6171
420 8 22.5602
420 185 12.4704
420 215 27.0738
420 218 28.7147
420 272 15.5111
420 302 29.8637
420 304 17.0171
420 357 10.6595
421 0 23.6956
421 124 8.49289
421 201 23.3199
421 266 26.12
421 287 22.1562
421 350 11.6927
421 409 7.21669
422 0 2
423 0 10.3111
423 36 2
423 92 13.017
423 101 3.59101
423 184 10.9491
423 246 2.79303
423 298 10.0766
423 304 8.41171
423 369 12.9365
423 420 8.51123
423 427 2
423 437 3.36948
423 441 2.65982
423 445 10.2193
423 462 2
423 470 11.4957
423 492 5.58371
424 0 2.94617
424 18 18.0282
424 68 8.89237
424 69 16.9755
424 220 11.6938
424 278 2
424 418 2.58059
424 420 20.9761
424 446 8.17889
425 0 2
425 42 41.2762
425 285 26.2698
425 312 15.5251
425 350 5.36282
425 396 26.1031
426 0 4.0316
426 45 2.85868
426 53 14.0557
426 69 11.9373
426 124 11.9039
426 256 8.63846
426 328 13.121
426 335 10.1035
426 354 3.28379
426 370 7.54632
426 371 3.97889
426 385 9.3686
426 391 16.1305
426 405 11.3693
426 493 8.8404
427 0 33.5139
427 202 8.36267
427 256 5.55725
427 287 20.4461
427 312 7.06861
427 323 5.72365
427 356 23.6794
428 0 10.419
428 51 15.8706
428 72 15.9974
428 80 10.5162
428 187 12.8264
428 189 12.3526
428 212 14.4691
428 267 12.2131
428 291 14.9988
428 304 25.1191
428 356 10.3902
428 428 7.29646
429 0 10.3852
429 10 2.3542
429 31 8.08524
429 40 9.47971
429 142 6.32699
429 145 13.964
429 184 6.39073
429 328 15.9356
429 409 12.9897
430 0 7.94381
430 38 13.9403
430 66 6.88654
430 197 3.68849
430 206 21.3403
430 234 2.9222
430 241 2
430 275 13.0758
430 291 7.82828
430 302 8.77524
430 304 6.01296
430 407 7.49683
430 410 9.60154
431 0 5.51962
431 48 5.23641
431 302 14.405
431 323 3.72512
431 355 28.8044
431 403 2
431 433 12.5986
431 474 17.8485
431 491 2.38049
432 0 14.88
432 18 16.8162
432 97 21.3264
432 118 32.8846
432 124 7.70978
432 134 12.428
432 286 43.2025
432 433 11.8055
433 0 32.435
433 231 43.5595
433 246 55.0532
433 304 38.4848
434 0 53.2218
434 83 3.87373
434 276 44.2547
434 283 13.6558
434 480 54.2297
435 0 19.571
435 29 10.2847
435 187 17.3234
435 197 13.2971
435 212 6.73149
435 246 3.79168
435 266 9.17456
435 330 5.31248
435 373 16.5779
435 465 3.09156
435 492 7.52139
436 0 14.8186
436 9 17.2976
436 23 8.93022
436 32 15.1831
436 141 7.7128
436 167 4.95244
436 171 2.83836
436 306 2
436 331 2
436 340 8.57314
436 361 12.288
436 420 13.6215
436 428 4.15102
436 442 8.12682
436 489 4.33177
437 0 43.0594
437 16 12.4863
437 85 7.42217
437 391 16.1421
437 421 31.2623
437 447 19.0766
438 0 14.4241
438 67 8.2803
438 201 20.0144
438 255 17.8699
438 278 27.8238
438 299 8.53363
438 306 2
438 398 25.3784
438 435 17.3132
439 0 13.1724
439 92 24.5312
439 130 16.3149
439 216 44.7932
439 465 32.1283
440 0 4.46024
440 38 6.30988
440 299 27.0658
440 340 14.8764
440 399 21.8385
440 409 27.5606
440 474 19.134
441 0 10.4273
441 6 25.7453
441 22 25.7478
441 67 17.6011
441 145 10.148
441 442 25.6029
442 0 27.5626
442 31 10.1422
442 32 14.5503
442 129 16.6177
442 249 12.0707
442 390 10.4857
442 403 8.13154
442 406 13.623
442 420 12.6931
442 422 2
443 0 22.5032
443 18 8.70495
443 201 18.1662
443 224 9.68575
443 356 16.662
443 369 8.32932
443 432 18.6324
443 494 4.38722
444 0 3.43926
444 11 6.94387
444 35 2.36056
444 201 4.78932
444 227 6.8769
444 239 8.63285
444 261 7.64172
444 314 15.458
444 356 2.7395
444 367 16.8705
444 474 10.3717
445 0 23.0548
445 66 9.53882
445 79 23.4608
445 142 37.6741
445 186 3.80795
445 312 26.6737
445 337 22.3469
446 0 4.77515
446 125 2.04205
446 212 21.8123
446 214 26.4728
446 228 8.87659
446 249 2
446 256 19.1714
446 283 13.3061
446 397 22.9335
446 467 18.275
447 0 14.7738
447 126 2.45842
447 164 9.25818
447 198 13.891
447 215 4.14328
447 245 23.302
447 339 10.8959
447 399 3.04122
447 400 8.54864
447 403 16.7885
447 442 12.9365
448 0 10.5761
448 21 21.047
448 113 25.6684
448 203 3.23338
448 220 13.4581
448 237 7.09271
448 253 2
448 301 12.8588
448 340 4.33062
448 370 4.33138
449 0 4.31464
449 71 29.7488
449 160 10.8508
449 163 8.50067
449 227 19.9826
449 290 11.7891
449 302 2.07005
449 312 29.2335
449 422 9.87199
450 0 14.6862
450 21 4.87574
450 35 6.13113
450 143 8.00393
450 155 11.2411
450 330 4.01444
450 347 5.03582
450 428 2.58832
450 435 6.67199
450 447 7.56384
450 485 20.6784
450 495 21.0994
451 0 9.11196
451 220 18.328
451 232 27.9528
451 236 15.7234
451 298 16.3305
451 332 28.8174
452 0 5.8051
452 139 15.7628
452 231 11.3023
452 256 2.36084
452 294 6.84793
452 312 4.04265
452 336 2
452 340 5.43013
452 415 18.6487
452 421 18.9196
453 0 7.90701
453 59 7.15266
453 140 7.0526
453 175 4.65127
453 194 4.23471
453 202 8.84989
453 229 9.797
453 258 4.21638
453 270 16.1817
453 328 3.71062
453 345 5.50086
453 362 14.1751
453 393 2.73526
453 402 4.42514
453 464 5.8426
453 465 10.5335
453 474 5.36059
453 492 8.32041
454 0 17.7928
454 42 9.8195
454 69 10.6777
454 187 12.1844
454 202 20.1974
454 241 10.7837
454 276 2.74646
454 286 15.7015
454 408 9.99263
454 428 18.2496
454 449 3.45963
454 485 10.032
454 489 2.97178
455 0 4.26187
455 9 8.88297
455 23 12.0578
455 26 8.26684
455 41 3.92818
455 97 16.13
455 101 11.5482
455 130 9.74831
455 234 13.2449
455 352 19.6901
455 413 13.0713
455 496 20.0212
456 0 5.35826
456 175 29.9619
456 220 8.81223
456 228 23.9497
456 263 13.2871
456 269 20.4562
456 375 2
456 410 14.7382
456 413 3.84987
456 420 6.03162
456 496 11.9268
457 0 9.57966
457 25 7.4423
457 259 20.6081
457 291 2
457 307 18.2084
457 367 8.83585
457 412 8.18667
457 465 8.39654
457 480 14.4582
458 0 18.3761
458 23 7.1155
458 207 29.4788
458 340 25.0851
458 356 9.69833
458 396 19.8386
458 421 2.74854
458 452 7.03914
458 489 12.7552
459 0 12.3197
459 191 12.3937
459 196 24.6048
459 201 4.26208
459 338 2
459 409 17.5047
459 470 19.2753
460 0 18.4947
460 120 6.63012
460 188 15.0006
460 269 28.729
460 338 9.86985
460 403 38.9827
460 415 32.8897
461 0 3.99559
461 48 18.8465
461 120 19.1342
461 229 3.86738
461 231 15.1697
461 333 3.06512
461 340 6.20328
461 433 12.817
461 492 16.8413
462 0 8.94381
462 23 19.9457
462 191 22.4697
462 201 6.84344
462 209 5.91775
462 220 6.32134
462 256 14.2562
462 304 16.534
462 338 8.11782
462 468 3.10552
463 0 16.1065
463 162 8.24809
463 214 34.2212
463 291 9.1264
463 320 42.0084
463 338 19.4723
463 408 11.0005
463 484 11.0057
464 0 4.02434
464 143 22.4462
464 156 11.2914
464 164 9.25411
464 191 10.3038
464 216 24.1124
464 256 23.7272
464 401 15.9899
464 428 25.8003
464 444 24.5254
465 0 6.04913
465 31 2
465 129 18.6562
465 137 17.1233
465 225 15.2441
465 314 2.08141
465 372 9.16599
465 396 7.55801
465 408 10.9823
465 423 11.8281
465 440 10.9084
466 0 9.68623
466 10 9.68731
466 40 5.37543
466 53 25.0681
466 103 13.9379
466 232 15.396
466 248 8.44729
466 261 18.564
466 269 16.5003
466 294 2.02582
466 356 3.18236
467 0 2
467 13 2
467 35 2
467 51 26.4685
467 172 31.4757
467 281 2
467 286 2
468 0 12.4955
468 44 6.10589
468 70 5.49927
468 127 6.58721
468 129 13.6295
468 131 4.6309
468 171 15.4529
468 184 13.6169
468 283 13.1524
468 313 2
468 401 14.6769
468 428 7.98421
468 444 9.58609
469 0 10.9403
469 69 9.51461
469 71 13.6584
469 79 2
469 167 6.99024
469 261 20.3684
469 331 7.44015
469 333 2.70306
469 390 12.8421
469 433 4.58281
470 0 20.2647
470 79 2
470 252 15.9541
470 283 16.4583
470 335 9.2206
470 337 30.293
470 463 25.7404
470 474 10.6124
471 0 2.46348
471 41 6.70798
471 105 11.2866
471 129 4.15097
471 187 15.1045
471 224 11.3926
471 256 11.9129
471 298 3.45465
471 439 7.86132
471 499 17.6897
472 0 7.15722
472 134 37.4176
472 290 20.8009
472 298 24.9551
472 315 10.209
472 420 2.54021
472 433 32.8993
473 0 2
473 3 13.7913
473 16 4.49182
473 101 4.26672
473 201 9.19509
473 241 3.82318
473 250 16.8226
473 408 13.8586
473 422 2.00389
473 448 11.2077
473 488 8.04917
474 0 4.23058
474 261 7.92277
474 274 13.5492
474 278 14.5228
474 356 42.818
474 395 19.1601
475 0 4.95427
475 197 32.9233
475 238 26.0145
476 0 7.83444
476 20 2
476 135 18.0873
476 157 7.93945
476 181 24.3843
476 300 2.89071
476 381 7.66041
476 421 6.86551
477 0 11.1364
477 11 19.0412
477 78 16.1807
477 177 8.33358
477 294 4.37753
477 306 2.14881
477 375 6.93655
477 378 11.4531
477 413 9.21738
477 422 20.0719
477 473 4.33887
477 498 15.8353
478 0 10.131
478 13 10.3233
478 63 19.5915
478 142 17.1504
478 161 2
478 175 8.20978
478 184 11.3679
478 291 17.0732
478 298 4.39816
478 370 15.4595
478 474 14.0951
479 0 8.55743
479 143 3.64538
479 152 4.88188
479 171 3.65588
479 211 7.98551
479 215 5.48905
479 248 18.6667
479 256 10.2721
479 262 2.28988
479 408 23.5556
480 0 17.5046
480 188 2
480 215 7.19512
480 239 17.1008
480 263 2
480 268 10.4477
480 323 9.77996
480 370 2.26988
480 384 21.1237
480 392 17.096
481 0 35.1766
481 126 43.1671
481 180 25.8018
481 306 16.3624
481 350 27.4761
481 481 30.7523
482 0 14.9069
482 73 15.5755
482 126 2.29204
482 197 2.01773
482 232 13.2693
482 283 16.5052
482 372 11.1558
482 401 14.1888
482 425 15.8482
483 0 21.9402
483 134 15.0768
483 153 19.5751
483 212 27.3954
483 294 25.4676
483 394 24.2481
483 429 15.3701
483 489 15.6584
484 0 33.4036
484 23 29.8883
484 201 21.5049
484 203 37.1045
484 277 26.4034
485 0 2
485 22 2.74668
485 38 19.8516
485 124 14.7697
485 140 8.75224
485 142 4.33714
485 240 7.8687
485 276 8.37851
485 283 14.9062
485 291 12.6762
485 337 4.17549
485 402 5.42255
485 413 5.65339
486 0 24.8548
486 18 29.8621
486 45 20.1384
486 175 44.0655
486 276 27.101
486 315 12.8336
486 354 28.6538
486 370 14.2196
487 0 5.71709
487 47 4.90668
487 50 11.6015
487 69 4.78164
487 72 5.11402
487 112 7.80801
487 120 8.37671
487 201 4.17286
487 266 5.40857
487 290 7.41682
487 326 3.55529
487 401 16.5948
487 408 6.40023
488 0 10.6923
488 20 7.97528
488 28 12.5449
488 32 11.3787
488 142 14.0506
488 189 2.57892
488 195 13.6827
488 231 10.8165
488 256 12.5555
488 271 4.62594
488 355 15.9616
488 422 2
489 0 19.5471
489 45 2
489 84 19.1019
489 186 2.27691
489 248 27.6218
489 406 21.07
490 0 3.86282
490 33 4.96174
490 68 13.1734
490 145 18.6592
490 249 2
490 283 2
490 303 10.6646
490 340 9.99167
490 390 8.67705
490 473 5.34715
490 481 2
490 492 12.3912
491 0 15.7874
491 9 4.65228
491 124 2
491 195 19.6777
491 201 11.6382
491 237 3.45236
491 420 22.648
492 0 13.8141
492 220 39.0308
492 330 28.2975
492 422 47.5462
492 491 21.3684
493 0 16.2657
493 16 11.4342
493 61 6.32443
493 103 24.9448
493 261 15.8829
493 384 24.1489
493 447 4.82171
494 0 8.49519
494 51 15.4404
494 87 13.738
494 124 6.13164
494 127 10.466
494 220 10.3695
494 224 6.75392
494 253 6.63421
494 258 15.5713
494 259 6.10958
494 307 9.74189
494 422 12.8726
495 0 51.8307
495 142 77.0008
495 241 39.725
495 403 78.5655
496 0 3.54073
496 35 11.9354
496 67 5.67219
496 148 7.07092
496 259 9.23886
496 352 3.35385
496 410 7.39266
496 459 19.7458
497 0 7.28989
497 10 5.88371
497 22 10.1414
497 77 13.0449
497 142 15.7092
497 178 7.23561
497 187 6.11951
497 206 10.8894
497 237 2
497 291 4.72784
497 404 6.61446
497 492 5.66449
497 493 2.54106
498 0 21.0503
498 29 4.41693
498 130 3.01765
498 158 5.29956
498 172 8.33543
498 197 17.6572
498 245 5.21115
498 278 9.97684
498 298 17.9635
498 304 5.74823
498 356 15.8179
498 393 6.89663
498 498 10.1977
499 0 64.1148
499 299 57.8843
499 492 4.60155
