500 500 4000
0 0 10.3487
0 75 28.8943
0 272 53.8664
0 407 43.5583
0 412 27.9107
1 0 38.4062
1 379 7.10546
1 416 6.50007
1 469 4.69722
1 493 36.0557
2 0 21.4102
2 100 21.3071
2 137 14.1995
2 153 2.75119
2 161 21.7122
2 241 7.97761
2 336 10.4937
2 390 17.53
2 432 15.2121
2 474 7.66694
3 0 43.1942
3 105 32.839
3 311 38.343
3 439 39.8682
3 452 16.1995
4 0 18.1658
4 63 6.43364
4 75 2
4 98 8.60632
4 158 6.11958
4 160 14.8744
4 176 10.8624
4 234 6.96221
4 257 2
4 314 3.01222
4 396 14.1763
5 0 17.8042
5 10 2
5 76 5.81501
5 89 8.35199
5 197 21.9799
5 234 11.1722
5 285 4.02497
5 378 5.6543
5 394 15.4134
5 460 14.5288
5 478 7.57455
6 0 8.72005
6 2 3.07307
6 80 5.43334
6 149 8.2331
6 175 18.3729
6 234 26.1088
6 343 25.3136
6 352 2.23134
6 449 6.70641
7 0 5.96692
7 27 5.02529
7 86 13.9581
7 112 12.0584
7 114 11.7658
7 124 10.0676
7 144 20.3314
7 159 15.5597
7 181 2.0132
7 217 5.68299
7 336 18.7864
7 390 14.9317
8 0 6.61773
8 24 13.5788
8 77 12.4323
8 80 8.08953
8 218 29.6983
8 264 14.8748
8 267 6.74973
8 338 24.7353
8 476 5.43644
9 0 14.6762
9 55 10.1407
9 111 26.0789
9 185 30.19
9 433 18.9335
9 436 14.3097
10 0 26.1926
10 146 3.11659
10 193 2
10 253 13.9944
10 405 13.8098
10 416 8.90939
10 417 4.77966
10 492 20.2047
11 0 7.78006
11 32 6.7638
11 51 2
11 148 14.7593
11 187 13.9116
11 191 4.8462
11 248 9.38084
11 314 19.019
11 343 2
11 451 18.2441
12 0 13.7097
12 81 2
12 124 25.8147
12 145 10.2706
12 238 16.3574
12 287 22.9331
12 318 21.382
12 338 10.7752
12 445 5.50659
12 471 27.8799
12 477 23.9966
13 0 2.00531
13 51 10.0634
13 78 25.4642
13 83 2.98541
13 113 11.2543
13 286 8.18643
13 416 18.5431
13 474 2
14 0 7.20966
14 27 6.63899
14 55 14.1339
14 148 11.5243
14 166 2
14 234 16.0079
14 264 16.017
14 267 7.36892
14 306 13.5922
14 351 16.3951
14 404 2.44039
14 416 2
14 458 6.54067
14 492 6.76639
15 0 10.0957
15 9 15.2815
15 63 11.1083
15 75 3.84808
15 86 14.8919
15 189 11.9688
15 334 29.7676
15 397 13.4063
16 0 28.1808
16 81 3.73673
16 250 4.20106
16 263 4.20665
16 383 16.5238
16 494 13.4758
17 0 9.09112
17 19 3.83922
17 45 14.3301
17 66 13.6935
17 93 11.6804
17 166 5.35042
17 217 2
17 299 6.2615
17 342 11.9464
17 352 17.3546
17 390 2
17 402 7.33871
17 435 8.72495
17 478 10.7073
18 0 50.6603
18 142 87.3403
18 146 20.6945
18 176 42.2611
19 0 16.9904
19 28 3.16448
19 40 17.0114
19 129 18.3485
19 169 3.11174
19 320 10.6029
19 376 20.5174
19 394 12.7535
19 398 23.3123
19 457 16.8843
20 0 15.7476
20 83 6.47637
20 106 2.02756
20 171 24.9202
20 277 11.4764
20 309 7.95364
20 374 9.81136
20 416 15.5136
20 435 14.807
20 453 14.2849
20 455 9.23319
20 492 9.96648
21 0 13.8548
21 37 7.75576
21 135 27.2372
21 203 6.36849
21 204 3.4994
21 343 12.8554
21 396 13.8923
21 432 7.80823
21 467 20.0981
22 0 7.19291
22 67 6.96811
22 90 10.32
22 95 7.52129
22 112 12.1707
22 165 14.6211
22 240 2
22 247 9.88665
22 254 6.16722
22 257 2.27931
22 267 7.64785
22 296 6.68072
22 320 8.38928
22 359 2.99434
22 388 13.1747
22 465 5.12281
23 0 21.4825
23 18 17.5864
23 90 7.14879
23 106 9.0573
23 196 29.1034
23 336 7.60449
23 393 12.2825
23 460 2
24 0 2.53662
24 11 12.9381
24 72 12.4426
24 122 4.61404
24 124 17.3609
24 144 4.76446
24 167 13.6566
24 174 20.8892
24 193 2
24 299 4.26184
24 371 3.41986
24 439 2.16064
25 0 16.7825
25 47 8.40884
25 97 8.221
25 154 19.6228
25 279 3.80252
25 295 25.707
25 364 20.4849
25 398 14.2853
25 403 11.3425
25 427 12.6594
26 0 16.9257
26 15 28.8407
26 25 14.1383
26 327 4.03674
26 374 16.1146
26 423 40.1088
27 0 15.0941
27 55 17.3185
27 176 17.9935
27 204 2.10162
27 238 10.3318
27 279 10.9027
27 326 10.0278
27 484 12.8155
28 0 5.94929
28 6 26.1469
28 37 11.911
28 45 24.3501
28 58 29.1193
28 77 2
28 402 15.6539
28 404 12.3824
28 407 6.78986
28 478 24.7836
29 0 11.4695
29 18 22.739
29 26 10.1162
29 58 10.1944
29 70 19.5783
29 204 35.7873
29 345 3.36172
29 370 26.5318
30 0 46.8126
30 86 33.6294
30 93 26.8519
30 211 30.5108
30 274 19.4134
31 0 5.70298
31 10 2
31 62 8.28688
31 106 19.8681
31 124 9.92534
31 209 4.92996
31 247 13.1372
31 279 5.82956
31 296 5.49096
31 315 2
31 336 5.94967
31 432 14.5784
31 438 2.93298
31 481 11.6365
32 0 11.1104
32 51 8.24626
32 95 2
32 104 10.7928
32 114 18.3959
32 184 4.9205
32 214 5.43885
32 244 11.6776
32 247 14.3573
32 332 11.5433
32 342 10.8298
32 379 2.52836
32 467 8.56607
32 474 8.76555
32 484 10.4572
33 0 3.09451
33 94 9.15374
33 143 21.6743
33 196 18.3394
33 246 17.4518
33 267 4.9729
33 297 8.66416
33 374 4.31017
33 376 4.6263
33 390 2
33 432 18.5459
34 0 18.6766
34 141 4.54911
34 189 11.5054
34 404 5.53155
34 460 23.5851
34 466 22.878
34 495 4.36445
35 0 4.91714
35 57 2.08356
35 63 4.46097
35 135 9.70835
35 149 4.89608
35 159 15.1963
35 183 6.66788
35 194 2.38472
35 236 2.53434
35 244 12.1094
35 372 17.0845
35 403 7.3272
35 456 6.64988
36 0 18.9198
36 34 17.8248
36 80 4.04232
36 185 20.1327
36 240 2
36 281 21.7746
36 300 16.5953
36 472 5.4442
36 474 12.1621
37 0 7.35849
37 84 18.8065
37 93 6.24802
37 118 16.1188
37 193 27.7019
37 316 9.2842
37 351 2.84278
37 428 19.0747
37 457 12.0503
38 0 14.1739
38 6 18.8567
38 44 7.603
38 68 8.64014
38 393 3.59052
38 483 20.1076
38 484 6.28488
39 0 2
39 148 32.3871
39 173 8.09541
39 260 33.0657
39 370 19.2295
39 412 12.5292
39 427 25.3217
39 471 11.9035
40 0 20.3734
40 95 16.1475
40 104 7.0932
40 137 24.4779
40 146 34.1264
40 208 18.4799
40 428 17.4341
40 445 17.8946
41 0 23.9879
41 215 2
41 265 27.5798
41 285 8.18366
41 295 13.1722
41 313 19.9037
41 325 17.4781
41 370 17.2168
41 449 7.20187
42 0 10.076
42 55 12.6931
42 83 3.42883
42 143 5.69249
42 150 2.53878
42 187 8.27313
42 209 10.3945
42 341 14.3157
42 395 27.2964
43 0 22.976
43 55 16.1971
43 124 22.1287
43 135 4.44191
43 194 17.2887
43 372 16.7661
43 374 4.77159
43 492 30.4498
44 0 11.4375
44 73 3.72336
44 115 14.3312
44 124 2
44 135 6.06242
44 152 12.9438
44 209 18.7431
44 378 2
44 483 6.56684
45 0 11.243
45 29 13.8283
45 123 2.98923
45 124 11.2456
45 246 2
45 279 8.45112
45 316 6.84019
45 338 5.26787
45 403 18.5009
45 417 2
46 0 12.9782
46 52 2
46 264 23.6762
46 340 18.5525
46 342 18.6027
46 388 15.7745
46 403 12.7649
46 404 17.0465
46 458 18.9694
47 0 11.2183
47 80 7.7489
47 238 13.5994
47 240 18.9182
47 279 4.72712
47 316 17.3082
47 404 4.25344
47 418 2
47 461 8.75075
47 465 3.86434
47 467 3.24218
48 0 19.2558
48 6 12.504
48 107 4.25378
48 111 22.6355
48 184 3.89587
48 239 24.079
48 418 11.9216
48 467 4.26158
49 0 15.9029
49 28 55.0251
49 348 29.7137
49 491 18.3453
50 0 21.2078
50 93 7.17992
50 197 4.42064
50 232 14.0899
50 460 3.99048
50 467 15.5957
51 0 2
51 63 9.46485
51 94 3.24343
51 184 3.12425
51 194 2.85206
51 204 12.0117
51 225 11.3219
51 254 12.3988
51 286 7.04529
51 297 13.5592
51 298 12.6853
51 402 12.3169
51 416 4.34086
51 479 10.2589
51 480 9.30247
52 0 53.2397
52 16 27.882
52 28 34.2098
52 67 28.2789
52 127 29.1501
52 467 6.79535
53 0 3.84811
53 63 3.21282
53 109 7.75506
53 144 17.4384
53 183 15.0383
53 327 2.18733
53 378 11.5742
53 407 13.8986
53 432 2
53 461 7.42577
53 483 7.31865
54 0 2.35882
54 47 2
54 55 6.66267
54 75 2
54 93 8.20093
54 113 7.17339
54 211 5.63019
54 378 2
54 407 21.0636
54 463 12.8584
54 474 2.19643
55 0 2
55 6 5.781
55 37 5.07851
55 67 3.53718
55 81 7.01599
55 83 3.25176
55 154 14.9712
55 190 10.5793
55 193 11.8978
55 290 5.02919
55 299 4.35034
55 426 9.83936
55 427 6.92049
55 459 5.4907
55 484 8.38799
55 492 9.97385
55 493 10.212
56 0 18.9562
56 37 11.4115
56 42 2.74047
56 67 2
56 113 23.1694
56 307 16.6713
56 318 10.9762
56 348 6.164
56 484 30.6372
57 0 3.25794
57 63 2
57 84 9.53661
57 93 23.314
57 233 4.87504
57 273 4.94884
57 306 5.97421
57 345 3.27426
57 364 12.408
57 413 5.1961
57 423 12.5814
57 479 2
58 0 4.251
58 34 8.81439
58 56 7.24124
58 121 14.5695
58 228 2.71373
58 257 7.86299
58 299 2.39812
58 416 2.05713
58 432 9.54252
58 469 7.97477
59 0 19.0983
59 36 9.7007
59 251 32.4241
59 279 15.2279
59 354 11.2841
59 396 17.7405
59 436 33.3192
60 0 6.88629
60 51 13.5714
60 58 2
60 68 3.39978
60 77 5.06975
60 108 4.82035
60 112 7.29923
60 114 10.2207
60 128 7.46294
60 204 6.63381
60 210 11.3404
60 211 4.64731
60 240 3.21166
60 322 2.40377
60 327 2
60 355 6.4968
60 405 4.34264
60 464 10.6893
60 471 6.89245
60 479 9.58543
60 484 7.94453
61 0 7.18853
61 7 25.2569
61 70 20.6122
61 210 15.7549
61 217 8.1552
61 282 20.0424
61 390 2
61 443 23.4329
62 0 4.92473
62 160 9.49897
62 210 3.56514
62 211 4.19868
62 345 12.8946
62 366 13.755
62 477 32.7794
62 484 5.42477
63 0 24.9566
63 128 11.4167
63 152 8.53206
63 161 15.956
63 257 15.2141
63 432 26.6777
63 480 3.26585
63 484 4.88386
64 0 23.5625
64 28 2
64 259 4.52253
64 340 13.8828
64 352 12.5432
64 354 7.15702
64 359 13.8881
64 383 8.37074
64 411 7.76516
64 461 18.2666
65 0 9.98768
65 2 59.7392
65 104 50.021
65 166 19.8454
65 184 17.4519
66 0 6.3027
66 4 16.8181
66 29 12.4924
66 122 11.8352
66 148 17.0227
66 187 23.899
66 279 13.8367
66 393 5.95012
66 416 12.8621
66 482 4.16791
67 0 9.55412
67 44 4.36877
67 45 5.25083
67 47 2
67 77 10.3066
67 81 7.03652
67 104 8.75996
67 205 14.5836
67 286 2.45204
67 328 10.2684
67 416 15.3
67 439 3.39226
67 497 3.81714
68 0 4.67858
68 15 10.9296
68 264 18.2121
68 284 2
68 326 2
68 346 29.0873
68 445 19.105
68 455 28.6442
69 0 28.7667
69 217 11.5977
69 244 7.98032
69 250 23.922
69 263 18.8527
69 279 15.1837
69 299 14.9083
69 317 24.0997
69 466 6.26023
70 0 29.633
70 18 21.5205
70 140 28.3977
70 196 27.3897
70 217 12.9615
70 471 13.4438
70 486 3.30046
71 0 13.4224
71 11 20.4311
71 27 2.36059
71 84 12.3544
71 165 11.4035
71 191 19.0166
71 218 2.02363
71 257 19.1866
71 416 5.79198
71 449 8.34739
72 0 2.09785
72 67 2.85506
72 124 7.40117
72 149 13.4856
72 166 13.0418
72 264 3.45838
72 265 4.64504
72 326 14.4008
72 334 9.51991
72 342 9.23066
72 344 4.52793
72 412 19.2992
72 455 18.5564
73 0 6.21043
73 7 10.3977
73 27 5.57579
73 89 4.41956
73 106 14.6407
73 184 2.06275
73 257 3.51308
73 424 12.2028
73 482 16.5152
74 0 3.44174
74 7 4.88072
74 84 9.63363
74 124 14.9631
74 143 4.59413
74 224 14.7523
74 306 4.882
74 336 2.67695
74 342 2
74 372 9.60607
74 458 4.53549
74 474 11.6392
74 494 2
75 0 2.34068
75 78 3.36801
75 81 22.8914
75 88 39.6793
75 114 12.0904
75 236 22.6363
75 372 26.3727
76 0 24.3692
76 67 16.4278
76 339 13.126
76 344 5.53006
76 346 2.92547
76 401 18.5974
76 417 2
76 432 3.6205
76 441 15.4284
76 460 3.26196
77 0 34.0745
77 58 24.6426
77 88 29.5282
77 261 11.3721
77 313 19.7685
77 407 9.23775
78 0 27.014
78 6 54.7475
78 51 2
78 55 32.034
78 265 24.0948
78 416 33.7257
79 0 26.9241
79 114 25.1787
79 247 6.59669
79 265 27.01
79 370 7.58507
79 378 10.1237
79 435 2.43788
80 0 34.2983
80 99 43.1624
80 142 46.9569
80 217 16.3449
80 344 23.7624
80 422 16.4161
81 0 3.37313
81 50 2.02547
81 88 3.80743
81 99 4.12286
81 137 18.7298
81 149 12.3543
81 195 2
81 200 18.6151
81 211 13.7922
81 251 5.30865
81 378 6.07422
81 383 8.46214
81 401 8.58354
81 416 12.3023
82 0 31.8069
82 219 8.08893
82 244 2
82 260 4.72394
82 299 22.07
82 389 14.1234
82 403 2.75567
82 494 32.6602
83 0 10.1774
83 58 56.4227
83 343 25.3396
83 389 21.9442
84 0 21.8397
84 106 38.456
84 178 42.1346
84 339 8.27456
84 381 55.5881
85 0 2.87593
85 27 3.65742
85 28 5.10286
85 84 3.70459
85 159 8.09238
85 176 14.791
85 204 8.62301
85 244 6.51782
85 281 2
85 394 2
85 425 15.9308
85 448 6.4175
85 467 14.5217
86 0 7.63182
86 67 2.09708
86 70 15.0699
86 84 7.12636
86 94 2.10786
86 109 8.01129
86 157 2
86 173 2
86 237 6.49065
86 326 19.342
86 350 20.9994
86 439 11.9115
86 443 15.0124
87 0 27.1951
87 15 7.85706
87 28 36.2162
87 94 18.0148
87 185 38.2893
88 0 8.34989
88 73 25.666
88 75 11.506
88 100 11.2837
88 143 24.7371
88 148 24.4511
88 404 11.8105
88 494 10.5233
89 0 2.05918
89 90 8.98288
89 101 13.1055
89 138 4.30707
89 232 16.2766
89 263 18.0807
89 370 6.13165
89 470 15.057
90 0 12.2712
90 84 9.85913
90 101 5.03467
90 143 12.8627
90 157 2.65162
90 209 14.045
90 349 2
90 350 14.0405
90 416 13.7935
90 418 15.5594
91 0 2
91 15 2.01258
91 187 6.58337
91 239 30.2672
91 345 7.83078
91 407 4.05628
91 449 16.8397
91 482 21.7348
91 484 12.056
91 491 2.73777
92 0 13.8254
92 2 6.0653
92 55 10.7275
92 75 19.5624
92 117 5.17129
92 196 13.9274
92 218 4.70567
92 221 7.46345
92 244 20.1946
92 436 7.25692
92 474 25.7575
92 484 4.60805
93 0 19.2856
93 28 12.0705
93 185 28.0688
93 186 13.2414
93 209 36.1453
93 232 2
93 327 4.89954
93 398 17.6177
93 480 14.466
94 0 10.2309
94 17 49.6081
94 51 38.7618
94 106 54.7446
94 186 20.0476
94 496 26.523
95 0 12.5422
95 47 34.3936
95 75 17.3951
95 96 18.0785
95 209 8.31918
95 246 7.15115
95 458 24.816
96 0 15.0394
96 21 10.4308
96 78 14.9246
96 81 9.06738
96 106 4.36664
96 109 18.3492
96 144 9.21943
96 185 5.7746
96 194 11.029
96 443 2
97 0 14.9112
97 45 2.04024
97 55 25.9007
97 118 6.50281
97 208 2
97 258 8.5807
97 265 2
97 279 23.8818
97 307 4.70914
98 0 7.04003
98 128 19.4453
98 131 9.1176
98 135 13.0737
98 155 4.35876
98 328 9.7959
98 402 14.0129
98 479 26.5638
99 0 4.4856
99 38 11.7618
99 161 9.76535
99 318 2.9837
99 346 11.159
99 381 4.40996
99 466 28.3961
99 479 21.4397
100 0 2
100 148 17.7402
100 161 22.9828
100 221 2.77335
100 234 2.91513
100 251 15.0917
100 268 4.12182
100 327 2
100 343 12.6663
100 416 7.01086
101 0 2.37684
101 89 3.35969
101 193 16.5422
101 239 8.70425
101 378 29.4592
101 426 11.4659
101 485 2
101 487 3.87686
102 0 3.98229
102 48 10.5065
102 185 5.43021
102 210 2
102 247 9.20659
102 313 24.0306
102 403 20.4786
102 474 12.6432
102 482 2
103 0 11.4997
103 204 17.8804
103 265 5.54084
103 353 13.604
103 358 38.2401
103 478 29.8368
104 0 11.2773
104 15 18.3498
104 100 23.271
104 107 17.7919
104 240 9.98345
104 314 8.98343
104 389 16.7098
104 464 2.04645
104 485 10.9838
105 0 2
105 78 14.3652
105 109 23.4767
105 143 7.95572
105 146 4.25041
105 196 2.18279
105 306 15.0758
105 403 13.4645
106 0 2.62178
106 119 17.3575
106 186 7.85592
106 211 9.67997
106 378 20.557
106 474 9.38548
107 0 16.3106
107 56 14.1694
107 204 21.8803
107 209 26.8523
107 290 3.66906
107 338 14.9312
107 376 12.8119
107 414 2.63287
107 439 8.9151
107 480 2.4868
108 0 7.90486
108 129 8.85639
108 133 16.4648
108 150 17.3914
108 183 17.9626
108 224 19.2865
108 352 8.26701
108 422 2.51683
109 0 21.1822
109 48 4.04051
109 80 28.6066
109 202 11.7412
109 308 19.6994
109 317 22.2646
109 345 15.6383
109 416 19.531
110 0 10.2614
110 50 39.8275
110 75 17.7104
110 175 11.728
110 184 23.8947
110 197 23.6483
111 0 27.5584
111 124 18.5246
111 146 29.2471
111 417 6.33457
111 422 19.5764
111 474 22.2808
112 0 6.71916
112 50 5.63283
112 77 14.9852
112 106 20.5474
112 124 9.15517
112 148 8.89888
112 149 12.2247
112 153 12.2253
112 161 8.917
112 209 2
112 271 16.8772
113 0 5.42385
113 111 8.79515
113 161 3.61809
113 327 28.449
113 332 36.4284
113 433 14.0578
114 0 18.0094
114 56 25.4303
114 104 10.2622
114 135 2.29274
114 223 6.66192
114 314 16.8321
114 346 11.6333
114 403 22.6247
114 439 17.214
115 0 4.82253
115 52 14.2845
115 58 5.95613
115 106 4.08185
115 109 2
115 161 10.9379
115 232 8.20316
115 242 9.5905
115 262 10.6001
115 329 9.87376
115 360 10.9376
115 389 2.85906
115 451 8.12894
115 466 2
115 492 3.55117
116 0 14.1445
116 11 4.07508
116 81 2
116 217 4.92056
116 219 2.88029
116 246 18.1619
116 296 2
116 326 11.8807
116 388 9.73632
116 401 15.963
116 409 3.23388
116 479 3.30543
117 0 6.60488
117 5 8.47086
117 78 13.7791
117 93 5.58818
117 150 6.76936
117 244 8.79719
117 342 4.62014
117 377 3.66614
117 392 5.48608
117 407 5.53104
117 466 2
117 492 18.6584
117 495 5.8863
118 0 16.4807
118 57 4.27827
118 135 9.42236
118 150 4.20906
118 277 19.2482
118 304 13.4791
118 342 9.67219
118 436 28.3877
118 439 4.37683
119 0 46.2713
119 61 7.075
119 65 27.4664
119 106 15.4611
119 193 20.3171
119 306 6.16933
119 417 2
120 0 8.47887
120 32 7.91931
120 121 10.1501
120 149 17.4962
120 305 2
120 306 13.7579
120 378 41.021
121 0 6.11833
121 46 5.91695
121 127 4.73653
121 170 19.808
121 218 14.8557
121 342 31.4412
121 377 13.6211
121 479 13.1959
122 0 4.0119
122 28 2
122 83 9.64636
122 118 5.00131
122 139 6.67942
122 155 3.64188
122 169 6.51962
122 183 6.32264
122 197 3.74236
122 203 6.44374
122 209 2.18926
122 344 12.6658
122 372 2
122 428 6.53314
122 439 2
122 492 10.8629
123 0 2
123 47 13.9285
123 150 41.1177
123 246 50.3418
123 299 18.7596
123 344 13.1838
124 0 14.7889
124 50 3.46497
124 52 2.69223
124 124 4.06152
124 164 16.0467
124 170 6.96394
124 200 5.33282
124 265 4.36993
124 282 13.9563
124 287 17.616
125 0 13.3956
125 83 13.994
125 95 7.23361
125 107 10.9844
125 109 12.1981
125 176 16.3243
125 197 2.78039
125 235 10.5159
125 293 18.0244
125 395 4.29891
125 412 11.317
125 416 7.818
126 0 11.7254
126 2 12.7584
126 75 7.31277
126 124 15.336
126 127 12.7655
126 162 13.988
126 257 5.35428
126 296 11.9173
126 332 18.9678
126 395 16.5128
126 441 11.0783
127 0 2
127 14 9.83875
127 53 7.83588
127 232 2.2006
127 234 8.11079
127 247 16.7192
127 250 7.67732
127 267 16.5128
127 351 4.1804
127 404 7.8746
127 484 10.8138
128 0 4.54393
128 157 3.21128
128 211 21.0439
128 239 10.7336
128 242 3.85716
128 295 15.7316
129 0 5.75998
129 10 4.48583
129 28 12.2548
129 51 19.1921
129 109 6.58112
129 164 2
129 336 10.4919
129 349 2.34423
129 354 8.70676
129 401 18.8394
129 472 9.09423
129 484 9.82916
130 0 20.881
130 75 2.92154
130 86 6.23355
130 148 8.69884
130 344 6.84048
130 350 3.35887
130 374 8.04918
130 398 15.6153
130 494 33.0581
131 0 18.0797
131 106 15.8235
131 121 6.53957
131 153 17.321
131 183 4.04466
131 239 22.0993
131 417 15.5333
131 460 5.48398
131 465 14.6554
131 466 15.5801
132 0 4.91335
132 7 26.5246
132 12 6.05861
132 78 20.8614
132 93 4.65356
132 172 19.6506
132 176 7.39668
132 250 31.9389
132 286 27.6329
133 0 20.4932
133 97 25.1505
133 150 21.2903
133 209 17.755
133 232 17.7392
133 285 11.1872
133 344 2.89976
133 345 5.011
133 454 11.3904
133 482 29.3962
134 0 2.05296
134 47 2
134 63 14.2445
134 77 11.883
134 95 2.85506
134 121 19.9958
134 124 13.5396
134 169 21.205
134 217 12.0081
134 293 12.0333
134 485 11.3444
135 0 7.62458
135 32 9.34276
135 40 5.73542
135 55 14.3558
135 93 2
135 161 9.34239
135 205 4.465
135 370 5.15274
135 381 8.03218
135 494 21.8833
135 495 2.83697
136 0 65.0305
136 4 4.32815
136 90 32.6776
136 264 29.0957
136 383 7.96059
136 495 22.6948
137 0 17.1177
137 15 26.0315
137 135 5.51056
137 164 10.2493
137 221 15.4381
137 286 7.43359
137 292 14.8254
137 326 15.5528
137 327 12.4047
137 378 7.33307
137 427 18.1158
138 0 12.0411
138 154 16.5993
138 161 17.697
138 176 18.6546
138 234 8.21284
138 304 12.9378
138 307 9.41957
138 412 8.19765
138 449 13.457
138 485 13.5153
138 494 13.0229
139 0 36.491
139 152 4.67623
139 247 25.0129
139 312 10.2577
139 336 30.8284
139 352 15.3982
139 439 10.4366
140 0 7.50669
140 16 15.9117
140 80 19.2518
140 128 11.5493
140 155 15.4158
140 189 10.2134
140 264 15.2673
140 300 4.1526
140 427 2.9065
140 432 9.3507
140 467 16.0001
140 497 9.72894
141 0 15.021
141 56 12.0515
141 61 14.0933
141 80 8.8403
141 86 19.3632
141 99 21.4784
141 217 19.5717
141 297 6.23652
141 334 16.0895
141 378 2
142 0 8.69895
142 56 8.60239
142 343 40.8376
142 370 3.53577
142 449 7.4769
142 474 21.6925
143 0 2.56811
143 83 47.7187
143 197 10.8208
143 218 14.8991
143 226 29.512
143 395 3.86453
144 0 29.7686
144 63 2
144 78 15.9427
144 124 29.3979
144 236 32.9958
144 316 11.89
144 402 2.97022
145 0 12.7846
145 2 14.4379
145 77 6.73156
145 86 2
145 127 20.7561
145 184 22.5149
145 376 15.5523
145 406 10.9641
145 419 21.5785
145 449 9.4652
145 478 11.72
146 0 5.45559
146 67 14.3191
146 81 16.4015
146 83 29.1264
146 153 19.6343
146 161 14.3993
146 176 28.1295
146 425 25.8092
146 460 3.1193
147 0 18.3358
147 132 4.78747
147 184 45.1367
147 201 2
147 266 11.5232
147 311 12.7359
147 417 2
148 0 27.9299
148 89 9.837
148 92 20.8279
148 127 15.7637
148 142 15.3427
148 287 13.445
148 376 11.7529
148 388 9.27285
149 0 16.7492
149 124 5.92565
149 195 8.21975
149 246 18.7531
149 267 16.2854
149 270 8.65224
149 383 3.3907
149 460 4.09424
149 467 16.9426
149 479 2.55349
149 482 15.5156
150 0 52.2788
150 160 75.1186
150 242 22.2869
150 492 2
151 0 14.3884
151 23 6.07325
151 80 5.67822
151 81 2
151 137 6.36637
151 143 11.4256
151 297 10.1387
151 329 16.3017
151 378 26.0551
151 403 4.03269
152 0 20.2378
152 2 13.2234
152 40 12.961
152 119 30.3858
152 209 61.2942
153 0 39.5312
153 96 27.9047
153 205 21.6674
153 388 15.7916
154 0 20.0963
154 6 16.6789
154 35 17.0673
154 78 10.084
154 132 4.23762
154 250 2.02784
154 313 12.2976
154 338 16.2421
154 370 4.83934
155 0 17.7425
155 9 15.6029
155 78 7.82241
155 106 27.8983
155 121 17.2314
155 122 23.2793
155 189 13.2355
155 336 7.85995
156 0 2.4073
156 16 7.0157
156 88 27.4945
156 119 21.4371
156 157 14.8
156 184 14.6776
156 226 12.955
156 470 17.0274
156 482 19.1792
156 487 2
156 497 2.09717
157 0 19.5618
157 47 12.0167
157 209 6.39647
157 259 20.8111
157 287 3.85979
157 332 10.8522
157 352 3.8147
157 377 17.954
157 438 20.6973
157 494 5.70839
158 0 3.93236
158 58 29.5532
158 210 39.3162
158 345 50.4132
159 0 2.4718
159 24 11.4692
159 67 18.3345
159 90 20.0748
159 142 2.11935
159 164 2.11937
159 251 6.62763
159 404 6.76617
159 448 18.3779
159 483 3.19672
160 0 10.9753
160 106 4.70891
160 135 13.7636
160 184 11.8142
160 233 9.0062
160 393 17.8562
160 428 34.723
160 471 9.53999
161 0 2
161 90 18.1109
161 125 14.0187
161 160 8.21143
161 173 7.85465
161 226 9.84336
161 240 2.50803
161 293 9.9102
161 339 2.29997
161 340 4.42977
161 361 4.60366
161 463 12.6328
161 484 12.413
162 0 12.2548
162 49 26.6114
162 84 14.0719
162 101 20.1142
162 124 6.33343
162 424 17.9248
162 449 21.8538
163 0 31.9208
163 43 42.699
163 340 50.4991
163 443 46.6249
164 0 18.1224
164 95 2
164 104 11.9749
164 123 6.0655
164 211 15.9839
164 223 11.2325
164 287 8.82747
164 297 4.87957
164 304 2.15616
164 381 8.48928
164 407 15.398
164 480 3.4312
164 483 9.78969
164 485 2
165 0 2
165 97 12.8223
165 124 14.015
165 160 10.1244
165 179 9.98602
165 184 7.67114
165 195 2.54523
165 244 18.6074
165 293 2
165 326 2.54064
165 339 23.1987
165 492 2.77221
166 0 9.78468
166 275 14.6873
166 364 18.2255
166 398 43.6784
166 424 4.00294
167 0 11.8195
167 80 2
167 84 18.8678
167 209 8.20799
167 224 11.8709
167 246 11.8496
167 251 18.1466
167 329 17.6348
167 378 13.6116
167 459 12.3114
168 0 7.02624
168 28 2.92779
168 244 2.4464
168 246 11.6259
168 339 10.4328
168 378 2
168 384 13.6418
168 418 13.3758
168 432 3.34374
168 433 3.7616
168 460 2.15234
168 479 9.09464
169 0 30.9747
169 96 28.1435
169 133 22.4512
169 264 37.2051
169 277 22.6472
169 449 3.09503
169 460 33.5744
170 0 18.5797
170 140 8.57291
170 158 7.85878
170 169 2
170 244 3.61835
170 366 4.45433
170 383 3.78011
170 413 12.532
170 470 2
171 0 26.4299
171 152 23.8278
171 184 25.1769
171 388 5.75313
171 471 56.1552
172 0 2
172 44 19.9241
172 119 20.032
172 181 7.97662
172 339 7.14886
172 351 13.3448
172 381 11.2074
172 390 13.8889
172 433 13.9341
172 439 8.31886
173 0 5.21891
173 19 6.6828
173 27 5.52072
173 37 3.24306
173 70 4.52574
173 113 4.82562
173 124 12.6829
173 195 2
173 275 9.43671
173 299 11.6767
173 358 6.01895
173 378 4.59476
173 385 4.6899
173 390 14.1011
173 392 9.00188
173 403 11.7716
173 479 10.5711
174 0 3.80905
174 95 4.27038
174 162 20.5824
174 183 2
174 239 14.2103
174 254 19.276
174 342 13.8175
174 407 23.9341
174 416 4.27005
174 443 5.90473
174 476 7.73474
174 484 5.81057
175 0 2
175 80 33.6377
175 90 14.4485
175 107 2
175 216 9.25946
175 260 32.1084
175 270 10.7218
175 329 8.65542
175 458 11.0146
176 0 2
176 2 13.9432
176 36 12.0926
176 53 18.9421
176 81 8.26235
176 129 9.80914
176 132 7.70608
176 221 2
176 225 7.32576
176 295 9.01457
176 332 5.78562
176 384 18.256
176 395 10.5451
176 494 14.7348
177 0 17.7154
177 132 34.3076
177 143 38.5765
177 185 8.0975
177 381 24.6107
177 406 32.8034
178 0 19.3489
178 127 8.53828
178 164 28.8737
178 279 26.6078
178 396 8.79247
178 442 25.6355
179 0 2.03505
179 65 21.4893
179 160 20.984
179 167 4.03341
179 185 26.8686
179 279 9.57328
179 304 7.16287
179 439 2
179 491 20.435
180 0 6.55275
180 19 28.9736
180 24 12.3793
180 192 23.6683
180 204 29.1762
180 265 3.80844
180 266 23.5967
180 299 26.637
181 0 4.20061
181 69 2.08662
181 75 18.5923
181 84 20.5578
181 90 13.5587
181 166 11.2727
181 217 7.63912
181 420 19.004
182 0 7.58676
182 216 14.889
182 254 4.34012
182 279 25.7063
182 448 19.2916
182 475 38.0331
183 0 23.2249
183 55 6.43413
183 110 23.8786
183 215 27.3279
183 407 14.5879
183 416 30.2883
183 449 20.2596
183 485 19.3894
184 0 11.5278
184 84 17.2114
184 145 17.3824
184 147 2
184 183 6.36224
184 308 13.7674
184 348 4.17877
184 378 12.9962
184 397 22.8213
184 416 2
184 460 4.49822
185 0 8.67236
185 18 32.2353
185 63 16.2655
185 95 15.7402
185 195 3.21869
185 211 13.7661
185 218 21.8987
185 287 17.178
185 306 11.6562
186 0 8.57311
186 2 2.19555
186 18 4.52659
186 37 2.97658
186 52 10.707
186 53 5.93162
186 84 21.3848
186 239 21.7388
186 327 17.2957
186 436 14.6262
186 472 13.2889
187 0 6.43189
187 152 3.32191
187 302 25.9301
187 326 33.7077
187 480 16.5325
188 0 26.5156
188 11 29.2197
188 352 21.4559
188 416 7.48125
188 449 17.1856
188 456 18.1761
189 0 36.7173
189 121 43.8899
189 155 33.2855
189 329 24.4131
189 374 49.9549
190 0 18.0206
190 83 22.1757
190 195 8.25724
190 204 32.02
190 273 9.70503
190 285 4.41774
190 298 5.68299
190 392 3.31807
190 470 20.8544
191 0 17.4677
191 40 10.34
191 57 15.2649
191 115 11.1903
191 205 10.625
191 217 2.53778
191 223 2.39396
191 235 7.39014
191 339 2.08072
191 375 11.3448
191 454 5.57506
191 476 2
191 482 2
192 0 9.12201
192 74 2
192 93 29.8533
192 193 7.73338
192 202 2.04576
192 251 10.622
192 390 3.48239
193 0 25.1497
193 80 6.80792
193 92 15.7133
193 101 2
193 265 2
193 337 48.8839
193 383 35.7882
194 0 8.11549
194 83 18.5281
194 89 17.428
194 94 11.7169
194 189 23.9296
194 264 7.89257
194 279 8.59123
194 374 16.0067
194 381 2.18415
194 459 4.39319
194 490 17.9069
195 0 2
195 9 14.5393
195 55 5.61912
195 81 9.75913
195 95 2.99649
195 124 8.19945
195 160 8.14995
195 180 4.80983
195 264 5.39251
195 335 13.0261
195 378 16.988
195 388 9.90913
195 480 8.26036
195 483 5.60743
196 0 28.6143
196 101 17.6223
196 182 22.362
196 313 12.5457
196 343 19.6469
196 458 14.0519
196 489 27.6687
197 0 14.8083
197 9 21.9717
197 93 7.2441
197 152 19.6187
197 153 18.2541
197 189 9.4647
197 193 23.7621
197 244 13.959
197 340 10.2466
197 474 20.8485
198 0 21.0093
198 246 26.4415
198 251 11.4648
198 282 14.0545
198 314 31.2633
198 322 36.6963
199 0 10.1694
199 47 6.32376
199 142 26.5419
199 287 6.02858
199 322 45.5541
199 474 18.7669
200 0 2
200 97 2.72642
200 135 18.6528
200 166 6.08031
200 246 2.87689
200 251 2
200 264 7.69869
200 274 6.06461
200 345 2
200 372 9.49125
200 384 8.41075
200 424 14.0686
200 432 5.63918
200 490 13.0351
201 0 4.69757
201 28 4.29507
201 61 6.95201
201 95 6.71915
201 106 14.1252
201 193 2.621
201 196 2.23251
201 286 3.43941
201 301 9.8682
201 456 2
201 484 5.90771
202 0 12.34
202 37 28.8214
202 221 2
202 338 13.7481
202 395 4.76474
202 438 20.2127
202 479 10.1671
203 0 19.8104
203 63 12.0431
203 95 11.8295
203 281 17.0673
203 285 14.6336
203 340 7.2883
203 376 24.2793
203 407 6.86836
203 470 18.2262
204 0 38.7177
204 30 17.394
204 63 22.6685
204 163 10.9438
204 352 5.06616
205 0 11.2879
205 81 2
205 83 3.25088
205 96 10.7649
205 184 18.8285
205 249 34.0354
205 262 23.0548
205 381 33.51
206 0 7.02424
206 52 15.9189
206 94 13.5026
206 124 28.0558
206 127 17.1751
206 155 3.0351
206 166 7.96342
206 217 29.2201
207 0 6.72461
207 20 18.1448
207 23 2.70956
207 55 17.6468
207 83 2
207 143 7.37092
207 209 5.36119
207 218 2.25581
207 238 19.1023
207 478 10.4172
208 0 2
208 28 15.2119
208 73 12.4189
208 83 3.92446
208 183 6.50173
208 196 2
208 244 10.0695
208 246 8.59205
208 287 3.96276
208 300 2
208 327 3.62373
208 334 4.82359
208 348 8.34882
208 350 8.55704
208 392 6.57012
208 457 4.69691
208 484 14.6924
209 0 25.4535
209 207 6.56711
209 407 4.56829
209 423 20.1348
209 436 30.6266
209 467 24.2719
210 0 20.3685
210 37 10.9067
210 89 15.1219
210 95 8.00821
210 104 35.6512
210 107 17.4673
210 161 11.22
210 344 25.4735
211 0 32.0494
211 2 7.72147
211 127 39.294
211 176 13.2434
211 388 38.1651
211 424 31.9999
211 459 2
212 0 5.56095
212 58 4.9725
212 94 14.4535
212 106 11.7564
212 158 6.47929
212 287 2.38353
212 348 8.50774
212 374 2
212 388 17.7616
212 399 10.0338
212 457 5.52987
212 474 4.85677
213 0 3.55352
213 77 21.0628
213 85 7.61885
213 101 4.10784
213 152 4.20936
213 184 10.3948
213 232 20.2631
213 374 2
213 398 2.90905
213 416 7.95942
214 0 10.8757
214 10 3.54141
214 37 6.9847
214 96 2.90659
214 157 14.4664
214 161 8.81429
214 166 5.60092
214 174 6.62389
214 257 16.0857
214 286 6.44898
214 287 2
214 299 9.91946
214 372 8.12261
214 459 10.2718
214 474 17.2957
215 0 4.11753
215 99 5.0704
215 155 15.5648
215 200 10.7749
215 210 14.343
215 239 12.3209
215 351 10.6985
215 411 2
215 432 14.1699
215 436 14.47
215 454 10.4943
215 459 19.5325
215 492 16.8029
216 0 2
216 115 4.16436
216 178 5.36926
216 210 4.79829
216 250 15.8875
216 251 5.02468
216 265 16.5355
216 293 3.18191
216 316 9.81732
216 344 5.09883
216 374 7.34416
216 423 9.40703
216 439 8.28549
216 466 2
216 498 5.8348
217 0 21.9442
217 84 20.9852
217 106 2
217 135 10.7083
217 157 5.48338
217 170 3.9301
217 390 3.32156
217 451 27.5845
217 466 7.4928
218 0 6.75509
218 119 22.0547
218 209 26.1623
218 210 9.97168
218 217 23.385
218 261 8.43991
218 296 20.3105
218 341 16.2628
218 343 2.85191
218 360 9.60785
218 459 12.3903
219 0 40.2759
219 127 3.60303
219 270 23.6735
219 343 17.3211
219 388 18.2288
219 484 21.0413
220 0 3.43469
220 51 14.6025
220 63 19.326
220 107 14.5399
220 146 10.8383
220 251 15.5356
220 314 12.8047
220 377 16.6402
220 404 14.0648
221 0 2.78519
221 64 10.8327
221 233 21.178
221 251 2
221 264 10.7534
221 267 4.22643
221 306 13.1527
221 474 2
222 0 5.34605
222 37 4.76718
222 47 11.7377
222 104 4.0996
222 149 19.7026
222 176 9.21705
222 210 2
222 263 9.2885
222 299 2
222 338 4.3725
222 402 14.9443
222 494 10.1647
223 0 7.97012
223 63 2.30453
223 67 7.71433
223 86 2
223 152 26.1057
223 189 2
223 193 5.43683
223 216 12.2934
223 250 6.21224
223 392 17.0706
223 409 6.27915
223 472 6.98341
224 0 11.764
224 104 25.344
224 309 9.23633
224 344 15.9917
224 359 17.1299
224 449 19.8196
225 0 28.1782
225 79 28.7902
225 195 33.5218
225 245 33.1254
225 249 15.8809
225 404 14.5709
226 0 2
226 55 8.79302
226 78 8.89821
226 79 4.8194
226 238 2.68351
226 279 12.034
226 281 8.71538
226 282 3.33185
226 296 10.1825
226 374 7.37672
226 393 5.81308
226 416 10.0831
227 0 10.4662
227 67 3.75369
227 304 2.25641
227 314 19.9926
227 422 5.22797
227 438 4.16643
228 0 17.9523
228 148 37.3543
228 150 7.19877
228 184 7.65881
228 319 7.41794
228 404 30.0008
228 480 2.55964
229 0 2
229 58 19.7493
229 142 14.4289
229 185 2.42201
229 209 19.7017
229 242 9.54498
229 287 15.268
229 383 4.47629
229 445 3.77919
229 482 12.9473
230 0 19.1479
230 55 9.07344
230 63 2
230 124 2
230 144 9.79489
230 243 9.31808
230 326 37.7076
230 398 22.6217
230 485 2
231 0 13.2114
231 2 11.6429
231 18 3.70299
231 176 3.30837
231 217 3.27636
231 282 12.8718
231 291 6.46771
231 343 7.29748
231 406 2
231 432 2
231 457 5.16164
231 466 12.7515
232 0 11.3478
232 163 8.70878
232 240 12.6638
232 293 27.0715
232 310 21.1448
232 372 23.5022
233 0 30.0118
233 15 20.8548
233 107 19.1005
233 169 12.0563
233 247 31.6553
233 298 17.4206
233 372 27.2952
233 432 17.9254
233 467 2.00984
234 0 54.343
234 49 17.9087
234 185 8.04944
234 239 55.2131
235 0 7.18741
235 2 12.3295
235 146 2
235 183 17.3774
235 185 9.81154
235 221 23.2339
235 432 2.15327
236 0 9.29018
236 6 10.5543
236 70 7.62109
236 71 10.938
236 86 5.47563
236 96 2.30859
236 109 7.15597
236 218 6.09607
236 246 4.57845
236 259 7.14495
236 299 5.8248
236 314 5.51909
236 369 11.3331
236 380 11.3935
236 407 2
236 438 15.2702
237 0 2
237 29 3.84478
237 68 9.80171
237 77 14.9009
237 79 7.46091
237 86 4.12985
237 91 7.20149
237 94 3.05647
237 127 16.7258
237 164 5.80836
237 297 10.1487
237 352 3.12593
237 416 19.4449
237 457 2.06709
238 0 11.4617
238 228 28.0546
238 265 27.866
238 320 29.5168
238 414 19.9595
238 457 2.3956
238 477 2.18574
238 482 30.5416
239 0 5.30109
239 26 2
239 28 4.39049
239 72 2
239 75 5.37286
239 95 5.09754
239 183 2.93089
239 193 3.38453
239 207 10.1204
239 327 5.30038
239 344 2.98933
239 359 10.6073
239 378 6.38498
240 0 23.038
240 52 22.9782
240 63 27.0465
240 80 2
240 217 32.6292
240 282 27.0779
240 285 2
240 313 19.4304
241 0 6.02658
241 100 17.2871
241 111 20.8278
241 193 9.28659
241 266 17.6015
241 332 25.2315
241 409 5.45188
241 449 7.25447
242 0 19.2759
242 16 11.9588
242 119 17.2228
242 178 14.1952
242 193 6.6168
242 251 4.69753
242 338 10.1278
242 376 9.67244
242 406 2
243 0 21.9465
243 34 7.38804
243 94 11.6845
243 184 11.7891
243 221 6.12226
243 325 4.51255
243 427 7.14083
243 428 14.7439
243 475 11.8763
243 478 14.7287
243 490 4.39754
244 0 10.3721
244 83 2.57908
244 132 5.03617
244 148 21.441
244 244 31.0389
244 332 24.0576
244 378 26.7611
244 478 9.18017
245 0 25.4892
245 46 4.60895
245 170 9.06338
245 337 19.5532
245 404 4.0304
245 407 15.2564
245 412 9.60496
245 416 21.9023
245 484 23.0546
246 0 21.7207
246 79 25.732
246 232 39.1763
246 401 2.0139
246 467 9.96791
246 474 14.662
247 0 3.74663
247 99 8.6112
247 143 16.0895
247 149 20.6044
247 265 4.83387
247 401 3.85072
247 427 7.87955
248 0 63.4046
248 124 23.7529
248 321 69.3778
248 376 2
249 0 6.95714
249 84 2
249 93 14.9576
249 176 2
249 190 2
249 210 16.1976
249 285 3.48437
249 332 4.91774
249 341 7.53465
249 392 3.2344
249 402 16.1057
249 411 4.90477
250 0 11.8195
250 176 10.6396
250 299 34.6833
250 307 38.4698
250 387 53.5145
251 0 14.8936
251 7 13.8302
251 47 21.775
251 67 8.94007
251 94 6.08771
251 169 8.87196
251 211 9.05392
251 239 11.4721
251 374 2.22942
251 444 13.1424
251 449 11.5893
251 478 6.80054
252 0 3.40704
252 104 20.4295
252 144 8.02251
252 162 27.7584
252 248 15.933
252 275 7.7043
252 458 15.3772
253 0 10.9992
253 11 5.09648
253 26 14.2851
253 73 6.57617
253 101 19.7419
253 150 7.77191
253 178 14.5756
253 217 15.0739
253 314 13.3656
253 378 11.0109
253 433 10.3668
253 476 12.8038
254 0 3.08561
254 232 44.8809
254 302 14.7782
254 416 7.33592
255 0 2
255 110 3.20946
255 115 5.23557
255 191 7.32325
255 211 10.8284
255 282 6.1941
255 342 10.9023
255 379 14.0845
255 385 5.76929
255 398 12.9794
255 404 9.55618
255 438 3.10991
255 478 14.737
255 484 7.87043
256 0 42.6166
256 75 11.9069
256 94 23.363
256 95 4.34585
256 135 12.0317
256 298 34.715
256 407 16.7532
257 0 17.7922
257 81 25.6269
257 211 16.144
257 261 23.0458
257 264 10.548
257 388 2
257 407 32.8936
258 0 14.7397
258 163 10.8437
258 195 6.10204
258 240 20.573
258 259 10.4022
258 337 15.943
258 377 8.9527
258 407 7.41201
258 435 11.2663
258 465 23.2506
258 482 12.8494
259 0 11.6501
259 6 11.7819
259 86 9.06566
259 155 2.34836
259 227 10.7701
259 347 6.90842
259 354 12.0812
260 0 7.56122
260 9 35.9776
260 126 14.5979
260 326 13.3285
260 339 14.1258
260 440 39.3449
260 456 4.06712
261 0 15.5923
261 63 10.7425
261 125 5.1725
261 146 18.1764
261 196 2
261 218 6.52718
261 251 22.6122
261 265 14.259
262 0 13.8449
262 6 5.79961
262 89 25.2424
262 97 2
262 111 16.1721
262 142 8.86642
262 143 8.52898
262 232 14.8069
262 234 21.8391
262 239 11.6965
262 326 3.01403
263 0 6.65912
263 15 19.3892
263 246 14.7112
263 267 8.35742
263 342 13.7301
263 383 18.3578
263 409 5.35327
263 423 12.3665
263 440 22.285
263 469 2.136
263 491 14.086
264 0 8.30901
264 76 2
264 142 15.8755
264 176 15.0345
264 240 2
264 267 26.9341
264 311 2.6066
264 326 18.0504
264 348 6.75388
264 423 11.8374
264 494 4.9127
265 0 3.70675
265 46 10.9317
265 84 16.4986
265 217 16.0513
265 221 30.3165
265 269 12.8363
265 370 7.70678
265 374 3.37713
266 0 4.22492
266 45 2.40387
266 109 25.2732
266 124 8.79159
266 187 13.7872
266 204 10.5356
266 234 10.7173
266 350 2.15082
266 374 11.4589
266 392 18.3399
266 480 17.3716
267 0 21.8756
267 161 9.55026
267 193 33.073
267 383 26.4207
267 472 13.425
267 477 32.7448
267 494 20.2074
268 0 4.32293
268 83 8.07463
268 127 25.0511
268 209 11.7644
268 417 14.4921
268 457 40.3142
268 459 9.58234
269 0 23.2721
269 18 9.3327
269 78 26.7983
269 139 28.5832
269 164 32.1178
269 289 20.9828
269 432 13.9798
270 0 2.13386
270 2 35.3893
270 39 13.4461
270 46 19.2708
270 58 3.02353
270 260 16.4424
270 279 24.5653
271 0 12.7994
271 23 10.3643
271 49 13.7756
271 79 4.55312
271 239 16.1071
271 257 2
271 263 13.0454
271 352 5.4051
271 378 11.047
271 380 2.06096
271 433 14.4353
271 465 3.22897
271 477 7.52445
271 480 8.29344
272 0 26.5964
272 32 12.5555
272 58 13.051
272 83 7.59724
272 144 33.9022
272 265 5.85844
272 297 28.8197
273 0 11.8934
273 27 9.5448
273 83 15.8588
273 101 19.2849
273 152 12.1713
273 164 6.04976
273 268 14.8384
273 280 13.4636
273 297 2.31795
273 322 21.9656
273 432 26.9039
273 435 4.52939
274 0 11.5523
274 49 10.1439
274 65 6.3494
274 83 3.98686
274 142 5.86438
274 149 4.03042
274 166 2.74842
274 176 15.9318
274 360 2
274 407 6.56702
274 449 4.08297
274 467 10.5339
275 0 15.2645
275 37 19.3466
275 300 46.6696
275 314 2
275 374 52.4427
275 494 47.6872
276 0 26.1295
276 6 17.6386
276 81 24.579
276 113 19.6938
276 119 6.87555
276 211 21.051
276 388 16.7068
277 0 11.8757
277 2 8.30667
277 47 20.6778
277 64 2.51799
277 92 3.05562
277 93 10.7946
277 94 9.96809
277 106 15.9905
277 251 2
277 336 9.88753
277 344 2.40551
277 360 3.05284
277 454 2.73262
277 482 5.80004
278 0 13.6499
278 67 8.90366
278 107 6.38374
278 176 9.31245
278 217 3.39897
278 227 13.3534
278 244 3.55018
278 309 6.14952
278 337 5.62337
278 390 24.36
278 405 10.5584
278 427 8.90058
279 0 20.6359
279 106 13.4511
279 143 12.8106
279 287 25.2224
279 407 28.3554
279 425 29.4066
279 460 5.54286
279 496 26.5431
280 0 27.8364
280 14 14.8897
280 157 20.3595
280 160 8.01421
280 185 14.64
280 211 2.24097
280 287 4.63636
280 449 5.71276
280 483 16.2107
280 494 6.29513
281 0 14.7843
281 15 13.6078
281 36 19.0319
281 58 13.3399
281 84 17.4
281 150 21.3809
281 198 4.05309
281 246 8.45624
281 326 17.0256
281 340 23.8727
281 492 4.49965
282 0 23.6491
282 81 22.9733
282 146 6.54622
282 251 23.754
282 267 14.8802
282 299 2
282 326 17.878
282 438 11.7069
283 0 14.0937
283 37 12.1304
283 112 22.7509
283 148 23.7635
283 193 23.8122
283 232 2.37389
283 341 4.05119
283 344 19.7032
283 395 7.43913
284 0 20.6593
284 154 23.4715
284 286 6.28617
284 432 35.721
284 449 48.8281
284 479 12.0351
285 0 15.7219
285 27 16.8704
285 128 15.163
285 194 24.9359
285 326 14.6908
285 345 20.4701
285 348 4.51012
285 388 15.0916
286 0 9.13907
286 56 19.7502
286 78 9.96756
286 164 12.3006
286 279 13.0316
286 281 3.13144
286 359 6.80656
286 370 13.1712
286 398 9.86809
286 408 8.54115
287 0 12.3322
287 204 2
287 211 39.3334
287 235 5.05429
287 248 26.2234
287 438 18.7053
287 466 23.8264
288 0 12.8255
288 15 4.76078
288 18 21.3065
288 75 4.20658
288 129 26.5726
288 343 6.06408
288 370 26.1948
288 478 7.39038
289 0 18.6533
289 2 15.2729
289 22 14.5514
289 83 18.9172
289 101 8.79121
289 152 13.0964
289 232 5.91193
289 240 11.3234
289 263 8.40669
289 378 10.2569
289 407 6.92787
289 470 2
290 0 2
290 51 13.6464
290 115 7.63351
290 152 12.5089
290 290 15.0139
290 341 20.5713
290 344 26.1688
290 459 13.8372
290 467 24.5923
290 471 5.6067
291 0 2.64046
291 81 23.2647
291 107 6.29939
291 146 7.27009
291 183 2
291 198 10.0396
291 265 7.16721
291 344 9.13173
291 345 2.07008
291 372 2
291 374 12.3839
292 0 9.99468
292 15 3.90468
292 77 10.9014
292 127 10.2204
292 174 7.07943
292 292 12.3322
292 296 4.96998
292 297 5.13768
292 329 6.3479
292 348 7.04598
292 389 6.4377
292 405 19.6202
292 412 15.3819
292 449 2
292 474 2
293 0 20.5291
293 144 9.91227
293 153 19.4743
293 161 4.62435
293 281 17.0934
293 345 21.3306
293 377 4.00862
293 378 12.0801
293 403 5.99854
293 474 15.2703
294 0 8.28833
294 36 3.1935
294 56 8.46729
294 210 5.30148
294 227 10.7509
294 298 3.5035
294 322 23.302
294 344 7.83689
294 417 15.6877
294 433 8.42426
294 449 17.9207
294 484 14.4947
294 497 2
295 0 5.06943
295 67 5.19757
295 125 4.18639
295 159 12.9227
295 165 9.38982
295 197 23.1649
295 244 19.9937
295 304 7.51476
295 319 15.5133
295 344 11.254
295 345 14.5751
295 372 7.16767
295 378 16.6689
295 457 9.42942
296 0 30.7608
296 62 13.0626
296 143 18.6636
296 242 16.8229
296 346 2
296 392 11.1991
296 456 11.9287
297 0 2
297 75 2
297 90 3.30087
297 170 3.36466
297 207 13.7583
297 248 2.53182
297 370 9.27639
297 388 8.36985
297 403 12.7435
297 404 4.16158
297 482 14.0766
298 0 12.5094
298 161 8.58552
298 170 10.8118
298 172 10.5207
298 264 14.3031
298 282 13.5489
298 295 3.48048
298 416 5.83709
298 449 7.08563
298 484 2.07476
299 0 12.6452
299 81 20.5683
299 83 14.2107
299 233 3.62749
299 393 12.29
299 394 4.54435
299 423 33.6449
300 0 8.10651
300 88 19.2437
300 124 16.8796
300 160 18.0115
300 309 8.10282
300 317 24.8481
300 368 13.5437
300 407 4.83715
300 478 6.51018
300 494 18.6149
301 0 18.1627
301 68 15.4323
301 184 16.8443
301 189 20.6702
301 257 15.5494
301 282 17.8627
301 328 25.4682
301 423 14.0189
302 0 3.1953
302 12 5.63016
302 18 16.3366
302 23 9.48984
302 52 2.07832
302 78 24.4633
302 144 9.46401
302 161 24.4795
302 236 4.16339
302 460 11.28
303 0 24.4065
303 251 27.1699
303 336 24.3775
303 402 15.5211
303 403 50.8127
303 407 40.1396
303 469 23.4209
304 0 26.7918
304 239 2
304 240 7.50115
304 265 22.2781
304 295 23.1606
304 331 11.0178
304 378 2
304 427 3.02465
305 0 7.56652
305 48 7.03659
305 70 14.3137
305 107 2
305 148 3.23425
305 169 3.36081
305 184 13.5277
305 267 17.5483
305 277 7.57757
305 297 19.2629
305 366 18.2876
305 378 12.6161
305 460 19.5377
306 0 22.9568
306 161 2.29827
306 219 36.8466
306 247 5.76697
306 396 17.6324
306 478 3.84952
307 0 10.7758
307 155 25.3272
307 166 16.5261
307 257 36.3753
307 325 7.28238
307 435 46.1945
308 0 20.2121
308 47 12.8436
308 58 24.7959
308 89 22.6973
308 299 4.49177
308 417 6.85264
309 0 27.7526
309 104 17.1074
309 107 2
309 154 9.26506
309 196 22.4209
309 340 5.97844
309 370 24.8292
310 0 5.26864
310 47 3.02425
310 77 6.66397
310 83 9.46109
310 122 4.43456
310 166 14.5913
310 263 10.0649
310 313 5.54161
310 417 17.6133
310 474 26.5456
310 478 7.24587
310 484 17.9707
311 0 16.2156
311 78 21.7403
311 93 14.6014
311 145 9.60938
311 161 2.04777
311 299 2.17917
311 300 22.1889
311 403 26.1222
311 423 25.4497
312 0 17.0782
312 81 20.2653
312 146 22.067
312 193 7.07412
312 299 40.4816
312 469 26.2018
312 479 23.291
313 0 23.0858
313 115 21.3966
313 257 27.6875
313 285 2
313 335 31.2853
313 418 34.7394
313 478 18.017
314 0 26.1256
314 6 10.3721
314 23 10.3315
314 77 23.8761
314 104 5.68857
314 143 10.7681
314 247 5.1737
314 378 27.9425
314 473 6.56165
315 0 12.6554
315 28 8.11738
315 63 6.48899
315 155 5.06444
315 166 20.508
315 385 19.3571
315 388 26.7858
315 404 36.1785
316 0 21.8445
316 55 12.0216
316 90 3.71285
316 124 13.0892
316 169 21.1285
316 205 7.09439
316 254 19.3101
316 335 17.5406
316 390 9.12794
316 483 14.2104
317 0 2.96714
317 106 40.7431
317 176 23.193
317 265 27.5637
317 413 23.3317
317 491 17.4015
318 0 35.9274
318 63 16.7379
318 90 28.1246
318 164 6.28021
318 185 3.96071
318 211 44.7654
318 432 2.67735
318 487 6.45772
319 0 4.91384
319 28 6.97957
319 47 17.6561
319 55 19.9999
319 112 7.80816
319 299 2.92069
319 314 3.39316
319 416 2
319 444 14.854
319 460 13.0654
319 484 18.8257
319 499 14.3637
320 0 13.8509
320 83 13.03
320 148 10.9646
320 176 17.2687
320 193 3.53439
320 217 15.1206
320 299 17.1932
320 379 14.8097
320 446 12.0306
320 480 8.15879
321 0 6.8292
321 5 25.372
321 24 5.95698
321 46 2
321 195 19.128
321 254 6.54984
321 392 29.8146
322 0 80.2627
322 27 44.1726
322 146 64.1266
322 492 40.1401
323 0 31.1249
323 23 39.0153
323 44 17.62
323 75 13.1132
323 110 16.742
323 125 2
323 143 27.0531
324 0 6.59182
324 193 17.7753
324 236 12.6867
324 243 6.15497
324 264 11.8209
324 279 23.7152
324 370 10.2178
324 398 15.3337
324 407 17.9061
325 0 8.05341
325 22 5.79456
325 211 7.20668
325 265 7.73755
325 374 12.559
325 388 6.1646
325 390 12.6325
325 403 4.23214
325 406 3.10921
325 422 8.97958
325 423 4.2947
325 439 17.7342
325 470 15.6519
325 474 6.21332
325 485 8.24496
326 0 7.21907
326 6 4.50646
326 31 25.5407
326 83 12.5568
326 111 7.73137
326 115 11.6035
326 123 8.82642
326 158 3.16793
326 197 10.381
326 264 15.7865
326 478 3.58932
327 0 2.67671
327 40 2.17127
327 42 10.4892
327 53 11.8497
327 105 7.44865
327 124 6.06059
327 132 13.8557
327 144 2
327 184 3.37227
327 234 3.84741
327 239 4.08422
327 435 2
327 449 4.15085
327 494 15.6552
328 0 10.1836
328 63 14.3733
328 75 2.62245
328 104 16.3798
328 150 2
328 225 10.1401
328 233 2
328 245 2
328 329 15.1139
328 338 2.32439
328 381 2.13824
328 465 8.5191
328 472 9.8394
328 494 13.1367
329 0 22.0333
329 84 9.59061
329 245 33.5674
329 299 22.6255
329 370 18.7755
329 449 20.0786
329 478 18.4901
330 0 24.0818
330 80 32.9406
330 101 3.56635
330 251 18.1237
330 286 22.4734
330 299 33.836
331 0 26.021
331 15 13.2384
331 28 21.8915
331 154 19.3253
331 217 20.5872
331 365 7.54711
331 390 38.8703
331 426 12.9967
332 0 36.8009
332 55 5.75876
332 95 12.5887
332 175 36.049
332 296 55.3362
333 0 4.33154
333 80 3.02455
333 122 11.3828
333 157 10.7067
333 247 6.42597
333 252 18.3688
333 310 16.3739
333 332 16.2964
333 336 16.0053
333 395 13.3909
334 0 19.3327
334 166 34.4778
334 265 39.4102
334 326 7.97665
334 377 18.2804
335 0 20.2206
335 63 26.1556
335 90 17.6892
335 121 17.2346
335 204 3.85162
335 295 12.2916
335 340 11.3997
336 0 18.7522
336 90 2.45453
336 95 18.8731
336 104 6.58488
336 144 11.3339
336 242 22.4137
336 265 3.96715
336 269 21.3157
336 287 10.6147
336 288 7.94613
336 388 9.37545
337 0 23.8584
337 223 19.5935
337 324 2
337 374 11.4885
337 383 34.5522
337 404 6.38435
337 432 18.5341
337 449 41.8054
338 0 26.8768
338 81 24.1706
338 89 26.0661
338 142 2.88257
338 189 3.74241
338 244 3.98058
338 277 3.75521
338 282 11.3994
338 435 17.0309
338 478 2.99267
338 479 6.73219
339 0 11.028
339 78 50.8991
339 135 32.6458
339 265 18.0304
339 295 32.662
340 0 20.3679
340 23 10.5116
340 28 22.8268
340 183 20.805
340 300 23.096
340 344 7.11979
340 449 18.5121
340 483 5.77207
341 0 2
341 9 7.80522
341 12 5.60624
341 76 2.76905
341 94 16.5192
341 106 21.6836
341 152 8.0358
341 246 5.58964
341 343 21.1286
341 351 11.9931
341 370 7.05376
341 375 6.01463
341 448 9.97501
341 466 3.09763
342 0 36.0326
342 24 17.7848
342 58 28.6969
342 311 10.947
342 416 50.0085
343 0 41.5908
343 48 35.2218
343 308 33.6249
343 379 6.53479
343 470 11.6552
344 0 14.0379
344 83 4.08564
344 84 19.3147
344 101 5.62203
344 107 18.6358
344 148 8.53338
344 211 24.9836
344 242 22.8088
344 270 14.0021
344 344 13.6214
344 492 4.50964
345 0 8.28062
345 51 2
345 70 6.01988
345 124 5.54798
345 132 9.75975
345 138 6.54744
345 140 2
345 143 11.4255
345 163 6.79564
345 205 10.3352
345 344 14.8093
345 465 16.0075
345 491 12.9433
346 0 14.6563
346 4 6.90063
346 81 21.0194
346 85 9.19329
346 99 13.1499
346 166 16.1485
346 174 10.7729
346 179 19.8128
346 185 6.54851
346 267 3.56893
346 405 2.00777
346 433 2.15269
347 0 4.91703
347 81 22.1319
347 185 14.5571
347 236 5.8133
347 260 24.7494
347 267 4.92017
347 308 19.8567
347 416 27.7572
348 0 11.7445
348 94 27.7697
348 110 37.527
348 144 40.3602
348 173 24.0443
349 0 12.2415
349 55 28.5412
349 169 2.22641
349 326 5.68109
349 342 16.3335
349 347 37.0671
349 349 13.5481
349 364 26.9226
350 0 23.7523
350 94 10.6177
350 135 34.8089
350 148 33.8408
350 218 17.0475
350 254 25.7656
350 352 2.46096
350 474 2.94515
351 0 23.816
351 63 8.17146
351 158 22.4319
351 241 19.3774
351 304 39.8276
351 307 4.57357
351 396 23.3548
352 0 26.3359
352 15 10.0954
352 40 16.2414
352 148 13.3726
352 186 17.1827
352 232 2
352 304 23.4012
352 479 8.41515
352 484 7.11137
353 0 11.2873
353 18 6.30414
353 83 2.47986
353 90 13.9296
353 210 21.9633
353 279 4.61905
353 335 15.0073
353 483 7.13909
354 0 13.6902
354 6 14.749
354 128 19.9516
354 232 5.43223
354 243 3.48723
354 341 8.55905
354 366 20.4083
354 378 11.8422
354 480 18.7086
354 491 19.7058
355 0 13.9108
355 67 9.14072
355 84 24.3411
355 210 12.2465
355 291 5.90548
355 372 2
355 378 7.54853
355 432 13.0054
356 0 10.1912
356 70 28.8293
356 161 18.539
356 296 62.4596
356 325 2.68063
357 0 16.7786
357 27 11.5909
357 232 25.0047
357 264 16.7991
357 272 2.2661
357 296 23.6215
357 449 2.69408
357 492 2
358 0 29.6833
358 65 10.8138
358 195 28.1963
358 339 35.8918
358 460 13.4821
359 0 19.4309
359 55 2.42937
359 142 14.2209
359 217 17.8201
359 232 30.4472
359 233 20.2052
359 246 4.77945
359 426 13.569
359 494 23.625
360 0 16.8238
360 63 13.7202
360 84 2
360 149 11.7489
360 234 13.7513
360 238 7.4225
360 244 3.69946
360 246 21.1094
360 370 2
360 374 8.06278
360 378 5.6019
360 412 3.18854
360 460 6.05562
361 0 18.826
361 47 13.1892
361 81 10.4057
361 287 9.34219
361 343 19.1109
361 403 16.3711
361 455 18.9541
362 0 14.4986
362 34 5.96862
362 58 17.6027
362 155 20.8264
362 344 5.3557
362 350 19.986
362 365 7.66589
362 389 6.97974
362 439 4.04006
362 480 7.77835
363 0 6.53348
363 170 43.3299
363 223 18.3243
363 264 18.1948
363 398 27.1613
363 485 29.8065
364 0 15.5829
364 75 6.4419
364 84 14.5829
364 121 8.19322
364 147 25.0361
364 241 13.2756
364 256 5.68228
364 403 11.6842
364 456 17.5775
365 0 9.16159
365 18 6.18407
365 40 9.82982
365 84 17.9452
365 184 20.8324
365 235 19.6336
365 287 4.86487
365 335 17.3018
365 443 5.36181
365 481 14.4199
366 0 7.09476
366 26 2.91193
366 71 2
366 127 11.0165
366 161 6.43359
366 185 3.87293
366 247 4.44883
366 251 2.26559
366 257 11.7027
366 299 6.08686
366 416 5.25276
366 461 6.31632
367 0 6.1644
367 80 4.05762
367 139 5.4993
367 204 9.31302
367 209 4.40122
367 271 12.6144
367 338 13.016
367 339 13.7451
367 344 2.84969
367 346 17.2404
367 467 11.4829
368 0 2
368 63 4.59955
368 101 15.4966
368 169 27.705
368 336 5.58858
368 383 26.571
368 408 20.7443
368 435 10.137
369 0 22.4318
369 5 10.8716
369 51 21.1426
369 93 15.5041
369 195 2
369 378 4.69214
369 458 3.794
369 492 6.4462
370 0 2.77596
370 45 3.76235
370 111 8.73453
370 153 5.26592
370 204 10.9217
370 251 2.04434
370 264 2.09725
370 286 13.8286
370 326 6.92887
370 336 8.37487
370 404 11.8127
370 406 5.7151
370 445 6.33009
370 483 7.5908
371 0 11.88
371 24 14.525
371 41 21.3967
371 99 33.4124
371 148 27.7664
371 378 21.5213
372 0 5.89884
372 6 11.5963
372 28 6.40036
372 49 3.19271
372 55 2
372 148 21.1737
372 183 4.63923
372 185 2
372 187 12.4803
372 195 6.74407
372 296 15.2758
372 361 8.37932
372 390 6.32064
372 463 11.2315
373 0 10.6432
373 106 11.8895
373 148 2
373 176 9.45079
373 287 4.54372
373 336 24.3169
373 343 26.877
373 396 18.9178
373 478 8.73293
373 484 16.5149
374 0 6.0256
374 9 14.5623
374 51 20.3522
374 124 5.85105
374 142 14.3858
374 152 2
374 235 3.90907
374 311 5.31189
374 416 22.6573
375 0 3.20621
375 27 4.48863
375 51 2.77209
375 83 3.6655
375 140 4.85323
375 238 12.7129
375 264 14.5072
375 271 7.69438
375 285 2
375 316 8.63183
375 407 15.4303
375 416 2.2406
375 433 14.9286
376 0 18.709
376 48 45.2172
376 221 48.5876
376 297 14.7679
376 339 48.3223
376 344 7.26164
377 0 27.6146
377 81 2.42164
377 93 24.4299
377 106 13.3423
377 153 31.2721
377 234 6.68626
377 244 26.8877
377 348 19.5826
377 365 5.03405
378 0 18.2024
378 283 7.60793
378 285 2.05302
378 390 12.6582
378 430 4.52686
378 449 12.8653
378 492 6.48373
379 0 10.8135
379 127 19.6452
379 186 15.2949
379 193 14.1936
379 251 2.92754
379 416 19.5201
379 435 30.034
379 479 19.3934
380 0 6.67554
380 2 3.22609
380 70 6.6354
380 80 6.86264
380 81 2
380 106 7.72357
380 131 11.3809
380 165 14.9521
380 195 7.60615
380 251 10.2227
380 265 8.78367
380 311 12.0959
380 322 4.10922
380 381 2
380 397 2
380 404 2
380 459 2
381 0 21.1942
381 64 2
381 90 8.78108
381 193 11.4427
381 322 14.9814
381 406 2.97779
381 439 11.447
381 482 6.61462
381 483 10.0031
382 0 6.1478
382 18 11.8198
382 27 7.85115
382 84 4.60965
382 90 4.85378
382 164 15.7531
382 238 19.3823
382 251 24.6963
382 258 20.6304
382 309 4.57895
383 0 15.9983
383 71 8.02477
383 99 3.08032
383 135 6.92299
383 152 11.4568
383 313 6.35026
383 360 32.9132
383 417 23.5654
383 485 10.7766
384 0 8.87811
384 4 38.2616
384 28 27.8871
384 67 22.5253
384 193 13.681
384 265 15.9913
384 286 22.3004
385 0 18.1509
385 2 21.1474
385 109 12.2823
385 138 9.63185
385 264 10.8046
385 313 16.8844
385 366 10.6067
386 0 4.2885
386 56 14.8275
386 75 17.3111
386 92 15.4691
386 161 12.4016
386 195 11.2605
386 287 9.25059
386 295 8.14449
386 370 10.906
386 432 10.1605
386 449 23.6605
386 484 2
386 493 7.39578
387 0 18.1052
387 84 12.9898
387 94 8.73933
387 144 9.95144
387 184 8.33282
387 227 7.82476
387 229 2
387 282 12.2146
387 345 21.0779
387 366 14.4565
388 0 4.44002
388 113 24.4592
388 173 14.9519
388 176 11.8657
388 257 11.6514
388 402 12.1929
388 417 7.83693
388 460 20.2599
388 482 11.3171
389 0 7.02775
389 28 5.29097
389 65 6.54325
389 94 11.976
389 124 13.4523
389 146 10.9227
389 160 2
389 175 9.86081
389 197 13.1574
389 211 14.2955
389 215 2
389 267 13.6193
389 458 6.73523
389 467 4.37819
390 0 11.7551
390 5 3.30786
390 33 9.95912
390 85 2.30367
390 127 22.6737
390 140 7.60106
390 239 16.1626
390 264 2.4747
390 395 25.6659
390 428 13.3749
391 0 13.4333
391 90 15.7691
391 121 13.392
391 124 2.29891
391 228 11.2731
391 304 14.3748
391 339 21.2563
391 350 14.8901
391 407 5.97021
391 412 5.06606
391 436 19.6143
391 439 17.097
392 0 18.8451
392 84 4.30116
392 110 13.466
392 150 4.22272
392 267 6.24689
392 329 7.22679
392 360 13.1023
392 424 8.42381
392 458 21.4375
393 0 27.3521
393 107 28.7025
393 193 34.804
393 200 12.9746
393 279 10.7497
393 405 6.13
394 0 23.1993
394 28 5.75523
394 144 2
394 155 16.9057
394 169 14.2487
394 193 2
394 230 8.43769
394 299 17.7111
394 342 22.2397
394 418 4.26535
394 433 8.7748
394 484 22.6555
395 0 19.4579
395 40 6.21727
395 101 25.4085
395 381 17.8127
395 449 3.65166
395 466 2
395 484 5.96912
396 0 7.20647
396 88 38.0491
396 89 6.65299
396 104 28.2047
396 112 24.2978
396 217 43.5797
396 427 36.7616
397 0 4.25156
397 246 23.2155
397 319 2.20961
397 332 15.954
397 379 25.6021
397 390 40.3367
398 0 17.0448
398 121 17.7262
398 149 8.77961
398 359 2.38973
398 378 24.1683
398 388 15.2978
399 0 8.96432
399 28 13.0305
399 112 28.3669
399 265 44.856
399 338 32.7261
399 409 6.10426
400 0 20.571
400 49 29.6143
400 209 31.671
400 314 17.7632
400 344 8.83718
400 480 2
400 484 2
400 491 9.16513
401 0 26.2092
401 279 13.5046
401 336 17.9692
401 358 36.5925
401 378 6.09305
401 439 24.5054
402 0 7.54259
402 142 2.28226
402 185 11.8214
402 244 2.07653
402 292 2
402 302 6.35931
402 412 2.78563
402 481 7.72573
402 485 5.93458
403 0 18.1892
403 15 22.4034
403 142 20.1955
403 148 3.38303
403 196 20.3373
403 388 8.26715
403 432 11.1187
403 474 3.06943
403 483 2.19555
403 495 8.17489
404 0 11.0664
404 193 40.7196
404 277 9.7558
404 282 24.4168
404 314 39.934
404 344 2.04505
405 0 44.575
405 95 2
405 352 45.4409
405 492 67.2953
406 0 14.036
406 16 13.4157
406 47 6.33242
406 70 2.60424
406 144 23.4005
406 176 19.3205
406 211 5.18738
406 329 22.406
406 396 21.9967
406 457 22.9985
407 0 6.42786
407 45 10.3791
407 78 14.6218
407 83 5.68063
407 121 5.04819
407 146 15.4166
407 221 2.3372
407 232 9.04687
407 275 8.85782
407 343 4.43002
407 360 6.56213
407 449 22.3504
407 467 10.3259
408 0 14.0746
408 7 27.6705
408 67 2.63631
408 165 28.7106
408 278 19.257
408 336 3.02245
408 470 14.2031
409 0 13.8413
409 15 8.19354
409 75 2
409 114 10.9819
409 143 12.9528
409 161 11.3388
409 251 13.6762
409 265 16.1771
409 314 24.3918
409 407 4.14785
409 433 4.18224
410 0 3.91708
410 148 18.2084
410 203 8.8545
410 246 29.1058
410 398 29.3333
410 427 32.0751
410 445 13.8688
410 474 10.9853
410 496 29.3766
411 0 7.97465
411 81 19.0252
411 87 22.0603
411 166 2
411 175 16.9967
411 297 10.4885
411 380 10.7481
411 401 15.8877
411 477 8.97395
411 484 6.07729
412 0 10.2823
412 193 5.37594
412 217 7.94956
412 235 7.21175
412 296 19.8213
412 396 21.6217
412 418 2.63129
412 439 9.64498
412 442 26.6906
413 0 16.0145
413 84 28.1175
413 195 25.7276
413 211 4.45126
413 244 3.49286
413 354 9.49091
413 377 20.1361
413 383 2
413 479 7.39997
414 0 20.8039
414 47 3.43869
414 146 44.295
414 209 4.97273
414 339 17.0322
414 479 17.2304
414 492 19.9383
415 0 15.3726
415 83 4.01123
415 84 14.0047
415 93 5.63839
415 143 5.40782
415 190 12.6777
415 270 8.75809
415 307 2
415 336 3.9231
415 347 13.3557
415 390 8.82312
415 416 16.2742
415 425 4.82172
415 480 5.97329
416 0 2
416 19 7.85975
416 26 3.49268
416 232 5.21118
416 247 2
416 267 10.1075
416 286 2.90918
416 300 9.94879
416 403 6.99744
416 485 2
417 0 29.139
417 55 6.43711
417 163 8.92186
417 405 20.0583
417 470 15.9604
417 474 17.7333
417 480 3.12808
418 0 15.4552
418 7 10.4933
418 83 11.9348
418 118 14.8315
418 119 21.2944
418 124 11.6642
418 263 26.7878
418 306 5.47433
418 374 3.72022
419 0 11.3279
419 84 6.33211
419 86 3.69238
419 118 15.0945
419 141 19.5639
419 169 21.8565
419 217 5.25425
419 344 5.39135
419 350 17.0596
419 474 2.05814
420 0 13.3919
420 67 7.67363
420 71 12.2813
420 153 3.39647
420 160 6.96177
420 169 4.37811
420 296 9.99582
420 297 19.6803
420 352 4.78693
420 431 6.38539
420 490 9.09259
420 491 2.86325
421 0 11.3369
421 383 17.5505
421 388 5.79312
421 455 14.8293
421 471 54.4795
422 0 3.5811
422 55 15.8545
422 125 10.2246
422 128 2
422 135 11.424
422 211 5.88533
422 264 3.42408
422 300 19.53
422 345 2.84728
422 378 17.8878
422 443 4.01997
422 483 5.56112
422 484 8.17782
423 0 3.01085
423 36 12.5541
423 84 6.81913
423 88 2.13181
423 118 18.8353
423 223 20.6795
423 244 10.7052
423 245 18.7564
423 302 20.7043
423 311 26.067
423 378 16.5806
424 0 11.8174
424 5 16.6751
424 78 6.25229
424 95 4.46077
424 155 22.6797
424 239 16.3389
424 265 2
424 339 23.8841
424 467 6.93144
424 478 3.60876
425 0 15.2603
425 101 10.5436
425 142 23.4534
425 169 21.1373
425 195 19.8355
425 247 2
425 264 19.3964
425 300 14.5412
425 427 2.16451
426 0 10.1626
426 28 9.77463
426 119 13.4109
426 124 2.10284
426 140 9.56961
426 155 2
426 209 14.6023
426 240 2
426 287 16.176
426 314 5.40414
426 370 4.19588
426 383 12.5925
426 412 8.25838
427 0 2.09937
427 23 3.95086
427 51 17.797
427 93 2
427 176 19.3985
427 300 5.42958
427 348 21.0582
427 406 21.9795
427 478 10.986
427 482 2.04158
428 0 7.52655
428 31 2
428 80 7.60667
428 95 14.9372
428 128 22.2625
428 244 9.51752
428 264 4.68137
428 337 17.1755
428 348 11.2898
428 484 10.1788
429 0 34.0542
429 63 10.1971
429 73 6.55038
429 164 11.9288
429 327 16.9804
429 416 9.05942
430 0 40.5028
430 37 12.0813
430 346 35.2907
430 427 40.2167
430 435 4.76883
430 438 44.2031
431 0 10.2022
431 78 8.36224
431 104 2.34084
431 105 24.2119
431 110 9.71391
431 144 20.3614
431 332 11.2007
431 348 23.0402
432 0 15.5162
432 81 4.30211
432 193 8.81402
432 252 11.1694
432 307 15.9358
432 378 5.98519
432 455 10.476
433 0 8.48217
433 37 40.5503
433 195 3.68509
433 211 2.07258
433 265 34.9209
433 381 7.57235
434 0 2.29371
434 99 10.3764
434 123 27.0323
434 254 8.92446
434 417 38.233
434 460 35.1598
435 0 37.2578
435 52 22.2725
435 184 34.203
435 350 56.3582
435 467 3.94279
436 0 7.3843
436 27 21.5966
436 32 24.4064
436 254 19.0383
436 378 6.23665
436 401 2
436 407 24.4756
436 459 30.3048
437 0 12.4248
437 11 6.15288
437 25 15.1453
437 30 5.19836
437 55 14.0745
437 77 12.1208
437 99 5.88659
437 189 15.9405
437 193 15.9057
437 432 20.8947
437 455 5.26332
438 0 28.1776
438 189 15.2447
438 359 4.09542
438 407 2
438 416 28.1679
438 417 42.3533
438 428 16.8185
439 0 14.7396
439 52 3.32428
439 81 8.00383
439 174 11.9056
439 186 20.9522
439 232 16.903
439 244 18.2871
439 300 10.2104
439 308 11.8279
439 388 8.095
439 389 2.71155
439 395 10.5151
440 0 3.2984
440 18 19.0052
440 161 35.65
440 254 26.5524
440 392 18.4629
440 455 8.92961
441 0 33.7101
441 118 13.9565
441 183 14.595
441 201 28.8772
441 251 5.89651
441 339 10.3029
442 0 4.07446
442 7 2.56211
442 236 17.7703
442 248 18.698
442 327 2
442 339 28.1083
442 417 2.21146
442 418 18.1403
442 474 12.2191
443 0 45.098
443 157 2.88188
443 378 6.65403
443 466 39.4395
443 474 2.72602
443 494 18.2367
444 0 18.8333
444 12 5.60119
444 32 13.4326
444 77 16.7325
444 81 10.1031
444 83 9.13009
444 176 3.56396
444 240 18.2625
444 244 6.73854
444 438 8.23665
444 459 3.13139
445 0 2
445 15 10.5127
445 37 5.16426
445 164 17.0086
445 178 5.89545
445 209 16.329
445 307 4.3757
445 318 3.46714
445 332 11.8293
445 422 2.26752
445 435 6.60174
445 439 6.22843
446 0 17.2955
446 65 8.42697
446 90 6.63952
446 207 8.84764
446 218 12.018
446 247 4.71527
446 317 18.1757
446 322 7.57206
446 337 4.62648
446 381 6.42144
446 407 5.76373
446 414 16.2539
447 0 25.3688
447 67 5.71824
447 166 6.35319
447 171 4.46544
447 187 8.95837
447 195 7.31415
447 348 4.11042
447 389 15.7631
447 481 16.7702
448 0 11.7359
448 18 2.02465
448 42 3.97812
448 57 23.075
448 135 28.6364
448 272 8.75515
448 341 16.7669
448 383 15.6451
449 0 10.6812
449 2 2
449 10 6.12689
449 28 7.28675
449 52 5.0565
449 112 2
449 138 3.20414
449 155 20.9381
449 232 7.30887
449 388 5.01966
449 435 4.64343
449 495 2.12821
450 0 6.3915
450 28 12.8528
450 101 25.4213
450 155 24.9956
450 234 31.637
450 388 2.5098
450 416 3.49311
450 492 2
451 0 23.2051
451 9 15.1885
451 52 2
451 67 3.65979
451 110 6.12236
451 251 13.52
451 264 5.57929
451 435 2
451 449 10.7242
452 0 12.5135
452 2 12.4975
452 47 15.1646
452 81 6.70636
452 135 24.5253
452 360 22.5782
452 376 24.2811
452 462 6.71046
453 0 56.7952
453 193 76.946
453 339 44.3945
453 366 19.7375
454 0 22.5258
454 113 13.3196
454 199 15.8997
454 248 4.11778
454 286 10.5984
454 313 2
454 474 10.9504
455 0 2
455 68 25.3472
455 104 2
455 124 11.8828
455 152 23.5242
455 195 12.2077
455 299 13.361
455 370 13.4912
455 393 12.1833
455 407 5.63141
455 425 16.7576
456 0 17.0023
456 184 16.4273
456 218 13.5588
456 329 2
456 378 37.0003
456 388 5.44944
456 424 4.21985
457 0 83.9786
457 16 82.9797
457 155 30.1696
457 232 2.14495
458 0 4.15366
458 53 3.32786
458 58 12.1497
458 79 9.66747
458 81 6.00189
458 201 5.69047
458 265 13.384
458 275 7.90884
458 483 2
459 0 3.28475
459 97 18.5864
459 161 56.2757
459 214 9.28615
459 457 41.8115
459 459 22.3888
460 0 17.2143
460 15 16.4106
460 81 2
460 106 11.6801
460 119 5.38662
460 143 2
460 227 2
460 251 4.51293
460 306 12.9108
460 313 2.78428
460 347 8.55361
460 401 7.40025
461 0 7.35063
461 93 12.5253
461 142 6.92507
461 189 4.63849
461 204 19.8047
461 221 9.95585
461 328 11.1241
461 348 7.78482
461 381 6.3379
461 383 15.97
461 417 2
461 419 15.8896
461 435 5.37016
462 0 12.4884
462 93 4.51575
462 110 20.3334
462 142 16.3241
462 193 27.9028
462 251 18.598
462 418 16.3835
462 428 6.92485
462 467 16.8799
463 0 2.17042
463 9 30.6935
463 68 5.89377
463 153 2
463 232 29.2355
463 304 21.826
463 416 9.37324
463 427 11.3389
464 0 23.0839
464 14 7.56074
464 128 19.2837
464 187 6.91497
464 208 2
464 287 2
464 332 11.1989
464 342 8.96437
464 360 20.8616
464 433 2.79845
464 498 3.02383
465 0 7.70877
465 10 14.0142
465 90 11.0921
465 217 10.4143
465 234 9.84963
465 243 7.23535
465 264 13.853
465 282 10.9818
465 307 7.56552
465 345 2
465 402 16.9699
465 482 11.2847
466 0 13.9504
466 6 3.05756
466 17 16.3342
466 83 9.75619
466 124 18.4235
466 148 3.57504
466 299 5.57879
466 304 19.157
466 307 4.77964
466 436 16.0575
466 466 3.00298
467 0 6.22766
467 45 6.81902
467 86 11.4278
467 135 8.98451
467 189 8.05236
467 218 2.95044
467 240 16.7193
467 267 6.89631
467 296 12.4788
467 344 10.6797
467 383 3.75302
467 388 2
467 412 10.1603
467 439 7.35905
467 456 3.84959
468 0 5.49811
468 70 23.0025
468 95 34.1891
468 140 11.3547
468 155 7.13682
468 302 18.3507
468 318 3.94449
468 402 9.20409
468 407 13.1791
468 484 16.0838
469 0 2.17822
469 7 7.3764
469 48 21.8481
469 149 20.2263
469 191 26.545
469 342 6.88316
469 372 5.34711
469 439 7.53197
470 0 23.4064
470 36 26.673
470 37 19.8944
470 85 19.3828
470 157 17.6475
470 344 3.61155
470 474 21.9396
471 0 27.5449
471 28 26.1903
471 93 2
471 100 8.21932
471 183 13.715
471 199 19.9731
471 203 3.3989
471 318 20.3178
471 411 2.51322
471 474 10.5649
472 0 9.2335
472 153 9.78332
472 228 21.0058
472 325 11.1485
472 336 11.7616
472 342 9.33095
472 378 15.4836
472 392 2.36533
472 432 3.93764
472 483 2
473 0 10.8635
473 86 14.6259
473 185 17.7895
473 197 15.7685
473 262 13.8564
473 309 6.7514
473 351 9.95558
473 376 16.6892
473 381 6.78713
473 448 2.00596
473 449 23.0458
474 0 2
474 28 12.552
474 99 18.9392
474 153 9.73684
474 279 6.25839
474 309 3.61466
474 311 9.2496
474 313 2
474 347 9.92838
474 479 2.38757
475 0 6.8485
475 110 3.19248
475 147 4.04083
475 170 16.366
475 255 9.51692
475 260 8.52872
475 304 3.67863
475 370 8.6346
475 436 2.9049
475 457 14.9042
475 461 9.02101
476 0 22.0001
476 9 2.5732
476 63 11.281
476 78 13.4532
476 90 7.92738
476 169 11.5581
476 309 24.7648
476 360 16.7924
476 412 5.98063
476 435 2.83779
477 0 15.1729
477 124 6.95327
477 173 32.0229
477 217 10.1331
477 372 2
477 445 4.32825
478 0 4.48786
478 19 13.2885
478 90 6.60844
478 119 12.7786
478 183 10.7559
478 196 2.74576
478 265 5.60583
478 335 9.58894
478 345 15.5802
478 388 17.4483
478 422 3.15105
478 466 20.4428
478 484 5.66431
479 0 16.2861
479 48 29.7783
479 170 44.7023
479 403 22.9271
479 487 30.111
480 0 17.601
480 28 18.4357
480 113 32.9503
480 247 16.4364
480 295 2
480 296 6.59008
480 343 16.0564
481 0 19.0464
481 47 31.9751
481 84 17.2968
481 99 10.603
481 203 41.6771
481 345 13.4165
482 0 41.2694
482 23 5.93136
482 96 21.7139
482 164 36.2393
482 281 18.2928
482 350 4.93175
483 0 29.899
483 50 2.63619
483 63 24.87
483 160 14.1883
483 234 12.8388
483 289 12.148
483 374 13.513
483 484 6.06205
484 0 10.0319
484 84 24.4741
484 153 38.9082
484 474 17.1336
485 0 34.0302
485 105 2
485 166 4.2366
485 180 21.8675
485 254 33.8463
485 364 10.3944
485 366 11.0773
485 396 4.19272
486 0 12.8982
486 37 14.9945
486 96 14.5834
486 164 7.29904
486 244 11.7056
486 254 16.6896
486 287 12.5927
486 336 25.0914
487 0 2.95089
487 140 13.4487
487 241 2
487 305 16.0734
487 379 5.69575
487 392 23.8423
487 467 12.109
488 0 23.4781
488 90 2.21298
488 143 45.5675
488 388 27.8124
488 453 24.4535
488 466 39.0446
489 0 12.4911
489 39 3.60324
489 83 15.5304
489 186 3.03022
489 248 2.02969
489 265 18.1331
489 315 2.14224
489 339 13.8312
489 378 16.5626
489 430 2
489 466 5.60447
490 0 21.1466
490 67 7.39351
490 109 34.665
490 124 23.355
490 389 12.1667
490 409 28.6273
490 417 12.7876
491 0 16.4559
491 99 20.409
491 161 23.0065
491 244 12.2712
491 342 24.5927
491 396 20.3892
491 432 11.4736
491 435 25.6708
491 489 16.2
492 0 2.75126
492 105 8.65766
492 109 23.7241
492 110 43.9371
492 112 2.12669
492 118 15.8303
492 205 4.68565
492 435 6.87599
493 0 24.47
493 121 21.5108
493 124 44.6415
493 206 12.369
493 427 19.9528
494 0 26.2755
494 67 36.1936
494 178 37.5832
494 265 20.5748
494 416 53.0937
495 0 15.2286
495 144 23.68
495 342 5.11437
495 360 20.678
495 406 34.9985
495 467 8.49182
496 0 16.2348
496 13 19.7437
496 112 11.4373
496 234 10.1881
496 242 28.5137
496 267 18.2975
496 412 12.6289
496 437 9.05155
496 491 22.3078
497 0 4.18679
497 44 2
497 52 25.3158
497 56 12.8123
497 124 14.4359
497 350 12.5645
497 405 21.8951
497 433 35.2213
498 0 26.5893
498 37 41.4051
498 233 28.6037
498 407 45.1713
498 467 14.9757
499 0 9.89759
499 65 10.1401
499 146 4.23163
499 193 2.09535
499 234 2
499 257 8.75942
499 317 18.8023
499 381 6.8317
499 445 13.6785
499 482 4.21523
