500 500 4000
0 0 7.79549
0 54 10.3444
0 55 37.7
0 198 28.8803
0 229 22.0073
0 387 6.05673
0 409 17.1375
1 0 18.8113
1 37 11.9348
1 117 8.27577
1 136 14.5434
1 252 11.4496
1 264 20.153
1 304 19.7377
1 306 16.5571
1 339 11.8595
1 379 11.149
1 409 11.8292
1 465 7.18052
1 499 2
2 0 8.54599
2 20 6.73784
2 37 15.2381
2 46 6.62459
2 50 7.96667
2 174 5.86403
2 197 11.6182
2 206 9.68448
2 250 2.0807
2 257 11.7916
2 302 2
2 414 9.67057
2 470 7.78561
3 0 14.3755
3 136 22.5107
3 174 11.9821
3 182 21.2264
3 207 24.1076
3 366 9.69949
3 458 6.52317
3 499 2
4 0 12.9971
4 33 33.2877
4 55 11.6983
4 56 2
4 252 14.3015
4 442 6.61304
4 445 16.4484
4 461 7.87048
4 469 6.17343
5 0 2
5 79 3.4819
5 88 11.6827
5 133 2.31464
5 146 15.8972
5 155 11.1195
5 158 7.09557
5 307 5.22608
5 313 15.1809
5 375 6.55942
5 411 14.7977
5 486 18.591
5 497 12.8527
6 0 6.1801
6 9 3.03119
6 180 12.4121
6 206 13.4215
6 229 3.71006
6 261 14.3341
6 343 8.74369
6 363 7.51695
6 381 4.98661
6 420 18.2029
6 469 24.1102
7 0 7.76913
7 55 35.2577
7 63 28.0738
7 99 2
7 108 18.5991
7 142 16.6985
7 370 12.2701
8 0 9.08822
8 55 26.9116
8 109 20.3973
8 174 2.28104
8 185 18.491
8 241 2
8 356 14.9624
9 0 3.74558
9 55 2.05413
9 122 23.1886
9 145 3.42288
9 173 4.45286
9 248 9.62032
9 270 3.01101
9 320 10.8624
9 398 12.5712
9 433 9.91041
9 493 20.1943
10 0 2.68032
10 46 16.0953
10 99 17.4544
10 104 3.45516
10 135 2.13061
10 206 21.7506
10 340 10.894
10 365 27.8584
10 441 19.011
11 0 29.04
11 89 5.70097
11 117 34.7986
11 187 22.9301
11 236 13.0236
11 240 20.1817
11 250 28.7488
12 0 6.39591
12 71 7.92696
12 86 16.7566
12 248 2.10308
12 257 13.7904
12 259 7.72628
12 306 16.39
12 311 6.52246
12 329 3.60131
13 0 2.09617
13 178 11.4534
13 194 22.3993
13 237 19.0086
13 361 20.9618
13 403 3.87605
13 409 9.01897
13 479 14.0122
14 0 4.64183
14 99 18.1566
14 133 4.75233
14 180 15.8914
14 228 2.07817
14 237 2.17214
14 423 21.7143
14 434 11.3907
14 447 7.74317
14 458 20.5759
14 467 2.0768
15 0 4.80359
15 83 27.2273
15 174 4.81106
15 236 12.3902
15 260 24.6431
15 313 8.41669
15 420 13.568
15 493 8.94605
16 0 2.94869
16 55 19.8286
16 89 16.7933
16 96 12.6227
16 299 15.262
16 313 8.63819
16 430 14.7952
16 441 9.96805
16 456 6.0007
16 479 2
16 485 13.4181
17 0 35.2428
17 3 30.159
17 156 37.7716
17 374 28.9231
17 412 12.0122
17 456 7.15595
18 0 17.5263
18 37 6.85488
18 148 12.2381
18 178 15.2647
18 229 6.94777
18 260 15.7313
18 275 4.46453
18 344 19.7708
18 346 6.46786
18 409 15.457
18 426 2.49333
18 429 7.00943
18 456 2
19 0 28.6376
19 37 3.8727
19 109 15.1291
19 161 5.4476
19 167 6.28346
19 194 38.2078
19 197 14.6904
20 0 14.0747
20 146 8.44287
20 174 2
20 199 11.7572
20 200 16.3188
20 277 3.65606
20 329 7.47987
20 428 6.06214
20 445 3.90583
20 458 6.28546
20 462 6.59062
21 0 10.0768
21 35 7.4632
21 37 5.76323
21 55 14.2056
21 248 15.6579
21 254 25.3156
21 299 3.36423
21 302 7.99197
21 303 4.10207
21 356 8.34216
21 374 4.81876
21 458 13.6947
22 0 29.9655
22 50 19.6077
22 139 13.6596
22 236 8.44
22 296 5.34827
22 306 10.4802
22 444 21.967
22 462 3.83708
22 479 14.9038
23 0 64.8306
23 50 27.7307
23 206 74.677
24 0 6.40852
24 9 6.47649
24 103 5.29442
24 174 3.54706
24 184 7.98716
24 240 2.29882
24 310 6.70935
24 312 7.47946
24 361 7.44236
24 433 6.38935
24 442 8.46027
24 449 18.5789
24 497 9.62087
25 0 8.16786
25 47 8.13444
25 126 2
25 215 6.13998
25 228 5.25976
25 261 12.9684
25 295 12.9193
25 339 18.515
25 347 6.14898
25 461 11.7508
25 472 18.6625
26 0 42.2733
26 50 14.0034
26 185 20.4766
26 194 5.74633
26 335 33.5703
26 441 27.195
27 0 11.9756
27 18 20.3631
27 62 52.6772
27 173 17.4098
27 270 20.9357
27 344 14.0268
27 345 15.3849
28 0 6.59856
28 50 17.3355
28 56 24.8662
28 75 2
28 97 2
28 100 15.0691
28 116 18.1279
28 157 8.02977
28 179 9.35937
28 292 20.3793
28 396 14.1031
29 0 12.4451
29 35 2.68431
29 89 2.3727
29 227 2
29 228 3.69771
29 347 17.0348
29 359 2
29 426 17.562
29 448 5.69513
29 457 2
29 497 8.04554
30 0 39.5871
30 55 17.1014
30 250 16.5738
30 267 22.7345
30 412 19.1385
31 0 7.57341
31 138 32.7986
31 146 12.6689
31 176 7.55964
31 181 8.82554
31 323 14.9788
31 424 34.7009
32 0 3.356
32 144 16.1219
32 145 14.7741
32 178 5.83937
32 204 3.81981
32 307 19.0048
32 339 14.5224
33 0 7.48972
33 109 18.8631
33 145 11.7877
33 235 2.67716
33 274 10.7144
33 292 8.79543
33 339 18.819
33 374 2
33 398 12.056
33 458 6.63433
34 0 8.33963
34 6 11.7143
34 11 3.03185
34 79 2
34 254 3.42466
34 262 8.23298
34 270 2.68893
34 309 4.34588
34 311 21.8313
34 431 3.57083
34 432 22.2542
34 487 6.78191
35 0 22.3967
35 250 18.8676
35 312 2
35 376 7.58258
35 390 5.14122
35 426 21.1256
35 454 29.0125
35 483 4.01198
36 0 11.2992
36 89 20.9989
36 111 25.8596
36 161 5.9974
36 208 12.4266
36 275 8.12027
36 479 10.9541
37 0 115.127
37 68 71.2137
37 325 119.02
38 0 14.6563
38 34 27.6966
38 46 2.3078
38 55 18.5026
38 68 13.9912
38 117 14.1024
38 168 13.7864
38 404 8.72466
38 441 11.2075
38 458 17.3695
39 0 16.7229
39 20 35.3641
39 208 10.3828
39 240 8.08823
39 371 23.0793
40 0 11.4822
40 37 11.7239
40 39 11.8184
40 109 7.02329
40 229 18.8356
40 338 19.5031
40 458 26.5803
40 479 10.0134
41 0 2.27304
41 22 25.6849
41 117 18.929
41 130 11.0462
41 174 18.5963
41 196 6.83953
41 203 26.4706
41 225 5.03464
41 387 24.3547
42 0 6.9714
42 44 2
42 55 9.68081
42 107 2
42 138 4.83338
42 178 3.02118
42 278 6.83204
42 294 21.4931
42 349 2.57799
42 361 5.41566
42 430 16.0928
43 0 2
43 46 8.46546
43 145 7.35556
43 158 11.9363
43 210 8.52333
43 281 2
43 349 18.9828
43 365 10.3795
43 386 26.9063
43 489 11.0122
44 0 13.4388
44 5 11.054
44 64 3.88603
44 65 6.30706
44 96 2.89426
44 108 3.05879
44 178 6.01633
44 215 4.74683
44 248 21.6578
44 336 2.86093
44 401 4.31478
44 438 3.50533
44 444 9.99924
45 0 14.419
45 55 12.8926
45 94 3.90979
45 104 8.82247
45 156 28.9529
45 174 14.7831
45 204 15.8718
45 340 2
45 436 2
46 0 17.2544
46 43 6.74234
46 45 3.49712
46 64 7.69901
46 134 11.2012
46 269 7.92843
46 365 24.5546
46 438 18.3846
46 442 2.95125
46 458 11.3669
46 495 11.7237
47 0 10.5582
47 49 12.0408
47 110 23.2933
47 139 4.8507
47 196 2
47 237 12.5722
47 254 21.2759
47 264 9.35575
47 335 4.85784
47 339 9.93171
47 410 7.76566
48 0 16.0675
48 10 16.1821
48 68 14.6719
48 79 12.3167
48 109 13.7844
48 229 13.8021
48 278 12.7815
48 338 4.98926
48 355 3.67147
48 374 16.8104
48 492 2
49 0 29.9781
49 96 43.1255
49 206 36.7627
49 217 26.28
49 229 45.0122
49 480 30.7985
50 0 12.0104
50 37 6.53701
50 48 5.49238
50 184 11.0895
50 229 5.32802
50 252 14.2787
50 277 16.3426
50 361 14.3669
50 435 21.6445
50 464 18.6851
50 496 9.5706
51 0 2
51 7 23.356
51 14 12.6353
51 99 2
51 130 10.0722
51 174 12.2725
51 177 18.0191
51 201 7.69997
51 217 8.46367
51 267 19.5124
51 470 16.3013
52 0 16.6665
52 116 17.6299
52 136 18.8278
52 237 6.42027
52 240 16.204
52 281 19.0217
52 362 21.5062
52 434 4.5342
52 444 10.1433
52 464 15.4956
52 491 7.11822
53 0 15.0127
53 206 21.5894
53 240 19.7993
53 393 30.6462
53 458 9.11037
53 496 42.0818
54 0 26.31
54 408 6.30188
54 441 35.708
54 444 10.0122
54 449 20.8112
54 477 2
54 479 6.92073
55 0 28.8831
55 194 14.4273
55 240 6.25851
55 299 9.1267
55 304 16.8138
55 361 10.9344
55 401 22.7831
55 432 7.62827
55 489 5.58301
56 0 14.1938
56 53 2
56 62 13.0058
56 112 25.3522
56 174 8.5343
56 236 3.99322
56 237 11.1365
56 301 8.23702
56 319 4.19627
56 349 2.11003
56 416 9.53047
56 434 12.3009
57 0 5.73825
57 46 28.1227
57 50 46.1789
57 168 12.3287
57 355 17.6211
58 0 5.2999
58 18 11.5894
58 30 11.2015
58 36 7.19864
58 51 10.9615
58 109 11.3239
58 121 3.21646
58 145 12.0959
58 244 8.845
58 319 21.1189
58 383 20.9644
58 474 9.12003
59 0 9.20352
59 83 5.88531
59 240 26.6949
59 365 24.8463
59 443 2
59 481 17.6708
60 0 21.4064
60 53 16.5356
60 112 14.299
60 184 13.0916
60 240 11.4446
60 421 17.4529
60 438 24.8633
61 0 22.6204
61 20 8.40342
61 173 35.6138
61 277 17.3317
61 282 28.4952
61 305 4.25288
61 351 20.3888
62 0 14.336
62 46 17.5212
62 55 12.1858
62 428 13.6269
62 448 2
62 457 15.5639
62 489 11.6278
63 0 2
63 207 10.0546
63 346 31.7449
63 365 10.1071
63 390 33.6571
63 422 5.94313
63 454 30.8287
64 0 25.2163
64 73 19.3029
64 158 15.9792
64 199 8.8852
64 254 7.0885
64 352 12.7761
64 491 30.594
65 0 26.9547
65 20 12.0725
65 145 47.8383
65 444 31.2197
65 481 10.0797
66 0 4.51507
66 85 4.14254
66 103 2
66 194 12.3941
66 237 26.2557
66 310 7.53514
66 359 3.99868
66 369 16.1533
66 449 15.0137
66 495 18.3476
67 0 66.1042
67 108 73.1411
67 154 16.7593
67 456 40.5295
68 0 31.6198
68 79 28.2868
68 118 11.2666
68 264 8.10288
68 404 17.378
68 458 3.85998
68 466 4.16782
68 467 8.73209
68 486 14.2261
69 0 27.9227
69 80 23.2687
69 133 25.565
69 138 20.3199
69 307 18.8257
69 327 24.8483
69 388 12.329
70 0 33.4882
70 34 21.9381
70 68 7.98668
70 250 41.4586
70 475 20.8299
70 479 9.2935
71 0 2.17176
71 20 3.90723
71 37 4.42059
71 84 22.4542
71 146 11.7712
71 215 15.8909
71 294 9.19797
71 470 18.5932
71 476 21.9038
72 0 16.28
72 20 11.6711
72 145 21.6269
72 150 19.1633
72 215 10.0653
72 310 3.48737
72 320 2
73 0 2.94137
73 18 13.5523
73 53 9.23091
73 201 7.11791
73 229 9.00559
73 307 8.45524
73 410 20.053
73 428 4.56952
73 433 15.5714
73 495 11.5883
74 0 11.3331
74 32 8.31765
74 76 13.0461
74 173 16.352
74 174 51.6517
74 457 2.12312
75 0 11.2971
75 30 2
75 46 16.9701
75 50 5.56466
75 53 8.43105
75 99 5.99266
75 108 5.54146
75 112 7.05085
75 126 2
75 186 2
75 193 13.0326
75 282 9.44804
75 319 2
75 330 2
75 344 4.91809
75 383 2.30269
75 447 2.08023
75 458 14.7041
75 461 2
76 0 15.9963
76 55 2
76 79 14.3811
76 270 24.45
76 274 13.6658
76 356 17.4972
76 421 30.9691
76 431 15.5147
76 464 5.25455
77 0 19.1415
77 135 28.9572
77 155 13.8554
77 173 7.91961
77 194 26.6486
77 250 11.2781
77 299 17.9322
77 335 9.73759
78 0 6.00951
78 35 4.45096
78 43 2.13504
78 85 6.00484
78 99 4.32569
78 161 12.1493
78 174 2
78 182 12.2924
78 240 2.01245
78 299 5.20601
78 307 12.5793
78 319 11.8056
78 327 2
78 330 4.72462
78 356 3.06295
79 0 11.7884
79 46 9.62164
79 103 10.3918
79 148 18.9515
79 223 11.4624
79 233 5.06936
79 240 24.3709
79 250 16.5974
79 270 4.72709
79 446 7.73258
79 458 2
80 0 18.991
80 39 10.4902
80 99 20.5317
80 106 3.35002
80 145 23.3466
80 160 2.62801
80 438 18.6326
80 457 6.27409
80 458 23.7938
80 479 18.7806
81 0 5.95449
81 50 8.59901
81 176 10.677
81 193 2.12439
81 250 4.49163
81 252 24.237
81 316 13.1324
81 338 6.616
81 352 16.3011
81 379 9.84218
82 0 16.8936
82 24 3.60945
82 42 21.3466
82 79 23.9012
82 109 5.20084
82 228 2
82 256 21.9881
82 371 27.5574
83 0 8.62974
83 37 3.91729
83 50 14.8477
83 68 6.6473
83 89 19.9598
83 281 13.7506
83 292 7.87323
83 483 4.01199
84 0 2.03356
84 8 7.00598
84 20 8.25677
84 71 14.4143
84 89 6.62257
84 97 8.01756
84 145 6.63586
84 206 3.21415
84 302 11.2084
84 304 15.903
84 454 9.64972
85 0 2
85 20 12.2854
85 255 37.2281
85 318 7.00333
85 371 54.0404
85 405 5.01849
86 0 2.13623
86 7 2.37461
86 8 10.6524
86 100 10.7312
86 114 15.8056
86 204 13.1971
86 224 5.04778
86 323 11.5888
86 339 4.51511
86 378 6.70617
86 480 6.06402
87 0 10.6771
87 254 26.2298
87 294 33.5807
87 352 13.5811
87 420 6.71722
88 0 3.68286
88 55 23.2154
88 160 10.3439
88 206 14.355
88 350 13.9634
88 480 5.75164
88 485 15.141
89 0 25.8652
89 65 2.58974
89 103 31.788
89 152 28.1902
89 396 15.0483
89 448 23.8357
90 0 7.53546
90 123 28.4867
90 201 17.3465
90 284 18.9172
90 295 2
90 307 8.16128
90 339 15.7999
90 347 8.28183
90 376 17.4297
91 0 22.118
91 67 39.3409
91 249 17.6444
91 409 11.5826
91 479 14.7084
92 0 13.8735
92 24 11.5166
92 50 2
92 156 6.0984
92 184 3.45697
92 252 3.47734
92 265 9.49823
92 270 4.29777
92 319 11.2602
92 361 7.78077
92 364 10.7476
92 443 6.21432
92 472 2
93 0 8.00687
93 14 2
93 267 28.278
93 365 7.14448
93 403 12.8474
93 473 42.5392
94 0 10.6991
94 99 9.2653
94 117 17.9253
94 138 3.08218
94 254 6.28876
94 365 4.07542
94 379 21.3509
94 454 17.0835
94 476 3.5722
95 0 19.84
95 18 2.00173
95 37 14.9855
95 55 10.8457
95 96 2
95 172 17.8981
95 173 5.54911
96 0 22.2135
96 117 2.35769
96 181 7.90119
96 250 35.5702
96 388 3.00488
97 0 24.9151
97 54 7.55807
97 96 19.093
97 108 12.2244
97 145 2
97 267 22.31
97 278 4.22402
97 339 9.88097
97 398 18.7116
97 483 22.6518
98 0 11.2682
98 88 16.3792
98 103 16.514
98 133 11.2222
98 195 3.2755
98 201 7.46293
98 206 16.1698
98 237 12.035
98 250 16.0833
98 269 4.31186
98 344 15.0822
98 402 12.8944
98 470 6.50436
98 495 7.52631
99 0 2
99 34 7.01409
99 55 11.6499
99 126 6.42615
99 173 13.2467
99 208 12.3681
99 237 13.4676
99 363 26.5595
99 364 8.48454
99 412 8.85242
99 470 2.60941
100 0 11.4387
100 6 5.88771
100 11 14.9623
100 75 11.3043
100 226 2
100 307 5.62972
100 457 7.43763
101 0 28.2322
101 73 19.1045
101 249 18.731
101 418 22.3788
101 428 6.09242
101 432 21.3738
101 441 20.1492
102 0 12.6348
102 103 4.03664
102 173 4.55017
102 195 10.6023
102 273 34.2015
102 303 12.8151
102 339 2
102 404 2.06572
102 433 8.06309
102 461 15.5723
103 0 5.19984
103 56 16.9678
103 215 11.7861
103 291 5.41976
103 326 4.62686
103 355 3.145
103 418 4.55707
103 429 4.31912
103 484 11.8805
103 485 4.85913
104 0 2.12646
104 217 2
104 311 6.05955
104 409 14.9039
104 438 23.9296
105 0 4.41037
105 46 4.48146
105 124 20.0876
105 131 2
105 174 13.7971
105 208 17.0654
105 210 2.62678
105 237 21.7416
105 328 7.48535
105 355 5.03972
105 461 11.3638
105 462 19.1364
105 480 16.2142
106 0 16.9376
106 30 14.5297
106 62 9.49549
106 135 8.00453
106 176 14.5281
106 189 12.5365
106 270 10.3612
106 280 10.3674
106 442 11.9134
106 479 22.4701
106 486 9.85029
107 0 18.2837
107 96 14.2296
107 174 29.9381
107 207 35.0917
107 254 24.2006
107 483 25.2172
107 499 22.4425
108 0 34.7459
108 83 6.64693
108 88 45.7397
108 271 13.8018
108 324 18.5158
108 462 2
109 0 5.6855
109 13 2.19406
109 46 12.6966
109 52 20.5623
109 62 9.55753
109 147 2
109 267 5.62058
109 268 3.48518
109 337 8.6308
109 364 18.1206
109 429 12.2082
110 0 9.93559
110 47 11.3781
110 50 2.69895
110 88 6.02981
110 145 2.80706
110 173 14.4259
110 193 5.93291
110 204 3.96769
110 229 4.46341
110 237 16.5666
110 270 5.74087
110 330 9.46971
110 356 8.75042
110 394 9.04518
110 466 5.11526
111 0 16.9966
111 37 3.9124
111 46 13.9485
111 55 6.00987
111 208 5.2922
111 214 3.15054
111 222 21.5643
111 388 2.42075
111 424 9.99297
111 458 8.07535
111 466 15.215
112 0 63.7526
112 46 37.5553
112 145 6.80781
112 216 15.199
113 0 12.0699
113 3 14.1035
113 8 15.1082
113 130 15.8568
113 233 15.2634
113 315 4.1975
113 374 15.4593
113 454 21.4806
113 457 17.7852
113 474 9.35674
114 0 4.65732
114 285 22.7961
114 374 27.3499
114 415 2
114 433 11.9851
114 469 55.069
115 0 18.2602
115 52 28.0653
115 144 14.4282
115 181 25.5311
115 432 30.8453
115 433 6.73533
115 458 34.8106
115 464 26.8191
116 0 5.76654
116 23 7.9402
116 50 12.6123
116 179 2
116 196 9.08902
116 214 2
116 240 3.06376
116 253 8.55903
116 295 5.04086
116 322 14.6193
116 373 6.45084
116 410 2
116 436 3.81027
116 448 16.0491
116 497 6.11713
117 0 4.31079
117 32 8.48963
117 43 13.4646
117 79 8.07856
117 93 16.6751
117 176 7.25517
117 230 12.6674
117 366 33.5751
117 415 13.0663
117 464 9.51437
118 0 30.1997
118 74 33.4127
118 160 17.7517
118 215 16.827
118 228 21.1967
118 349 17.7929
118 371 14.0249
118 430 8.59761
119 0 11.8993
119 86 18.4384
119 152 20.3248
119 196 5.37934
119 259 14.7263
119 269 11.7066
119 292 13.9705
119 392 16.3868
119 432 2
119 433 19.7762
120 0 27.9378
120 118 13.2004
120 215 17.1087
120 320 16.4047
120 374 19.5539
120 442 20.7781
120 444 4.82824
121 0 9.54816
121 128 41.2146
121 269 9.99852
121 363 11.8138
121 421 34.47
121 457 8.09302
122 0 8.45899
122 79 25.8655
122 109 14.3597
122 270 21.6794
122 317 5.31626
122 338 9.71243
122 396 8.75244
122 426 3.52149
122 458 11.5325
122 461 17.3891
122 499 9.44352
123 0 2
123 14 10.1994
123 37 4.53885
123 117 3.87316
123 144 6.80666
123 210 11.1971
123 270 8.79439
123 305 13.3975
123 312 6.3614
123 317 2.07016
123 326 2
123 367 10.7029
123 470 4.40185
123 475 13.8659
123 483 2.15193
124 0 11.4083
124 35 12.3243
124 46 4.95529
124 141 10.7078
124 189 18.0391
124 237 2
124 291 13.4808
124 295 25.7574
124 393 18.083
124 421 14.91
125 0 21.6565
125 8 6.7394
125 55 20.3416
125 62 14.166
125 240 6.09417
125 299 27.8821
125 498 18.7062
126 0 52.1998
126 304 14.2599
126 320 85.2129
127 0 28.662
127 100 5.34514
127 184 16.0481
127 237 18.4451
127 252 13.7959
127 270 9.02166
127 302 39.4169
127 386 12.9128
128 0 16.1732
128 40 2
128 53 7.3182
128 91 13.5273
128 132 13.2878
128 201 3.20834
128 257 5.95754
128 319 11.7025
128 336 7.49579
128 343 3.14866
128 355 15.5959
128 379 2
128 398 12.318
128 421 2.28373
128 498 2
129 0 25.7174
129 37 22.3572
129 229 18.7939
129 356 63.7537
129 444 7.54346
130 0 2.48905
130 24 18.6324
130 76 16.5065
130 150 3.93388
130 194 15.4771
130 278 13.9199
130 312 13.0212
130 347 18.92
130 458 7.39828
130 462 5.50448
130 486 21.4459
131 0 6.2523
131 108 14.1852
131 181 13.8499
131 240 2
131 404 10.6015
131 454 27.8274
131 496 32.0227
132 0 6.43121
132 18 19.8707
132 45 28.1902
132 46 28.4577
132 75 11.9585
132 250 11.3253
132 302 20.8676
132 311 2.24422
132 489 20.9106
133 0 2.04402
133 21 2
133 228 12.3592
133 269 17.7422
133 278 17.6915
133 304 17.365
133 355 2
133 363 19.2037
133 439 18.8103
134 0 14.0428
134 56 6.70411
134 174 24.1271
134 361 14.8157
134 390 11.7569
134 395 12.1738
134 432 16.1673
135 0 34.5778
135 40 17.681
135 41 37.0644
135 55 18.2828
135 81 20.8537
135 352 13.6474
135 369 4.51802
136 0 34.1205
136 55 23.5089
136 66 2
136 357 20.2511
136 370 16.0442
137 0 6.72875
137 79 16.5394
137 193 15.8578
137 195 13.9638
137 208 18.6736
137 301 11.68
137 324 13.6396
137 356 12.9892
137 369 10.8778
137 442 5.75578
137 447 4.048
137 483 10.9957
138 0 3.51097
138 6 13.077
138 76 5.40149
138 116 13.8403
138 132 2
138 173 13.0403
138 275 2.20394
138 292 12.2942
138 386 13.3347
138 462 10.5174
138 464 9.31099
138 467 2.99268
138 495 15.3483
139 0 7.72118
139 84 29.7166
139 104 19.9437
139 133 14.7722
139 186 21.6241
139 267 30.9931
140 0 8.44235
140 37 2.78555
140 50 7.59715
140 55 12.0601
140 79 4.95668
140 106 8.93988
140 128 10.4285
140 145 15.0323
140 191 6.97975
140 248 12.1994
140 261 5.0952
140 312 8.16112
140 436 6.51098
140 458 3.5987
140 469 8.19815
141 0 10.8278
141 37 62.7837
141 104 20.6876
141 248 17.1808
142 0 4.77031
142 22 6.71755
142 107 3.4093
142 109 13.2092
142 134 6.86939
142 248 7.78465
142 305 4.77003
142 361 20.401
142 371 8.99795
142 388 2
142 401 5.64496
142 442 2
143 0 14.9518
143 91 16.7912
143 119 4.65195
143 144 21.0141
143 208 11.047
143 228 12.3004
143 255 4.04493
143 343 17.8308
143 400 7.44238
143 491 4.974
143 497 18.3438
144 0 37.5178
144 30 24.6309
144 49 45.7287
144 55 38.7057
144 86 11.5347
145 0 24.0945
145 20 41.3561
145 68 28.9999
145 177 2
145 491 11.5951
146 0 17.1471
146 41 33.2179
146 160 2
146 201 9.54214
146 205 14.0889
146 253 18.44
146 352 4.22733
146 493 10.7534
147 0 6.9361
147 18 7.51843
147 37 19.3485
147 145 18.0359
147 155 13.003
147 230 9.22464
147 253 2.33542
147 257 3.78779
147 295 10.6547
147 310 6.60898
147 464 2.02771
147 497 2.91715
148 0 7.95718
148 37 3.64554
148 122 9.36488
148 238 12.0093
148 245 21.3627
148 316 14.8912
148 353 6.27998
148 359 21.5573
148 464 15.7686
149 0 7.1711
149 46 17.1532
149 65 4.19578
149 79 15.3887
149 92 2
149 195 13.1884
149 275 4.05621
149 306 16.3685
149 361 10.4988
149 479 3.21742
149 483 2
150 0 7.86082
150 184 3.32054
150 206 21.7689
150 219 9.1675
150 236 2.13805
150 252 13.1963
150 269 2
150 273 11.7766
150 292 2.51685
150 365 2.18199
150 413 14.9158
151 0 18.7344
151 24 9.03448
151 177 7.84113
151 195 11.367
151 274 15.7654
151 292 3.27588
151 307 13.2113
151 403 2
151 442 13.2662
151 443 14.2087
152 0 11.1339
152 56 2
152 89 20.1902
152 228 2.27766
152 250 10.7466
152 275 13.0324
152 303 13.1585
152 340 21.2451
152 385 4.69566
152 495 9.76222
153 0 5.99217
153 43 7.71953
153 71 11.4309
153 130 22.6136
153 189 7.74465
153 227 9.95618
153 267 10.456
153 312 33.7182
154 0 8.6495
154 79 25.5929
154 106 9.93219
154 252 13.3031
154 270 23.3687
154 365 20.2869
154 415 4.49271
155 0 18.6228
155 117 8.79521
155 173 2
155 215 21.6043
155 274 6.36533
155 344 15.4284
155 418 2
155 449 6.29906
155 491 8.17717
156 0 24.1099
156 103 19.3753
156 130 26.1964
156 194 28.9864
156 217 10.147
156 316 8.71332
157 0 30.9488
157 18 38.344
157 109 20.8787
157 186 37.0495
157 355 27.7939
157 374 32.5528
157 477 4.12597
158 0 10.7093
158 56 2.74065
158 174 2
158 184 3.68346
158 197 17.4941
158 204 2
158 235 4.21649
158 275 2.28227
158 280 8.51976
158 327 3.28683
158 386 6.96985
158 430 2.65789
158 497 3.33414
159 0 9.83873
159 37 22.9578
159 52 22.8876
159 96 8.00496
159 135 16.2983
159 193 5.61964
159 202 15.4405
159 228 8.08029
159 292 4.72301
159 379 5.13522
160 0 2
160 20 20.4294
160 48 2.16584
160 145 19.236
160 174 31.3413
160 267 11.3291
160 302 13.1834
160 393 25.8069
161 0 16.8453
161 18 8.32177
161 37 15.692
161 53 11.4241
161 55 19.8513
161 179 11.092
161 257 8.4401
161 313 9.98987
161 324 19.0831
161 335 6.81824
161 421 9.57388
161 458 7.27619
162 0 14.4604
162 46 6.14505
162 100 48.706
162 483 66.4761
163 0 15.6371
163 37 20.5747
163 94 9.76497
163 206 3.77506
163 222 4.96276
163 250 4.47096
163 299 4.01122
163 375 14.5137
163 433 5.96901
164 0 15.4639
164 139 16.0247
164 144 10.4526
164 161 28.075
164 195 7.21155
164 248 14.0671
164 349 10.7828
164 418 9.66644
164 419 12.1864
165 0 21.95
165 12 17.7032
165 39 14.5879
165 46 15.8378
165 252 12.4347
165 262 19.7951
165 282 6.20505
165 343 17.7563
165 344 5.92629
165 412 8.16313
165 413 3.15396
165 449 2.22237
166 0 13.4065
166 30 2
166 55 3.34289
166 79 11.204
166 103 14.0018
166 181 6.36557
166 270 11.2978
166 346 7.03392
166 350 2
166 366 14.3444
166 395 2.48009
166 420 10.856
166 437 2.78881
166 495 16.0123
167 0 10.3427
167 128 20.6764
167 138 13.6839
167 186 21.4067
167 198 17.6684
167 239 5.09998
167 268 16.9443
167 278 13.7059
167 301 18.0793
167 433 8.28564
168 0 15.994
168 85 19.5619
168 155 22.7504
168 173 15.8352
168 181 21.9286
168 193 8.13401
168 275 17.6234
168 375 18.5954
168 444 2
169 0 20.0316
169 69 16.8225
169 117 2
169 122 20.2268
169 201 11.4495
169 222 16.1607
169 230 11.6326
169 325 15.6958
169 339 22.58
169 365 13.8385
169 433 2.88851
170 0 14.6903
170 102 8.9478
170 173 18.1746
170 210 13.9748
170 250 33.4922
170 260 24.7905
170 338 15.592
170 464 11.8661
170 498 26.494
171 0 15.4871
171 43 6.33059
171 46 5.21744
171 147 11.5193
171 195 9.50854
171 268 12.1871
171 315 11.9518
171 463 6.25782
171 493 20.794
171 496 7.84669
172 0 3.31787
172 3 6.53922
172 34 14.1402
172 75 6.87617
172 135 2
172 207 6.64063
172 240 10.3638
172 246 11.1714
172 404 7.96795
172 412 12.0802
172 488 15.518
173 0 15.3732
173 100 18.2858
173 195 4.11248
173 246 9.36224
173 256 3.32636
173 300 11.1226
173 346 10.31
173 364 4.90123
173 403 13.9064
173 414 8.17471
173 421 5.00487
173 438 12.8978
173 445 12.1641
173 458 9.86565
173 467 7.13127
174 0 24.5814
174 45 16.9377
174 86 20.4818
174 89 2
174 264 14.7581
174 344 10.3385
174 393 3.82566
175 0 11.0355
175 37 18.0796
175 68 2
175 123 8.13144
175 150 9.88674
175 303 6.68566
175 325 11.3549
175 429 3.54231
175 458 29.1062
176 0 5.47853
176 197 20.3591
176 216 25.7892
176 375 9.61453
176 400 27.0417
176 470 23.6018
177 0 35.8739
177 133 16.9036
177 155 26.2759
177 304 10.3689
177 364 2
177 379 4.45223
177 475 34.8001
178 0 9.52129
178 124 2
178 138 8.64483
178 144 4.77717
178 250 13.8826
178 422 33.3645
178 432 19.5887
178 436 16.7987
179 0 25.1485
179 14 6.52948
179 55 19.7083
179 322 34.1677
179 323 6.00723
179 355 2.84705
179 498 32.4257
180 0 2
180 37 17.3892
180 40 18.4641
180 47 18.2272
180 133 12.9492
180 236 2.31714
180 284 22.1444
180 352 8.57137
180 390 15.3697
181 0 13.6534
181 50 8.52257
181 99 4.92576
181 199 6.55275
181 207 2.85873
181 236 17.6516
181 312 7.75722
181 398 22.99
181 479 4.4387
182 0 16.7056
182 20 5.57157
182 104 3.32818
182 176 23.0459
182 229 24.3063
182 274 5.44499
182 386 19.3611
182 394 21.0631
183 0 14.1653
183 37 25.5725
183 46 13.9951
183 68 2.94999
183 91 10.43
183 99 24.346
183 224 12.0542
183 282 5.78499
183 353 4.34688
183 356 2
184 0 2.43521
184 91 9.2013
184 130 4.51945
184 167 12.5397
184 173 2
184 252 2
184 275 2
184 350 6.62978
184 369 2.28817
184 456 14.1047
184 457 13.42
184 487 9.30699
185 0 6.4602
185 106 17.8
185 138 14.4233
185 436 52.2709
185 479 4.01549
185 483 6.77286
186 0 29.1282
186 67 28.841
186 108 6.06109
186 130 23.5813
186 132 30.6964
186 167 13.122
187 0 34.0767
187 125 27.0341
187 138 16.1159
187 269 22.2932
187 323 13.4852
187 393 34.8561
188 0 3.17838
188 46 2
188 65 14.507
188 144 23.3364
188 304 26.1458
188 336 42.3183
188 461 19.8623
189 0 6.94171
189 55 21.9193
189 229 7.48972
189 237 18.3565
189 250 25.5901
189 252 2.64899
189 299 14.4237
189 361 13.25
189 497 5.17833
190 0 8.43035
190 18 29.5038
190 96 3.11221
190 173 9.7294
190 240 29.5801
190 325 30.8009
190 446 30.1571
191 0 5.7372
191 8 7.60893
191 13 12.2037
191 79 4.39212
191 144 15.3724
191 179 5.2234
191 252 8.66315
191 291 7.8277
191 292 4.50224
191 302 10.1885
191 312 5.3083
191 410 7.06058
191 495 4.56433
192 0 19.6388
192 30 8.40435
192 91 2
192 194 7.10411
192 218 15.0718
192 235 22.5014
192 311 5.29007
192 318 11.2192
192 455 3.80484
192 461 8.37975
193 0 2
193 99 29.7331
193 228 56.8923
193 265 18.3241
193 421 29.3356
194 0 21.3942
194 94 29.3501
194 109 11.8416
194 310 20.4129
194 335 2
194 433 11.86
194 444 27.5824
194 457 15.2615
195 0 7.22277
195 55 2.51043
195 79 14.0026
195 250 6.77359
195 252 5.09391
195 267 12.6601
195 410 14.7604
196 0 9.97299
196 32 4.62171
196 77 10.5768
196 116 11.7264
196 144 2
196 235 6.39221
196 262 8.54355
196 264 3.74148
196 267 6.55394
196 404 18.0804
196 438 4.90207
196 454 3.32677
196 497 16.3477
196 499 3.15057
197 0 14.9727
197 41 7.56563
197 109 11.3742
197 112 18.6024
197 223 19.1412
197 252 10.3189
197 275 7.85289
197 329 12.3413
197 337 9.18711
197 363 18.5758
198 0 2
198 91 28.2689
198 248 44.6741
198 292 35.1063
198 326 4.2169
199 0 10.9811
199 107 3.79228
199 154 9.03542
199 198 13.6409
199 311 15.4742
199 382 3.88526
199 433 13.6952
199 436 5.78819
199 464 21.0097
200 0 12.384
200 3 14.6331
200 7 14.2165
200 43 2
200 89 7.89552
200 91 2.51828
200 132 2
200 186 14.0486
200 194 20.8439
200 257 6.1926
200 328 14.1845
200 467 6.51196
200 469 2
200 470 2.10428
201 0 10.0681
201 55 9.95596
201 56 2
201 71 7.06095
201 92 8.9212
201 100 10.6838
201 169 6.45332
201 181 12.8046
201 304 4.64465
201 305 10.2792
201 339 6.61783
201 374 5.39911
201 433 4.49336
201 454 8.15591
201 462 2
201 464 3.3591
201 497 5.3367
202 0 10.1777
202 30 5.08578
202 100 17.5155
202 218 14.1948
202 252 29.9762
202 326 4.84182
203 0 2.06788
203 46 35.522
203 122 21.7396
203 179 28.6153
203 224 15.3403
203 274 6.57425
203 344 19.4203
204 0 2.17428
204 7 12.5294
204 23 9.79714
204 63 11.4574
204 126 4.92206
204 178 6.03032
204 303 10.5848
204 369 8.47731
204 396 3.11527
204 429 7.60263
204 466 10.0697
204 479 10.7876
205 0 13.4796
205 18 32.5792
205 193 8.55541
205 253 14.9766
205 262 2
206 0 3.94468
206 136 22.3186
206 138 6.98908
206 182 19.7015
206 299 21.5763
206 305 5.19037
206 439 6.64102
206 458 2.9929
207 0 115.787
207 355 33.3047
208 0 2.95184
208 7 20.2232
208 47 27.2113
208 180 10.5537
208 217 11.5588
208 257 5.8632
208 267 17.2507
208 345 4.20901
208 352 17.8359
209 0 5.15128
209 99 11.3626
209 130 15.9801
209 262 6.91328
209 264 13.8093
209 355 7.57241
209 442 15.82
209 447 16.1677
209 458 8.38614
210 0 4.50891
210 50 5.56323
210 91 41.3342
210 217 8.49736
210 457 20.6928
211 0 17.9136
211 204 5.08979
211 275 21.9683
211 288 9.16634
211 393 3.6096
211 404 3.55644
211 438 35.1418
211 495 30.4221
212 0 2
212 53 4.61092
212 89 15.5832
212 91 9.76321
212 131 15.3817
212 154 9.30899
212 338 10.238
212 343 9.49337
212 352 3.00891
212 361 11.7568
212 365 5.3802
212 379 17.5569
212 456 9.7704
212 487 10.45
213 0 15.2372
213 37 2
213 46 3.58985
213 69 15.551
213 130 18.4501
213 154 19.4789
213 171 11.0621
213 237 7.20376
213 344 12.0898
213 371 4.77157
213 383 8.7172
213 396 14.8457
213 404 14.0777
214 0 8.85818
214 8 27.3865
214 97 9.9081
214 248 3.70357
214 270 14.7559
214 303 11.3273
214 351 27.6526
214 363 29.6729
215 0 14.9317
215 77 2.4672
215 79 10.0071
215 89 14.4177
215 174 22.4345
215 270 2
215 363 12.4599
215 376 19.5855
215 429 27.4555
215 499 19.1075
216 0 21.7961
216 3 9.06785
216 257 2.96037
216 267 10.6528
216 285 6.80628
216 324 2.0658
216 334 5.63942
216 386 13.0197
216 398 6.78466
216 410 14.0404
216 440 18.2538
217 0 11.0179
217 99 20.0549
217 125 38.1635
217 237 45.1421
218 0 4.8618
218 2 2
218 10 6.59095
218 31 3.00764
218 55 2.22845
218 148 3.09548
218 156 3.86979
218 267 18.2052
218 278 17.8033
218 308 5.67271
218 350 11.8021
218 361 7.75154
218 420 15.0213
218 457 15.7328
219 0 6.57095
219 43 20.8562
219 223 9.15836
219 252 35.2993
219 421 28.7339
219 428 28.7967
219 456 14.9249
219 467 19.171
220 0 2
220 22 6.9555
220 85 5.43385
220 103 20.7579
220 133 11.1743
220 155 3.60241
220 161 5.33536
220 250 10.5893
220 310 15.5031
220 313 2
220 457 11.6426
220 493 7.25401
221 0 13.7086
221 40 3.03246
221 86 14.358
221 91 6.02212
221 272 17.2076
221 348 14.9644
221 371 22.2708
221 396 12.5766
221 493 9.11034
222 0 3.62941
222 5 15.1911
222 37 19.1101
222 135 22.0216
222 240 11.0442
222 294 30.4207
222 456 2
223 0 25.7832
223 20 16.5257
223 145 9.5891
223 184 7.51895
223 240 13.4825
223 250 5.57943
223 339 4.81836
223 418 32.8295
223 486 4.88607
224 0 2
224 97 3.79642
224 132 16.0899
224 133 9.7637
224 222 6.35806
224 257 2
224 304 10.6051
224 337 2
224 418 2
224 432 2
224 479 18.2714
224 497 12.2028
225 0 2
225 14 8.52826
225 74 9.75133
225 79 11.2417
225 133 7.82287
225 150 4.83078
225 184 11.9954
225 236 8.07095
225 237 11.2881
225 270 13.8658
225 285 13.2369
225 305 2.07682
225 374 4.80281
225 486 12.4065
225 499 9.08193
226 0 4.48675
226 28 6.82568
226 55 6.14727
226 154 10.5443
226 194 14.9787
226 201 2.15236
226 278 6.34213
226 292 16.6011
226 325 10.7566
226 344 2
226 417 18.7324
227 0 2
227 46 5.65122
227 52 4.72523
227 206 14.2552
227 208 18.8269
227 246 3.91632
227 305 13.9935
227 390 19.0433
227 438 6.76559
227 443 4.41822
227 462 12.6604
227 498 14.5125
228 0 13.7225
228 13 5.76474
228 172 18.3256
228 223 3.32216
228 229 2
228 252 2
228 261 16.8783
228 339 11.3136
228 394 13.2191
228 491 10.3612
229 0 4.2232
229 100 24.4664
229 144 13.584
229 195 22.5655
229 262 17.5494
229 275 13.8802
229 316 31.5786
229 399 3.38833
229 467 13.2547
230 0 3.70158
230 16 2.80347
230 186 2
230 222 12.6824
230 261 13.8603
230 281 5.47453
230 302 5.6687
230 379 12.277
230 464 3.14213
230 483 5.73221
231 0 25.555
231 174 57.7457
231 200 37.6226
231 275 16.3066
231 412 5.4562
232 0 3.00952
232 248 11.5146
232 379 49.5139
233 0 18.1821
233 88 6.04952
233 204 30.1379
233 250 23.9446
233 390 20.1034
233 423 12.7492
233 458 23.6338
234 0 9.64891
234 83 8.39599
234 267 31.82
234 403 19.2258
234 413 26.0672
234 415 3.52909
234 489 11.1021
235 0 5.24716
235 20 15.9502
235 89 20.9258
235 252 4.91076
235 323 15.541
235 361 14.9361
235 402 15.6037
235 410 4.84796
236 0 30.3186
236 18 19.1554
236 91 7.12157
236 221 2
236 229 11.7251
236 291 14.7505
236 356 7.50997
236 388 23.9438
236 430 10.5359
236 444 4.76119
237 0 2
237 3 13.4665
237 4 7.53941
237 6 20.1721
237 167 2
237 206 9.50208
237 241 8.751
237 314 18.57
237 364 6.1042
237 379 12.5816
238 0 8.16454
238 74 3.58294
238 97 5.57746
238 222 2.00509
238 275 4.41422
238 299 2.87225
238 331 3.87065
238 336 8.77889
238 392 6.54293
238 416 3.84748
238 420 6.0158
238 429 14.4475
238 445 17.3709
238 469 5.81768
239 0 4.04896
239 14 12.8902
239 106 6.60901
239 136 31.2491
239 177 3.45742
239 186 18.6595
239 244 6.5351
239 310 2
239 313 3.70803
239 410 13.4141
240 0 18.6987
240 20 2.5278
240 318 8.06469
240 343 22.8079
240 371 11.492
240 444 17.4249
240 461 6.55413
240 464 23.0097
241 0 23.1523
241 86 11.8729
241 196 46.2133
241 253 9.92542
241 282 13.3253
241 305 2.0084
241 312 9.43161
241 466 27.1097
242 0 2.26404
242 20 5.92874
242 30 3.4722
242 55 11.8447
242 86 12.4157
242 96 5.72249
242 131 2.1792
242 178 18.6256
242 227 10.22
242 239 4.37018
242 381 3.45371
242 404 13.9871
242 433 20.2972
243 0 18.879
243 39 14.4791
243 59 20.3061
243 99 28.3511
243 138 42.4936
243 415 6.14213
244 0 29.5936
244 187 4.30652
244 240 17.3643
244 246 2.17994
244 281 12.4578
244 292 36.1878
244 365 15.498
244 374 2
245 0 39.3372
245 322 10.7555
245 355 26.8278
245 374 26.5258
245 376 27.0819
245 432 8.3667
246 0 41.6798
246 55 10.517
246 237 6.77527
246 248 11.8258
246 269 54.7978
246 488 35.5592
247 0 2
247 18 29.5531
247 33 32.7176
247 91 29.3778
247 237 45.3223
247 433 5.00198
248 0 22.2044
248 154 27.7253
248 194 24.545
248 215 13.7242
248 381 22.0706
248 470 10.4147
249 0 4.38417
249 16 9.9611
249 229 5.89005
249 299 3.91316
249 379 6.50594
249 394 15.0416
249 473 31.5561
250 0 22.9569
250 32 13.693
250 62 17.1843
250 97 18.2865
250 319 29.4604
250 409 14.6209
250 466 7.57107
250 497 22.4355
251 0 3.06121
251 37 2.06872
251 236 24.93
251 312 4.42719
251 313 3.75551
251 344 26.0082
251 374 21.3822
251 439 30.9301
251 479 13.9879
252 0 23.3162
252 37 10.3026
252 99 7.43696
252 145 3.25142
252 161 3.26407
252 182 3.19834
252 194 14.4949
252 268 14.0428
252 282 12.9261
252 429 3.62023
252 431 14.6515
253 0 3.10018
253 37 6.22909
253 65 12.6274
253 97 2.37853
253 103 12.0839
253 141 7.35182
253 236 10.228
253 252 6.28387
253 264 8.47027
253 275 18.5899
253 285 4.34286
253 310 7.25409
253 432 17.8043
253 456 8.25757
254 0 2
254 89 13.0226
254 228 10.2101
254 229 2.45497
254 237 7.06288
254 250 18.7704
254 379 2
254 467 29.7269
255 0 14.5598
255 37 8.99821
255 39 2.31952
255 43 2
255 68 18.4324
255 108 16.2983
255 146 8.83033
255 236 3.32228
255 361 21.6408
255 409 9.27237
255 480 28.0577
256 0 51.3996
256 37 18.7362
256 114 32.3869
256 194 29.89
256 240 23.5073
256 351 46.4118
256 457 24.511
257 0 16.557
257 34 17.6238
257 79 2
257 94 12.4081
257 144 10.6312
257 161 10.0683
257 240 14.2857
257 288 2.8067
257 433 7.39177
257 458 12.6234
257 495 7.80552
258 0 27.642
258 14 5.2217
258 46 16.9689
258 174 12.2949
258 257 14.6448
258 306 5.78086
258 310 11.2853
258 319 12.3805
258 361 28.0997
259 0 2
259 21 3.1149
259 84 9.21484
259 195 4.21744
259 253 12.2126
259 339 8.4866
259 347 9.28089
259 349 11.9079
259 394 21.4414
259 396 2.65629
259 438 9.26648
260 0 5.5078
260 63 6.11469
260 100 14.456
260 103 31.2752
260 143 2.62695
260 191 28.8338
260 296 20.4726
260 319 6.95276
261 0 14.8047
261 18 11.6481
261 86 2.08968
261 160 5.18544
261 201 37.2761
261 310 27.2882
261 340 18.4531
262 0 36.3914
262 32 8.34991
262 107 19.0029
262 126 2
262 267 24.8466
262 346 4.88636
262 413 6.90261
263 0 18.0755
263 53 4.6223
263 88 10.6505
263 90 3.26636
263 177 22.0604
263 186 2
263 237 7.56019
263 252 9.43326
263 253 10.3876
263 412 26.0163
263 475 16.3995
264 0 15.4324
264 189 83.7981
264 215 58.5191
264 338 53.7487
265 0 24.8404
265 3 63.9593
265 418 46.3074
265 444 37.5486
266 0 3.43657
266 49 5.27394
266 111 30.0819
266 165 5.22598
266 219 15.5635
266 227 17.1693
266 363 17.6626
266 365 2
266 491 26.9792
267 0 14.1919
267 37 10.0118
267 46 12.6788
267 145 10.9648
267 204 2.4334
267 261 9.99573
267 355 15.2199
267 392 8.76038
267 413 24.4989
267 425 4.84465
267 486 14.0254
268 0 18.1593
268 7 5.36155
268 191 9.03839
268 262 2.14867
268 278 19.6672
268 316 17.5104
268 323 2.03364
268 383 4.56258
268 424 23.183
269 0 5.79245
269 20 11.1966
269 55 21.152
269 103 2.20917
269 185 8.58294
269 202 6.81975
269 261 11.2022
269 267 2
269 278 10.9422
269 327 3.48085
269 398 8.49982
269 445 2
269 453 4.05233
270 0 8.65776
270 29 20.2074
270 55 24.9934
270 104 22.0194
270 132 19.9508
270 235 15.3277
270 339 2
270 382 30.1657
270 481 28.5017
271 0 40.997
271 89 21.1882
271 103 14.4605
271 338 22.6196
271 371 15.7035
271 483 24.1255
272 0 22.2752
272 5 26.0444
272 86 4.74189
272 89 7.04993
272 217 3.78075
272 344 15.9866
272 363 7.50072
272 412 9.2196
273 0 2.31085
273 46 16.0489
273 48 26.8306
273 173 13.9772
273 215 22.47
273 224 11.6297
273 264 25.6241
273 365 6.26643
273 425 5.66069
274 0 5.73202
274 178 18.9878
274 225 14.2051
274 267 14.1701
274 272 2
274 322 15.5956
274 327 16.4383
274 401 2.19606
274 412 10.0751
274 421 10.5674
274 448 9.48224
275 0 28.7791
275 48 6.9682
275 53 23.9001
275 114 4.67664
275 267 4.28549
275 308 10.4153
275 395 4.77763
275 447 2
276 0 7.79715
276 61 4.00313
276 67 2
276 91 9.09237
276 107 5.02056
276 114 15.3465
276 250 15.917
276 291 6.36324
276 325 11.3181
276 431 2
276 461 5.56327
276 463 2
277 0 5.73078
277 36 23.7813
277 104 4.45837
277 142 2.11434
277 197 3.78646
277 217 17.6755
277 224 10.4966
277 225 7.24509
277 264 15.4683
277 379 14.0479
277 386 4.15923
277 443 18.9755
277 487 2
278 0 11.9311
278 48 2
278 193 5.47527
278 250 16.0044
278 310 6.22968
278 363 9.30588
278 421 13.8766
278 431 14.7832
278 441 14.9674
279 0 12.4055
279 31 17.81
279 138 9.77893
279 165 5.27823
279 180 8.79127
279 261 29.0214
279 319 7.38383
279 456 14.0387
280 0 4.86549
280 37 9.66029
280 97 6.04606
280 189 7.94247
280 240 4.64821
280 248 9.90672
280 277 12.691
280 282 3.2549
280 316 5.67516
280 393 12.7843
280 496 13.6409
281 0 12.9984
281 27 7.50547
281 39 2.30936
281 73 8.70381
281 104 8.31743
281 156 2
282 0 3.8979
282 20 8.96746
282 63 12.3681
282 126 6.85208
282 154 12.4224
282 180 5.98226
282 206 12.5964
282 236 6.69594
282 305 14.331
282 307 3.14342
282 310 5.84758
282 411 4.60001
282 422 6.49211
282 462 7.17568
283 0 15.5472
283 18 26.0499
283 117 6.18456
283 229 2
283 250 15.1304
283 267 11.6361
283 301 19.6868
283 433 17.1017
284 0 16.1543
284 8 2
284 30 11.464
284 50 7.35791
284 54 12.7645
284 56 4.80886
284 79 7.08204
284 85 11.009
284 179 9.36241
284 222 14.959
284 252 11.1006
284 334 3.25973
284 364 11.3278
284 375 2.03205
284 457 7.83869
285 0 12.9588
285 79 23.2598
285 180 2
285 250 30.7977
285 270 5.67529
285 300 39.1242
285 322 16.2447
286 0 5.69427
286 42 9.5466
286 133 20.1487
286 138 13.1305
286 144 11.7016
286 194 18.3705
286 237 15.3683
286 240 8.51071
286 300 20.6623
286 336 14.6577
286 339 13.1482
287 0 11.3029
287 3 4.92661
287 71 11.8226
287 207 15.6664
287 240 17.1689
287 339 14.0753
287 374 28.424
287 414 9.04801
288 0 3.87056
288 46 15.7894
288 55 6.92433
288 156 15.5806
288 316 9.9519
288 339 2.25871
288 458 23.105
288 466 24.562
289 0 9.96509
289 20 7.34592
289 37 14.1572
289 126 21.5091
289 133 15.9051
289 161 19.3045
289 275 12.2579
289 310 18.5598
289 374 7.71451
289 489 2.77077
290 0 18.1729
290 33 3.0655
290 130 27.4647
290 138 16.6121
290 206 10.9034
290 240 8.96414
290 440 27.7884
290 458 18.1924
291 0 19.9025
291 180 2.3921
291 223 19.1619
291 240 14.6476
291 387 17.402
291 432 5.3549
291 436 4.86642
291 443 16.5003
291 466 11.3385
291 498 11.9236
291 499 12.8794
292 0 8.22931
292 62 15.1321
292 79 7.79449
292 185 2.41131
292 229 6.65184
292 267 7.68707
292 344 22.1483
292 352 4.3161
292 454 22.425
292 473 13.4462
293 0 29.1622
293 43 16.8586
293 134 3.89814
293 173 9.57749
293 241 19.2476
293 269 16.0775
293 302 18.8989
293 350 5.20649
293 418 2
294 0 2.02659
294 195 5.25183
294 196 18.243
294 274 18.5194
294 309 8.46306
294 344 6.28067
294 361 2
294 409 10.7001
294 433 4.20769
294 447 2
294 464 14.9482
295 0 2.13072
295 37 10.6379
295 46 3.68884
295 65 30.4126
295 161 15.8051
295 196 37.0874
295 310 9.97714
296 0 12.9248
296 22 4.44505
296 96 7.87855
296 116 26.1294
296 250 29.1352
296 259 5.30845
296 423 5.54301
296 469 7.6871
297 0 27.5489
297 46 37.8157
297 55 35.8331
297 448 90.3293
298 0 12.7125
298 20 25.8341
298 80 7.46379
298 103 8.11889
298 139 3.65988
298 178 3.18675
298 194 2
298 224 3.25296
298 228 2
298 329 15.7445
298 479 20.8937
299 0 112.686
299 145 71.0617
299 219 26.3732
300 0 8.30714
300 85 19.0339
300 118 18.5831
300 152 14.8842
300 184 22.3933
300 230 27.624
300 250 2
300 306 2
300 396 8.68697
301 0 25.6626
301 89 22.7872
301 179 2
301 379 16.7786
301 390 11.3501
301 440 40.881
301 458 10.5509
302 0 26.87
302 34 21.7826
302 178 37.1876
302 201 12.2526
302 228 11.2056
302 248 18.1289
302 339 53.6249
303 0 25.2279
303 132 2
303 200 15.7424
303 248 26.3647
303 398 17.1657
303 491 8.98835
304 0 9.91288
304 94 2
304 130 12.768
304 160 2.5307
304 187 2.79899
304 201 6.38546
304 250 9.73647
304 275 5.30499
304 277 11.7161
304 408 20.9969
304 418 14.1302
304 461 5.19293
305 0 10.0231
305 20 5.2969
305 53 2
305 181 5.59639
305 233 29.82
305 248 33.5355
305 292 3.49995
305 344 20.3518
305 493 25.6917
306 0 12.3559
306 50 15.4369
306 128 4.99644
306 181 10.8118
306 265 26.2374
306 275 32.1843
306 290 16.1932
306 392 22.5516
306 428 4.05432
307 0 5.09445
307 83 9.05862
307 141 2
307 181 10.4622
307 208 10.5086
307 274 13.634
307 311 7.86844
307 363 12.9206
307 393 25.023
307 412 12.3017
308 0 20.5182
308 46 10.6049
308 89 8.44533
308 126 21.0723
308 398 22.5962
308 442 13.0643
308 470 10.4869
309 0 11.3198
309 20 19.6229
309 53 31.2107
309 124 21.2382
309 312 3.78431
309 318 3.2089
309 403 3.57591
309 428 7.20318
310 0 9.52688
310 196 24.6132
310 201 41.709
310 215 2
310 310 18.5399
310 312 22.8083
311 0 3.51291
311 11 15.3111
311 53 6.51006
311 99 8.05294
311 130 7.68428
311 201 5.7952
311 277 12.4163
311 314 3.29344
311 319 6.6379
311 346 13.2907
311 412 24.3579
311 466 2
312 0 26.675
312 8 22.6867
312 145 2
312 176 16.7318
312 227 12.5454
312 294 2
312 299 10.8799
312 355 14.5698
312 491 20.708
313 0 12.0377
313 53 18.6512
313 102 3.93982
313 458 11.2957
313 464 20.827
313 495 11.05
313 497 5.965
314 0 18.8138
314 64 3.49243
314 94 18.5954
314 103 20.7689
314 173 2.88711
314 189 21.0318
314 267 6.97293
314 299 5.77373
314 480 17.1881
315 0 18.7617
315 3 2.27111
315 14 21.5187
315 20 9.49096
315 193 22.3265
315 210 18.2525
315 426 17.9635
316 0 6.5718
316 148 12.8699
316 191 13.8883
316 217 9.27757
316 323 17.051
316 326 5.8014
316 433 10.7379
316 444 23.2458
316 464 12.1985
316 495 6.00049
317 0 2
317 34 4.35668
317 39 5.52846
317 83 13.6578
317 91 13.816
317 106 11.2475
317 109 6.56945
317 126 17.5821
317 132 3.49013
317 268 2
317 269 12.3621
317 338 15.224
317 379 7.70087
318 0 18.8483
318 65 2
318 91 6.99905
318 130 2.47237
318 139 2
318 148 9.50713
318 240 13.2796
318 262 3.20344
318 355 9.70818
318 391 9.18873
318 433 9.14955
318 488 2
318 492 5.38208
319 0 8.8755
319 51 17.149
319 103 2
319 203 11.0091
319 237 9.0697
319 250 8.08362
319 268 6.53582
319 336 18.4556
319 352 3.76999
319 387 10.8034
319 461 9.80984
319 483 10.4287
320 0 27.7641
320 103 33.1087
320 136 13.8519
320 167 27.6329
320 189 5.72308
320 267 13.6705
320 284 26.3251
320 347 11.8805
321 0 8.7932
321 39 17.7528
321 147 2.69235
321 181 2
321 248 8.37934
321 264 14.4556
321 269 17.3753
321 356 11.1622
321 461 3.43867
321 470 22.4025
322 0 7.70535
322 35 14.3493
322 41 4.87013
322 43 10.4322
322 79 11.5863
322 208 9.57145
322 218 19.0751
322 261 19.9014
322 311 24.5716
323 0 7.42458
323 128 43.7049
323 180 4.33027
323 223 19.5812
323 260 12.1335
323 270 29.3763
324 0 7.86183
324 97 14.1771
324 103 8.73784
324 216 9.39366
324 261 7.87605
324 269 15.9698
324 320 8.21929
324 382 17.2983
324 457 13.0885
324 495 28.9792
325 0 3.56312
325 32 15.9035
325 55 5.88433
325 94 18.8
325 103 2
325 133 7.96857
325 246 11.8447
325 269 8.54495
325 343 11.4113
325 403 14.7031
325 433 14.1877
325 456 17.5941
326 0 10.5684
326 89 10.7127
326 96 12.1671
326 119 2
326 237 29.2547
326 319 10.9557
326 337 3.65205
326 448 11.3013
326 462 3.74259
327 0 11.1506
327 7 16.6998
327 49 8.43439
327 103 23.607
327 204 26.6664
327 458 27.7269
327 470 4.6474
328 0 9.00514
328 64 29.3038
328 159 2
328 282 39.445
328 361 11.6238
328 464 12.8602
329 0 3.47893
329 45 5.56497
329 55 2
329 60 17.3598
329 75 2
329 109 6.10663
329 195 12.5304
329 204 2.99681
329 388 18.6446
329 439 2
329 498 16.674
330 0 37.9508
330 160 53.2379
330 169 33.4913
330 433 40.0577
331 0 2.90894
331 3 17.3563
331 48 17.6562
331 161 5.06037
331 206 12.3854
331 222 9.33717
331 237 7.04413
331 349 9.63246
331 393 2
331 454 4.51191
331 458 3.83703
331 479 11.3978
331 483 7.16755
332 0 55.7108
332 122 8.93458
332 139 11.5923
332 146 59.1856
332 228 41.6202
332 277 7.33163
333 0 17.2026
333 37 2.24903
333 62 8.42112
333 69 14.5305
333 72 14.3495
333 217 6.12259
333 267 5.10806
333 275 3.26349
333 343 13.1487
333 361 5.50984
333 401 3.13282
333 480 6.37917
333 481 7.60529
334 0 5.9542
334 50 3.49321
334 71 14.7598
334 145 6.22003
334 173 9.84617
334 174 4.73146
334 180 7.03071
334 189 8.40982
334 210 3.58855
334 215 11.2586
334 262 17.5464
334 267 5.24249
334 326 7.18424
334 465 2.09956
334 498 10.3636
335 0 2
335 50 13.7152
335 83 12.4182
335 224 26.0701
335 240 17.6331
335 344 21.7308
335 347 6.16485
335 363 15.359
335 419 3.68148
335 456 19.4041
336 0 2
336 186 11.4099
336 250 6.91196
336 274 5.5712
336 305 36.4612
336 322 12.1834
336 342 3.33851
336 497 8.92177
337 0 6.5905
337 3 3.10379
337 173 5.09556
337 187 7.70438
337 237 9.57349
337 312 22.4972
337 493 2
338 0 2
338 20 48.3377
338 55 35.2465
338 225 2.42463
338 396 15.7101
339 0 18.0593
339 152 18.0111
339 233 15.1692
339 236 3.84603
339 246 5.32867
339 253 5.05968
339 254 10.0872
339 261 19.7282
339 320 17.8451
340 0 15.7089
340 2 19.688
340 124 13.2945
340 196 6.50366
340 215 3.8841
340 438 42.8302
340 497 10.7404
341 0 16.1183
341 104 6.23002
341 250 5.94092
341 272 10.6703
341 365 22.7226
341 388 18.819
341 405 9.67373
341 457 17.913
341 463 17.1688
342 0 22.5404
342 99 16.295
342 223 2.63001
342 248 33.1649
342 264 3.21495
342 371 10.2344
342 432 5.42968
342 458 35.2218
342 475 9.74605
343 0 18.5059
343 150 4.13757
343 184 10.2032
343 250 3.49582
343 252 5.2687
343 284 7.45642
343 291 12.5686
343 350 24.8004
344 0 14.9264
344 126 22.0177
344 325 22.0206
344 442 24.722
344 446 30.7663
345 0 7.44965
345 37 2.54576
345 102 2.85154
345 229 6.86716
345 248 5.06313
345 250 4.54376
345 262 19.658
345 277 2
345 336 9.67379
345 484 9.33681
346 0 10.1351
346 225 2
346 247 9.0253
346 254 9.08685
346 343 4.49367
346 364 37.176
346 432 3.97064
346 497 33.6788
347 0 6.70614
347 79 25.5499
347 161 7.28445
347 204 10.1179
347 267 4.55529
347 302 15.1911
347 365 11.1115
347 393 2
347 410 2.15295
347 413 2
347 426 5.82129
347 446 2.02039
347 481 2.01578
348 0 11.0719
348 5 8.16082
348 106 7.80797
348 156 18.9932
348 176 8.93091
348 217 17.4493
348 250 18.1045
348 356 14.9084
348 379 4.05222
348 458 10.5399
348 497 14.1521
349 0 44.7642
349 98 2
349 161 19.0175
349 267 8.30909
349 282 18.7481
350 0 50.807
350 3 62.2089
350 110 2
350 186 17.9572
351 0 7.49265
351 48 6.58129
351 63 12.2933
351 71 7.49848
351 124 12.454
351 229 16.2438
351 243 9.2203
351 250 13.4046
351 253 2
351 326 4.65972
351 379 14.6939
351 410 6.19397
351 478 8.28146
352 0 5.15893
352 89 13.6801
352 99 8.54589
352 184 31.6608
352 268 9.41276
352 303 11.8255
352 373 9.60372
352 393 8.486
352 438 2.06749
352 492 6.53064
353 0 4.74791
353 18 22.5967
353 43 6.26546
353 55 23.0732
353 98 14.4859
353 133 12.6501
353 394 25.1204
353 413 19.1948
353 456 26.283
354 0 29.2254
354 145 4.25467
354 240 4.08384
354 270 30.0259
354 339 14.202
354 340 5.17483
354 438 13.8834
354 497 9.74588
355 0 39.8617
355 109 21.5935
355 189 17.2845
355 355 6.68347
355 483 5.65695
356 0 5.48078
356 79 7.7796
356 90 12.1647
356 130 9.98992
356 138 10.6325
356 147 10.5832
356 208 5.93746
356 229 16.1092
356 284 12.8968
356 396 7.38706
356 400 4.97845
356 432 8.47009
356 479 5.93298
356 498 2
357 0 23.6606
357 43 27.8032
357 90 48.4967
357 108 6.52681
357 400 35.9787
357 432 27.8312
357 456 24.5852
358 0 3.86874
358 18 25.7799
358 107 20.3927
358 121 7.514
358 257 24.5557
358 327 3.42731
358 374 25.9825
358 412 7.21837
358 421 9.01083
358 440 5.84655
358 475 2
359 0 25.5687
359 20 25.6861
359 97 32.1901
359 335 9.23805
359 398 23.9818
359 431 32.697
359 461 27.1589
360 0 5.58007
360 68 18.4492
360 180 6.31199
360 205 8.88594
360 322 18.8831
360 344 7.32301
360 365 2
360 404 7.67138
360 424 23.0087
360 462 17.1521
360 470 9.30917
360 489 8.00518
361 0 17.2431
361 20 14.4486
361 46 23.7676
361 184 18.8703
361 217 2.23803
361 240 34.4812
361 267 20.3901
362 0 29.1696
362 53 2
362 158 22.4751
362 161 15.9636
362 229 4.83839
362 329 7.31577
362 348 2
362 383 9.87957
362 463 15.7131
363 0 16.8252
363 132 27.473
363 198 6.72939
363 257 5.4029
363 393 9.77598
363 438 33.388
364 0 16.1083
364 18 4.67772
364 34 16.8282
364 81 9.50137
364 139 16.6188
364 250 2.63265
364 310 3.61419
364 361 2.20816
364 385 15.8321
364 389 2.38283
364 479 13.7039
365 0 21.1447
365 114 36.4907
365 152 23.2919
365 189 2
365 194 18.9975
365 201 9.84955
365 240 7.17668
365 257 25.2896
365 425 17.0246
366 0 4.65111
366 161 15.1996
366 169 7.8675
366 230 23.9901
366 240 12.2448
366 250 8.7818
366 336 5.78162
366 359 5.63488
366 403 8.48394
366 412 8.20019
366 446 15.015
366 463 9.4255
366 464 2
367 0 11.9948
367 243 4.58211
367 248 7.99637
367 250 5.43214
367 303 5.65854
367 313 16.3689
367 327 17.8586
367 396 16.9811
367 434 15.7943
367 487 20.3403
368 0 20.8616
368 18 5.32034
368 22 9.08159
368 62 24.3509
368 145 17.2773
368 154 17.0884
368 268 24.4215
368 498 24.2686
369 0 25.7487
369 68 29.209
369 390 25.7458
369 396 5.30795
369 442 10.3334
370 0 47.1227
370 20 17.9882
370 46 12.9528
370 103 5.92514
370 181 11.952
370 301 17.1134
370 336 28.6817
370 343 23.1557
371 0 3.94525
371 18 11.7223
371 34 6.66568
371 53 3.04777
371 86 5.6939
371 97 3.44981
371 107 4.91106
371 109 13.7493
371 122 7.1806
371 184 6.7421
371 204 3.40645
371 218 9.27856
371 223 9.18125
371 229 17.6627
371 236 7.46227
371 282 2
371 336 7.06774
371 343 4.46721
371 413 4.06069
372 0 8.92474
372 13 9.81565
372 86 12.7743
372 109 20.1451
372 137 9.11783
372 140 4.30003
372 250 2.10598
372 252 10.4965
372 307 8.90472
372 329 15.9854
372 367 3.54845
372 374 11.1613
372 410 2
372 462 2
372 470 9.44781
373 0 5.02315
373 145 6.97333
373 156 13.6376
373 161 5.49752
373 180 18.6982
373 181 8.38719
373 197 7.38942
373 210 5.55214
373 218 16.2566
373 432 15.9335
373 454 8.80184
374 0 5.84364
374 30 9.80652
374 67 19.4697
374 97 4.51012
374 102 13.5837
374 103 10.1837
374 138 7.29178
374 254 18.1734
374 267 4.18575
374 292 7.32816
374 423 3.62436
374 467 5.49017
375 0 20.8353
375 46 21.3144
375 112 3.62294
375 156 18.2245
375 250 26.062
375 258 12.5763
375 270 19.6224
375 325 5.38372
375 432 4.36693
375 453 10.1585
375 456 22.0748
376 0 8.6588
376 100 2
376 114 30.8882
376 220 44.6776
376 240 11.0488
376 412 27.7574
377 0 2.69651
377 14 2.76935
377 76 5.8635
377 160 7.15622
377 198 7.80418
377 217 21.8419
377 281 9.7929
377 305 6.37456
377 345 11.1706
377 432 5.28246
377 457 16.421
378 0 16.9622
378 37 12.9887
378 103 28.6031
378 104 15.7962
378 121 8.8862
378 426 11.6484
378 439 12.324
378 442 2
379 0 8.27998
379 3 4.807
379 50 17.094
379 67 14.2336
379 75 11.9587
379 79 9.00871
379 103 2
379 168 5.4558
379 224 4.55327
379 250 8.40472
379 292 16.3742
379 312 21.0708
380 0 7.4162
380 81 9.2384
380 104 4.87025
380 150 4.61268
380 181 18.2761
380 257 4.56082
380 264 2.63304
380 302 2.67756
380 329 9.95067
380 339 13.5312
380 396 9.99189
380 464 12.1213
380 466 10.6548
381 0 16.8908
381 20 17.1971
381 185 13.1994
381 252 30.9137
381 284 22.33
382 0 26.1137
382 201 14.4641
382 277 4.67682
382 326 5.81601
382 404 5.37289
382 429 12.8998
382 458 24.7374
382 467 20.6983
383 0 15.61
383 150 21.0873
383 218 18.9454
383 288 11.1229
383 302 13.1909
383 365 21.0881
383 457 32.2006
384 0 6.63802
384 99 35.8714
384 161 3.58659
384 198 11.3216
384 285 7.41207
384 413 32.9955
385 0 12.9305
385 3 15.5987
385 61 15.5085
385 94 2
385 99 16.6429
385 194 13.3963
385 198 4.03016
385 200 6.41106
385 281 12.2693
385 356 5.51881
385 438 12.1794
386 0 16.7222
386 50 8.78239
386 55 21.784
386 99 6.7262
386 107 7.65881
386 208 17.8673
386 218 4.47808
386 301 2
386 383 2
386 457 2.94384
387 0 39.0905
387 215 2
387 236 22.3617
387 307 8.64304
387 436 6.85214
387 483 2
388 0 21.7288
388 37 11.3662
388 89 13.9575
388 98 7.17553
388 321 20.3533
388 388 8.02283
388 446 9.40708
389 0 32.7245
389 79 20.0557
389 109 2
389 184 11.987
389 229 58.6866
389 260 39.4717
390 0 5.59844
390 94 24.9746
390 150 6.5316
390 229 3.86745
390 252 2.106
390 270 19.8688
390 288 10.7844
390 302 10.1667
390 304 13.5882
390 371 12.906
390 440 18.5623
390 479 8.90155
391 0 26.9122
391 97 13.5809
391 145 13.4719
391 292 5.21982
391 312 19.4746
391 410 3.37012
391 483 2
391 497 14.4975
392 0 5.95914
392 48 14.8712
392 79 23.0571
392 139 28.9941
392 144 10.6181
392 281 3.56269
392 343 5.28261
392 365 23.3157
392 499 17.4189
393 0 15.8263
393 46 20.7548
393 173 29.9084
393 254 14.0696
393 277 42.8094
394 0 13.5234
394 53 22.9233
394 62 10.8659
394 91 2
394 103 21.7171
394 201 11.7832
394 223 4.58812
394 303 24.3802
394 304 19.39
394 322 2
394 438 23.6162
395 0 3.78579
395 8 2.69543
395 53 2.82064
395 122 20.0353
395 206 3.12076
395 248 12.6828
395 349 6.73395
395 356 14.1843
395 480 17.35
395 486 18.3679
396 0 15.3405
396 30 18.2131
396 37 7.37483
396 86 2
396 100 10.379
396 184 5.28445
396 203 10.5805
396 275 10.421
396 390 2.33623
396 447 5.47436
396 458 8.12957
396 464 3.0202
396 481 2
397 0 29.6059
397 46 36.0335
397 89 5.02695
397 125 34.3567
397 145 26.7651
397 222 3.70269
398 0 23.77
398 37 14.5388
398 39 21.0065
398 104 7.68877
398 114 2
398 239 18.2515
398 317 9.24975
398 434 9.18608
398 477 24.0529
399 0 20.7048
399 55 22.5137
399 252 2.02591
399 284 5.15738
399 339 21.3936
399 361 41.2937
399 410 18.4988
400 0 17.0076
400 152 12.5617
400 178 9.64551
400 224 7.30108
400 305 13.5084
400 332 23.8021
400 346 11.8768
400 461 18.6174
400 483 4.86844
401 0 13.4808
401 79 4.35371
401 139 10.3637
401 222 8.37573
401 316 5.19405
401 374 16.8545
401 396 12.7957
401 420 10.7293
401 421 10.5495
402 0 20.9938
402 46 6.45083
402 54 4.60576
402 55 2
402 96 22.0083
402 104 6.54744
402 142 9.25072
402 172 18.8633
402 204 20.4565
402 221 2
403 0 6.28558
403 89 6.6713
403 106 12.6218
403 118 5.95612
403 139 6.07641
403 165 6.60605
403 173 4.92405
403 174 15.8819
403 196 3.61272
403 263 5.73131
403 264 9.10121
403 310 2.8415
403 343 6.46916
403 357 6.36302
403 377 7.08644
403 440 11.175
404 0 27.5855
404 37 3.12614
404 50 28.3963
404 281 7.38543
404 345 21.0488
404 457 18.4706
404 462 9.23696
404 491 13.3628
405 0 30.7689
405 32 16.0096
405 39 19.0031
405 46 25.2425
405 229 8.08884
405 367 17.2418
405 375 5.45416
405 402 5.56346
405 430 22.8046
406 0 67.7208
406 104 58.4277
406 121 11.6505
406 215 59.1117
406 430 7.07937
407 0 32.4841
407 67 8.76674
407 99 14.6185
407 227 42.0431
407 291 22.4984
407 363 23.0174
408 0 9.65132
408 157 21.4298
408 194 26.2247
408 250 12.5938
408 264 14.1531
408 348 27.3417
408 371 3.9865
408 434 18.4993
408 438 12.5119
408 483 3.96354
409 0 46.0005
409 114 33.8231
409 144 16.8631
409 173 39.9051
409 461 6.80797
410 0 7.59642
410 81 4.28286
410 104 10.0138
410 174 8.57378
410 179 7.83643
410 184 3.54472
410 186 11.8967
410 235 2
410 252 18.9193
410 321 2
410 412 2
410 461 7.3144
410 488 11.0584
410 491 7.27573
410 498 4.98155
411 0 11.7987
411 55 13.5889
411 89 7.6505
411 91 26.6589
411 148 5.64978
411 262 25.7642
411 267 2.30426
411 322 3.98937
411 437 13.4483
411 497 26.4851
412 0 46.2673
412 86 36.6581
412 166 34.5081
412 261 21.6216
412 438 19.0215
412 449 29.3988
413 0 16.139
413 46 11.1586
413 80 5.26748
413 132 2.77724
413 286 12.9105
413 304 22.4948
413 344 28.7427
413 363 24.9897
413 458 7.6427
414 0 2
414 37 5.35245
414 55 8.51377
414 59 10.9618
414 108 6.28131
414 122 2.12872
414 157 2
414 208 11.042
414 253 14.6403
414 281 7.80033
414 361 9.12119
414 407 13.3796
415 0 7.02039
415 40 5.98121
415 91 4.01138
415 263 20.1915
415 305 8.38899
415 339 16.454
415 351 16.7115
415 434 7.45726
415 435 13.7091
415 457 25.6691
415 495 11.5848
416 0 3.2545
416 44 4.63773
416 123 4.7038
416 138 2.19272
416 179 11.9092
416 227 8.88423
416 250 2
416 269 2.9789
416 280 3.63624
416 305 12.0198
416 338 2
416 403 17.5574
417 0 54.4557
417 69 9.32738
417 178 8.03445
417 249 35.9182
417 250 27.3617
417 404 11.0489
417 445 13.5459
418 0 12.8283
418 165 15.0154
418 179 42.8811
418 305 20.4942
418 432 47.8825
418 454 34.844
419 0 11.5546
419 30 23.9916
419 33 12.8362
419 50 14.2902
419 83 5.52118
419 99 12.0996
419 103 17.5381
419 472 23.3338
419 491 8.22278
420 0 8.34481
420 181 8.60776
420 194 2
420 311 19.9082
420 319 3.10648
420 321 20.0462
420 344 11.2566
420 385 12.1606
420 403 4.98661
420 437 4.51772
420 444 4.65402
420 457 8.02137
420 493 2.9342
421 0 19.5522
421 100 2.83963
421 138 4.86368
421 141 28.3679
421 144 2
421 165 24.569
421 174 11.3281
421 199 6.92758
421 248 2.02277
421 340 2.23517
421 374 18.5792
422 0 9.31555
422 20 7.37059
422 48 13.6053
422 55 5.25559
422 100 19.8407
422 107 13.7
422 130 14.5059
422 132 6.6418
422 254 18.1511
422 270 4.5898
422 275 6.58889
422 310 5.61671
422 445 2.80727
423 0 8.59685
423 20 17.2159
423 99 19.7902
423 268 2.38346
423 325 2
423 433 11.6569
423 445 3.02534
423 458 31.6424
424 0 11.1365
424 20 16.0719
424 46 19.2634
424 72 10.1272
424 76 6.84477
424 135 13.4933
424 173 28.2308
424 216 7.81623
424 217 2
424 226 5.29016
424 371 13.0948
425 0 2
425 55 10.0027
425 233 27.0239
425 299 26.4223
425 361 39.2336
425 398 19.2631
425 414 24.817
426 0 9.57465
426 37 14.9887
426 55 2.1507
426 96 16.0136
426 240 23.1772
426 250 7.62804
426 264 11.078
426 375 22.9387
426 438 27.1921
427 0 22.3157
427 4 22.7947
427 99 17.31
427 139 9.55151
427 409 26.7215
427 456 10.0601
428 0 8.0287
428 90 5.20708
428 271 9.38739
428 275 16.7975
428 347 7.49647
428 361 12.0948
428 376 15.9707
428 386 12.7017
428 421 11.9547
429 0 5.49901
429 18 9.09359
429 62 3.23001
429 76 13.0396
429 117 2
429 124 2.10343
429 151 5.83015
429 236 5.95959
429 292 3.687
429 306 16.583
429 318 3.21844
429 339 6.918
429 401 7.82957
429 483 8.04001
430 0 13.3203
430 43 2.41034
430 160 14.7039
430 173 20.6058
430 261 4.43459
430 307 17.1343
430 390 5.04617
430 412 13.6322
430 456 17.7361
431 0 14.4141
431 99 9.7593
431 145 11.6673
431 365 45.3917
431 453 5.0621
432 0 12.0001
432 22 2
432 196 10.1223
432 217 14.7759
432 388 26.4054
432 408 2.64005
432 457 2.00771
432 486 15.4039
433 0 4.46733
433 3 2.58294
433 22 15.5431
433 37 18.0871
433 138 13.5574
433 224 11.3382
433 250 10.7702
433 277 8.30701
433 315 9.18776
433 339 7.58799
433 349 9.90418
433 352 7.57764
433 499 6.36593
434 0 10.0053
434 307 25.2925
434 327 15.7099
434 340 5.97299
434 394 3.09279
434 428 28.4568
434 448 6.85057
435 0 6.88595
435 55 16.6639
435 56 25.9287
435 68 8.65045
435 108 6.5283
435 119 6.00183
435 222 15.2211
435 250 2.18171
435 343 4.79135
435 412 5.18667
435 444 4.5077
436 0 2.17145
436 28 11.1753
436 37 7.87558
436 50 5.5506
436 139 19.1619
436 196 18.8166
436 262 19.1427
436 299 12.1858
436 348 11.486
436 387 24.53
436 456 2
437 0 15.6577
437 46 25.5233
437 130 4.16902
437 189 44.7794
437 194 15.9647
437 240 34.0762
437 285 23.0771
438 0 45.4032
438 79 73.3896
438 189 50.9926
438 444 15.3122
439 0 12.638
439 97 26.4447
439 121 3.26539
439 215 8.78578
439 277 7.94774
439 365 15.0046
439 414 6.78504
439 432 4.36302
439 476 22.796
440 0 24.6871
440 18 14.6327
440 102 11.6242
440 173 28.0785
440 199 13.191
440 204 26.4603
440 238 20.3967
440 448 7.4534
440 460 17.2649
441 0 17.1074
441 10 15.2469
441 96 6.99347
441 116 2
441 196 14.7222
441 409 21.7712
441 438 8.12805
441 441 13.9535
442 0 16.7206
442 55 8.19054
442 103 18.2044
442 126 14.5351
442 173 6.99398
442 225 15.3292
442 228 13.3668
442 307 11.641
442 337 13.0452
442 369 21.6856
442 444 2
443 0 7.4334
443 55 48.5102
443 68 28.2792
443 301 9.11142
443 396 31.8115
444 0 13.5887
444 20 59.0884
444 89 6.08665
444 108 40.477
444 344 2.3169
445 0 20.2226
445 103 9.95037
445 234 5.686
445 375 26.6395
445 376 3.33165
445 409 12.8923
445 458 17.5602
445 491 25.5327
446 0 14.0454
446 32 7.99764
446 62 14.5048
446 92 11.1707
446 96 2
446 130 16.2813
446 144 8.62051
446 236 6.56275
446 403 16.7459
447 0 10.2495
447 10 8.11597
447 71 7.69978
447 128 19.6654
447 142 13.8053
447 267 7.2402
447 281 15.7918
447 433 6.21911
447 475 5.09137
447 483 25.7443
448 0 6.63628
448 89 25.276
448 145 20.1214
448 320 16.4748
448 462 11.3986
448 489 4.35611
448 498 5.82787
449 0 9.77472
449 83 3.08925
449 89 11.1344
449 215 21.5994
449 270 12.1126
449 291 2
449 361 5.50209
449 410 16.9864
449 411 16.6365
450 0 5.30314
450 2 14.2284
450 18 18.5782
450 43 18.4015
450 46 13.5833
450 152 4.72287
450 201 14.5656
450 223 13.9387
450 312 14.6493
450 364 3.81317
450 462 13.2156
451 0 29.9678
451 176 47.4906
451 217 17.0571
451 275 47.9846
451 307 34.7278
452 0 10.5475
452 178 20.4054
452 194 5.81222
452 398 21.5073
452 422 7.48996
452 477 11.8957
452 483 37.7421
453 0 17.1036
453 99 10.6414
453 131 9.05886
453 161 12.9112
453 214 16.8843
453 228 7.01503
453 301 9.13396
453 361 21.6128
453 392 12.1783
453 432 2
453 434 10.6772
454 0 12.7041
454 48 2
454 55 2.8217
454 103 11.0981
454 273 8.31628
454 302 9.73123
454 361 15.5685
454 435 17.1472
454 447 17.9556
454 458 11.3695
454 495 8.49492
455 0 5.12157
455 23 10.2805
455 33 11.288
455 55 13.5171
455 91 9.14445
455 145 15.8866
455 173 3.28334
455 214 2.70227
455 386 8.59724
455 398 5.70348
455 454 12.0956
456 0 5.5128
456 92 11.5822
456 187 4.88347
456 230 8.96193
456 312 20.0636
456 317 8.64912
456 319 12.4609
456 347 17.9149
456 350 17.2972
456 404 9.75392
456 438 6.07037
456 490 10.7521
457 0 20.0687
457 46 28.5436
457 99 33.818
457 142 11.1171
457 229 35.7923
457 307 3.27255
457 410 33.8746
458 0 2
458 48 3.41097
458 68 3.39176
458 114 10.9837
458 119 10.1992
458 146 2.39518
458 176 11.2713
458 240 9.45037
458 250 6.4895
458 350 2
458 356 9.07065
458 398 7.42383
458 435 10.9836
458 461 4.99696
458 470 10.7633
458 497 6.22888
459 0 2
459 53 2
459 56 15.2354
459 124 7.2798
459 207 10.0426
459 250 2
459 277 22.6034
459 456 6.83505
460 0 2
460 37 2
460 84 15.1578
460 153 22.37
460 205 3.06916
460 224 28.1566
460 423 20.7835
460 439 3.7954
461 0 18.0809
461 13 22.0842
461 14 18.3531
461 100 23.3798
461 130 3.76966
461 174 26.8598
461 339 2.99032
461 419 4.78164
461 476 3.38345
462 0 7.5111
462 46 8.02681
462 60 15.917
462 91 5.08191
462 174 4.86827
462 250 6.13859
462 302 13.1432
462 313 15.7154
462 322 12.2662
462 362 12.3525
462 434 2
462 458 12.999
462 470 12.4075
463 0 81.5397
463 103 75.6124
463 196 121.004
464 0 15.6968
464 37 33.2986
464 43 4.56593
464 89 40.6333
464 99 9.36803
464 461 29.5613
464 489 18.3743
465 0 4.84063
465 32 17.0438
465 79 13.1
465 103 3.57094
465 186 7.6147
465 195 7.89102
465 197 7.73149
465 217 8.44741
465 248 6.15549
465 277 6.95908
465 284 4.3167
465 388 3.90024
465 491 2.19281
466 0 10.178
466 62 14.12
466 257 3.93689
466 318 8.0701
466 326 13.8425
466 383 20.6328
466 386 8.87727
466 403 3.68699
466 422 25.7357
466 428 20.9207
466 482 17.5598
466 491 3.39927
467 0 20.4596
467 46 29.1946
467 79 17.7066
467 145 17.6648
467 168 5.9512
467 240 5.03324
467 274 2.91976
467 291 18.8282
467 324 5.92274
467 390 4.64558
467 470 4.81425
468 0 19.8313
468 26 2
468 30 5.11194
468 34 2
468 227 21.0853
468 284 25.1284
468 444 20.1359
469 0 5.20094
469 237 16.1759
469 248 3.65372
469 296 10.2898
469 302 7.00659
469 328 10.0979
469 361 2.59064
469 365 15.3954
469 413 13.9696
469 440 4.28907
469 480 11.3588
470 0 36.274
470 14 32.8678
470 46 15.6834
470 117 4.00033
470 217 13.8924
470 361 4.73368
470 480 5.77105
471 0 14.3751
471 89 9.97459
471 131 16.7433
471 310 12.1473
471 425 22.124
471 457 9.18767
471 499 9.25247
472 0 7.20495
472 53 2
472 55 3.78136
472 114 2
472 131 10.7317
472 133 4.28479
472 135 8.9167
472 166 19.1902
472 257 2.10783
472 278 4.8895
472 282 7.50506
472 398 7.50636
472 470 2
473 0 14.922
473 208 34.5324
473 212 5.06858
473 366 3.59238
473 433 23.4725
473 456 5.05965
473 479 21.897
473 495 27.8725
474 0 5.66577
474 44 2.03792
474 67 12.3813
474 188 14.3925
474 250 13.2855
474 304 18.8909
474 307 12.3697
474 365 6.81954
474 396 15.5469
474 413 5.3704
474 430 9.81243
474 447 21.2778
474 454 11.7354
475 0 13.1706
475 189 36.5537
475 281 30.1329
475 432 19.8206
475 499 3.66807
476 0 4.86403
476 53 20.0309
476 204 19.1927
476 270 23.5361
476 392 2.20138
476 475 7.81847
476 498 29.8894
477 0 23.6853
477 109 3.84138
477 172 16.874
477 178 12.556
477 292 11.9916
477 308 9.62372
477 320 6.84515
477 352 5.51611
477 359 5.20934
477 365 2.19508
477 429 4.11022
477 480 20.6389
478 0 5.98706
478 30 18.438
478 103 6.02684
478 179 6.50796
478 194 10.5003
478 252 22.2186
478 291 4.46032
478 374 10.3992
478 433 16.8135
478 475 16.9782
479 0 10.2222
479 49 5.29488
479 130 4.22539
479 148 10.1352
479 324 6.60614
479 336 4.46692
479 363 10.9996
479 376 15.2046
479 482 16.2818
480 0 20.144
480 90 54.7268
480 275 14.6205
480 343 12.1209
481 0 4.45165
481 102 35.7719
481 103 6.5132
481 252 29.6756
481 387 28.5497
481 458 20.2095
482 0 13.9792
482 130 15.3111
482 161 14.5057
482 201 16.2347
482 275 3.98231
482 292 30.1084
482 339 6.96654
482 365 18.5843
482 466 6.54634
483 0 2
483 13 4.73184
483 37 19.0469
483 71 6.87381
483 268 4.18707
483 270 5.42993
483 275 12.6466
483 278 10.8216
483 348 9.6297
483 412 3.96389
483 418 10.6339
483 439 13.3895
484 0 12.3525
484 56 4.33718
484 71 16.6572
484 126 9.04853
484 185 4.17303
484 252 13.556
484 322 17.5968
484 356 32.6314
484 375 9.98505
484 425 9.58254
484 450 3.09243
485 0 13.6018
485 67 14.5829
485 89 37.437
485 130 4.86779
485 349 30.824
485 429 29.533
485 488 3.47637
486 0 7.14291
486 37 13.4881
486 62 15.0302
486 132 18.5942
486 152 15.0109
486 228 2.1483
486 424 2.38693
486 466 14.6146
487 0 2.61149
487 13 10.3176
487 60 6.16922
487 76 2
487 89 2.20762
487 91 2
487 103 13.1203
487 308 9.2468
487 363 11.9974
487 390 4.6373
487 409 9.20852
487 462 3.59829
488 0 26.686
488 310 27.5808
488 316 7.67654
488 343 34.0925
488 398 16.6159
488 427 33.5218
488 499 29.5807
489 0 2.4893
489 32 2
489 89 30.4061
489 99 9.85229
489 196 2.5306
489 357 5.621
489 403 9.40716
489 466 4.94892
489 497 6.16899
490 0 2
490 316 55.4209
490 352 62.0966
490 355 10.4832
491 0 17.2344
491 43 11.2622
491 66 12.9206
491 118 18.9579
491 174 12.5271
491 305 9.36737
491 388 8.67823
491 479 12.9581
492 0 37.2162
492 85 26.1584
492 277 59.4
492 353 34.9757
493 0 13.2914
493 55 9.19155
493 138 10.5773
493 196 16.5704
493 274 31.3811
493 339 22.3219
493 343 16.6995
493 430 13.0178
493 433 2.42774
493 444 32.3815
494 0 4.89827
494 17 16.5477
494 42 23.5905
494 196 2.32125
494 269 14.4435
494 410 20.891
494 464 25.2588
495 0 13.0372
495 99 2.56859
495 174 11.9973
495 248 2.92544
495 302 20.8393
495 326 6.05299
495 343 22.4476
495 392 21.0148
495 430 33.841
496 0 2.48042
496 46 2.05001
496 89 7.43966
496 108 11.2293
496 124 9.0949
496 141 11.0667
496 180 13.0246
496 184 10.0489
496 204 6.31667
496 275 3.57311
496 305 10.7205
496 366 7.21185
496 429 2
496 481 2.7911
497 0 10.4008
497 76 13.7044
497 97 2
497 180 2
497 281 6.22901
497 304 5.86629
497 335 2
497 398 2.10936
497 474 15.8737
497 495 10.9686
498 0 8.7242
498 37 13.0311
498 43 12.4996
498 52 2.57673
498 55 3.33885
498 145 9.1505
498 219 8.76505
498 294 4.48695
498 351 3.27019
498 374 16.5998
498 413 9.89272
498 495 16.8675
499 0 21.768
499 106 7.09044
499 152 19.4191
499 156 2
499 172 18.2594
499 201 3.60616
499 215 9.88983
499 240 4.68241
499 325 9.28793
499 383 11.0168
499 398 4.27593
499 458 16.2255
