500 500 4000
0 0 6.34738
0 48 21.671
0 76 19.4323
0 111 10.3139
0 223 4.7858
0 312 9.24853
0 315 2
0 324 5.99031
0 412 5.10691
0 483 7.98991
1 0 12.6672
1 158 10.2063
1 213 6.63157
1 257 2.43384
1 328 7.97349
1 361 28.9626
1 375 9.29985
1 448 7.00028
1 453 11.0607
1 496 26.3834
2 0 20.313
2 13 17.3421
2 25 37.4747
2 117 16.0662
2 170 22.1408
2 402 2
3 0 5.99368
3 103 25.4844
3 112 20.9376
3 199 18.292
3 221 14.4552
3 234 29.6786
3 405 2
3 466 9.81354
4 0 53.1742
4 189 37.6392
4 372 14.1172
4 377 39.8536
4 412 21.5831
4 494 20.0423
5 0 2
5 85 2
5 102 17.1929
5 151 6.21024
5 272 11.989
5 282 2.15807
5 293 4.1049
5 371 2.78608
6 0 14.6928
6 34 5.51662
6 242 15.2006
6 253 4.67615
6 257 20.6935
6 285 40.749
6 407 11.8439
7 0 12.4725
7 57 28.8861
7 71 6.32922
7 81 13.1349
7 235 3.53705
7 245 25.6547
7 311 8.8811
7 380 17.0999
8 0 18.8868
8 111 8.48653
8 128 6.39338
8 199 12.4598
8 216 14.7739
8 270 21.196
8 278 4.57116
8 331 3.60987
8 335 9.08463
8 435 4.94017
8 450 2.06853
8 468 4.5662
9 0 24.6806
9 23 20.7563
9 85 12.6
9 100 8.0533
9 216 15.0207
9 269 2.40474
9 457 20.8753
9 470 15.2957
9 486 13.382
9 496 4.94229
10 0 3.96456
10 39 45.5224
10 60 4.11537
10 100 44.7335
10 228 32.5336
11 0 29.6564
11 13 17.9228
11 41 7.23102
11 161 19.9948
11 234 18.4697
11 340 18.9777
11 375 7.50695
11 413 15.0272
11 468 17.6022
12 0 6.76936
12 5 5.20887
12 153 15.6806
12 158 24.0213
12 175 29.8152
12 189 10.2926
12 222 8.48014
12 347 4.50941
13 0 2.59207
13 8 16.3369
13 188 6.86381
13 230 9.2606
13 312 16.6764
13 333 12.3154
13 351 10.7364
13 399 2
13 493 18.2418
14 0 43.834
14 73 57.2436
14 231 6.76864
14 385 19.7954
14 472 39.0417
15 0 28.9824
15 56 22.2256
15 71 9.21504
15 161 22.5307
15 202 29.0924
15 312 7.59118
15 476 23.956
15 489 19.8058
16 0 20.709
16 187 21.5056
16 219 6.78491
16 269 19.205
16 312 10.1541
16 375 8.62134
16 436 17.8769
16 440 8.88082
17 0 9.97853
17 25 8.46123
17 39 3.70479
17 127 18.0905
17 159 15.8748
17 282 2
17 330 5.13292
17 334 7.09324
17 404 3.02834
17 483 8.19742
17 487 16.257
17 493 4.53094
18 0 21.6867
18 3 6.59565
18 6 4.18634
18 28 15.251
18 96 2
18 202 23.7415
18 207 7.79902
18 238 22.9274
18 262 3.65238
18 462 8.09704
19 0 2
19 40 3.82089
19 148 10.6577
19 278 23.2228
19 329 11.2809
19 361 19.1685
19 365 14.875
19 453 17.3803
19 457 2
20 0 16.5954
20 70 45.7966
20 200 5.67293
20 223 7.95824
20 299 10.8446
20 371 18.6457
20 377 12.5995
20 476 26.5524
21 0 11.4769
21 18 9.51051
21 118 13.4441
21 128 9.47962
21 175 5.03864
21 181 6.42486
21 187 10.6205
21 231 4.41584
21 246 11.8359
21 269 2.9193
21 418 2
21 424 3.75386
21 466 4.1241
21 475 8.75392
22 0 19.5393
22 45 12.3761
22 86 16.303
22 130 19.2688
22 189 5.96038
22 231 14.1862
22 257 5.67919
22 377 8.02764
23 0 11.7523
23 11 8.85186
23 56 12.6395
23 59 9.93882
23 92 19.415
23 158 17.1206
23 213 11.3669
23 228 5.11509
23 340 10.8107
23 440 15.4942
23 482 11.1914
24 0 24.1832
24 128 17.569
24 226 8.2549
24 269 17.0156
24 295 10.5954
24 308 5.25904
24 416 32.6448
24 450 4.25472
25 0 4.64613
25 31 2
25 39 8.10112
25 48 17.7447
25 99 23.5439
25 139 6.45781
25 184 2
25 190 22.2427
25 240 11.1185
25 468 20.5973
25 489 3.37116
26 0 3.33902
26 8 31.4788
26 228 5.30089
26 269 15.5341
26 357 4.38609
26 468 4.53427
26 498 8.62673
26 499 8.42644
27 0 81.389
27 225 6.51879
27 386 12.27
27 448 2
28 0 6.10737
28 11 9.41466
28 13 15.9819
28 99 21.7143
28 161 9.16733
28 274 17.7797
28 296 2
28 373 4.42558
28 404 3.37849
28 430 7.03618
28 447 2.59117
29 0 22.0533
29 20 17.2705
29 96 12.9379
29 226 9.08776
29 262 19.8851
29 269 21.4302
29 312 12.3744
29 415 5.67169
29 430 10.836
29 485 23.8788
30 0 2
30 7 13.7083
30 97 9.41437
30 175 25.6316
30 180 9.27493
30 226 10.4675
30 353 24.6371
30 365 6.87171
30 376 13.7937
31 0 2
31 2 6.26137
31 34 14.8066
31 120 28.1238
31 199 12.1381
31 231 5.66516
31 376 2.95202
31 393 8.92169
31 412 11.8706
32 0 6.50777
32 76 14.307
32 78 2
32 242 23.6605
32 269 14.9205
32 299 11.1138
32 414 3.7418
32 418 17.7378
32 444 20.4652
32 487 11.41
33 0 2
33 23 8.13476
33 27 12.6148
33 58 10.5046
33 84 21.4037
33 128 22.9785
33 214 18.5083
33 229 17.2274
33 269 8.10336
33 289 19.9436
33 328 4.15841
33 364 15.507
34 0 3.24595
34 52 24.2618
34 151 21.2348
34 190 7.90121
34 272 2.17887
34 298 19.3425
34 366 2.14792
34 413 6.94223
34 482 4.10382
35 0 17.2407
35 6 2.57814
35 23 4.98689
35 184 23.4316
35 234 28.8693
35 291 9.71072
35 373 7.47739
35 413 12.1737
35 450 2
35 483 27.9332
36 0 17.6818
36 189 9.53155
36 246 12.4407
36 341 3.248
36 355 17.7391
36 430 10.3225
36 450 11.5438
37 0 23.0264
37 117 6.40518
37 128 14.7133
37 163 2
37 189 13.0346
37 215 6.20099
37 253 9.30166
37 262 23.575
37 334 2
37 478 9.69345
37 485 17.0763
38 0 25.817
38 26 6.76413
38 39 2.6779
38 164 12.8455
38 233 22.1571
38 439 37.0057
39 0 10.9832
39 6 3.45412
39 41 8.851
39 56 5.87744
39 68 6.92149
39 192 7.65604
39 202 7.79236
39 248 9.08756
39 277 11.2925
39 295 2.04367
39 308 3.51498
39 358 10.0282
39 406 2.33477
39 478 2
39 489 10.539
40 0 20.039
40 36 2.89438
40 71 14.4948
40 278 20.0583
40 376 13.6346
40 456 7.80593
40 462 18.5944
40 488 6.02849
40 489 18.5652
41 0 2
41 8 4.50672
41 95 12.9751
41 308 2
41 355 22.7458
41 384 14.8022
41 385 35.1091
41 462 2
41 470 2
42 0 22.8457
42 13 15.1556
42 25 8.00278
42 116 16.7227
42 238 10.5914
42 269 10.7579
42 334 22.9922
42 383 17.9641
42 385 15.5432
42 420 19.8238
42 447 15.4582
43 0 17.1219
43 11 2.99761
43 121 18.2977
43 165 22.6778
43 167 6.1978
43 234 31.6257
43 315 10.7589
43 496 28.8332
44 0 7.39163
44 130 27.0432
44 149 27.556
44 262 30.0865
44 479 2
45 0 2
45 57 2
45 132 4.87001
45 154 7.03819
45 191 16.6537
45 202 14.0138
45 276 2.43887
45 355 19.5681
45 404 11.737
45 460 2
46 0 23.1645
46 85 13.6935
46 186 3.03111
46 228 4.91922
46 346 12.2472
46 360 8.08848
46 383 19.7483
46 451 10.2946
47 0 23.2391
47 9 15.7757
47 59 49.7283
47 79 31.0304
47 199 36.7128
47 308 5.02665
48 0 25.0544
48 56 44.2412
48 330 5.87241
48 380 9.17795
48 430 43.3317
49 0 10.2002
49 23 13.2699
49 199 21.8528
49 226 6.35964
49 234 10.1691
49 316 8.58962
49 330 5.8737
49 355 13.207
49 453 14.9026
49 488 4.04105
49 496 3.31801
50 0 12.4604
50 13 2
50 177 5.75428
50 364 5.8817
50 376 24.22
50 455 4.43783
50 456 7.05051
50 487 4.54462
51 0 12.497
51 93 27.9569
51 134 16.3399
51 184 30.5399
51 231 8.85996
51 350 12.7939
51 377 6.51657
51 391 8.0695
52 0 10.4114
52 128 25.3252
52 153 28.243
52 246 14.1747
52 295 32.252
52 335 7.60962
52 362 6.39223
53 0 25.5026
53 51 43.7456
53 93 37.5684
53 140 2
53 188 30.0293
54 0 17.3609
54 16 12.3104
54 56 21.329
54 73 16.8204
54 75 6.76997
54 131 6.79775
54 142 2
54 177 15.4167
54 310 4.55112
55 0 2
55 23 2.47977
55 70 5.36008
55 158 3.55829
55 197 15.989
55 202 5.23888
55 242 14.5267
55 274 2.20475
55 376 18.2056
55 466 11.9052
55 483 2.04421
56 0 14.4411
56 4 2.43986
56 13 15.2703
56 25 8.69571
56 78 15.7095
56 84 10.6776
56 120 11.9572
56 145 11.8286
56 152 10.3158
56 231 5.43284
56 334 15.2282
56 450 10.8256
56 457 7.14938
56 490 12.8709
57 0 2
57 68 4.88175
57 72 8.5846
57 78 2
57 120 6.06098
57 184 2.52128
57 221 8.86579
57 224 2.40018
57 239 7.18697
57 243 3.4544
57 391 9.89699
57 483 6.46504
57 488 14.3317
57 496 3.10442
58 0 20.8635
58 100 2.02751
58 244 2
58 272 10.9033
58 283 7.92311
58 334 2
58 352 16.3522
58 424 29.457
59 0 9.62416
59 53 13.9811
59 61 2
59 87 2
59 231 15.1367
59 242 3.5751
59 243 4.95087
59 282 7.92865
59 294 6.87986
59 328 8.33208
59 340 14.4066
59 499 11.0993
60 0 5.0763
60 17 8.20838
60 56 19.3341
60 110 2
60 128 11.0929
60 140 7.83378
60 190 3.49407
60 257 19.8982
60 299 2.75628
60 328 10.7332
60 483 6.28095
61 0 2.44557
61 39 14.1108
61 230 17.0259
61 312 3.62036
61 328 25.8382
61 369 9.37012
61 453 5.11688
61 481 3.44354
62 0 34.7772
62 22 30.0818
62 161 23.1026
62 231 2.97131
62 288 30.6553
62 372 7.31671
63 0 14.4055
63 11 14.6482
63 39 6.61303
63 52 9.30837
63 180 8.27211
63 184 15.4472
63 234 13.572
63 272 5.86078
63 279 11.3622
63 466 17.0064
63 476 10.9547
64 0 2.07775
64 12 17.1065
64 48 10.2131
64 91 8.81862
64 92 14.7727
64 203 28.3263
64 234 6.30231
64 308 14.2264
64 359 11.2989
64 375 9.37464
64 404 2.23578
65 0 7.71501
65 82 12.3073
65 85 13.0401
65 92 13.4849
65 100 5.64018
65 143 18.6584
65 242 20.1458
65 248 9.41713
66 0 15.8336
66 11 13.6902
66 68 10.1601
66 88 20.0597
66 248 4.74711
66 355 14.4032
66 369 2
66 405 20.6292
66 432 10.7774
67 0 3.65727
67 119 14.4154
67 206 21.5363
67 209 28.6061
67 278 8.93743
67 445 4.04541
68 0 29.8237
68 257 48.156
68 269 7.32151
68 329 7.93825
68 404 21.3766
68 483 36.7884
69 0 83.7531
69 139 54.8911
69 434 40.4887
70 0 5.45501
70 51 25.647
70 52 17.4621
70 79 35.3687
70 132 46.4193
70 293 32.731
71 0 8.12321
71 3 10.0946
71 40 9.7835
71 97 9.21693
71 100 7.03001
71 121 7.85085
71 208 11.9966
71 244 6.1631
71 245 8.35216
71 262 15.9192
71 371 8.07209
71 391 16.4333
72 0 10.4791
72 31 2
72 93 12.9677
72 126 6.25675
72 143 9.8775
72 248 8.94092
72 277 13.5524
72 304 4.56462
72 323 2.12678
72 338 3.13086
72 361 14.6496
72 432 5.91431
72 466 8.11505
72 468 4.79386
73 0 10.6915
73 127 23.2636
73 217 37.9359
73 328 27.226
73 434 62.9111
74 0 17.6998
74 23 13.9005
74 52 4.80657
74 95 2.04942
74 140 10.7393
74 197 3.51324
74 219 2.56581
74 226 7.62591
74 249 17.3482
74 267 10.3313
74 391 15.7946
74 436 7.80397
74 437 13.7854
74 468 5.66274
75 0 7.79603
75 126 14.1323
75 213 12.4915
75 234 9.65444
75 269 34.4302
75 369 10.6516
75 436 31.4166
75 483 16.6099
75 488 8.92421
75 494 17.7578
76 0 21.3096
76 93 11.1165
76 130 17.6986
76 162 24.3445
76 218 33.3916
76 234 10.9887
76 303 5.86177
76 346 3.20694
76 365 18.2319
77 0 8.67214
77 26 13.736
77 63 5.0289
77 132 12.1719
77 177 11.7246
77 189 3.7233
77 216 3.66971
77 221 12.4293
77 248 11.891
77 271 12.4465
77 298 4.26589
77 355 11.6056
78 0 2
78 61 13.0196
78 158 7.74145
78 233 17.1722
78 333 8.18824
78 361 15.0009
78 376 9.94399
78 379 8.58782
78 383 12.5983
78 400 16.8013
78 423 11.1015
78 429 4.26285
78 450 8.9977
79 0 6.00995
79 6 2
79 56 8.17262
79 68 9.04263
79 82 8.62143
79 172 16.7877
79 214 9.67507
79 235 12.1905
79 246 13.9704
79 290 9.50369
79 476 11.1309
79 496 5.51185
80 0 18.8992
80 95 5.37057
80 120 2.07583
80 242 18.7382
80 300 33.8722
80 303 6.39288
80 376 6.12016
80 383 16.5282
80 416 13.2803
80 420 15.8303
81 0 9.36385
81 35 29.2861
81 61 19.1634
81 128 22.2414
81 184 8.28227
81 355 14.5298
81 360 4.87655
81 377 4.67132
81 416 7.76343
82 0 17.2256
82 6 40.6806
82 48 45.214
82 68 57.0057
82 413 38.0962
82 494 5.11382
83 0 3.15648
83 17 16.8855
83 139 5.66862
83 143 7.36438
83 153 4.85082
83 190 2
83 253 11.3073
83 255 5.41708
83 355 5.17389
83 376 13.0062
83 455 6.16762
83 476 13.4302
83 485 19.6583
84 0 14.7195
84 68 18.131
84 118 12.9771
84 215 27.0911
84 245 4.47551
84 255 4.75271
84 341 12.526
84 377 21.4723
84 487 10.6602
85 0 8.04463
85 2 3.36165
85 27 22.7327
85 39 13.9416
85 214 9.59594
85 266 22.4765
85 355 12.2689
85 436 18.7085
86 0 12.9689
86 217 14.6099
86 242 42.27
86 248 9.17376
86 255 23.0746
86 383 30.1659
87 0 18.6739
87 6 9.93891
87 13 2
87 23 7.10319
87 78 24.0719
87 190 22.999
87 228 24.5094
87 279 19.327
87 285 16.4015
87 459 3.67108
88 0 44.3694
88 84 9.13292
88 140 29.9878
88 199 24.8627
88 228 15.6626
88 234 20.8682
88 306 14.4829
89 0 7.54566
89 35 3.54093
89 121 5.57927
89 190 6.03655
89 231 11.1279
89 243 20.0812
89 325 23.253
89 420 12.6784
89 436 24.0372
89 485 28.9993
90 0 2
90 10 5.63752
90 132 4.37274
90 182 11.5381
90 199 8.58691
90 202 9.94698
90 220 2.92063
90 413 23.0926
90 472 18.3042
90 476 21.0472
91 0 10.0908
91 9 18.556
91 11 13.9365
91 98 2
91 231 3.10261
91 233 2.7417
91 234 14.1138
91 291 2
91 424 10.1343
91 436 6.73064
91 442 16.898
91 461 2
91 464 2
91 466 2.86193
92 0 13.9421
92 40 25.6443
92 231 18.4671
92 436 25.7294
92 455 25.4484
92 472 33.4266
92 477 2.00384
93 0 38.5072
93 40 23.225
93 120 10.1917
93 157 24.3267
93 163 19.1286
93 234 6.10623
93 315 19.1194
94 0 16.7404
94 1 4.71964
94 148 13.0609
94 163 3.28348
94 245 4.44338
94 434 14.6427
94 485 18.5248
95 0 6.48896
95 43 4.93013
95 45 2
95 68 12.9048
95 125 16.4844
95 231 2
95 273 11.9578
95 274 4.16559
95 290 9.35102
95 377 11.3448
95 423 5.13842
95 496 14.3748
95 498 11.2168
96 0 22.6891
96 19 6.19961
96 45 2
96 48 26.2002
96 120 13.2496
96 146 9.93986
96 231 7.26222
96 330 3.10192
96 334 2
96 418 5.38144
96 455 27.8972
96 460 4.30201
97 0 13.185
97 39 15.9449
97 84 10.4655
97 148 10.3309
97 158 4.27326
97 221 22.0535
97 234 8.56546
97 298 10.5723
98 0 9.91902
98 40 33.1416
98 96 19.2367
98 163 13.8514
98 199 17.7545
98 242 11.6132
98 323 9.38954
98 335 2
99 0 51.3484
99 93 83.7554
99 257 29.9598
100 0 7.09631
100 69 12.4662
100 154 6.39863
100 221 13.8444
100 242 12.3334
100 303 16.5163
100 377 30.0877
100 436 11.0429
100 472 13.6073
101 0 9.05837
101 185 9.85381
101 279 24.1313
101 290 36.9518
101 377 12.4392
101 383 23.0094
101 450 3.18341
101 495 30.6587
102 0 74.4485
102 200 39.3338
102 299 57.0391
102 306 41.3575
103 0 7.6996
103 32 6.28547
103 48 11.8072
103 69 2
103 143 3.76003
103 207 7.89689
103 231 13.5744
103 295 13.0623
103 318 5.73759
103 330 3.20239
103 358 8.20065
103 377 7.23269
103 385 9.98277
103 468 8.92388
104 0 6.32055
104 49 17.2175
104 118 23.0033
104 162 8.32955
104 190 13.6713
104 243 12.6315
104 335 11.2602
104 342 2
104 350 2.59971
104 377 2.05362
104 485 19.2114
104 489 4.63683
105 0 14.3021
105 27 16.1398
105 54 2.63526
105 64 22.089
105 68 6.61698
105 87 13.9287
105 204 14.5281
105 229 23.0691
105 231 7.74057
105 291 2.80406
106 0 16.6051
106 69 27.3293
106 84 2.93611
106 159 28.4044
106 355 14.1504
106 468 15.8673
106 472 38.8982
106 482 9.07651
106 486 17.2928
107 0 14.4003
107 10 2.15584
107 68 8.13776
107 107 6.70871
107 142 22.0199
107 158 3.51594
107 187 16.1925
107 188 20.0998
107 269 2.029
107 383 19.1975
108 0 2
108 61 3.7106
108 238 27.4375
108 257 5.45984
108 289 22.529
108 344 19.6173
108 436 17.2263
108 494 29.3707
109 0 6.65567
109 40 16.4429
109 68 2.83242
109 100 7.29837
109 119 9.73204
109 228 30.7594
109 269 16.3103
109 279 10.4609
109 455 14.2467
109 496 18.7424
110 0 9.55602
110 84 15.0788
110 108 2.0725
110 111 11.8945
110 140 7.17517
110 190 12.4746
110 204 19.5139
110 392 21.9439
110 405 13.9389
110 420 19.9064
111 0 18.8603
111 18 25.7602
111 32 25.9082
111 199 39.8872
111 269 11.626
111 436 8.79768
112 0 3.44284
112 13 17.2953
112 112 4.08184
112 315 13.9867
112 344 4.20787
112 379 7.76372
112 448 14.9746
112 455 11.7211
112 461 15.6127
112 472 2
112 486 3.06935
113 0 24.4446
113 26 17.1412
113 79 7.40346
113 154 11.8863
113 182 21.8702
113 217 19.4644
113 310 30.2983
113 329 25.6509
114 0 9.45026
114 11 7.50507
114 85 2
114 149 10.9875
114 219 13.5472
114 234 4.80437
114 239 4.81763
114 246 4.3509
114 269 2
114 291 12.7938
114 294 3.10193
114 417 10.8419
114 476 11.3802
114 489 17.5311
114 499 2.03917
115 0 12.7247
115 8 6.3914
115 10 17.4354
115 204 23.216
115 410 14.3415
115 445 7.13687
115 448 5.00037
115 450 8.77069
115 465 14.9664
115 478 28.8009
116 0 2
116 6 13.2178
116 30 14.3856
116 65 3.52582
116 68 9.3347
116 79 7.25353
116 97 13.7937
116 130 2.14253
116 202 6.49566
116 244 13.8345
116 312 3.19822
116 331 2.7797
116 488 6.32415
116 489 2
116 496 10.8799
117 0 35.9621
117 78 23.1324
117 224 50.7721
118 0 5.83946
118 85 7.24384
118 132 11.6777
118 161 11.0812
118 190 4.76623
118 222 12.3379
118 230 2
118 259 20.1543
118 328 4.65498
118 476 12.601
118 482 4.91512
118 493 2.59958
119 0 12.7518
119 163 2
119 202 7.28331
119 228 2
119 246 5.80733
119 312 14.9574
119 327 2
119 379 5.3081
119 470 11.4636
119 486 7.62014
120 0 8.22121
120 155 8.32216
120 179 9.33736
120 188 21.0252
120 245 10.1072
120 248 11.1829
120 262 19.5932
120 293 14.9282
120 299 15.8892
120 404 7.95333
120 443 17.5767
121 0 13.3233
121 11 19.3659
121 153 23.0555
121 295 16.2236
121 371 24.8232
121 451 41.4784
121 461 3.6678
122 0 4.45513
122 19 5.63437
122 23 9.41535
122 26 13.6461
122 69 2
122 199 2.07632
122 207 4.78696
122 222 3.42785
122 308 12.2715
122 372 11.9722
122 379 2
122 468 3.86062
123 0 38.0308
123 68 3.56326
123 131 77.1164
124 0 12.5192
124 43 9.65536
124 84 15.9774
124 93 19.1065
124 140 13.6468
124 188 13.1742
124 254 16.3547
124 299 2.53272
124 308 10.7327
124 334 11.1811
124 401 22.0173
124 404 11.0065
124 447 19.3217
125 0 3.44832
125 11 16.8282
125 87 5.38707
125 190 2.30622
125 245 17.6383
125 279 13.0245
125 300 18.0455
125 383 24.7152
125 394 13.8788
125 472 13.7086
125 482 3.5146
125 487 6.21439
126 0 16.111
126 75 3.55665
126 137 11.0016
126 145 7.16578
126 190 14.3887
126 201 2.85713
126 297 11.0083
126 330 14.5221
126 355 5.41999
126 436 7.66808
126 444 8.73112
126 456 8.17032
127 0 23.8983
127 52 11.4524
127 68 11.6367
127 216 32.8482
127 231 2.3857
127 240 19.4011
127 244 6.02131
128 0 31.0838
128 158 17.8211
128 164 6.43486
128 189 15.0627
128 191 11.1114
128 310 18.3355
128 391 11.8428
128 434 3.94182
129 0 15.6145
129 10 18.3411
129 64 17.6494
129 177 5.97232
129 190 3.46388
129 199 12.9863
129 279 3.6205
129 334 8.76582
129 375 3.67483
130 0 2
130 167 9.5144
130 174 33.087
130 280 54.6267
130 303 41.9866
131 0 7.02623
131 8 14.254
131 84 5.41974
131 128 8.7589
131 140 6.23601
131 158 2
131 220 3.31371
131 228 19.2993
131 246 8.91318
131 294 14.871
131 325 4.58519
131 376 15.6805
131 468 2.97315
131 487 14.5606
132 0 7.8272
132 23 14.2793
132 36 9.87723
132 68 18.2047
132 148 23.142
132 228 16.8262
132 293 27.8491
132 405 2.94214
132 492 23.2364
133 0 13.9474
133 26 14.1107
133 57 10.3194
133 60 16.0027
133 71 10.5271
133 106 11.6233
133 312 11.0502
133 329 11.3646
133 383 10.0419
133 401 23.5953
133 468 16.7614
134 0 3.49415
134 18 31.6661
134 68 20.0506
134 96 7.80811
134 132 14.9557
134 188 3.18301
134 332 21.5195
134 360 13.689
134 455 12.3965
135 0 7.4843
135 81 10.6302
135 167 4.60487
135 195 7.96792
135 199 6.61801
135 214 20.0486
135 216 14.9287
135 229 7.75778
135 231 11.2103
135 269 4.70094
135 320 4.04391
135 380 6.76327
135 421 2
136 0 10.9025
136 117 23.1676
136 188 19.9825
136 228 16.0239
136 231 20.672
136 272 5.00492
136 375 16.8742
136 413 4.02849
136 472 11.3133
136 482 10.9447
137 0 5.13212
137 120 2.63392
137 152 2
137 153 8.74574
137 197 8.11891
137 246 14.3265
137 253 4.51978
137 294 17.0174
137 330 7.61698
137 345 10.7772
137 347 2
138 0 4.7966
138 57 18.6419
138 69 12.5571
138 257 12.016
138 269 6.50472
138 350 2
138 355 6.8295
138 377 8.06019
138 423 4.64171
138 450 18.9725
139 0 14.8177
139 23 2.70425
139 27 24.7152
139 34 8.73481
139 48 11.1805
139 199 12.2648
139 230 22.962
139 231 11.0378
139 253 11.683
139 333 20.6517
139 334 3.56922
139 427 4.81315
140 0 8.98983
140 1 12.5105
140 3 20.3545
140 126 18.3309
140 132 2.94989
140 146 2.2191
140 230 4.72681
140 246 16.634
140 254 4.8508
140 269 11.9248
141 0 45.7842
141 65 13.0134
141 104 19.0378
141 230 14.48
141 386 29.626
141 412 36.9154
142 0 6.16871
142 39 7.55034
142 51 2.08388
142 68 14.1764
142 147 13.9685
142 218 10.2679
142 371 15.8227
142 385 15.1175
142 487 2.86537
143 0 15.5738
143 16 20.9774
143 39 23.5261
143 152 7.76978
143 207 13.3845
143 228 17.6743
143 307 14.6088
143 442 12.5582
144 0 10.5324
144 69 12.9358
144 120 8.34414
144 127 4.88303
144 198 12.949
144 234 12.285
144 269 18.9463
144 310 17.5142
144 359 9.80113
144 377 14.3928
144 414 8.1907
144 420 2.13316
144 476 5.10184
145 0 3.8635
145 56 12.6944
145 66 21.5664
145 185 2
145 191 24.8697
145 234 14.9937
145 318 2
145 400 29.6816
145 482 4.32256
146 0 2
146 65 9.23187
146 152 19.837
146 158 8.50313
146 202 12.963
146 214 11.6649
146 219 2
146 450 17.2893
147 0 17.0807
147 11 8.4361
147 128 12.9341
147 168 8.64063
147 199 6.14094
147 220 22.9057
147 231 2.31229
147 288 2
147 408 16.5654
147 453 2.01342
148 0 44.8434
148 132 45.2977
148 427 11.8335
149 0 2
149 23 6.01659
149 57 16.8603
149 73 20.3451
149 216 4.3126
149 266 14.7135
149 272 12.1686
149 347 11.7168
149 437 4.38782
149 488 17.009
149 499 6.43858
150 0 13.4189
150 60 14.8982
150 98 15.1382
150 186 2
150 190 2
150 213 18.8784
150 228 23.4984
150 229 12.4749
150 283 4.98585
150 334 16.4726
150 465 21.7192
151 0 2.11648
151 13 3.33226
151 30 13.4014
151 34 17.1057
151 179 5.81584
151 220 9.19083
151 231 14.5121
151 290 6.63953
151 363 4.35384
151 372 14.0021
151 404 9.83234
151 447 7.72735
151 466 6.72623
151 488 2
152 0 20.3388
152 15 11.4904
152 56 20.4026
152 191 16.8247
152 216 20.4128
152 295 10.4891
152 362 12.9037
152 372 22.5505
152 380 7.76372
152 448 8.51198
152 466 8.34483
153 0 18.0875
153 5 5.61814
153 134 2
153 246 17.4694
153 320 8.90672
153 434 28.5003
153 476 14.516
154 0 17.1658
154 23 18.4018
154 197 10.0538
154 271 17.6742
154 308 18.0839
154 312 9.70463
154 363 7.09128
154 385 17.2127
154 468 18.603
155 0 6.75924
155 117 7.93519
155 155 9.14368
155 162 16.1224
155 245 12.0363
155 277 17.5591
155 282 13.2586
155 300 24.4099
155 412 15.8373
155 425 6.5037
156 0 28.7692
156 245 44.9555
156 297 23.2198
156 339 35.2528
156 393 25.8501
157 0 17.76
157 68 13.4487
157 161 10.9533
157 186 8.06529
157 201 8.56687
157 297 2.3906
157 320 23.2545
157 355 2
157 372 8.05931
157 431 5.13018
157 448 16.1467
158 0 11.8183
158 97 12.7866
158 136 17.1824
158 188 2
158 225 19.5939
158 230 3.6536
158 242 13.223
158 358 10.9076
158 362 19.946
158 383 10.3791
158 466 5.92581
159 0 12.4767
159 112 11.049
159 186 26.566
159 188 4.81633
159 217 15.6426
159 342 6.73501
159 412 6.84048
159 423 9.12344
159 447 2
159 448 9.24269
159 486 8.51799
160 0 17.6076
160 92 53.0558
160 108 51.6745
160 197 37.1353
161 0 7.04177
161 3 2
161 188 17.9598
161 221 16.6915
161 230 13.9971
161 244 6.55571
161 282 2
161 334 8.23419
161 408 2
161 440 10.83
161 481 2
162 0 36.6463
162 27 29.313
162 46 3.31456
162 131 4.60776
162 334 2.22878
162 341 7.79091
162 401 4.62302
162 440 5.87044
163 0 3.01239
163 12 21.4987
163 64 17.8188
163 87 18.0332
163 91 38.2271
163 306 5.68723
163 383 6.28297
164 0 23.8793
164 17 2.35506
164 242 46.9251
164 455 27.5086
164 477 20.0793
164 498 4.96534
165 0 9.12729
165 166 21.5888
165 190 40.1947
165 214 23.8567
165 246 14.4397
165 334 34.3894
166 0 8.38332
166 49 8.82183
166 70 28.9296
166 191 2
166 217 8.97245
166 265 3.36039
166 496 18.8146
167 0 10.4288
167 3 10.3372
167 87 7.97786
167 132 2.29235
167 152 6.87644
167 230 15.1128
167 231 4.47627
167 234 5.61722
167 402 2
167 452 4.93291
167 456 2
168 0 3.44932
168 45 13.3399
168 100 2.71388
168 106 2.92019
168 128 5.75032
168 212 16.3495
168 244 29.5375
168 450 4.47684
169 0 2.33202
169 7 11.71
169 171 13.3024
169 283 2
169 354 2
169 380 10.2336
169 383 25.235
169 478 3.85193
169 482 8.87618
170 0 10.6776
170 19 5.59189
170 70 12.4866
170 162 4.46418
170 213 17.1603
170 355 5.0948
170 376 6.19164
170 383 2
170 408 10.6426
170 434 11.2622
170 449 3.33468
170 450 9.8763
170 457 15.4656
170 496 2
171 0 23.1838
171 110 18.5697
171 222 14.3156
171 228 17.4746
171 245 9.43856
171 405 15.6642
171 413 23.6738
171 450 27.9528
171 488 2.39137
172 0 12.6109
172 11 4.07512
172 121 4.73334
172 161 5.01616
172 234 3.78762
172 274 10.1843
172 293 12.279
172 342 5.28346
172 379 4.1881
172 394 15.5329
172 401 10.0389
172 417 4.55095
172 453 13.3594
173 0 21.0669
173 132 7.58452
173 164 6.65701
173 205 24.8762
173 225 2
173 230 3.154
173 231 10.7904
173 356 10.4244
173 361 14.6504
173 456 6.69168
173 496 9.78106
173 498 13.4349
174 0 13.9691
174 71 46.9894
174 190 43.5334
174 215 27.2783
174 333 21.7061
175 0 2
175 9 2
175 34 14.8109
175 167 2
175 179 3.63769
175 189 12.9269
175 287 2.03981
175 334 3.26014
175 379 13.6555
175 394 9.64147
175 436 16.3654
175 462 14.3721
175 489 3.15616
176 0 15.8592
176 128 22.8941
176 136 20.381
176 140 7.24416
176 167 14.0808
176 246 18.3017
176 361 10.8472
176 447 5.6466
176 457 3.66577
176 496 12.1156
177 0 9.47966
177 9 6.95124
177 38 2
177 68 14.4699
177 187 5.41792
177 201 4.67615
177 231 2.87707
177 266 2.83403
177 311 12.2433
177 318 2
177 436 15.8575
178 0 6.01016
178 90 4.4941
178 93 13.0281
178 104 10.6577
178 140 9.97072
178 152 8.21689
178 229 9.08296
178 231 21.672
178 293 6.03962
178 369 5.89239
178 430 9.76275
178 457 14.194
178 468 2
179 0 2.59409
179 23 18.8486
179 31 10.9244
179 179 28.4893
179 257 21.4739
179 331 19.2329
179 472 17.8182
180 0 27.6721
180 156 52.0006
180 191 52.7192
181 0 21.107
181 68 18.4465
181 205 5.89576
181 299 10.5169
181 386 33.108
181 466 13.8366
181 482 6.47891
182 0 10.8849
182 13 20.1039
182 61 19.0427
182 93 5.01692
182 152 2.00713
182 189 11.3322
182 245 15.2843
182 295 5.02427
182 391 6.55138
182 476 17.3916
182 486 6.32426
183 0 14.5185
183 149 3.74202
183 197 14.3078
183 290 23.1815
183 303 18.0464
183 312 29.2078
183 408 13.102
184 0 17.8084
184 1 12.705
184 93 2
184 98 16.4183
184 187 12.6229
184 214 16.9398
184 234 10.2529
184 269 2
184 295 9.86714
184 354 10.0477
184 383 9.51166
185 0 5.31445
185 70 11.2696
185 97 24.89
185 207 11.7773
185 209 6.43615
185 234 11.3661
185 405 11.1576
185 407 15.3448
185 496 11.0778
186 0 14.642
186 61 13.1121
186 68 13.7581
186 249 15.0188
186 285 11.7805
186 350 11.2288
186 450 10.9561
186 486 2
186 496 15.8862
187 0 19.1365
187 148 14.9633
187 158 23.754
187 164 21.6314
187 185 31.3774
187 228 3.31761
187 255 8.89542
187 330 24.2897
187 353 21.4107
188 0 16.7895
188 25 35.812
188 71 23.5222
188 96 33.3821
188 231 17.4924
188 359 22.8611
188 436 28.2424
189 0 17.5912
189 85 49.6841
189 163 10.4444
189 231 20.6949
189 285 4.2059
189 486 35.2154
190 0 33.3882
190 11 2.05125
190 76 18.8451
190 128 13.0653
190 152 3.13826
190 199 25.8808
190 217 19.1472
190 223 4.13202
190 318 16.2942
191 0 9.63562
191 140 13.2043
191 162 15.7919
191 242 4.83859
191 246 6.3575
191 365 2
191 377 14.0738
191 381 2
191 457 22.6091
191 472 23.973
191 487 7.10266
191 499 4.95441
192 0 2.0376
192 66 21.3572
192 121 16.1181
192 188 5.36077
192 190 7.59348
192 192 4.85373
192 202 7.09307
192 257 3.38139
192 303 17.2759
192 355 7.97151
192 382 3.72749
193 0 15.1729
193 68 2
193 93 6.33025
193 98 4.15663
193 128 10.4928
193 234 25.9805
193 308 17.005
193 407 3.21511
193 436 2.39504
194 0 34.4467
194 195 32.3772
194 272 21.5051
194 318 39.6209
194 496 36.7997
195 0 15.7598
195 6 15.3918
195 93 3.11596
195 125 12.1646
195 165 12.7738
195 246 11.1649
195 298 2.81584
195 335 4.10744
195 342 7.02611
195 355 4.63384
195 447 16.8902
196 0 2.07948
196 57 9.48406
196 153 2.89364
196 163 6.84342
196 192 2.6873
196 202 2
196 293 21.4043
196 329 23.4367
196 397 5.17888
196 466 4.60979
197 0 3.83469
197 85 12.6131
197 156 3.8359
197 181 13.2266
197 215 6.72511
197 225 5.05179
197 342 7.55186
197 349 30.0729
197 401 23.9755
197 430 3.64193
197 468 14.0604
197 487 4.16467
198 0 8.86634
198 25 2.77743
198 84 15.8939
198 128 16.5
198 132 10.8927
198 158 6.51853
198 164 15.2767
198 197 4.2017
198 233 4.44339
198 310 8.42266
198 375 5.20739
198 393 9.05166
198 434 13.1556
199 0 6.38483
199 4 2.68506
199 158 29.7064
199 217 28.8425
199 257 26.6596
199 405 6.22905
199 436 32.3674
200 0 42.6903
200 93 71.791
200 245 94.3012
201 0 23.0219
201 23 7.86876
201 85 18.6633
201 170 23.5454
201 226 18.159
201 246 20.3137
201 270 17.6101
201 305 9.25977
201 358 4.08481
201 404 3.63314
202 0 24.2121
202 51 28.1835
202 246 23.3653
202 287 36.844
202 320 17.3355
202 405 10.414
202 455 19.9862
203 0 23.6008
203 9 2.70485
203 61 16.059
203 93 36.301
203 188 28.7755
203 445 31.8375
203 472 2
204 0 2.25404
204 128 16.7257
204 143 9.6912
204 159 15.5713
204 254 19.132
204 289 21.4395
204 295 3.05911
204 382 5.34102
204 436 8.9092
204 482 16.6839
204 496 3.08047
205 0 5.75514
205 69 7.55526
205 127 3.89366
205 161 9.70032
205 192 5.00921
205 197 15.857
205 234 2.56235
205 299 14.5134
205 303 2.79937
205 354 2
205 368 9.95125
205 373 2
205 377 2
205 381 4.8638
206 0 18.9245
206 6 31.3097
206 23 2
206 187 32.7861
206 308 17.9946
206 384 6.8811
206 487 26.0153
207 0 2
207 11 2.63868
207 56 13.3855
207 97 13.4713
207 106 13.2953
207 158 7.69341
207 188 6.1348
207 190 6.04591
207 299 12.5164
207 308 19.6816
207 334 2.09338
207 483 12.0299
207 488 3.65562
208 0 11.7213
208 10 15.7047
208 93 11.0957
208 117 6.29824
208 149 3.50408
208 152 13.8564
208 167 7.92539
208 230 11.7838
208 244 9.97736
208 377 6.76116
208 425 3.55613
208 427 2.03759
208 457 11.4368
208 488 9.13484
208 492 4.27413
209 0 2
209 9 7.24056
209 32 3.77718
209 108 6.90729
209 136 5.39807
209 174 9.0938
209 188 14.7632
209 246 2.32404
209 311 2
209 350 4.47162
209 356 5.25356
209 379 11.1746
209 391 2.09165
210 0 28.4428
210 262 67.4739
210 272 11.3251
210 491 73.4068
211 0 2
211 8 8.47638
211 71 5.19556
211 136 24.6148
211 190 7.72977
211 231 14.052
211 320 12.7464
211 355 10.4241
211 482 2.6685
212 0 17.8866
212 45 9.91292
212 66 18.5571
212 68 10.4262
212 84 7.66196
212 222 7.86377
212 231 26.5749
212 308 20.617
212 380 24.9009
212 440 4.54118
213 0 5.36044
213 39 34.2871
213 116 4.4463
213 158 14.2313
213 375 29.2316
213 408 2
213 457 15.4304
214 0 15.538
214 187 18.2848
214 254 7.85634
214 330 19.1643
214 336 16.6689
214 394 47.2363
214 414 15.8424
215 0 2
215 21 3.12256
215 56 7.02732
215 98 2.18189
215 134 12.4947
215 174 5.60796
215 207 28.0224
215 341 6.10443
215 365 22.2659
215 445 5.74498
215 450 9.82661
216 0 12.5943
216 23 15.6219
216 118 11.8505
216 136 7.91791
216 140 2
216 242 8.35818
216 262 7.61775
216 280 2.73835
216 291 8.83119
216 304 6.96472
216 360 8.51974
216 434 2
217 0 16.0589
217 70 4.44786
217 86 13.3466
217 190 11.8939
217 290 19.0087
217 377 5.90713
217 446 10.0342
217 456 2.95196
217 470 2
217 483 7.99505
218 0 21.9457
218 10 18.0718
218 52 26.7271
218 93 22.1211
218 171 26.0835
218 197 15.6811
218 231 2
218 333 7.97981
218 435 11.386
219 0 21.4194
219 56 4.24736
219 67 2
219 211 3.92337
219 218 2.33081
219 230 14.1333
219 266 2.51148
219 331 6.40589
219 383 24.5093
219 420 13.4257
220 0 31.2133
220 71 24.067
220 188 16.9487
220 230 19.0137
220 298 19.8022
220 436 8.08313
220 457 28.5708
221 0 16.0726
221 23 8.46753
221 66 16.8894
221 130 12.5917
221 151 8.99525
221 189 8.34036
221 231 19.0811
221 272 16.6783
221 423 9.14292
221 472 5.22466
222 0 15.9572
222 3 15.686
222 27 15.9701
222 175 12.6551
222 190 2
222 211 14.4363
222 277 11.9564
222 303 2.53906
222 313 4.7936
222 412 32.3746
222 416 23.9065
223 0 16.7853
223 39 12.0178
223 71 12.2885
223 393 15.9465
223 412 32.7343
223 448 26.4941
223 494 22.356
224 0 7.4498
224 6 24.1292
224 56 2.28829
224 72 11.102
224 168 4.75256
224 198 25.2207
224 270 15.1339
224 300 7.83164
224 489 16.7274
225 0 13.5006
225 5 11.9857
225 156 19.9124
225 313 12.4132
225 315 3.45068
225 324 2.00721
225 450 7.15721
225 478 8.88688
226 0 78.519
226 184 39.6019
226 205 22.0877
226 431 28.7442
227 0 16.6627
227 2 2
227 49 4.2235
227 65 17.2553
227 117 18.1516
227 158 21.9528
227 184 6.05415
227 209 9.12537
227 230 14.1632
227 346 5.9977
227 390 9.87835
227 412 11.3916
228 0 17.6839
228 23 2.17111
228 49 2.9582
228 190 23.5435
228 233 2
228 234 2.79542
228 312 26.2774
228 450 20.6406
229 0 9.53817
229 112 9.91618
229 140 11.9247
229 182 10.9475
229 228 5.21677
229 300 19.3015
229 383 9.90899
229 393 3.92106
229 405 7.28321
229 408 11.7786
229 412 3.34127
229 427 9.43015
229 436 10.4339
229 478 5.03915
229 479 7.78562
230 0 56.8503
230 71 16.2511
230 408 34.2998
231 0 8.39815
231 19 2.62592
231 56 8.52625
231 87 7.85737
231 221 4.28878
231 246 9.38506
231 295 4.41465
231 320 11.7826
231 396 12.9255
231 420 4.97642
232 0 2.27665
232 6 3.09521
232 10 14.5885
232 42 8.49945
232 100 14.2445
232 156 2
232 188 10.2052
232 222 6.05493
232 253 3.70014
232 258 17.5948
232 420 14.7214
232 488 20.348
233 0 6.59295
233 34 3.14524
233 39 3.41285
233 61 19.7369
233 71 6.63322
233 85 3.13101
233 97 9.3376
233 167 15.396
233 188 2.6121
233 197 4.89224
233 229 2
233 321 13.8428
233 329 6.9353
233 377 2.8192
234 0 4.65232
234 9 2
234 31 5.04069
234 71 6.96156
234 86 6.27834
234 149 8.9333
234 152 2
234 222 7.15612
235 0 13.0951
235 9 10.3359
235 26 7.36776
235 110 2
235 128 2
235 187 8.3693
235 188 12.7135
235 190 2
235 212 14.0486
235 216 3.18975
235 425 12.369
235 468 2.10361
236 0 8.64036
236 9 7.18863
236 158 8.49711
236 164 13.3751
236 184 10.7342
236 192 2
236 231 15.9206
236 234 14.9002
236 283 9.23857
236 334 14.492
236 436 9.43825
236 498 15.94
237 0 78.39
237 9 38.835
237 177 73.4622
237 310 40.7312
238 0 19.0639
238 84 20.3246
238 127 3.20039
238 231 18.9695
238 350 36.0514
238 367 38.0639
238 468 2
239 0 41.7979
239 39 19.9698
239 308 5.03256
239 430 49.0519
239 488 2.87692
240 0 7.99264
240 5 2.28322
240 19 5.69606
240 177 11.9487
240 189 11.3968
240 208 11.4563
240 213 16.9736
240 231 2.65497
240 314 9.41004
240 328 10.5778
240 413 15.043
240 443 21.355
241 0 69.5555
241 79 35.9738
241 190 5.4571
241 434 25.6454
241 436 3.06738
242 0 35.5302
242 49 2
242 246 20.6196
242 276 24.1421
242 324 22.8073
242 415 26.435
242 455 11.0387
243 0 22.1686
243 61 9.24791
243 116 12.8786
243 149 15.5475
243 248 10.7516
243 303 7.02737
243 347 2
243 377 10.1544
243 393 9.71094
243 492 15.5635
244 0 8.01675
244 16 6.25533
244 84 43.044
244 248 36.8974
244 287 24.6398
244 346 18.1524
245 0 2.55277
245 100 2
245 187 14.5876
245 228 25.2965
245 234 17.3314
245 262 4.78073
245 294 29.1315
245 383 22.3423
245 487 27.7946
246 0 6.13885
246 58 5.37255
246 87 17.2584
246 96 22.0126
246 120 6.86838
246 152 2.41516
246 215 3.47216
246 274 13.0412
246 281 9.91097
246 299 20.5518
246 483 7.69487
247 0 13.8227
247 175 11.3381
247 187 15.1431
247 231 38.9498
247 297 5.56317
247 324 15.618
247 482 17.3539
248 0 11.104
248 23 14.8536
248 32 21.1394
248 45 2
248 149 11.6029
248 271 2.88273
248 274 8.73084
248 324 2
248 410 22.9113
248 487 14.4134
249 0 28.7005
249 23 4.86955
249 56 18.4856
249 99 11.637
249 350 21.8002
249 369 24.0768
249 496 16.7802
250 0 32.3046
250 19 16.0768
250 106 8.18401
250 230 35.8452
250 330 3.06073
250 350 16.6221
250 392 18.7433
251 0 19.4609
251 91 8.13698
251 290 19.8841
251 350 14.5595
251 383 37.0036
251 420 24.6219
251 427 8.17256
252 0 15.7076
252 9 2
252 37 24.5916
252 128 10.0355
252 165 12.5552
252 336 26.2593
252 351 17.1074
252 377 4.22894
252 393 17.2365
252 413 4.52599
253 0 12.609
253 38 18.898
253 228 23.1776
253 326 6.93087
253 335 30.9713
253 453 14.5242
253 488 21.9875
253 494 13.475
254 0 15.511
254 49 12.9829
254 82 5.26698
254 224 22.6208
254 342 6.07988
254 394 2.14023
254 420 3.21408
254 430 3.40057
254 455 29.1605
255 0 2.98328
255 12 2
255 96 2.26074
255 234 13.0993
255 280 17.592
255 369 19.2629
255 393 4.0538
255 400 10.4936
255 416 15.682
255 427 17.3519
255 445 15.4011
255 454 7.08425
256 0 2
256 6 2
256 55 14.6814
256 62 7.25162
256 180 2.68334
256 199 16.1277
256 209 13.6019
256 323 18.4318
256 369 14.4108
256 379 7.04893
256 466 12.3028
257 0 34.6735
257 269 34.4641
257 296 15.3005
257 311 16.5487
257 361 35.6485
257 367 6.96241
257 434 21.1398
258 0 20.227
258 134 3.36894
258 198 17.3522
258 225 4.5105
258 230 5.59861
258 248 14.4519
258 279 19.7464
258 299 19.0311
258 321 15.3852
258 496 29.9244
259 0 10.256
259 18 8.60476
259 34 6.48185
259 135 8.91694
259 201 3.11785
259 215 18.7262
259 228 2
259 436 19.9992
259 439 12.4179
259 494 20.6897
260 0 9.91013
260 23 12.2597
260 132 9.71488
260 279 5.72351
260 334 10.3481
260 371 2
260 401 2.81695
260 436 12.6976
261 0 33.2525
261 132 24.97
261 135 28.8754
261 188 5.99681
261 220 23.1828
261 254 6.91565
261 269 29.5753
261 363 2
261 476 8.06973
262 0 22.9309
262 68 10.551
262 78 37.9363
262 198 35.658
262 283 64.593
262 377 10.6356
263 0 6.42356
263 13 10.2994
263 213 16.5763
263 359 14.2952
263 412 3.64786
263 457 25.8086
263 495 2
264 0 8.34596
264 231 22.9275
264 243 13.6546
264 274 45.636
264 420 2.59414
264 448 21.9492
265 0 14.4636
265 6 2
265 78 24.0446
265 181 4.71455
265 228 2.80789
265 299 2.20486
265 324 10.8564
265 346 14.8689
265 355 3.29728
265 407 10.9343
266 0 3.66623
266 8 13.4802
266 11 2.0961
266 85 4.83541
266 157 6.61442
266 229 2.77843
266 231 2.45536
266 254 10.9531
266 368 11.6123
266 384 5.69217
266 498 11.5469
267 0 24.8198
267 84 27.207
267 223 2
267 335 23.5617
267 355 26.7102
267 422 10.8322
267 442 20.0852
268 0 2
268 120 16.693
268 140 15.3411
268 161 2
268 234 31.728
268 356 25.0616
268 381 17.2559
268 401 13.5729
268 424 16.0259
268 487 10.6989
269 0 30.9934
269 161 2
269 386 45.7408
269 427 4.32149
270 0 5.49246
270 132 22.3311
270 162 19.7893
270 190 16.9455
270 205 23.9254
270 231 2.09223
270 291 15.3613
270 335 11.6484
270 499 15.6111
271 0 2
271 97 2.44646
271 201 2.3532
271 241 8.24245
271 269 2.36316
271 274 8.40682
271 373 2
271 401 8.72056
271 466 4.91129
271 496 2.36563
272 0 4.00738
272 9 2
272 31 9.43129
272 68 4.2993
272 188 14.3693
272 204 6.04387
272 230 12.6228
272 353 14.1997
272 377 2
272 398 10.0513
272 470 4.92439
273 0 29.7883
273 135 20.9467
273 143 3.56676
273 204 14.4552
273 216 10.8309
273 360 15.3026
273 362 6.99774
274 0 11.6334
274 35 3.66005
274 39 12.8106
274 99 3.92983
274 102 18.9488
274 127 4.90892
274 188 7.47211
274 217 3.63706
274 235 7.51358
274 262 6.55526
274 355 7.53064
274 361 6.34584
274 369 8.32531
275 0 14.4328
275 156 57.1733
275 303 4.74988
275 350 27.4351
275 377 29.663
276 0 6.68925
276 184 8.92087
276 234 11.5902
276 255 8.25672
276 272 5.4347
276 299 26.1084
276 311 18.9657
276 323 15.7275
276 445 8.31498
276 458 3.77213
276 486 2.03107
277 0 17.8235
277 57 31.6263
277 78 11.0763
277 127 30.1342
277 191 10.986
277 216 4.81337
277 248 5.20571
277 418 31.0718
278 0 4.92331
278 137 18.8684
278 231 5.3657
278 324 44.6267
278 363 21.586
278 376 31.2194
278 379 7.85494
278 486 11.81
279 0 9.46042
279 132 32.1307
279 176 2.16996
279 386 2
279 395 5.06149
279 430 12.0935
279 456 2
280 0 10.3803
280 25 17.4286
280 41 16.0243
280 185 19.3935
280 218 15.18
280 285 6.85107
280 323 16.7303
280 490 21.4398
281 0 2.92546
281 42 9.5234
281 73 8.44323
281 96 19.9839
281 99 13.8997
281 135 11.2536
281 225 2
281 382 21.0184
281 420 6.20981
281 423 12.9387
281 436 12.9375
282 0 30.503
282 163 8.77851
282 180 7.87522
282 231 20.4644
282 384 15.3013
283 0 2
283 90 2
283 202 12.6918
283 235 10.4899
283 285 2.84537
283 403 10.6647
283 451 2.30493
283 457 11.9091
284 0 18.298
284 3 11.1539
284 11 3.88633
284 188 3.0504
284 192 12.4538
284 202 12.6796
284 211 13.8596
284 216 14.9196
284 293 16.0927
284 350 9.87403
284 447 8.05473
285 0 4.00494
285 68 2
285 118 19.8712
285 120 10.9239
285 276 7.37084
285 305 4.17848
285 342 3.7158
285 400 8.24761
286 0 49.8577
286 52 49.9789
286 223 42.484
286 225 24.5171
287 0 20.2042
287 8 19.3049
287 9 20.2019
287 15 16.9941
287 78 11.6854
287 112 16.6692
287 192 6.07337
287 329 6.51829
287 423 11.6313
288 0 10.6845
288 155 10.3088
288 158 13.7485
288 230 12.051
288 429 21.9015
288 466 29.0085
288 479 10.8467
288 496 31.069
289 0 15.6439
289 128 29.1843
289 130 10.0023
289 147 3.96705
289 199 20.5566
289 231 5.85238
289 308 8.61643
290 0 2
290 19 2.91531
290 60 2.16252
290 111 3.43971
290 188 13.9124
290 214 6.06404
290 222 13.2184
290 228 4.99036
290 231 3.20496
290 269 12.5966
290 277 9.73552
290 355 5.63928
290 377 2
290 391 4.31641
290 409 2.74734
290 436 6.18888
291 0 6.73439
291 8 2
291 40 11.3221
291 56 5.90012
291 191 3.67798
291 231 9.26714
291 237 10.1759
291 241 18.1307
291 244 6.43453
291 376 8.82698
291 379 16.9528
291 470 16.711
291 487 2
292 0 30.5509
292 84 26.8064
292 231 23.1155
292 292 33.5866
292 311 9.67588
292 385 18.7988
292 466 3.13043
293 0 30.6606
293 41 16.9179
293 51 28.0512
293 217 13.4508
293 262 33.2852
293 425 17.322
293 486 26.2337
294 0 2
294 142 10.6366
294 184 23.9505
294 304 14.8043
294 397 23.4724
294 420 6.43738
294 472 3.52309
294 499 26.907
295 0 12.1663
295 61 22.52
295 93 26.0629
295 243 8.32727
295 315 19.5939
295 341 39.0281
295 376 39.5268
296 0 14.378
296 26 7.82788
296 187 7.69259
296 216 20.8561
296 231 9.79274
296 308 35.24
297 0 43.7429
297 30 9.02999
297 360 18.4962
297 366 11.9154
297 434 8.39791
298 0 19.2771
298 128 16.3179
298 218 25.8177
298 280 24.8199
298 334 12.6172
298 384 7.70497
298 448 3.80867
298 496 9.54017
299 0 6.60582
299 32 2.51147
299 52 10.3326
299 78 26.3813
299 100 22.2455
299 257 24.0664
299 284 12.1933
299 404 4.57414
300 0 2.27442
300 3 22.4578
300 207 30.2878
300 216 25.2279
300 310 33.6993
300 422 27.9662
300 432 13.9356
301 0 4.80628
301 10 33.229
301 117 31.9388
301 244 36.8867
301 485 26.1102
301 496 17.4219
302 0 3.89481
302 56 14.4175
302 71 12.027
302 95 9.92001
302 276 7.45549
302 283 5.98855
302 300 7.20601
302 334 15.8982
302 435 12.0087
302 448 7.42308
302 492 22.0154
303 0 10.8688
303 8 38.1091
303 152 52.5089
303 270 12.8492
303 322 2.90458
304 0 15.5113
304 52 32.9407
304 68 39.2256
304 120 11.5592
304 159 15.9106
304 205 7.50558
304 468 19.17
305 0 7.09059
305 30 23.7446
305 34 9.12078
305 70 11.5723
305 257 3.60755
305 355 8.58913
305 420 20.635
305 447 14.5444
305 450 6.42881
305 468 26.5392
306 0 7.99817
306 18 7.08846
306 55 20.5515
306 65 5.79133
306 128 19.1058
306 158 20.2083
306 162 17.0225
306 185 10.8456
306 228 4.91192
306 351 7.604
306 376 10.2586
307 0 5.67608
307 10 19.7981
307 150 5.49852
307 221 2.92294
307 228 12.351
307 252 24.788
307 269 21.2857
307 270 15.1972
307 482 14.5846
308 0 2
308 87 24.4017
308 130 16.7477
308 192 22.3164
308 234 14.0642
308 245 25.5693
308 383 2
309 0 3.78341
309 82 23.2599
309 228 11.3859
309 328 17.3771
309 355 11.929
309 372 29.5031
309 418 5.25023
310 0 7.57433
310 7 27.411
310 120 4.73909
310 128 22.7341
310 220 16.7296
310 242 3.86696
310 269 4.49832
310 298 13.597
310 415 18.7139
310 498 5.26214
311 0 20.2226
311 98 24.1699
311 108 2
311 120 4.53581
311 128 13.1232
311 190 3.35321
311 234 21.0592
311 450 2
312 0 9.55116
312 132 9.83618
312 144 14.9802
312 197 22.3396
312 202 2.04795
312 245 3.41147
312 303 2.1328
312 304 2
312 328 6.85252
312 383 8.21661
312 410 11.3746
312 487 13.0299
312 488 2
313 0 8.0762
313 54 6.05427
313 70 7.34613
313 79 2.26609
313 84 2.12494
313 96 7.90136
313 108 5.71364
313 269 4.65056
313 274 7.24084
313 284 10.6203
313 295 6.80119
313 328 2
313 380 6.58848
313 472 13.2687
313 488 6.261
314 0 7.67617
314 86 18.1478
314 189 7.23384
314 226 3.07848
314 228 9.79586
314 231 24.2409
314 308 2
314 417 13.8167
314 486 23.6723
315 0 18.4629
315 32 14.3027
315 93 11.3919
315 94 2
315 95 14.6107
315 248 18.534
315 287 12.7316
315 294 18.2937
316 0 11.9992
316 140 8.51996
316 183 10.7633
316 188 13.5499
316 222 15.1856
316 230 8.15126
316 248 11.7024
316 376 2.30756
316 377 3.5321
316 384 23.5274
316 417 14.353
316 492 14.3796
317 0 16.2764
317 9 10.1805
317 40 16.7929
317 148 12.7483
317 163 19.0729
317 462 15.7529
317 483 13.261
318 0 14.0203
318 3 8.65436
318 21 2.14688
318 59 5.37873
318 161 25.2465
318 222 13.3293
318 265 5.19242
318 307 5.40277
318 361 3.25396
318 448 21.9316
319 0 24.9606
319 59 2.06163
319 153 14.8419
319 205 8.68428
319 356 10.2183
319 391 13.7063
319 392 4.22734
319 394 20.0885
319 407 24.8151
320 0 12.1428
320 6 22.2246
320 10 16.4012
320 93 25.73
320 96 18.5959
320 229 12.4784
320 341 11.4543
320 394 2.82316
320 468 3.43457
320 470 2
321 0 34.3518
321 68 6.97505
321 240 7.0321
321 245 20.212
321 436 27.8402
321 482 40.3906
322 0 9.03569
322 153 54.437
322 233 29.554
322 420 44.1997
322 470 31.7721
323 0 9.97749
323 68 14.0718
323 81 10.0323
323 93 5.87036
323 132 3.31007
323 182 2
323 199 11.8308
323 222 13.7143
323 295 15.7509
323 299 15.3941
323 399 8.74994
323 407 3.15871
323 457 9.27536
324 0 2
324 7 7.12007
324 52 3.68294
324 68 26.0235
324 187 17.6658
324 207 17.8047
324 209 22.528
324 372 24.4475
324 377 10.1222
324 420 19.1119
325 0 8.88211
325 3 23.1529
325 27 10.5531
325 91 7.21114
325 96 2
325 166 10.8613
325 233 4.04512
325 298 7.20349
325 311 8.09726
325 372 6.50977
325 391 12.7848
325 468 6.33808
325 498 4.20787
326 0 5.3561
326 9 7.43194
326 24 2.82178
326 26 8.17431
326 45 3.24046
326 178 14.0527
326 182 2
326 248 13.008
326 336 11.274
326 338 13.2419
327 0 13.3858
327 4 7.626
327 6 17.8866
327 68 7.83979
327 78 16.0773
327 91 2
327 162 18.8965
327 391 9.72033
327 435 5.50694
327 472 17.0867
327 483 2
328 0 13.5717
328 23 7.95168
328 58 18.3649
328 99 11.1214
328 128 2
328 234 17.9362
328 238 20.3462
328 282 2.35793
328 331 13.2629
328 377 13.3906
329 0 11.8457
329 8 12.4783
329 34 10.3789
329 100 17.2614
329 274 22.6858
329 312 16.6223
329 404 11.1599
329 420 13.9165
330 0 12.4982
330 49 7.61598
330 81 38.9967
330 98 29.0916
330 112 30.3017
330 247 42.3583
330 257 9.43825
331 0 3.41835
331 49 6.13929
331 100 12.6573
331 132 9.91831
331 231 27.8695
331 257 13.5781
331 404 14.5927
331 439 10.3514
331 453 15.131
332 0 14.2577
332 12 24.7452
332 45 18.7885
332 62 11.3117
332 108 8.66289
332 203 2
332 266 13.8686
332 308 2.31862
332 377 2.87633
333 0 2
333 39 3.37098
333 75 14.7922
333 106 4.53785
333 131 7.67778
333 158 20.3506
333 192 12.3522
333 206 6.76217
333 222 6.7096
333 228 14.0485
333 375 8.8137
333 482 11.0687
334 0 7.56948
334 71 14.1846
334 100 22.1132
334 190 31.9823
334 239 26.0407
334 339 9.06182
334 342 20.4449
334 421 19.9247
335 0 17.291
335 9 19.1793
335 65 19.1281
335 127 6.5831
335 189 7.41993
335 271 21.4641
335 487 30.2086
336 0 3.65254
336 23 19.5778
336 32 2
336 34 20.9535
336 55 22.8267
336 230 26.2273
336 231 25.7626
336 282 19.6462
336 345 19.8808
337 0 14.2065
337 16 20.2648
337 40 17.806
337 56 15.9913
337 57 27.293
337 355 22.9506
337 412 5.58653
337 483 10.8446
338 0 11.3019
338 3 8.70469
338 49 17.6854
338 90 2
338 325 20.378
338 353 13.8238
338 470 27.0643
338 496 5.74654
339 0 19.8217
339 85 3.33192
339 116 8.17706
339 164 12.2563
339 262 9.623
339 279 6.20693
339 312 14.3945
339 405 7.59613
339 468 4.67299
339 488 6.31484
340 0 2
340 10 32.3966
340 145 15.3938
340 231 23.5049
340 308 15.7767
340 390 8.43938
341 0 11.6012
341 188 29.1983
341 228 15.1307
341 241 4.04748
341 376 10.1875
341 436 16.4335
341 462 12.7467
341 472 26.9621
341 482 17.4229
342 0 22.625
342 18 3.84424
342 57 25.0147
342 71 3.43686
342 93 6.9231
342 341 28.0451
342 347 22.9206
342 384 21.0746
342 494 23.9955
343 0 2
343 11 8.09389
343 68 21.0404
343 96 5.90192
343 121 25.2174
343 179 2.62266
343 244 7.59222
343 246 10.3562
343 249 8.62679
343 252 9.97683
343 486 2
343 487 16.1587
344 0 4.82899
344 5 15.7115
344 9 23.3163
344 67 9.43933
344 112 20.6764
344 144 14.7418
344 210 16.4876
344 228 13.707
345 0 11.0665
345 9 7.44051
345 27 17.8503
345 78 17.5893
345 190 3.90351
345 234 11.7384
345 311 4.24175
345 352 3.17266
346 0 3.11966
346 79 19.6213
346 132 3.69808
346 146 2
346 148 6.69512
346 189 17.7193
346 277 5.85336
346 450 7.29136
346 482 17.243
346 487 3.94568
347 0 21.3652
347 71 16.865
347 116 32.4492
347 186 17.8852
347 216 14.4731
347 246 12.3148
347 312 12.8818
347 334 10.9601
347 447 12.111
348 0 48.6308
348 234 33.1732
348 287 10.2309
348 315 14.5899
348 342 2
348 355 37.4157
348 415 12.3609
349 0 60.4362
349 200 39.7852
349 224 6.72442
349 310 8.2011
349 421 7.33512
350 0 11.3579
350 8 2.10643
350 9 16.5633
350 39 4.03393
350 87 8.71365
350 152 9.61891
350 156 14.5974
350 218 11.7975
350 221 4.14753
350 308 6.23329
350 379 10.0308
350 482 19.4253
351 0 10.8035
351 16 16.5124
351 58 22.4073
351 86 16.4884
351 96 18.8196
351 146 5.10891
351 181 2
351 197 13.6031
351 436 10.4146
352 0 21.6083
352 69 33.2661
352 84 26.3892
352 165 20.1612
352 182 2
352 457 19.3096
353 0 5.89729
353 49 15.4583
353 165 13.4866
353 228 17.2956
353 269 19.5036
353 303 3.27793
353 334 11.9017
353 359 11.3207
353 365 3.21254
353 373 7.09704
353 385 15.1149
353 487 9.85625
354 0 13.7515
354 38 9.88797
354 93 11.1596
354 111 16.4337
354 203 17.5659
354 222 16.9872
354 226 19.1356
354 299 3.08784
354 353 6.37863
354 420 2.75113
354 430 2.34619
354 482 8.50541
354 488 4.71951
355 0 12.264
355 6 17.0953
355 49 18.5002
355 92 41.6138
355 161 13.1993
355 205 18.3967
355 353 24.6877
356 0 28.1557
356 7 13.76
356 116 30.1746
356 118 17.6331
356 288 22.3266
356 451 22.8517
357 0 10.5631
357 32 3.77991
357 39 4.18954
357 96 19.6374
357 130 12.4158
357 202 13.1328
357 230 14.316
357 231 11.2636
357 303 3.90689
357 359 15.2586
357 368 2
357 377 8.42617
357 385 2
358 0 3.85138
358 125 47.2773
358 255 35.0227
358 383 26.9201
359 0 14.2816
359 9 5.91625
359 16 15.6338
359 56 33.9659
359 94 2
359 226 22.9418
359 233 2
359 335 18.3058
359 358 19.5327
359 482 18.2034
360 0 15.9344
360 11 7.48727
360 27 2.12959
360 70 13.6423
360 100 3.14729
360 183 10.8257
360 209 10.5918
360 234 6.36071
360 313 6.21568
360 342 2.91533
360 355 11.3005
360 434 9.27065
360 472 9.72563
360 488 12.8653
360 496 4.8622
361 0 11.9319
361 52 10.4985
361 68 14.755
361 105 15.8424
361 121 2.25563
361 219 18.0207
361 340 13.589
361 379 2.73324
361 420 19.2245
361 455 5.24684
361 496 10.6177
362 0 13.9824
362 22 7.13924
362 66 25.9067
362 189 16.5326
362 219 15.4923
362 269 5.4898
362 326 17.0826
362 468 19.4377
362 486 11.8108
362 495 10.9806
363 0 16.4419
363 10 21.2175
363 23 10.7828
363 36 10.7674
363 71 25.63
363 81 13.9364
363 118 3.35225
363 198 3.76539
363 427 15.8338
363 483 8.88698
363 489 2.05153
363 496 16.0256
364 0 7.26747
364 97 41.3897
364 158 31.6373
364 216 25.1197
364 436 28.4709
364 469 28.1158
364 482 4.93503
365 0 7.96889
365 30 3.26009
365 34 11.6184
365 121 6.00652
365 152 11.7403
365 207 15.2242
365 242 6.11281
365 280 15.2279
365 293 16.0301
365 312 17.9114
365 323 8.6518
365 404 3.08051
366 0 20.7997
366 93 40.9211
366 350 19.5926
366 400 24.8612
366 440 22.9362
366 468 37.8266
367 0 20.1232
367 88 11.2139
367 131 5.73814
367 132 11.8995
367 190 8.625
367 231 6.30169
367 315 17.533
367 317 21.4034
367 334 2
367 361 3.0643
368 0 69.7794
368 34 33.9167
368 239 2
368 412 23.7671
369 0 29.5923
369 37 2
369 109 22.1755
369 220 18.2711
369 234 9.89129
369 235 14.0837
369 357 6.23974
370 0 13.8107
370 26 9.15036
370 51 2
370 98 10.7619
370 184 7.84831
370 188 2.31686
370 230 2.51301
370 231 11.9354
370 246 2
370 269 13.2328
370 271 2
370 376 2
370 442 2
370 466 2
370 486 6.29861
371 0 25.1875
371 39 7.1192
371 162 8.85488
371 262 32.2155
371 363 29.9606
371 412 9.2533
371 436 9.0186
372 0 23.8215
372 7 26.7984
372 87 23.1745
372 177 4.08332
372 245 6.38284
372 327 22.5542
372 415 25.8568
372 457 7.04819
373 0 4.66039
373 34 5.15651
373 68 10.265
373 93 26.2026
373 136 19.7471
373 145 4.47096
373 177 2.13834
373 246 10.8635
373 355 3.16578
373 404 19.5433
374 0 43.2232
374 59 6.83867
374 85 32.2061
374 235 2.21495
374 442 7.39751
375 0 12.6454
375 23 19.2903
375 27 16.2323
375 140 6.97079
375 257 5.84089
375 306 19.4404
375 334 2.95384
375 346 27.8441
375 408 2.10265
375 466 17.9758
376 0 4.23729
376 5 2
376 23 11.9662
376 70 11.3855
376 116 6.21159
376 128 2
376 139 15.3627
376 152 12.7083
376 171 5.76753
376 289 20.6508
376 290 5.94782
376 320 13.1054
376 355 9.93571
376 444 10.7224
376 462 2.06743
377 0 11.4596
377 108 22.9678
377 161 12.5044
377 310 40.0226
377 427 13.4038
377 439 38.152
378 0 5.04156
378 5 8.92127
378 143 10.238
378 152 2
378 188 9.94932
378 197 13.8624
378 306 15.283
378 308 8.60941
378 436 4.57733
378 476 2.60048
378 483 12.6625
379 0 23.6896
379 91 23.7002
379 92 10.7461
379 188 14.8986
379 212 23.3954
379 379 7.73125
379 419 8.7417
379 443 2
379 468 5.88041
379 472 2
380 0 13.1811
380 11 16.1589
380 179 26.3137
380 188 2.10365
380 202 4.46243
380 311 10.4505
380 372 28.0264
380 383 19.2572
381 0 4.45065
381 84 8.34533
381 162 5.11066
381 200 15.2776
381 203 9.27465
381 230 21.2327
381 279 7.5913
381 287 11.9551
381 295 22.473
381 459 18.4643
381 468 17.695
382 0 19.4467
382 97 11.8897
382 155 26.0682
382 202 20.3155
382 226 4.49259
382 234 9.50347
382 308 4.05383
382 347 23.329
382 436 18.8331
383 0 31.0883
383 39 5.12466
383 84 3.88566
383 123 14.4564
383 132 14.2387
383 228 13.2844
383 274 2
383 283 8.1128
383 299 3.15518
383 385 24.8921
384 0 18.8221
384 149 2.08758
384 188 33.1069
384 190 9.14595
384 216 3.0033
384 295 14.677
384 304 14.7477
384 350 2.98508
385 0 25.4017
385 41 20.7822
385 190 2.15602
385 225 12.6559
385 342 2.18672
385 407 10.7271
385 447 4.77663
386 0 17.4836
386 9 17.142
386 32 11.8293
386 48 20.7152
386 85 11.3941
386 97 4.93953
386 188 10.1585
386 214 11.014
386 226 5.76094
386 376 8.84342
386 391 7.05813
386 434 9.27969
386 436 3.69075
386 470 5.05579
386 486 14.6959
387 0 10.4476
387 68 8.7016
387 70 5.33372
387 106 2.91255
387 152 5.56004
387 248 4.12806
387 274 3.2049
387 308 6.77113
387 394 12.1716
387 452 17.4027
388 0 17.8463
388 8 17.6944
388 146 12.5572
388 164 20.6402
388 266 31.1163
388 455 17.1076
388 485 23.1541
389 0 19.9907
389 79 16.9942
389 162 3.19106
389 346 2
389 377 8.76449
389 391 5.13026
389 442 7.24034
389 494 22.0186
390 0 12.099
390 1 6.29197
390 87 13.1654
390 203 2.31477
390 233 12.2825
390 304 13.1276
390 349 27.2413
390 404 10.0163
390 425 33.8174
391 0 21.896
391 23 2
391 24 9.08984
391 42 12.6446
391 56 19.8185
391 61 15.0414
391 265 3.07783
391 278 2
391 312 2
391 372 14.6428
391 450 4.48878
391 482 7.75467
392 0 5.47993
392 23 15.2837
392 26 14.8623
392 71 2
392 111 16.1119
392 155 21.2997
392 168 10.0505
392 229 2
392 253 5.28248
392 351 7.3613
392 386 8.13899
393 0 11.9091
393 13 9.92437
393 167 7.3414
393 215 5.83311
393 231 6.62702
393 303 15.3666
393 308 9.89043
393 372 3.85524
393 379 13.7759
393 420 12.2542
393 447 10.2189
393 459 21.1011
394 0 8.8662
394 8 6.6464
394 49 5.41841
394 56 12.6023
394 73 4.55791
394 128 6.74758
394 203 17.5536
394 377 22.5208
394 420 16.055
394 472 12.6364
394 489 19.4132
395 0 5.70414
395 71 12.5405
395 100 5.82353
395 156 24.2519
395 162 8.02486
395 189 12.7349
395 221 11.5582
395 234 2.78177
395 246 13.2594
395 361 15.7482
395 445 11.2815
395 466 2.1809
396 0 5.54576
396 11 7.3827
396 19 2.46144
396 120 20.4113
396 151 24.5019
396 161 15.5209
396 183 21.7634
396 299 14.27
396 353 18.4794
396 483 5.07013
397 0 10.4333
397 69 7.65935
397 128 10.0511
397 308 2
397 323 2
397 338 9.83151
397 386 7.54365
397 393 4.2665
397 404 9.98669
397 434 6.20546
397 436 4.42048
397 496 10.163
398 0 5.79318
398 148 35.4495
398 231 18.8632
398 487 29.9485
399 0 8.42799
399 191 13.3389
399 244 9.26808
399 257 3.77201
399 334 2
399 355 9.06347
399 383 26.3076
399 472 12.5345
400 0 8.25505
400 26 10.3665
400 46 6.91216
400 113 2
400 189 3.5039
400 214 7.69616
400 308 11.5923
400 377 10.8382
400 436 12.7048
400 466 11.291
401 0 12.6594
401 162 5.11709
401 167 18.5302
401 188 2.89467
401 190 13.7421
401 231 6.11814
401 355 17.9773
401 430 10.4371
401 487 13.8802
402 0 8.17772
402 3 14.1135
402 151 11.0433
402 269 6.56261
402 288 5.09354
402 310 20.5336
402 372 7.23203
402 412 14.6992
402 443 4.0395
402 450 12.9444
402 455 6.15955
403 0 2
403 31 24.1394
403 97 9.69659
403 132 6.8132
403 197 5.67269
403 315 5.65486
403 344 6.76658
403 392 12.3599
403 420 10.137
403 442 7.37471
404 0 2.16277
404 8 10.2194
404 68 13.829
404 70 5.95976
404 102 2
404 219 10.2458
404 234 11.5827
404 246 14.0415
404 257 2.08558
404 295 7.57681
404 313 2.06906
404 383 7.85556
404 408 15.2216
405 0 30.9081
405 57 14.9774
405 101 9.20491
405 190 3.79736
405 252 19.3612
405 466 16.933
405 482 26.78
405 496 17.3712
406 0 8.24126
406 84 22.595
406 190 26.361
406 235 28.4427
406 266 21.2397
406 339 3.53778
406 496 5.73623
407 0 2.17445
407 1 25.3505
407 171 15.3388
407 190 15.0159
407 215 8.18681
407 296 12.023
407 363 9.80896
407 377 10.8536
408 0 13.7973
408 6 7.3497
408 69 7.02403
408 140 2
408 171 12.3884
408 177 2
408 213 4.58247
408 329 2.27925
408 353 3.12874
408 394 2.87426
408 436 6.12444
408 468 7.27371
408 496 19.3758
409 0 32.8338
409 38 12.1371
409 127 20.1624
409 254 21.502
409 386 39.9054
409 410 32.6621
410 0 19.4221
410 100 25.1239
410 108 33.8764
410 216 23.8371
410 323 30.9045
410 430 31.0734
410 436 14.7432
411 0 2
411 9 3.83133
411 10 4.11312
411 68 2.46377
411 174 2
411 189 2
411 195 10.7105
411 235 10.2399
411 340 6.49185
411 407 12.1367
411 423 2.49991
411 487 11.0236
412 0 6.78501
412 92 48.5445
412 120 29.2192
412 188 12.1104
412 194 2
412 341 10.0525
412 466 8.08918
413 0 14.9578
413 6 4.35761
413 27 9.00902
413 68 7.92244
413 102 13.771
413 158 12.2696
413 186 9.04567
413 246 10.1199
413 329 4.58578
413 404 11.5649
413 416 19.0048
413 457 4.46522
413 464 17.3931
414 0 17.1886
414 21 29.6228
414 34 17.5437
414 94 20.0252
414 243 14.0772
414 299 4.7393
414 323 21.9713
414 401 15.7455
414 436 17.7059
414 468 19.1698
415 0 2.66131
415 26 23.0748
415 68 21.5152
415 255 8.6883
415 350 17.5537
415 380 5.94845
415 412 14.6553
415 481 3.05866
416 0 11.9715
416 41 27.523
416 55 6.58939
416 106 16.8368
416 209 2
416 231 2.86124
416 244 12.6206
416 391 10.0987
416 489 3.98399
417 0 13.1564
417 6 8.258
417 20 18.2049
417 69 10.9749
417 132 10.4117
417 152 2
417 234 3.71031
417 246 5.72551
417 254 7.53446
417 269 4.83828
417 351 7.47288
417 377 8.11348
417 427 13.2528
417 447 14.5078
418 0 21.7393
418 21 16.9376
418 23 22.2843
418 27 12.2739
418 78 13.5351
418 149 3.07506
418 157 17.437
418 234 7.21596
418 262 15.359
418 420 16.5846
419 0 16.7009
419 34 26.1123
419 246 9.07514
419 269 5.53411
419 311 2
419 408 11.1683
419 494 10.0182
420 0 3.94327
420 34 29.7663
420 160 7.84695
420 231 7.68902
420 354 7.04255
420 488 38.9409
421 0 19.0802
421 1 26.0723
421 100 4.47779
421 219 22.4192
421 285 11.1483
421 377 25.4508
421 476 30.5111
421 487 5.54317
422 0 5.10131
422 117 18.2941
422 158 9.15905
422 243 12.0627
422 310 16.8757
422 375 4.00271
422 377 5.62264
422 436 3.57849
423 0 18.2847
423 68 2
423 152 9.93381
423 190 4.94119
423 233 3.87173
423 342 12.4525
423 350 11.2155
423 360 2.72017
423 393 24.2712
423 476 9.58912
424 0 22.3106
424 56 37.1577
424 87 7.35536
424 280 2.46064
424 334 22.9933
424 377 20.8843
424 468 30.0535
425 0 23.8368
425 88 3.76701
425 191 29.3317
425 316 15.6381
425 355 2
425 477 35.497
426 0 4.92141
426 3 7.38235
426 41 9.43534
426 56 2
426 116 6.26793
426 171 4.75253
426 289 7.16684
426 307 2
426 359 11.6964
426 376 8.07525
426 407 13.4922
426 418 2
426 420 2.04196
426 447 14.0928
427 0 2
427 118 2
427 140 12.9352
427 234 4.27608
427 377 6.00275
427 420 8.79732
427 459 23.9203
427 486 9.82049
428 0 2
428 40 10.0555
428 87 14.3871
428 100 3.43726
428 234 17.2248
428 299 20.7972
428 488 36.5111
429 0 28.4862
429 65 21.3719
429 201 16.6521
429 250 2
429 328 14.3803
429 341 8.11951
429 346 34.7467
430 0 6.10382
430 26 42.7266
430 291 52.2686
430 392 35.866
430 472 11.7617
431 0 14.2042
431 128 30.4627
431 221 28.054
431 269 21.4859
431 295 4.49705
431 311 7.29751
431 482 5.63751
431 487 22.4876
432 0 37.2966
432 199 36.3413
432 231 80.3519
432 455 53.1016
433 0 8.3509
433 92 16.6126
433 164 14.0308
433 199 18.6654
433 228 11.7372
433 231 3.67165
433 400 13.7004
433 407 6.31491
433 483 10.6535
433 487 4.41994
434 0 10.0258
434 32 6.31903
434 61 12.2922
434 117 10.3741
434 118 2
434 187 19.062
434 228 7.74034
434 339 13.6076
434 377 3.42708
434 384 10.295
434 391 6.92877
435 0 14.3157
435 257 66.5546
435 267 49.7451
435 434 87.2362
436 0 20.8237
436 40 25.1998
436 142 22.471
436 326 13.636
436 417 13.5608
436 472 36.848
437 0 12.0074
437 152 7.01761
437 190 22.6639
437 371 12.9656
437 430 43.8255
437 485 2.61433
438 0 17.3215
438 153 46.3755
438 163 67.601
438 472 33.6036
439 0 12.4147
439 199 61.6571
439 269 2
439 331 40.1196
439 385 34.4086
440 0 17.0626
440 93 36.2526
440 176 15.0281
440 255 7.76608
440 406 35.0692
440 499 6.86847
441 0 2.90093
441 40 16.9517
441 112 21.3491
441 158 8.07835
441 163 23.9852
441 165 2.72741
441 262 17.7116
441 283 7.57931
441 383 11.9123
441 455 27.4706
441 488 2.04549
442 0 37.4753
442 93 34.5492
442 102 7.283
442 200 6.51339
442 443 26.809
443 0 4.97925
443 4 2
443 11 49.2861
443 58 7.5495
443 127 2
443 237 37.6861
444 0 5.50505
444 8 10.0287
444 82 13.7041
444 175 5.91916
444 188 9.59123
444 189 3.74423
444 190 6.73371
444 218 4.78256
444 224 9.46206
444 436 7.79932
444 456 15.8286
444 482 4.09931
445 0 17.5888
445 1 12.1811
445 38 9.3855
445 68 20.5301
445 207 12.1907
445 231 2
445 242 16.5377
445 284 2
445 299 5.89454
445 380 24.9577
445 469 4.4234
445 477 13.5566
446 0 30.2604
446 43 10.0439
446 95 24.3513
446 158 7.63308
446 190 7.66162
446 483 38.1119
447 0 6.16224
447 9 13.6145
447 59 7.92635
447 78 2
447 118 2
447 167 9.28381
447 188 11.7128
447 198 9.70353
447 244 17.2585
447 279 2.89908
447 305 7.7759
447 324 2
447 371 6.26055
447 407 3.23486
447 468 3.68716
447 489 3.37296
448 0 6.18444
448 149 9.10788
448 177 13.9612
448 190 7.40446
448 244 11.9656
448 246 21.0417
448 342 6.6252
448 351 11.4069
448 442 20.0079
448 478 9.44774
449 0 12.6031
449 4 21.0828
449 116 7.59367
449 183 10.2642
449 190 30.8711
449 283 38.0698
449 452 11.757
449 455 27.6886
449 498 16.7511
450 0 10.4468
450 32 12.5487
450 68 4.99447
450 84 3.47065
450 206 22.7881
450 318 7.80273
450 486 14.7507
451 0 30.2524
451 84 4.217
451 128 30.2415
451 214 12.0762
451 226 16.0814
451 269 24.5443
451 411 6.76318
451 443 34.7909
452 0 7.02249
452 10 6.97346
452 97 7.17309
452 125 13.9697
452 128 2.69803
452 165 2.2291
452 171 3.19426
452 189 4.27827
452 238 11.6597
452 279 2.83449
452 312 10.7728
452 412 7.26748
452 434 2
452 478 2.81159
453 0 120.984
453 156 46.4939
454 0 9.49771
454 45 13.4246
454 96 7.6368
454 219 5.63258
454 245 18.7329
454 291 15.1896
454 361 26.0204
454 487 11.2069
455 0 12.4595
455 59 14.8923
455 73 10.1905
455 96 8.7911
455 131 14.164
455 180 19.0913
455 230 10.3214
455 312 2
455 326 8.14661
455 415 18.6625
456 0 19.0432
456 23 3.42676
456 54 21.0498
456 206 21.5347
456 216 13.1715
456 274 6.11317
456 277 10.1193
456 282 4.09389
456 339 3.19043
457 0 2
457 48 24.5908
457 85 30.0679
457 128 4.87422
457 204 37.5725
457 219 25.0573
457 335 35.155
458 0 28.0572
458 163 32.0723
458 231 21.5762
458 300 12.4973
458 311 2.13509
458 376 11.3875
458 377 2
458 465 11.1709
459 0 3.38787
459 27 2
459 32 10.4932
459 125 18.3129
459 161 5.22214
459 285 11.1382
459 308 6.61176
459 339 14.7368
459 424 4.04468
459 482 14.5456
459 486 10.9458
460 0 13.8365
460 70 21.0542
460 188 8.76803
460 255 11.4383
460 334 15.0799
460 384 20.198
460 434 39.5547
461 0 14.8666
461 10 6.66983
461 39 2
461 159 4.42602
461 224 16.2599
461 248 2
461 259 2
461 285 20.5734
461 392 24.3095
462 0 21.5764
462 7 11.819
462 234 21.5051
462 245 23.8036
462 262 18.3357
462 334 2.0304
462 369 4.79206
462 493 19.8859
463 0 16.2185
463 6 2.97181
463 152 5.13318
463 231 31.7055
463 297 2
463 434 2.30165
463 436 30.5531
464 0 3.43067
464 60 9.6412
464 70 13.5372
464 155 6.68376
464 222 5.19441
464 269 4.20943
464 334 15.3116
464 354 19.2822
464 360 5.50675
464 380 4.39465
464 452 9.49883
465 0 16.8062
465 71 14.3315
465 98 5.32695
465 128 25.5938
465 200 23.0796
465 243 12.14
465 294 23.6179
466 0 7.58341
466 55 26.8195
466 101 14.1676
466 135 37.7178
466 190 2.99889
466 364 9.68708
466 415 29.865
466 482 2
467 0 14.3639
467 97 20.3551
467 420 2.88423
467 466 32.3128
467 488 32.5713
467 492 21.7658
468 0 19.559
468 2 16.2458
468 16 21.6085
468 231 6.00546
468 242 6.4401
468 246 17.6035
468 269 19.1788
468 436 17.3691
468 466 10.0462
469 0 11.8164
469 93 5.48879
469 192 15.2407
469 420 3.59608
469 434 19.629
470 0 6.55963
470 4 11.1663
470 61 15.9101
470 94 14.3452
470 108 16.8212
470 152 6.94577
470 235 10.4566
470 323 18.0113
470 394 12.554
470 419 14.2174
470 436 2.28586
470 454 17.0889
470 493 4.81908
471 0 43.9196
471 26 3.46967
471 68 9.0326
471 216 19.8914
471 269 8.4715
471 308 13.9049
471 466 21.4597
472 0 12.8117
472 87 11.1453
472 290 23.3014
472 412 28.4641
472 415 18.9256
472 424 11.545
472 468 14.7208
472 483 3.50867
473 0 4.88712
473 40 19.8387
473 164 3.70697
473 233 12.9097
473 273 14.0536
473 313 3.14632
473 377 16.157
473 379 24.3786
473 447 8.50762
473 470 5.36078
473 472 3.37758
474 0 5.90594
474 1 14.8865
474 31 5.38737
474 39 2
474 73 3.86824
474 154 11.9513
474 178 13.9755
474 272 3.40048
474 311 7.04923
474 320 2.78313
474 366 2
474 373 8.00537
474 376 4.37785
474 397 8.86956
475 0 3.03791
475 20 15.5486
475 159 22.299
475 188 2
475 245 7.95298
475 272 8.62854
475 342 6.87759
475 365 18.0602
475 420 14.8294
475 487 2
476 0 9.88071
476 56 11.2336
476 207 25.895
476 277 13.3091
476 278 2
476 299 17.88
476 313 28.9475
476 410 10.0451
477 0 10.73
477 10 40.4726
477 152 6.49547
477 203 26.0714
477 282 3.33992
477 335 10.5809
477 496 5.37075
478 0 6.1489
478 11 19.0213
478 213 10.5059
478 262 7.88389
478 350 30.8356
478 354 8.58593
478 404 8.24865
479 0 2.05867
479 66 9.33787
479 201 16.7142
479 231 32.3629
479 289 3.42079
479 316 16.3757
479 342 12.5633
479 417 2.80332
480 0 6.19257
480 34 3.01978
480 177 2
480 217 24.2073
480 246 10.8196
480 315 20.0367
480 404 13.6315
480 420 8.24477
480 436 2
481 0 8.20405
481 25 10.2938
481 64 2.02831
481 65 13.5206
481 73 3.06502
481 132 13.9384
481 188 2.00596
481 197 3.09263
481 207 2
481 226 2
481 231 5.05913
481 235 11.716
481 246 6.55316
481 248 9.04542
481 355 4.5009
481 362 6.32931
481 398 6.13209
481 466 2.45386
481 481 4.87987
482 0 4.60282
482 228 6.06253
482 311 29.8685
482 383 9.78023
482 490 31.5115
483 0 20.7045
483 68 10.5338
483 152 11.2651
483 320 2
483 350 18.8549
483 391 25.423
484 0 57.0178
484 9 38.0308
484 246 13.6218
484 492 69.7979
485 0 2
485 52 28.921
485 69 11.0213
485 128 6.77206
485 146 13.722
485 190 19.7009
485 216 7.68823
485 257 15.9603
485 282 22.2753
486 0 7.45055
486 64 15.4337
486 108 9.75609
486 120 31.6009
486 155 24.9829
486 234 21.0927
486 252 17.7367
487 0 11.4804
487 35 15.3261
487 191 6.82133
487 225 4.71408
487 233 18.0321
487 242 8.86364
487 255 5.61301
487 289 21.5901
487 379 3.68646
487 386 12.683
488 0 16.525
488 3 14.286
488 79 24.2999
488 96 23.7739
488 165 31.265
488 185 16.406
488 398 3.9525
488 483 6.18216
489 0 13.6551
489 11 6.26251
489 13 41.2603
489 156 15.6614
489 269 16.1529
489 470 2.46934
489 482 10.6508
490 0 15.4523
490 45 5.52691
490 66 31.1333
490 245 6.25589
490 280 10.0055
490 487 24.1479
490 489 20.8323
491 0 32.6223
491 23 45.4081
491 73 31.1744
491 231 25.2181
491 423 28.994
492 0 29.7203
492 155 20.1566
492 190 29.1802
492 231 3.93513
492 277 11.3301
492 299 42.2988
492 487 20.8484
493 0 27.539
493 11 5.61751
493 23 7.99316
493 37 6.99282
493 39 16.2846
493 202 15.8688
493 231 4.38347
493 245 11.3649
493 270 16.3976
493 355 2.53654
493 373 3.80702
494 0 2
494 19 20.1857
494 136 3.34942
494 177 5.37168
494 228 37.5681
494 238 26.3597
494 377 4.48284
495 0 11.1699
495 23 11.1297
495 71 19.6556
495 186 29.7101
495 401 9.75309
495 455 46.1728
496 0 9.49732
496 9 6.68641
496 12 11.2119
496 25 8.2687
496 212 11.1913
496 351 22.5135
496 366 9.36671
496 389 9.17465
496 391 6.79969
496 476 9.91613
496 491 8.39885
497 0 20.0731
497 151 15.7447
497 227 15.2409
497 355 22.6354
497 360 13.5731
497 413 17.083
497 434 5.69914
497 468 18.4211
497 496 10.2074
498 0 11.7426
498 154 12.3614
498 188 12.199
498 213 6.25152
498 291 17.2251
498 335 15.3359
498 372 4.97522
498 373 23.811
498 391 4.10526
498 446 25.7485
499 0 14.116
499 100 16.8195
499 171 9.87736
499 190 12.5364
499 285 2
499 308 17.0172
499 380 10.44
499 468 10.6841
