500 500 4000
0 0 2
0 3 7.59429
0 10 2
0 25 18.5778
0 47 3.97464
0 69 9.34326
0 119 4.83544
0 144 21.6475
0 160 11.5501
0 214 7.24984
0 223 11.9482
0 311 7.18209
0 443 4.12266
0 478 2.59736
1 0 3.35398
1 10 20.5737
1 52 22.5892
1 67 3.34582
1 209 6.29632
1 241 8.46634
1 266 7.47023
1 268 7.54335
1 340 28.4856
1 435 6.07199
1 466 2
2 0 11.7581
2 76 4.7196
2 136 5.61222
2 191 11.4077
2 206 10.5722
2 226 11.04
2 240 11.4805
2 328 14.9683
2 348 2.00947
2 351 12.9631
2 457 2.0055
2 466 16.2142
3 0 6.77103
3 1 8.32239
3 45 10.3699
3 54 13.5933
3 90 4.77722
3 164 15.5284
3 180 2.71646
3 235 8.39512
3 248 17.5007
3 268 10.7298
3 385 20.0971
4 0 5.34178
4 66 15.117
4 92 8.35954
4 97 7.58694
4 111 13.3849
4 125 23.397
4 189 15.8669
4 191 5.14911
4 259 16.4549
4 324 14.0641
4 373 13.3585
4 410 3.15616
4 468 3.93971
5 0 11.5656
5 31 6.74167
5 101 2
5 371 38.5464
5 441 9.2565
5 442 7.72514
6 0 6.21462
6 36 2
6 37 9.57603
6 42 2
6 147 14.7079
6 180 5.21743
6 191 3.06379
6 270 10.7839
6 272 12.6412
6 274 10.2663
6 321 5.93664
6 437 5.41779
6 466 9.92082
7 0 13.0697
7 25 2
7 35 5.99625
7 133 17.3061
7 270 11.2046
7 278 27.4414
7 303 29.9097
7 368 16.572
8 0 5.89314
8 52 3.28447
8 67 15.0301
8 101 11.0512
8 119 5.05698
8 169 15.3013
8 371 3.96504
8 413 10.3403
8 454 2
9 0 9.68422
9 206 2
9 274 20.8009
9 297 3.52569
9 368 17.1627
9 385 4.47183
9 407 23.4849
9 417 8.95892
9 420 7.73914
9 449 14.8184
9 452 4.78022
10 0 4.35376
10 19 2
10 108 17.9503
10 151 3.23264
10 186 18.0862
10 189 6.0399
10 304 4.88132
10 332 11.449
10 346 5.72594
10 348 5.00595
10 352 15.3143
10 410 10.0897
10 481 18.6587
11 0 11.5831
11 140 2.82626
11 296 22.4659
11 348 13.5787
11 368 13.031
11 424 20.4001
11 445 24.2801
12 0 22.5545
12 92 4.88398
12 119 2.73833
12 127 12.6817
12 128 24.454
12 136 7.16739
12 181 20.5519
12 189 3.39664
12 238 8.92775
12 241 11.2177
13 0 12.8609
13 31 9.56382
13 82 15.0671
13 116 4.57483
13 234 12.3127
13 238 2.16589
13 374 10.9076
13 394 25.2178
13 425 4.51268
13 476 3.35242
13 492 15.2873
13 495 8.8909
14 0 10.1702
14 11 2
14 36 8.71079
14 45 11.5103
14 97 17.5251
14 410 20.1103
14 417 4.63183
14 446 3.53982
14 495 25.2061
15 0 5.14347
15 52 2
15 59 7.62657
15 201 6.99505
15 208 6.47659
15 276 16.3924
15 287 2.04119
15 305 2
15 310 8.8412
15 332 20.2129
15 340 6.08208
15 361 16.3583
15 396 4.60238
16 0 5.53737
16 107 3.40418
16 129 20.9293
16 167 16.4097
16 196 2
16 248 9.76813
16 251 8.48764
16 270 12.5959
16 323 6.09262
16 411 22.5119
16 454 5.20616
16 480 10.9356
17 0 9.72092
17 21 13.7939
17 111 6.94855
17 121 11.7087
17 239 2
17 250 2
17 322 7.4577
17 331 20.7386
17 360 11.5949
17 404 19.1358
17 424 3.32836
17 437 15.5519
18 0 3.08927
18 12 2.86496
18 13 12.0785
18 49 2
18 147 14.1666
18 161 2
18 167 2
18 219 3.60303
18 270 13.4534
18 331 15.9195
18 347 2
18 395 11.9088
18 417 14.4574
19 0 30.1764
19 92 28.5612
19 326 53.4936
19 416 29.1869
19 422 7.81653
19 484 25.6057
20 0 7.6394
20 119 3.37971
20 128 12.9147
20 145 19.6819
20 176 7.31804
20 268 20.8032
20 373 2.05923
20 410 21.1056
20 470 8.04783
21 0 2.52267
21 18 2.00712
21 60 24.4987
21 102 17.3698
21 198 18.9876
21 225 3.06473
21 257 12.1333
21 321 11.953
21 343 8.91112
22 0 16.1679
22 39 2.32816
22 72 25.9362
22 139 22.5127
22 180 9.21413
22 285 31.5946
22 348 2.32017
22 421 4.91793
22 430 27.0815
23 0 14.1406
23 18 10.1558
23 36 18.8853
23 52 20.3995
23 119 8.59772
23 141 2.89383
23 158 3.88152
23 167 3.24408
23 270 2
24 0 21.4229
24 52 22.6497
24 105 23.7568
24 120 9.19758
24 156 20.6133
24 158 21.4213
24 241 13.53
24 351 21.8823
24 461 11.6259
25 0 16.4624
25 58 36.3049
25 201 38.0861
25 250 15.1518
25 259 18.6892
25 426 5.18904
25 431 29.0518
26 0 7.45986
26 48 2
26 93 20.3984
26 218 22.2572
26 220 17.6892
26 298 2.231
26 368 15.8974
26 426 9.08705
26 484 2
27 0 26.3963
27 248 34.6447
27 340 10.0283
27 369 35.7001
27 434 25.6664
27 437 21.72
27 481 21.3736
28 0 13.8784
28 108 18.1002
28 115 3.22562
28 146 5.5105
28 159 15.4458
28 209 9.94374
28 276 2.29218
28 324 8.10207
28 368 3.88859
28 468 7.2189
28 489 3.73483
28 494 14.9489
29 0 30.4437
29 49 23.4934
29 321 15.0262
29 375 34.8288
29 466 12.0311
29 468 2
29 477 5.40296
30 0 18.4212
30 105 3.68536
30 274 17.4308
30 389 31.6135
30 421 25.4748
30 457 18.4669
30 489 14.2636
31 0 12.3862
31 52 17.8483
31 136 11.2636
31 158 7.66148
31 165 3.88206
31 170 2.67013
31 249 15.5725
31 326 6.7611
31 346 16.6273
31 463 10.3962
31 479 6.97103
32 0 10.734
32 6 4.47655
32 37 24.0258
32 92 2
32 97 15.4809
32 117 21.3088
32 119 20.2181
32 297 13.3741
32 366 22.7533
33 0 8.52459
33 31 7.5
33 141 11.5517
33 151 17.3834
33 180 9.58456
33 274 14.2672
33 304 20.4222
33 328 2.97801
33 351 2.21031
33 464 5.96221
34 0 26.4132
34 25 10.8525
34 81 10.979
34 85 15.3011
34 121 36.8497
34 183 12.9302
34 241 18.3546
34 377 25.3048
35 0 11.2921
35 12 6.39027
35 60 20.9609
35 93 17.0133
35 119 6.08761
35 151 5.69055
35 352 15.5374
35 389 8.72404
35 437 30.7371
35 484 8.5897
36 0 27.5052
36 228 14.4782
36 241 9.79182
36 267 32.8851
36 270 11.2222
36 328 29.6224
37 0 9.3395
37 85 9.65466
37 119 28.046
37 238 13.5469
37 366 54.5755
38 0 3.01329
38 2 2
38 26 7.85152
38 36 2
38 164 32.6502
38 226 6.70057
38 248 2.88005
38 321 5.2117
38 462 16.9207
38 464 15.3201
39 0 34.0036
39 62 2.29984
39 136 5.95158
39 207 12.0465
39 306 34.3535
39 365 15.101
39 382 11.3825
40 0 33.2326
40 24 19.4071
40 36 36.8307
40 139 10.6417
40 198 10.0572
40 499 6.85295
41 0 7.77918
41 13 13.833
41 49 13.602
41 56 2.1102
41 105 8.44062
41 209 2.07975
41 218 10.6467
41 296 3.65797
41 304 2
41 316 12.2885
41 382 2
41 383 11.6655
41 483 13.1223
42 0 17.3366
42 25 5.74847
42 36 18.0614
42 91 28.2983
42 248 2
42 335 5.23824
42 442 11.2389
42 458 2
42 475 2
43 0 20.5656
43 59 8.30157
43 100 17.5335
43 119 25.7425
43 133 3.86403
43 217 2
43 297 11.7835
43 427 2.49716
44 0 8.6484
44 90 2.73731
44 133 10.3568
44 155 7.70357
44 203 11.0963
44 248 12.9099
44 311 24.3384
45 0 5.29549
45 13 11.7673
45 22 27.1425
45 42 13.4657
45 98 20.4964
45 251 12.5831
45 298 6.83697
45 356 9.83363
45 430 23.3938
46 0 2.90392
46 82 4.39389
46 108 7.63128
46 112 7.78003
46 117 15.5793
46 218 5.8116
46 228 16.3554
46 257 13.3224
46 259 7.68184
46 270 14.3501
46 335 7.4146
46 426 6.58753
47 0 3.91516
47 36 2
47 207 2.92449
47 229 22.9144
47 250 4.43034
47 260 11.7445
47 274 17.2089
47 297 11.7202
47 331 2
47 398 2.6556
47 453 16.6244
48 0 14.9796
48 1 26.8298
48 12 29.4528
48 24 2.70759
48 119 14.4186
48 122 7.26369
48 421 16.5864
48 424 30.7146
49 0 8.12325
49 25 24.1054
49 165 2.15635
49 248 5.44289
49 279 18.8839
49 352 36.6067
49 365 18.3168
50 0 11.8396
50 10 7.96919
50 97 4.28314
50 176 7.46003
50 191 9.37166
50 240 11.5725
50 317 10.9092
50 356 7.1169
50 368 15.1384
50 373 10.2351
50 405 5.87174
51 0 15.8435
51 103 10.7454
51 332 36.7099
51 442 21.3901
51 453 37.9659
51 457 24.8081
52 0 2
52 55 14.0763
52 56 4.96359
52 78 32.2986
52 80 14.1674
52 236 13.3823
52 268 13.6666
52 282 11.5607
53 0 19.6194
53 31 2
53 65 9.37274
53 121 11.5518
53 225 10.1226
53 231 7.3495
53 404 5.93394
53 407 6.18034
53 410 16.0103
53 476 20.9498
53 489 16.0091
54 0 29.6843
54 17 5.05138
54 54 31.9544
54 150 23.8426
54 175 3.43102
54 209 33.3401
54 356 7.81378
55 0 19.7919
55 67 13.9325
55 201 37.6989
55 207 33.3593
55 269 2.15579
55 274 16.3022
55 484 18.2446
56 0 2
56 67 15.907
56 85 23.0868
56 130 13.4709
56 244 2
56 331 12.279
56 381 13.5176
56 416 14.5594
56 437 6.77008
57 0 3.41518
57 2 2
57 42 34.8678
57 97 9.03146
57 156 4.83158
57 171 2.818
57 238 3.74028
57 266 16.7362
57 454 2
58 0 10.0971
58 82 4.25605
58 95 14.4922
58 168 5.33999
58 240 16.0674
58 331 21.3081
58 361 9.21859
58 427 11.5827
58 484 8.94421
59 0 11.8985
59 62 3.6519
59 108 25.0668
59 119 33.3093
59 191 22.9393
59 263 25.0066
59 402 19.0351
59 433 6.50709
60 0 10.1515
60 49 8.49443
60 64 11.6607
60 105 10.7809
60 136 2
60 167 13.9972
60 293 3.92694
60 297 2
60 323 2.02838
60 377 20.5418
60 454 9.6363
60 468 20.4373
61 0 24.0911
61 59 2.97516
61 101 21.0883
61 116 25.5838
61 257 21.9775
61 268 17.802
61 285 7.33806
61 295 17.606
62 0 14.3397
62 13 22.4421
62 195 54.6485
63 0 22.0733
63 82 23.8277
63 97 30.7882
63 162 34.5393
63 274 2.21292
63 276 23.876
63 331 30.6887
64 0 8.40294
64 102 3.05574
64 111 18.482
64 162 22.6873
64 223 11.2665
64 230 15.2499
64 276 9.96228
64 358 12.1797
64 477 24.0478
64 485 24.8355
65 0 22.2899
65 112 22.0449
65 226 3.38537
65 299 22.3634
65 303 30.8338
65 311 4.18674
65 383 25.4192
65 384 21.6899
66 0 3.83657
66 67 9.00449
66 156 34.8253
66 242 2.35674
66 348 32.5278
66 417 32.8073
66 483 12.2748
67 0 11.6139
67 92 11.8802
67 105 6.92222
67 119 10.162
67 136 13.5888
67 180 8.96287
67 274 12.2233
67 284 20.6352
67 297 12.2985
67 311 9.60349
67 383 8.54795
67 421 3.98802
67 426 15.0212
67 489 7.16094
68 0 45.4843
68 76 5.49924
68 108 14.7606
68 370 20.9223
69 0 4.29664
69 1 12.6317
69 18 5.58393
69 52 11.6299
69 67 2
69 101 23.712
69 124 13.5137
69 279 8.69186
69 297 26.8851
69 469 2
70 0 13.8411
70 108 10.1848
70 147 2.98231
70 205 38.674
70 234 2
70 385 25.1222
70 425 19.9269
71 0 2
71 18 13.4935
71 224 18.4284
71 245 7.8089
71 326 25.5947
71 360 6.78892
71 417 2
72 0 11.6476
72 26 7.22523
72 58 13.9208
72 76 12.8073
72 232 18.8598
72 241 2
72 276 2
72 280 6.44143
72 311 2.09203
72 330 11.62
72 427 9.95871
72 428 9.40231
72 440 3.8392
73 0 5.33021
73 1 20.6809
73 31 30.6907
73 60 28.087
73 95 24.8019
73 151 25.0982
73 167 10.955
73 236 24.7685
74 0 4.41218
74 18 16.9596
74 36 18.718
74 107 19.0812
74 111 6.572
74 183 13.3855
74 328 5.47158
74 398 11.9233
74 477 5.90102
75 0 5.99799
75 3 13.927
75 31 10.1303
75 52 13.1138
75 85 9.34512
75 167 17.0997
75 178 22.1964
75 180 7.23167
75 223 4.82177
75 234 2
75 298 9.51498
75 489 14.3389
76 0 13.7911
76 52 18.1798
76 129 8.15664
76 182 4.23634
76 191 11.8832
76 238 10.9534
76 281 17.4918
76 329 16.228
76 426 11.8935
76 489 21.3118
77 0 20.7532
77 198 25.6133
77 468 78.1438
78 0 15.0618
78 45 15.4363
78 101 21.9337
78 170 9.15386
78 180 2
78 189 7.46467
78 204 23.0944
78 356 17.5581
78 468 29.2642
79 0 13.6529
79 13 2
79 18 11.6071
79 56 12.6273
79 82 8.69498
79 98 2
79 120 7.28953
79 180 6.2325
79 183 9.32154
79 199 2
79 262 8.85673
79 296 7.10101
79 364 6.66346
79 375 12.6531
79 477 9.04058
80 0 4.58152
80 43 10.9544
80 113 6.47339
80 120 7.05273
80 205 8.5212
80 226 12.8498
80 248 5.61073
80 284 4.5938
80 321 3.256
80 355 2.97651
80 370 7.9078
80 396 9.6086
80 417 8.80153
81 0 56.8894
81 147 44.705
81 182 23.4771
81 219 54.9029
81 260 2.01909
82 0 13.0052
82 31 12.1891
82 35 6.85368
82 85 9.53912
82 97 3.60816
82 223 2
82 311 15.8095
82 350 11.6264
82 357 5.10319
82 365 7.44653
82 420 14.4064
82 428 2.1375
82 431 3.63907
83 0 20.5167
83 82 6.02782
83 208 23.6286
83 298 17.9902
83 344 2
83 348 17.8079
83 371 8.37693
83 417 12.8959
84 0 18.9779
84 31 6.30171
84 36 14.136
84 52 25.4997
84 127 17.9683
84 298 10.6469
84 341 2.229
84 352 21.665
84 477 23.3256
85 0 12.58
85 9 15.2454
85 52 4.38111
85 105 29.4814
85 178 17.1893
85 223 39.8663
85 390 3.86658
86 0 11.5789
86 91 7.87965
86 111 2.23282
86 132 4.24333
86 172 14.9099
86 208 21.8893
86 238 2
86 253 2.97542
86 323 6.8042
86 457 3.97762
86 460 11.9093
86 472 7.43689
87 0 9.91954
87 2 13.7739
87 6 12.9171
87 45 21.7886
87 104 2.33707
87 119 8.60154
87 195 16.49
87 234 11.8762
88 0 10.1303
88 33 11.7881
88 52 18.7921
88 78 12.5684
88 183 21.2485
88 251 3.35107
88 342 25.0923
88 365 4.20143
88 464 19.3655
89 0 11.9505
89 60 45.6933
89 95 30.7271
89 300 15.8926
89 419 15.5783
90 0 8.16741
90 121 8.30724
90 151 9.87336
90 181 13.6394
90 184 5.68033
90 194 5.5115
90 208 3.91951
90 275 5.12043
90 304 13.6162
90 351 21.977
90 371 8.3652
91 0 9.68247
91 28 13.2111
91 45 3.3114
91 131 2.11795
91 164 7.90608
91 181 2.15248
91 214 14.5829
91 247 8.023
91 285 8.62739
91 311 12.4098
91 328 5.27611
91 383 2.20794
91 490 5.74053
92 0 2
92 31 12.7593
92 268 10.6137
92 309 12.9988
92 365 17.7864
92 384 6.14086
92 421 12.3281
92 427 2
92 472 14.0201
92 477 15.6755
93 0 12.9784
93 76 7.57393
93 134 2.6603
93 183 7.04054
93 230 8.53366
93 292 22.8747
93 303 24.3045
93 331 12.3902
93 349 8.64633
93 475 19.1682
94 0 23.262
94 43 31.555
94 243 10.6417
94 321 10.0132
94 424 21.582
95 0 36.2682
95 61 16.3974
95 85 19.1404
95 143 23.0846
95 237 20.7449
95 276 23.7357
95 284 35.071
95 388 2
96 0 49.4778
96 85 32.8382
96 92 25.7301
96 207 9.96206
96 257 34.2237
96 281 7.42979
96 340 20.2956
97 0 19.3861
97 142 17.1776
97 162 10.3698
97 183 26.1455
97 269 15.0331
97 331 14.1817
97 375 12.4184
97 386 15.3612
97 477 6.61288
98 0 13.5564
98 42 12.6254
98 285 22.7619
98 363 12.8785
98 435 22.3665
98 483 10.2281
98 489 4.8011
99 0 2
99 76 13.2859
99 87 8.43274
99 167 8.02709
99 202 14.8184
99 225 7.42092
99 248 7.36568
99 267 15.1985
99 274 7.80128
99 298 2.46988
99 421 18.8654
99 437 7.40558
99 475 3.66407
100 0 12.9421
100 25 10.2901
100 51 10.0174
100 92 12.6052
100 141 15.9811
100 230 10.7527
100 335 2
100 405 14.3145
100 415 14.584
100 421 7.54322
101 0 4.35611
101 64 16.9643
101 97 28.3493
101 147 38.6762
101 182 19.6156
101 371 15.6337
102 0 19.7254
102 12 13.9206
102 42 2
102 69 9.39731
102 85 47.7254
102 268 10.2429
102 285 12.7551
102 381 17.562
103 0 4.88529
103 18 7.56378
103 52 3.53208
103 71 13.6239
103 182 8.04756
103 183 16.4483
103 226 9.953
103 270 9.64857
103 285 13.4826
103 358 2.30354
103 390 8.25226
103 410 10.7154
104 0 14.1414
104 121 3.4785
104 178 23.054
104 269 27.7092
104 368 3.22126
104 373 27.3616
105 0 2
105 131 20.4304
105 156 3.75696
105 168 10.7077
105 182 30.5562
105 276 19.6704
105 448 31.1488
105 477 12.8296
106 0 16.7427
106 27 6.85548
106 52 16.1422
106 137 13.8847
106 247 22.8654
106 351 2
106 363 10.9074
106 430 33.526
107 0 19.7604
107 81 9.42399
107 180 27.1658
107 198 11.5404
107 239 10.5035
107 291 21.1838
107 315 26.2591
108 0 33.5392
108 30 15.0277
108 189 57.1893
108 450 54.0526
108 475 81.9314
109 0 29.2251
109 181 34.5286
109 262 2
109 363 34.9042
109 468 5.96928
110 0 5.10923
110 133 5.57381
110 179 3.77812
110 213 13.3616
110 257 15.9868
110 315 8.54913
110 321 4.42323
110 322 20.5864
110 323 9.63198
110 369 11.0317
110 371 9.51684
111 0 8.095
111 66 4.40337
111 119 2.0258
111 120 2
111 136 24.0495
111 182 15.3633
111 208 13.7655
111 253 22.4054
111 363 31.2556
112 0 7.71209
112 82 15.1961
112 93 3.81275
112 141 2.28304
112 195 11.2458
112 199 6.41414
112 298 16.5964
112 395 6.62468
112 417 16.6943
112 452 25.6333
112 472 6.02342
113 0 12.1441
113 95 9.5116
113 111 13.0676
113 172 4.51381
113 183 17.3754
113 236 10.8416
113 270 12.4708
113 285 19.4728
113 348 8.66725
113 421 10.5133
114 0 7.502
114 127 20.201
114 130 2.03943
114 230 21.5031
114 241 2.17703
114 321 22.4033
114 358 2.65962
114 371 9.57595
114 429 12.7333
114 440 8.31513
114 461 5.64739
115 0 44.4293
115 167 2
115 202 17.5805
115 234 15.2074
115 306 24.6756
115 389 7.43766
115 417 27.6836
115 460 8.8769
116 0 23.5806
116 31 11.0402
116 156 3.4011
116 189 22.2232
116 247 8.39154
116 248 15.5992
116 421 21.1526
117 0 4.26432
117 31 10.6336
117 103 29.8855
117 166 15.568
117 282 14.2731
117 372 39.4729
117 373 25.6742
117 421 21.836
118 0 15.1087
118 47 5.24951
118 77 13.9053
118 228 17.4408
118 248 29.4699
118 395 8.59106
118 445 11.8919
118 480 26.2907
119 0 35.5524
119 182 3.67981
119 276 23.117
119 307 38.2162
120 0 21.578
120 6 25.9133
120 29 2
120 76 15.8621
120 182 6.768
120 241 7.91447
120 317 2
120 373 20.4472
120 383 21.9742
120 420 7.76883
121 0 2
121 57 12.3832
121 101 18.4657
121 167 29.6922
121 274 26.4995
121 321 15.0998
121 334 5.27889
121 370 7.76156
121 421 22.1113
122 0 5.54438
122 1 4.86811
122 62 23.2014
122 139 4.25893
122 168 7.06032
122 183 3.02298
122 227 10.8443
122 238 3.60526
122 268 13.6517
122 303 5.44524
122 350 12.8278
122 361 11.1797
122 477 7.97936
122 494 5.7862
123 0 2.34259
123 114 19.8016
123 165 6.93387
123 196 26.3805
123 330 23.3276
123 335 20.9725
123 419 18.816
123 472 22.8452
124 0 11.2152
124 95 2.07931
124 167 8.99594
124 168 15.3904
124 183 8.88902
124 292 3.67454
124 298 16.765
124 352 16.1003
124 361 11.6436
124 454 21.4658
125 0 10.9953
125 93 21.9619
125 205 12.2193
125 237 13.2932
125 251 12.6866
125 272 14.3924
125 292 16.4891
125 365 5.11476
125 427 14.1607
125 474 8.30476
126 0 35.193
126 52 5.58691
126 62 16.6291
126 85 2.71925
126 268 28.292
126 273 6.75576
126 330 13.7686
126 350 29.4345
127 0 8.89634
127 36 19.4778
127 89 5.45363
127 101 12.0009
127 203 9.07039
127 254 24.9913
127 323 7.91008
127 328 6.2632
127 363 14.4572
127 462 2
128 0 10.3606
128 89 12.1942
128 97 17.8248
128 99 13.5603
128 133 2.06959
128 156 6.01198
128 184 8.92672
128 202 13.5717
128 219 4.13618
128 257 2.05742
128 383 9.27274
128 460 10.8462
128 485 9.74459
129 0 6.69483
129 95 17.9651
129 241 25.314
129 353 4.34386
129 383 16.8307
129 437 4.61293
130 0 25.1747
130 29 8.31098
130 59 26.6838
130 135 7.37465
130 142 31.9157
130 268 27.9424
130 417 7.16253
130 448 3.30911
131 0 19.8932
131 76 26.7144
131 93 6.08822
131 108 17.1053
131 171 24.1001
131 183 10.8714
131 270 20.7953
131 293 7.59755
131 298 8.81272
131 365 9.11751
132 0 27.233
132 93 58.0241
132 152 48.3808
132 356 42.4403
133 0 2.09767
133 59 4.88323
133 67 16.6698
133 123 9.97549
133 147 17.962
133 276 6.21336
133 340 12.0223
133 430 11.8763
133 457 2.4861
133 461 2
134 0 10.7654
134 36 19.1894
134 71 2.08779
134 141 2.68597
134 183 44.3367
134 335 40.9916
135 0 37.8332
135 128 25.2101
135 140 2.63592
135 180 17.4344
135 199 38.8655
135 460 29.5395
136 0 10.4897
136 139 19.002
136 248 25.7932
136 354 7.62828
136 386 33.3727
136 396 40.2812
137 0 35.0465
137 120 2
137 314 4.37792
137 326 34.1225
137 375 37.1063
137 420 21.8377
138 0 24.8549
138 65 9.68948
138 99 7.83552
138 143 7.80671
138 155 15.1908
138 248 8.53323
138 254 16.1296
138 263 13.1447
138 344 5.41353
138 345 7.11602
139 0 32.9585
139 59 2.32811
139 95 15.6251
139 156 11.9726
139 250 13.1933
139 310 21.3095
139 384 21.6797
140 0 3.02722
140 140 20.9759
140 160 19.3514
140 184 10.6093
140 206 2
140 257 3.70334
140 434 16.5298
140 435 2.88969
141 0 12.7922
141 65 14.6007
141 182 11.1219
141 191 22.7351
141 280 6.45728
141 324 8.03092
141 348 17.373
141 405 2.28366
141 410 25.8378
142 0 10.7719
142 28 8.05514
142 97 8.73571
142 167 4.04
142 240 17.5466
142 241 2.78821
142 248 6.57716
142 310 9.73362
142 435 17.5548
142 452 10.0416
142 473 13.2829
143 0 9.04733
143 67 11.4346
143 119 13.2591
143 136 17.346
143 155 9.15886
143 195 2.09496
143 203 7.01831
143 230 11.4417
143 282 6.97494
143 363 8.21769
143 369 7.39635
143 419 10.2345
144 0 52.4429
144 78 41.5848
144 268 47.0149
144 304 7.153
144 344 20.1117
144 356 31.2081
145 0 12.504
145 67 19.3535
145 91 26.576
145 92 12.2569
145 112 8.81941
145 194 21.1486
145 270 5.71511
145 282 12.6495
145 384 17.1645
146 0 20.9238
146 168 18.3294
146 371 24.5167
146 390 25.768
146 433 11.0187
147 0 32.7539
147 36 22.9119
147 270 44.0009
147 299 41.5985
147 459 18.7443
148 0 28.161
148 80 7.99765
148 176 24.6504
148 272 18.5419
148 348 17.4547
148 427 13.6236
148 442 13.9913
149 0 14.5967
149 9 15.2977
149 40 20.8978
149 120 37.0463
149 162 17.8677
149 223 36.4929
149 394 20.3114
150 0 13.5914
150 151 31.9433
150 216 4.96571
150 223 18.9411
150 270 2
150 292 7.57147
150 395 39.451
150 487 24.6946
151 0 10.1761
151 13 4.78085
151 18 7.29303
151 92 18.7809
151 118 2.73987
151 119 8.99232
151 136 2
151 230 2
151 303 2.33359
151 343 12.0067
151 386 3.1132
151 399 8.21078
151 429 12.0195
151 443 2
151 459 2
151 481 4.53162
152 0 9.30617
152 45 9.53291
152 48 3.6579
152 124 2
152 143 2.40069
152 205 2.62551
152 234 2
152 265 9.44857
152 384 2
152 410 4.89544
152 421 7.27015
153 0 2
153 67 2
153 77 2
153 147 2.18167
153 165 7.29573
153 193 18.619
153 239 21.0958
153 276 5.46244
153 316 6.20582
153 332 17.6683
154 0 16.6298
154 12 8.53092
154 36 30.0498
154 69 23.6026
154 227 29.0391
154 299 9.09302
154 430 3.36409
155 0 4.42624
155 13 2
155 36 2
155 52 14.4821
155 82 12.1938
155 151 12.2082
155 162 7.55311
155 165 9.58438
155 172 3.24906
155 216 10.4374
155 252 7.35534
155 370 4.76232
155 395 2
155 462 9.56909
156 0 3.6205
156 183 12.2186
156 206 2
156 218 20.1512
156 269 8.78066
156 270 16.0234
156 296 3.21788
156 344 19.6575
156 489 8.43438
157 0 6.19958
157 95 9.89097
157 102 6.65758
157 118 2
157 136 3.15771
157 141 15.8849
157 181 21.5573
157 184 6.66859
157 251 15.0217
157 269 2
157 348 15.394
157 477 6.72507
158 0 15.1545
158 36 12.9282
158 95 16.5481
158 111 21.4033
158 116 4.77759
158 147 11.5923
158 156 9.3323
158 257 3.58777
158 395 16.1671
158 396 8.6071
158 433 12.5604
158 466 23.528
159 0 17.8711
159 46 18.7681
159 103 34.5813
159 173 8.19428
159 266 2.22929
159 383 2
160 0 2
160 84 12.6959
160 91 15.9934
160 189 11.5324
160 203 8.12955
160 205 24.1881
160 276 8.74986
160 388 20.7048
160 437 2.67673
161 0 2
161 1 8.04719
161 59 14.8846
161 128 13.5443
161 143 3.98098
161 208 8.21598
161 214 5.30413
161 241 16.2738
161 261 4.50351
161 360 2
161 376 19.6522
161 383 13.4629
161 427 2
161 434 7.58713
161 440 14.1306
162 0 4.11526
162 42 8.24605
162 60 3.97963
162 67 17.9498
162 181 2.09397
162 242 8.90829
162 276 2.84724
162 292 12.9754
162 298 6.36858
162 421 8.72339
163 0 21.7207
163 13 6.6089
163 28 12.2394
163 52 20.3834
163 55 4.23281
163 217 2.28857
163 226 10.3091
163 230 27.9493
163 250 8.12021
163 274 2
163 326 13.2015
164 0 32.2626
164 82 6.70915
164 167 15.966
164 207 9.49737
164 295 7.16197
164 356 20.4102
164 383 31.9708
164 459 2.92314
165 0 10.5766
165 2 4.99017
165 52 14.0336
165 102 6.40019
165 107 9.06075
165 147 12.1931
165 161 2
165 201 8.74826
165 203 15.2137
165 244 8.07242
165 248 9.66754
165 352 12.7349
165 368 11.8041
165 484 2
166 0 44.9724
166 167 12.2542
166 227 67.4718
166 284 19.5866
167 0 16.9874
167 71 12.5015
167 196 13.449
167 226 10.1773
167 268 20.8101
167 304 2.02869
167 351 25.0527
167 361 2.18382
167 421 15.8224
167 436 6.5833
168 0 22.6241
168 45 2.59343
168 48 9.02417
168 182 3.83777
168 205 10.4586
168 245 2
168 274 6.26703
168 276 11.3063
168 338 16.3166
168 440 11.7717
168 490 14.3575
169 0 35.2738
169 80 52.3278
169 129 34.8299
169 478 30.936
170 0 11.394
170 1 7.194
170 9 3.61636
170 45 8.13455
170 76 3.61775
170 136 16.3713
170 205 13.3926
170 229 5.22355
170 248 4.7879
170 250 11.6578
170 276 11.8031
170 298 15.4591
170 434 9.47291
171 0 4.3645
171 62 19.372
171 76 3.78977
171 183 42.9605
171 248 11.8837
171 266 2
171 374 17.2368
171 491 13.4349
172 0 9.8034
172 36 10.439
172 52 12.9192
172 60 31.1604
172 80 2.97849
172 101 5.65786
172 112 9.84839
172 152 8.56055
172 270 5.07254
172 285 8.7776
173 0 9.48169
173 17 11.7966
173 78 3.80715
173 80 9.28157
173 121 2.54
173 196 18.7663
173 240 7.23401
173 302 6.74657
173 337 9.10113
173 369 9.0192
173 399 6.93073
173 417 6.01177
173 420 10.2296
173 472 9.0722
174 0 28.6383
174 3 6.74896
174 19 30.8801
174 76 10.1324
174 152 10.8134
174 274 18.1035
174 316 8.86787
174 385 11.6763
175 0 12.6165
175 19 9.34696
175 52 11.5097
175 78 14.2497
175 133 11.3995
175 228 9.24973
175 241 4.05191
175 275 8.05996
175 296 6.71774
175 356 18.4398
175 362 8.18037
175 480 7.45111
176 0 15.6405
176 9 15.9525
176 85 6.77553
176 93 27.2101
176 112 12.0053
176 162 29.9685
176 307 2
176 443 2
177 0 4.20335
177 52 2.22697
177 147 5.54462
177 208 10.5121
177 226 17.1002
177 270 2
177 310 9.38936
177 361 15.8187
177 460 35.0012
178 0 13.8086
178 42 24.9781
178 164 19.3004
178 182 2.76218
178 245 9.04077
178 269 15.2457
178 270 4.43403
178 335 12.9194
179 0 45.088
179 31 2.20337
179 167 47.6613
179 248 18.5338
179 369 30.7586
180 0 5.20817
180 250 46.4034
180 270 4.86264
180 417 45.7419
181 0 3.35389
181 89 12.1522
181 92 2.35249
181 97 3.3421
181 155 2
181 170 4.41699
181 241 9.39642
181 253 11.1139
181 254 6.10253
181 257 4.48814
181 259 11.343
181 293 2
181 310 5.08675
181 346 11.0802
181 359 4.46675
181 380 2.17996
181 407 7.18551
181 424 5.36258
181 429 5.36049
182 0 19.2203
182 57 29.0834
182 128 6.28792
182 136 8.2306
182 155 2
182 405 34.1697
183 0 10.5547
183 42 16.1126
183 48 5.62882
183 80 13.8783
183 97 12.7131
183 176 6.68478
183 192 11.2093
183 201 10.5897
183 214 3.64242
183 226 12.7295
183 335 2.22697
183 362 2
183 436 5.1554
184 0 9.22489
184 26 24.0409
184 121 18.5348
184 241 11.2835
184 328 17.7921
184 366 2
184 421 7.20054
184 437 12.7016
185 0 49.9109
185 180 31.6573
185 229 13.6936
185 374 24.2035
185 417 6.86534
186 0 3.7545
186 37 5.28475
186 54 10.5583
186 92 6.31469
186 121 12.8897
186 149 2.38393
186 300 16.1508
186 351 7.67863
186 373 11.199
186 415 2
187 0 51.0644
187 42 19.2878
187 183 34.928
187 259 23.7226
187 284 18.253
187 409 24.8206
188 0 2
188 128 2
188 132 12.258
188 182 13.5258
188 247 15.4181
188 250 20.3322
188 302 22.609
188 361 24.7892
188 368 18.5995
189 0 7.86517
189 52 30.6524
189 139 13.3255
189 170 3.25356
189 180 4.3386
189 213 25.777
189 231 21.3976
189 394 16.8017
190 0 63.5326
190 76 47.5991
190 206 20.9308
191 0 23.8294
191 97 19.6093
191 156 2.48147
191 162 14.3243
191 164 15.7064
191 274 9.40132
191 351 14.9132
191 383 15.3172
191 427 21.6438
191 499 2
192 0 12.078
192 10 18.4109
192 269 39.5241
192 340 17.7273
192 472 67.0442
193 0 10.3174
193 19 23.2582
193 101 12.505
193 102 12.6993
193 114 2.07976
193 140 5.39913
193 141 2
193 259 10.3393
193 266 5.90026
193 457 25.0319
194 0 8.48514
194 7 12.2577
194 56 9.43284
194 59 17.1521
194 76 6.67385
194 124 2.46843
194 136 5.80628
194 187 15.4131
194 331 20.5604
194 344 5.24822
194 472 14.5232
195 0 5.2963
195 123 13.6573
195 167 27.4168
195 168 12.9746
195 266 18.5776
195 270 7.07295
195 279 20.6044
195 364 4.13228
195 372 12.7534
196 0 7.50161
196 77 2
196 92 28.3249
196 303 15.4859
196 330 12.4961
196 356 6.66269
196 364 21.3776
197 0 41.733
197 22 28.4167
197 52 32.4661
197 182 53.006
197 323 3.79544
198 0 2
198 89 10.734
198 208 7.59371
198 215 14.9787
198 225 15.447
198 235 15.0679
198 275 17.1705
198 352 4.5348
198 400 5.30237
198 411 6.50675
198 433 22.1672
199 0 2.65975
199 45 9.64411
199 108 18.1311
199 111 2
199 128 11.18
199 142 9.09268
199 176 11.7104
199 252 2.927
199 262 6.74833
199 358 3.15213
199 384 14.0777
199 417 6.92623
199 421 18.4477
199 437 2.90243
200 0 2.7285
200 45 14.8814
200 56 2
200 76 2.93126
200 276 9.18784
200 282 16.9909
200 297 13.901
200 323 14.9704
200 364 2.01567
200 365 7.05012
200 410 14.2468
200 426 2
201 0 15.9384
201 12 4.88817
201 59 12.1784
201 80 2
201 95 14.9755
201 136 10.1518
201 181 11.6842
201 222 17.5661
201 303 7.53522
201 396 29.0104
202 0 79.0092
202 36 44.3093
202 361 57.9382
203 0 10.1452
203 11 18.7222
203 67 12.9521
203 116 10.3511
203 248 2.66564
203 321 3.93668
203 335 7.76451
203 344 14.9355
203 402 4.39663
203 494 15.5394
204 0 19.7175
204 65 22.4272
204 76 2.88902
204 136 6.6719
204 151 25.328
204 167 21.0401
204 182 2
204 226 11.2583
204 268 5.42736
204 404 15.4738
205 0 10.1719
205 28 11.5931
205 65 7.92275
205 85 12.8468
205 97 14.1021
205 265 18.3668
205 269 12.1627
205 356 8.98669
205 457 25.1264
205 484 9.38889
206 0 2.16796
206 21 11.7728
206 39 4.16504
206 52 17.3204
206 89 14.3168
206 165 10.8101
206 208 10.8021
206 241 12.9842
206 344 17.5588
206 371 8.72451
206 419 14.886
206 476 14.6951
207 0 14.141
207 10 10.1727
207 101 12.0354
207 136 8.74916
207 158 11.0969
207 238 24.715
207 240 10.9873
207 290 2.71492
207 344 13.1035
208 0 7.49024
208 12 10.9867
208 95 20.4525
208 136 12.2511
208 243 2.03758
208 324 5.80068
208 344 2
208 361 16.3024
208 396 24.0822
208 483 20.1665
209 0 21.3502
209 105 2
209 195 14.3886
209 388 13.5567
209 410 10.0456
209 427 10.655
209 462 21.1591
209 472 15.7842
209 475 11.6628
210 0 17.9016
210 31 29.9972
210 136 2
210 155 5.02421
210 242 19.005
210 259 16.4871
210 269 24.3481
210 434 11.8321
211 0 27.4372
211 1 26.017
211 64 8.89926
211 81 30.0495
211 153 14.1858
211 167 24.0859
211 268 10.6808
211 331 15.9737
212 0 19.3724
212 167 17.8425
212 178 11.1535
212 201 2.74745
212 219 25.0622
212 241 2
212 350 16.3346
212 370 4.44855
213 0 10.5959
213 36 43.3345
213 165 10.3258
213 281 38.6315
213 387 23.9413
213 449 23.7318
214 0 2.73253
214 250 14.5519
214 281 4.89388
214 444 32.0252
215 0 14.869
215 82 41.3112
215 234 43.8558
215 367 15.2873
215 421 39.5659
216 0 9.31378
216 55 18.3499
216 99 17.4859
216 228 28.7167
216 241 32.3594
216 484 14.6585
216 495 35.3337
217 0 4.43278
217 128 20.5657
217 178 8.50964
217 180 23.4824
217 296 12.227
217 330 3.41439
217 341 11.0138
217 361 8.92043
217 369 10.1214
217 384 19.5597
218 0 18.0876
218 10 15.2011
218 206 7.63971
218 226 12.9198
218 248 18.8982
218 270 21.7141
218 276 24.5087
218 323 6.31915
218 326 2.11963
218 383 14.5789
219 0 26.5108
219 76 33.2415
219 141 34.5814
219 257 64.7173
219 331 18.6892
220 0 6.41058
220 24 6.29519
220 30 11.9657
220 42 13.7804
220 80 2
220 140 5.11348
220 239 4.43755
220 250 4.13699
220 259 5.16677
221 0 2
221 11 2.83328
221 12 6.44341
221 31 13.7456
221 67 11.2403
221 76 7.49371
221 246 6.45023
221 268 3.37819
221 276 9.92674
221 335 2
221 391 6.05971
222 0 17.3489
222 35 10.7844
222 56 5.9449
222 105 10.1507
222 119 21.443
222 149 25.7163
222 213 20.076
222 251 11.3362
222 326 26.7822
223 0 10.8863
223 12 33.2891
223 48 2
223 202 45.5554
223 351 6.08856
223 437 16.0548
224 0 14.1237
224 97 12.8595
224 113 12.8924
224 167 2
224 238 6.2725
224 268 8.82746
224 297 19.1821
224 389 14.4471
224 436 3.26042
224 468 10.2343
224 478 16.975
225 0 59.4151
225 92 51.1999
225 119 11.3703
225 230 28.1875
226 0 25.0635
226 70 5.10053
226 228 2
226 257 25.0017
226 269 23.043
226 281 13.8343
226 317 2
226 332 9.19109
226 421 27.3356
226 484 20.7895
227 0 15.9259
227 64 17.6896
227 80 11.7786
227 149 4.96709
227 182 15.8272
227 195 14.7032
227 235 9.24147
227 316 19.7957
227 374 31.9821
228 0 11.3754
228 78 2
228 129 3.80124
228 145 9.01629
228 249 6.9837
228 281 15.5605
228 319 25.4725
228 341 11.6721
228 383 2
228 396 3.79386
228 415 18.2549
229 0 18.3426
229 92 10.6944
229 112 7.44442
229 178 14.3795
229 229 18.7138
229 253 16.661
229 268 9.53688
229 361 24.016
229 483 10.9498
230 0 13.6174
230 76 8.15478
230 183 11.776
230 251 12.9978
230 284 12.0447
230 351 31.0224
230 383 41.2662
231 0 14.6106
231 105 12.1731
231 136 12.1095
231 151 26.1513
231 266 8.92512
231 271 14.9498
231 371 11.4108
231 473 12.779
232 0 11.1163
232 52 4.42014
232 141 13.1681
232 158 11.856
232 164 11.9756
232 248 14.9389
232 299 11.7932
232 349 8.27521
232 359 13.5794
232 382 18.7809
232 449 15.0151
233 0 25.7627
233 10 11.5224
233 36 10.6903
233 83 8.38539
233 283 22.2335
233 326 11.845
233 332 2
233 417 4.92736
233 420 7.16169
233 437 2.98431
234 0 6.55638
234 36 13.4078
234 213 11.4353
234 227 11.462
234 234 9.9079
234 257 2.37012
234 270 14.2542
234 276 16.2062
234 304 10.0421
234 425 5.39488
234 472 12.5322
235 0 2.90855
235 13 40.2349
235 140 32.3014
235 182 28.5073
235 276 29.3966
236 0 14.3749
236 136 7.84082
236 183 4.96897
236 251 18.8871
236 291 5.73464
236 315 12.0089
236 345 6.72552
236 351 7.67298
236 374 11.8142
236 453 9.48001
236 477 14.5868
236 498 6.63531
237 0 13.0411
237 113 4.43047
237 119 20.6884
237 156 6.9733
237 182 13.5193
237 183 9.17889
237 268 35.4182
237 494 5.54617
238 0 2
238 105 62.2208
238 214 42.7608
238 364 9.85174
238 381 25.9283
239 0 7.07112
239 266 26.7873
239 351 14.0661
239 380 11.371
239 396 13.5562
239 419 3.59374
240 0 3.79309
240 36 17.937
240 164 22.1938
240 247 27.123
240 269 3.79771
240 276 18.8039
240 284 4.07526
240 363 3.32337
241 0 10.6469
241 44 7.73419
241 119 27.0617
241 164 26.2424
241 248 2.87887
241 279 4.83139
241 417 4.69872
241 469 8.56946
241 488 24.192
242 0 46.4562
242 209 26.2815
242 217 31.7169
242 421 24.3454
242 427 25.4064
243 0 11.5152
243 36 10.0746
243 48 2
243 105 3.4992
243 136 11.702
243 184 3.46274
243 236 3.74247
243 251 10.3082
243 285 6.716
243 321 9.04763
243 351 2
243 356 4.75508
243 468 2.00355
243 483 7.51505
244 0 12.6368
244 12 3.24961
244 146 25.755
244 230 16.1839
244 352 2.37338
244 395 15.1935
244 489 21.3128
245 0 6.12812
245 1 3.65638
245 64 10.4355
245 112 19.4795
245 168 9.04257
245 274 23.3792
245 375 7.79509
245 449 3.68699
246 0 3.69762
246 55 17.1771
246 67 10.5749
246 92 25.9054
246 165 2.28923
246 462 24.5854
247 0 7.00234
247 88 4.43966
247 102 2.36051
247 117 16.7563
247 141 21.2945
247 156 3.40466
247 158 2
247 222 8.22095
247 248 13.1783
247 388 16.6866
248 0 25.8544
248 6 24.3762
248 35 12.6269
248 42 2
248 234 2
248 266 12.848
248 328 15.9517
248 368 13.5195
249 0 9.84963
249 10 21.3792
249 18 6.7601
249 36 14.3327
249 39 29.5556
249 80 27.7165
249 121 6.37411
249 140 4.49877
249 168 25.1459
250 0 8.49047
250 25 24.1225
250 39 16.6312
250 136 9.49882
250 223 10.1888
250 285 2.65713
250 298 11.364
250 328 2.87127
250 330 7.72589
250 394 28.369
250 430 2
251 0 23.1672
251 3 15.0079
251 48 13.5317
251 191 17.5245
251 204 23.4221
251 276 10.3919
251 285 20.4352
251 324 8.87092
251 398 5.86869
252 0 10.6468
252 52 2.03643
252 92 2
252 164 31.872
252 192 4.33095
252 204 20.6738
252 268 17.1318
252 311 7.92909
252 494 7.52108
253 0 4.4605
253 52 23.1212
253 112 14.933
253 119 12.7553
253 144 6.86201
253 270 9.55718
253 279 7.48692
253 330 2
253 368 2.45164
253 484 12.4403
253 490 8.08358
254 0 7.07293
254 36 12.4631
254 49 17.6546
254 53 8.60747
254 158 9.81739
254 167 5.89941
254 297 23.8529
254 303 11.1374
254 306 12.5993
254 395 6.25407
254 464 22.0793
255 0 5.96479
255 45 15.2797
255 93 21.6332
255 111 11.2722
255 243 2
255 248 2
255 450 17.6305
255 466 2.47761
256 0 5.71732
256 36 3.59408
256 84 15.6601
256 105 16.6944
256 171 7.94711
256 203 3.95966
256 268 12.9389
256 276 17.4571
256 298 19.0793
256 350 2.80692
256 402 17.6627
256 427 2
256 484 2
257 0 20.2908
257 10 6.26365
257 12 12.3804
257 59 14.7816
257 91 20.222
257 105 5.98417
257 183 15.2589
257 207 2
257 279 18.4333
257 410 4.8223
258 0 6.50294
258 45 46.9802
258 98 47.6696
258 209 2
258 210 26.5616
258 376 11.1464
258 445 7.37802
259 0 11.7573
259 10 16.1979
259 55 17.6441
259 151 31.0168
259 251 57.4322
260 0 17.5891
260 180 5.08363
260 219 23.3922
260 238 10.6546
260 292 12.3287
260 310 13.5199
260 361 23.7953
261 0 25.916
261 55 5.84805
261 105 20.201
261 136 24.6237
261 158 15.4665
261 310 25.1839
261 472 25.2311
262 0 2
262 65 21.5675
262 111 9.50457
262 136 20.9206
262 169 17.1471
262 170 15.1396
262 199 11.7626
262 228 19.7093
262 235 22.7112
262 257 5.38063
262 417 11.5116
263 0 5.50517
263 18 20.7445
263 60 10.438
263 61 4.15165
263 166 11.9225
263 201 14.6789
263 326 4.64782
263 367 4.60878
263 372 17.545
263 463 17.6268
264 0 18.5446
264 99 24.8539
264 116 7.49171
264 122 21.6498
264 123 3.95975
264 262 14.5153
264 311 7.06511
264 361 2
264 421 6.74037
265 0 2
265 48 19.3435
265 52 3.41096
265 60 17.4499
265 66 23.6429
265 98 10.5926
265 106 11.9682
265 156 14.2436
265 335 2
265 443 3.59789
266 0 4.93738
266 82 11.7417
266 155 4.09901
266 167 11.6336
266 178 11.536
266 234 7.28181
266 270 4.21131
266 281 4.82657
266 382 6.31234
266 386 9.31606
266 395 6.1669
266 414 4.75773
266 420 13.7408
267 0 7.62521
267 13 14.3416
267 52 2
267 65 6.74693
267 141 2.72269
267 228 14.9157
267 270 10.4914
267 417 4.99619
267 455 18.9035
267 474 15.0612
268 0 37.5046
268 56 8.50077
268 65 17.6269
268 88 17.1644
268 92 2.24967
268 196 15.7748
268 416 9.28801
268 455 29.7536
269 0 16.945
269 27 7.47135
269 76 6.84223
269 158 32.3435
269 268 3.55544
269 417 33.3693
270 0 18.4261
270 93 2
270 209 20.9427
270 226 16.0063
270 266 6.12247
270 324 27.6734
270 367 4.78545
271 0 7.48038
271 131 30.4979
271 135 36.085
271 157 17.1164
271 206 27.4649
271 253 8.57348
271 361 28.1792
271 410 2.46679
272 0 14.8944
272 56 12.4885
272 76 5.7771
272 89 2.30784
272 105 9.45802
272 112 15.8866
272 144 16.8743
272 224 6.21041
272 248 7.8453
272 252 15.802
273 0 22.891
273 18 35.9239
273 192 8.78316
273 196 33.4756
273 410 8.9477
273 437 30.1648
273 466 11.361
274 0 16.8663
274 9 11.2865
274 38 12.4685
274 141 2.95654
274 296 14.7307
274 383 16.5227
274 426 18.4212
274 453 12.1196
275 0 2
275 65 3.38543
275 189 5.58289
275 226 8.96797
275 240 6.68237
275 251 6.75387
275 291 4.29164
275 384 6.34928
275 405 3.03666
275 417 2.06661
275 421 4.53975
275 457 7.34475
276 0 2
276 33 16.2424
276 276 6.18484
276 361 17.0034
276 460 17.9856
276 461 28.3509
276 481 23.2411
277 0 12.7347
277 48 21.3089
277 80 4.60236
277 226 16.5684
277 264 17.027
277 291 6.69142
277 346 8.40479
277 396 18.9964
277 421 22.4977
277 445 8.52328
277 494 9.35998
278 0 2
278 62 16.4984
278 105 2.90143
278 243 3.11468
278 348 27.1712
279 0 2.08613
279 12 9.04729
279 21 15.5071
279 92 11.6839
279 203 19.269
279 226 9.20574
279 230 9.70659
279 272 2
279 417 11.212
279 483 8.30818
279 489 9.98196
280 0 4.28139
280 89 4.17994
280 97 3.17968
280 119 14.7254
280 156 17.2039
280 180 16.6392
280 335 4.07376
280 387 13.3355
280 390 7.24334
280 405 2
280 449 17.6781
280 464 4.45023
281 0 18.3467
281 71 8.94942
281 119 7.29492
281 121 19.8875
281 234 27.8639
281 237 16.4475
281 311 18.457
281 395 2
282 0 31.2734
282 145 21.7394
282 231 16.9705
282 253 2.86503
282 280 11.8632
282 426 21.8702
282 494 20.1029
283 0 11.5083
283 36 7.07388
283 55 4.61312
283 136 6.9369
283 302 2.29026
283 430 21.5471
283 477 2
284 0 22.6613
284 49 5.21055
284 58 13.6741
284 59 14.4143
284 139 5.97274
284 330 3.6173
284 437 14.6001
284 443 15.1018
284 445 25.8438
284 468 2
285 0 9.9347
285 18 2
285 60 19.0265
285 80 16.4261
285 285 13.1988
285 303 17.7388
285 335 18.7678
285 405 2
286 0 19.9823
286 80 6.31341
286 101 4.46965
286 161 5.43845
286 180 36.5994
286 310 2
286 331 17.6469
287 0 8.40022
287 13 11.2658
287 52 11.1845
287 71 4.41231
287 80 2
287 196 13.1749
287 241 8.88005
287 270 10.5897
287 298 6.03701
287 464 4.4175
287 484 10.674
288 0 2
288 59 8.17203
288 170 5.47517
288 270 10.5062
288 282 2
288 431 25.0001
288 449 15.4332
288 452 7.14472
288 483 5.24472
289 0 2
289 121 7.91656
289 128 5.68358
289 133 7.47964
289 229 11.9152
289 239 16.4126
289 259 3.89873
289 298 11.0201
289 334 14.0003
289 335 11.627
289 364 2
289 395 5.05486
289 449 13.3611
290 0 17.271
290 19 19.9926
290 21 2
290 55 9.70827
290 75 11.0857
290 76 19.405
290 105 4.11473
290 248 21.9714
290 460 21.09
291 0 2
291 21 11.8092
291 35 11.0628
291 101 8.69821
291 120 7.20054
291 226 9.00068
291 243 13.9719
291 248 9.84352
291 262 17.3492
291 293 4.17891
291 320 5.22546
291 326 2
291 356 17.4019
291 484 8.20292
292 0 11.0198
292 13 5.81769
292 18 24.6631
292 85 19.45
292 101 8.15175
292 114 14.3783
292 136 10.6818
292 430 7.22649
292 489 2
293 0 2
293 136 10.3204
293 182 6.49939
293 241 7.8216
293 303 4.58448
293 321 10.5218
293 344 20.6881
293 411 20.1422
293 487 24.9016
294 0 2
294 71 2
294 88 2
294 119 15.7126
294 136 27.6266
294 295 7.10747
294 335 27.9748
294 340 2
294 463 16.6495
294 484 4.63943
295 0 9.65588
295 36 8.35098
295 76 15.8348
295 170 11.1776
295 174 16.3271
295 176 11.8124
295 180 4.18441
295 210 9.5307
295 252 22.2274
295 278 5.85906
295 288 12.3149
295 328 16.7174
296 0 22.4108
296 114 17.0043
296 156 17.422
296 207 11.3384
296 352 31.2693
297 0 7.34639
297 33 13.429
297 164 9.68085
297 189 5.95291
297 191 17.587
297 205 20.7448
297 230 19.6443
297 268 22.5786
297 348 8.91301
297 385 2.07961
297 477 9.91223
298 0 16.959
298 12 9.20941
298 76 15.8768
298 161 19.1944
298 180 33.5586
298 182 30.617
298 352 10.1384
298 371 26.2492
299 0 14.2994
299 45 12.0681
299 107 22.9399
299 112 19.5956
299 247 3.74664
299 270 13.4444
299 280 14.3875
299 310 2
299 426 10.8876
299 442 2
300 0 3.11896
300 59 10.8534
300 80 7.99848
300 91 9.86301
300 202 4.31039
300 253 26.5039
300 269 25.164
300 296 4.80064
301 0 21.8658
301 59 6.86172
301 136 15.1782
301 151 5.54801
301 161 11.4956
301 203 15.8471
301 252 19.7288
301 268 21.1755
301 269 20.3768
301 417 17.4063
301 440 11.6568
302 0 15.7315
302 10 3.24187
302 24 14.2889
302 33 2
302 92 11.9729
302 155 17.1654
302 270 3.20089
302 331 2
302 361 18.9911
302 365 10.5948
302 472 5.61767
303 0 31.8375
303 48 7.57046
303 284 10.0128
303 296 34.8929
303 367 8.89971
303 411 16.9035
303 424 16.5046
303 464 12.2771
304 0 16.853
304 76 6.63921
304 108 4.33489
304 111 9.14382
304 181 15.9999
304 242 10.7279
304 302 4.36524
304 321 4.8997
304 352 21.5758
304 356 6.64061
304 368 2.36794
305 0 12.7415
305 116 9.08549
305 143 3.73403
305 167 11.3935
305 269 11.7867
305 276 8.07591
305 297 11.5925
305 328 3.48442
305 460 2
305 462 9.13701
305 472 4.98804
305 484 3.23201
305 498 6.46972
306 0 10.1929
306 168 6.97846
306 191 11.4699
306 240 13.6336
306 321 2
306 361 10.7995
306 390 16.9396
306 460 3.5937
306 483 22.1403
307 0 11.0408
307 36 10.5875
307 89 14.532
307 105 14.1132
307 119 17.7309
307 203 12.619
307 208 15.1383
307 223 4.61425
307 341 8.76868
307 436 11.6557
307 443 7.46414
308 0 7.09852
308 28 10.0023
308 98 10.4457
308 164 20.5693
308 167 10.4955
308 178 17.4854
308 268 15.6622
308 270 8.41094
308 292 16.1479
308 352 2
308 356 10.8999
309 0 10.4461
309 111 14.7066
309 305 2.31788
309 369 31.5091
309 383 7.49409
309 421 11.3919
309 445 13.5111
309 489 2
310 0 12.9642
310 196 14.6554
310 207 38.2606
310 270 20.4423
310 285 15.381
310 335 17.8563
310 471 36.3747
311 0 22.6723
311 97 10.2985
311 178 10.8529
311 197 6.21917
311 206 11.9556
311 234 2.51871
311 242 16.0179
311 364 4.95927
311 442 16.771
311 454 16.1074
311 475 19.4947
312 0 18.2248
312 105 5.08322
312 167 11.5834
312 178 27.3573
312 361 11.3715
312 383 8.15488
312 396 3.09037
312 475 32.7618
313 0 7.14842
313 12 35.3469
313 371 54.2906
313 373 30.1968
313 385 14.737
313 410 30.3253
314 0 7.63208
314 18 17.9914
314 24 2.87538
314 41 11.3419
314 42 7.29721
314 151 6.39236
314 175 13.3591
314 222 2
314 223 2.97899
314 274 13.7467
314 285 18.3588
314 428 5.7364
314 483 18.3569
315 0 14.4161
315 241 2.85708
315 251 8.30934
315 279 14.0493
315 356 8.35758
315 368 12.4809
315 419 11.5951
315 424 11.9194
315 472 19.3349
315 478 6.6736
316 0 26.8643
316 120 37.0459
316 220 7.03334
316 279 33.0326
316 371 26.9305
316 429 25.8087
317 0 38.2573
317 124 8.12258
317 171 15.3298
317 254 28.2075
317 343 9.83319
317 364 23.6562
317 446 6.26668
318 0 27.294
318 156 2.11045
318 179 2.12491
318 241 55.0397
319 0 7.57336
319 89 2
319 164 13.4567
319 169 12.9593
319 223 7.42147
319 271 15.7685
319 296 9.17114
319 352 6.38284
319 383 10.5378
319 431 6.11832
319 462 22.7686
319 463 3.67986
320 0 2.53466
320 31 30.8339
320 156 20.2967
320 178 22.9349
320 183 16.3676
320 234 2
320 310 18.4903
321 0 10.7312
321 36 27.6973
321 147 22.2627
321 203 33.2635
321 206 26.2405
321 244 22.8608
321 443 16.6012
321 460 28.4264
322 0 3.13286
322 46 6.77229
322 89 12.9671
322 97 14.8648
322 111 2
322 119 7.12143
322 121 13.2794
322 180 8.17361
322 189 9.91569
322 268 20.0534
322 281 3.10262
322 384 10.0731
323 0 3.96116
323 1 12.9362
323 51 2.87663
323 173 9.34753
323 191 5.44958
323 209 6.48191
323 229 8.41666
323 382 16.04
323 386 2.73527
323 398 10.6523
323 426 3.26168
323 452 10.3607
324 0 3.34568
324 1 2.00939
324 59 2
324 155 26.5139
324 239 19.2774
324 245 24.3204
324 356 12.5495
324 383 7.24618
324 431 7.36486
324 489 20.5426
325 0 19.957
325 36 2
325 142 9.25421
325 409 17.3721
325 417 2
325 421 18.1013
325 426 4.60083
325 440 12.2514
325 449 13.7814
325 460 14.7383
326 0 7.99002
326 92 24.5863
326 119 9.75736
326 184 19.9487
326 240 13.1212
326 276 20.1572
326 335 16.4306
326 382 5.15229
327 0 11.9424
327 92 2
327 101 8.03668
327 112 3.80381
327 247 8.43934
327 248 11.3893
327 368 4.2951
327 393 18.2534
327 411 28.5748
327 426 7.64395
328 0 17.4342
328 125 8.90396
328 163 24.1301
328 203 9.85835
328 271 5.69221
328 362 15.9154
328 421 4.49656
328 446 30.9115
329 0 4.07685
329 92 17.1496
329 147 21.7364
329 359 8.92453
329 419 43.8976
329 440 42.4217
330 0 132.817
330 228 72.5669
330 250 76.9006
331 0 2
331 21 2.63298
331 111 11.5996
331 238 21.632
331 276 20.0477
331 292 21.5774
331 306 9.75905
331 350 2
332 0 16.6113
332 18 7.90499
332 28 8.12628
332 52 6.6211
332 76 6.70579
332 136 3.6298
332 343 28.3493
332 356 2.9411
332 430 22.7761
333 0 12.7992
333 1 7.41444
333 134 3.84511
333 182 17.9564
333 239 8.75278
333 248 15.6882
333 276 5.58608
333 300 6.66933
333 321 2
333 387 5.09417
334 0 73.7551
334 10 27.1632
334 55 120.263
335 0 17.618
335 28 12.6322
335 108 17.7568
335 111 16.5304
335 133 18.7633
335 158 8.49766
335 183 16.2992
335 205 8.74095
335 223 17.4128
335 270 13.2598
335 348 12.9365
336 0 2
336 18 10.375
336 52 11.874
336 158 4.75661
336 167 3.15188
336 207 6.2883
336 257 10.9341
336 341 7.43394
336 370 12.7127
336 437 8.05969
337 0 3.15748
337 136 7.54286
337 158 2
337 161 17.8356
337 170 2.00431
337 335 12.994
337 356 17.9568
337 369 5.96499
337 417 8.16449
337 419 15.9541
337 449 18.5749
337 455 4.52646
338 0 4.5304
338 19 23.7435
338 52 7.43235
338 59 19.6605
338 119 2
338 122 2
338 229 2.29913
338 349 6.87715
338 442 3.63157
338 457 11.1217
338 468 4.56844
339 0 3.17006
339 3 3.10625
339 92 12.1386
339 176 4.26224
339 251 9.60034
339 291 13.5622
339 299 2
339 304 14.6898
339 372 13.4718
339 435 2.15966
339 493 4.07229
340 0 6.74774
340 51 13.3599
340 59 14.4147
340 248 12.0539
340 297 6.0178
340 323 6.11678
340 344 2
340 371 21.403
340 393 2
340 445 2
341 0 37.1003
341 1 43.6748
341 36 59.5071
341 139 66.8292
342 0 33.5845
342 54 6.57685
342 136 19.1205
342 297 8.21328
342 363 41.4169
342 472 40.4937
342 484 29.4863
343 0 26.26
343 135 6.97194
343 141 26.7386
343 167 44.2069
343 270 33.4212
343 300 33.9832
344 0 18.4096
344 9 2.8074
344 45 4.46092
344 102 19.4062
344 183 3.80691
344 202 5.3255
344 223 5.40773
344 255 7.67836
344 270 9.5814
344 303 11.4043
344 344 5.1265
344 396 3.56528
345 0 29.9309
345 97 10.615
345 183 2
345 238 21.9265
345 270 3.58116
345 324 11.9995
345 383 5.61796
346 0 13.9259
346 76 24.158
346 122 26.0026
346 129 14.3088
346 136 7.01242
346 248 16.7756
346 269 2
346 270 2
346 357 19.344
346 464 11.8269
347 0 12.0965
347 111 17.0276
347 133 9.09781
347 182 31.5618
347 189 13.9447
347 296 10.142
347 297 4.74298
347 361 9.49425
347 383 5.26056
347 463 17.6908
348 0 12.1573
348 95 16.8935
348 187 34.4223
348 304 26.8217
348 317 12.8893
348 385 12.7631
348 489 43.8571
349 0 27.1833
349 198 15.3361
349 240 9.58838
349 248 6.55182
349 251 2.54396
349 316 12.3451
349 328 17.3375
349 361 3.72012
349 390 8.71125
349 430 9.76245
349 446 13.2441
350 0 2.59855
350 76 2
350 208 7.87336
350 217 3.76193
350 223 2.61816
350 257 6.50153
350 302 14.7777
350 331 2
350 348 10.6495
350 410 8.67815
350 449 7.27407
350 468 16.9029
351 0 26.7697
351 60 16.1901
351 80 16.3219
351 147 6.7659
351 270 2.03395
351 276 4.38256
351 370 2.15204
351 374 26.4136
351 493 2.18067
352 0 6.56565
352 22 13.2114
352 89 12.1548
352 178 10.7836
352 247 21.59
352 248 11.1849
352 351 12.1941
352 415 15.131
352 480 15.8701
353 0 8.31227
353 159 34.3735
353 247 35.913
353 310 44.9972
354 0 2
354 62 10.6723
354 116 10.5248
354 119 4.93205
354 133 19.958
354 274 5.36727
354 415 19.1579
355 0 14.2364
355 124 13.5881
355 125 11.5829
355 155 2
355 164 14.6762
355 194 13.4613
355 257 9.58176
355 300 9.07764
355 311 9.80685
355 442 14.4965
356 0 24.9282
356 36 14.4267
356 76 8.30541
356 92 28.2514
356 101 10.8998
356 262 8.6713
356 269 2
356 420 13.0121
356 421 20.8603
357 0 12.5819
357 45 9.946
357 248 2.9924
357 250 14.9386
357 254 17.6252
357 261 14.5514
357 269 18.3737
357 270 22.5807
357 309 14.3116
357 426 9.03982
358 0 33.9627
358 243 3.49167
358 348 23.2189
358 356 5.25803
359 0 7.65039
359 71 13.0381
359 85 5.29438
359 276 3.84375
359 321 15.2437
359 356 23.1855
359 417 7.24851
359 451 3.1601
359 481 14.5953
359 484 2.15341
360 0 7.09852
360 133 11.3288
360 136 2
360 167 2
360 229 3.40791
360 270 21.4403
360 281 16.4004
360 326 7.07789
360 363 5.47414
360 445 9.65569
360 472 6.01528
361 0 28.341
361 58 28.8151
361 136 16.5258
361 360 31.5201
361 390 3.52469
361 407 25.8754
361 426 16.6624
361 499 8.50108
362 0 16.5712
362 7 22.2766
362 64 18.5606
362 123 5.85442
362 159 30.3197
362 223 39.8884
362 465 21.5684
363 0 30.5402
363 97 2.58897
363 121 20.2271
363 169 13.3367
363 198 7.27501
363 227 24.4104
363 248 15.6531
363 371 3.6485
363 446 2
364 0 10.3081
364 7 9.96293
364 71 28.2826
364 95 2
364 119 13.5379
364 243 13.4621
364 266 21.4578
364 356 11.9188
364 368 19.7974
365 0 16.749
365 17 2
365 76 12.847
365 223 18.4546
365 230 4.18841
365 348 2
365 364 2
365 426 12.2834
365 452 12.5008
366 0 50.8794
366 12 58.056
366 81 25.5396
366 155 37.0002
366 248 21.0732
367 0 32.2514
367 31 42.8964
367 102 60.2589
367 105 10.3578
368 0 11.0183
368 10 5.59877
368 12 14.0281
368 13 11.4539
368 17 9.49185
368 105 2.92899
368 106 2
368 149 2
368 162 5.6793
368 236 3.08359
368 270 5.04897
368 283 2
368 312 2
368 364 2
368 416 2
368 424 2
368 446 11.1681
369 0 15.8452
369 158 29.9336
369 226 33.4638
369 268 7.42843
369 328 2.14034
369 341 16.9815
370 0 11.3748
370 12 28.0834
370 73 4.74778
370 166 23.2215
370 197 2.69177
370 231 4.32598
370 233 2
370 284 12.0837
370 356 5.49807
370 468 18.1295
371 0 20.0978
371 45 5.82192
371 67 25.5266
371 183 13.813
371 276 5.56614
371 338 14.3362
371 359 8.8412
371 432 6.85585
372 0 16.5251
372 18 2
372 69 13.6979
372 101 2
372 268 19.1948
372 279 2
372 285 2
372 329 6.85111
372 409 19.7601
372 444 17.9356
373 0 10.7748
373 110 16.7159
373 111 2
373 130 29.3892
373 201 18.6695
373 248 2
373 270 8.125
373 281 14.7961
373 285 16.3488
373 310 21.5813
374 0 25.7089
374 95 41.3223
374 102 18.0927
374 156 43.6921
374 209 7.45146
374 321 12.8689
375 0 12.6719
375 11 12.659
375 76 19.2982
375 156 29.5313
375 248 2.92879
375 294 16.4825
375 331 24.4186
376 0 34.4497
376 16 6.34893
376 59 8.16248
376 85 62.2748
376 230 20.9787
376 383 21.4082
377 0 24.0085
377 22 26.068
377 101 43.5744
377 102 20.5756
377 201 32.1185
377 222 3.92083
377 296 4.88389
378 0 11.8857
378 42 7.94033
378 45 6.85373
378 122 12.7463
378 163 33.4302
378 253 19.9088
378 335 9.78396
378 358 25.321
378 479 22.4793
379 0 5.68742
379 88 42.8553
379 136 5.95987
379 175 29.2834
379 242 7.99788
380 0 13.6148
380 76 11.202
380 120 7.63258
380 158 18.3128
380 184 15.4673
380 208 9.42102
380 229 13.9418
380 241 17.0896
380 276 14.2231
380 361 2
380 449 18.5055
380 484 4.12509
381 0 19.0468
381 61 22.1977
381 97 21.092
381 127 22.8533
381 183 7.18166
381 209 7.91438
381 248 13.0696
381 293 13.5298
381 324 7.34807
381 437 21.5166
382 0 4.89875
382 108 16.5307
382 123 20.0291
382 250 16.3218
382 421 37.1998
382 435 27.0297
382 472 2
383 0 38.782
383 85 31.4503
383 167 41.1045
383 269 2.30126
383 280 25.8963
383 421 27.2765
383 427 15.1207
384 0 11.1401
384 28 15.732
384 31 23.3846
384 37 3.99126
384 167 2
384 205 5.40482
384 229 13.3768
384 421 17.1913
384 455 24.9742
384 464 31.2901
385 0 28.0262
385 52 11.7524
385 201 2
385 209 19.3089
385 241 18.912
385 276 18.6171
385 489 18.4351
386 0 5.27432
386 52 5.44122
386 85 16.2861
386 88 22.9347
386 120 6.22033
386 136 12.3261
386 173 17.1165
386 247 18.0014
386 299 10.8124
386 420 8.52317
387 0 33.2932
387 10 18.3215
387 36 23.133
387 206 23.3353
387 248 31.8107
387 410 29.0997
388 0 18.4954
388 1 21.4848
388 80 2
388 164 14.2718
388 198 9.47316
388 201 6.95028
388 270 8.59794
388 365 22.1645
388 487 11.857
389 0 6.50413
389 35 4.29575
389 45 14.855
389 52 4.95878
389 136 8.62888
389 226 11.6792
389 227 3.08778
389 251 9.24972
389 316 5.50986
389 363 4.80405
389 390 13.0169
389 437 9.51511
389 484 16.2399
390 0 15.523
390 97 6.85934
390 112 8.72282
390 147 4.95515
390 149 2
390 158 4.45939
390 182 4.51251
390 223 4.66617
390 296 12.8698
390 320 9.07452
390 371 5.96037
390 423 15.4416
390 468 9.8648
391 0 15.4984
391 101 13.0599
391 112 5.1472
391 122 20.052
391 201 21.5308
391 248 36.4519
391 321 11.7264
391 361 14.419
392 0 8.60938
392 158 34.1013
392 169 12.8171
392 196 12.3874
392 263 14.6979
392 417 8.18622
393 0 32.1548
393 89 36.6345
393 111 2
393 274 43.1273
393 417 11.9362
394 0 31.2275
394 120 4.94346
394 177 14.0875
394 191 17.1298
394 266 33.2349
394 359 32.4439
394 416 27.681
395 0 6.88059
395 52 13.489
395 72 2
395 77 6.46979
395 108 5.53414
395 121 10.9414
395 156 6.12574
395 169 15.9189
395 311 4.46099
395 346 3.54461
395 372 2
395 398 4.22106
395 417 8.7612
395 440 16.7735
395 473 9.73828
396 0 14.8541
396 129 17.5949
396 136 11.0194
396 143 36.8005
396 214 17.5532
396 276 13.391
397 0 8.21269
397 19 7.67506
397 136 16.3094
397 167 6.07606
397 189 20.9469
397 268 5.23902
397 371 29.3404
398 0 8.63338
398 12 5.73569
398 60 7.90585
398 80 19.2464
398 108 9.22079
398 143 6.84036
398 152 6.06807
398 162 14.4947
398 183 6.36812
398 189 10.6876
398 191 9.19991
398 280 9.59194
398 298 15.9885
398 352 4.41912
399 0 2.40245
399 10 12.1683
399 112 9.32172
399 133 7.34712
399 208 8.07233
399 248 11.975
399 255 13.6656
399 284 8.40834
399 371 2
399 455 2
399 478 3.81274
399 483 3.52168
400 0 3.65715
400 52 14.1669
400 119 2
400 182 6.93855
400 183 5.7031
400 201 9.48426
400 218 10.3708
400 248 8.09276
400 298 7.53009
400 484 2
401 0 15.8925
401 236 14.8512
401 291 18.4188
401 310 12.4522
401 446 36.6717
401 473 46.9751
402 0 23.2955
402 119 2
402 230 5.25178
402 358 10.9812
402 419 30.7328
402 452 29.8421
402 459 26.7935
403 0 11.4855
403 101 30.0639
403 140 8.82045
403 268 13.3323
403 285 26.6865
403 370 3.34264
403 469 7.3453
404 0 19.3969
404 1 15.5674
404 180 25.2545
404 248 23.483
404 251 2
404 259 21.1695
404 299 18.1166
404 380 24.2501
404 470 2
405 0 9.90274
405 18 18.5521
405 97 11.8466
405 234 37.7448
405 293 8.07273
405 453 7.97598
406 0 3.36873
406 42 10.4027
406 97 21.1002
406 108 5.3807
406 109 25.7712
406 263 26.0704
406 266 15.5038
406 285 17.8934
406 304 11.6061
407 0 23.6797
407 85 3.17655
407 112 12.0419
407 162 23.9853
407 167 10.3465
407 222 3.86534
407 250 2
407 260 12.6879
407 266 9.32588
407 390 16.9438
407 463 13.3208
408 0 42.2064
408 1 21.0908
408 30 16.0543
408 247 28.1655
408 312 7.70623
408 369 16.3243
409 0 17.6637
409 12 14.3165
409 63 15.3938
409 76 3.59244
409 97 19.2517
409 121 2.95964
409 165 7.47849
409 187 6.62761
409 256 19.5242
409 280 6.29469
409 435 3.21334
410 0 2.08595
410 56 8.53499
410 78 8.96627
410 85 12.1712
410 248 12.2728
410 268 4.90297
410 356 17.7281
410 375 4.59684
411 0 4.2227
411 10 5.32102
411 21 8.92765
411 52 7.13862
411 124 6.6856
411 147 14.5028
411 162 4.03279
411 270 2.68954
411 271 2.02514
411 296 6.10865
411 335 12.7089
411 344 4.56184
411 419 2
411 421 12.5092
411 425 15.0781
411 468 9.85097
412 0 11.0434
412 180 22.3268
412 268 62.9354
412 402 48.1872
413 0 20.5713
413 23 15.7556
413 136 5.30277
413 170 26.453
413 223 4.18397
413 248 13.7774
413 344 17.1548
413 423 20.6572
413 440 14.1454
413 455 9.55679
413 468 19.2399
414 0 2
414 111 9.44762
414 240 10.1501
414 248 20.7613
414 385 16.6751
414 440 11.5697
414 441 7.37221
415 0 5.83388
415 61 13.2011
415 101 5.18349
415 119 7.10009
415 123 2.64084
415 156 7.16915
415 183 3.35871
415 190 4.53255
415 276 15.6018
415 305 7.56762
415 316 2
415 329 10.3087
415 361 7.68884
415 383 9.0706
416 0 21.5008
416 17 14.0094
416 74 24.1843
416 246 15.9241
416 462 3.05716
416 497 21.7672
417 0 43.9817
417 67 33.6081
417 76 22.463
417 91 2.09031
417 421 10.8945
417 435 20.1082
418 0 11.5228
418 10 6.9165
418 58 5.76508
418 112 6.15426
418 135 2
418 183 2
418 202 15.5669
418 209 6.32459
418 262 4.43142
418 361 4.64005
418 426 2.81364
418 454 12.3733
418 494 4.52715
419 0 22.7529
419 91 22.645
419 97 7.12541
419 102 21.6048
419 164 3.8753
419 240 26.8605
419 368 13.3011
419 449 12.9395
420 0 6.75769
420 9 2.63108
420 55 12.784
420 58 10.8697
420 85 4.49612
420 108 13.9366
420 119 10.6131
420 132 8.15816
420 156 11.1426
420 251 9.08154
420 270 4.555
420 296 3.55686
420 365 13.5434
420 405 13.5689
420 457 9.04806
421 0 17.4169
421 62 4.74238
421 112 2
421 147 8.94204
421 251 15.1301
421 357 3.75242
421 476 13.9918
421 483 13.1541
422 0 2.94327
422 105 15.6499
422 203 25.6083
422 223 6.78303
422 269 15.4425
422 276 6.32427
422 343 2
422 426 4.57062
422 435 2
422 468 13.8228
423 0 23.6745
423 31 18.0638
423 36 16.2961
423 46 8.96384
423 101 15.2459
423 141 2
423 202 4.90405
423 208 7.02503
423 356 18.4525
423 383 22.6947
423 440 10.0874
424 0 20.0116
424 33 34.4749
424 42 4.66401
424 140 2.01403
424 189 21.4001
424 269 16.2679
424 360 13.0209
424 484 26.8984
425 0 7.69528
425 10 17.9111
425 81 4.86887
425 108 9.13626
425 230 7.4105
425 417 8.34082
425 462 23.9023
425 489 2
426 0 5.11073
426 1 5.33586
426 68 13.7958
426 95 2.53599
426 182 18.5614
426 251 8.40583
426 270 5.68597
426 298 2
426 343 4.2712
426 348 9.97567
426 494 2
427 0 28.566
427 58 18.3809
427 67 14.0272
427 92 2
427 162 22.3197
427 195 21.2737
427 321 7.88218
427 464 30.9523
428 0 12.0334
428 36 8.03141
428 67 16.7541
428 174 14.9863
428 219 8.88027
428 276 14.8558
428 310 9.37027
428 356 14.8141
428 364 15.2631
428 420 23.1041
429 0 3.38966
429 3 2
429 74 4.00012
429 180 18.2043
429 229 4.88281
429 250 12.4369
429 266 16.6094
429 303 13.8925
429 368 4.60142
429 421 12.3054
429 489 17.1483
429 494 11.4347
430 0 5.58872
430 58 2
430 77 10.3113
430 122 15.631
430 144 9.92725
430 204 9.33483
430 217 3.86519
430 267 10.0641
430 270 23.9572
430 296 22.5344
430 437 2
431 0 5.45446
431 52 14.5159
431 165 5.36901
431 181 6.02443
431 250 3.41097
431 269 21.092
431 293 8.99512
431 297 22.6989
431 302 18.3422
431 326 6.71073
431 456 3.70794
432 0 6.66466
432 37 14.8063
432 55 9.77006
432 59 2.4232
432 73 12.0228
432 92 7.68401
432 95 10.327
432 196 13.9106
432 245 9.42415
432 248 2
432 298 4.93127
432 323 3.57822
432 326 3.87717
432 380 10.0174
432 427 13.8782
432 428 6.4864
432 453 2
433 0 2
433 30 3.43904
433 133 2.58678
433 156 2
433 234 5.22943
433 262 6.13327
433 292 24.1661
433 314 22.1199
433 413 8.94414
433 467 3.39611
434 0 10.8341
434 31 2.58053
434 97 3.37668
434 112 10.5187
434 143 4.89004
434 144 6.3289
434 191 8.64642
434 198 13.7582
434 223 11.2021
434 247 19.6246
434 269 2
434 281 15.4998
434 298 3.44259
434 468 8.00309
435 0 9.62621
435 30 17.8849
435 133 2
435 164 2.26504
435 217 2
435 252 16.3804
435 266 3.0865
435 330 17.0218
435 334 15.3766
435 436 9.37616
435 483 2.96189
436 0 29.2371
436 85 2.08274
436 122 25.0877
436 298 16.5484
436 329 12.6909
436 359 2.93047
436 425 14.4523
437 0 17.54
437 33 34.1434
437 225 12.96
437 268 28.7892
437 356 2.03768
437 454 24.5445
437 479 33.1645
438 0 19.2623
438 13 13.3283
438 24 3.86901
438 70 4.77976
438 82 15.3221
438 125 11.5419
438 151 2
438 354 22.2303
438 383 8.99764
438 471 7.02976
439 0 36.7006
439 156 17.2442
439 335 21.2349
439 427 20.8181
439 439 28.4223
439 455 7.41943
440 0 14.5745
440 37 24.9903
440 270 30.6897
440 314 12.129
440 323 9.45341
440 383 23.7905
440 426 6.05254
440 452 25.5534
440 460 10.8863
441 0 4.04775
441 15 10.4144
441 81 4.71326
441 128 15.8831
441 214 25.8928
441 241 14.6099
441 250 5.46347
441 466 7.12825
442 0 4.63241
442 42 10.3772
442 76 23.2886
442 139 5.46128
442 223 16.2513
442 248 12.9095
442 276 2
442 429 15.6202
442 453 2.98861
442 473 22.1476
443 0 23.3033
443 12 8.66805
443 39 49.3865
443 143 20.976
443 169 35.55
443 416 3.00349
444 0 5.17429
444 52 32.0077
444 162 8.45668
444 266 54.6956
444 365 24.0548
445 0 12.3553
445 2 22.5788
445 139 10.7977
445 140 13.0139
445 167 9.84161
445 169 8.03607
445 270 4.24005
445 297 3.53499
445 415 9.17932
446 0 54.6659
446 12 34.7936
446 216 27.1851
446 335 60.7774
447 0 27.8243
447 1 8.21451
447 78 22.2406
447 183 24.48
447 303 2.95469
447 360 16.377
447 386 3.24247
447 388 19.2325
447 417 2
448 0 23.6148
448 18 18.7352
448 112 13.6168
448 203 16.2594
448 238 9.40981
448 294 25.094
448 345 17.3201
448 348 2
448 462 20.1565
448 489 11.4281
449 0 11.8303
449 57 17.3966
449 108 3.99906
449 151 7.16786
449 166 12.8411
449 257 13.0518
449 270 6.25871
449 274 5.31539
449 328 11.9318
449 368 20.7612
450 0 4.30868
450 47 2.16042
450 95 8.74265
450 119 4.71326
450 123 7.795
450 139 7.46097
450 165 6.49996
450 182 6.88479
450 225 2
450 368 4.34637
450 417 5.61605
450 436 2
451 0 19.8976
451 31 6.33284
451 83 7.2982
451 99 5.38644
451 155 2
451 188 10.114
451 262 9.74878
451 282 11.1353
451 303 6.69591
451 356 8.69136
452 0 23.7299
452 36 19.8734
452 144 7.87199
452 241 10.493
452 268 8.18958
452 306 34.9341
452 448 4.09237
453 0 3.12983
453 33 14.0211
453 51 21.2789
453 69 12.2413
453 85 3.40121
453 136 7.04843
453 167 14.811
453 174 27.8839
453 195 12.4552
453 331 4.87936
453 402 16.6594
453 443 7.62145
454 0 31.211
454 45 16.5367
454 60 37.054
454 77 30.6054
454 227 23.8534
454 375 11.5188
454 396 15.2081
454 421 2
455 0 5.86489
455 8 2
455 92 7.64286
455 199 10.0177
455 274 2.15597
455 374 28.0375
455 402 15.4439
456 0 8.42687
456 92 7.18724
456 105 34.0152
456 227 10.4524
456 268 40.155
456 437 28.8635
457 0 2.41795
457 12 10.2102
457 75 3.75798
457 191 13.32
457 199 19.3629
457 243 17.958
457 247 7.80256
457 269 25.5494
457 351 11.9398
458 0 13.8834
458 18 6.62895
458 31 6.96745
458 56 2
458 95 2
458 230 9.08534
458 241 6.96894
458 298 14.5441
458 304 15.3384
458 351 8.6887
459 0 10.0002
459 12 12.9556
459 85 2.74936
459 203 2.15085
459 270 20.8903
459 296 12.3005
459 332 6.06421
459 420 32.8883
459 436 10.1444
460 0 11.4943
460 56 7.69066
460 111 22.1576
460 119 21.3167
460 331 10.4448
460 355 3.83916
460 371 15.2337
460 463 14.1832
460 477 17.9371
460 483 2
461 0 8.22672
461 149 2.72258
461 230 17.5651
461 335 21.6026
461 369 9.87348
461 377 19.1127
461 421 9.39707
461 460 21.2948
461 464 26.3635
461 465 23.5408
462 0 9.69186
462 151 6.35985
462 183 2
462 214 5.3577
462 238 15.1708
462 248 17.6122
462 389 25.7515
462 420 11.1169
462 445 2.10888
462 468 33.2598
462 492 15.7018
463 0 6.98578
463 31 15.1323
463 85 9.37497
463 143 19.2639
463 267 14.0727
463 282 6.66689
463 293 19.103
463 315 22.9622
463 370 4.13108
463 454 7.60176
464 0 14.8471
464 1 2
464 6 16.412
464 32 12.4025
464 45 7.08406
464 125 17.1471
464 169 17.5974
464 181 9.28363
464 201 10.0365
464 296 5.56823
464 317 6.46214
464 361 2.2551
464 365 14.2359
464 455 2
465 0 7.37162
465 11 8.97521
465 28 6.26183
465 108 25.9
465 143 22.4552
465 194 18.745
465 204 12.3005
465 335 7.64456
465 426 8.38142
465 484 15.3786
466 0 12.9214
466 162 14.7354
466 271 22.3588
466 348 5.64549
466 370 24.7962
467 0 2
467 36 9.28289
467 97 5.0648
467 105 7.71091
467 139 4.17392
467 163 6.03464
467 183 17.0298
467 250 3.90506
467 268 3.2574
467 276 3.78802
467 321 5.22584
467 365 12.936
467 387 5.9634
467 437 8.3793
467 473 9.73694
467 480 3.86392
468 0 3.10919
468 52 2.06331
468 60 2.06766
468 69 19.0397
468 89 12.7806
468 97 10.8518
468 119 8.78984
468 180 12.7734
468 184 5.16666
468 223 2.81618
468 254 6.823
468 279 4.56265
468 426 3.50488
468 442 2.35358
468 484 7.04508
469 0 30.9473
469 243 2.2742
469 269 16.4119
469 270 2.97158
469 356 14.6879
469 389 3.35949
470 0 2.80008
470 12 4.87018
470 52 26.7691
470 55 7.47281
470 108 4.3806
470 158 8.09417
471 0 25.1578
471 35 10.7557
471 42 10.7334
471 45 2.35233
471 105 16.6887
471 167 20.8831
471 269 15.4238
471 332 9.65185
471 426 28.246
472 0 10.067
472 57 15.5488
472 76 8.16061
472 108 6.05155
472 183 22.1342
472 242 13.4139
472 332 13.9412
472 477 30.4857
473 0 8.58738
473 25 21.0883
473 38 29.8756
473 91 2.70227
473 93 33.1984
473 141 18.8604
473 280 5.91066
473 302 13.062
473 449 2
474 0 13.9296
474 84 17.7941
474 141 30.8705
474 262 4.59951
474 310 14.8167
474 331 11.249
474 335 9.55236
474 443 28.071
475 0 11.8872
475 52 3.76418
475 95 10.1243
475 97 3.23818
475 102 4.46754
475 131 7.20616
475 278 9.49596
475 281 2
475 344 16.5205
475 396 3.8645
475 430 21.6498
476 0 30.0234
476 55 2.89744
476 191 9.7966
476 275 18.9187
476 279 5.06288
476 311 30.555
476 356 18.7921
476 410 21.3565
477 0 17.7533
477 12 6.00748
477 52 14.1044
477 158 16.7657
477 178 11.816
477 187 8.85755
477 296 6.77862
477 395 5.70387
477 410 21.9416
477 472 2
478 0 21.2575
478 42 4.53089
478 149 16.8061
478 201 35.7721
478 285 10.9183
478 326 15.9581
478 395 34.8252
478 429 23.0635
479 0 11.848
479 1 2
479 45 4.95989
479 58 2.05643
479 105 17.0488
479 119 7.55796
479 189 3.55752
479 197 7.86728
479 201 8.68952
479 253 16.6991
479 274 17.4851
479 395 5.98726
479 450 15.7218
480 0 26.7346
480 10 5.00585
480 39 9.67232
480 92 5.99484
480 106 2.1508
480 162 11.0843
480 208 7.94169
480 262 20.2893
480 284 2.20547
480 302 18.6786
480 395 2.71616
481 0 7.84283
481 250 11.0482
481 321 2.21448
481 437 19.6525
481 457 21.2555
481 499 22.8395
482 0 17.6696
482 10 7.35462
482 12 2
482 45 17.6518
482 108 13.2426
482 201 9.25896
482 274 13.2688
482 335 20.7432
482 343 13.0347
482 351 17.9945
482 384 17.5041
483 0 12.1722
483 2 15.4666
483 85 7.47171
483 107 7.38156
483 189 3.72592
483 214 2
483 228 9.22269
483 314 24.4782
483 349 21.6293
483 383 10.9592
484 0 56.1881
484 141 13.7393
484 269 2.93557
484 304 3.64192
484 435 9.10388
485 0 11.7752
485 60 31.8211
485 442 49.0083
485 473 64.8137
486 0 10.8484
486 58 8.99849
486 91 5.7205
486 92 2
486 223 5.31925
486 304 3.41001
486 340 10.3206
486 360 4.13647
486 361 8.40851
486 421 7.53109
486 468 19.8751
486 481 9.33009
486 483 10.287
487 0 2
487 1 9.32457
487 82 21.0409
487 97 5.91041
487 101 14.5533
487 122 14.277
487 152 11.9737
487 167 13.5976
487 180 9.51304
487 196 11.423
487 247 4.03181
487 317 3.57358
487 419 2.56632
487 427 2
488 0 18.5003
488 141 4.4024
488 167 25.3071
488 201 4.75513
488 236 15.7985
488 321 19.0679
488 435 24.3716
488 457 19.241
489 0 16.3965
489 26 27.2283
489 28 2
489 108 2
489 130 28.9833
489 136 5.29791
489 209 13.7428
489 302 23.2332
490 0 8.2899
490 12 12.5347
490 36 2
490 183 17.5426
490 196 4.66223
490 270 21.1624
490 323 2.07497
490 356 8.11017
490 381 14.6386
490 384 12.8369
491 0 13.8047
491 39 16.1095
491 108 4.55483
491 136 13.4827
491 171 19.2512
491 291 7.75533
491 355 23.9007
491 457 13.4305
491 477 16.2074
492 0 9.81917
492 13 7.51733
492 33 12.4856
492 135 11.4212
492 153 6.78679
492 183 7.74847
492 226 6.30599
492 281 2.96755
492 288 5.08666
492 300 10.922
492 330 15.02
492 351 2
492 363 8.72478
492 420 7.12061
492 423 11.1239
493 0 9.01316
493 72 10.0014
493 94 3.97899
493 108 8.1463
493 125 2.51668
493 151 7.46614
493 241 2
493 251 4.40283
493 259 13.8085
493 261 11.7721
493 282 5.13313
493 285 10.4036
493 365 13.1176
493 388 2.32523
493 422 7.35724
494 0 32.38
494 36 9.69267
494 110 22.1822
494 147 45.3333
494 282 2.23558
494 426 27.0703
495 0 2.97377
495 6 17.6042
495 301 21.2427
495 326 29.1339
495 348 2
495 396 14.4842
495 404 13.9922
496 0 5.81908
496 167 4.17136
496 182 31.7916
496 262 14.4314
496 332 2.98431
496 434 15.6233
496 486 5.88011
497 0 12.3717
497 144 13.2124
497 167 12.3698
497 170 22.2365
497 191 3.34418
497 323 33.105
497 356 4.06935
498 0 25.1285
498 59 10.6328
498 141 26.6709
498 156 31.6304
498 181 16.2763
498 363 2
498 440 10.3651
498 462 18.0261
499 0 5.53735
499 12 6.85376
499 18 6.74932
499 26 19.696
499 28 13.9656
499 155 10.3001
499 168 15.2722
499 169 16.8921
499 416 15.8364
