500 500 4000
0 0 17.7008
0 43 23.4945
0 56 4.50311
0 84 12.4945
0 124 2
0 198 5.05991
0 386 2
0 471 15.174
0 498 13.5492
1 0 12.3955
1 17 24.9684
1 36 24.0702
1 57 6.93862
1 149 9.57596
1 315 5.60148
1 436 5.36887
1 489 26.8101
2 0 23.8897
2 59 24.465
2 136 14.3239
2 212 17.9672
2 382 37.0838
2 409 19.5563
3 0 8.02815
3 11 2.03191
3 26 10.7561
3 126 21.6738
3 164 2
3 169 3.98526
3 264 5.84597
3 389 2.09864
3 426 16.1218
3 443 5.05427
4 0 20.5067
4 50 3.24219
4 94 7.2067
4 153 7.5141
4 217 6.42867
4 341 18.7869
4 400 2
4 484 25.9432
5 0 2.79259
5 50 8.47532
5 57 9.12777
5 62 7.06654
5 126 3.1724
5 212 16.488
5 214 7.14868
5 240 11.752
5 287 14.4952
5 315 2.90228
5 397 2
5 412 13.8957
5 450 2
6 0 46.8649
6 73 2.45851
6 264 33.1001
6 387 2
6 487 16.8817
7 0 4.58785
7 11 2.06015
7 49 18.0815
7 57 16.967
7 183 21.8327
7 186 26.2041
7 266 24.687
7 284 3.49431
7 425 5.39015
7 490 3.92725
8 0 2
8 145 13.8235
8 158 3.644
8 253 8.37575
8 268 11.0381
8 423 2.15972
8 425 20.189
8 470 3.81087
8 477 14.1653
9 0 23.5232
9 13 12.3997
9 33 10.1687
9 68 2
9 195 10.6025
9 213 15.8196
9 240 2.06948
9 270 12.9551
9 384 15.2098
9 432 13.6759
9 451 21.1014
10 0 19.6739
10 32 12.7712
10 94 11.822
10 213 16.7077
10 272 25.0606
10 311 7.46087
10 352 11.7705
10 374 16.5368
10 411 18.3689
10 419 16.2134
10 428 10.0485
11 0 8.07288
11 61 4.87585
11 178 12.1176
11 197 2
11 260 10.6649
11 285 24.3846
11 331 3.81883
11 336 5.94401
11 403 15.4656
11 478 21.1853
12 0 23.6556
12 18 40.829
12 201 9.30179
12 309 19.2256
12 370 25.3726
12 414 40.5497
13 0 2.20902
13 62 4.90116
13 77 16.5887
13 105 14.6586
13 171 9.94892
13 203 6.48081
13 326 10.2004
13 369 2.47603
13 424 8.83739
13 472 10.8055
14 0 44.405
14 63 34.9889
14 188 13.1382
14 250 8.67695
14 255 21.6867
14 316 35.3802
15 0 2
15 87 12.3132
15 217 3.3472
15 221 17.5685
15 229 28.2141
15 249 3.97833
15 336 9.53556
15 433 17.0118
15 468 2.10433
15 492 9.67055
16 0 19.1862
16 42 2
16 43 4.30796
16 65 23.5278
16 104 21.781
16 109 11.4505
16 175 9.6055
16 198 23.359
16 470 5.70966
16 475 9.97729
17 0 26.7234
17 87 39.6957
17 250 28.9887
17 284 29.7464
17 369 25.365
17 476 10.5612
18 0 2.19315
18 45 3.00374
18 88 22.4674
18 177 21.0306
18 178 15.34
18 252 20.462
18 253 15.6157
18 382 12.2228
18 413 17.8567
18 441 2.58786
18 445 4.596
19 0 37.2654
19 16 4.43897
19 77 28.9746
19 121 8.38203
19 139 4.20672
19 182 17.5284
19 248 17.5519
19 468 21.4947
20 0 2.71634
20 8 10.507
20 17 18.0655
20 86 6.22137
20 162 11.5991
20 198 4.63048
20 311 10.6885
20 354 21.0161
20 374 13.167
20 384 16.7686
21 0 6.30015
21 24 7.47502
21 123 2
21 176 24.7657
21 222 7.45262
21 294 8.92142
21 300 3.60139
21 306 2
21 381 3.15098
21 412 4.85193
21 425 8.78701
21 459 2.85861
21 461 9.8772
22 0 12.2421
22 12 9.8153
22 132 20.6484
22 198 45.0603
22 248 23.591
22 253 29.5966
22 255 16.2458
22 267 10.003
23 0 28.6208
23 77 28.8314
23 78 10.1932
23 315 3.28479
23 394 20.1717
23 445 2
24 0 7.10558
24 1 2.24792
24 39 9.20793
24 143 2
24 154 15.4986
24 196 16.5549
24 203 6.81522
24 236 4.68407
24 260 7.43534
24 352 15.2742
24 371 11.7969
24 441 12.0986
24 471 4.22979
24 495 9.70071
25 0 26.1497
25 86 13.5783
25 119 36.2392
25 244 20.9373
25 284 18.8609
25 297 24.3268
25 392 14.4366
26 0 17.0825
26 44 6.71441
26 77 4.03301
26 82 14.8844
26 85 5.55037
26 196 15.8473
26 268 17.5649
26 349 11.5487
26 396 13.4232
26 486 3.59955
26 490 13.3352
27 0 18.1762
27 1 7.60567
27 12 6.39042
27 39 16.1627
27 45 5.25951
27 57 5.91061
27 88 2
27 270 2
27 370 4.73472
27 438 3.10748
27 450 17.9697
27 478 2.06244
28 0 18.9369
28 178 2.98368
28 235 2
28 242 18.2058
28 353 27.4053
28 438 29.5258
29 0 8.26117
29 57 8.18576
29 268 66.3788
29 316 25.4961
29 398 33.0006
30 0 5.92813
30 45 12.1798
30 102 10.283
30 130 12.7883
30 246 4.98919
30 253 12.6634
30 273 8.31325
30 297 4.60853
30 361 2.38826
30 370 6.84687
30 452 4.93342
30 486 23.379
31 0 13.1105
31 227 33.1589
31 252 17.1976
31 260 13.9985
31 282 10.5417
31 314 16.6399
31 415 22.664
31 468 2
32 0 10.5019
32 11 6.19284
32 77 2
32 88 13.6855
32 118 2.8458
32 207 8.46634
32 267 17.8869
32 273 11.0552
32 275 11.3902
32 295 2.98222
32 407 11.215
32 496 2
33 0 2
33 49 13.4932
33 52 2
33 123 12.5813
33 235 9.79272
33 253 9.64751
33 261 7.6353
33 277 9.80293
33 300 2.08314
33 314 7.9163
33 358 16.0489
33 384 2
33 423 2
33 426 9.61932
33 428 11.3363
33 471 5.23506
33 482 2.14334
34 0 27.0037
34 40 12.2118
34 287 31.0756
34 318 14.5566
34 407 6.42339
34 415 2
34 426 13.1876
35 0 29.3667
35 88 36.8024
35 356 111.776
36 0 5.39577
36 41 19.9387
36 72 20.6428
36 117 23.0244
36 149 3.41119
36 232 13.0275
36 335 8.58476
36 419 3.21826
36 448 2.02079
36 468 2
37 0 28.48
37 15 2
37 53 11.7512
37 75 8.30015
37 135 15.1284
37 146 20.5543
37 180 8.3996
37 260 3.33678
37 333 18.0745
37 440 4.14383
38 0 10.4525
38 125 8.82818
38 186 20.3654
38 297 25.5418
38 392 16.8048
38 429 7.73633
38 475 16.8009
39 0 3.66231
39 111 10.5253
39 113 25.3709
39 173 11.3156
39 183 29.1835
39 443 21.0478
39 444 14.0989
39 499 36.0576
40 0 22.4795
40 57 12.4804
40 80 4.94761
40 125 26.8522
40 156 31.8425
40 178 3.80194
40 230 25.1291
41 0 39.244
41 49 37.5871
41 268 2
41 282 5.71338
41 308 19.0507
41 321 6.00882
42 0 28.9839
42 89 15.1416
42 90 17.3791
42 133 2
42 147 11.5448
42 294 20.7865
42 297 23.1483
42 353 9.03173
42 452 8.21462
42 486 21.206
43 0 5.83495
43 15 9.32445
43 17 2
43 36 2
43 45 11.0774
43 57 5.12699
43 72 2
43 179 11.5321
43 243 15.4306
43 246 10.4755
43 328 12.6683
43 366 14.5142
43 452 3.14266
44 0 2
44 15 20.2192
44 51 3.38216
44 62 16.8627
44 105 9.28687
44 123 2
44 145 9.41252
44 146 15.6471
44 214 2.55697
44 253 6.9002
44 306 14.4618
44 437 25.7346
45 0 5.32189
45 156 13.2325
45 162 8.28554
45 169 6.71634
45 215 13.0661
45 248 16.0132
45 258 9.02598
45 281 2
45 295 14.5761
45 326 9.19276
45 334 6.53364
45 389 9.85034
45 423 15.5068
45 495 6.14256
46 0 30.7779
46 74 13.1009
46 214 7.16522
46 268 31.6547
46 321 4.6197
46 329 14.8741
46 339 17.2937
46 346 19.5767
47 0 39.1966
47 57 2.67959
47 86 4.65618
47 186 36.8085
47 221 41.5388
47 322 41.4619
48 0 2
48 44 15.94
48 53 28.4363
48 77 7.31522
48 90 9.66567
48 95 14.6724
48 341 3.80852
48 468 10.1664
49 0 33.7428
49 82 17.3069
49 153 38.5093
49 162 8.69838
49 316 8.37285
49 344 11.1458
49 426 7.92707
50 0 16.4264
50 39 27.5053
50 183 25.7325
50 243 11.96
50 260 8.10834
50 358 27.1643
50 475 10.4429
51 0 17.2586
51 45 3.17121
51 52 9.0218
51 106 7.8385
51 267 11.5757
51 338 16.0775
51 352 15.5358
51 354 6.23314
51 490 13.5371
52 0 9.67562
52 44 4.8233
52 147 12.9071
52 248 17.2994
52 357 5.75473
52 490 24.6143
53 0 19.1188
53 88 9.67917
53 192 37.6646
53 269 11.2325
53 355 11.6875
53 375 26.4327
53 384 3.76723
53 402 14.164
53 471 2.49995
54 0 4.70669
54 16 13.3986
54 33 6.06627
54 42 21.3244
54 117 5.16894
54 198 10.1014
54 289 18.6534
54 366 2.29249
54 392 5.19484
55 0 62.8332
55 56 15.6863
55 259 36.615
55 366 5.90224
55 473 12.0159
56 0 4.57867
56 90 19.4721
56 198 38.6103
56 213 21.4844
56 468 13.1642
56 470 31.5887
57 0 7.21135
57 15 24.5504
57 57 18.0186
57 90 4.47229
57 235 13.1797
57 248 18.1467
57 304 10.8064
57 372 10.1327
57 407 9.69433
57 428 4.56349
58 0 31.2269
58 3 26.7729
58 36 31.6963
58 72 3.64751
58 119 8.33127
58 349 12.3033
58 411 4.53507
59 0 34.2332
59 216 44.0277
59 268 12.6765
59 306 3.55874
59 385 37.9693
59 403 3.91449
60 0 6.63301
60 30 6.72412
60 112 3.65717
60 196 5.99114
60 306 2
60 316 13.5531
60 352 15.7077
60 406 25.8281
60 411 8.77601
60 425 7.79186
60 443 13.6379
60 479 11.6781
61 0 8.73586
61 9 2
61 123 2
61 143 13.5328
61 154 19.2971
61 196 8.55378
61 255 11.6147
61 369 28.3214
61 450 32.1047
62 0 31.1491
62 129 27.454
62 149 10.2205
62 205 46.0048
62 266 33.9323
62 412 9.8728
63 0 5.03042
63 57 23.4239
63 158 15.6915
63 185 33.8938
63 436 40.4976
64 0 18.5464
64 50 3.18582
64 125 19.0996
64 184 25.2686
64 257 4.94116
64 260 7.23319
64 302 19.1918
64 364 2
64 467 20.7157
65 0 2.81303
65 56 24.5204
65 123 9.35396
65 203 13.5894
65 225 29.0268
65 249 15.8734
65 340 6.31212
65 410 4.6063
65 454 22.3489
66 0 45.0104
66 133 23.1271
66 146 46.7601
66 158 29.2155
66 355 41.1857
67 0 40.4052
67 147 34.435
67 169 20.5742
67 257 2.39541
67 459 35.1998
68 0 3.32641
68 45 11.5822
68 62 12.1534
68 118 8.53756
68 166 5.33399
68 190 4.87075
68 199 20.6821
68 238 2
68 292 10.5
68 302 14.492
68 440 13.3408
68 451 6.84837
69 0 2
69 260 17.0151
69 277 7.25779
69 291 21.8813
69 397 13.7029
69 430 20.5468
69 498 5.74613
70 0 3.12925
70 133 17.2171
70 164 30.4705
70 184 7.40069
70 275 29.305
70 387 23.8591
71 0 2
71 15 7.14306
71 215 8.70265
71 244 3.72896
71 246 6.99892
71 289 30.1949
71 496 8.56907
72 0 17.6804
72 133 13.7343
72 198 25.1919
72 212 19.873
72 230 36.0986
72 326 7.17045
72 369 13.0747
72 371 20.6267
73 0 5.45044
73 1 5.08297
73 50 4.34834
73 131 9.9986
73 196 15.6234
73 204 16.768
73 224 2
73 317 13.4296
73 361 17.3957
73 413 3.53867
73 426 6.64009
74 0 2
74 17 14.4391
74 33 10.6184
74 158 13.1406
74 264 2
74 292 6.19636
74 437 26.9371
74 476 4.00939
75 0 7.98145
75 24 2
75 74 11.3711
75 206 13.0185
75 268 6.31492
75 417 19.9112
75 451 12.3715
75 472 7.2334
75 474 21.7719
76 0 16.1793
76 44 11.4129
76 173 27.9138
76 314 8.97735
76 367 22.5275
76 397 10.3955
76 413 17.9889
76 425 7.24763
76 437 18.1208
77 0 22.0406
77 24 12.6118
77 57 26.4186
77 87 12.6438
77 94 6.00178
77 176 3.12283
77 196 6.82563
77 316 10.8433
77 418 6.63811
78 0 8.15358
78 190 5.46209
78 295 10.5063
78 333 14.7468
78 352 12.3261
78 426 26.9138
78 451 27.0475
78 458 23.2222
79 0 17.2403
79 14 26.9192
79 36 13.5994
79 83 5.90848
79 140 2
79 153 5.31569
79 203 11.4954
79 267 7.49445
79 294 6.05414
79 340 17.0964
79 347 7.28972
79 451 16.5815
80 0 19.891
80 11 12.4416
80 22 5.91102
80 29 12.425
80 33 5.12755
80 44 15.6284
80 89 9.40476
80 94 11.5653
80 117 11.9401
80 248 3.21756
80 357 6.00871
81 0 32.682
81 45 23.1901
81 164 11.7567
81 250 33.3158
81 358 24.4093
81 418 3.0065
82 0 15.7026
82 30 3.44733
82 43 8.31456
82 132 2.64763
82 146 9.46655
82 177 9.2695
82 185 7.93329
82 306 9.44851
82 314 20.0931
82 440 11.2745
82 443 19.277
82 496 2.57024
83 0 5.16901
83 15 15.9239
83 147 13.3
83 253 8.12043
83 317 4.21163
83 333 2
83 341 3.5857
83 346 15.5163
83 407 2.83724
83 416 7.09863
83 434 8.81024
83 449 9.94155
83 451 6.60885
84 0 15.7695
84 57 15.3317
84 211 22.1828
84 235 27.1833
84 248 20.306
84 256 12.4879
84 315 11.5195
84 373 23.3406
85 0 18.138
85 9 11.5496
85 11 26.2453
85 158 16.1387
85 270 3.9041
85 326 15.609
85 423 2.22471
85 444 7.91244
86 0 2
86 24 4.3445
86 87 2
86 214 2
86 228 3.48086
86 244 5.55838
86 317 4.44528
86 366 15.849
86 428 2.50073
86 452 16.5294
87 0 7.74183
87 65 3.53097
87 75 4.86006
87 94 17.6388
87 123 4.94185
87 181 3.07862
87 199 12.7218
87 206 11.6466
87 282 6.35222
87 309 2.06795
87 317 2
87 384 3.62268
88 0 21.9083
88 17 23.7698
88 232 19.1364
88 373 12.0747
88 385 39.9613
89 0 18.1062
89 84 12.3915
89 198 14.4666
89 253 9.80001
89 316 18.8858
89 346 5.45796
89 352 2
89 355 10.492
89 403 15.1847
89 417 13.0714
89 452 14.2481
90 0 46.7977
90 356 15.6895
90 390 12.5213
91 0 10.0512
91 248 24.3645
91 258 97.5449
92 0 6.20244
92 58 7.49587
92 65 3.82311
92 123 3.61398
92 184 14.4528
92 215 4.90069
92 307 6.23204
92 403 21.0816
92 436 13.2796
92 484 2
93 0 10.8913
93 17 22.4158
93 76 6.64981
93 212 8.20535
93 234 4.16397
93 329 18.5893
93 354 10.0399
93 451 13.8762
94 0 36.6919
94 16 23.0016
94 57 50.3616
94 246 2.45223
94 249 22.7196
94 267 2.94758
95 0 5.58327
95 150 14.9479
95 300 33.6684
95 351 26.7299
95 449 2.28036
96 0 25.7227
96 45 2.54104
96 64 7.52333
96 69 16.654
96 145 14.7632
96 205 22.2536
96 260 13.4598
96 266 17.0448
96 407 24.2612
97 0 15.994
97 57 5.61546
97 196 29.4557
97 257 8.66705
97 315 7.5205
97 371 9.99353
98 0 2
98 44 8.81209
98 45 7.65745
98 105 9.93577
98 124 8.29276
98 196 15.247
98 203 6.07265
98 217 13.7126
98 246 8.91891
98 253 3.44807
98 270 11.3578
98 295 10.7058
98 314 8.36248
98 315 4.11456
99 0 5.90376
99 29 12.3989
99 44 7.88249
99 45 6.49121
99 62 10.8243
99 105 11.9727
99 135 9.82488
99 243 2
99 257 8.11462
99 318 4.10396
99 342 18.3437
99 346 17.3272
99 370 3.46172
99 423 11.1335
100 0 15.9127
100 69 3.4729
100 150 7.02964
100 160 6.62246
100 170 2.87289
100 196 5.19949
100 201 2.40444
100 227 9.08634
100 318 2.17861
100 343 13.104
100 359 3.23295
100 400 8.85111
100 407 13.6168
101 0 12.5433
101 205 2
101 215 13.2973
101 230 7.45689
101 267 5.80292
101 318 6.31981
101 347 7.34397
101 384 15.2895
101 397 23.0391
101 407 4.29596
102 0 18.9161
102 16 22.0114
102 39 19.55
102 145 8.20233
102 240 9.63244
102 260 4.93291
102 278 12.0491
102 437 3.58452
103 0 32.5987
103 50 7.26635
103 57 31.2802
103 268 28.5429
103 367 16.8308
103 370 14.1052
103 407 10.3315
104 0 9.22605
104 69 10.4654
104 76 19.7467
104 105 7.20627
104 136 29.8905
104 217 2.22931
104 287 9.17711
104 419 2
104 497 2
105 0 18.8911
105 27 6.67769
105 39 7.89979
105 44 4.36049
105 77 25.1783
105 173 2
105 412 3.4802
105 419 6.2366
106 0 10.012
106 10 4.79525
106 57 5.94518
106 217 12.3201
106 299 20.6616
106 451 10.8447
106 472 5.16818
106 486 5.85368
107 0 2
107 134 10.5879
107 240 11.0505
107 248 14.101
107 249 14.7083
107 253 2
107 260 2.14461
107 306 5.46728
107 391 9.97539
107 423 3.47165
107 468 12.2059
108 0 2.75393
108 26 15.491
108 39 17.6123
108 83 2.06487
108 99 15.3149
108 355 2
108 371 11.1117
108 441 2
109 0 23.6108
109 41 11.1563
109 50 8.90441
109 151 15.2261
109 228 35.2412
109 346 20.106
109 375 19.5581
109 415 9.62818
109 468 9.74963
110 0 18.7883
110 15 7.00174
110 53 15.5619
110 151 28.9681
110 203 34.5476
110 433 23.2363
111 0 16.2638
111 32 4.20321
111 57 4.33432
111 77 2
111 273 14.351
111 275 9.98259
111 290 3.64554
111 291 6.71308
111 351 15.9635
111 355 12.3785
111 356 3.34443
111 367 8.14016
111 386 11.4831
111 407 16.7124
112 0 4.84805
112 77 2
112 112 9.20268
112 124 6.39383
112 128 2
112 158 11.1294
112 166 14.3117
112 178 12.441
112 192 5.24393
112 297 5.84047
112 342 4.11248
113 0 7.13958
113 29 10.1411
113 57 3.48424
113 94 12.967
113 289 24.9339
113 359 12.2372
113 387 17.3185
114 0 22.6999
114 109 25.1824
114 134 29.3751
114 285 19.0482
114 299 6.77351
114 311 27.3996
114 345 24.1038
114 384 27.6817
115 0 2.43052
115 88 4.01297
115 119 2.71695
115 123 2.43368
115 179 17.4409
115 213 2.82778
115 215 5.02288
115 235 13.9408
115 282 18.3507
115 340 2.01372
115 346 10.3998
115 384 2.10979
115 451 5.37206
115 487 18.2241
115 492 2.07261
116 0 13.1992
116 29 17.2604
116 53 8.67334
116 266 13.5693
116 314 2.2327
116 392 2
116 400 6.7446
116 407 2.21952
116 413 7.25559
116 443 2
116 470 8.03533
117 0 21.7282
117 39 12.0813
117 203 16.7008
117 297 8.38704
117 318 20.277
117 346 22.1248
117 384 17.1208
117 422 22.5418
118 0 36.7399
118 205 52.8073
118 290 4.6864
118 407 31.2046
119 0 21.9183
119 29 32.1776
119 42 2
119 153 9.81997
119 215 4.57037
119 235 5.3746
119 294 4.47958
119 307 14.5954
119 426 23.7061
120 0 8.21706
120 44 3.70327
120 57 14.9649
120 77 2
120 106 11.3462
120 113 11.3005
120 146 3.15207
120 426 2
120 436 12.8974
120 496 25.2944
121 0 22.4893
121 15 10.6379
121 56 12.008
121 104 9.41331
121 169 2.98658
121 253 19.4982
121 468 9.3698
121 498 8.93739
122 0 22.9248
122 183 2.06498
122 184 10.9195
122 208 12.492
122 297 7.19284
122 306 11.9942
122 326 12.4125
122 407 4.91351
122 468 21.3551
122 484 20.2895
123 0 24.5799
123 108 28.0379
123 244 24.0653
123 259 15.1962
123 275 19.4067
123 392 4.44276
123 479 15.239
123 482 18.5609
124 0 2
124 80 12.5055
124 198 26.6265
124 214 22.2974
124 260 33.468
124 467 24.1927
124 484 9.19665
124 488 17.4215
125 0 29.5026
125 62 42.02
125 105 32.6247
125 447 41.6094
126 0 11.9207
126 97 23.2034
126 137 18.0849
126 160 24.2802
126 186 26.2139
126 198 10.6514
126 358 16.8767
126 498 28.8572
127 0 11.3149
127 29 6.72338
127 268 42.7599
127 340 2.30481
127 345 23.9355
127 436 13.5971
127 461 23.8636
128 0 8.8642
128 26 8.42033
128 77 17.9128
128 118 10.4052
128 153 11.4387
128 196 6.75455
128 201 14.2823
128 212 2
128 316 5.82574
128 326 2
128 346 3.68549
128 356 15.4429
128 413 7.51189
129 0 11.2321
129 15 12.133
129 17 7.85297
129 22 29.3906
129 36 5.47923
129 50 3.47508
129 57 3.01362
129 243 2
129 277 6.45345
129 288 11.7026
129 289 5.88924
129 433 8.41125
129 498 6.07172
130 0 9.96379
130 49 20.7013
130 122 13.001
130 164 24.3641
130 203 6.34526
130 240 11.7987
130 248 2
130 407 18.9918
130 452 3.27511
131 0 8.35587
131 6 14.8552
131 61 18.8002
131 106 3.02788
131 192 12.6796
131 229 13.2965
131 270 15.7764
131 402 7.2197
131 468 28.7635
132 0 7.06386
132 29 5.39735
132 114 10.3957
132 141 15.7439
132 292 32.2202
132 333 36.0054
132 359 5.67379
133 0 10.884
133 222 2
133 253 12.0276
133 290 33.7455
133 359 21.8524
133 442 23.691
133 455 4.83785
133 496 40.5362
134 0 24.147
134 44 13.3349
134 74 4.25811
134 238 10.7996
134 352 15.5887
134 356 13.9144
134 384 32.5971
134 475 24.9336
135 0 13.0334
135 50 14.3331
135 84 3.15142
135 233 18.6147
135 245 12.3217
135 290 22.8988
135 321 10.1694
135 333 14.9434
135 386 17.3815
136 0 17.3672
136 32 2.05229
136 82 2
136 119 11.9179
136 146 17.7999
136 270 18.2371
136 277 30.3572
136 314 3.8259
136 331 7.54537
136 352 2
137 0 13.6668
137 57 14.4994
137 88 52.3967
137 257 35.5885
137 268 30.9139
137 455 2
138 0 15.7392
138 10 19.1799
138 192 12.766
138 292 25.7505
138 297 2.13515
138 350 14.4426
138 384 12.6904
138 408 8.60133
138 440 2
138 468 2.0543
139 0 25.3735
139 44 18.2244
139 117 2.1949
139 125 32.647
139 485 18.6322
140 0 3.4263
140 1 9.57557
140 48 13.9681
140 49 27.0099
140 106 2
140 123 7.27479
140 213 22.9993
140 318 10.9482
140 346 10.2846
140 408 2.04927
140 454 2
141 0 13.8285
141 33 4.95381
141 36 2.63673
141 45 7.18872
141 92 3.49579
141 95 8.57902
141 126 10.7066
141 232 20.2594
141 243 6.83661
141 366 22.0687
141 452 3.7382
141 487 5.52784
142 0 5.19823
142 2 6.3705
142 19 2
142 40 8.65456
142 57 12.4668
142 129 10.1571
142 144 3.91545
142 164 2.68837
142 184 4.41284
142 242 10.595
142 294 6.73218
142 313 13.6752
142 315 11.728
142 347 7.7845
143 0 2
143 43 19.9608
143 83 9.6479
143 151 11.7072
143 198 8.83794
143 235 17.1941
143 240 2.7599
143 341 11.3721
143 386 9.3224
143 452 3.91693
143 482 13.5154
144 0 23.1109
144 43 20.9529
144 62 8.50311
144 71 30.6504
144 368 6.63639
144 482 26.4097
145 0 2.92193
145 39 10.3042
145 143 2
145 162 7.68354
145 196 17.1225
145 329 3.63493
145 345 2
145 354 6.8501
145 357 5.91182
145 403 13.8209
145 433 13.9862
145 451 7.277
145 484 6.3182
146 0 5.69857
146 39 7.513
146 117 11.8129
146 147 3.51033
146 160 7.69195
146 178 14.5254
146 212 17.7254
146 213 6.08539
146 267 14.9374
146 341 2
147 0 7.64432
147 22 10.3788
147 29 13.9851
147 39 2.17547
147 44 2.16775
147 50 17.256
147 52 3.42316
147 147 2
147 226 13.1961
147 242 3.27458
147 243 4.1471
147 268 5.04088
147 275 11.1121
147 385 8.35723
147 417 11.809
147 456 16.3531
148 0 31.8402
148 65 23.4788
148 306 9.24291
148 452 19.8866
148 468 18.2667
149 0 109.642
149 57 52.3879
149 417 16.3008
150 0 26.8545
150 53 7.09128
150 100 6.22276
150 105 22.2561
150 123 7.86054
150 127 13.8187
150 173 22.3429
150 252 35.0126
150 426 2
151 0 24.8761
151 14 10.731
151 175 19.4144
151 260 31.4436
151 424 17.8896
152 0 13.1796
152 22 2.95072
152 34 7.16808
152 120 32.9449
152 190 13.6577
152 225 3.6083
152 263 4.81976
152 270 10.6144
152 493 7.5799
153 0 21.4589
153 16 10.3844
153 80 7.86669
153 87 5.0392
153 192 14.8082
153 201 17.2864
153 226 15.7772
153 284 7.98002
153 459 8.08122
154 0 19.8371
154 9 2
154 88 15.8144
154 102 2
154 215 17.5507
154 217 62.0198
154 423 28.8823
155 0 3.59767
155 50 7.13906
155 126 30.8093
155 227 29.4319
155 307 25.4569
155 311 25.3629
155 334 18.6479
155 476 7.65645
156 0 37.8384
156 43 21.7085
156 259 40.8374
156 372 56.5547
156 489 15.9289
157 0 16.0294
157 42 22.7842
157 45 5.29833
157 119 15.1554
157 207 5.419
157 268 2.16021
157 396 5.47852
157 412 18.1797
158 0 18.5665
158 21 4.8145
158 50 17.4094
158 346 15.7982
158 400 27.343
158 482 8.85281
158 484 26.8458
159 0 2.95006
159 12 14.9836
159 29 38.5924
159 72 16.6348
159 246 7.55379
159 307 18.868
159 354 7.85461
159 417 26.7792
160 0 2
160 12 4.69578
160 111 18.4694
160 259 5.62915
160 307 29.2133
160 317 15.1097
160 356 15.0598
160 367 8.12764
161 0 8.2497
161 15 4.36655
161 29 2.11184
161 52 12.3696
161 54 4.27861
161 61 10.6724
161 106 7.9015
161 120 19.135
161 125 18.4303
161 162 4.30944
161 243 4.83542
161 415 2
161 482 5.26868
162 0 10.2385
162 106 17.9232
162 135 31.9384
162 185 5.95867
162 340 32.2164
162 345 3.19989
162 452 2.01758
163 0 9.38496
163 44 10.7281
163 57 5.58173
163 130 2.98259
163 146 36.7218
163 196 20.7945
163 215 12.7351
164 0 33.2274
164 57 23.932
164 136 11.2726
164 346 9.05427
164 371 2
165 0 7.46414
165 44 2
165 106 19.2646
165 123 6.24695
165 358 2
165 362 28.1535
165 423 11.7456
165 473 6.8411
166 0 59.1112
166 15 41.616
166 267 9.40302
166 437 34.8523
166 447 19.7692
167 0 32.2084
167 1 29.7359
167 45 3.19266
167 57 29.1482
167 177 12.6935
167 284 20.0725
167 326 2
167 397 3.49167
168 0 38.359
168 204 23.5572
168 245 5.08944
168 267 3.23081
168 440 24.1034
168 449 22.7263
168 490 24.3388
169 0 15.2715
169 105 7.69595
169 112 15.5505
169 166 2.3011
169 227 5.53287
169 266 8.00221
169 366 15.5836
169 475 2
169 486 3.72211
170 0 8.43178
170 54 16.4381
170 88 10.5215
170 129 7.95272
170 184 20.7755
170 295 15.4091
170 333 22.6321
170 334 2
170 417 21.1823
170 418 6.56935
171 0 28.7524
171 80 5.1029
171 105 2.24579
171 195 28.5553
171 235 10.8032
171 297 2
171 306 23.778
171 468 11.603
172 0 6.30258
172 57 8.28724
172 90 6.88259
172 212 16.5495
172 268 17.0603
172 295 6.25732
172 379 20.7849
172 398 20.795
172 476 10.6675
172 482 14.3752
173 0 12.9289
173 29 17.7715
173 146 17.7516
173 214 28.8556
173 238 9.7825
173 405 19.5534
173 475 11.3382
173 499 18.3632
174 0 25.7776
174 50 10.0177
174 212 16.8897
174 253 2.2474
174 267 6.18917
174 297 5.94361
174 372 25.3144
174 461 15.7348
174 468 18.622
175 0 2
175 2 7.32441
175 24 4.01313
175 33 2
175 121 13.1143
175 151 4.6809
175 183 13.2913
175 364 11.2786
175 412 8.75394
175 468 7.34314
175 498 14.1393
176 0 18.3117
176 104 3.14198
176 355 15.151
176 371 20.2641
176 408 27.3556
176 443 4.57367
176 494 2
177 0 2
177 36 8.56706
177 111 17.445
177 145 3.49717
177 228 12.5781
177 340 15.3367
177 407 26.4579
177 444 22.8836
177 454 7.93531
178 0 4.37087
178 62 11.4288
178 97 7.91178
178 137 14.375
178 192 4.48041
178 233 10.7325
178 300 2
178 408 6.19435
178 472 13.5134
178 476 22.1832
179 0 6.58217
179 203 2
179 234 9.4663
179 382 64.8693
179 407 20.6408
180 0 2.00876
180 22 7.52364
180 57 4.58987
180 94 16.0775
180 211 5.92542
180 227 16.6691
180 284 14.8514
180 306 7.54354
180 473 23.3114
180 475 12.878
181 0 3.66204
181 19 4.03212
181 149 21.2933
181 150 2
181 164 10.2334
181 392 2.46374
181 405 3.95116
181 450 6.91825
181 459 7.98272
181 475 10.1125
181 476 10.3027
181 498 2.62411
182 0 13.8963
182 125 11.6428
182 248 9.52572
182 250 19.4886
182 293 11.567
182 416 16.7306
182 428 16.9484
182 440 31.9776
183 0 19.8751
183 24 21.763
183 84 12.5235
183 143 17.4631
183 165 15.781
183 267 14.3804
183 292 18.3606
183 356 7.4366
183 366 5.13757
183 384 3.64951
184 0 15.5612
184 77 8.56154
184 90 16.2342
184 94 2.56992
184 100 13.6701
184 173 16.8797
184 250 3.52104
184 355 2.25005
184 370 14.5776
184 413 8.14721
184 423 18.0714
184 464 17.1203
185 0 2
185 90 28.1597
185 123 3.39029
185 183 22.4858
185 253 4.17641
185 419 2.02114
185 426 19.462
185 449 17.9335
186 0 24.2583
186 52 28.0615
186 125 2.10905
186 127 17.3152
186 200 8.5732
186 206 12.7519
186 272 9.60314
186 386 5.77423
186 462 11.1016
187 0 11.1119
187 75 29.9007
187 123 34.7512
187 350 2
187 437 2.2425
187 448 27.2882
188 0 2
188 22 2
188 57 4.79179
188 72 16.169
188 95 9.19572
188 106 6.43004
188 117 12.1141
188 160 7.69885
188 184 5.60421
188 242 13.8685
188 260 9.92982
188 336 11.8428
188 435 4.21603
188 470 14.5824
188 475 6.26699
189 0 39.6304
189 48 29.0524
189 106 48.7763
189 243 14.512
189 496 22.0267
190 0 20.9977
190 29 10.987
190 44 18.1593
190 443 19.48
191 0 11.3229
191 43 23.1182
191 83 24.7448
191 155 3.78613
191 198 9.29904
191 247 17.2714
191 295 5.88822
191 355 8.12219
191 384 9.52058
191 412 22.5304
191 440 12.6755
192 0 15.2589
192 57 9.71655
192 71 14.4745
192 178 13.5237
192 196 2
192 301 2
192 342 4.00956
192 371 2.18186
192 397 6.12968
192 425 4.4609
192 466 4.43547
192 468 12.7366
192 474 5.19552
193 0 18.8065
193 15 3.71449
193 17 4.47714
193 35 9.83448
193 77 5.01079
193 90 2
193 198 9.20171
193 272 3.50374
193 290 12.4636
193 306 14.1391
193 323 6.24296
193 331 4.69942
193 454 7.81351
193 490 13.7609
194 0 35.5465
194 10 16.3458
194 87 2.62066
194 111 6.60426
194 112 4.35398
194 217 19.8433
194 228 21.7667
194 233 2
194 443 18.8528
195 0 2
195 29 7.34444
195 94 2.20491
195 164 7.0364
195 249 7.35742
195 311 23.9534
195 316 24.2238
195 334 4.45049
195 426 4.3284
196 0 15.3336
196 17 23.0526
196 36 16.9992
196 77 4.69321
196 120 25.6282
196 135 14.6604
196 210 8.37494
196 259 24.0805
196 416 13.8802
196 497 6.84489
197 0 22.9553
197 15 2
197 50 18.8502
197 135 7.82731
197 147 21.0105
197 185 22.0903
197 365 22.0127
198 0 4.27317
198 44 4.72869
198 57 16.5804
198 68 11.8121
198 112 20.1731
198 186 5.15764
198 197 11.6439
198 240 23.3357
198 289 4.80029
198 351 18.9029
198 389 7.47279
198 412 5.72892
198 416 16.0564
199 0 2
199 58 3.71269
199 69 7.38854
199 154 3.05624
199 183 8.61531
199 215 16.9665
199 222 9.95722
199 253 8.98858
199 436 15.8277
199 448 6.5245
199 449 8.18026
199 459 4.13044
199 490 13.4019
200 0 9.6927
200 14 9.39707
200 62 2.02228
200 123 6.5167
200 203 2
200 270 13.7875
200 313 11.0467
200 345 9.37891
200 355 10.7955
200 363 7.91324
200 368 18.7058
200 370 12.139
200 385 17.5617
200 412 4.51955
201 0 12.6378
201 9 2
201 11 11.8612
201 40 17.2418
201 44 9.13601
201 45 9.32829
201 126 6.82395
201 177 4.29226
201 279 2
201 284 6.93925
201 326 14.8403
201 413 3.76058
201 419 11.373
201 468 11.6396
202 0 15.2945
202 44 8.44278
202 151 26.2903
202 160 7.26636
202 165 15.0159
202 198 21.2139
202 349 4.6827
202 370 6.84478
202 384 13.9728
203 0 3.42045
203 10 10.9569
203 45 9.2393
203 68 9.23225
203 134 6.51085
203 215 11.2639
203 228 3.00626
203 253 16.8598
203 340 2
203 342 14.4289
203 349 8.96471
203 420 2.26727
203 448 4.11436
204 0 21.4876
204 39 27.022
204 48 3.17161
204 95 6.16868
204 156 2
204 242 35.7543
204 346 20.1306
205 0 11.1979
205 6 7.04852
205 42 7.79536
205 52 4.8753
205 62 10.4787
205 102 2.02018
205 143 7.15585
205 184 2.00989
205 287 12.402
205 323 6.28988
205 372 3.40397
205 403 6.90423
205 442 4.85113
205 466 7.93335
205 482 2
206 0 18.8087
206 41 42.2115
206 43 36.4939
206 61 13.9806
206 354 35.1323
207 0 21.0884
207 1 20.1722
207 88 4.04667
207 255 18.4076
207 300 2
207 307 2
207 326 5.22091
207 389 4.37253
208 0 5.36198
208 24 8.82534
208 43 8.2971
208 240 15.5215
208 267 6.6881
208 290 12.1304
208 316 2.40094
208 361 14.1236
208 392 7.10067
208 433 5.00007
208 445 3.30291
208 459 3.18256
208 493 9.70902
209 0 2.34193
209 87 3.5932
209 95 21.4395
209 118 15.5208
209 215 12.6845
209 326 12.4018
210 0 5.62519
210 77 18.4997
210 125 16.0799
210 169 16.0428
210 198 8.23397
210 233 16.0353
210 290 15.0233
210 366 8.52063
210 425 2
210 444 17.7244
211 0 27.3619
211 43 14.4129
211 240 13.1164
211 307 9.13861
211 314 25.21
211 364 5.25005
211 406 26.9986
211 426 5.86806
211 495 15.1627
212 0 13.9412
212 44 17.4688
212 45 15.6441
212 97 17.1347
212 268 5.42625
212 300 19.554
212 301 12.0155
212 359 8.25592
212 371 14.967
212 383 2.61111
212 468 8.51403
213 0 5.02007
213 31 3.80175
213 50 36.5071
213 205 5.47548
213 432 20.945
213 451 27.0662
213 484 19.3443
214 0 10.4712
214 19 8.38676
214 87 13.8109
214 118 7.82799
214 186 12.1772
214 198 11.9254
214 248 16.0553
214 267 8.92874
214 314 17.1292
214 427 11.8875
214 468 8.50049
214 476 2
215 0 21.9845
215 125 6.56613
215 147 3.24572
215 236 3.55213
215 272 13.161
215 290 20.4017
215 352 4.11637
215 368 26.6122
216 0 2.42319
216 13 4.14983
216 48 10.5637
216 52 16.8295
216 68 2
216 173 15.9672
216 234 26.3367
217 0 8.52793
217 126 21.9872
217 135 21.9567
217 234 22.767
217 260 9.04975
217 307 32.8682
217 367 37.1257
217 450 28.0361
218 0 8.30777
218 29 5.06127
218 129 20.2764
218 147 22.5565
218 151 2.0111
218 166 7.94773
218 212 2
218 249 2.01578
218 301 2
218 344 13.5116
219 0 6.90263
219 58 2
219 87 15.4146
219 196 25.1097
219 234 15.8477
219 299 4.78519
219 384 6.80999
219 386 11.2283
219 398 3.29306
219 416 12.439
220 0 4.8181
220 22 2.19226
220 69 20.062
220 113 15.6642
220 132 21.4351
220 173 7.39574
220 333 3.24549
220 370 12.6382
220 433 2
220 439 4.01818
221 0 8.63418
221 50 6.68747
221 65 19.8272
221 101 10.4787
221 132 16.5796
221 154 2.69899
221 250 6.11554
221 287 2
221 407 4.74207
221 487 2.62318
222 0 17.2989
222 49 2.69566
222 94 4.63533
222 205 32.8621
222 270 12.6571
222 289 9.11279
222 405 34.1301
223 0 27.3322
223 5 13.3588
223 123 17.6972
223 249 3.96245
223 397 27.5398
223 419 2
223 432 33.4252
223 473 32.8689
224 0 31.6018
224 83 14.9751
224 105 21.887
224 235 7.45361
224 297 41.0878
224 351 2.97977
225 0 25.3635
225 26 6.94174
225 27 28.9845
225 87 11.0582
225 207 2.7372
225 411 7.6929
225 482 17.1643
225 485 2
226 0 49.9068
226 26 4.4452
226 39 10.6594
226 62 22.9403
226 295 22.2654
227 0 30.7665
227 5 25.7372
227 44 20.3371
227 45 2.03489
227 196 13.7133
227 375 2.50794
227 456 10.512
227 497 7.51633
228 0 8.70918
228 22 8.19655
228 57 7.4883
228 139 4.93953
228 158 15.3147
228 167 4.84456
228 183 7.40499
228 315 5.42778
228 350 8.99672
228 409 19.9838
228 416 4.87388
228 428 2
228 468 6.53865
229 0 11.1799
229 83 7.86731
229 149 7.55742
229 215 2.15251
229 314 11.4302
229 324 11.0753
229 340 17.8088
229 352 6.72728
229 370 11.5563
229 400 5.78528
229 408 18.5582
229 449 9.8205
230 0 17.0484
230 24 21.1773
230 26 13.6556
230 135 2.66713
230 261 21.0708
230 280 2.08003
230 317 14.0647
230 436 7.68534
230 471 20.9468
231 0 17.8395
231 24 20.6118
231 29 10.0171
231 76 10.8319
231 183 28.9667
231 264 23.5343
231 297 11.5553
231 443 2
231 482 25.2964
232 0 10.1881
232 62 18.536
232 118 42.4425
232 199 2.26385
232 436 25.0271
232 440 8.91721
233 0 23.3668
233 272 19.2628
233 280 19.5755
233 418 2.00238
233 453 44.0728
234 0 9.42897
234 121 11.0739
234 123 14.275
234 187 19.8806
234 214 7.36056
234 229 19.571
234 367 3.85802
234 445 6.73284
234 449 4.66567
235 0 7.70313
235 57 19.2292
235 83 11.1454
235 94 9.87427
235 147 2
235 158 4.13341
235 248 11.747
235 319 8.50267
235 396 18.8874
235 461 10.4903
236 0 15.2139
236 75 11.9969
236 141 13.9607
236 153 21.4566
236 267 12.9096
236 341 9.61727
236 416 12.2418
236 429 6.49491
236 459 3.16865
237 0 10.5802
237 100 20.3879
237 134 14.8692
237 211 19.1765
237 306 12.2252
237 444 40.3478
237 451 2.83709
238 0 22.6035
238 15 12.098
238 45 20.5078
238 74 18.0593
238 88 20.7883
238 111 9.76997
238 112 15.2785
238 302 15.356
238 443 21.3278
238 484 2
239 0 10.5071
239 90 14.6304
239 174 8.40066
239 238 17.0551
239 253 14.1441
239 303 3.18072
239 345 29.0865
239 366 27.9008
239 426 36.1719
240 0 15.5607
240 15 29.3056
240 52 8.5058
240 108 31.099
240 203 22.3626
240 311 12.2043
240 367 6.31495
240 440 13.4402
241 0 27.784
241 121 21.6944
241 384 2.93246
241 392 12.1523
241 407 43.4131
241 443 10.641
241 466 22.7099
242 0 6.68325
242 134 15.2532
242 158 21.0332
242 162 13.8257
242 169 15.1146
242 260 31.0948
242 418 2
242 423 25.2788
242 466 29.2624
243 0 19.3623
243 42 16.044
243 62 2
243 105 26.5552
243 123 10.3221
243 246 2
243 333 13.4776
243 365 12.8728
243 370 11.3509
243 383 12.0457
243 473 4.28798
244 0 16.4288
244 45 12.6988
244 61 21.0877
244 117 27.667
244 202 9.01836
244 242 19.8642
244 290 5.59062
244 369 13.2649
244 493 11.1803
245 0 2.52272
245 24 8.4996
245 111 2
245 117 5.97598
245 196 5.61639
245 250 14.9156
245 315 15.7074
245 371 17.9254
245 473 8.90421
245 488 2.33679
245 493 5.92938
246 0 20.0437
246 57 2
246 61 15.7532
246 121 35.2418
246 255 13.4366
246 433 22.1109
246 482 13.5728
247 0 16.1915
247 31 16.0989
247 49 8.76977
247 62 11.9168
247 69 15.7848
247 72 7.85261
247 76 15.3766
247 90 15.9944
247 164 12.9046
247 346 13.8053
247 409 3.29474
247 454 5.62168
248 0 31.0577
248 43 15.0072
248 220 31.9984
248 307 2
248 316 18.0022
248 369 8.16594
248 444 12.1821
248 474 25.9755
249 0 23.7339
249 16 7.62797
249 145 5.79606
249 192 16.5555
249 217 10.679
249 256 30.9402
249 498 5.71081
250 0 2
250 25 29.195
250 39 2.04567
250 45 12.6185
250 89 10.739
250 117 17.5286
250 318 2
250 383 10.4599
251 0 18.4933
251 109 11.0537
251 160 4.89335
251 196 11.6256
251 229 9.26351
251 315 32.4146
251 355 28.1512
251 389 3.42547
252 0 3.15454
252 43 5.70231
252 78 5.56396
252 100 7.41571
252 205 5.14768
252 266 9.80405
252 277 10.1613
252 295 8.38379
252 321 6.20711
252 371 2.8127
252 400 5.47597
252 448 2
252 452 4.76034
252 467 3.42863
252 468 13.6213
253 0 20.3923
253 33 2
253 45 15.4655
253 126 4.51818
253 135 12.782
253 307 7.30234
253 394 6.70553
253 411 11.2861
253 430 19.2328
253 484 18.7016
254 0 20.3804
254 57 14.7219
254 72 3.69306
254 244 4.34932
254 333 16.5389
254 355 11.9235
254 417 19.118
254 451 25.7493
254 468 3.03255
255 0 14.0689
255 162 44.2883
255 166 44.0816
255 196 17.5409
255 307 3.72075
255 349 26.1091
256 0 26.0423
256 40 2
256 123 3.83198
256 221 20.9558
256 306 2
256 361 38.8867
256 498 2
257 0 5.11917
257 8 14.9595
257 15 5.19042
257 142 15.6497
257 248 24.8758
257 408 9.21886
257 417 6.45516
258 0 20.7778
258 80 18.3662
258 132 12.7373
258 190 8.88567
258 239 26.1834
258 261 33.9975
258 302 28.4805
258 321 2
259 0 10.5258
259 16 17.1095
259 106 7.54778
259 170 16.0892
259 196 18.3363
259 260 2.2163
259 329 26.1018
259 340 4.68572
260 0 8.0978
260 9 14.6224
260 24 22.2541
260 166 2
260 183 14.2858
260 281 9.51316
260 374 9.34783
260 419 19.6489
260 479 13.7443
261 0 2
261 44 9.90197
261 57 9.11309
261 62 26.3052
261 89 7.59215
261 246 4.42708
261 254 13.7925
261 417 2.42783
262 0 2.02834
262 35 11.8337
262 40 2
262 45 2
262 78 4.26868
262 134 5.43636
262 153 10.7984
262 244 8.61911
262 249 11.7828
262 290 16.1791
262 342 6.04863
262 345 9.85076
262 391 15.0601
262 423 2.40468
262 478 2
263 0 17.6062
263 12 9.51227
263 24 4.41112
263 33 12.3736
263 73 17.7517
263 120 29.464
263 164 17.5051
263 289 2
263 342 23.9158
263 475 13.929
264 0 4.83164
264 45 10.9353
264 57 13.545
264 205 27.0358
264 250 5.93735
264 356 2
265 0 10.3363
265 15 28.1918
265 95 11.4055
265 106 6.15713
265 127 2
265 129 8.24071
265 143 3.1209
265 203 13.5729
265 224 5.88604
265 228 18.9122
265 340 2
265 359 2
266 0 8.74966
266 260 16.5587
266 275 3.46672
266 285 12.6457
266 306 19.962
266 417 11.7417
266 430 20.392
266 431 2
266 434 2.03168
267 0 12.1795
267 43 24.4005
267 57 24.592
267 89 10.7301
267 119 28.5157
267 244 30.6202
268 0 120.918
268 125 73.7057
268 153 26.7125
269 0 12.9535
269 12 2
269 199 6.502
269 234 30.7009
269 235 31.1657
269 358 23.4873
269 410 39.9078
270 0 14.0284
270 24 4.46318
270 52 6.85617
270 122 24.6932
270 234 3.06135
270 268 19.6573
270 273 3.93433
270 295 13.491
270 333 16.2231
270 384 17.2601
271 0 39.536
271 57 32.2603
271 125 16.1835
271 267 7.76784
271 292 27.2595
271 326 25.7758
271 343 10.6581
271 386 38.9924
272 0 6.99535
272 43 27.7066
272 44 3.21344
272 251 17.0447
272 266 12.9049
272 278 11.1935
272 316 6.101
272 318 8.26246
272 451 6.8995
272 484 15.1167
273 0 17.8656
273 1 24.9343
273 90 23.6653
273 162 9.05898
273 221 24.04
273 290 8.27943
273 345 3.13983
273 409 6.2777
273 451 9.54054
274 0 3.07118
274 11 20.9825
274 39 2
274 213 8.55401
274 268 10.4116
274 346 9.11271
274 389 11.4873
274 417 15.0594
274 451 2
274 471 13.1353
275 0 9.11284
275 47 9.39332
275 57 5.98445
275 74 12.8972
275 112 14.9364
275 210 9.65233
275 217 10.438
275 224 7.19533
275 306 4.62922
275 339 6.41877
275 354 13.0068
275 367 12.5003
275 386 10.2132
275 452 14.8706
275 486 12.0863
276 0 2
276 57 16.6501
276 123 11.8466
276 244 20.1083
276 268 10.5776
276 376 9.08521
276 384 8.64488
276 407 4.65856
276 426 12.3084
276 436 23.0147
276 445 13.2484
277 0 53.9014
277 133 44.5468
277 340 14.2697
277 398 6.85404
277 462 3.29433
278 0 2.26933
278 54 9.16483
278 98 2
278 109 3.06864
278 190 11.4691
278 215 2
278 255 2.53199
278 306 4.48378
278 337 12.5483
278 432 15.2488
278 451 10.6212
278 452 16.103
278 493 7.07175
279 0 2.83882
279 145 8.94407
279 175 2.90197
279 306 33.0981
279 315 6.27943
279 379 34.2928
279 402 25.5196
280 0 21.4524
280 30 2
280 31 8.43957
280 198 17.2567
280 246 9.62958
280 306 8.68716
280 370 16.4797
280 443 14.9911
280 459 4.8325
280 468 11.2232
280 486 11.4043
281 0 15.6424
281 33 15.7596
281 84 2
281 122 5.61035
281 224 5.16627
281 290 23.5938
281 308 10.2846
281 366 13.7463
281 370 12.1184
282 0 11.0985
282 44 20.0392
282 117 11.2951
282 165 26.0309
282 224 10.6388
282 229 6.30007
282 268 7.66977
282 297 4.78119
282 356 9.69128
283 0 7.41391
283 54 10.8283
283 58 5.62274
283 88 21.4743
283 105 10.2905
283 153 12.5566
283 184 5.42548
283 265 17.5296
283 314 10.9013
283 393 2.02656
283 443 13.1176
283 454 10.2303
283 482 13.6794
284 0 12.6243
284 43 5.73904
284 62 4.92476
284 94 14.5556
284 232 5.5541
284 290 2.96383
284 306 11.6322
284 314 5.77486
284 316 9.71351
284 414 14.0758
284 435 4.66886
284 451 10.2675
285 0 4.2021
285 45 20.3244
285 128 22.9349
285 141 8.06607
285 146 5.19931
285 211 22.2273
285 220 21.1766
285 257 11.3159
285 341 12.0706
285 350 11.51
285 374 10.8826
286 0 56.0116
286 120 6.3225
286 397 36.5845
286 472 13.923
287 0 2
287 15 2
287 29 8.94657
287 49 2.94786
287 52 2
287 57 8.92747
287 117 2.09233
287 119 18.6894
287 139 7.72877
287 164 2.12441
287 221 6.90274
287 340 3.96638
287 341 3.74067
287 483 11.1597
287 490 3.58346
288 0 16.1954
288 22 4.78648
288 83 11.3182
288 89 6.41285
288 125 21.1617
288 197 7.27972
288 221 22.3892
288 306 3.71577
288 354 5.11361
288 402 6.83105
288 426 2
289 0 9.12322
289 22 6.79786
289 32 9.65395
289 34 5.92474
289 68 4.79107
289 297 9.24895
289 307 17.3628
289 439 16.5208
289 451 7.10593
290 0 18.327
290 15 7.26984
290 105 12.1923
290 266 37.0233
291 0 12.8
291 50 22.5131
291 65 8.99006
291 162 3.717
291 267 17.9777
291 342 21.5055
291 369 25.3887
291 482 27.9247
292 0 8.29963
292 142 17.4828
292 144 14.912
292 161 2
292 198 14.0229
292 221 11.577
292 231 10.2361
292 247 13.5885
292 315 23.9294
292 363 4.13671
292 432 13.4281
293 0 4.81397
293 44 8.55851
293 77 4.45431
293 88 15.4107
293 95 19.4052
293 121 21.9958
293 147 2
293 164 17.7943
293 205 2.01322
293 318 3.8778
294 0 2
294 16 5.37421
294 62 2
294 94 16.7969
294 147 16.2357
294 149 9.06071
294 234 9.48189
294 254 6.14346
294 267 7.56462
294 402 16.5996
294 407 2.92432
295 0 12.0501
295 16 11.3727
295 24 41.3222
295 246 5.18789
295 297 20.9792
295 316 17.9002
295 342 2
295 413 13.8981
296 0 14.1574
296 15 10.223
296 21 6.18764
296 28 2
296 88 14.2673
296 184 11.267
296 213 3.5496
296 229 6.73347
296 427 10.7443
296 440 17.0066
296 445 19.34
296 475 17.3945
296 494 15.2461
297 0 12.1603
297 43 6.19726
297 57 15.4988
297 235 11.7762
297 243 2.41417
297 293 22.0387
297 347 11.5772
297 370 11.9671
297 377 9.80257
297 405 16.0582
297 447 2
298 0 3.0169
298 29 36.561
298 77 29.5786
298 198 15.1071
298 432 13.6091
298 482 8.8758
299 0 7.3673
299 45 2.1228
299 78 5.90204
299 89 2
299 181 3.36556
299 187 5.41269
299 282 5.12641
299 297 6.31895
299 306 2
299 358 4.85739
299 441 9.50378
299 442 2
299 454 2.23651
299 479 5.11637
299 482 7.17271
299 490 8.19459
299 498 2
300 0 5.97136
300 31 14.6183
300 45 11.3391
300 50 9.12616
300 88 2.5097
300 133 2.10493
300 160 2.42536
300 186 20.7702
300 381 9.77009
300 416 13.1966
301 0 12.3432
301 10 5.35705
301 61 4.11358
301 83 16.5889
301 345 9.89903
301 354 9.20679
301 412 20.7564
301 468 7.53231
302 0 2.97233
302 50 6.04567
302 187 8.20711
302 236 11.4349
302 282 15.1514
302 295 15.8021
302 306 20.8646
302 417 22.6475
302 418 3.26193
302 440 10.9281
302 484 2
303 0 24.0384
303 50 2
303 57 25.8795
303 164 23.6902
303 178 12.8491
303 258 13.1072
303 268 25.2216
303 448 3.17416
304 0 19.5674
304 15 25.4139
304 69 2
304 282 11.5478
304 347 2
304 428 6.45122
304 451 18.1768
304 490 20.0025
305 0 10.4165
305 17 2
305 57 15.0862
305 77 10.1037
305 129 2
305 149 3.9737
305 339 2
305 362 6.31809
305 436 9.34927
305 441 2.67028
305 479 12.1813
305 496 12.7542
306 0 25.9374
306 83 7.46993
306 94 26.8155
306 198 6.4272
306 248 34.5561
306 426 36.0087
307 0 19.8114
307 212 6.18522
307 340 42.4043
307 408 4.49339
308 0 9.69417
308 40 13.3949
308 213 12.7549
308 266 2.80773
308 277 3.04882
308 280 6.54899
308 295 12.5447
308 399 4.74544
308 427 12.0869
308 436 16.2702
309 0 19.2983
309 44 13.401
309 77 5.67431
309 89 3.15071
309 192 23.9106
309 249 4.99838
309 423 23.1682
310 0 9.83344
310 15 15.1899
310 57 14.0456
310 95 2
310 300 24.9744
310 317 4.60862
310 445 2
311 0 17.4608
311 13 2
311 53 2.05114
311 57 27.1345
311 145 3.44533
311 153 8.2871
311 176 34.3292
311 284 18.9608
312 0 44.1883
312 147 25.4042
312 269 16.8571
313 0 6.64423
313 18 6.76804
313 44 9.89089
313 57 13.1452
313 69 15.6211
313 173 2
313 316 28.1876
313 369 13.9061
313 398 6.63299
314 0 2
314 44 19.3508
314 52 28.3394
314 346 14.9729
314 369 34.9726
314 445 8.32116
315 0 7.62541
315 149 15.8422
315 179 5.48008
315 191 2.05465
315 217 11.0101
315 267 11.9914
315 275 12.2164
315 349 17.6979
315 351 2
315 356 11.9487
315 416 16.5331
315 493 2
316 0 22.6222
316 1 10.3815
316 39 37.9696
316 82 23.8248
316 384 2
316 477 17.1993
317 0 17.4791
317 36 14.1702
317 78 4.27159
317 178 16.8265
317 268 18.6855
317 356 11.4754
317 437 7.95491
317 444 23.6374
317 492 2.24717
318 0 5.82778
318 17 2.06306
318 44 3.70166
318 57 13.7478
318 84 5.53247
318 145 2.11286
318 173 17.8807
318 249 18.0571
318 268 5.57871
318 290 7.1886
318 369 5.9087
318 476 11.2866
319 0 21.1938
319 41 20.7347
319 49 41.2528
319 153 11.6612
319 212 10.013
319 359 49.811
320 0 2
320 22 2.96919
320 57 16.2925
320 110 3.70224
320 208 9.86087
320 211 8.6942
320 280 14.7039
320 300 13.3704
320 307 5.20352
320 314 7.9232
320 437 11.0301
321 0 4.45889
321 42 12.6131
321 72 11.5813
321 84 10.1849
321 123 5.27393
321 243 2
321 268 6.47392
321 295 5.24442
321 343 8.49189
321 375 11.2508
321 384 3.82293
321 389 9.92637
321 392 5.1578
321 426 14.6042
321 487 9.01524
322 0 29.3235
322 45 32.6103
322 129 11.4367
322 132 10.2045
322 314 3.52646
322 326 30.7943
322 363 2
322 455 20.5129
323 0 21.1807
323 14 11.0548
323 93 3.19614
323 212 9.04716
323 253 2
323 268 2
323 273 17.6428
323 295 12.7349
323 341 15.1446
323 412 3.92704
324 0 13.0399
324 102 7.72634
324 142 15.7379
324 377 40.562
324 408 25.6147
324 468 11.8847
325 0 16.0711
325 44 11.4079
325 77 3.7407
325 112 19.5856
325 184 9.39382
325 268 2
325 282 8.5995
325 289 4.53794
325 302 10.2323
325 451 6.07308
325 468 2
325 470 3.01305
326 0 2
326 13 6.1704
326 50 16.0987
326 89 8.03213
326 129 11.1359
326 264 19.2369
326 297 2
326 354 9.80177
326 434 2.17624
326 479 15.9299
326 499 2.24643
327 0 4.89866
327 61 24.9011
327 69 20.5431
327 105 18.9857
327 141 14.2855
327 198 9.11024
327 333 10.9345
327 352 11.89
328 0 33.2548
328 75 12.3789
328 147 9.86575
328 198 3.11129
328 265 2
328 402 38.7478
329 0 6.80542
329 57 13.0999
329 62 28.499
329 106 2
329 156 9.41008
329 173 6.51304
329 293 19.6479
329 443 16.5903
330 0 17.1196
330 88 21.3221
330 128 8.74928
330 129 17.1881
330 177 15.8923
330 307 2
330 430 18.0127
330 433 7.50329
330 443 16.4354
331 0 21.1378
331 15 3.09603
331 18 37.0082
331 233 30.3312
331 243 7.73748
331 329 9.68598
332 0 2
332 17 17.7955
332 45 8.17466
332 98 2
332 200 5.41819
332 258 22.382
332 282 9.78302
332 313 12.7209
332 326 18.0013
332 356 3.26556
332 371 2.79163
332 450 14.7064
333 0 18.1944
333 43 12.0553
333 89 23.7491
333 90 3.13883
333 105 5.81777
333 201 2
333 232 3.41768
333 308 4.80421
333 384 15.9582
333 426 3.31575
334 0 22.8102
334 57 2
334 102 2
334 212 20.9362
334 284 13.9144
334 445 28.3372
334 493 3.71948
334 498 17.6374
335 0 24.3365
335 69 21.412
335 215 20.1983
335 352 27.7439
335 392 24.0388
335 432 10.6349
336 0 2
336 14 2
336 94 12.5806
336 101 8.43421
336 184 8.58593
336 300 24.5687
336 349 5.26928
336 350 8.9391
336 383 14.9656
336 412 15.0315
336 445 23.1524
336 482 4.30111
337 0 3.30196
337 259 27.8402
337 285 38.706
337 314 6.19946
337 337 29.7825
337 398 19.6382
337 498 22.6608
338 0 18.0893
338 18 6.25904
338 29 11.07
338 57 13.63
338 77 16.1451
338 181 2.38217
338 233 14.8216
338 255 11.6287
338 270 2
338 392 10.4749
338 393 7.65541
338 432 7.42189
338 471 9.72255
339 0 8.03919
339 42 7.93207
339 63 13.3086
339 83 2
339 102 2.2227
339 104 7.97625
339 112 9.95949
339 125 9.94858
339 147 4.13621
339 235 6.72635
339 285 2
339 290 2
339 346 2
339 410 2
339 470 12.4937
340 0 3.6926
340 45 10.9979
340 57 24.9891
340 62 20.3762
340 253 11.4515
340 346 6.66179
340 362 12.9674
340 386 5.49925
340 407 12.4901
340 425 5.30407
340 426 4.41325
340 439 4.75113
340 476 3.74748
341 0 21.4969
341 123 20.6504
341 350 17.2919
341 392 4.65461
341 407 2.33983
341 419 21.2872
341 468 14.5667
342 0 3.95358
342 33 30.155
342 61 26.4475
342 315 37.6904
342 472 24.3202
343 0 10.4379
343 36 2.36163
343 86 8.11378
343 94 2
343 105 13.5257
343 268 6.05079
343 314 10.8943
343 407 9.21418
343 433 2.49011
343 441 2
343 445 11.9724
343 468 17.1245
344 0 2
344 101 9.10048
344 136 13.9638
344 183 15.5518
344 196 12.3473
344 202 18.0898
344 280 13.1792
344 415 15.8461
344 423 13.2769
344 449 2
344 452 10.1716
344 466 8.23886
345 0 10.463
345 123 2
345 135 8.63393
345 203 5.60322
345 255 19.3476
345 297 2
345 309 2
345 315 8.6747
345 345 3.16991
345 354 18.4179
345 414 4.93792
345 423 18.4063
346 0 11.0642
346 50 8.84283
346 74 12.2096
346 90 8.43101
346 121 11.4426
346 133 9.23633
346 180 3.12591
346 214 4.29621
346 221 13.0641
346 235 4.12107
346 258 10.1248
346 284 6.43165
346 392 9.89671
346 468 9.44882
347 0 19.465
347 57 6.37013
347 125 45.3511
347 196 13.2494
347 255 10.871
347 265 12.7177
347 297 23.8774
348 0 2.27763
348 50 2
348 57 5.93525
348 83 11.5229
348 290 19.515
348 295 17.4908
348 300 10.9963
348 441 4.48523
348 458 2.62895
348 498 3.5581
349 0 4.151
349 75 10.4799
349 86 10.4359
349 88 31.5073
349 90 2
349 306 3.30034
349 369 9.77345
349 389 16.9387
349 437 4.78518
350 0 18.8591
350 40 9.75186
350 51 20.494
350 68 28.2345
350 83 20.1656
350 125 20.4815
350 196 11.5978
350 207 8.875
350 266 17.1122
350 398 12.1466
350 418 5.16372
350 445 14.1492
351 0 2
351 284 46.1639
351 391 111.735
352 0 7.50254
352 306 17.1153
352 341 14.6985
352 381 40.7671
352 426 27.0115
352 441 21.6391
353 0 2.74299
353 119 15.4211
353 149 8.95652
353 164 7.94231
353 169 10.8663
353 196 13.5657
353 226 10.6265
353 250 6.56769
353 289 10.6977
353 336 5.90018
353 445 18.7388
353 471 6.74403
354 0 17.2599
354 18 12.3804
354 44 15.8197
354 50 3.15193
354 253 28.3967
354 297 13.4644
354 337 10.7702
354 433 2.01125
354 451 4.59672
355 0 14.3079
355 139 24.8938
355 333 6.92291
355 361 51.0254
355 490 9.21953
356 0 26.2911
356 203 33.438
356 247 20.3786
356 270 11.021
356 287 6.99371
356 315 3.54624
356 331 24.1842
356 384 2.67842
356 468 2
357 0 11.6703
357 112 11.1958
357 132 3.20689
357 164 8.52189
357 183 9.5662
357 229 17.8948
357 338 4.56637
357 384 26.3143
357 452 2.02886
357 490 4.78303
358 0 5.89018
358 15 11.4806
358 100 8.57907
358 139 7.62611
358 145 7.31815
358 154 11.8241
358 203 7.84129
358 264 2
358 314 4.07387
358 326 25.3061
358 345 14.229
358 384 12.053
359 0 5.60859
359 132 19.4237
359 147 12.1848
359 182 7.29718
359 215 2.83127
359 233 19.4142
359 250 8.82268
359 255 2
359 290 3.62178
359 314 22.5706
359 408 14.9566
360 0 15.649
360 111 8.58501
360 146 16.4152
360 228 6.80209
360 243 14.9411
360 288 19.4176
360 290 7.80795
360 306 12.0136
360 347 14.021
360 371 4.92011
360 386 17.8383
360 413 8.69351
361 0 11.8628
361 24 6.00091
361 95 20.699
361 126 10.1404
361 173 2.46568
361 273 5.53965
361 315 14.598
361 345 5.98473
361 403 9.9218
361 426 3.97641
361 432 18.1572
361 440 11.4529
362 0 6.09714
362 94 2
362 121 6.70039
362 196 15.6767
362 198 2
362 209 10.007
362 234 14.095
362 240 6.70208
362 256 2
362 284 2
362 392 13.429
362 445 2.27318
362 449 15.5902
363 0 25.6254
363 145 30.566
363 153 13.6808
363 252 10.4968
363 302 26.8664
363 495 9.90635
364 0 2
364 15 3.73031
364 51 7.04303
364 121 8.14615
364 125 2.89375
364 132 5.19361
364 160 4.57036
364 253 2
364 277 8.53151
364 297 2.71619
364 318 2
364 381 6.4594
364 384 3.41267
364 386 6.43283
364 407 8.97352
364 432 6.13319
364 433 7.16789
364 484 6.41873
365 0 12.7761
365 68 14.7992
365 105 9.049
365 147 5.35627
365 213 12.6735
365 308 7.95291
365 353 2.02957
365 405 6.67413
365 440 2
365 445 6.51534
365 490 17.6599
366 0 36.6456
366 45 23.1093
366 178 25.5448
366 346 17.0793
366 368 11.2774
366 370 9.03519
366 484 14.5587
367 0 25.2525
367 22 31.9431
367 150 26.1569
367 228 22.1497
367 389 8.59602
367 454 29.8958
367 490 8.65336
368 0 3.71887
368 1 14.2642
368 44 7.96653
368 57 6.97798
368 83 7.5042
368 214 19.6489
368 234 2
368 248 8.69594
368 272 29.91
369 0 7.29199
369 12 4.57727
369 29 2.06146
369 52 2
369 57 2
369 65 5.64239
369 77 7.66697
369 160 2.20404
369 196 2.97687
369 249 6.10006
369 321 16.7352
369 349 7.80639
369 399 10.6791
369 419 2
369 441 3.32387
369 448 7.13618
369 452 10.0029
369 492 3.74398
370 0 9.80301
370 57 8.78821
370 187 30.4409
370 278 14.9133
370 295 8.84522
370 407 16.2151
370 416 21.0936
370 459 9.76123
371 0 6.96119
371 15 14.4101
371 24 17.6193
371 33 19.5935
371 77 2
371 90 7.85732
371 142 22.169
371 302 13.2622
371 389 4.94146
371 416 5.5364
371 488 22.463
372 0 19.1282
372 57 3.42036
372 69 26.8097
372 120 7.78128
372 232 10.0387
372 267 7.29186
372 358 3.58888
372 428 16.753
373 0 14.5752
373 27 13.2899
373 43 2
373 112 15.31
373 186 5.32956
373 250 2.01055
373 253 12.2392
373 358 3.03506
373 426 11.9967
373 429 18.9793
373 433 3.6598
374 0 20.8827
374 22 12.9762
374 45 13.691
374 57 11.1264
374 94 15.0387
374 130 11.9828
374 256 9.87579
374 268 26.2084
374 272 3.19263
374 340 7.62338
374 441 5.30307
375 0 23.1587
375 72 14.2851
375 97 15.6893
375 171 6.97272
375 326 8.265
375 346 13.6124
375 352 6.25023
375 423 2
375 468 23.9028
376 0 28.7627
376 57 28.156
376 215 8.21948
376 332 6.16481
376 415 30.9956
376 448 3.88655
376 489 2.74364
377 0 11.5171
377 106 2.02639
377 196 11.8734
377 221 15.7412
377 235 23.1342
377 268 21.5769
377 312 2
377 358 23.5772
377 485 12.2735
377 496 11.361
378 0 2.02639
378 12 11.0209
378 45 12.6088
378 57 17.2944
378 117 4.12852
378 217 2.12426
378 221 8.60516
378 375 7.04807
378 458 2
378 485 14.7428
379 0 29.2194
379 5 4.34477
379 50 14.091
379 197 14.8881
379 267 26.2834
379 313 4.52485
379 415 12.5785
379 469 22.962
380 0 15.6049
380 44 13.12
380 45 21.0576
380 63 9.55956
380 105 17.0716
380 121 14.2197
380 145 13.5771
380 198 14.7824
380 331 8.40524
380 444 2
381 0 9.55065
381 44 25.8665
381 108 26.8398
381 260 46.2254
381 297 24.784
381 369 26.4671
382 0 6.73778
382 10 10.6207
382 36 9.37576
382 78 2
382 113 20.7952
382 268 12.5031
382 289 24.0633
382 363 6.98031
382 384 11.2939
382 385 13.2975
382 419 8.79554
382 445 8.15443
383 0 26.6544
383 74 21.033
383 126 4.39312
383 203 21.3589
383 211 24.4659
383 303 9.48951
383 370 22.1163
383 449 15.9871
384 0 8.71653
384 3 6.80593
384 49 3.30767
384 105 6.29586
384 178 16.5022
384 232 17.952
384 284 10.9341
384 314 6.46738
384 356 13.6445
384 489 19.0043
384 490 6.92301
385 0 2.27355
385 84 12.9901
385 240 16.0791
385 272 2
385 316 16.8032
385 340 2
385 359 18.3138
385 405 4.74012
385 407 21.9218
385 419 2.52513
386 0 36.3069
386 275 2.48213
386 315 31.898
386 318 2
387 0 3.00273
387 28 25.2352
387 57 3.59662
387 74 23.1318
387 88 15.6848
387 217 5.78543
387 297 3.31887
387 307 15.9309
387 429 2.11278
387 449 35.4896
388 0 77.0108
388 16 32.7566
388 306 6.87927
388 468 41.9546
389 0 8.29252
389 26 21.8272
389 54 15.9526
389 164 15.653
389 267 10.9561
389 342 8.61972
389 451 9.66509
389 454 20.3047
390 0 4.994
390 15 2
390 39 2
390 40 16.0446
390 105 15.8721
390 154 3.08367
390 273 2
390 280 7.85723
390 356 12.9221
390 384 11.5544
390 407 9.71612
390 426 7.53525
390 475 6.72659
391 0 2
391 53 20.1154
391 57 3.54466
391 82 7.1417
391 89 7.36204
391 99 10.27
391 234 10.364
391 243 13.1511
391 302 16.1409
391 353 2
391 384 8.23619
391 402 11.4449
391 408 13.9673
391 486 5.26652
392 0 25.8209
392 1 32.5276
392 74 20.935
392 87 28.0155
392 212 22.2073
392 359 13.8378
392 440 15.7324
392 449 7.70817
393 0 10.4131
393 45 12.2849
393 53 16.7249
393 106 7.75448
393 282 18.2837
393 389 26.0917
393 437 20.5311
394 0 14.4865
394 1 5.03532
394 57 7.72253
394 89 10.1348
394 95 21.3412
394 117 19.4964
394 253 20.6238
394 257 20.3578
394 270 10.8206
394 419 4.08816
395 0 20.777
395 135 17.5689
395 227 3.75728
395 253 2.78773
395 309 2
395 346 13.5912
395 349 18.8385
395 423 23.2395
395 428 7.61516
396 0 25.6057
396 40 33.2519
396 83 23.7617
396 205 3.54396
396 426 15.061
396 468 57.3818
397 0 19.5722
397 136 2.19137
397 158 27.1004
397 186 17.9295
397 353 16.6268
397 402 10.3144
397 446 14.8157
398 0 2.15071
398 33 8.16337
398 47 4.32362
398 52 21.1149
398 146 6.94042
398 203 2.03084
398 389 4.3489
398 412 7.71107
398 443 13.1193
398 444 16.9387
398 498 6.66088
399 0 12.7265
399 16 12.7264
399 36 14.0494
399 426 8.14508
399 429 2.86658
399 437 17.7793
399 438 3.82247
399 477 8.97956
399 490 19.4055
400 0 10.8277
400 43 11.8928
400 44 10.2919
400 72 17.8519
400 100 19.3309
400 265 10.9259
400 331 2
400 382 31.2054
401 0 29.6488
401 88 26.7249
401 94 4.30097
401 175 22.2145
401 184 32.1182
401 311 14.1853
401 361 34.4524
401 412 6.57412
402 0 10.9763
402 24 13.815
402 41 13.4454
402 74 16.1947
402 268 2
402 333 8.42052
402 370 8.36085
402 391 7.57564
402 392 3.00897
402 407 5.77316
402 437 3.36519
403 0 20.7108
403 88 8.84993
403 111 16.7151
403 181 17.7656
403 228 4.00449
403 334 28.9199
403 429 5.18845
403 441 2
404 0 28.4429
404 1 6.6849
404 45 30.2029
404 65 23.2773
404 248 9.54131
404 318 7.45707
404 370 4.1461
404 443 18.5372
405 0 2
405 45 18.4016
405 57 6.79042
405 82 10.4411
405 120 18.3375
405 370 24.8905
405 407 15.1353
405 417 4.41649
405 429 10.6803
405 449 3.14434
406 0 32.3947
406 160 38.6668
406 184 28.6069
406 306 12.5823
406 373 5.32278
407 0 13.3018
407 15 7.18831
407 24 2.15607
407 29 16.4707
407 40 28.4442
407 190 2.04691
407 212 16.7577
407 214 4.68868
407 428 21.14
408 0 5.04877
408 57 43.7157
408 381 42.9544
408 407 55.4917
409 0 6.65568
409 14 3.41722
409 57 3.10674
409 62 2.74171
409 117 12.0523
409 222 19.3372
409 246 5.1052
409 270 19.0343
409 306 15.7656
409 364 14.5014
409 484 27.4033
410 0 59.9906
410 15 32.7156
410 33 17.3714
410 55 7.6772
410 210 13.0277
411 0 4.09424
411 28 16.0986
411 164 22.4522
411 173 13.3901
411 210 7.839
411 213 7.57992
411 217 28.4958
411 285 17.252
411 290 12.4669
411 340 19.1368
412 0 21.2445
412 24 26.2449
412 82 9.86866
412 186 4.54022
412 215 5.54362
412 255 12.9569
412 315 23.1529
412 441 17.9723
413 0 9.3154
413 22 19.0729
413 57 9.95671
413 62 2.41445
413 76 2
413 134 16.7619
413 217 2
413 307 7.37983
413 384 11.5331
413 407 4.26234
413 411 12.4849
413 468 5.31814
414 0 10.8767
414 40 21.4804
414 57 14.1814
414 106 6.6562
414 217 23.4481
414 243 2.48889
414 292 11.5381
414 384 15.0804
414 461 20.9595
415 0 12.7411
415 94 11.9688
415 112 19.3674
415 123 14.5114
415 203 9.05073
415 205 5.48122
415 326 14.0437
415 346 10.3797
415 384 21.858
415 440 2
415 445 7.5887
415 482 4.96737
416 0 15.4896
416 256 4.9749
416 332 6.42491
416 346 6.32062
416 447 28.6813
416 452 17.3795
416 496 19.1979
417 0 9.32228
417 14 6.5879
417 185 9.81122
417 289 31.5078
417 295 19.0603
417 307 27.5056
417 308 10.7614
417 383 9.7409
417 440 13.5236
418 0 22.1168
418 10 5.78048
418 94 17.7556
418 147 7.1955
418 270 6.6055
418 321 7.47097
418 369 9.8648
418 374 3.1375
418 459 12.5747
418 492 2
418 496 9.95512
418 499 5.35452
419 0 9.41673
419 57 6.39858
419 106 19.3791
419 135 27.3156
419 339 2.81254
419 370 2
419 441 16.1199
419 468 5.44728
420 0 6.0517
420 29 7.01184
420 84 2
420 399 11.8303
420 403 15.3694
420 423 11.5929
420 468 29.1417
421 0 24.4155
421 23 2
421 57 17.2576
421 119 20.2279
421 134 15.5218
421 160 17.4004
421 411 21.0669
421 476 5.85663
422 0 8.15337
422 1 12.3874
422 34 8.5187
422 45 7.96895
422 65 6.62752
422 123 8.28557
422 144 7.7434
422 150 11.0512
422 193 3.51754
422 217 6.65026
422 248 11.403
422 284 11.3672
422 369 2
422 429 10.5102
422 468 12.4373
423 0 16.1548
423 43 3.7602
423 123 2
423 196 8.90866
423 217 21.3582
423 240 15.359
423 317 8.45999
423 347 15.4393
423 405 11.9194
423 443 9.85401
424 0 69.3753
424 13 33.8356
424 355 62.6256
424 415 2.28987
425 0 7.38502
425 37 8.2407
425 75 10.5542
425 77 2.59862
425 306 19.6123
425 324 16.7701
425 349 18.7997
425 394 3.01858
425 416 6.02743
425 448 4.44891
426 0 19.6957
426 28 8.09079
426 94 24.2448
426 105 10.0729
426 135 21.4824
426 147 3.79709
426 376 11.9395
426 399 2
426 495 3.84946
427 0 2.52393
427 29 8.19802
427 121 12.8482
427 221 18.0513
427 253 11.5085
427 306 13.3012
427 346 14.5517
427 359 6.52149
427 425 13.4334
427 490 19.972
428 0 13.0902
428 1 2
428 153 17.831
428 234 19.5824
428 280 5.44564
428 307 27.8312
428 419 2.64842
428 444 2
429 0 3.25162
429 74 7.09231
429 77 21.1027
429 246 32.2093
429 264 12.7872
429 270 14.3697
429 407 20.9354
429 434 10.0073
430 0 2
430 39 14.8619
430 47 2.05389
430 124 11.0756
430 356 7.07751
430 440 14.9268
430 452 14.5125
430 468 27.0307
430 470 6.53226
431 0 12.8769
431 57 2
431 129 35.3529
431 297 9.47271
431 323 18.0407
431 347 33.3386
431 455 4.10541
432 0 2.04353
432 55 17.8853
432 346 15.6122
432 384 24.3653
432 445 11.3094
432 472 4.00538
432 477 2
433 0 16.5129
433 10 2.99903
433 84 14.7964
433 212 6.99588
433 316 20.4734
433 385 18.3595
433 443 22.7876
433 448 21.5736
433 459 15.6024
434 0 11.3316
434 1 21.3355
434 16 24.2944
434 48 14.1358
434 123 42.72
434 207 9.6758
434 317 19.3604
434 452 12.2338
435 0 7.82092
435 15 14.9074
435 24 14.3519
435 45 17.172
435 94 10.5959
435 119 27.4199
435 243 7.54045
435 377 8.57804
435 384 12.8508
435 407 7.80644
435 408 4.75712
436 0 6.44373
436 86 3.86921
436 161 22.5772
436 307 33.7325
436 468 22.7783
437 0 3.8076
437 15 11.8549
437 36 2
437 42 15.8629
437 52 13.085
437 149 2.84806
437 173 4.06277
437 198 14.5891
437 227 4.20774
437 394 11.168
437 398 10.1706
437 425 4.01318
437 445 2
437 472 8.40542
437 499 2.93409
438 0 12.9515
438 21 13.4372
438 75 5.70354
438 117 10.9273
438 157 16.8931
438 307 14.6407
438 350 14.8006
438 356 7.67931
438 362 11.1457
438 375 9.55605
438 486 3.78905
439 0 12.5916
439 75 36.323
439 217 49.452
439 386 20.5741
439 434 7.43549
440 0 15.5613
440 1 2.09372
440 26 14.5258
440 106 14.9304
440 172 8.79908
440 185 22.9992
440 333 27.2239
441 0 13.6923
441 16 10.8376
441 44 3.58558
441 62 5.02043
441 94 2
441 106 3.3141
441 113 7.0425
441 123 9.12479
441 141 2.4207
441 198 14.9281
441 232 3.13646
441 244 18.6928
441 306 2
441 350 2.24
441 425 4.14807
442 0 22.2132
442 87 32.7936
442 234 5.34954
442 346 44.2116
442 476 16.5149
443 0 27.0524
443 44 13.4044
443 57 40.6013
443 106 24.9752
443 111 42.3329
443 441 5.99849
444 0 5.42302
444 23 9.3095
444 26 24.9877
444 123 18.639
444 153 15.6134
444 154 23.7148
444 331 22.0941
444 345 6.32442
445 0 2.83096
445 22 42.905
445 139 22.6843
445 243 4.53849
445 295 27.1219
445 392 12.337
446 0 3.00473
446 11 10.6149
446 50 6.89001
446 62 13.7999
446 95 10.5089
446 169 4.60346
446 173 12.0419
446 183 12.5509
446 279 6.92125
446 295 12.179
446 333 6.52863
446 355 13.0186
446 429 2.46047
446 444 9.77882
447 0 3.1893
447 10 15.1811
447 77 22.4898
447 117 7.80385
447 246 13.0866
447 301 22.2904
447 346 24.3291
447 369 11.3774
447 402 11.1737
447 496 26.4206
448 0 7.99969
448 153 2.98751
448 166 5.44082
448 268 5.64011
448 314 33.6501
448 330 2.71176
448 385 8.73932
448 389 6.89964
449 0 21.7735
449 37 2.56627
449 43 30.2181
449 156 17.5556
449 268 12.6128
449 290 20.8443
449 314 30.7447
449 419 9.42701
449 468 6.74085
450 0 7.73252
450 197 9.50519
450 212 5.2135
450 217 5.07088
450 256 13.2329
450 260 3.5864
450 268 18.46
450 307 2
450 423 7.06804
450 499 5.10609
451 0 25.8132
451 104 37.3467
451 183 14.208
451 383 17.9658
451 408 2
451 448 12.1061
452 0 2
452 15 10.5753
452 24 13.5958
452 77 5.62049
452 142 14.9819
452 159 20.9908
452 244 7.64793
452 267 3.89057
452 350 2
452 423 4.74005
453 0 17.2631
453 45 5.82979
453 50 4.09214
453 69 15.1052
453 74 19.2254
453 197 5.98035
453 240 2.01538
453 270 16.8591
453 290 2
453 311 3.38996
453 347 4.22567
453 423 3.43895
453 424 15.6918
454 0 24.2132
454 27 21.0031
454 74 2.70171
454 147 13.4087
454 165 24.8804
454 169 11.6267
454 267 27.8311
454 345 3.53266
454 417 7.58983
454 498 18.6426
455 0 30.0712
455 8 2
455 238 34.1857
455 248 5.10671
455 285 26.7197
455 295 30.2635
455 366 3.97499
455 468 2
456 0 24.6526
456 24 13.7518
456 39 27.1353
456 40 27.9016
456 176 35.47
456 315 31.1207
456 451 30.0651
457 0 10.4067
457 50 10.5069
457 104 14.0533
457 125 13.7758
457 183 21.7992
457 187 20.8783
457 264 15.3372
457 411 26.1625
457 448 29.5979
458 0 24.8556
458 78 15.513
458 150 3.02181
458 212 12.3848
458 284 31.6603
458 303 33.0686
458 330 26.637
459 0 30.2652
459 306 118.971
459 333 72.4792
460 0 5.51973
460 56 13.9802
460 90 2
460 123 14.742
460 160 9.53609
460 244 16.4299
460 289 18.4516
460 297 9.82639
460 338 15.5846
460 407 16.1481
460 461 6.10637
460 468 4.73744
461 0 9.48459
461 53 23.9556
461 77 13.3409
461 108 23.7422
461 135 29.8591
461 164 11.2098
461 295 17.6076
461 354 27.7146
461 489 27.0824
462 0 14.1306
462 88 3.91186
462 101 17.4448
462 227 24.0452
462 340 31.3194
462 352 14.667
462 365 9.96509
462 368 5.59815
462 408 17.473
462 468 15.8856
463 0 16.2923
463 39 6.6591
463 105 2.92184
463 226 24.0336
463 238 31.2739
463 384 11.5525
463 490 9.39413
464 0 13.8527
464 42 19.9337
464 77 31.7866
464 88 10.9694
464 121 23.7769
464 411 31.4989
464 482 21.5335
465 0 8.74461
465 3 5.11419
465 15 28.7331
465 33 42.9232
465 83 9.18542
465 95 14.9231
465 400 6.23126
466 0 13.8331
466 33 15.1662
466 39 7.0798
466 95 6.98482
466 121 2
466 135 9.95593
466 178 2
466 209 4.89639
466 314 12.9727
466 340 19.0393
466 369 18.3593
466 459 4.93846
466 487 2.46692
467 0 21.1389
467 10 6.30523
467 15 11.5629
467 106 9.70521
467 139 15.4281
467 235 11.264
467 336 8.13878
467 498 19.2736
468 0 16.4148
468 134 7.77449
468 210 20.5985
468 268 19.0589
468 269 4.37024
468 280 2
468 343 2
468 346 20.8624
468 418 15.0621
468 440 17.7582
469 0 4.1545
469 1 8.0978
469 86 14.0368
469 98 18.9566
469 139 6.54277
469 226 3.33432
469 289 17.1244
469 299 10.8062
469 334 5.51397
469 356 13.6393
470 0 17.6245
470 36 2
470 43 20.2136
470 129 4.90544
470 346 6.14762
470 406 14.1111
471 0 15.2535
471 68 31.245
471 164 22.6176
471 178 10.3887
471 198 7.92161
471 212 2.0727
471 253 15.3899
471 434 13.4012
472 0 2
472 102 65.8929
472 329 71.2044
472 343 32.7666
472 437 41.4448
473 0 14.9504
473 78 12.0169
473 285 8.7948
473 316 28.9931
473 345 9.76919
473 349 9.99103
473 355 2.96461
473 438 2
474 0 10.3061
474 14 3.93266
474 24 6.17381
474 69 2
474 102 2.05248
474 156 3.85274
474 184 4.5447
474 307 3.41035
474 380 21.4732
474 440 3.70557
475 0 25.4699
475 19 19.2574
475 90 14.1558
475 135 8.45719
475 145 3.02352
475 210 2
475 258 11.9238
475 316 4.60971
475 386 18.3454
475 397 7.73734
475 443 13.4489
476 0 8.05189
476 94 22.6731
476 135 7.48888
476 198 28.1607
476 297 22.4592
476 355 9.44728
476 423 2
476 432 30.5718
477 0 17.8564
477 102 31.6801
477 196 2
477 203 28.3488
477 354 2.49046
477 371 40.0038
478 0 2
478 198 2.86944
478 242 9.93102
478 253 16.9742
478 338 35.4275
478 398 13.4617
478 479 2.97598
478 499 15.3243
479 0 23.1696
479 12 8.0954
479 50 7.18205
479 84 19.7348
479 243 20.826
479 264 6.90879
479 371 17.5714
479 384 12.9822
479 447 20.7902
480 0 13.8978
480 3 11.7953
480 11 2
480 45 2
480 58 4.37885
480 75 10.2156
480 84 10.9051
480 99 9.82638
480 198 10.8573
480 246 10.3009
480 261 7.14367
480 277 14.5845
480 295 3.39404
480 436 2.07478
480 449 2
481 0 32.0694
481 15 10.4279
481 57 6.53324
481 89 8.28249
481 175 16.9743
481 213 20.3294
481 345 22.0701
481 359 21.591
481 394 12.5936
482 0 2
482 11 24.654
482 65 12.8003
482 123 9.55387
482 134 8.22656
482 281 25.8923
482 443 26.346
482 481 32.2053
483 0 12.6918
483 44 17.8624
483 94 4.46177
483 114 3.9231
483 184 2
483 229 2.12367
483 290 12.2717
483 335 26.6818
484 0 17.9665
484 15 2
484 24 2
484 39 8.37279
484 88 13.9117
484 170 20.0735
484 266 2.03685
484 315 7.74606
484 486 21.1382
484 496 7.01729
485 0 23.0133
485 72 19.7925
485 215 11.8882
485 361 23.3562
485 407 24.9608
485 444 11.912
486 0 18.9494
486 11 17.661
486 215 3.17341
486 347 16.891
486 432 12.1733
486 495 30.727
487 0 26.1969
487 10 5.77577
487 76 14.8077
487 77 23.7158
487 84 14.203
487 105 34.2064
487 253 5.185
487 407 8.20943
488 0 2
488 15 9.15937
488 48 2
488 255 8.53681
488 256 19.8
488 295 8.0611
488 345 14.7797
488 423 2
488 426 5.722
488 429 13.2593
488 447 10.2502
488 454 3.92519
488 471 10.263
488 482 3.5349
489 0 27.5319
489 123 50.5869
489 164 4.54905
489 255 40.9276
489 346 30.2665
489 484 35.9025
490 0 18.6972
490 7 20.4061
490 39 25.1399
490 149 3.17691
490 156 4.27192
490 158 10.8483
490 196 6.75346
490 248 15.9929
490 326 19.7133
491 0 12.9907
491 65 7.63472
491 77 13.9575
491 101 12.6807
491 120 18.4323
491 158 2
491 178 8.46208
491 227 6.14938
491 319 17.135
491 344 5.38816
491 345 6.86407
491 384 5.74726
491 441 2.98726
492 0 6.82003
492 11 3.31796
492 74 7.93463
492 90 3.32623
492 127 3.37353
492 170 12.563
492 173 2
492 228 2
492 297 19.0124
492 357 12.9134
492 387 10.2983
492 405 14.9575
492 434 11.7061
493 0 2.92728
493 15 30.0634
493 37 18.5035
493 158 31.148
493 297 13.4718
493 400 25.1842
493 402 24.2878
494 0 20.1003
494 12 18.9933
494 24 2.39619
494 57 26.1579
494 88 19.3344
494 90 20.5658
494 316 2
494 449 6.55852
494 499 4.30104
495 0 2
495 74 4.89421
495 141 22.8646
495 314 2.82272
495 316 34.9293
495 427 7.78744
495 448 15.9784
495 468 15.4773
496 0 3.74914
496 61 2
496 104 2
496 197 8.71648
496 225 15.4993
496 250 26.556
496 482 16.4262
496 498 19.5936
497 0 15.356
497 7 12.824
497 74 12.1151
497 123 17.2329
497 147 16.262
497 243 14.8117
497 418 19.4683
497 472 18.0804
498 0 12.6289
498 39 2
498 45 2.591
498 57 8.32057
498 88 4.66844
498 90 5.68826
498 112 10.8358
498 127 2.89401
498 259 9.00301
498 270 5.24581
498 333 8.69027
498 367 5.89395
498 399 4.17864
498 426 2.14165
498 482 13.2513
498 484 3.72575
498 496 2
499 0 20.3513
499 89 4.95428
499 158 29.1823
499 345 5.18631
499 346 16.2814
499 429 36.2791
