250 250 1846
1
1
1
1
1
1
1
1
1
1
1
1
1
1
1
1
1
1
1
1
1
1
1
1
1
1
1
1
1
1
1
1
1
1
1
1
1
1
1
1
1
1
1
1
1
1
1
1
1
1
1
1
1
1
1
1
1
1
1
1
1
1
1
1
1
1
1
1
1
1
1
1
1
1
1
1
1
1
1
1
1
1
1
1
1
1
1
1
1
1
1
1
1
1
1
1
1
1
1
1
1
1
1
1
1
1
1
1
1
1
1
1
1
1
1
1
1
1
1
1
1
1
1
1
1
1
1
1
1
1
1
1
1
1
1
1
1
1
1
1
1
1
1
1
1
1
1
1
1
1
1
1
1
1
1
1
1
1
1
1
1
1
1
1
1
1
1
1
1
1
1
1
1
1
1
1
1
1
1
1
1
1
1
1
1
1
1
1
1
1
1
1
1
1
1
1
1
1
1
1
1
1
1
1
1
1
1
1
1
1
1
1
1
1
1
1
1
1
1
1
1
1
1
1
1
1
1
1
1
1
1
1
1
1
1
1
1
1
1
1
1
1
1
1
1
1
1
1
1
1
0 23 105.524
0 85 1826.63
0 205 182.003
0 245 91.7813
0 247 93.6291
1 33 35.6557
1 36 30.6263
1 65 49.3943
1 74 261.52
1 104 406.151
1 138 53.9998
1 146 30.4092
1 168 66.6854
1 195 33.2548
2 45 345.216
2 72 474.684
2 124 176.465
2 149 184.986
3 19 144.889
3 76 118.569
3 207 288.57
3 229 168.233
4 40 141.236
4 52 232.254
4 101 173.647
4 199 213.076
5 0 277.876
5 21 144.681
5 43 115.608
5 51 110.257
5 56 164.574
5 59 154.24
5 67 256.217
5 118 140.532
5 120 1355.07
5 147 99.616
5 165 372.234
5 171 216.667
5 232 199.449
6 6 124.676
6 13 100.779
6 75 67.5626
6 100 182.699
6 145 73.7372
6 162 70.9019
6 184 193.179
7 1 119.727
7 77 132.77
7 80 149.596
7 93 120.665
7 140 185.541
7 155 314.408
7 160 124.43
7 242 147.533
8 9 318.307
8 15 2732.59
8 93 250.894
8 117 780.558
8 127 230.76
8 135 341.287
8 242 387.471
9 3 226.901
9 31 202.231
9 40 278.256
9 52 599.431
9 101 227.833
9 114 194.123
9 199 177.095
10 16 937.798
10 29 440.23
10 71 171.06
10 87 278.594
10 89 250.674
10 103 180.517
10 131 193.099
10 170 202.533
10 176 306.259
10 194 186.732
10 233 220.981
11 19 13.7937
11 44 11.1923
11 76 7.27122
11 112 6.40423
11 115 6.79936
11 207 7.7038
11 229 13.7825
12 92 172.663
12 108 149.623
12 119 234.289
12 130 169.165
12 142 400.978
12 146 131.5
12 153 289.346
12 186 125.288
12 219 592.396
12 225 127.017
13 26 70.9132
13 81 128.547
13 150 65.765
13 154 59.0018
13 173 70.9056
13 174 61.3327
13 209 89.8529
13 236 62.7768
14 15 83.8182
14 93 142.868
14 127 146.112
14 135 213.316
14 239 167.349
15 109 497.414
15 137 1054.2
15 197 331.383
16 26 142.63
16 39 170.152
16 88 130.348
16 156 127.845
16 224 142.052
16 236 152.804
16 249 390.022
17 10 3886.48
17 18 318.77
17 20 1415.18
17 212 358.314
17 237 511.512
18 42 87.3114
18 166 111
18 198 407.64
19 61 122.055
19 199 132.494
20 69 115.931
20 193 66.6173
20 220 37.9399
20 223 61.3253
20 245 40.7049
21 44 287.126
21 113 668.409
21 115 301.111
21 125 449.376
21 217 276.158
22 2 117.433
22 3 281.2
22 31 88.6865
22 34 86.6613
22 40 120.302
22 52 101.732
22 78 92.0366
22 114 67.514
22 187 101.886
22 196 85.1359
23 50 604.682
23 58 360.203
23 82 423.738
23 132 236.73
23 143 197.197
23 163 431.389
23 201 525.214
23 241 191.835
23 243 276.439
24 16 1346.83
24 29 444.787
24 70 317.84
24 87 367.625
24 89 366.354
24 103 467.722
24 131 468.221
24 176 646.201
24 233 573.585
25 18 146.161
25 20 139.763
25 237 218.779
26 102 195.925
26 106 500.032
26 121 201.273
26 136 219.551
26 188 720.756
26 227 430.072
26 246 255.98
27 8 336.901
27 30 223.472
27 42 259.508
27 129 1396.08
27 166 217.193
27 178 225.97
27 190 1480.16
27 217 258.012
27 221 284.066
27 231 266.201
28 61 523.683
28 92 206.339
28 108 222.779
28 225 287.034
28 235 286.173
29 14 300.383
29 28 338.556
29 35 259.285
29 79 583.45
29 97 298.48
29 141 442.745
29 152 298.463
29 182 328.429
29 222 273.491
30 16 267.81
30 70 818.648
30 71 241.26
30 89 313.892
30 103 214.51
30 194 209.578
30 233 898.064
30 234 231.356
31 23 244.723
31 71 185.272
31 106 202.422
31 159 511.891
31 188 220.49
31 194 212.587
31 205 269.14
31 246 212.498
31 247 296.827
32 54 419.308
32 88 385.596
32 128 448.42
32 218 293.645
32 240 2285.86
33 38 161.049
33 64 150.543
33 169 223.174
33 172 319.293
34 45 1110.36
34 72 186.351
34 109 79.3182
34 124 154.656
34 149 113.734
35 45 143.658
35 72 135.025
35 109 135.817
35 124 273.714
35 134 134.053
35 149 295.853
35 175 112.264
35 230 135.305
36 77 129.828
36 80 105.568
36 98 124.467
36 156 81.6528
36 203 91.6522
36 224 89.1826
36 236 77.0586
36 249 92.0761
37 91 21.0762
37 109 18.7336
37 137 44.0905
37 197 33.2092
37 208 26.7176
38 0 238.392
38 21 111.697
38 51 98.0319
38 56 175.408
38 59 150.757
38 67 246.017
38 118 148.747
38 120 216.134
38 133 66.5848
38 147 89.9724
38 165 419.051
38 171 111.991
38 185 71.3996
38 232 148.949
39 106 141.718
39 121 143.9
39 246 238.951
39 247 250.585
40 46 137.106
40 58 94.6894
40 60 63.2598
40 75 51.3142
40 132 93.8241
40 201 75.7648
40 211 85.9452
40 241 151.658
41 62 46.4359
41 84 41.4752
41 86 37.6516
41 139 56.9846
41 175 21.4743
41 177 24.6264
41 206 33.3145
41 215 33.9933
42 11 91.923
42 18 151.449
42 20 54.5198
42 99 176.377
42 156 74.2652
42 212 55.5085
42 224 64.5605
42 228 90.4813
43 54 443.348
43 95 251.042
43 96 321.079
43 111 399.193
43 128 432.101
43 218 579.647
43 240 241.778
44 65 67.0364
44 74 115.972
44 104 120.907
44 168 96.1921
44 185 72.2517
44 232 59.73
45 8 933.325
45 42 476.02
45 129 369.465
45 166 299.998
45 190 384.24
45 217 291.494
45 231 176.537
46 46 520.05
46 58 360.372
46 60 270.282
46 75 362.773
46 103 279.628
46 132 330.021
46 201 331.207
46 211 839.871
46 233 260.403
46 241 432.69
47 10 120.734
47 11 225.086
47 18 276.788
47 20 135.153
47 99 231.09
47 156 159.715
47 191 116.348
47 212 187.229
47 224 141.11
47 228 416.276
48 98 7.43525
48 203 8.55774
49 3 548.705
49 31 556.586
49 40 982.395
49 52 4137.04
49 78 380.653
49 101 521.348
49 114 496.221
50 46 246.096
50 50 322.205
50 58 418.228
50 60 265.377
50 82 326.5
50 105 383.372
50 132 722.654
50 163 206.038
50 201 313.188
50 241 414.883
50 243 355.058
51 23 68.8692
51 69 39.6129
51 85 92.5421
51 159 38.5498
51 205 91.1257
51 234 37.3487
51 245 37.607
51 247 35.9033
52 16 99.0727
52 23 94.1206
52 70 93.4079
52 71 251.942
52 89 288.718
52 159 123.843
52 194 524.616
52 233 82.1286
52 234 131.016
53 1 102.034
53 9 145.463
53 15 411.496
53 93 132.757
53 117 203.395
53 127 119.737
53 135 122.668
53 242 303.221
54 6 563.914
54 13 387.383
54 48 272.494
54 57 245.173
54 100 849.366
54 145 249.146
54 162 245.762
54 184 772.955
55 4 401.881
55 37 372.265
55 64 304.98
55 83 475.403
55 136 220.442
55 169 209.386
55 170 243.29
55 188 222.745
55 226 417.515
55 227 438.725
56 45 158.043
56 72 120.546
56 90 130.755
56 109 122.729
56 124 118.965
56 183 127.404
56 189 192.55
56 248 164.78
57 25 174.868
57 94 272.484
57 134 1143.17
57 149 149.351
57 175 249.404
57 179 343.807
57 182 217.865
57 186 150.339
57 222 193.421
57 230 247.528
58 26 425.978
58 39 417.911
58 209 307.758
58 236 352.636
58 249 758.073
59 48 284.432
59 140 255.709
59 150 571.852
59 155 241.853
59 160 577.753
59 173 346.205
59 180 416.015
59 204 387.65
59 236 285.598
60 23 1476.4
60 71 215.168
60 85 160.394
60 89 144.267
60 159 317.751
60 194 205.159
60 205 288.722
60 234 240.168
60 247 144.766
61 24 293.899
61 91 167.802
61 137 203.425
61 167 131.425
61 197 821.525
62 45 94.3984
62 72 122.066
63 77 250.517
63 80 222.104
63 98 202.473
63 156 213.693
63 224 238.196
63 236 317.705
63 249 648.99
64 19 69.2889
64 44 67.5992
64 112 150.295
64 113 65.2267
64 115 164.325
64 229 66.3141
65 4 2.56765
65 83 2.37339
65 106 3.28606
65 136 2.85131
65 188 3.91618
65 227 4.79811
65 246 2.39257
66 22 137.546
66 81 159.895
66 90 219.073
66 150 142.595
66 154 259.75
66 173 187.028
66 174 281.585
66 180 133.267
66 183 148.574
66 189 142.907
67 64 337.366
67 123 367.67
67 169 584.005
67 172 259.888
68 25 295.843
68 45 1988.08
68 72 1304.1
68 109 350.8
68 124 877.015
68 149 819.566
68 230 325.346
69 2 124.369
69 3 365.529
69 31 188.386
69 34 127.534
69 40 335.399
69 52 294.248
69 78 156.776
69 101 128.017
69 114 142.019
69 187 114.657
69 196 116.903
70 4 442.03
70 37 87.3992
70 64 108.585
70 83 99.0816
70 123 82.3814
70 136 92.9123
70 169 77.2838
70 226 396.66
70 227 90.2938
71 25 255.341
71 27 449.281
71 28 2763.4
71 32 287.439
71 47 257.241
71 66 479.113
71 141 275.416
71 200 451.204
71 222 309.377
72 16 52.2557
72 29 87.1444
72 37 56.9515
72 87 150.875
72 131 59.4454
72 151 80.7831
72 169 51.8246
72 170 83.3044
72 176 85.7865
73 33 164.094
73 36 132.517
73 65 197.335
73 74 618.22
73 104 838.921
73 138 296.823
73 146 140.885
73 148 137.516
73 168 269.569
73 195 143.912
74 1 129.857
74 6 468.437
74 13 201.07
74 48 150.462
74 100 462.588
74 184 184.406
75 15 135.224
75 93 221.939
75 117 89.948
75 127 183.942
75 135 152.521
75 239 123.812
75 242 87.2501
76 17 598.207
76 102 468.915
76 121 318.891
76 164 255.89
76 181 2700.47
77 53 122.632
77 110 88.4697
77 158 81.5302
77 161 92.808
77 166 97.8797
77 198 129.591
78 36 721.465
78 104 192.567
78 130 471.24
78 138 244.336
78 142 276.051
78 146 509.717
78 153 436.612
78 168 250.553
78 195 584.2
78 219 233.216
79 67 303.988
79 104 229.406
79 168 245.957
79 177 229.537
79 185 663.678
79 232 399.434
80 109 196.154
80 137 213.582
80 189 174.377
80 208 202.306
80 238 206.48
80 248 199.376
81 23 843.978
81 71 280.779
81 85 255.984
81 159 548.715
81 194 283.576
81 205 572.966
81 234 292.662
81 247 266.015
82 50 320.519
82 58 257.808
82 82 246.96
82 132 165.864
82 143 140.001
82 163 299.751
82 201 414.349
82 241 140.228
82 243 174.546
83 16 348.324
83 23 291.91
83 70 404.672
83 71 1017.03
83 89 2871.85
83 159 321.467
83 194 949.886
83 233 328.634
83 234 505.355
84 67 226.705
84 118 112.384
84 120 122.119
84 165 120.732
84 177 118.469
84 185 469.065
84 232 319.14
85 137 231.981
85 183 233.723
85 189 280.119
85 208 415.797
85 238 525.37
85 244 286.593
85 248 378.183
86 1 245.623
86 6 285.105
86 48 669.076
86 57 247.692
86 100 295.052
86 140 293.147
86 150 245.901
86 160 249.031
86 180 289.877
86 184 376.195
86 204 331.239
87 8 484.176
87 42 356.865
87 129 428.802
87 166 318.177
87 190 443.432
87 217 222.953
87 231 351.253
88 69 25.9078
88 85 27.1073
88 157 31.1429
88 158 25.488
88 192 49.1975
88 245 49.9263
89 2 458.355
89 3 507.204
89 31 238.26
89 34 449.304
89 35 247.879
89 40 257.986
89 52 189.505
89 78 340.412
89 79 189.624
89 152 201.78
89 187 488.544
89 196 527.644
90 38 36.8215
90 172 87.8743
91 25 11.1212
91 27 10.9584
91 45 11.6735
91 72 16.1691
91 149 10.2474
92 8 244.854
92 44 238.361
92 55 402.217
92 113 424.078
92 125 808.405
92 129 254.833
92 190 255.254
92 217 885.751
93 46 538.222
93 58 177.528
93 60 609.085
93 75 199.294
93 132 221.445
93 145 228.696
93 208 177.683
93 211 228.631
93 238 185.369
93 241 290.941
93 244 301.976
94 41 54.07
94 50 54.7275
94 82 62.3185
94 143 70.4916
94 144 125.389
94 163 50.3738
94 202 78.0234
94 210 90.4741
94 216 59.2838
94 243 75.4028
95 11 203.783
95 77 301.347
95 80 253.862
95 98 323.205
95 156 263.409
95 203 236.086
95 224 294.297
95 236 215.064
95 249 282.502
96 69 45.9422
96 110 41.0861
96 157 67.5711
96 158 46.269
96 192 92.4192
96 223 40.4499
96 245 105.372
97 25 354.101
97 94 745.872
97 134 1096.43
97 175 436.849
97 179 744.158
97 182 550.356
97 186 340.689
97 222 431.558
97 230 469.88
98 19 617.639
98 44 372.469
98 112 490.97
98 115 432.68
98 207 314.102
98 229 836.542
99 3 33.1842
99 40 37.1206
99 52 63.5989
99 61 29.8938
99 101 31.2454
99 199 29.4949
100 54 203.969
100 88 259.998
100 128 210.326
100 191 304.255
100 240 335.873
101 1 655.378
101 6 363.166
101 9 561.634
101 13 324.695
101 38 463.351
101 100 302.404
101 117 305.563
101 242 377.439
102 29 427.718
102 37 572
102 64 408.491
102 83 455.118
102 87 560.843
102 169 413.056
102 170 1090.34
102 176 282.611
103 26 168.991
103 81 241.616
103 150 180.914
103 173 185.635
103 174 142.934
103 180 143.608
103 209 202.865
103 236 178.141
104 30 112.545
104 51 72.8399
104 55 82.8547
104 126 68.7195
104 129 77.2756
104 133 81.8592
104 147 68.3506
104 178 71.6882
104 190 75.5942
104 221 317.117
105 24 229.695
105 91 143.982
105 109 137.136
105 137 434.297
105 197 433.209
106 52 128.731
106 61 213.973
106 199 147.272
106 235 132.154
107 36 614.325
107 62 248.736
107 104 216.834
107 139 263.38
107 146 227.666
107 153 232.494
107 168 345.992
107 177 251.685
107 195 673.199
108 36 353.532
108 62 184.38
108 74 188.409
108 104 233.941
108 139 187.833
108 146 177.55
108 168 462.097
108 177 218.616
108 185 191.299
108 195 421.705
109 67 370.805
109 120 220.941
109 165 211.314
109 177 216.301
109 185 780.611
109 232 526.294
110 92 277.045
110 94 269.22
110 108 258.659
110 119 332.747
110 142 256.593
110 152 217.884
110 153 256.47
110 175 232.237
110 179 345.754
110 186 572.632
110 213 353.212
110 219 298.027
111 10 101.823
111 11 92.9791
111 18 951.009
111 20 124.899
111 99 120.807
111 156 76.4851
111 212 113.383
111 228 116.264
111 237 87.7734
112 17 729.743
112 102 731.981
112 106 436.704
112 121 3132.81
112 164 291.928
112 181 494.879
112 246 642.576
113 6 96.7639
113 13 153.847
113 75 109.17
113 100 95.1881
113 103 122.997
113 131 153.075
113 151 245.969
113 162 317.568
113 176 101.97
114 8 12.9652
114 42 11.2311
114 55 15.4905
114 113 9.99452
114 125 13.446
114 129 17.2375
114 190 17.2726
114 217 40.6306
114 221 10.7959
115 25 289.837
115 27 1526.53
115 28 307.72
115 66 321.688
115 200 257.313
115 222 246.344
115 230 193.994
116 77 209.31
116 93 214.319
116 98 385.097
116 127 222.471
116 203 737.076
116 239 214.018
117 62 44.6444
117 84 124.979
117 86 41.3151
117 109 53.0826
117 137 39.6722
117 139 46.0657
117 206 42.9873
117 215 42.5569
118 0 178.94
118 43 188.782
118 67 206.069
118 120 272.062
118 165 192.056
118 171 215.575
118 232 219.681
119 58 49.9864
119 70 73.071
119 201 58.8767
119 211 45.1448
119 233 66.8923
120 8 156.974
120 42 201.554
120 166 286.145
120 198 564.335
121 19 537.839
121 44 260.411
121 112 264.733
121 115 255.914
121 207 171.106
121 229 958.602
122 30 630.346
122 126 282.359
122 129 220.198
122 178 332.567
122 190 215.003
122 221 467.29
123 62 106.851
123 68 65.1918
123 84 49.8638
123 139 83.2613
123 167 44.159
123 177 148.756
123 185 44.7437
123 206 210.3
123 215 210.58
124 41 375.352
124 50 1262.64
124 58 374.072
124 82 1596.78
124 132 325.079
124 143 649.336
124 144 298.568
124 163 965.875
124 201 408.204
124 202 311.232
124 216 311.327
124 243 938.814
125 12 115.962
125 32 77.1949
125 66 106.344
125 95 70.5573
125 96 83.598
125 116 242.991
125 122 215.529
125 200 110.473
126 3 213.932
126 31 171.196
126 40 237.45
126 52 427.751
126 101 175.122
126 114 158.063
127 1 512.996
127 48 528.288
127 80 293.887
127 140 1928.61
127 155 919.179
127 160 395.939
127 242 377.205
128 9 297.214
128 15 1085.42
128 93 193.524
128 117 1028.42
128 127 179.914
128 135 280.083
128 242 310.226
129 32 285.63
129 47 114.841
129 66 104.577
129 95 763.011
129 96 151.984
129 111 168.733
129 122 112.73
129 200 121.984
130 22 189.843
130 57 287.913
130 90 116.056
130 150 189.21
130 154 155.656
130 173 265.445
130 174 152.139
130 180 324.5
130 183 121.514
130 184 102.089
130 204 320.631
131 33 57.0051
131 65 95.3261
131 74 612.297
131 104 227.226
131 138 74.8724
131 168 84.9532
132 50 474.104
132 58 604.794
132 70 275.715
132 82 397.606
132 132 370.736
132 163 457.831
132 201 1068.23
132 241 335.843
132 243 311.11
133 112 192.654
133 113 137.388
133 115 207.93
134 62 207.546
134 68 59.8582
134 84 64.4016
134 139 180.548
134 177 241.719
134 185 65.1073
134 206 149.289
134 215 162.499
135 3 152.118
135 31 525.665
135 34 151.693
135 40 250.175
135 52 157.093
135 63 175.059
135 73 119.587
135 78 246.288
135 101 204.987
135 107 137.434
135 114 590.113
135 196 122.279
136 28 272.659
136 32 213.115
136 47 270.585
136 66 184.699
136 97 217.14
136 141 228.917
136 200 200.103
137 17 1259.12
137 102 2041.65
137 106 398.161
137 121 709.208
137 136 371.586
137 164 506.36
137 181 625.631
137 246 372.48
138 4 121.479
138 17 121.882
138 102 134.644
138 106 231.022
138 121 125.149
138 136 184.08
138 164 125.604
138 188 196.53
138 227 193.711
138 246 133.253
139 45 280.503
139 72 223.457
139 90 177.297
139 124 163.842
139 149 141.13
139 154 140.236
139 174 140.315
139 183 148.582
139 189 207.935
139 248 156.766
140 88 267.131
140 191 727.19
140 212 492.599
140 228 399.352
141 3 164.841
141 31 116.57
141 40 160.875
141 52 237.966
141 61 112.388
141 101 109.107
142 30 69.1186
142 51 31.4553
142 126 63.4248
142 147 35.9819
142 167 31.4315
142 178 50.5805
142 221 36.0067
143 30 27.7658
143 55 56.2197
143 129 29.6902
143 133 37.0803
143 190 29.1428
143 217 26.358
143 221 57.2882
144 85 530.555
144 205 199.457
144 245 220.862
145 11 403.547
145 98 268.836
145 99 386.932
145 156 747.27
145 203 193.061
145 224 764.479
145 228 219.66
146 0 232.687
146 51 305.665
146 56 321.309
146 59 295.142
146 67 275.2
146 68 367.098
146 118 420.961
146 147 406.048
146 165 244.94
146 167 274.555
146 185 243.861
146 232 243.755
147 6 282.967
147 13 259.751
147 57 210.218
147 75 239.074
147 100 367.846
147 145 295.188
147 162 220.83
147 184 529.878
148 22 553.495
148 57 271.131
148 90 562.783
148 145 184.443
148 154 418.86
148 173 194.65
148 174 382.917
148 180 172.372
148 183 9505.75
148 189 549.128
148 204 170.067
148 238 188.942
148 248 430.048
149 17 823.537
149 102 1023.94
149 106 405.779
149 121 539.842
149 136 518.148
149 164 723.982
149 181 561.139
149 246 348.734
150 41 5.61504
150 126 5.54909
150 143 5.96303
150 144 107.394
150 178 5.84286
150 202 10.5777
150 210 25.6506
150 216 6.96834
150 231 6.83811
151 8 420.696
151 42 151.587
151 129 58.33
151 166 91.9676
151 190 60.1083
151 198 38.4072
151 217 48.4007
151 231 39.7682
152 12 369.701
152 26 397.539
152 39 1050.27
152 54 343.975
152 96 264.73
152 122 260.331
152 128 342.941
152 209 304.313
152 218 299.179
152 240 276.873
152 249 251.48
153 48 270.84
153 77 220.728
153 80 254.811
153 140 327.202
153 150 207.359
153 155 333.872
153 160 2466.15
153 180 186.704
153 204 186.774
153 236 180.951
154 191 295.388
154 212 346.148
154 228 191.699
155 41 311.972
155 144 259.732
155 161 1641.88
155 202 415.681
155 210 316.807
155 216 472.615
155 231 491.079
156 10 203.325
156 20 197.738
156 237 379.854
157 16 916.781
157 29 345.696
157 70 445.463
157 71 316.153
157 87 287.321
157 89 488.344
157 103 389.522
157 131 358.401
157 176 415.422
157 194 307.327
157 233 965.399
158 25 252.481
158 27 127.246
158 45 165.544
158 72 230.066
158 124 164.814
158 134 138.576
158 149 331.097
158 222 139.717
158 230 314.774
159 203 97.0251
159 239 104.467
160 64 35.4293
160 123 32.3513
160 169 63.9301
160 172 32.4273
161 17 1339.03
161 102 1135.5
161 106 295.51
161 121 537.231
161 136 342.812
161 164 615.18
161 181 1697.06
161 246 297.997
162 0 59.2762
162 21 42.3554
162 43 51.3681
162 56 43.5074
162 59 41.9849
162 67 67.2759
162 120 113.166
162 165 65.631
162 171 70.7441
162 232 67.9395
163 15 190.645
163 93 250.593
163 127 229.487
163 140 168.198
163 155 216.756
163 239 167.495
163 242 230.615
164 25 180.09
164 27 388.58
164 28 237.433
164 66 480.983
164 116 192.135
164 200 340.201
165 0 146.467
165 43 163.1
165 67 149.101
165 120 243.238
165 165 155.877
165 171 197.423
165 232 149.821
166 38 251.946
166 87 164.72
166 131 137.135
166 151 285.313
166 172 170.091
166 176 148.689
167 36 70.7276
167 86 128.3
167 153 84.2988
167 175 116.977
167 179 78.4169
167 195 64.8576
168 21 208.278
168 51 177.511
168 55 303.634
168 59 161.729
168 133 443.762
168 221 197.862
169 50 1084.37
169 58 515.416
169 82 717.486
169 132 350.971
169 143 308.789
169 163 694.735
169 201 706.44
169 241 281.739
169 243 445.568
170 29 175.692
170 37 170.192
170 38 142.808
170 64 164.862
170 83 149.812
170 87 247.355
170 151 163.947
170 169 202.042
170 170 233.915
170 172 152.61
170 176 153.622
171 169 174.152
171 172 292.516
172 37 30.9042
172 64 51.4077
172 83 28.0586
172 87 22.4032
172 123 21.9045
172 169 92.0855
172 170 32.2259
172 226 21.4316
173 67 148.251
173 120 162.32
173 232 167.644
174 32 211.596
174 49 209.564
174 54 209.865
174 95 410.722
174 96 300.026
174 111 4233.74
174 128 204.211
174 218 270.851
175 3 95.7182
175 40 95.0574
175 52 132.02
175 61 141.3
176 53 548.872
176 110 901.212
176 157 1048.57
176 158 785.979
176 192 429.87
176 220 294.938
177 18 127.153
177 99 126.133
178 36 46.1416
178 130 108.934
178 138 28.0811
178 142 50.5092
178 146 75.9749
178 153 80.022
178 168 24.2277
178 195 40.861
178 219 39.2002
179 23 660.673
179 69 364.752
179 71 301.648
179 85 309.206
179 159 277.944
179 194 258.793
179 205 348.266
179 234 421.708
179 245 259.805
180 41 261.907
180 50 213.153
180 82 241.665
180 143 443.856
180 144 280.469
180 163 224.424
180 202 302.232
180 210 250.306
180 216 258.144
180 243 256.592
181 37 53.2886
181 64 129.93
181 83 50.8852
181 123 57.5262
181 169 2104.32
181 170 50.4209
181 226 49.1622
182 24 748.907
182 91 345.877
182 137 257.947
182 167 309.964
182 197 539.158
183 91 516.5
183 105 220.148
183 197 155.549
183 243 137.852
184 11 184.102
184 18 147.129
184 98 319.713
184 99 270.917
184 156 213.689
184 203 237.356
184 224 202.459
185 81 321.943
185 116 193.664
185 209 188.58
186 4 168.485
186 29 217.901
186 37 612.785
186 64 220.378
186 83 744.63
186 87 194.678
186 169 167.407
186 170 345.359
186 188 188.336
186 226 187.27
186 227 331.49
187 16 362.456
187 29 1315.18
187 37 297.868
187 83 259.193
187 87 2634.57
187 103 224.864
187 131 271.808
187 151 254.753
187 170 475.369
187 176 515.178
188 19 57.052
188 44 126.792
188 55 40.6907
188 112 31.8669
188 113 53.1374
188 115 38.5207
188 125 51.5003
188 229 46.5585
189 62 1.7202
189 68 1.60603
189 139 1.63911
189 177 3.08839
189 185 1.94555
189 206 1.82242
189 215 1.84063
189 232 1.46259
190 112 310.441
190 115 259.019
191 53 143.677
191 69 157.042
191 110 488.401
191 157 295.906
191 158 179.652
191 192 170.685
191 193 170.705
191 220 279.093
191 223 270.286
191 245 180.144
192 26 54.0452
192 39 31.089
192 81 67.7874
192 209 73.7741
192 236 36.6304
192 249 29.414
193 50 398.811
193 58 237.438
193 82 494.594
193 91 263.52
193 105 349.801
193 132 248.345
193 143 283.014
193 144 269.424
193 163 278.969
193 201 227.806
193 210 229.614
193 243 911.299
194 9 333.28
194 38 632.662
194 172 1612.69
195 14 106.473
195 28 141.153
195 47 114.506
195 79 117.662
195 97 161.398
195 141 240.505
196 10 28.2507
196 20 23.6559
196 237 22.5694
197 41 353.588
197 50 261.277
197 69 241.758
197 82 247.237
197 143 359.862
197 163 431.319
197 193 703.744
197 216 242.497
197 220 466.464
197 223 408.238
198 8 354.263
198 42 535.176
198 166 518.782
198 198 324.218
198 217 202.235
199 14 62.2135
199 28 87.4943
199 32 51.2518
199 47 73.7255
199 66 49.8564
199 79 66.6394
199 97 97.9532
199 141 135.882
199 200 51.3754
200 14 51.7791
200 27 48.9932
200 28 105.061
200 32 46.9795
200 47 59.5538
200 66 50.5363
200 79 61.0495
200 97 72.1089
200 141 96.8267
200 200 51.2154
200 222 47.9606
201 0 89.9022
201 21 68.5564
201 51 65.5634
201 56 258.745
201 59 271.792
201 67 36.0139
201 118 87.1668
201 120 39.2629
201 133 32.0356
201 147 47.8707
201 165 75.0953
201 171 34.7907
201 232 27.8788
202 26 141.55
202 81 236.631
202 150 116.588
202 173 121.774
202 209 180.643
202 236 124.143
203 16 41.2982
203 29 21.0162
203 70 41.417
203 71 34.264
203 89 70.6573
203 176 21.1589
203 194 31.8314
203 233 46.0541
203 234 26.6863
204 50 253.706
204 58 197.317
204 82 287.937
204 91 338.181
204 105 563.829
204 132 228.165
204 243 411.664
205 32 308.2
205 47 884.409
205 49 337.361
205 95 250.937
205 97 333.151
205 141 255.104
206 54 287.733
206 88 308.049
206 128 298.263
206 191 297.628
206 218 240.508
206 240 476.16
207 6 352.56
207 13 854.136
207 38 215.305
207 75 210.841
207 100 325.694
207 103 192.777
207 131 218.249
207 151 355.816
207 162 426.116
208 41 195.746
208 69 282.633
208 110 218.693
208 157 176.372
208 193 561.507
208 220 632.638
208 223 3623.99
208 245 212.155
209 92 542.459
209 108 453.839
209 119 874.615
209 142 357.017
209 153 277.126
209 186 338.629
209 213 299.185
209 219 473.501
209 225 305.785
210 24 423.357
210 91 286.805
210 126 347.864
210 167 303.37
210 178 288.458
210 197 297.334
211 41 643.621
211 50 201.946
211 82 203.516
211 143 694.522
211 144 161.129
211 161 167.628
211 163 320.839
211 193 214.106
211 202 226.962
211 210 164.126
211 216 298.979
211 220 260.511
211 223 186.331
211 243 178.304
212 22 637.208
212 57 352.53
212 90 967.898
212 145 254.494
212 154 606.512
212 173 273.034
212 174 560.059
212 183 3045.3
212 189 1119.8
212 238 279.046
212 248 687.553
213 11 202.695
213 18 398.288
213 20 198.74
213 99 322.543
213 156 190.201
213 228 191.082
213 237 200.592
214 123 107.635
214 169 98.5877
214 172 109.228
215 54 363.099
215 96 136.418
215 111 124.476
215 128 361.591
215 218 351.578
215 240 154.151
216 41 206.394
216 82 129.414
216 143 225.103
216 144 421.595
216 161 146.157
216 163 126.965
216 202 586.399
216 210 433.776
216 216 287.851
216 231 158.351
216 243 137.702
217 62 471.993
217 68 889.604
217 84 324.449
217 139 405.382
217 167 449.724
217 177 660.225
217 185 352.918
217 206 722.872
217 215 695.768
218 10 314.161
218 11 381.535
218 18 516.576
218 20 343.186
218 99 363.532
218 156 289.324
218 191 308.922
218 212 667.222
218 224 263.746
218 228 742.804
219 25 113.257
219 27 127.039
219 28 49.7376
219 66 48.1873
219 72 48.7674
219 149 44.1036
219 200 41.6542
219 222 63.4895
219 230 64.8197
220 0 483.599
220 21 308.465
220 51 328.415
220 56 525.738
220 59 444.355
220 67 1291.76
220 118 553.232
220 120 460.55
220 147 332.241
220 165 617.217
220 171 287.302
220 185 327.929
220 232 683.338
221 61 262.207
221 199 203.611
221 235 184.26
222 46 17.6982
222 50 22.9463
222 58 49.802
222 60 16.1368
222 82 21.6496
222 105 16.977
222 132 87.144
222 163 14.8072
222 201 29.725
222 241 34.3829
222 243 20.5316
223 24 122.456
223 91 115.819
223 137 74.9361
223 197 231.708
225 35 387.18
225 79 325.957
225 94 1039.73
225 134 318.688
225 152 520.971
225 179 379.458
225 182 1104.76
225 186 413.255
225 213 385.738
225 222 397.725
225 230 272.479
226 46 295.837
226 75 507.775
226 103 369.169
226 131 267.267
226 162 261.103
226 211 1397.16
226 233 243.492
226 241 229.564
227 19 203.864
227 44 175.177
227 112 212.897
227 113 93.3338
227 115 404.35
227 125 74.081
227 229 171.894
228 19 98.9265
228 43 163.898
228 76 346.186
228 133 109.669
228 171 111.909
228 207 144.115
228 229 100.031
229 18 198.151
229 99 203.426
230 33 87.3377
230 36 75.0662
230 130 172.889
230 138 133.017
230 142 89.364
230 146 225.528
230 148 146.843
230 153 81.3607
230 195 73.9547
230 219 75.24
231 77 110.991
231 80 120.139
231 93 138.293
231 127 131.232
231 140 113.494
231 155 161.644
231 203 110.486
231 239 101.514
231 242 117.981
232 41 7.42877
232 53 9.06591
232 110 47.3351
232 157 11.506
232 158 9.37964
232 161 9.30364
232 216 7.23583
232 220 9.86505
232 223 8.23669
233 72 230.878
233 81 197.712
234 77 77.5906
234 80 78.3159
234 150 82.8118
234 160 97.3944
234 236 250.967
234 249 87.7853
235 46 266.705
235 58 175.334
235 60 615.995
235 105 186.302
235 132 272.687
235 201 139.74
235 208 179.986
235 238 140.944
235 241 307.468
235 244 193.005
236 25 54.6901
236 27 58.7163
236 45 38.4378
236 66 37.4546
236 72 52.8948
236 149 38.508
236 230 41.7531
237 36 19.6905
237 130 15.1416
237 138 7.6839
237 142 11.7014
237 146 13.7723
237 153 23.9225
237 168 7.99362
237 195 15.9015
237 219 10.1382
238 45 333.801
238 72 252.19
238 109 1663.35
238 124 546.628
238 137 273.131
238 149 303.07
239 48 436.171
239 80 311.561
239 140 388.281
239 150 561.822
239 155 354.045
239 160 996.096
239 173 371.18
239 180 471.162
239 204 461.462
239 236 316.271
240 62 119.66
240 84 337.057
240 86 110.535
240 109 145.204
240 137 107.939
240 139 123.402
240 206 115.412
240 215 114.216
241 81 268.439
241 90 257.432
241 154 253.428
241 174 263.923
242 4 241.546
242 37 430.992
242 64 242.562
242 83 572.447
242 170 267.594
242 188 242.486
242 226 251.884
242 227 573.877
243 93 388.964
243 98 368.515
243 127 404.917
243 203 568.179
243 239 365.048
244 49 123.761
244 95 110.324
244 111 215.678
245 6 552.712
245 13 1627.56
245 38 270.578
245 75 317.005
245 100 533.465
245 103 266.834
245 131 293.687
245 151 422.174
245 162 626.66
246 3 99.4975
246 31 266.554
246 34 109.679
246 40 134.535
246 52 69.6101
246 63 74.6331
246 73 56.6616
246 78 300.865
246 101 65.7972
246 107 67.0411
246 114 113.623
246 196 79.7577
247 28 186.013
247 35 209.8
247 79 252.744
247 94 286.784
247 141 164.72
247 152 271.881
247 182 554.779
247 186 171.814
247 213 175.654
247 222 265.519
248 24 1523.33
248 68 291.108
248 91 334.997
248 137 302.509
248 167 444.11
248 197 556.66
249 36 158.373
249 92 108.106
249 119 127.103
249 130 451.589
249 138 110.846
249 142 404.28
249 146 256.898
249 153 494.594
249 195 143.054
249 219 267.756
