150 150 1070
1
1
1
1
1
1
1
1
1
1
1
1
1
1
1
1
1
1
1
1
1
1
1
1
1
1
1
1
1
1
1
1
1
1
1
1
1
1
1
1
1
1
1
1
1
1
1
1
1
1
1
1
1
1
1
1
1
1
1
1
1
1
1
1
1
1
1
1
1
1
1
1
1
1
1
1
1
1
1
1
1
1
1
1
1
1
1
1
1
1
1
1
1
1
1
1
1
1
1
1
1
1
1
1
1
1
1
1
1
1
1
1
1
1
1
1
1
1
1
1
1
1
1
1
1
1
1
1
1
1
1
1
1
1
1
1
1
1
1
1
1
1
1
1
1
1
1
1
1
1
0 11 300.329
0 13 255.325
0 15 382.007
0 25 250.153
0 50 376.871
0 115 398.669
0 116 222.367
1 4 641.083
1 6 263.166
1 32 285.371
1 94 219.237
1 111 289.702
1 126 414.644
1 136 209.036
1 144 238.683
2 8 6.93334
2 9 35.5935
2 23 11.1114
2 36 30.5424
2 40 6.21467
2 65 25.9222
2 126 6.35108
3 31 72.6698
3 42 45.002
3 63 69.6968
3 75 58.4211
3 90 59.8516
3 108 68.3344
4 0 201.321
4 67 201.753
4 73 184.709
4 92 156.84
4 99 337.278
4 100 561.306
4 114 284.683
4 140 212.609
5 28 525.452
5 44 304.267
5 61 274.339
5 84 270.685
5 112 523.661
5 135 1243.18
5 149 387.125
6 11 105.15
6 41 197.304
6 50 85.2836
6 68 82.4555
6 69 86.8815
6 78 140.881
6 81 139.526
6 105 85.9182
6 106 242.951
6 127 97.1647
6 130 361.588
6 139 128.501
7 27 505.748
7 52 63.2329
7 55 104.745
7 62 82.9183
7 96 187.363
7 113 270.379
7 121 103.116
7 132 179.19
7 137 89.2635
7 148 85.8533
8 40 77.3768
8 72 62.6992
8 77 96.4553
8 85 126.223
8 147 177.785
9 0 289.767
9 67 150.396
9 73 112.391
9 100 123.414
9 114 128.102
9 133 239.668
9 140 151.898
10 32 333.322
10 83 175.881
10 110 362.452
10 126 187.357
10 136 2241.36
11 22 777.46
11 26 319.803
11 44 274.97
11 61 228.333
11 101 355.546
11 103 329.621
11 109 332.396
11 135 254.347
11 149 233.676
12 3 45.9561
12 86 18.0187
12 88 25.1832
12 93 21.4881
12 131 25.0227
12 134 16.1077
13 8 191.503
13 9 439.891
13 23 666.207
13 36 361.405
13 65 339.195
13 93 210.614
13 111 156.118
13 134 168.749
14 37 303.982
14 60 234.873
14 63 87.1534
14 76 96.1691
14 82 206.749
14 89 181.692
14 122 552.64
14 142 200.044
15 15 69.4093
15 25 82.0123
15 72 110.977
15 77 126.252
15 85 261.859
15 116 76.523
15 147 74.6019
16 8 155.046
16 11 180.213
16 13 222.641
16 15 193.007
16 25 168.463
16 50 234.714
16 115 292.178
17 7 61.4966
17 22 86.7856
17 26 459.285
17 42 94.6508
17 90 75.4119
17 101 101.776
17 103 209.454
17 109 136.556
18 30 83.1276
18 34 79.1489
18 98 165.01
18 144 65.3357
19 11 470.314
19 41 751.827
19 48 235.741
19 50 331.324
19 78 478.97
19 81 1664.1
19 97 302.177
19 102 278.452
19 106 621.616
19 115 245.821
19 130 274.26
20 39 16.7427
20 40 8.47933
20 79 14.3525
20 126 10.9137
20 136 10.4678
21 18 400.746
21 52 247.689
21 62 328.485
21 118 204.49
21 125 344.359
22 11 114.886
22 41 142.356
22 50 93.085
22 53 64.4175
22 68 96.2023
22 78 73.4525
22 81 106.753
22 105 65.095
22 106 126.618
22 115 77.0021
22 130 100.784
22 139 110.54
23 35 160.169
23 87 214.877
23 95 220.726
23 118 132.781
23 119 321.858
24 2 578.041
24 7 223.372
24 21 302.61
24 29 539.445
24 56 676.099
24 57 370.937
24 75 234.195
24 123 414.771
24 124 303.927
25 15 673.794
25 59 240.705
25 97 493.956
25 102 259.86
25 116 826.285
26 3 70.0805
26 16 205.108
26 76 57.3013
26 86 302.995
26 88 79.4915
26 104 174.238
26 131 124.954
26 137 69.5204
27 11 503.314
27 41 1391.36
27 50 337.255
27 78 485.612
27 81 5510.22
27 97 246.685
27 102 232.625
27 106 913.432
27 115 247.89
27 130 310.696
28 8 193.135
28 13 250.653
28 23 40.6759
28 25 44.8117
28 65 38.8894
28 134 89.9351
29 63 402.808
29 76 235.266
29 89 224.442
29 104 97.9781
29 122 98.5117
30 4 318.863
30 6 122.205
30 9 122.459
30 32 116.649
30 36 120.334
30 111 165.95
30 126 281.233
31 16 52.7433
31 31 52.4904
31 63 150.695
31 76 74.6682
31 89 59.964
31 90 52.1497
31 104 56.3943
32 44 345.363
32 61 391.82
32 109 172.023
32 135 138.708
32 146 185.819
33 32 355.438
33 34 283.566
33 83 216.85
33 94 130.803
33 98 146.386
33 110 260.843
33 136 153.452
33 144 195.837
34 15 73.8848
34 59 58.5487
34 72 146.957
34 85 74.3258
34 116 119.305
35 11 123.562
35 41 135.319
35 50 112.292
35 53 134.997
35 68 193.986
35 81 111.594
35 105 132.784
35 106 129.221
35 115 102.652
35 130 133.447
35 139 295.031
36 14 247.229
36 35 552.587
36 119 290.932
36 143 300.337
37 8 71.8367
37 13 96.3142
37 15 78.6794
37 25 123.709
37 115 54.7921
37 134 55.2974
38 18 139.344
38 27 122.182
38 52 123.253
38 62 526.246
38 70 143.112
38 96 134.214
38 113 147.514
38 121 138.318
38 132 137.624
39 3 502.994
39 86 242.024
39 88 746.991
39 120 249.627
39 131 384.802
39 137 308.263
39 138 373.437
40 30 64.8937
40 32 43.3566
40 34 80.9968
40 94 70.211
40 98 92.9828
40 144 96.9082
41 5 180.872
41 58 223.385
41 87 555.697
41 95 551.476
41 118 173.437
41 119 254.363
41 125 175.755
42 3 166.796
42 16 267.995
42 55 129.513
42 86 330.773
42 88 219.66
42 104 235.092
42 131 293.441
42 137 236.435
43 10 164.283
43 45 154.793
43 69 444.544
43 71 149.169
43 91 159.736
43 105 239.714
43 117 151.574
43 127 321.897
43 128 177.696
43 130 247.121
43 139 222.672
44 22 207.685
44 26 241.533
44 44 275.104
44 61 245.52
44 101 167.474
44 103 200.436
44 109 534.35
44 146 173.866
45 32 23.4522
45 34 27.0779
45 83 82.1224
45 110 41.7938
45 136 23.3804
46 11 35.4866
46 15 33.812
46 41 24.2318
46 50 34.4735
46 81 29.7643
46 97 32.6435
46 102 21.0842
46 106 21.282
46 115 27.2787
46 116 24.2016
47 17 105.462
47 70 119.285
47 92 78.4764
47 99 131.879
47 100 99.7076
47 114 89.2236
48 40 2.7114
48 72 2.7343
48 77 3.31785
48 85 4.3759
48 147 4.36821
49 31 179.64
49 43 143.738
49 108 129.452
49 124 114.149
50 31 165.027
50 38 200.467
50 43 1948.13
50 74 188.729
50 107 213.93
51 54 157.16
51 73 2233.17
51 133 190.095
51 143 140.141
52 6 40.9186
52 37 63.2932
52 43 37.5813
52 60 49.911
52 74 50.5208
52 82 54.4555
52 89 51.0567
52 122 90.1472
52 142 70.6659
53 17 132.156
53 53 220.019
53 68 146.502
53 70 153.058
53 96 141.27
53 120 328.095
53 121 173.681
53 138 190.703
53 148 239.15
54 30 78.8009
54 34 123.807
54 98 330.435
55 39 142.68
55 79 122.161
55 126 150.061
55 136 128.391
56 6 166.035
56 37 472.326
56 60 309.495
56 74 143.536
56 82 349.181
56 89 212.486
56 111 138.925
56 122 1089.84
56 142 479.441
57 29 73.0774
57 31 88.9671
57 42 73.7803
57 75 272.058
57 90 102.592
57 108 390.456
57 123 70.6503
57 124 60.502
58 1 189.869
58 33 87.1314
58 46 77.571
58 48 72.5381
58 49 72.6583
58 59 122.605
58 80 71.0129
58 97 67.2999
58 102 101.513
58 145 118.531
59 1 841.256
59 33 191.076
59 46 308.193
59 49 228.877
59 59 415.157
59 102 206.353
59 145 930.714
60 28 105.182
60 84 60.9898
60 112 309.807
60 135 75.5257
60 149 54.7682
61 1 3.66515
61 15 4.08119
61 59 4.68153
61 72 3.98052
61 97 4.32528
61 102 3.38009
61 116 8.62629
62 12 299.493
62 21 99.004
62 51 135.225
62 57 89.6887
62 64 160.768
63 24 422.339
63 48 231.076
63 71 744.627
63 78 223.419
63 80 240.909
63 127 248.703
63 129 505.621
64 8 17.2823
64 9 25.1629
64 23 86.8935
64 36 22.1773
64 65 21.1189
64 93 28.7967
64 111 16.5628
64 134 16.9253
65 12 41.4952
65 51 69.9846
65 64 29.7379
66 18 275.536
66 62 142.726
66 99 159.048
66 118 155.432
66 141 169.46
67 29 41.1235
67 31 41.9826
67 42 36.0052
67 75 170.72
67 90 47.6767
67 108 220.174
67 123 41.2028
67 124 34.4514
68 54 54.4061
68 73 565.181
68 100 49.2431
68 133 60.4454
68 143 51.7332
69 58 65.2025
69 87 557.864
69 95 667.177
69 119 76.7741
70 0 116.662
70 10 69.5216
70 17 62.8526
70 45 82.935
70 66 109.708
70 67 339.262
70 91 70.0629
70 92 180.963
70 99 61.4019
70 100 122.716
70 114 306.644
70 117 69.5007
70 128 69.2957
70 140 373.475
71 5 78.9636
71 18 79.0027
71 35 81.3458
71 58 97.0399
71 87 176.081
71 95 176.689
71 118 96.5596
71 119 150.582
71 125 85.156
72 5 63.3892
72 18 175.719
72 58 76.0535
72 118 105.598
72 119 67.6635
72 125 138.231
72 141 72.34
73 22 189.274
73 28 125.094
73 44 136.087
73 84 143.848
73 101 132.781
73 112 136.474
73 135 228.484
73 149 436.53
74 3 292.532
74 16 468.922
74 76 302.851
74 86 999.246
74 88 265.364
74 104 575.987
74 131 457.552
75 3 188.221
75 16 196.91
75 37 199.979
75 60 229.649
75 63 206.256
75 76 631.857
75 82 188.447
75 86 226.318
75 89 229.844
75 104 223.49
75 122 190.509
75 131 196.131
76 2 126.993
76 7 397.887
76 22 197.593
76 26 188.654
76 29 138.641
76 42 227.612
76 64 134.467
76 90 159.401
76 101 427.283
76 103 272.924
76 109 118.656
77 17 37.8679
77 62 45.0391
77 70 131.633
77 96 35.2754
77 99 36.37
77 113 33.8289
77 121 45.6963
78 18 260.991
78 27 218.456
78 52 503.454
78 62 346.555
78 125 389.706
78 132 277.726
78 146 247.963
79 9 391.5
79 36 450.164
79 39 415.102
79 40 328.005
79 65 310.727
79 79 363.454
79 126 362.296
80 6 182.631
80 30 644.256
80 74 191.346
80 94 449.385
80 98 135.13
80 144 239.935
81 0 187.951
81 10 174.153
81 17 125.509
81 45 217.61
81 66 304.198
81 67 440.638
81 91 175.644
81 92 563.449
81 100 166.201
81 114 288.542
81 117 172.606
81 128 173.166
81 140 410.694
82 5 133.298
82 58 130.861
82 87 99.3131
82 95 96.5029
83 22 50.9806
83 26 133.149
83 42 66.7406
83 90 57.8649
83 101 57.459
83 103 91.9194
83 109 91.3415
84 11 459.576
84 41 579.6
84 50 315.028
84 68 218.279
84 78 220.431
84 81 414.766
84 106 425.875
84 115 233.596
84 130 245.469
84 139 217.26
85 19 72.36
85 46 69.9401
85 49 89.6726
85 145 39.315
86 7 397.064
86 12 227.121
86 22 580.073
86 26 256.639
86 64 324.557
86 101 563.812
86 103 318.945
86 149 248.339
87 1 139.698
87 15 257.137
87 59 178.977
87 97 312.001
87 102 168.363
87 116 604.798
88 27 110.785
88 70 74.7603
88 96 174.985
88 113 135.209
88 120 108.995
88 121 148.329
88 132 84.0184
88 137 127.969
88 138 110.972
88 148 407.36
89 15 704.457
89 25 151.079
89 50 110.365
89 97 122.333
89 115 107.168
89 116 179.772
90 1 289.087
90 15 165.673
90 59 483.62
90 72 199.716
90 97 224.856
90 102 190.627
90 116 287.001
90 145 177.096
91 4 140.358
91 6 138.868
91 30 77.9301
91 32 104.537
91 94 158.621
91 111 88.1579
91 126 73.6201
91 144 176.292
92 17 70.6194
92 62 71.0164
92 70 120.494
92 99 104.362
92 100 67.0694
92 121 62.3538
93 3 438.987
93 88 283.138
93 93 377.486
93 131 273.868
93 134 259.195
94 26 81.0233
94 42 135.412
94 63 68.4584
94 75 83.1449
94 90 168.621
94 103 78.1015
94 108 72.6334
95 27 179.052
95 52 142.033
95 55 168.718
95 62 96.245
95 96 91.5041
95 113 115.267
95 121 70.6289
95 132 411.062
95 137 67.1648
95 146 105.913
96 3 49.3674
96 16 45.5131
96 76 46.2375
96 86 73.1591
96 88 39.0153
96 104 52.4722
96 131 62.9114
97 44 72.0768
97 52 95.6575
97 55 59.7722
97 61 83.7172
97 146 184.022
98 24 649.864
98 33 356.308
98 48 627.405
98 71 238.573
98 78 278.384
98 80 705.175
98 102 215.159
98 129 203.054
99 27 415.338
99 55 238.928
99 62 255.9
99 70 259.624
99 96 907.885
99 113 594.586
99 120 283.03
99 121 641.793
99 132 304.378
99 137 350.62
99 138 275.278
99 148 912.203
100 2 18.9042
100 7 25.7434
100 12 41.6931
100 21 19.961
100 22 16.3247
100 57 19.5734
100 64 225.917
100 101 17.9031
101 16 63.9944
101 27 77.9361
101 52 66.6761
101 55 180.834
101 132 80.2598
101 137 67.9868
101 146 94.0231
102 12 398.514
102 51 222.537
102 64 323.103
102 84 221.507
102 149 235.443
103 10 496.303
103 17 80.8946
103 20 90.0472
103 45 455.807
103 66 200.015
103 67 92.3324
103 69 80.285
103 91 408.943
103 92 136.78
103 105 97.8147
103 114 78.0704
103 117 285.051
103 128 2635.43
103 140 89.1563
104 24 317.706
104 48 223.653
104 69 273.33
104 71 3019
104 78 271.173
104 80 227.721
104 127 391.885
104 129 370.027
104 130 280.252
105 18 593.784
105 62 198.227
105 118 207.232
105 125 238.05
105 141 181.517
106 3 50.2279
106 37 30.9144
106 60 36.4582
106 76 38.2631
106 82 31.4727
106 86 34.8601
106 88 34.4952
106 93 45.6677
106 131 39.8412
107 84 639.521
107 112 330.243
107 135 296.687
107 149 842.433
108 34 39.8544
108 83 43.9972
108 98 37.1255
109 31 213.848
109 63 595.892
109 76 237.909
109 89 564.206
109 122 183.908
110 6 183.109
110 37 535.779
110 60 323.051
110 74 134.289
110 82 419.634
110 89 173.479
110 111 151.662
110 122 783.498
110 142 788.098
111 12 99.2903
111 64 92.9949
111 84 53.6338
111 149 65.0271
112 54 38.2116
112 73 226.208
112 99 38.1455
112 100 41.7765
112 133 50.2621
113 14 261.893
113 47 507.03
113 54 399.955
113 73 174.062
114 58 255.015
114 87 4005.01
114 95 5961.12
114 119 276.813
115 11 391.799
115 41 210.82
115 50 634.828
115 68 290.03
115 81 210.815
115 106 181.956
115 115 1195.29
116 12 47.4317
116 51 142.057
117 0 69.1692
117 67 51.4316
117 73 41.218
117 92 32.7129
117 99 37.8111
117 100 69.1065
117 114 57.1247
117 133 42.8167
117 140 54.0748
118 0 84.1319
118 67 52.2629
118 133 129.738
118 140 52.2524
119 10 377.25
119 17 186.335
119 20 160.318
119 45 483.683
119 66 314.287
119 69 194.891
119 91 348.231
119 92 222.15
119 105 333.929
119 117 297.161
119 128 575.161
119 139 189.651
120 4 11.1553
120 6 22.7383
120 30 22.0575
120 37 10.9073
120 74 16.6974
120 82 10.9919
120 94 26.4981
120 111 10.896
120 122 11.4467
120 142 13.5852
120 144 15.0577
121 15 436.245
121 25 492.897
121 72 241.221
121 77 315.659
121 85 357.154
121 116 356.378
122 4 180.754
122 8 190.888
122 9 399.589
122 23 660.694
122 36 337.801
122 65 284.457
122 93 285.227
122 111 220.219
122 134 179.989
123 4 236.166
123 6 690.123
123 30 157.28
123 37 253.173
123 60 216.181
123 82 282.754
123 94 213.842
123 111 303.505
123 122 235.134
123 142 388.175
123 144 160.442
124 27 850.624
124 52 223.145
124 55 371.627
124 62 220.3
124 96 268.367
124 113 363.682
124 121 188.228
124 132 2184.02
124 137 176.996
124 146 182.287
124 148 153.395
125 5 273.403
125 58 280.604
125 87 363.743
125 95 353.716
126 14 218.447
126 35 753.949
126 119 351.739
126 143 326.259
127 15 208.491
127 25 188.155
127 72 258.867
127 77 194.939
127 85 275.278
127 116 255.133
128 9 85.3827
128 25 106.418
128 36 91.6491
128 39 90.0702
128 40 199.813
128 65 113.438
128 77 265.358
128 79 94.8974
128 85 132.369
128 147 92.4229
129 4 495.504
129 6 328.3
129 9 198.117
129 23 200.09
129 37 228.095
129 60 228.205
129 82 267.27
129 93 210.263
129 111 3617.09
129 122 195.296
129 126 204.313
129 142 262.453
130 15 45.0935
130 25 47.6623
130 72 35.2302
130 77 41.006
130 85 51.8145
130 116 44.2779
131 27 62.9898
131 88 73.7727
131 96 78.8983
131 113 68.1694
131 120 107.49
131 121 72.9428
131 137 104.647
131 138 142.061
131 148 156.365
132 15 238.706
132 25 314.027
132 77 155.61
132 85 164.518
132 116 170.445
133 14 288.298
133 35 400.085
133 47 289.867
133 54 357.546
133 119 201.609
133 143 477.705
134 37 183.592
134 43 112.703
134 60 150.509
134 63 106.755
134 74 122.03
134 82 151.992
134 89 218.616
134 122 272.6
134 142 175.619
135 5 393.395
135 52 119.266
135 58 345.581
135 125 248.293
136 15 105.116
136 25 123.408
136 72 155.493
136 77 177.419
136 85 337.322
136 116 115.407
136 147 100.803
137 53 244.895
137 68 195.667
137 120 355.578
137 138 189.754
137 148 149.207
138 51 276.765
139 18 290.619
139 62 389.463
139 70 268.637
139 99 251.55
139 121 206.734
140 1 419.355
140 24 234.232
140 33 518.267
140 46 264.88
140 48 412.843
140 49 283.512
140 59 337.429
140 80 401.903
140 97 270.129
140 102 488
140 145 327.459
141 17 400.396
141 53 146.037
141 66 125.705
141 70 233.831
141 92 121.982
141 105 119.1
141 121 129.664
142 5 185.156
142 28 184.086
142 58 165.588
143 19 261.656
143 24 194.798
143 33 186.55
143 48 136.49
143 49 161.02
143 80 147.73
144 12 228.039
144 64 229.472
144 84 479.29
144 149 480.385
145 11 193.87
145 41 209.39
145 53 376.25
145 68 380.1
145 105 398.069
145 106 205.921
145 130 237.304
145 139 1252.61
146 22 353.406
146 26 234.862
146 28 238.195
146 44 516.045
146 61 374.271
146 101 232.178
146 103 228.035
146 109 291.714
146 135 403.603
146 149 254.83
147 24 353.118
147 33 246.628
147 48 296.389
147 71 95.704
147 78 103.294
147 80 390.863
147 102 100.73
147 129 93.1618
148 8 92.0528
148 9 503.452
148 23 135.349
148 36 688.389
148 39 89.8549
148 40 103.142
148 65 416.556
148 79 86.1403
148 126 97.2338
149 10 23.6696
149 17 36.8687
149 45 32.2422
149 53 28.74
149 66 31.0157
149 91 22.7945
149 92 24.5211
149 105 62.0574
149 117 20.9606
149 128 28.927
149 139 29.6393
