150 150 1026
1
1
1
1
1
1
1
1
1
1
1
1
1
1
1
1
1
1
1
1
1
1
1
1
1
1
1
1
1
1
1
1
1
1
1
1
1
1
1
1
1
1
1
1
1
1
1
1
1
1
1
1
1
1
1
1
1
1
1
1
1
1
1
1
1
1
1
1
1
1
1
1
1
1
1
1
1
1
1
1
1
1
1
1
1
1
1
1
1
1
1
1
1
1
1
1
1
1
1
1
1
1
1
1
1
1
1
1
1
1
1
1
1
1
1
1
1
1
1
1
1
1
1
1
1
1
1
1
1
1
1
1
1
1
1
1
1
1
1
1
1
1
1
1
1
1
1
1
1
1
0 3 362.394
0 27 530.225
0 78 255.51
0 85 449.753
0 88 315.674
0 130 256.387
0 131 225.235
1 21 135.877
1 31 196.787
1 67 107.975
1 97 130.71
1 105 137.489
1 121 133.647
1 125 277.981
1 143 554.11
2 6 169.841
2 40 185.969
2 58 322.781
2 95 175.594
2 98 149.296
2 103 139.614
2 119 157.528
2 120 152.84
2 124 150.821
2 126 166.78
2 141 136.133
2 149 156.65
3 23 111.973
3 83 159.311
3 98 146.701
3 112 123.324
3 129 139.664
3 149 135.212
4 1 33.4198
4 7 34.288
4 8 26.9609
4 19 31.2835
4 41 23.6922
4 54 23.8361
4 91 28.4174
4 104 24.6676
4 111 37.3579
4 113 24.2028
4 115 32.225
4 128 25.7768
4 146 26.5241
5 21 64.2075
5 30 79.8833
5 67 189.784
5 121 730.731
5 125 66.0517
5 143 92.9103
5 145 133.038
6 4 256.452
6 47 140.172
6 78 86.9198
6 117 131.322
6 130 70.435
6 131 64.789
7 30 24.6717
7 38 22.0827
7 62 19.9923
7 69 83.5324
7 77 23.0023
7 89 20.2563
7 93 83.9114
7 139 23.0513
7 140 23.6069
8 2 189.191
8 12 98.3565
8 64 282.126
8 80 386.336
8 96 460.967
8 123 259.668
8 135 85.9601
8 138 99.0904
9 40 455.583
9 58 222.445
9 119 147.605
9 120 260.52
9 130 111.983
9 131 133.241
10 14 192.102
10 57 334.774
10 63 648.996
10 66 235.983
10 68 373.588
10 71 194.034
10 72 188.138
10 73 479.963
10 79 769.159
10 106 281.304
10 134 509.779
11 8 168.09
11 37 167.791
11 42 160.825
11 52 196.504
11 57 195.195
11 71 197.247
11 72 319.476
11 113 214.141
11 127 689.22
11 146 214.932
12 22 193.296
12 47 192.371
12 76 5690.69
12 118 181.86
13 51 860.592
13 54 218.564
13 84 399.013
13 94 235.799
13 107 511.254
13 132 210.537
13 141 342.411
13 149 462.656
14 18 119.789
14 29 85.5303
14 60 90.106
14 82 155.589
14 85 163.74
14 88 281.471
15 15 119.816
15 18 291.311
15 29 96.4843
15 33 42.2734
15 59 42.9494
15 60 47.9988
15 74 53.0014
15 88 43.5519
15 101 42.76
15 148 113.807
16 12 91.3508
16 64 94.1078
16 96 80.1274
17 12 252.969
17 106 253.097
17 133 375.222
18 23 385.526
18 58 226.655
18 83 434.226
18 98 574.077
18 119 366.511
18 124 903.138
18 126 906.59
19 9 245.463
19 20 224.244
19 25 222.798
19 32 537.895
19 50 425.162
20 2 472.476
20 12 268.359
20 64 841.512
20 80 865.314
20 96 1247.12
20 123 621.323
20 135 228.282
20 138 252.51
21 0 80.4336
21 28 92.4391
21 34 158.531
21 43 182.956
21 53 109.988
21 59 108.444
21 86 96.1028
21 101 118.261
21 108 138.632
21 118 114.799
22 11 136.684
22 14 113.3
22 24 118.203
22 49 123.797
22 66 91.4923
22 102 184.156
22 116 109.93
23 83 208.571
23 98 242.089
23 126 144.761
23 149 356.005
24 2 259.177
24 12 462.959
24 64 397.38
24 80 325.192
24 96 293.245
24 123 477.216
24 138 584.071
25 13 84.4471
25 20 94.6389
25 24 85.9717
25 25 215.867
25 45 144.64
25 49 84.6469
25 55 140.815
25 56 319.392
25 65 519.753
26 31 115.568
26 36 188.983
26 55 85.1921
26 97 173.514
26 105 103.201
26 125 93.0392
27 26 130.164
27 114 177.386
28 15 112.201
28 29 113.074
28 33 92.5303
28 35 994.116
28 48 172.218
28 60 85.1454
28 89 172.958
28 147 136.169
29 22 273.113
29 76 667.935
29 86 226.415
29 118 325.013
30 4 714.033
30 47 285.242
30 53 188.823
30 78 515.246
30 117 2379.12
30 130 259.494
30 131 220.447
31 23 330.665
31 58 290.31
31 83 304.571
31 98 347.516
31 119 826.928
31 124 1808.96
31 126 1196.56
32 32 490.985
32 82 197.847
32 99 264.468
32 142 320.737
33 2 3967.95
33 64 384.144
33 80 946.754
33 96 734.683
33 123 511.216
33 135 457.897
33 138 314.063
34 4 233.808
34 47 403.31
34 76 384.976
34 117 219.864
35 25 143.748
35 32 540.861
35 50 156.95
35 142 156.298
36 1 91.1661
36 7 86.2307
36 10 110.744
36 61 173.158
36 87 99.4411
36 91 99.8446
36 122 102.703
37 5 132.901
37 6 122.808
37 46 221.854
37 54 104.9
37 95 136.061
37 103 131.42
37 104 106.822
37 107 114.729
37 110 297.703
37 141 185.656
38 3 297.394
38 27 454.35
38 74 209.237
38 78 273.587
38 85 384.998
38 88 266.88
38 130 248.85
38 131 211.878
39 26 402.468
39 114 452.043
40 30 168.683
40 38 13.801
40 67 33.5314
40 69 17.6337
40 93 16.4359
40 121 17.393
40 125 13.8921
40 140 23.5949
40 143 13.8334
40 145 40.3479
41 4 27.6548
41 43 32.6783
41 53 34.3573
41 76 26.4922
41 78 25.1638
41 108 37.01
41 117 33.9078
41 118 56.1209
42 31 361.342
42 36 540.559
42 97 184.551
42 105 424.503
42 125 153.408
43 11 124.915
43 24 144.017
43 49 147.878
43 90 221.588
43 102 293.333
43 116 815.013
44 9 266.46
44 13 194.044
44 20 254.446
44 25 175.602
44 32 140.606
44 50 213.436
44 65 157.895
44 81 141.122
45 6 268.136
45 40 32.4111
45 46 33.3243
45 58 30.2804
45 95 117.127
45 103 214.002
45 110 41.9069
45 120 38.6268
45 141 36.6205
46 10 133.363
46 61 583.478
46 87 186.42
46 122 185.625
46 132 99.7485
47 13 193.712
47 37 260.129
47 52 519.747
47 57 197.08
47 63 189.597
47 71 641.509
47 72 384.98
47 73 180.247
47 100 206.383
47 127 246.327
48 15 13.149
48 18 20.9717
48 29 11.5106
48 43 11.7663
48 53 15.1046
48 59 14.0206
48 74 41.3487
48 85 12.1657
48 88 11.2083
48 101 15.4888
48 108 12.572
48 148 47.0656
49 3 29.4447
49 27 38.2052
49 78 20.9957
49 82 22.6014
49 85 52.6071
49 88 35.7021
49 130 21.0418
50 3 896.46
50 27 413.922
50 103 204.763
50 120 231.575
50 130 281.838
50 131 299.907
51 4 228.105
51 47 457.334
51 76 231.624
52 31 188.653
52 36 298.429
52 44 193.699
52 45 185.986
52 55 250.948
52 97 347.595
53 5 216.348
53 6 205.274
53 46 340.174
53 54 180.364
53 95 229.253
53 103 217.312
53 104 182.748
53 107 201.445
53 110 454.017
53 141 332.18
54 16 122.167
54 17 82.0696
54 21 188.608
54 31 114.816
54 92 74.3387
54 105 97.9299
54 109 91.7877
54 121 79.8395
54 125 85.1748
54 136 78.0682
54 143 130.789
55 5 166.566
55 6 181.061
55 46 470.415
55 95 195.134
55 103 205.09
55 110 881.382
55 141 209.12
56 3 220.86
56 6 203.757
56 39 265.731
56 46 283.942
56 103 244.697
56 110 253.944
57 30 441.413
57 38 136.788
57 44 120.397
57 62 113.75
57 67 192.082
57 69 138.52
57 93 149.332
57 121 119.429
57 125 122.35
57 140 310.487
57 143 110.957
57 145 201.147
58 32 588.457
58 50 205.352
58 82 276.919
59 4 27.6966
59 43 18.84
59 47 17.0806
59 53 23.8772
59 74 19.3402
59 78 30.1096
59 108 21.9846
59 117 40.7254
59 118 20.2679
59 130 17.2984
60 38 134.906
60 44 329.957
60 62 125.349
60 97 207.526
60 125 146.916
60 140 132.891
60 142 91.3491
60 143 86.0822
61 3 135.555
61 27 154.665
61 39 103.437
61 82 100.437
61 85 158.463
61 88 129.687
62 47 48.9703
63 5 393.281
63 19 109.848
63 46 203.418
63 54 115.003
63 100 118.555
63 104 126.025
63 110 172.342
64 10 321.824
64 61 167.705
64 87 115.328
64 91 92.3281
64 94 138.145
64 122 180.349
64 129 90.083
64 132 182.188
65 13 201.912
65 20 174.703
65 37 197.951
65 52 328.805
65 57 172.424
65 63 178.659
65 71 511.617
65 72 281.761
65 73 180.116
65 100 166.873
65 127 182.662
66 0 15.0157
66 28 26.9458
66 34 21.232
66 43 11.2896
66 59 11.059
66 86 11.7432
66 101 10.8441
67 22 268.543
67 34 177.127
67 43 185.79
67 76 310.103
67 86 244.396
67 108 189.235
67 118 416.707
68 42 147.535
68 57 132.226
68 63 90.968
68 72 69.1516
68 79 124.883
68 138 75.0746
69 35 187.095
69 48 178.856
69 89 318.402
70 1 44.5216
70 7 46.1923
70 10 104.526
70 61 91.4966
70 87 51.7371
70 91 54.9404
70 94 46.468
70 122 65.2548
70 132 62.1415
71 11 238.046
71 14 257.376
71 66 141.437
71 106 197.275
71 133 257.824
72 18 129.927
72 29 139.972
72 32 140.864
72 33 197.78
72 60 250.35
72 77 132.292
72 82 164.288
72 88 140.11
72 99 214.916
72 139 132.841
73 16 238.251
73 21 306.426
73 31 249.309
73 67 317.824
73 121 484.344
73 125 400.013
73 143 1229.87
73 145 259.891
74 11 58.7895
74 14 66.9214
74 106 104.561
74 133 171.712
75 18 232.213
75 27 236.809
75 74 289.529
75 78 201.991
75 85 603.522
75 88 365.855
75 148 227.084
76 6 1389.42
76 46 305.764
76 95 2781.72
76 103 1034.3
76 110 424.88
76 120 244.784
76 141 442.728
76 149 226.628
77 40 12.7216
77 58 15.2914
77 119 44.5299
77 124 20.1878
77 126 19.8198
78 10 224.561
78 51 602.381
78 54 278.318
78 84 2515.59
78 94 274.144
78 104 231.63
78 107 513.255
78 132 309.797
78 149 187.786
79 3 82.637
79 6 116.118
79 27 62.2233
79 40 61.8516
79 46 74.1289
79 95 94.7492
79 103 149.392
79 110 81.3609
79 120 81.3654
79 131 61.4034
80 15 201.813
80 18 127.972
80 29 158.666
80 35 200.765
80 59 168.114
80 101 143.818
80 147 609.436
80 148 143.044
81 2 107.617
81 42 153.967
81 138 115.531
82 32 316.456
82 39 313.702
82 50 569.988
82 82 359.569
83 1 309.247
83 7 464.8
83 10 187.57
83 19 197.262
83 54 286.504
83 84 209.414
83 91 371.699
83 104 264.506
83 107 186.51
83 111 181.465
83 115 202.304
83 132 188.971
84 2 167.055
84 42 237.313
84 138 183.373
85 5 733.138
85 19 475.277
85 37 286.71
85 54 292.66
85 100 342.417
85 104 349.755
85 111 307.511
85 113 274.475
86 2 108.804
86 12 87.1069
86 64 124.859
86 80 153.061
86 96 113.859
86 123 351.365
86 138 258.967
87 1 88.657
87 7 110.063
87 10 267.457
87 51 74.9718
87 61 73.7539
87 84 106.769
87 91 129.822
87 94 110.551
87 122 71.8157
87 132 220.81
88 8 300.384
88 19 183.199
88 41 195.03
88 70 194.801
88 111 283.037
88 113 197.762
88 115 143.676
88 128 172.238
88 146 277.92
89 16 413.457
89 21 287.082
89 92 691.729
89 109 694.364
89 136 762.081
90 12 129.739
90 64 64.3788
90 123 56.8212
90 138 55.8595
91 22 296.802
91 76 767.887
91 86 234.092
91 118 306.611
92 8 135.675
92 42 194.848
92 57 124
92 70 137.051
92 72 122.856
92 113 105.187
92 127 148.836
92 146 137.383
93 2 313.768
93 12 195.719
93 42 216.022
93 64 255.336
93 80 361.17
93 96 272.737
93 123 474.615
93 138 882.519
94 16 545.54
94 21 869.578
94 92 253.049
94 109 323.011
94 121 158.445
94 136 276.686
94 143 154.392
95 3 910.347
95 4 278.669
95 27 855.62
95 78 371.519
95 117 255.054
95 120 267.381
95 130 802.833
95 131 713.281
96 3 215.128
96 27 204.938
96 39 571.847
96 82 242.562
96 85 210.478
96 88 208.771
97 29 39.4446
97 33 150.224
97 48 48.7092
97 60 108.535
97 77 72.5668
97 89 35.7378
97 99 168.511
97 139 76.9483
98 8 178.752
98 41 190.247
98 42 258.677
98 70 259.197
99 32 227.443
99 38 154.483
99 44 172.044
99 62 181.75
99 142 463.047
100 24 720.274
100 36 167.864
100 45 232.648
100 49 721.014
100 55 140.917
100 90 147.385
100 102 415.05
100 116 181.382
101 32 145.993
101 33 143.36
101 38 244.704
101 44 193.865
101 62 331.615
101 77 239.255
101 99 237.54
101 139 218.795
101 142 488.937
102 31 110.468
102 36 206.695
102 97 106.397
102 105 101.241
102 125 69.932
103 2 19.7551
103 12 80.0439
103 64 42.1124
103 80 23.4512
103 96 26.0243
103 123 25.5607
103 138 19.4224
104 16 2.70725
104 21 2.9645
104 67 2.77002
104 92 2.79289
104 109 2.52349
104 121 4.99657
104 136 2.77001
104 143 2.74959
104 145 2.49581
105 9 66.2478
105 13 57.4542
105 39 89.4162
105 50 75.3052
105 81 119.61
106 40 180.362
106 58 194.697
106 119 356.548
106 124 208.25
106 126 205.832
107 14 35.2746
107 79 40.763
107 106 128.315
107 133 48.8278
107 134 32.5818
108 58 196.328
108 119 434.561
108 124 324.091
108 126 299.999
109 2 108.33
109 42 125.71
109 138 106.704
110 18 106.486
110 74 103.795
110 85 174.073
110 88 132.841
110 148 95.436
111 23 260.203
111 58 212.704
111 83 457.423
111 98 645.927
111 119 210.265
111 124 270.692
111 126 289.701
111 149 324
112 16 182.592
112 21 224.898
112 30 164.16
112 67 283.142
112 92 166.633
112 121 752.108
112 125 200.087
112 136 167.276
112 143 354.538
112 145 222.8
113 12 332.013
113 64 179.564
114 12 151.281
114 106 149.58
114 133 194.765
115 5 407.835
115 19 773.89
115 37 229.849
115 54 401.31
115 100 252.211
115 104 524.641
115 111 380.966
115 113 280.573
116 11 12.7932
116 14 8.37454
116 24 8.59664
116 49 8.89129
116 90 7.28568
116 102 14.2662
116 116 11.3623
117 10 416.003
117 51 244.604
117 61 214.467
117 84 297.756
117 94 1902.32
117 122 276.774
117 129 372.382
117 132 615.634
118 42 307.79
118 52 237.464
118 57 494.426
118 63 278.552
118 71 321.623
118 72 550.558
118 79 229.285
118 113 213.061
118 127 419.276
118 146 224.966
119 2 208.735
119 80 180.35
119 96 155.717
119 123 164.704
119 135 154.473
119 138 164.73
120 9 376.633
120 13 301.332
120 20 288.797
120 39 305.723
120 50 391.935
120 81 797.677
121 31 52.9353
121 36 35.3195
121 44 24.1215
121 97 56.9759
121 105 36.5278
121 125 41.5339
121 143 29.0512
122 24 258.105
122 25 382.143
122 36 244.248
122 45 395.834
122 49 249.12
122 55 1089.54
122 56 229.475
122 65 327.596
123 11 220.472
123 14 240.579
123 106 428.286
123 133 813.978
124 28 267.002
124 34 225.524
124 59 271.686
124 101 243.748
125 9 88.4967
125 13 76.7252
125 20 72.755
125 39 103.987
125 50 95.4148
125 81 173
126 11 112.237
126 133 52.8526
127 40 480.702
127 58 219.092
127 119 136.789
127 120 241.031
127 126 103.167
127 131 115.894
128 5 47.9098
128 46 69.8052
128 100 24.252
128 110 44.7262
129 5 526.767
129 19 374.566
129 37 332.394
129 52 212.394
129 54 204.325
129 100 413.608
129 104 236.028
129 111 272.383
129 113 275.245
130 16 164.876
130 21 122.642
130 92 979.92
130 109 234.354
130 136 711.103
131 30 207.649
131 67 118.811
131 69 43.7054
131 93 41.8285
131 121 55.1524
131 125 41.855
131 140 66.0273
131 143 42.5313
131 145 130.916
132 1 507.404
132 7 362.065
132 10 211.441
132 91 410.52
132 115 435.407
133 30 1054.19
133 67 347.535
133 69 324.295
133 93 250.699
133 121 200.787
133 140 266.122
133 145 453.887
134 30 8.11408
134 38 8.11655
134 44 5.98146
134 62 6.41987
134 67 5.06984
134 69 6.20304
134 93 8.62336
134 125 4.63877
134 140 17.936
134 145 5.23376
135 4 120.528
135 43 228.315
135 53 320.718
135 74 156.747
135 78 126.49
135 101 122.535
135 108 305.453
135 117 150.392
135 118 215.204
136 8 128.544
136 41 218.841
136 70 202.309
136 75 174.986
136 128 139.324
137 23 158.705
137 83 261.471
137 98 306.479
137 124 151.607
137 126 159.717
137 149 272.737
138 32 1.70025
138 60 1.3154
138 82 1.35449
138 99 1.39765
138 142 1.37837
139 21 131.317
139 31 325.558
139 36 111.78
139 97 141.902
139 105 190.859
139 121 109.754
139 125 232.171
139 143 273.597
140 24 133.144
140 31 118.554
140 36 498.983
140 45 121.909
140 49 129.124
140 55 119.651
140 97 116.003
140 102 107.998
140 105 125.029
141 2 54.6383
141 80 45.3671
141 135 51.0997
142 2 140.338
142 42 195.64
142 64 137.343
142 79 152.351
142 80 157.282
142 96 132.624
142 123 199.631
142 138 475.202
143 2 111.668
143 42 65.5031
143 80 95.3909
143 96 79.1135
143 123 86.1996
143 135 72.0259
143 138 84.3352
144 30 438.598
144 38 454.162
144 44 316.584
144 62 344.501
144 67 253.829
144 69 322.565
144 93 474.496
144 125 229.51
144 140 1093.69
144 145 263.532
145 15 41.1738
145 29 47.5838
145 33 51.0563
145 35 80.427
145 48 182.997
145 60 43.3474
145 77 33.2731
145 89 85.7595
145 99 32.5468
145 139 35.5234
145 147 33.1437
146 5 195.324
146 9 205.461
146 13 234.862
146 20 195.733
146 37 380.796
146 52 324.221
146 81 317.044
146 100 466.491
147 16 207.504
147 21 263.471
147 31 254.203
147 67 285.73
147 97 215.29
147 121 384.99
147 125 469.043
147 140 211.015
147 143 2479.55
147 145 236.804
148 9 371.706
148 13 317.346
148 20 253.531
148 50 133.965
148 81 435.685
148 100 99.7444
149 39 93.114
149 46 115.797
149 103 72.0308
149 110 91.8393
