300 300 2239
1
1
1
1
1
1
1
1
1
1
1
1
1
1
1
1
1
1
1
1
1
1
1
1
1
1
1
1
1
1
1
1
1
1
1
1
1
1
1
1
1
1
1
1
1
1
1
1
1
1
1
1
1
1
1
1
1
1
1
1
1
1
1
1
1
1
1
1
1
1
1
1
1
1
1
1
1
1
1
1
1
1
1
1
1
1
1
1
1
1
1
1
1
1
1
1
1
1
1
1
1
1
1
1
1
1
1
1
1
1
1
1
1
1
1
1
1
1
1
1
1
1
1
1
1
1
1
1
1
1
1
1
1
1
1
1
1
1
1
1
1
1
1
1
1
1
1
1
1
1
1
1
1
1
1
1
1
1
1
1
1
1
1
1
1
1
1
1
1
1
1
1
1
1
1
1
1
1
1
1
1
1
1
1
1
1
1
1
1
1
1
1
1
1
1
1
1
1
1
1
1
1
1
1
1
1
1
1
1
1
1
1
1
1
1
1
1
1
1
1
1
1
1
1
1
1
1
1
1
1
1
1
1
1
1
1
1
1
1
1
1
1
1
1
1
1
1
1
1
1
1
1
1
1
1
1
1
1
1
1
1
1
1
1
1
1
1
1
1
1
1
1
1
1
1
1
1
1
1
1
1
1
1
1
1
1
1
1
1
1
1
1
1
1
1
1
1
1
1
1
0 42 43.7917
0 67 264.516
0 68 35.1216
0 75 35.1463
0 113 108.005
0 141 44.8182
0 174 31.5601
0 223 238.731
0 257 34.667
0 282 37.9849
1 5 45.515
1 54 75.0387
1 172 51.4524
1 226 140.007
1 284 53.6846
2 60 152.046
2 103 209.549
2 118 202.083
2 133 156.861
2 142 226.257
2 154 741.532
2 155 170.707
2 190 117.302
2 206 140.181
2 218 161.673
2 279 140.206
2 299 241.538
3 5 397.782
3 21 300.626
3 28 1665.67
3 68 422.524
3 75 401.78
3 86 560.385
3 125 898.757
3 134 355.532
3 141 425.947
3 172 352.155
3 174 331.655
3 289 314.759
4 60 69.6716
4 74 57.2015
4 103 118.151
4 118 145.127
4 133 281.071
4 139 63.4203
4 148 88.1879
4 154 56.2169
4 190 113.595
4 218 227.959
4 219 101.177
4 279 572.809
5 60 473.805
5 74 337.199
5 103 686.527
5 118 930.575
5 133 2917.53
5 139 346.541
5 148 416.367
5 154 349.824
5 190 806.971
5 218 2397.07
5 219 573.008
5 279 1920.78
6 165 256.423
6 238 362.932
6 244 827.585
7 18 3.47007
7 74 2.9828
7 103 3.58288
7 118 3.65632
7 133 4.13603
7 139 3.82934
7 148 18.9283
7 190 3.53394
7 218 3.93796
7 219 4.33994
7 224 3.23126
7 279 4.95848
8 18 414.04
8 60 309.75
8 74 738.904
8 103 275.537
8 118 304.703
8 133 390.18
8 139 1520.55
8 144 293.323
8 148 454.944
8 175 335.06
8 190 576.803
8 218 385.256
8 219 1905.82
8 249 279.404
8 279 402.178
9 3 698.55
9 37 249.875
9 63 347.845
9 73 258.95
9 93 281.271
9 161 516.007
9 194 268.452
9 233 1191.33
9 281 353.442
10 8 198.882
10 37 172.555
10 64 141.975
10 114 185.895
10 238 379.239
10 244 120.771
10 274 211.792
11 62 439.347
11 151 395.277
11 165 791.059
11 238 350.037
11 244 425.003
11 252 328.161
11 258 357.422
12 168 197.854
12 239 162.741
13 1 18.5522
13 40 11.6116
13 49 20.983
13 72 11.0637
13 86 10.8761
13 109 10.92
13 134 11.1289
13 180 13.1369
13 210 14.1075
13 220 13.529
13 289 11.3965
14 4 281.985
14 20 127.625
14 91 158.832
14 95 249.015
14 142 158.34
14 153 226.424
14 155 136.674
14 216 158.322
14 248 117.422
14 277 123.636
14 283 631.33
15 18 238.573
15 25 346.691
15 31 247.802
15 48 575.841
15 74 252.853
15 123 255.525
15 139 255.19
15 144 279.749
15 146 307.235
15 175 291.268
15 184 258.855
15 295 457.665
16 4 905.536
16 20 230.011
16 95 270.183
16 115 248.887
16 132 378.86
16 147 312.776
16 153 604.825
16 204 244.792
16 216 248.773
16 248 397.812
16 255 231.712
16 268 351.288
16 277 232.018
16 283 309.063
17 37 894.18
17 63 1216.68
17 114 711.849
17 233 522.145
17 274 429.895
17 281 478.653
18 9 88.9543
18 11 170.309
18 99 107.728
18 198 98.3878
18 217 104.51
18 237 94.4561
19 39 204.815
19 83 166.465
19 84 228.067
19 167 295.967
19 196 309.625
19 222 275.167
19 246 261.065
20 7 259.197
20 42 354.646
20 67 227.357
20 206 413.109
20 223 206.489
20 257 243.789
20 263 209.677
20 282 596.211
20 299 195.559
21 32 237.983
21 102 250.948
21 162 372.098
21 215 221.939
21 243 233.79
22 83 156.447
22 84 224.271
22 167 325.582
22 196 174.386
22 222 367.052
22 246 284.38
22 281 164.629
23 13 135.943
23 116 200.547
23 183 121.758
24 0 715.288
24 29 263.907
24 117 296.352
24 127 254.257
24 130 780.074
24 152 927.362
24 177 423.377
24 221 436.257
24 228 248.127
24 292 288.027
25 7 681.542
25 42 269.062
25 120 290.295
25 206 313.452
25 257 443.291
25 263 302.638
25 278 264.599
25 282 731.719
26 30 431.691
26 46 86.6047
26 56 184.388
26 176 115.285
26 182 90.3329
26 298 135.507
27 3 323.139
27 66 165.56
27 73 219.461
27 78 360.596
27 110 205.471
27 161 448.752
27 194 301.909
27 233 151.033
27 241 141.522
27 271 190.085
28 35 206.038
28 45 160.183
28 87 146.181
28 88 133.531
28 104 201.576
28 124 157.492
28 137 309.545
28 197 136.009
28 242 356.95
28 247 370.699
28 253 146.58
29 0 303.894
29 152 278.742
29 177 204.756
29 186 305.96
29 209 182.374
29 221 203.136
30 21 400.45
30 68 368.524
30 75 384.721
30 94 1071.2
30 278 370.329
31 0 361.903
31 117 284.023
31 130 320.151
31 152 397.852
31 166 280.244
31 186 350.244
31 221 1143.09
31 228 1682.23
32 198 605.316
32 215 358.291
32 227 536.196
32 237 366.948
32 243 435.363
32 256 1415.2
33 91 584.618
33 95 405.395
33 103 880.258
33 118 664.386
33 133 512.894
33 142 504.305
33 148 355.746
33 154 381.255
33 190 313.494
33 216 351.93
33 218 490.641
33 224 472.275
33 279 567.698
33 283 354.112
34 212 283.708
34 273 332.555
35 71 2.19522
35 168 1.89573
35 239 1.87006
36 61 13.9704
36 78 14.0304
36 100 25.8563
36 110 16.9815
36 145 22.6697
36 194 11.2375
36 241 25.4538
36 267 10.7871
36 271 13.2015
36 290 14.4189
37 0 511.566
37 29 135.248
37 117 114.27
37 127 155.427
37 130 214.802
37 152 426.8
37 177 500.771
37 209 136.14
37 221 154.982
37 255 110.621
37 292 191.778
38 12 410.147
38 34 347.402
39 41 221.738
39 61 255.825
39 100 315.818
39 110 503.783
39 145 366.069
39 202 270.57
39 241 1060.05
39 290 724.855
40 60 61.9674
40 206 67.7113
40 229 145.685
40 249 72.8939
40 251 117.28
40 263 996.189
41 212 361.43
41 273 423.337
42 16 315.022
42 76 621.46
42 112 301.512
42 169 993.026
42 171 847.9
42 199 226.874
42 207 422.013
42 261 232.826
42 276 1022.1
43 71 14.848
43 159 15.2952
43 183 10.6097
43 211 30.9815
43 265 11.433
44 0 319.729
44 152 316.887
44 186 3470.6
44 221 332.874
44 228 379.287
45 39 310.08
45 83 279.682
45 84 309.229
45 167 391.555
45 196 423.586
45 222 371.883
45 231 259.622
45 246 448.653
46 85 79.4286
46 121 53.7951
46 128 45.4467
46 129 48.535
46 136 65.4838
46 164 88.1286
46 201 44.9244
46 225 53.3593
46 260 118.642
46 266 54.3465
47 50 288.277
47 185 1127.53
47 285 401.736
48 13 418.272
48 33 257.827
48 116 213.816
48 160 273.67
48 179 282.612
48 183 296.989
48 192 228.134
48 239 213.329
49 15 343.537
49 36 347.517
49 93 658.594
49 191 456.64
49 202 332.988
49 286 872.451
49 288 377.232
49 297 400.901
50 6 185.83
50 131 115.998
50 138 174.109
50 150 478.433
51 111 102.092
51 195 192.393
51 245 136.012
52 5 312.292
52 21 750.244
52 68 157.075
52 75 159.622
52 125 177.377
52 172 306.664
52 226 162.247
53 18 195.227
53 25 139.948
53 76 134.415
53 112 135.332
53 148 117.563
53 169 259.564
53 171 197.539
53 207 116.612
53 276 181.309
54 1 36.0257
54 40 39.1118
54 55 38.8554
54 108 25.4837
54 109 323.688
54 140 41.3544
54 163 26.4857
54 180 32.377
55 159 297.627
55 163 98.4376
55 166 139.093
55 211 107.108
55 265 96.3223
56 9 295.649
56 11 283.421
56 33 1159.47
56 160 920.909
56 179 1164.46
56 192 419.527
56 239 462.699
56 287 2000.04
57 30 533.346
57 56 2774.89
57 101 253.039
57 106 315.361
57 176 755.93
57 182 365.2
57 213 281.679
57 272 294.625
57 296 431.762
57 298 1805.61
58 61 276.285
58 88 884.322
58 124 308.157
58 137 519.18
58 187 396.456
58 242 468.901
58 267 321.863
58 293 270.764
59 12 395.975
59 34 337.147
59 212 405.107
59 273 451.364
60 12 55.3747
60 212 61.991
60 273 69.4378
61 8 56.2516
61 64 55.8223
61 238 117.818
61 244 114.434
61 274 46.3991
62 30 609.506
62 56 29807.3
62 106 275.334
62 176 697.7
62 182 362.134
62 213 249.561
62 272 276.508
62 296 361.32
62 298 1314.32
63 5 339.663
63 54 469.286
63 172 394.853
63 226 1093.33
63 284 347.256
64 41 502.853
64 61 409.379
64 100 306.552
64 110 236.368
64 145 405.892
64 202 254.344
64 208 228.516
64 241 491.688
64 290 416.886
65 62 456.655
65 80 444.949
65 101 187.109
65 105 500.019
65 106 273.412
65 151 795.581
65 165 442.305
65 213 275.048
65 252 496.25
65 258 443.259
65 296 212.873
66 2 140.406
66 4 238.175
66 20 188.043
66 53 165.956
66 91 146.521
66 95 193.808
66 142 201.809
66 153 251.171
66 155 209.107
66 216 137.416
66 248 137.475
66 283 334.508
67 13 168.053
67 33 305.897
67 160 245.377
67 179 324.706
67 192 290.881
67 239 160.554
67 287 188.921
68 3 387.681
68 10 322.667
68 66 440.526
68 73 484.595
68 161 369.781
68 194 386.857
68 222 336.434
68 246 434.189
68 281 704.142
69 6 449.457
69 89 607.55
69 98 491.878
69 126 357.03
69 131 1180.46
69 138 1293.73
69 150 402.853
69 184 349.799
70 34 498.233
70 173 537.376
70 291 394.922
71 39 643.362
71 158 410.207
71 167 275.289
71 196 510.651
71 231 294.076
71 246 298.438
72 32 834.162
72 215 608.186
72 227 302.166
72 253 295.042
73 5 198.252
73 54 562.627
73 134 237.498
73 172 213.426
73 220 195.574
73 226 370.723
73 284 405.324
74 89 879.671
74 98 409.333
74 126 1222.35
74 131 358.932
75 4 20.5353
75 115 26.9428
75 147 176.189
75 204 21.9965
75 268 71.7489
75 277 19.5515
76 39 198.858
76 50 168.698
76 158 236.081
76 196 207.585
76 294 332.135
77 51 265.959
77 82 347.767
77 107 165.675
77 122 278.359
77 208 210.634
77 209 185.938
77 235 164.566
77 240 784.143
77 293 181.01
78 49 356.862
78 54 261.211
78 86 290.163
78 134 794.086
78 220 1065.39
78 284 318.02
79 28 342.08
79 49 269.824
79 72 365.685
79 86 732.821
79 134 356.299
79 141 278.82
79 174 453.388
79 210 534.735
79 220 345.175
79 289 1003.53
80 2 316.686
80 20 425.471
80 53 284.597
80 55 262.842
80 81 903.167
80 117 311.63
80 248 270.709
81 51 5.46642
81 177 5.56426
81 209 13.1864
81 240 6.08281
82 32 258.206
82 198 548.174
82 215 305.01
82 227 560.791
82 243 274.952
82 256 619.353
83 43 237.25
83 102 369.875
83 157 197.045
83 162 403.461
83 203 230.22
83 269 157.274
84 55 423.36
84 72 185.099
84 81 481.865
84 109 171.717
84 117 251.034
84 140 388.877
85 18 427.928
85 25 423.828
85 76 365.816
85 112 590.985
85 169 935.864
85 171 504.005
85 230 387.059
85 276 698.999
86 18 69.3918
86 25 99.5745
86 48 29.6589
86 112 24.3919
86 139 32.9647
86 169 25.379
87 35 367.548
87 45 301.05
87 87 230.353
87 104 348.785
87 124 221.856
87 137 371.406
87 197 207.394
87 242 393.296
87 247 1637.67
87 253 320.418
88 2 182.818
88 4 114.631
88 20 156.246
88 53 247.055
88 142 198.372
88 153 125.889
88 155 473.599
88 283 147.019
88 299 164.895
89 15 388.788
89 36 504.821
89 93 404.408
89 191 886.626
89 202 336.891
89 286 4558.36
89 288 356.766
89 297 482.303
90 11 196.721
90 99 427.589
90 195 359.405
90 217 266.965
90 237 260.042
90 245 262.703
91 24 512.049
91 57 68.5047
91 121 126.847
91 129 98.6446
91 136 94.2138
92 27 10.0441
92 43 11.8871
92 44 12.4944
92 59 35.3368
92 92 20.0612
92 156 16.2122
92 200 21.1954
92 254 9.97313
92 269 11.6217
92 270 10.275
93 1 573.9
93 40 335.513
93 49 2266.19
93 90 333.853
93 108 328.369
93 134 286.742
93 163 280.406
93 180 447.357
93 220 388.919
93 262 262.58
94 61 706.795
94 100 563.045
94 145 643.758
94 241 237.332
94 267 290.983
94 290 142.645
95 25 199.805
95 26 218.099
95 31 1431.69
95 48 322.861
95 98 198.749
95 236 722.228
96 1 311.022
96 40 407.131
96 47 522.013
96 90 641.129
96 108 859.021
96 163 753.801
96 180 435.917
96 262 12491.6
97 31 182.079
97 89 127.891
97 98 133.585
97 126 127.071
97 236 204.772
98 168 1210.21
99 18 56.5576
99 25 92.5592
99 31 42.2219
99 48 81.6342
99 74 45.643
99 139 53.7239
99 144 41.6471
99 146 39.7483
99 175 44.4629
99 219 38.038
99 295 55.5111
100 42 29.7491
100 60 27.291
100 103 28.716
100 118 28.2864
100 142 38.8678
100 154 64.1217
100 155 46.2289
100 206 45.0174
100 299 181.294
101 41 797.899
101 61 211.334
101 88 161.467
101 107 157.035
101 145 178.344
101 208 279.97
101 241 183.524
101 290 182.855
101 293 245.27
102 4 46.6759
102 29 53.7257
102 115 140.543
102 122 41.8915
102 127 56.1044
102 132 79.5351
102 147 76.0451
102 153 45.444
102 204 131.842
102 235 61.5794
102 248 57.4418
102 255 91.4712
102 268 110.473
102 292 47.268
103 16 296.99
103 19 496.316
103 96 565.516
103 207 311.576
103 224 328.994
103 250 552.772
103 261 657.534
103 275 474.184
103 277 292.496
104 51 311.631
104 52 130.303
104 82 349.378
104 87 129.961
104 88 118.69
104 124 210.805
104 197 179.87
104 208 105.555
104 240 146.025
104 293 196.443
105 60 385.595
105 74 144.835
105 103 333.983
105 118 471.146
105 133 515.893
105 139 130.685
105 142 136.771
105 148 138.422
105 154 263.774
105 190 329.338
105 218 623.664
105 219 191.124
105 249 145.022
105 251 151.905
105 279 334.93
106 62 91.9176
106 80 83.2098
106 105 77.4646
106 151 109.597
106 165 161.884
106 252 76.5648
106 258 102.279
107 23 186.097
107 111 362.316
107 143 176.624
107 243 103.024
107 245 107.206
108 19 15.3194
108 36 19.4544
108 191 27.4773
108 232 30.6665
108 250 14.4399
108 275 14.4952
108 286 18.9428
108 297 18.1134
109 37 86.3573
109 63 82.6896
109 114 81.7895
109 165 94.9317
109 238 107.46
109 244 91.7637
110 9 251.817
110 33 256.033
110 135 240.291
110 160 395.786
110 179 279.118
110 239 928.758
110 287 324.468
111 15 64.7184
111 16 44.5085
111 36 55.3453
111 58 54.2588
111 189 182.516
111 191 34.8531
111 199 39.5726
111 207 33.6302
111 272 35.7609
111 288 36.8456
112 54 528.825
112 226 296.822
112 284 337.615
113 10 473.226
113 38 383.427
113 57 1584.58
113 83 548.155
113 121 313.789
113 129 369.568
113 136 289.15
113 170 457.482
113 225 289.587
113 231 609.008
113 246 300.676
113 280 299.245
114 5 304.445
114 21 211.183
114 54 169.089
114 125 168.888
114 172 405.464
114 226 837.988
115 41 262.036
115 61 1980.2
115 88 306.786
115 100 569.783
115 145 660.049
115 187 280.729
115 241 358.289
115 267 629.283
116 40 388.985
116 108 331.274
116 109 364.843
116 159 390.906
116 163 399.141
116 166 529.717
116 180 305.738
116 262 283.808
117 12 329.765
117 212 337.656
117 273 373.507
118 10 39.7099
118 38 46.3124
118 57 52.3403
118 66 29.942
118 79 57.8096
118 83 29.6688
118 121 29.3509
118 128 39.0427
118 129 37.8452
118 136 31.1832
118 170 469.361
118 225 44.7516
118 271 39.8512
118 280 79.0552
119 27 62.8211
119 32 71.4388
119 215 59.8328
119 247 70.7776
119 253 112.481
119 254 83.1694
119 269 69.148
119 270 79.1471
120 62 18.1528
120 80 111.049
120 101 26.5749
120 105 38.4858
120 106 32.4275
120 151 62.3683
120 165 18.1319
120 188 13.9221
120 213 42.1912
120 252 25.2702
120 258 106.488
120 272 13.3286
120 296 19.9788
121 27 106.432
121 44 119.617
121 59 161.556
121 156 444.606
121 164 87.5332
121 200 94.5906
121 266 81.3316
122 27 2.82934
122 44 2.51792
122 137 2.46418
122 187 2.73191
122 201 8.54551
122 247 2.52272
122 260 2.90665
123 55 165.674
123 72 308.252
123 81 119.093
123 109 117.016
123 140 144.537
123 210 350.97
123 289 154.683
124 29 7.05741
124 55 8.94424
124 81 10.5269
124 117 27.0449
124 130 9.92923
124 140 9.26461
124 221 8.6889
124 228 7.32441
125 23 782.788
125 69 214.006
125 111 265.174
125 143 180.741
126 28 92.8119
126 42 90.8217
126 67 196.778
126 68 105.921
126 75 103.555
126 113 163.292
126 141 209.009
126 149 98.7981
126 174 148.738
126 223 185.022
126 289 88.7407
127 2 47.3604
127 4 45.845
127 53 56.79
127 91 51.6013
127 95 56.2541
127 103 49.1267
127 142 187.02
127 153 45.854
127 154 55.9715
127 155 160.774
127 283 74.0621
127 299 69.1961
128 51 164.655
128 122 240.623
128 127 200.989
128 177 234.799
128 204 168.91
128 209 529.407
128 235 268.494
128 240 276.2
128 255 171.038
128 292 228.103
129 166 68.9756
129 186 148.286
129 211 63.2861
129 228 65.4834
130 18 195.703
130 25 312.727
130 48 98.9029
130 112 104.346
130 139 98.5457
130 169 105.801
130 230 86.6994
130 276 92.5108
131 18 661.01
131 25 373.49
131 74 582.652
131 133 283.328
131 139 2150.75
131 144 304.845
131 148 399.248
131 175 345.489
131 190 364.521
131 218 279.805
131 219 624.826
131 279 294.424
131 295 302.181
132 7 138.559
132 120 420.968
132 181 353.219
132 278 162.955
133 39 35.4355
133 158 54.3211
133 196 26.7489
133 294 22.4169
134 9 250.223
134 70 308.966
134 135 373.568
134 168 281.519
134 198 224.454
134 227 263.787
134 264 260.739
135 9 986.688
135 135 815.196
135 160 198.79
135 198 218.296
135 239 221.189
135 287 258.091
136 1 51.2958
136 49 89.8514
136 86 77.7871
136 134 87.8567
136 210 57.2898
136 220 117.439
136 289 59.3382
137 24 422.906
137 57 228.265
137 121 996.359
137 129 525.453
137 136 494.332
137 164 187.806
137 170 192.158
137 225 249.072
137 266 186.91
138 111 50.2673
138 143 83.7512
138 195 49.0642
138 198 53.9762
138 237 142.355
138 243 108.926
138 245 67.0414
138 256 122.974
139 4 306.193
139 53 299.309
139 91 435.387
139 95 457.026
139 103 383.548
139 118 338.161
139 142 2185.54
139 154 378.578
139 155 630.268
139 216 320.251
139 283 577.564
139 299 387.978
140 6 32.9136
140 48 31.5204
140 89 41.2466
140 98 259.156
140 123 38.3103
140 131 76.4286
140 138 38.7613
140 146 49.4515
140 184 78.5161
140 295 30.3434
141 23 148.47
141 111 277.627
141 143 607.281
141 237 128.323
141 243 195.08
141 245 146.316
142 12 245.308
142 34 272.674
142 291 246.598
143 9 569.964
143 33 442.829
143 135 423.919
143 160 536.766
143 179 451.554
143 192 285.691
143 239 564.135
143 287 808.473
144 15 1768.26
144 36 388.348
144 93 228.047
144 188 247.813
144 189 481.327
144 191 292.432
144 286 259.266
144 288 570.747
145 27 326.116
145 44 261.368
145 59 169.404
145 156 196.003
145 201 322.454
145 254 175.915
145 260 184.465
145 269 163.688
145 270 188.835
146 91 102.816
146 95 91.3605
146 103 117.201
146 118 97.4295
146 133 75.4623
146 142 309.82
146 154 94.5853
146 155 96.748
146 216 68.3585
146 218 74.7818
146 224 65.9157
146 279 75.2415
146 283 96.3244
146 299 77.4184
147 7 203.411
147 42 685.057
147 67 275.134
147 113 200.845
147 206 427.882
147 223 229.658
147 257 208.61
147 282 402.274
147 299 239.799
148 51 164.079
148 52 187.315
148 70 156.055
148 209 200.807
148 259 167.076
148 264 178.867
149 19 1724.23
149 96 471.594
149 216 350.826
149 232 371.68
149 250 1207.63
149 275 1771.06
149 277 489.68
150 15 30.1878
150 36 14.4044
150 58 6.14596
150 189 18.407
150 191 8.93498
150 286 7.13941
150 288 10.038
151 19 1228.1
151 96 423.804
151 147 295.536
151 216 336.965
151 232 412.12
151 250 932.462
151 275 1216.34
151 277 460.271
152 60 309.982
152 65 303.658
152 178 255.649
152 193 261.287
152 206 255.386
152 229 2598.02
152 249 490.633
152 251 796.122
152 263 1221.72
153 0 227.217
153 152 239.174
153 166 353.221
153 186 373.424
153 221 396.225
153 228 957.319
154 15 496.764
154 58 313.952
154 80 320.174
154 101 565.565
154 106 302.837
154 188 425.259
154 189 435.375
154 213 350.386
154 258 336.546
154 272 411.916
154 288 549.014
155 10 197.388
155 38 150.642
155 57 206.357
155 83 353.313
155 231 1266.33
155 246 223.39
156 13 333.962
156 116 987.057
156 183 360.034
157 1 110.809
157 40 127.673
157 47 243.609
157 90 421.717
157 108 221.684
157 163 186.937
157 180 144.224
157 212 115.2
157 262 492.135
157 273 101.992
158 15 311.426
158 63 347.921
158 93 8257.28
158 188 418.717
158 233 409.875
158 286 362.298
158 288 440.261
159 1 106.522
159 12 106.555
159 49 181.795
159 90 150.837
159 134 110.722
159 180 105.442
159 220 139.893
159 284 101.745
160 18 613.186
160 25 209.27
160 74 221.672
160 133 186.225
160 139 459.603
160 148 436.637
160 190 200.45
160 218 180.894
160 219 318.53
160 279 204.834
161 1 599.135
161 40 1232.72
161 47 338.953
161 49 326.487
161 90 488.794
161 108 2958.34
161 109 345.725
161 163 2186.08
161 180 1179.08
161 262 726.534
162 55 110.785
162 81 88.5035
162 117 168.827
162 130 102.628
162 140 123.544
162 152 77.7905
162 221 127.205
162 228 112.831
163 15 564.835
163 36 407.553
163 93 607.803
163 188 398.96
163 189 358.61
163 191 428.892
163 286 524.671
163 288 728.779
164 27 38.9645
164 43 95.5406
164 44 48.0575
164 59 66.2785
164 92 62.6441
164 102 37.7319
164 156 41.0553
164 200 51.6966
164 203 39.1622
164 254 48.7939
164 269 62.525
164 270 48.6809
165 12 155.635
165 54 1962.6
165 134 130.535
165 226 164.07
165 284 668.245
166 110 154.596
166 191 144.647
166 202 343.457
166 286 224.783
166 290 168.664
166 297 461.833
167 8 156.109
167 37 100.837
167 64 118.332
167 114 108.564
167 238 376.549
167 244 98.3216
167 274 134.32
168 115 261.865
168 132 145.455
168 147 2250.89
168 204 198.535
168 235 149.881
168 255 154.386
168 268 857.048
169 15 87.7535
169 36 247.169
169 189 90.9119
169 191 219.816
169 232 86.1177
169 286 104.295
170 236 170.731
171 70 300.278
171 168 86.1776
171 227 99.9478
171 259 109.434
171 264 198.429
172 10 316.093
172 38 422.835
172 66 357.921
172 73 355.093
172 78 550.58
172 79 424.312
172 100 429.891
172 128 347.428
172 145 346.503
172 170 398.348
172 194 421.207
172 267 301.929
172 271 1100.95
172 280 532.273
173 168 146.441
174 9 488.111
174 135 648.176
174 160 274.661
174 168 325.992
174 239 354.615
174 287 301.244
175 168 223.606
175 186 308.469
176 6 399.472
176 48 316.612
176 89 319.947
176 98 758.773
176 123 635.441
176 131 666.88
176 138 380.819
176 146 886.702
176 178 305.804
176 184 2539.29
176 295 399.553
177 61 5.79658
177 78 4.45141
177 100 15.7314
177 110 4.41859
177 145 9.64926
177 241 6.866
177 267 4.80593
177 271 4.73878
177 280 3.95199
177 290 4.2759
178 13 251.983
178 33 200.241
178 71 170.17
178 160 306.429
178 179 232.921
178 183 217.113
178 239 293.02
178 287 174.61
179 7 417.679
179 120 337.822
179 181 261.795
179 206 267.274
179 229 279.028
179 257 283.235
179 263 388.42
179 282 360.588
180 84 472.624
180 167 800.379
180 196 332.037
180 222 885.166
180 246 363.817
181 4 264.615
181 20 191.086
181 29 222.127
181 115 184.215
181 127 172.656
181 132 866.097
181 147 161.454
181 153 342.575
181 204 205.162
181 248 1001.01
181 255 221.743
181 268 189.765
182 49 414.358
182 54 287.143
182 86 431.461
182 134 1893.82
182 220 2102.51
182 284 332.092
183 18 230.787
183 25 540.285
183 31 350.439
183 48 869.41
183 236 239.633
183 295 233.501
184 67 203.84
184 68 310.993
184 75 331.268
184 94 198.076
184 113 422.493
184 125 156.342
184 141 208.843
184 223 295.944
184 257 206.789
184 282 149.825
185 26 140.154
185 31 73.9522
185 234 108.964
185 236 107.785
186 9 258.542
186 11 220.51
186 33 146.068
186 135 157.286
186 160 125.474
186 179 135.069
186 192 125.936
186 198 141.616
186 287 204.545
187 8 345.136
187 37 3488.16
187 63 398.406
187 64 256.769
187 114 2126.22
187 233 281.544
187 238 293.778
187 274 605.97
187 281 450.215
188 35 872.344
188 45 590.624
188 52 248.655
188 87 341.56
188 104 757.705
188 124 260.548
188 137 299.256
188 197 279.185
188 242 334.563
188 247 638.283
188 253 428.503
188 259 259.069
189 2 125.723
189 20 46.1123
189 53 81.8274
189 81 24.0631
189 149 27.7868
189 155 25.2708
190 0 102.701
190 152 93.3214
190 177 100.66
190 209 151.1
191 3 426.152
191 10 302.71
191 38 314.545
191 66 531.796
191 73 749.042
191 78 362.812
191 83 250.544
191 161 427.834
191 194 517.458
191 233 250.384
191 246 303.835
191 271 270.979
191 281 393.265
192 25 183.63
192 26 224.186
192 46 200.852
192 112 686.262
192 169 199.167
192 230 683.085
192 234 207.727
192 236 161.187
192 276 216.26
193 13 288.237
193 71 683.273
193 183 354.729
193 211 320.186
194 102 66.9917
194 143 73.8464
194 162 128.216
194 243 94.0168
195 29 317.178
195 115 89.4744
195 117 74.6626
195 127 151.345
195 130 85.1739
195 132 199.676
195 153 69.0154
195 177 73.737
195 204 118.944
195 235 83.4848
195 248 126.949
195 255 183.957
195 268 67.6458
195 292 115.755
196 47 94.9603
196 90 51.6292
196 212 102.579
196 262 46.9214
196 273 77.3617
197 8 144.742
197 50 125.779
197 64 191.748
197 84 285.412
197 167 199.883
197 196 88.6415
197 222 201.68
197 274 107.484
198 7 362.191
198 120 349.215
198 181 293.524
198 206 331.901
198 229 434.877
198 251 343.349
198 263 684.714
198 282 348.452
199 30 147.126
199 56 192.982
199 58 166.532
199 176 247.288
199 182 386.821
199 199 233.898
199 272 177.497
199 298 200.67
200 20 26.9969
200 29 33.2545
200 81 24.311
200 117 31.6545
200 127 21.6923
200 130 24.107
200 132 35.8019
200 153 22.9756
200 248 41.8545
200 255 22.149
201 12 130.939
201 49 128.237
201 54 141.691
201 134 164.613
201 220 183.781
201 284 200.992
202 4 826.368
202 20 155.687
202 91 174.116
202 95 271.452
202 132 151.818
202 142 148.783
202 153 388.58
202 216 201.249
202 248 175.408
202 277 164.887
202 283 412.779
203 111 163.91
203 195 127.753
203 245 129.252
204 25 53.6618
204 26 61.947
204 31 113.579
204 48 56.6506
204 112 41.8017
204 230 48.5345
204 234 43.6001
204 236 112.301
205 5 356.959
205 21 239.612
205 28 325.081
205 54 254.639
205 86 287.654
205 125 365.703
205 134 314.413
205 172 353.082
205 220 235.039
205 226 348.604
205 284 233.011
206 79 234.269
206 85 725.837
206 121 264.893
206 128 297.389
206 129 261.779
206 136 362.273
206 164 241.682
206 201 185.877
206 225 363.337
206 260 455.076
206 266 178.178
206 280 190.621
207 35 326.257
207 45 287.381
207 104 309.449
207 137 347.057
207 242 348.884
207 247 2739.98
207 253 363.426
208 107 23.5005
208 115 33.0472
208 122 53.6715
208 127 16.9305
208 147 19.5071
208 204 26.014
208 235 32.772
208 240 16.2877
208 255 19.7936
208 268 20.781
208 292 16.1269
209 62 107.791
209 80 69.0093
209 105 69.9575
209 106 51.0235
209 151 97.3038
209 165 434.712
209 213 51.9732
209 252 74.2932
209 258 79.0929
210 1 314.916
210 49 286.045
210 55 290.889
210 72 371.156
210 109 269.813
210 140 265.571
210 180 238.169
210 210 505.044
210 289 300.292
211 42 185.19
211 67 283.234
211 72 153.667
211 113 199.599
211 141 236.985
211 149 298.686
211 174 300.355
211 223 228.64
211 289 181.63
212 84 587.746
212 167 1004.73
212 196 389.075
212 222 1184.68
212 246 435.8
212 281 303.413
213 19 609.932
213 96 562.953
213 224 315.722
213 250 679.604
213 261 519.957
213 275 567.784
213 277 308.592
214 89 797.068
214 98 384.206
214 119 325.236
214 126 1271.46
214 131 340.349
215 34 502.311
215 173 581.148
215 291 1108.27
216 26 61.3096
216 46 125.937
216 112 97.3411
216 169 43.0723
216 230 167.338
216 234 75.7271
216 276 50.3829
217 3 294.465
217 10 471.701
217 38 703.266
217 66 1350.97
217 73 1124.86
217 78 654.405
217 83 290.153
217 161 332.054
217 170 267.242
217 194 929.521
217 246 262.784
217 271 587.554
217 280 248.204
218 12 106.409
218 49 101.633
218 54 81.5792
218 90 82.3976
218 134 92.0139
218 220 108.778
218 284 107.795
219 6 192.597
219 89 125.378
219 98 209.423
219 123 134.983
219 131 523.312
219 138 207.15
219 146 148.124
219 150 105.577
219 184 214.167
220 23 894.144
220 69 512.791
220 77 339.6
220 97 347.25
220 111 398.747
221 1 685.232
221 40 314.262
221 49 298.33
221 55 185.408
221 108 221.268
221 109 271.358
221 140 180.376
221 163 204.727
221 180 355.477
221 210 183.681
222 143 283.905
222 198 374.779
222 227 247.007
222 237 467.813
222 243 397.943
222 245 244.763
222 256 1283.91
223 57 3.96585
223 79 8.78407
223 85 7.91321
223 121 5.29185
223 128 10.3848
223 129 6.40937
223 136 6.92434
223 170 5.44518
223 225 32.3214
223 260 4.39151
223 280 6.31408
224 231 29.2595
225 231 7.54311
226 14 92.7553
226 22 74.1882
226 214 45.9941
226 265 60.0947
227 25 160.085
227 31 250.508
227 48 587.571
227 98 188.985
227 123 143.039
227 146 187.434
227 184 189.847
227 236 162.064
227 295 173.887
228 13 90.8694
228 116 192.169
228 183 87.3825
229 47 221.368
229 90 114.944
229 212 271.905
229 214 123.492
229 262 115.367
229 273 236.869
230 23 94.5643
230 77 117.647
230 97 102.713
230 111 103.368
231 43 1184.44
231 59 377.2
231 92 645.258
231 102 431.432
231 157 461.677
231 200 449.083
231 203 528.066
231 269 341.382
232 13 408.12
232 71 307.256
232 116 499.586
232 183 587.287
232 211 301.464
233 165 80.1148
233 238 194.727
233 244 250.808
234 8 180.192
234 37 210.901
234 114 206.317
234 165 185.932
234 238 421.121
234 244 315.535
234 274 190.871
235 62 298.872
235 63 276.933
235 80 287.963
235 151 364.82
235 165 471.622
235 188 275.018
235 238 277.171
235 258 353.991
236 9 264.341
236 70 380.419
236 135 383.69
236 168 367.601
236 227 269.364
236 264 320.063
237 51 390.903
237 82 346.388
237 122 407.282
237 177 334.802
237 209 969.684
237 235 372.153
237 240 744.201
237 292 315.049
238 31 404.03
238 48 464.566
238 89 362.351
238 98 1057.65
238 123 342.307
238 131 440.621
238 146 455.438
238 184 582.861
238 236 313.191
238 295 324.295
239 23 548.043
239 69 574.065
239 77 281.735
239 97 304.565
240 11 659.215
240 33 462.247
240 160 289.135
240 179 386.486
240 192 721.283
240 217 313.563
240 287 405.886
241 13 158.198
241 116 354.449
241 183 168.823
242 0 139.206
242 29 388.183
242 115 202.95
242 122 134.214
242 127 3178.1
242 130 176.185
242 132 186.001
242 152 138.454
242 177 229.404
242 204 291.758
242 235 282.261
242 248 142.092
242 255 525.543
242 292 696.314
243 9 458.372
243 135 1769.95
243 198 180.338
243 239 151.349
243 287 160.793
244 16 177.854
244 46 196.466
244 58 203.521
244 76 199.991
244 112 218.432
244 169 209.052
244 171 184.44
244 176 197.748
244 182 274.981
244 199 262.292
244 207 177.128
244 230 187.24
244 276 269.317
245 79 348.502
245 85 971.173
245 121 333.446
245 128 459.687
245 129 356.459
245 136 481.175
245 164 236.048
245 170 239.198
245 225 633.704
245 260 392.457
245 280 270.653
246 12 198.695
246 54 290.225
246 284 264.581
247 18 1253.54
247 25 451.401
247 74 495.795
247 133 325.821
247 139 1318.78
247 148 568.883
247 175 324.081
247 190 382.285
247 219 632.347
247 279 347.747
248 26 51.7605
248 46 128.171
248 112 73.6694
248 230 118.765
248 234 66.3393
248 276 40.9912
249 30 2.85879
249 46 2.85213
249 56 3.28421
249 58 3.29458
249 176 3.77406
249 182 5.21176
249 199 4.18058
249 272 3.20957
249 276 3.08377
249 298 3.33715
250 41 789.427
250 82 338.576
250 107 629.918
250 122 321.133
250 208 1408.63
250 293 404.622
251 8 349.313
251 50 409.234
251 64 447.811
251 185 493.637
251 238 319.8
251 285 392.772
252 20 221.489
252 29 225.76
252 81 295.177
252 117 359.859
252 130 211.585
252 132 213.705
252 248 242.328
253 23 178.006
253 69 139.873
253 77 185.732
253 97 190.15
253 111 125.583
254 29 165.098
254 107 165.671
254 115 446.969
254 122 390.431
254 127 230.565
254 147 177.907
254 204 396.81
254 235 741.096
254 255 280.853
254 268 201.66
254 292 214.279
255 27 315.083
255 43 388.18
255 44 389.613
255 59 1048.64
255 92 863.433
255 156 577.518
255 200 1037.57
255 254 307.652
255 269 356.875
255 270 317.175
256 20 256.878
256 55 314.257
256 81 1264.25
256 117 387.279
256 140 299.19
257 10 361.333
257 24 314.912
257 57 871.1
257 83 438.189
257 121 357.63
257 129 397.243
257 136 313.347
257 170 374.438
257 231 697.43
258 77 16.2556
258 97 12.3241
259 27 48.4327
259 137 50.2114
259 187 57.3962
259 201 175.093
259 242 44.8582
259 247 50.0762
259 260 52.0576
260 111 278.501
260 143 222.525
260 195 989.315
260 237 330.37
260 245 1340.21
261 8 335.496
261 50 383.99
261 64 508.785
261 84 490.644
261 167 348.344
261 222 340.827
261 274 235.875
261 285 221.375
262 43 105.134
262 102 130.671
262 157 77.2444
262 162 134.691
262 203 89.6136
262 254 70.3296
262 269 76.1198
263 109 46.5285
263 159 62.7312
263 166 166.47
263 211 45.5247
264 17 596.775
264 65 285.685
264 181 228.287
264 205 587.39
265 36 157.673
265 191 293.394
265 232 166.835
265 286 182.052
265 297 148.021
266 11 408.534
266 33 558.35
266 160 342.155
266 179 479.86
266 192 2324.67
266 217 296.561
266 287 391.004
267 50 248.716
267 84 76.3173
267 185 136.249
267 285 524.888
267 294 141.824
268 39 92.0349
268 50 83.4862
268 158 103.232
268 196 108.67
268 285 71.8297
268 294 144.996
269 57 301.392
269 83 368.009
269 231 1132.46
269 246 281.326
270 79 349.606
270 85 515.565
270 128 507.654
270 187 484
270 201 259.339
270 225 313.162
270 260 328.024
270 267 435.53
270 280 286.962
271 72 1164.26
271 81 300.595
271 149 642.155
271 174 428.395
271 210 648.812
271 289 485.731
272 70 298.024
272 168 345.41
272 259 198.487
272 264 320.503
273 19 272.359
273 91 167.383
273 95 145.736
273 96 666.349
273 216 224.192
273 224 233.387
273 250 318.515
273 261 124.717
273 275 307.39
273 277 325.642
274 60 301.822
274 74 207.723
274 91 214.599
274 103 1060.81
274 118 1366.21
274 133 1294.39
274 139 220.762
274 142 236.495
274 148 312.544
274 154 299.073
274 190 383.653
274 218 1060.5
274 219 315.533
274 224 216.861
274 279 1713.17
275 9 357.849
275 70 314.921
275 135 515.561
275 168 651.109
276 18 424.288
276 25 434.357
276 76 335.67
276 112 577.085
276 169 798.468
276 171 454.232
276 230 380.986
276 276 623.708
277 16 537.6
277 19 347.454
277 76 449.159
277 96 383.082
277 171 383.088
277 207 568.606
277 250 367.686
277 261 1175.62
277 275 335.207
278 60 64.2607
278 74 97.3209
278 118 36.0035
278 133 43.3075
278 139 47.4034
278 144 51.8537
278 175 59.5195
278 178 38.2494
278 190 85.2473
278 218 44.798
278 219 62.5945
278 229 40.1633
278 249 85.388
278 251 55.5564
278 279 39.276
278 295 35.0962
279 24 181.485
279 57 135.723
279 121 126.975
279 231 153.04
280 2 400.469
280 42 421.829
280 53 353.604
280 67 398.312
280 149 616.59
280 174 321.209
280 223 308.768
281 19 220.502
281 36 238.849
281 191 216.901
281 232 183.987
281 250 212.99
281 275 201.732
282 35 56.1669
282 45 63.6983
282 52 72.1583
282 70 216.529
282 87 60.8046
282 104 57.1606
282 259 143.375
282 264 512.611
283 17 329.379
283 65 1912.21
283 144 167.593
283 178 246.813
283 193 370.832
283 205 283.032
283 229 241.418
283 249 186.884
283 251 175.777
283 263 180.332
284 238 355.278
284 244 1139.04
285 7 316.819
285 120 269.72
285 181 215.004
285 206 234.007
285 229 254.401
285 251 210.594
285 257 223.401
285 263 367.579
285 282 289.829
286 31 309.833
286 89 432.122
286 98 419.636
286 126 384.218
286 131 286.65
286 236 298.312
287 55 19.0854
287 72 84.4736
287 86 19.0899
287 149 21.9769
287 174 23.785
287 210 265.723
287 289 38.0235
288 2 128.518
288 42 126.941
288 53 150.154
288 142 196.887
288 154 177.808
288 155 394.418
288 206 140.271
288 299 607.499
289 7 270.049
289 42 623.725
289 67 342.283
289 113 255.629
289 206 401.436
289 223 292.717
289 257 281.763
289 282 645.27
289 299 232.99
290 3 264.073
290 66 94.0082
290 73 131.827
290 78 98.9579
290 161 214.077
290 194 125.747
290 233 108.288
290 281 124.697
291 43 264.794
291 102 779.422
291 157 285.015
291 162 570.429
291 203 343.781
292 30 69.5772
292 56 104.551
292 58 102.271
292 101 71.1998
292 176 184.066
292 182 918.702
292 199 153.394
292 272 139.421
292 296 68.0708
292 298 123.137
293 26 343.171
293 46 237.785
293 230 184.116
293 234 536.908
294 3 246.102
294 10 267.661
294 38 326.361
294 66 776.2
294 73 5841.72
294 78 400.77
294 83 185.906
294 161 275.909
294 194 760.272
294 246 188.213
294 271 283.523
294 281 170.071
295 39 3488.97
295 158 957.187
295 196 731.512
296 26 512.15
296 46 1044.2
296 112 323.985
296 230 451.904
296 234 959.13
297 71 223.794
297 168 270.644
297 239 211.483
298 29 22.1703
298 115 23.4058
298 122 20.3979
298 127 44.2163
298 130 15.1796
298 132 15.3039
298 177 24.5402
298 204 29.783
298 209 18.5958
298 235 59.3759
298 255 33.7689
298 292 46.4683
299 7 174.073
299 42 206.952
299 154 170.919
299 206 544.487
299 229 181.843
299 251 186.455
299 263 270.292
299 282 255.145
299 299 178.865
