50 50 341
1
1
1
1
1
1
1
1
1
1
1
1
1
1
1
1
1
1
1
1
1
1
1
1
1
1
1
1
1
1
1
1
1
1
1
1
1
1
1
1
1
1
1
1
1
1
1
1
1
1
0 2 23.5408
0 8 27.0017
0 14 23.0432
0 15 19.7661
0 20 18.0324
0 25 19.1699
0 27 20.5556
0 32 19.3817
0 37 50.1555
0 40 53.5874
0 46 25.8496
0 48 33.5483
1 22 102.497
1 39 110.44
1 44 134.497
2 21 585.268
3 21 667.369
4 23 519.833
4 25 140.526
4 36 135.779
4 38 133.351
5 4 124.899
5 6 147.213
5 11 111.176
5 18 158.432
5 19 152.289
5 24 93.0915
5 47 328.445
6 8 98.6152
6 38 792.156
6 44 74.1667
7 2 102.808
7 6 44.1737
7 12 45.6322
7 15 106.794
7 19 41.5542
7 20 77.1169
7 34 51.8706
7 37 63.7882
7 40 38.4858
7 46 90.2087
7 47 47.5344
8 21 18.2046
9 10 55.43
9 16 32.0337
9 17 34.6539
9 26 65.6605
9 28 303.251
9 30 61.8527
9 33 50.2974
9 35 29.2709
9 45 37.1014
9 49 182.789
10 8 126.786
10 38 208.09
10 40 117.515
10 44 237.457
10 48 136.504
11 2 14.2913
11 7 14.5491
11 8 16.0727
11 12 12.907
11 14 23.5392
11 25 14.2903
11 32 16.4326
11 37 17.2938
11 40 14.0821
11 46 11.1794
11 48 11.2447
12 7 38.9284
12 8 49.8774
12 14 39.6885
12 23 133.535
12 25 76.2466
12 32 51.059
12 36 60.9191
12 38 36.2696
13 2 69.0293
13 4 92.1075
13 6 78.0357
13 11 83.6218
13 15 85.0481
13 18 70.2557
13 19 216.459
13 20 82.0414
13 31 64.4891
13 34 75.8901
13 43 62.3468
13 46 67.2086
13 47 274.675
14 8 22.1449
14 23 283.036
14 25 29.9106
14 32 23.1607
14 36 30.5119
15 38 276.577
16 2 71.5089
16 4 67.6135
16 9 68.2412
16 15 166.888
16 19 109.154
16 20 206.812
16 31 85.8101
16 34 242.891
16 37 70.1513
16 43 80.0591
16 46 108.27
16 47 87.2836
17 21 35.8367
17 39 28.9618
18 1 105.954
18 13 86.1872
18 22 147.146
18 29 157.036
18 39 93.0935
18 42 75.9849
19 1 77.3097
19 13 184.637
19 16 78.2563
19 22 85.9484
19 29 134.706
19 39 112.019
19 42 79.3803
20 1 2.32364
20 5 2.69374
20 9 2.02311
20 16 2.04434
20 22 2.02412
20 29 2.20774
20 35 2.61457
20 41 2.83209
20 42 3.64223
20 45 2.24019
21 2 349.875
21 6 100.438
21 12 128.085
21 15 251.627
21 20 184.911
21 34 124.713
21 37 286.138
21 40 131.515
21 46 323.929
21 47 96.9857
21 48 105.1
22 2 141.502
22 6 140.072
22 12 98.1521
22 15 81.7299
22 19 68.7984
22 20 70.5319
22 37 67.8009
22 46 74.7618
22 47 98.2423
23 3 57.8982
23 5 28.4547
23 9 342.323
23 31 79.5087
23 34 25.651
23 41 49.1531
23 43 76.4835
24 8 248.755
24 14 121.591
24 25 131.866
24 27 143.025
24 37 148.65
24 38 154.941
24 40 247.735
24 44 180.178
24 48 255.11
25 2 64.4503
25 8 53.2908
25 15 76.1543
25 20 70.3801
25 27 89.5132
25 34 56.2018
25 37 181.07
25 40 289.074
25 44 53.3357
25 46 113.183
25 48 145.438
26 1 244.436
26 22 430.382
26 27 144.147
26 29 228.246
26 39 148.718
26 42 136.758
26 44 166.359
27 3 54.3481
27 5 33.4651
27 9 65.7533
27 17 25.2999
27 31 36.9206
27 35 24.2122
27 41 41.5083
27 43 38.4035
28 0 50.1131
28 7 66.5347
28 14 51.8572
28 23 58.8417
28 25 60.5136
28 32 64.1766
28 36 145.754
29 1 115.425
29 15 62.9105
29 20 71.5436
29 22 81.6553
29 27 89.3755
29 29 70.8206
29 34 87.4209
29 41 74.7673
29 42 97.9274
30 21 127.758
30 39 125.415
31 8 226.815
31 14 75.2606
31 23 87.6466
31 25 123.108
31 32 83.7909
31 36 67.2429
31 38 113.323
32 5 66.9759
32 10 51.2358
32 16 39.9935
32 17 168.677
32 26 49.2421
32 28 52.7152
32 30 79.7068
32 33 51.7605
32 35 86.1576
32 41 38.0731
32 45 61.4773
32 49 47.2381
33 39 980.708
34 1 226.047
34 22 140.685
34 27 83.0133
34 29 65.8171
34 42 58.968
34 44 49.5877
34 48 47.9427
35 0 155.298
35 2 249.613
35 6 124.29
35 7 181.12
35 12 372.933
35 14 221.705
35 25 124.329
35 32 158.767
35 37 165.039
35 46 125.073
36 5 42.5387
36 10 33.666
36 13 19.8278
36 16 35.4792
36 17 27.9738
36 28 21.3159
36 30 42.6976
36 33 36.5337
36 35 107.534
36 41 24.4891
36 42 29.2829
36 45 76.4645
36 49 22.2725
37 5 97.1212
37 10 310.268
37 13 99.1094
37 16 328.004
37 17 91.1166
37 28 104.192
37 30 259.196
37 33 400.35
37 35 151.122
37 42 98.1947
37 45 669.284
37 49 122.638
38 5 115.874
38 10 67.6406
38 17 647.76
38 26 80.4355
38 28 76.002
38 30 91.2913
38 33 68.024
38 35 111.986
38 41 71.387
38 45 77.8387
38 49 66.7206
39 0 305.015
39 7 550.374
39 12 168.02
39 14 297.352
39 25 161.833
39 32 254.096
39 36 176.079
40 10 478.095
40 13 164.223
40 16 333.971
40 26 132.365
40 28 192.608
40 30 251.688
40 33 440.361
40 35 138.624
40 45 233.448
40 49 272.172
41 1 175.003
41 13 141.543
41 16 94.3291
41 22 166.45
41 29 1696.4
41 42 192.319
41 45 81.6647
42 21 247.12
43 8 132.583
43 27 153.676
43 38 151.429
43 40 164.023
43 44 442.752
43 48 210.868
44 36 41.3396
45 1 4.09752
45 22 4.79566
45 27 5.1346
45 40 3.81859
45 44 13.5492
45 48 4.72503
46 39 49.674
47 0 190.781
47 2 52.3559
47 7 75.8811
47 12 99.5333
47 14 63.9516
47 32 55.847
48 4 110.228
48 11 110.451
48 18 164.576
48 24 406.971
49 1 94.0986
49 13 87.1412
49 22 125.338
49 29 140.983
49 39 101.905
49 42 71.2671
