100 100 727
1
1
1
1
1
1
1
1
1
1
1
1
1
1
1
1
1
1
1
1
1
1
1
1
1
1
1
1
1
1
1
1
1
1
1
1
1
1
1
1
1
1
1
1
1
1
1
1
1
1
1
1
1
1
1
1
1
1
1
1
1
1
1
1
1
1
1
1
1
1
1
1
1
1
1
1
1
1
1
1
1
1
1
1
1
1
1
1
1
1
1
1
1
1
1
1
1
1
1
1
0 74 362.351
0 86 58.0758
1 16 169.074
1 18 153.306
1 23 109.327
1 30 267.541
1 38 459.801
1 39 298.061
1 49 122.79
1 58 276.381
1 68 109.831
1 70 278.237
1 81 108.666
2 18 72.3321
2 30 68.5975
2 38 109.274
2 39 67.82
2 49 232.259
2 58 67.6129
2 70 79.1026
2 75 97.9561
2 81 161.228
2 97 58.4757
3 1 353.617
3 7 138.027
3 20 225.055
3 27 240.143
3 34 125.867
3 50 119.386
3 61 124.734
3 71 133.04
3 80 354.126
3 90 240.444
4 10 628.135
4 13 161.479
4 19 551.194
4 21 268.891
4 29 241.295
4 54 192.482
4 87 521.266
4 96 212.09
5 62 132.609
5 95 141.824
6 12 189.675
6 24 181.248
6 25 309.788
6 69 144.169
6 89 148.888
6 91 153.911
7 17 20.4539
7 45 20.8703
7 59 17.3516
7 63 28.7793
7 65 55.1877
7 82 19.5775
7 88 24.7748
8 66 40.6719
8 95 448.157
9 2 11.7337
9 6 10.6798
9 11 13.0166
9 36 9.94165
9 43 40.3229
9 46 20.4348
9 69 9.68805
9 89 15.317
9 98 15.6194
10 2 190.961
10 6 213.784
10 11 204.899
10 36 189.882
10 43 466.993
10 46 538.373
10 69 136.091
10 89 192.018
10 98 198.442
11 28 157.238
11 86 199.609
11 99 125.885
12 7 18.68
12 18 5.84644
12 23 7.73708
12 26 6.10031
12 50 6.12054
12 61 11.2669
12 71 13.9927
12 80 7.58256
13 0 157.796
13 35 320.226
13 57 171.252
13 97 91.9069
13 99 74.9029
14 1 222.046
14 13 89.5034
14 20 119.543
14 27 485.053
14 53 88.853
14 54 150.218
14 80 101.158
14 90 126.338
15 15 114.65
15 45 219.74
15 47 356.944
15 59 137.57
15 85 1295.32
15 88 125.922
16 28 135.696
16 86 234.872
16 99 134.925
17 6 133.194
17 36 111.876
17 46 89.8134
17 92 72.2496
17 94 97.2444
18 9 88.0818
18 16 78.1571
18 24 55.8705
18 30 67.6097
18 31 62.5279
18 39 68.2602
18 41 141.929
18 50 64.3926
18 51 68.236
18 55 263.063
18 56 109.703
18 58 68.7226
18 60 151.118
18 68 245.23
18 70 58.6781
19 2 94.5078
19 25 211.943
19 43 99.8101
19 69 180.489
19 89 338.752
19 98 120.33
20 28 206.79
20 35 136.473
20 57 192.006
20 86 118.672
20 99 259.762
21 0 78.0948
21 62 78.4356
22 9 182.964
22 12 689.79
22 24 340.437
22 31 506.284
22 41 208.256
22 56 201.89
22 78 376.401
22 91 877.892
22 93 1362.12
23 24 158.714
23 25 895.754
23 69 223.801
23 89 207.236
24 3 24.3204
24 22 30.0698
24 26 37.9861
24 52 24.7156
24 63 85.169
24 65 79.6756
24 82 46.5387
25 0 260.177
25 35 301.095
25 57 216.262
25 97 388.224
26 14 202.403
26 15 353.239
26 33 140.527
26 45 488.999
26 47 204.116
26 59 990.669
26 65 140.063
26 85 261.462
26 88 792.354
27 9 252.736
27 12 404.731
27 24 480.532
27 31 506.757
27 41 316.059
27 55 160.389
27 56 230.785
27 60 186.353
27 68 153.409
27 78 200.523
27 91 684.494
27 93 283.794
28 5 49.592
28 8 131.979
28 21 74.2418
28 32 46.4218
28 37 54.9777
28 42 85.8902
28 44 73.5417
28 48 42.2626
28 76 41.2204
28 87 41.6865
29 66 92.9751
29 95 298.259
30 28 118.278
30 35 67.4256
30 57 80.4392
30 86 80.4351
30 99 140.785
31 1 48.4212
31 7 280.594
31 20 58.4508
31 23 46.1242
31 26 57.043
31 61 63.0779
31 71 72.8393
31 80 98.8059
31 90 57.7703
32 9 223.255
32 12 504.51
32 24 920.711
32 31 296.138
32 41 224.005
32 55 128.647
32 56 160.083
32 60 152.723
32 78 157.395
32 91 608.027
32 93 241.132
33 9 510.245
33 11 201.757
33 24 234.355
33 34 170.315
33 41 243.56
33 43 179.129
33 51 357.62
33 55 234.73
33 60 332.438
33 91 167.975
33 98 299.585
34 18 217.823
34 23 163.462
34 30 129.978
34 38 117.463
34 39 121.18
34 49 237.075
34 58 124.756
34 70 159.644
34 75 225.975
34 81 115.932
35 9 120.129
35 16 86.3524
35 23 75.4112
35 30 84.9589
35 34 86.7033
35 39 84.1352
35 41 148.325
35 50 115.775
35 51 117.71
35 55 847.338
35 56 107.94
35 58 85.4629
35 60 245.238
35 61 87.9708
35 68 201.075
35 70 75.8205
35 71 79.2421
36 16 36.6567
36 18 114.835
36 23 58.6652
36 30 81.8032
36 38 56.9013
36 39 72.6913
36 49 53.3716
36 58 76.1511
36 68 32.8904
36 70 129.166
36 75 40.927
36 81 35.3647
37 1 122.43
37 7 154.56
37 20 210.558
37 26 135.367
37 63 131.066
37 80 192.843
37 90 195.613
38 14 140.964
38 17 264.604
38 33 165.111
38 40 266.452
38 67 153.725
38 77 151.042
38 88 145.307
39 10 257.986
39 19 302.316
39 21 382.278
39 29 145.582
39 42 154.918
39 54 154.828
39 87 443.268
39 96 137.521
40 0 333.781
40 35 181.346
40 97 114.173
41 12 18.9487
41 31 16.9483
41 78 26.3529
41 91 18.3017
41 93 29.683
42 42 125.953
42 48 108.815
42 84 131.561
43 2 342.631
43 25 156.407
43 36 150.08
43 46 153.401
43 69 337.022
43 89 179.281
44 16 138.008
44 18 82.4828
44 30 121.833
44 38 319.834
44 39 134.328
44 49 80.9248
44 58 126.487
44 70 117.491
44 81 85.733
45 1 183.403
45 20 235.579
45 27 167.265
45 84 205.835
45 90 230.996
46 0 205.298
46 35 124.351
47 9 467.205
47 12 370.762
47 24 975.378
47 31 260.416
47 41 311.028
47 51 185.856
47 55 199.161
47 56 193.138
47 60 254.614
47 91 359.718
47 93 222.906
47 98 198.276
48 1 157.147
48 7 221.286
48 20 258.261
48 26 125.488
48 27 118.259
48 71 118.205
48 80 410.029
48 90 246.026
49 14 318.294
49 15 262.079
49 33 231.82
49 40 129.155
49 45 177.803
49 59 289.533
49 67 180.293
49 85 134.738
49 88 246.388
50 9 262.395
50 12 236.701
50 16 140.342
50 24 296.371
50 31 396.697
50 41 468.067
50 55 178.975
50 56 278.249
50 60 207.525
50 68 173.013
50 78 163.132
50 91 328.631
50 93 197.172
51 1 41.7929
51 7 37.9642
51 20 66.2604
51 27 29.4414
51 61 22.8587
51 71 24.9266
51 80 231.656
51 90 65.3028
52 3 124.654
52 7 85.5858
52 18 84.9381
52 22 147.508
52 23 88.5184
52 26 123.381
52 49 91.3294
52 52 105.14
52 62 83.7975
52 73 100.685
52 75 135.636
52 82 134.079
53 12 97.5937
53 31 135.658
53 56 96.9238
53 74 131.833
53 78 369.691
53 91 109.382
53 93 153.517
54 9 40.2549
54 11 46.4486
54 34 30.4782
54 41 26.3618
54 43 34.6632
54 50 26.0282
54 51 65.1225
54 55 28.9801
54 60 36.0018
54 89 25.8547
54 98 58.7339
55 17 618.32
55 40 115.277
55 77 256.796
56 25 182.7
56 69 94.3673
57 10 214.878
57 13 342.853
57 19 162.266
57 29 804.781
57 53 319.766
57 54 184.34
57 83 347.309
57 92 507.905
57 94 290.322
57 96 855.978
58 1 62.2927
58 7 109.368
58 20 97.7336
58 26 66.8871
58 63 54.3172
58 71 52.9388
58 80 130.503
58 90 92.983
59 74 4.93161
59 78 2.80776
59 93 2.20514
60 9 103.328
60 23 84.1097
60 34 151.859
60 41 102.164
60 50 261
60 51 169.805
60 55 217.644
60 60 167.401
60 61 127.769
60 68 120.711
60 71 112.255
61 3 181.473
61 4 274.039
61 22 164.734
61 45 246.028
61 47 268.338
61 52 211.521
61 59 166.941
61 65 165.757
61 66 163.434
61 73 171.309
61 85 343.695
61 88 180.866
62 1 431.978
62 20 154.825
62 27 890.077
62 54 114.544
62 80 146.682
62 90 166.476
63 9 6.83181
63 12 6.87355
63 24 8.23582
63 25 11.8879
63 43 6.49247
63 69 7.69327
63 89 11.2219
63 98 8.82315
64 47 65.6015
64 66 622.025
64 95 105.832
65 10 200.332
65 13 839.037
65 29 443.13
65 53 691.369
65 54 263.292
65 83 623.247
65 92 387.675
65 94 257.746
65 96 1172.79
66 2 25.2956
66 25 28.6189
66 69 45.1014
66 89 22.9413
67 7 66.8055
67 22 34.2558
67 26 140.965
67 63 53.2012
67 80 36.3385
67 82 44.783
68 47 212.895
68 66 177.259
68 79 155.839
68 85 146.282
69 4 42.384
69 62 51.6416
69 95 83.7855
70 7 210.236
70 18 155.308
70 22 130.893
70 23 191.752
70 26 193.974
70 61 135.846
70 71 145.445
70 75 137.1
70 82 139.723
71 28 312.913
71 57 109.13
71 86 121.08
71 99 488.2
72 9 751.712
72 12 181.672
72 24 290.875
72 31 161.096
72 41 262.42
72 51 222.578
72 55 202.961
72 56 148.168
72 60 292.441
72 91 185.67
72 98 205.703
73 8 2.31785
73 21 2.85264
73 42 3.54881
73 54 2.69456
73 87 2.43552
74 7 186.182
74 20 187.204
74 26 267.769
74 63 432.405
74 65 208.131
74 77 206.482
74 82 184.216
75 0 21.0195
75 35 15.1969
76 62 38.3579
76 95 60.1274
77 11 154.054
77 34 2254.21
77 50 412.37
77 51 297.662
77 55 163.53
77 60 160.811
77 61 171.599
77 71 161.461
78 16 1359.62
78 18 131.265
78 30 228.298
78 31 136.168
78 38 196.048
78 39 263.419
78 41 139.802
78 55 128.428
78 56 250.2
78 58 244.738
78 68 213.628
78 70 188.582
79 10 284.165
79 13 186.354
79 19 179.906
79 29 669.962
79 53 171.264
79 54 151.073
79 83 162.606
79 87 149.095
79 92 177.175
79 94 131.531
79 96 380.108
80 16 38.9845
80 18 266.236
80 23 160.54
80 30 86.1168
80 38 40.4904
80 39 72.4016
80 49 38.2209
80 58 79.0518
80 61 48.5112
80 68 44.2151
80 70 102.458
80 71 46.1928
80 75 34.95
81 17 20.1685
81 63 20.4178
81 77 30.9056
81 84 18.2083
82 9 104.607
82 11 205.103
82 34 106.387
82 43 123.205
82 50 84.6931
82 51 197.682
82 55 83.8158
82 60 99.4952
82 98 182.466
83 7 329.892
83 22 122.878
83 23 133.036
83 26 310.271
83 61 125.385
83 63 137.643
83 71 137.503
83 80 128.192
83 82 147.782
84 3 33.0391
84 4 51.7167
84 52 34.701
84 62 62.6255
84 73 47.7288
84 95 39.8031
85 1 27.6127
85 7 119.56
85 20 36.0657
85 26 40.7056
85 61 30.4529
85 63 27.8396
85 71 34.0823
85 80 53.7526
85 90 35.1958
86 95 25.7099
87 16 121.201
87 18 226.604
87 23 132.362
87 30 459.197
87 38 160.926
87 39 372.817
87 49 100.813
87 58 403.862
87 68 101.986
87 70 1349.9
87 75 79.379
88 1 702.598
88 7 199.184
88 20 1403.51
88 27 381.966
88 80 534.129
88 90 2080.27
89 14 53.1099
89 15 14.6147
89 33 32.0096
89 59 12.0303
89 64 8.80716
89 67 20.0497
89 88 9.55917
90 9 149.561
90 34 214.666
90 41 145.296
90 50 347.279
90 51 255.872
90 55 312.058
90 60 246.05
90 61 168.803
90 68 165.892
90 71 149.349
91 16 24.5806
91 38 24.8273
91 39 18.6043
91 74 20.9826
92 9 74.581
92 12 241.996
92 24 161.265
92 25 78.3135
92 31 92.4805
92 78 76.1355
92 91 148.954
92 93 123.731
93 3 254.597
93 4 408.44
93 22 226.122
93 45 235.069
93 47 219.308
93 52 312.587
93 62 191.111
93 65 205.954
93 73 226.877
93 82 195.407
93 85 279.725
93 88 184.574
94 12 168.149
94 24 160.023
94 25 356.188
94 69 157.177
94 89 151.522
95 14 79.2749
95 15 62.8341
95 17 68.3482
95 33 89.1516
95 40 77.4574
95 45 53.6581
95 59 68.7052
95 67 75.7494
95 88 71.3286
96 8 71.4069
96 21 77.2836
96 42 231.98
96 44 55.2841
96 48 55.7335
96 87 52.4837
97 4 202.641
97 45 221.364
97 47 362.97
97 59 166.84
97 66 223.918
97 85 350.199
97 88 163.945
97 95 163.58
98 9 57.5369
98 11 116.293
98 34 49.5026
98 43 83.4122
98 51 83.4935
98 60 51.2032
98 89 52.4708
98 98 154.927
99 9 4.66719
99 11 4.30138
99 34 4.44811
99 41 3.49062
99 43 3.33414
99 50 3.92857
99 51 16.0013
99 55 4.15666
99 60 4.94184
99 98 4.31257
