100 100 710
1
1
1
1
1
1
1
1
1
1
1
1
1
1
1
1
1
1
1
1
1
1
1
1
1
1
1
1
1
1
1
1
1
1
1
1
1
1
1
1
1
1
1
1
1
1
1
1
1
1
1
1
1
1
1
1
1
1
1
1
1
1
1
1
1
1
1
1
1
1
1
1
1
1
1
1
1
1
1
1
1
1
1
1
1
1
1
1
1
1
1
1
1
1
1
1
1
1
1
1
0 7 198.64
0 10 209.464
0 26 405.644
0 31 184.114
0 37 638.012
0 49 246.434
0 50 2305.75
0 69 304.768
1 1 63.1322
1 4 55.5864
1 12 57.7759
1 30 55.48
1 40 84.7919
1 89 71.8953
1 98 77.9659
2 1 127.703
2 4 93.8422
2 11 125.889
2 12 102.325
2 30 96.0654
2 36 210.509
2 41 99.3237
2 51 183.557
2 57 98.0965
2 64 96.5925
2 67 322.306
2 86 141.819
3 19 256.338
3 20 137.598
3 23 147.548
3 54 881.429
3 59 141.544
3 61 111.373
3 65 130.05
3 82 138.666
4 25 124.675
4 60 290.577
4 64 66.3482
4 67 75.4693
5 29 500.501
5 32 174.553
5 45 275.612
5 48 255.908
5 52 189.785
5 53 251.078
5 75 186.646
5 80 178.915
6 4 36.3504
6 17 71.1985
6 18 45.5489
6 30 35.515
6 40 74.9909
6 89 44.1488
6 98 84.4769
7 9 165.25
7 19 199.648
7 20 588.996
7 23 162.485
7 34 191.427
7 54 157.889
7 61 369.483
7 62 136.416
7 81 339.804
7 96 257.491
8 10 257.287
8 31 296.298
8 92 174.903
9 9 696.152
9 13 203.372
9 34 167.463
9 41 150.449
9 61 135.459
9 77 391.062
9 81 204.085
9 85 156.411
9 96 264.806
10 14 94.9574
10 29 305.204
10 39 131.875
10 45 136.831
10 48 155.646
10 53 87.5707
10 75 107.831
10 79 115.298
10 93 101.019
11 14 282.503
11 29 122.466
11 39 174.922
11 79 1201.27
11 93 907.576
12 46 12.43
12 66 11.2521
12 73 11.337
12 97 10.8528
13 1 141.34
13 4 132.173
13 12 80.5372
13 17 113.904
13 30 131.363
13 36 84.3808
13 40 180.618
13 86 94.6064
13 89 90.1002
13 98 136.751
14 0 553.713
14 29 174.927
14 39 252.601
14 45 240.845
14 48 267.673
14 55 217.633
14 68 175.162
14 70 287.266
14 75 408.35
14 82 185.969
14 90 270.763
15 3 34.9985
15 4 35.8238
15 17 40.2665
15 18 79.5085
15 30 35.3549
15 44 37.6532
16 46 57.1284
16 87 129.434
17 11 139.171
17 13 196.887
17 34 220.985
17 41 274.892
17 51 262.417
17 57 1242
17 77 157.452
17 86 160.429
18 0 424.823
18 3 153.637
18 55 281.319
18 56 142.653
18 68 270.097
18 70 1306.73
18 90 1171.64
18 94 155.954
18 99 158.681
19 6 53.9537
19 21 48.9398
19 47 51.2879
19 62 66.93
19 72 53.1558
19 74 469.163
19 76 65.9159
19 78 274.325
19 84 253.539
19 91 68.3107
20 22 90.4029
20 24 103.202
20 25 86.3175
20 42 157.548
20 83 278.327
20 88 90.1792
21 46 232.179
21 49 162.017
21 85 110.242
21 87 98.8499
22 14 101.09
22 29 91.8235
22 39 103.046
22 45 64.4159
22 48 73.498
22 79 168.049
22 93 135.086
23 16 485.131
23 33 160.66
23 35 113.12
23 38 195.302
23 43 314.665
23 73 128.062
24 3 289.875
24 8 150.909
24 18 150.626
24 44 334.235
24 55 141.363
24 56 131.158
24 94 206.848
24 99 158.04
25 46 1266.97
25 49 282.833
25 87 254.311
26 4 197.661
26 17 176.486
26 18 261.59
26 30 196.752
26 34 161.91
26 57 227.375
26 86 196.567
27 22 85.3295
27 24 72.098
27 71 103.244
27 92 51.0779
28 4 83.2036
28 17 74.4037
28 18 110.855
28 30 82.7852
28 57 92.2018
28 86 82.1202
29 6 269.01
29 19 218.646
29 23 271.505
29 62 437.772
29 74 268.12
29 78 252.733
29 81 252.597
29 84 259.79
29 85 197.338
29 91 419.942
29 96 220.966
30 9 230.44
30 13 352.524
30 34 237.666
30 41 236.435
30 51 134.109
30 57 158.728
30 61 143.866
30 77 818.871
30 81 148.391
30 96 168.593
31 22 99.2762
31 24 94.0783
31 71 98.8227
32 87 173.404
33 4 104.356
33 17 156.65
33 18 96.2828
33 30 102.412
33 40 444.104
33 89 217.337
33 98 1973.49
34 62 318.958
34 74 235.179
34 78 400.322
34 84 435.459
34 85 218.318
34 91 141.59
35 89 108.67
36 22 189.837
36 24 217.341
36 42 623.53
36 58 263.158
36 71 167.539
36 83 564.576
36 88 386.214
37 7 535.436
37 11 250.778
37 13 156.605
37 26 144.359
37 37 143.941
37 41 150.316
37 51 137.472
37 58 160.583
37 64 385.872
37 69 169.332
37 88 136.819
38 12 213.948
39 6 116.728
39 9 102.627
39 19 111.508
39 23 128.664
39 62 377.146
39 74 131.268
39 78 135.391
39 81 169.37
39 84 139.961
39 85 131.415
39 91 162.898
39 96 148.609
40 0 146.329
40 3 8.3725
40 48 7.97014
40 55 15.6161
40 59 8.48801
40 68 10.2642
40 70 28.4721
40 75 10.2477
40 82 8.61533
40 90 20.3432
41 14 199.761
41 29 210.356
41 39 186.768
41 79 305.403
41 93 341.091
42 9 538.946
42 49 219.551
42 62 292.56
42 77 212.405
42 81 317.647
42 85 522.973
42 96 425.097
43 15 23.8097
43 52 34.2398
43 63 18.0022
44 26 141.697
44 37 171.827
44 46 195.547
44 49 621.753
44 50 279.617
44 85 157.488
45 21 168.982
45 47 165.447
45 74 219.673
45 76 288.945
45 78 273.314
45 84 263.605
45 95 161.552
45 97 330.577
46 7 398.323
46 11 172.468
46 13 104.372
46 26 107.697
46 37 105.389
46 41 101.33
46 58 129.446
46 64 281.762
46 69 128.365
46 88 109.777
47 20 34.3862
47 34 55.6296
47 57 39.6338
47 61 47.1427
48 6 79.2085
48 15 72.3441
48 19 108.067
48 23 116.29
48 32 146.567
48 52 68.6923
48 53 111.839
48 54 109.589
48 59 77.0825
48 65 315.015
48 80 178.22
48 82 100.344
48 91 67.9442
49 21 178.77
49 47 178.509
49 62 171.222
49 74 308.975
49 76 292.122
49 78 439.199
49 84 417.615
49 97 264.827
50 40 7.07836
50 89 10.0064
50 98 8.57495
51 40 36.4528
51 89 79.9457
51 98 46.0031
52 11 525.621
52 13 141.684
52 36 153.922
52 41 171.416
52 51 260.328
52 60 145.344
52 64 337.429
52 67 252.479
53 7 36.973
53 11 542.144
53 13 35.3403
53 41 41.2083
53 51 49.485
53 64 121.431
53 67 33.024
54 40 262.638
54 89 1413.27
54 98 349.212
55 18 123.106
55 34 150.718
55 44 128.589
55 57 162.976
55 61 134.138
56 0 65.6071
56 3 47.2222
56 8 43.5546
56 55 66.5502
56 56 57.8752
56 68 133.868
56 70 116.266
56 90 155.594
56 94 55.7345
56 99 62.3057
57 25 197.905
57 42 116.713
57 60 296.641
57 64 116.748
57 83 170.793
57 88 108.771
58 2 200.295
58 16 214.952
58 28 184.547
58 33 710.933
58 43 220.313
59 0 217.543
59 3 224.158
59 8 130.224
59 44 163.503
59 55 527.085
59 56 157.188
59 59 125.81
59 68 169.454
59 70 420.946
59 90 265.322
59 94 213.381
59 99 197.013
60 16 125.234
60 35 187.48
60 38 145.29
60 66 231.208
60 73 251.558
60 97 119.974
61 62 134.738
61 74 140.603
61 78 200.006
61 84 201.147
61 85 148.395
61 97 141.439
62 9 94.7498
62 13 30.8657
62 20 43.2946
62 34 39.673
62 61 41.1978
62 62 38.2257
62 77 44.1577
62 81 118.19
62 85 37.8452
62 96 210.774
63 29 163.912
63 32 233.978
63 45 266.666
63 48 204.144
63 52 133.493
63 53 468.319
63 54 135.825
63 59 138.431
63 65 177.365
63 75 213.468
63 80 310.428
63 82 190.296
64 0 447.994
64 3 201.991
64 44 166.621
64 55 524.006
64 56 153.352
64 59 157.621
64 68 212.386
64 70 1336.94
64 75 141.661
64 82 148.047
64 90 444.236
64 94 186.855
64 99 178.971
65 21 13.3717
65 28 11.254
65 47 13.4304
65 74 22.1794
65 76 23.3265
65 78 26.5989
65 84 24.9819
65 95 12.3893
65 97 16.4378
66 17 23.237
66 40 39.8202
66 89 137.922
66 98 55.9335
67 16 172.794
67 33 149.269
67 38 141.487
67 43 421.899
68 8 222.038
68 56 164.225
68 94 122.776
68 99 138.621
69 9 155.465
69 13 136.542
69 20 315.437
69 34 506.143
69 57 157.387
69 61 516.934
69 77 163.275
69 81 187.957
69 96 179.399
70 2 199.712
70 5 314.073
70 21 307.973
70 27 142.438
70 28 469.64
70 33 144.778
70 47 247.453
70 76 320.947
70 95 372.366
70 97 187.813
71 17 78.9709
71 40 95.9244
71 89 95.3804
71 98 119.308
72 9 269.267
72 19 177.283
72 20 211.912
72 23 177.407
72 61 180.996
72 62 351.305
72 81 877.071
72 85 233.654
72 91 162.215
72 96 628.881
73 10 26.7168
73 26 33.7872
73 31 25.3501
73 37 42.5001
73 46 32.4225
73 49 52.1157
73 50 100.277
73 69 28.0499
74 0 130.848
74 39 77.5329
74 45 61.8088
74 48 70.2993
74 55 54.5777
74 68 49.9185
74 70 74.8387
74 75 98.4164
74 90 75.1368
75 15 181.994
75 52 265.055
76 29 5.45696
76 39 3.15402
76 45 3.32274
76 48 3.47916
76 75 2.84514
76 79 3.22964
76 93 3.08299
77 29 568.941
77 32 213.241
77 39 236.478
77 45 2242.65
77 48 893.104
77 53 386.192
77 75 490.682
77 80 239.452
78 22 33.2455
78 24 35.1268
78 42 10.2393
78 58 6.38073
78 71 21.2454
78 83 6.35299
78 88 7.82713
78 92 6.5803
79 19 98.9288
79 20 153.655
79 34 103.241
79 44 115.988
79 54 132.272
79 59 122.893
79 61 174.511
79 82 95.0035
80 6 66.9071
80 15 229.933
80 23 34.5041
80 32 58.4717
80 52 66.7826
80 53 36.0199
80 63 39.5649
80 65 42.1754
80 72 73.3755
80 80 47.3844
80 91 44.9706
81 1 71.0355
81 4 124.713
81 17 185.093
81 18 70.8565
81 30 118.077
81 40 116.765
81 86 62.6401
81 89 45.3658
81 98 83.3185
82 2 180.193
82 5 249.08
82 21 379.83
82 27 2689.99
82 28 216.319
82 47 479.602
82 63 301.488
82 72 198.174
82 74 145.718
82 76 209.609
82 95 312.784
83 12 102.107
83 40 105.38
83 89 113.654
83 98 102.876
84 15 273.735
84 32 130.583
84 52 266.626
84 63 188.135
84 72 161.765
85 6 306.715
85 19 560.624
85 20 225.157
85 23 1542.88
85 32 191.539
85 54 264.15
85 62 200.45
85 65 377.04
85 80 190.455
85 81 217.523
85 91 341.045
86 6 147.434
86 15 37.1254
86 19 36.8413
86 23 51.5937
86 32 32.0828
86 62 36.4329
86 65 41.6187
86 72 51.4575
86 74 46.7357
86 78 36.3712
86 84 36.5763
86 91 678.014
87 21 75.0105
87 47 76.1718
87 62 85.3174
87 74 180.161
87 76 115.598
87 78 321.255
87 84 292.972
87 97 91.6919
88 6 76.2679
88 23 44.0109
88 62 55.2573
88 72 57.1713
88 74 111.094
88 78 71.7375
88 84 72.1326
88 91 128.27
89 0 146.206
89 39 114.504
89 68 177.241
89 70 138.976
89 90 186.404
90 1 220.922
90 4 363.95
90 17 4350.43
90 18 403.3
90 30 348.137
90 40 423.543
90 86 214.582
90 98 342.142
91 22 54.8408
91 24 47.0568
91 71 64.032
92 14 1195.87
92 39 301.633
92 79 326.898
92 93 237.949
93 22 238.523
93 24 209.952
93 71 273.066
94 0 88.8351
94 3 84.0448
94 8 102.194
94 55 96.3082
94 56 151.557
94 68 264.944
94 70 126.674
94 90 150.254
94 94 112.067
94 99 141.796
95 15 202.507
95 29 165.543
95 32 183.286
95 52 359.822
95 53 184.543
95 80 168.939
96 2 84.0947
96 5 96.5093
96 21 102.93
96 27 195.772
96 28 82.2748
96 47 110.35
96 63 190.528
96 72 76.3691
96 95 99.0882
97 16 15.7514
97 33 11.8203
97 35 9.68772
97 38 11.6488
97 73 12.7773
97 97 18.7097
98 3 144.137
98 8 271.691
98 17 114.928
98 18 167.439
98 44 121.767
98 56 171.128
98 94 189.85
98 99 178.907
99 1 179.347
99 4 128.843
99 11 146.066
99 12 130.755
99 30 132.176
99 36 285.298
99 41 122.926
99 51 222.411
99 57 128.093
99 67 348.641
99 86 203.997
