100 100 682
1
1
1
1
1
1
1
1
1
1
1
1
1
1
1
1
1
1
1
1
1
1
1
1
1
1
1
1
1
1
1
1
1
1
1
1
1
1
1
1
1
1
1
1
1
1
1
1
1
1
1
1
1
1
1
1
1
1
1
1
1
1
1
1
1
1
1
1
1
1
1
1
1
1
1
1
1
1
1
1
1
1
1
1
1
1
1
1
1
1
1
1
1
1
1
1
1
1
1
1
0 25 192.623
0 61 144.495
0 88 190.193
1 4 368.241
1 15 344.959
1 25 199.326
1 61 168.513
1 70 187.82
1 88 183.244
1 94 325.242
2 20 198.202
2 31 565.923
2 86 223.177
3 20 120.335
3 81 24.0335
4 20 81.6609
4 31 93.7317
4 81 92.9873
5 23 70.5528
5 33 90.683
5 41 209.217
5 48 85.2244
5 51 75.0272
5 59 71.7604
5 73 65.9727
5 85 64.7619
5 90 164.028
5 95 96.1716
5 97 123.155
6 12 5.34129
6 17 12.7131
6 37 7.56456
6 41 4.52954
6 59 8.06727
6 82 4.70595
6 85 7.08987
6 97 5.50545
7 2 180.601
7 12 219.746
7 14 551.312
7 19 183.688
7 40 196.907
7 48 272.117
7 55 294.642
7 66 201.688
7 71 269.545
8 12 188.697
8 14 208.95
8 41 188.725
8 48 572.186
8 52 245.631
8 90 282.132
8 93 184.819
9 0 18.13
9 13 18.2294
9 21 47.8102
9 32 16.0431
9 39 46.9992
9 58 21.4583
9 63 14.9493
9 74 19.102
9 83 14.7341
10 6 194.42
10 8 207.91
10 12 190.345
10 17 992.637
10 37 290.496
10 59 288.788
10 82 226.307
10 85 250.876
10 97 215.111
11 15 226.165
11 69 173.969
11 70 593.236
11 75 226.277
11 94 242.199
12 11 3050.9
12 29 192.601
12 44 195.982
12 53 924.729
12 60 160.822
12 72 149.266
12 80 434.404
12 82 125.029
12 84 170.171
13 8 83.2861
13 13 92.3323
13 17 290.589
13 37 188.768
13 59 89.9469
13 60 110.342
13 72 98.9093
13 82 140.539
13 85 88.207
14 0 202.806
14 1 78.6752
14 13 711.136
14 21 96.8311
14 32 241.418
14 37 93.5081
14 39 71.9786
14 66 83.8608
14 74 1369.39
14 76 76.5357
14 83 217.391
15 18 223.085
15 26 162.618
15 28 204.833
15 34 465.396
15 38 183.713
15 45 391.482
15 50 142.545
15 56 136.459
15 57 169.826
15 67 312.8
15 68 243.146
15 77 287.396
15 78 214.211
15 87 288.221
15 89 146.711
15 96 150.934
16 20 456.557
16 81 286.459
17 3 101.851
17 6 413.634
17 8 112.142
17 17 104.708
17 41 100.452
17 49 113.428
17 51 124.842
17 95 169.279
17 97 111.98
18 12 4.36577
18 33 5.80303
18 41 8.84392
18 48 6.96337
18 52 4.51314
18 59 4.64889
18 85 4.42609
18 90 12.4545
18 95 4.76071
18 97 6.44414
19 35 163.077
20 12 158.654
20 33 117.582
20 41 503.858
20 48 216.385
20 59 192.933
20 85 172.348
20 90 1034.29
20 95 149.661
20 97 345.506
21 6 139.062
21 8 129.563
21 35 144.123
21 49 158.486
22 67 165.607
22 68 149.113
23 11 461.587
23 29 234.413
23 44 352.556
23 53 559.856
23 64 185.254
23 72 176.23
23 80 499.929
23 84 493.1
24 9 101.966
24 33 55.8717
24 52 107.35
24 86 51.3227
25 0 152.988
25 12 410.766
25 13 146.174
25 14 375.939
25 32 177.388
25 37 180.721
25 40 196.806
25 48 169.172
25 55 1476.75
25 59 194.106
25 66 576.354
25 71 2822.66
25 74 148.059
25 76 179.944
25 83 196.802
25 85 256.286
26 52 182.703
26 86 185.357
26 93 195.79
27 20 190.877
27 31 404.29
28 11 128.329
28 29 63.8364
28 44 96.0502
28 53 159.689
28 64 47.4871
28 72 47.7031
28 80 130.417
28 84 126.107
29 11 52.6856
29 29 107.492
29 39 61.0319
29 44 102.024
29 53 56.4034
29 63 75.1231
29 72 92.171
29 84 61.764
29 99 75.6211
30 18 320.704
30 26 191.161
30 30 131.421
30 38 497.381
30 50 635.332
30 62 154.252
30 67 169.768
30 68 214.688
30 96 232.788
31 1 170.415
31 7 447.341
31 40 142.971
31 43 259.216
31 56 157.128
31 76 147.666
31 79 151.065
31 98 166.409
32 36 68.7502
32 48 71.2535
32 52 101.686
32 65 67.6383
32 93 174.771
33 16 151.488
33 27 101.26
33 30 88.6305
33 42 147.146
33 54 79.0654
33 63 99.1876
33 92 201.376
33 99 104.817
34 39 287.355
34 58 246.145
34 63 4768.57
34 99 506.077
35 45 78.9848
35 67 119.983
35 68 100.906
36 4 12.1267
36 7 5.41436
36 56 5.29191
36 57 5.99447
37 2 272.105
37 19 181.602
37 36 268.957
37 46 378.796
37 47 261.337
37 65 262.526
37 91 375.356
38 12 181.278
38 33 228.736
38 41 650.781
38 48 267.042
38 51 186.553
38 59 213.563
38 85 193.186
38 90 614.256
38 95 244.677
38 97 370.625
39 5 101.424
39 46 24.4422
39 47 30.705
40 15 166.132
40 69 150.496
40 70 343.369
40 75 204.54
40 94 174.9
41 2 30.0764
41 12 25.2056
41 14 50.0681
41 19 28.5886
41 36 26.2095
41 40 25.4341
41 48 32.3401
41 55 31.9553
41 65 28.8384
41 71 29.8889
42 20 138.51
42 31 217.445
42 86 414.495
43 1 179.854
43 2 208.031
43 14 290.618
43 19 329.948
43 40 298.677
43 55 217.183
43 65 180.091
43 66 186.334
43 71 208.788
43 76 225.821
43 91 189.289
44 16 41.0844
44 26 35.3058
44 30 30.457
44 39 36.1506
44 58 55.7641
44 63 48.7901
44 89 44.4811
44 92 33.6143
44 96 33.0584
44 99 35.9397
45 16 147.465
45 39 227.077
45 58 230.644
45 63 734.28
45 89 146.213
45 99 309.731
46 81 154.086
47 3 50.4084
47 6 58.4525
47 22 54.2956
47 23 66.803
47 33 63.856
47 41 104.298
47 51 88.2438
47 73 73.7188
47 90 69.6848
47 95 103.248
47 97 75.1216
48 9 927
48 23 119.945
48 33 200.794
48 52 220.859
49 25 190.274
49 61 194.785
49 88 210.331
50 9 162.211
50 52 242.549
50 86 152.965
50 93 120.837
51 10 63.652
51 15 35.0236
51 69 214.133
51 70 33.1062
51 75 67.6764
51 94 34.1178
52 15 335.486
52 25 171.606
52 69 204.348
52 70 1660.54
52 75 248.205
52 94 367.662
53 0 130.745
53 12 134.225
53 13 167.321
53 14 96.4105
53 17 97.3219
53 32 174.797
53 37 264.953
53 40 94.3859
53 55 139.301
53 59 109.318
53 66 229.339
53 71 153.208
53 74 157.491
53 76 99.4695
53 83 220.33
53 85 130.86
54 8 437.038
54 17 278.514
54 24 178.348
54 49 278.127
54 60 205.464
54 82 280.989
55 5 203.054
55 10 615.194
55 46 223.248
55 47 262.454
55 69 359.506
55 75 235.266
56 8 251.69
56 24 332.456
56 49 341.684
57 42 58.2058
57 44 69.2048
57 63 103.933
57 64 78.2775
57 84 76.1448
57 92 59.3162
57 99 234.178
58 16 196.2
58 27 361.788
58 30 214.055
58 42 259.349
58 54 406.369
58 62 197.853
58 92 230.909
59 11 244.903
59 29 283.554
59 44 1250.09
59 53 289.487
59 63 139.448
59 64 153.779
59 72 188.194
59 80 195.706
59 84 500.404
59 99 176.596
60 6 126.642
60 8 95.3895
60 17 66.8598
60 49 100.879
60 95 73.5023
61 4 61.415
61 57 59.2533
61 61 61.7729
61 88 54.5282
62 18 92.0199
62 26 48.8839
62 38 176.169
62 50 100.97
62 62 39.4618
62 67 62.4762
62 68 85.1043
62 96 55.6905
63 25 354.568
63 61 541.429
63 88 1273.99
64 6 140.242
64 8 187.29
64 17 843.736
64 37 181.974
64 49 153.084
64 59 165.812
64 60 152.884
64 82 199.867
64 85 147.681
64 97 135.025
65 20 146.235
65 31 131.519
65 86 203.33
65 93 166.093
66 81 164.213
67 20 157.158
67 31 191.268
67 86 355.404
67 93 164.462
68 2 588.338
68 19 330.045
68 36 348.215
68 46 207.157
68 65 404.089
68 91 6161.06
68 98 173.727
69 6 3.21191
69 33 2.91933
69 41 12.7873
69 48 3.05546
69 51 3.40313
69 59 3.32611
69 73 2.89183
69 85 2.98458
69 90 5.01964
69 95 4.79024
69 97 6.18078
70 18 35.4371
70 34 41.7329
70 38 34.0326
70 45 54.1714
70 57 39.6556
70 67 68.9104
70 68 51.2721
70 77 34.0436
70 78 33.1682
70 87 41.3979
71 12 271.153
71 14 201.051
71 41 322.356
71 48 710.15
71 55 194.182
71 59 247.731
71 71 186.396
71 85 250.69
71 90 893.358
71 97 288.629
72 0 175.684
72 1 106.432
72 12 71.6935
72 13 124.112
72 14 73.1973
72 21 64.931
72 32 259.06
72 37 85.9272
72 40 110.292
72 55 97.4328
72 66 183.043
72 71 105.85
72 74 140.264
72 76 131.132
72 83 312.836
72 85 63.4718
73 21 60.3434
73 39 384.442
73 58 77.517
73 63 68.3248
73 99 44.6414
74 2 109.253
74 20 79.9472
74 36 144.082
74 65 136.847
74 91 80.5544
74 93 300.919
75 61 42.1743
75 88 32.883
76 10 467.53
76 47 25.594
76 69 42.8183
76 75 28.2615
76 98 31.6513
77 20 209.744
77 31 170.601
77 81 339.007
78 16 329.092
78 18 113.743
78 26 171.913
78 27 190.148
78 30 353.17
78 42 124.178
78 50 154.743
78 54 166.754
78 62 221.759
78 89 119.931
78 92 161.129
78 96 193.049
79 18 232.792
79 26 257.172
79 28 904.34
79 34 954.82
79 38 185.151
79 45 347.462
79 56 200.701
79 57 187.719
79 58 181.854
79 67 205.837
79 68 190.038
79 77 67224.4
79 78 403.089
79 79 230.819
79 87 404.55
79 89 332.938
79 96 217.649
80 18 127.678
80 26 272.962
80 28 194.392
80 34 144.393
80 38 102.726
80 50 117.002
80 58 149.751
80 77 173.029
80 78 100.943
80 87 97.4387
80 89 642.319
80 96 196.927
81 67 240.033
81 68 213.832
82 16 71.1048
82 27 78.1153
82 42 176.018
82 54 65.9753
82 64 66.6933
82 92 114.184
83 2 131.182
83 20 452.36
83 36 191.076
83 65 160.814
83 93 177.92
84 5 265.376
84 46 60.6834
84 47 76.5846
85 15 10.5088
85 25 25.1
85 61 10.7603
85 70 12.0736
85 88 13.8144
85 94 11.1458
86 18 578.27
86 26 224.576
86 34 221.894
86 38 760.222
86 45 178.522
86 50 312.777
86 67 627.395
86 68 1411.46
86 77 187
86 96 236.681
87 9 154.04
87 52 249.72
87 86 239.427
87 93 226.094
88 18 32.8558
88 26 19.6275
88 34 27.1532
88 38 32.8074
88 45 26.4232
88 50 21.8311
88 67 174.94
88 68 74.2062
88 77 21.9405
88 87 21.8451
88 96 19.5844
89 0 286.051
89 1 122.484
89 13 3390.94
89 21 149.714
89 32 353.355
89 37 168.503
89 39 117.011
89 66 139.239
89 74 1124.99
89 76 120.756
89 83 342.63
90 8 245.187
90 17 333.36
90 29 226.75
90 37 205.535
90 49 193.121
90 60 593.065
90 72 298.767
90 82 1361.67
91 16 194.107
91 27 315.469
91 30 162.356
91 42 498.073
91 54 226.976
91 62 129.881
91 92 336.997
92 42 167.938
92 64 184.968
92 92 135.356
93 3 101.569
93 6 382.889
93 41 135.17
93 51 171.225
93 59 93.13
93 73 100.958
93 90 88.1188
93 95 500.204
93 97 142.134
94 4 91.9462
94 45 128.677
94 56 100.935
94 57 247.41
94 78 94.4285
94 87 111.764
95 9 94.3997
95 33 163.461
95 41 72.6285
95 48 89.8772
95 52 179.838
95 90 88.4593
96 33 280.877
96 41 260.702
96 48 286.615
96 52 215.916
96 90 363.863
96 97 200.946
97 9 284.946
97 33 162.811
97 52 268.345
98 18 6.74568
98 26 6.75458
98 28 7.20239
98 34 12.0931
98 38 5.03108
98 45 5.25254
98 50 4.61756
98 67 5.08496
98 68 4.89266
98 77 10.2599
98 78 4.82107
98 87 5.19346
98 89 5.86035
98 96 5.74109
99 25 79.8294
99 61 71.644
99 88 77.538
