250 250 1843
1
1
1
1
1
1
1
1
1
1
1
1
1
1
1
1
1
1
1
1
1
1
1
1
1
1
1
1
1
1
1
1
1
1
1
1
1
1
1
1
1
1
1
1
1
1
1
1
1
1
1
1
1
1
1
1
1
1
1
1
1
1
1
1
1
1
1
1
1
1
1
1
1
1
1
1
1
1
1
1
1
1
1
1
1
1
1
1
1
1
1
1
1
1
1
1
1
1
1
1
1
1
1
1
1
1
1
1
1
1
1
1
1
1
1
1
1
1
1
1
1
1
1
1
1
1
1
1
1
1
1
1
1
1
1
1
1
1
1
1
1
1
1
1
1
1
1
1
1
1
1
1
1
1
1
1
1
1
1
1
1
1
1
1
1
1
1
1
1
1
1
1
1
1
1
1
1
1
1
1
1
1
1
1
1
1
1
1
1
1
1
1
1
1
1
1
1
1
1
1
1
1
1
1
1
1
1
1
1
1
1
1
1
1
1
1
1
1
1
1
1
1
1
1
1
1
1
1
1
1
1
1
1
1
1
1
1
1
1
1
1
1
1
1
1
1
1
1
1
1
0 41 259.839
0 55 314.174
0 62 269.26
0 119 258.703
0 151 450.851
0 156 343.309
0 161 247.569
0 180 620.285
0 188 314.713
1 57 446.977
1 77 293.026
1 111 435.709
2 23 18.2022
2 32 8.20501
2 53 6.63534
2 132 14.9
2 146 10.8395
2 171 7.60608
2 189 10.8095
2 195 7.50448
2 206 9.78939
2 231 8.13949
3 47 184.04
3 140 391.492
3 194 163.185
3 217 170.568
4 4 109.861
4 21 222.614
4 49 250.807
4 58 167.654
4 73 305.394
4 100 576.63
4 119 149.103
4 170 164.585
4 216 163.708
4 230 260.138
4 236 121.174
5 7 181.332
5 30 303.198
5 34 244.216
5 66 180.964
5 91 167.391
5 116 1924.8
5 184 241.301
5 227 238.857
6 45 474.553
6 68 266.708
6 125 222.049
6 129 324.242
6 150 142.073
6 219 139.27
6 245 165.707
7 54 257.419
7 94 229.141
7 175 201.803
7 244 198.462
8 10 333.092
8 39 92.6757
8 105 89.4985
8 191 159.282
8 193 767.968
8 211 149.381
9 9 125.711
9 19 109.725
9 79 1041.58
9 122 77.922
9 158 99.787
10 131 589.041
10 197 507.325
11 20 51.7619
11 35 55.7106
11 40 57.7868
11 42 58.3379
11 46 68.2892
11 90 84.2966
11 95 88.0848
11 98 62.3972
11 135 124.327
11 217 55.8682
11 240 89.4748
12 0 582.888
12 19 219.211
12 63 194.019
12 143 147.135
12 148 161.772
12 158 150.943
12 195 157.198
12 214 290.867
12 220 158.651
12 231 162.34
13 9 309.79
13 19 375.265
13 79 769.398
13 158 467.865
14 45 186.127
14 68 585.996
14 99 178.432
14 125 525.512
14 129 171.332
14 204 228.386
14 219 189.388
14 245 316.814
14 248 168.759
15 3 843.807
15 44 530.216
15 72 168.037
15 115 653.462
15 127 166.328
15 144 228.608
15 173 487.256
15 183 180.681
15 201 210.066
16 54 301.706
16 175 292.211
17 28 297.787
17 39 164.555
17 72 188.718
17 78 528.305
17 92 620.859
17 121 192.574
17 137 263.613
17 200 325.738
17 201 419.067
18 48 207.65
18 164 91.6431
18 178 297.254
19 10 167.057
19 22 107.829
19 33 110.5
19 39 99.2285
19 93 186.068
19 103 114.502
19 105 164.298
19 121 99.1006
19 166 120.419
19 191 217.138
19 193 206.533
19 211 137.424
20 38 251.399
20 118 213.35
20 127 226.919
20 130 231.882
20 153 600.36
20 183 203.852
20 203 299.139
20 222 187.534
21 1 62.2903
21 25 100.801
21 59 84.697
21 84 76.0321
21 85 58.8691
21 96 85.9535
21 101 66.0689
21 117 63.2155
21 128 149.843
21 177 61.0273
21 182 80.2648
21 188 61.4986
21 190 105.815
21 202 96.741
21 237 109.734
21 241 85.0341
21 243 76.7434
21 247 89.1496
22 0 108.969
22 9 128.095
22 19 251.199
22 29 160.132
22 79 131.957
22 122 190.385
22 158 113.738
22 169 144.78
22 220 165.014
23 51 149.133
23 58 115.717
23 162 473.068
23 174 170.199
23 187 224.709
23 199 216.941
24 16 158.032
24 104 334.784
24 210 176.127
24 244 188.73
25 15 155.704
25 67 109.143
25 176 182.601
26 2 274.336
26 12 165.503
26 52 113.573
26 61 111.75
26 133 128.378
27 31 337.603
27 41 90.4963
27 59 133.611
27 60 240.843
27 89 263.561
27 109 90.9624
27 152 90.3289
27 222 180.001
27 229 286.942
27 246 113.387
28 160 307.168
28 181 154.167
28 196 159.333
29 28 53.1442
29 39 70.313
29 78 54.2809
29 87 53.9816
29 92 57.0287
29 106 62.7751
29 138 234.37
29 172 59.6207
29 200 63.5018
29 211 56.8503
30 74 285.158
30 171 297.561
30 186 293.823
30 223 323.503
31 10 185.337
31 39 134.784
31 76 141.393
31 87 232.824
31 138 156.883
31 172 129.31
31 179 148.037
31 191 121.996
31 193 127.301
31 211 172.842
32 15 299.262
32 67 661.091
32 85 240.507
32 117 184.669
32 123 148.374
32 128 185.443
32 139 227.111
32 177 176.902
32 237 186.893
32 243 150.79
33 35 134.526
33 47 338.939
33 80 84.2038
33 81 73.7168
33 83 180.181
33 90 65.5604
33 95 70.0429
33 140 92.6896
33 217 102.417
34 111 16.7027
34 126 18.5455
34 207 16.5952
34 213 24.1788
34 232 16.7766
34 235 17.7224
35 14 130.546
35 64 1132.02
35 71 429.347
35 118 184.423
35 163 145.3
35 167 143.273
35 226 107.282
36 21 253.825
36 49 211.087
36 58 296.072
36 73 183.171
36 100 230.673
36 170 440.843
36 230 185.924
36 236 1021.45
37 43 109.503
37 86 80.6476
37 145 74.6367
37 157 94.5296
37 165 132.215
37 242 81.406
38 69 319.04
38 79 326.067
38 158 355.087
38 233 249.646
39 18 236.385
39 88 507.078
39 126 507.93
39 150 488.845
39 235 351.295
40 10 65.442
40 39 89.0676
40 87 71.6518
40 121 55.0016
40 138 145.454
40 172 62.7268
40 191 56.533
40 211 83.0341
41 45 10.9032
41 68 49.4312
41 75 11.19
41 99 17.2423
41 125 13.3018
41 129 11.5289
41 204 10.1473
41 209 10.5971
41 219 23.5259
41 245 34.3507
41 248 11.1126
42 74 331.954
42 101 321.097
42 120 1089.83
42 128 130.224
42 177 169.218
42 223 169.22
42 237 145.348
42 243 206.106
43 18 500.271
43 88 880.395
43 126 322.838
44 62 77.5192
44 77 101.658
44 161 75.9348
44 207 280.959
44 213 72.609
45 24 1683.81
45 43 349.861
45 129 312.016
45 145 317.276
45 159 446.327
45 209 324.335
45 238 530.434
46 0 339.245
46 19 549.882
46 63 193.723
46 112 224.026
46 148 178.978
46 158 293.263
46 214 209.827
47 62 360.808
47 73 208.338
47 119 301.877
47 161 236.438
47 207 246.01
47 216 408.727
47 230 198.991
48 82 275.125
48 86 309.743
48 136 300.85
48 145 284.698
48 147 400.115
48 157 272.04
48 159 207.386
48 168 296.626
48 176 193.387
48 212 596.174
48 221 246.047
48 242 230.088
49 45 317.863
49 111 346.307
49 129 282.686
49 150 313.359
49 235 400.216
50 8 2641.66
50 196 527.697
51 21 604.77
51 27 385.074
51 49 698.542
51 51 673.612
51 55 387.463
51 58 521.986
51 100 430.474
51 119 283.591
51 187 408.005
51 199 430.064
52 45 469.467
52 68 195.835
52 125 192.705
52 129 270.708
52 150 156.165
52 245 132.731
53 0 511.26
53 19 219.286
53 63 253.905
53 195 275.959
53 214 1276.25
53 220 265.458
53 231 398.144
54 15 81.8102
54 67 192.072
54 85 150.664
54 123 64.2305
54 128 60.452
54 139 44.4966
54 171 44.548
54 177 81.4869
54 186 57.5327
54 237 66.6975
54 243 57.973
55 11 161.931
55 14 87.1068
55 38 88.2695
55 40 88.2566
55 46 79.9708
55 64 76.7243
55 71 90.5159
55 98 99.0541
55 102 253.653
55 107 153.964
55 118 105
55 130 96.7351
55 163 345.899
55 203 74.1307
56 32 308.184
56 53 203.585
56 61 135.836
56 63 128.087
56 132 165.35
56 133 130.974
56 143 121.239
56 148 117.445
56 195 191.784
56 206 390.142
57 1 642.676
57 25 349.032
57 62 504.211
57 77 280.546
57 84 493.961
57 96 331.081
57 117 306.419
57 161 755.971
57 182 419.051
57 190 281.443
57 202 381.165
57 207 315.892
57 241 404.702
57 247 412.423
58 94 19.3788
58 104 20.6474
58 210 24.7622
58 244 20.1279
59 9 159.231
59 19 164.127
59 29 171.731
59 79 137.094
59 122 272.041
59 169 171.262
59 220 128.851
60 9 358.384
60 29 304.734
60 122 364.507
60 165 828.716
60 169 409.412
60 242 300.271
61 24 273.986
61 45 155.934
61 82 164.255
61 129 198.285
61 145 147.94
61 159 382.268
61 238 145.437
62 111 262.991
62 126 226.96
62 150 345.107
62 235 841.704
63 7 306.961
63 36 1191.45
63 66 325.133
63 91 270.35
63 141 407.25
63 144 323.697
63 154 587.116
63 167 367.428
63 225 349.794
63 226 553.028
63 249 668.83
64 57 247.346
64 77 121.161
64 111 124.617
64 139 89.0922
65 9 297.403
65 122 290.053
65 165 1264.74
65 169 322.823
65 242 299.122
66 11 155.766
66 14 87.105
66 38 82.83
66 40 83.9176
66 46 75.718
66 64 76.3818
66 71 90.0158
66 98 91.7517
66 102 235.609
66 107 150.588
66 118 102.788
66 130 90.5171
66 163 411.851
67 5 465.574
67 37 312.562
67 50 275.288
67 70 341.708
67 124 214.023
67 134 1034.14
67 215 298.651
67 228 359.311
68 104 309.267
68 210 177.797
68 244 265.354
69 113 759.964
69 131 290.321
69 194 510.541
69 205 2014.03
70 10 257.203
70 39 1954.89
70 78 225.773
70 92 314.571
70 105 213.056
70 121 474.634
70 138 245.248
70 191 316.044
70 200 229.158
70 201 212.446
70 211 449.13
71 45 374.482
71 68 2949.4
71 75 255.466
71 99 361.812
71 125 455.323
71 129 380.456
71 204 287.635
71 219 450.088
71 245 650.123
71 248 271.615
72 23 54.0074
72 32 73.0274
72 53 49.0532
72 63 40.1655
72 132 86.0277
72 146 39.5159
72 189 40.0188
72 195 86.9203
72 206 138.375
72 214 42.3454
72 231 54.3418
73 10 344.953
73 39 861.498
73 78 325.697
73 92 404.176
73 121 429.187
73 138 523.849
73 191 355.747
73 200 352.684
73 211 521.636
74 45 331.919
74 68 172.392
74 125 161.327
74 129 211.386
74 150 111.104
74 245 111.735
75 31 220.425
75 33 107.202
75 41 138.09
75 59 188.063
75 60 179.809
75 89 966
75 109 106.239
75 152 98.9007
75 156 126.811
75 188 100.882
75 222 156.222
75 229 390.487
75 246 123.186
76 15 4.06905
76 57 4.17239
76 82 4.30523
76 176 4.44482
76 212 4.19325
77 23 677.35
77 32 380.337
77 53 322.235
77 123 320.41
77 132 820.951
77 146 683.121
77 171 473.941
77 186 330.851
77 189 531.892
77 206 396.54
78 57 319.371
78 82 307.296
78 111 269.688
79 2 103.412
79 12 78.7022
79 197 150.23
80 31 21.7263
80 38 20.9197
80 56 20.0863
80 60 24.3082
80 74 38.2492
80 101 20.1271
80 120 29.8619
80 130 20.1542
80 153 20.886
80 203 22.6557
80 223 27.0458
81 10 74.929
81 27 88.86
81 55 56.4953
81 191 59.4795
81 193 151.856
82 18 257.14
82 88 204.675
82 126 453
82 198 329.579
82 208 151.798
82 213 160.247
82 218 215.095
82 232 471.448
82 239 205.724
83 27 176.738
83 49 121.548
83 55 2018.1
83 100 106.254
83 119 162.719
84 10 233.37
84 27 175.238
84 76 211.117
84 87 181.779
84 179 161.154
84 193 253.395
84 211 161.021
84 224 185.985
85 136 62.3811
85 147 51.6668
85 168 49.6016
85 176 44.6672
85 214 58.2882
85 220 76.532
85 221 67.4037
85 231 58.8991
86 8 129.082
86 20 132.115
86 90 258.529
86 95 134.043
86 135 724.482
86 217 149.654
86 240 793.464
87 26 242.795
87 108 269.269
87 164 377.314
88 35 34.0242
88 47 39.4336
88 83 23.7583
88 90 27.4969
88 95 18.8711
88 140 60.0533
88 217 63.358
89 23 137.368
89 32 222.352
89 53 178.781
89 80 104.734
89 132 800.267
89 146 130.12
89 171 109.275
89 189 112.834
89 195 100.272
89 206 195.683
90 94 785.613
90 210 439.014
90 234 421.609
91 26 299.227
91 48 308.838
91 108 318.93
91 164 1452.67
91 178 223.31
92 45 309.395
92 68 317.034
92 88 304.846
92 110 338.561
92 125 603.746
92 150 405.966
92 204 372.437
93 23 267.563
93 85 194.956
93 123 436.212
93 132 212.744
93 146 523.515
93 171 1300.12
93 177 189.4
93 186 559.761
93 189 330.975
94 8 179.256
94 97 139.282
94 135 157.756
94 160 128.232
94 181 141.262
94 196 147.906
94 240 194.726
95 29 303.327
95 43 220.333
95 86 602.981
95 122 228.938
95 136 220.561
95 145 250.563
95 147 222.907
95 157 403.394
95 165 275.243
95 168 313.886
95 169 312.419
95 220 186.875
95 221 234.521
95 242 2840.56
96 7 68.3043
96 34 55.736
96 36 62.9821
96 66 61.8059
96 72 56.4492
96 91 76.3625
96 141 200.506
96 144 70.5494
96 154 70.0706
96 184 56.3607
96 225 565.649
96 249 55.4293
97 16 108.34
97 104 245.092
97 244 107.134
98 11 329.177
98 20 313.42
98 40 595.05
98 42 260.712
98 46 871.098
98 95 287.816
98 98 671.561
98 102 297.459
98 107 303.702
98 135 318.129
98 240 283.997
99 2 110.866
99 12 70.6719
99 52 53.3557
99 61 53.1238
99 133 62.9917
100 68 20.4146
100 75 17.9625
100 99 38.9633
100 125 11.1494
100 209 17.3357
100 219 223.739
100 245 30.9223
100 248 13.8303
101 5 165.185
101 37 91.7296
101 50 55.1302
101 70 76.4437
101 124 50.0806
101 134 133.222
101 215 70.6417
101 228 65.3204
102 69 190.971
102 112 176.914
102 114 129.226
102 142 148.15
102 158 191.308
102 233 239.026
103 11 279.643
103 40 248.788
103 42 284.204
103 46 253.253
103 56 305.562
103 98 426.679
103 102 330.537
103 107 252.55
103 130 228.627
103 163 242.599
104 1 1024.99
104 25 303.676
104 62 147.875
104 84 290.728
104 96 320.271
104 117 110.916
104 151 143.898
104 161 268.743
104 180 130.912
104 182 567.268
104 188 167.55
104 190 215.218
104 202 255.144
104 241 209.891
104 247 309
105 7 162.936
105 30 395.262
105 34 208.968
105 66 174.77
105 91 138.709
105 116 643.067
105 184 189.829
105 227 170.107
105 234 160.387
106 1 322.47
106 25 2319.75
106 62 113.198
106 84 396.924
106 96 491.824
106 117 141.708
106 128 111.224
106 151 135.043
106 161 164.655
106 180 118.275
106 182 859.164
106 188 173.656
106 190 390.5
106 202 643.094
106 241 339.248
106 247 776.251
107 74 76.9857
107 85 59.3893
107 101 146.787
107 120 146.704
107 128 54.9466
107 177 87.067
107 186 48.2888
107 223 49.8246
107 237 64.1758
107 243 103.277
108 2 864.376
108 12 433.098
108 133 239.476
108 197 287.57
109 19 649.581
109 79 393.64
109 112 531.473
109 114 299.678
109 158 4668.33
109 233 345.69
110 2 30.4841
110 12 26.8234
110 52 51.5886
110 61 47.5152
110 133 52.493
110 143 22.7856
110 148 20.8599
111 2 58.0672
111 12 78.566
111 61 11.7994
111 81 12.9998
111 133 15.2177
112 54 24.9039
112 175 135.576
112 244 26.8285
113 22 227.176
113 33 856.532
113 41 838.378
113 93 297.953
113 103 204.595
113 109 235.385
113 151 240.409
113 156 508.489
113 166 224.561
113 180 236.081
113 188 216.329
113 229 235.76
113 246 209.379
114 5 176.076
114 37 161.602
114 50 66.2731
114 70 110.338
114 124 70.3085
114 134 126.182
114 215 106.971
114 228 71.539
115 22 83.4129
115 31 41.494
115 33 74.1288
115 41 64.5376
115 89 46.0125
115 93 56.9651
115 103 63.7506
115 105 42.7113
115 109 247.536
115 149 74.1379
115 152 114.734
115 156 43.143
115 166 69.3233
115 222 78.0429
115 229 74.9576
115 246 177.676
116 26 245.811
116 69 217.332
116 108 263.04
116 142 338.822
117 55 42.816
117 62 63.1114
117 73 52.9653
117 100 42.6352
117 119 110.257
117 161 43.1489
117 216 108.75
117 230 49.2285
118 57 203.033
118 77 175.958
118 84 128.587
118 117 297.755
118 139 579.427
118 202 120.11
118 241 141.785
119 68 148.171
119 75 1335.02
119 99 350.468
119 204 141.379
119 219 208.168
119 245 219.278
119 248 373.378
120 50 297.385
120 76 345.432
120 174 237.167
120 179 233.905
120 224 992.159
120 228 232.813
121 21 453.469
121 27 369.275
121 49 595.825
121 51 337.326
121 55 819.918
121 58 360.468
121 73 312.294
121 100 490.307
121 119 593.448
121 216 309.651
122 21 287.465
122 49 341.054
122 55 724.902
122 62 318.922
122 73 290.78
122 100 336.199
122 119 1297.53
122 216 358.117
123 28 191.44
123 39 203.903
123 78 187.212
123 92 185.864
123 106 254.129
123 138 856.421
123 172 223.095
123 200 224.621
124 26 207.136
124 108 181.288
125 4 87.3502
125 155 95.9034
125 198 83.8616
125 207 141.172
125 208 120.025
125 213 406.72
125 232 98.4238
126 82 155.525
126 159 115.34
126 212 92.1816
127 113 301.928
127 140 301.511
127 194 590.277
127 205 299.53
128 51 90.1213
128 162 137.997
128 174 119.49
128 187 139.225
128 199 130.588
128 224 88.1022
129 3 192.201
129 44 175.312
129 72 83.9488
129 92 80.0253
129 115 233.222
129 121 82.4865
129 127 100.309
129 144 95.2091
129 173 180.372
129 183 112.418
129 201 155.697
130 54 29.1243
130 94 24.9952
130 175 24.746
130 244 24.0722
131 0 219.978
131 9 217.376
131 19 1517.13
131 79 337.291
131 112 241.951
131 122 211.336
131 158 493.1
132 23 168.456
132 32 90.6068
132 132 116.736
132 146 99.9234
132 189 114.635
132 195 150.817
132 206 120.076
132 214 133.588
132 231 279.01
133 56 65.1548
133 60 66.8937
133 74 314.101
133 101 102.601
133 120 242.646
133 223 106.953
133 243 73.7477
134 4 90.5698
134 62 72.3893
134 73 88.0055
134 119 74.8055
134 155 78.8398
134 207 104.38
134 208 75.9649
134 213 84.3294
134 216 168.127
134 230 87.0199
135 11 461.769
135 20 226.572
135 40 804.987
135 46 861.919
135 98 1174.69
135 102 395.683
135 107 393.936
135 163 232.448
136 5 274.116
136 50 350.901
136 70 279.778
136 134 640.034
136 228 655.417
137 10 125.524
137 39 360.326
137 92 98.856
137 93 82.955
137 103 83.7854
137 105 127.264
137 121 277.973
137 191 225.435
137 193 85.957
137 201 82.8854
137 211 243.807
138 50 8.97061
138 70 9.32305
138 76 17.3356
138 87 26.6317
138 124 13.2689
138 138 6.8328
138 172 10.79
138 179 74.9276
138 215 9.31858
138 224 7.405
139 15 387.725
139 67 279.089
139 139 291.737
139 176 326.359
140 0 428.966
140 32 242.871
140 52 237.361
140 61 253.562
140 63 747.538
140 143 422.807
140 148 454.845
140 195 1066.31
140 206 321.698
140 214 374.942
140 231 310.566
141 13 351.705
141 14 267.325
141 30 273.477
141 64 318.98
141 192 292.558
141 226 301.922
141 234 362.013
142 15 66.0244
142 67 110.72
142 85 63.8534
142 117 66.6336
142 128 61.4501
142 139 76.992
142 177 50.2823
142 202 45.4369
142 237 59.4511
142 241 49.2028
142 243 45.6772
143 7 412.405
143 30 660.882
143 34 696.98
143 66 400.37
143 91 356.401
143 116 671.533
143 154 232.839
143 184 646.885
143 227 234.415
144 26 102.73
144 48 86.8454
144 108 106.267
144 164 1009.98
144 178 58.0184
145 50 538.818
145 70 348.85
145 76 1034.17
145 87 403.567
145 124 354.708
145 134 240.044
145 172 258.86
145 179 731.979
145 215 311.706
145 224 392.067
145 228 305.363
146 13 252.597
146 30 268.957
146 94 235.178
146 116 234.44
146 192 219.679
146 210 223.971
146 234 1205.43
147 0 1092.21
147 19 167.992
147 63 320.779
147 143 207.056
147 148 230.763
147 195 277.515
147 214 489.018
147 231 239.015
148 2 126.232
148 12 129.218
148 194 153.459
148 197 248.606
149 16 2671.12
149 17 466.2
149 65 248.623
149 97 279.162
149 104 295.286
149 160 234.067
149 181 319.965
149 185 349.751
150 12 299.511
150 47 549.18
150 53 310.373
150 80 406.597
150 81 935.457
150 83 342.946
150 140 306.431
151 9 317.323
151 19 510.778
151 29 380.214
151 79 313.813
151 122 488.984
151 158 245.381
151 169 352.397
151 220 350.313
152 25 74.6598
152 59 98.7184
152 85 76.5989
152 96 67.3035
152 101 97.8642
152 120 63.6783
152 128 332.694
152 177 84.7055
152 182 63.452
152 190 78.8715
152 202 73.2081
152 237 201.505
152 241 67.8181
152 243 121.818
152 247 68.8239
153 0 87.9968
153 19 50.863
153 63 49.6172
153 195 54.1811
153 214 171.612
153 220 76.0075
153 221 50.407
153 231 86.5649
154 24 1880.24
154 129 93.7519
154 159 97.6313
154 209 116.5
154 219 85.119
154 238 147.437
155 82 46.8351
155 86 40.8049
155 136 73.3061
155 147 94.0595
155 168 55.7104
155 176 75.5883
155 212 82.7846
155 221 55.7227
156 87 3.32342
156 106 3.37453
156 124 3.72951
156 138 5.07031
156 172 5.46811
157 8 91.824
157 97 60.2073
157 160 72.3098
157 181 65.633
157 196 96.0939
157 240 66.6019
158 67 195.553
158 85 437.145
158 101 411.779
158 120 229.615
158 123 181.293
158 128 374.572
158 177 959.985
158 186 191.677
158 237 556.57
158 243 1125.11
159 140 104.46
159 194 122.008
159 197 111.58
160 0 590.761
160 19 389.795
160 63 267.555
160 112 246.902
160 143 214.309
160 148 236.672
160 158 270.936
160 214 285.536
161 38 561.519
161 71 257.283
161 118 384.194
161 130 494.312
161 153 698.777
161 203 699.737
162 43 170.937
162 82 85.8644
162 86 168.349
162 145 1603.34
162 147 79.1618
162 157 259.049
162 159 111.661
162 168 80.5717
162 212 99.26
162 242 103.451
163 38 349.52
163 118 189.577
163 130 296.571
163 153 608.37
163 203 523.391
164 7 192.209
164 30 459.271
164 34 236.207
164 66 210.005
164 91 162.325
164 94 162.431
164 116 538.988
164 184 213.351
164 227 204.362
164 234 237.513
165 18 1875.3
165 88 307.692
165 126 268.87
165 198 378.971
165 218 505.185
165 232 324.914
165 239 543.912
166 4 216.99
166 21 298.974
166 49 355.369
166 55 251.112
166 58 239.024
166 73 521.13
166 100 477.802
166 119 529.018
166 170 228.998
166 216 521.465
166 230 437.049
167 4 139.644
167 62 88.5739
167 73 151.064
167 119 108.705
167 155 113.996
167 207 110.021
167 208 103.956
167 213 102.824
167 216 340.355
167 230 148.711
168 28 855.39
168 78 454.46
168 92 287.682
168 106 815.94
168 137 381.432
168 200 631.638
169 94 45.9793
169 104 49.3753
169 210 70.1049
170 4 93.238
170 62 106.029
170 73 88.5811
170 119 87.3944
170 155 85.7146
170 207 194.695
170 208 86.5154
170 213 108.421
170 216 148.516
170 230 87.5123
171 26 576.022
171 108 667.184
171 142 377.183
171 164 311.892
172 23 31.4666
172 80 31.4328
172 123 34.5365
172 132 39.1177
172 146 41.4242
172 171 48.6254
172 186 40.6012
172 189 32.329
173 54 944.032
173 94 430.242
173 227 245.583
174 22 243.435
174 33 417.532
174 41 301.085
174 93 436.438
174 103 235.885
174 105 257.74
174 156 249.93
174 166 258.11
174 191 232.13
174 193 263.513
175 6 43.2762
175 16 23.3594
175 17 43.6045
175 20 40.7826
175 40 21.0087
175 46 20.1161
175 65 43.9702
175 97 35.4336
175 181 26.816
175 185 106.796
175 192 21.2993
176 36 611.48
176 44 188.742
176 141 210.145
176 144 212.823
176 154 281.065
176 167 490.007
176 226 421.543
176 249 1143.27
177 28 58.783
177 78 46.5851
177 106 230.742
177 138 47.0699
177 200 59.4309
178 23 90.8348
178 32 45.6431
178 53 36.798
178 123 33.218
178 132 100.908
178 146 67.1561
178 171 45.4783
178 186 33.4412
178 189 60.0549
178 195 35.4584
178 206 51.4614
178 231 37.0816
179 82 908.622
179 147 308.32
179 159 337.767
179 176 309.641
179 212 1051.53
180 15 185.085
180 67 213.952
180 85 307.471
180 123 709.53
180 146 190.673
180 171 274.695
180 177 230.822
180 186 496.997
180 189 173.692
180 237 142.143
180 243 150.585
181 2 272.566
181 12 242.056
181 52 301.935
181 61 335.89
181 133 462.92
181 143 150.988
182 13 553.936
182 192 439.279
182 210 360.648
182 234 696.128
183 6 369.607
183 16 403.96
183 17 606.055
183 20 450.277
183 65 412.272
183 97 719.89
183 181 538.971
183 185 2834.62
184 69 203.535
184 79 247.113
184 158 228.325
185 39 144.158
185 78 94.7044
185 92 147.66
185 103 92.2412
185 105 116.515
185 121 380.832
185 166 85.643
185 191 104.393
185 200 84.5212
185 201 164.497
185 211 98.9259
186 15 54.9457
186 67 111.356
186 85 92.565
186 101 37.788
186 117 40.4065
186 123 40.5396
186 128 66.0247
186 139 43.3639
186 177 63.1374
186 186 37.9188
186 237 69.5394
186 243 52.1048
187 51 59.0608
187 58 34.2922
187 162 60.8384
187 174 40.2182
187 187 118.439
187 199 106.142
187 224 38.4849
188 57 134.949
188 77 137.436
188 111 324.233
188 150 137.831
188 235 216.18
189 33 400.328
189 41 326.132
189 93 294.601
189 151 200.4
189 156 291.927
189 166 199.861
189 180 210.641
189 193 202.451
190 24 20.6651
190 45 18.7333
190 82 25.2233
190 129 22.1429
190 159 46.1569
191 7 119.825
191 30 229.854
191 34 162.511
191 66 122.163
191 91 106.917
191 116 1730.08
191 184 154.95
191 227 134.679
191 234 92.5311
192 10 46.2579
192 27 102.131
192 55 46.3021
192 193 76.9997
193 21 594.081
193 49 746.578
193 55 277.826
193 58 420.147
193 73 561.925
193 100 1770.57
193 119 389.649
193 170 339.963
193 216 368.278
193 230 489.132
193 236 276.723
194 131 284.846
194 178 370.914
195 38 289.26
195 56 210.53
195 60 212.836
195 74 288.436
195 120 220.937
195 130 275.361
195 153 256.976
195 203 318.143
195 223 252.804
196 26 56.5356
196 108 60.887
196 142 38.494
197 26 303.532
197 48 631.092
197 108 276.087
197 164 384.664
197 178 328.899
198 18 58.7769
198 88 145.068
198 126 126.904
198 150 71.9525
198 198 44.8286
198 232 50.2708
198 235 58.657
199 31 509.985
199 59 306.348
199 60 641.733
199 74 315.013
199 89 276.03
199 101 288.499
199 120 379.599
199 153 256.504
199 222 266.549
199 229 247.488
200 50 372.507
200 70 356.166
200 76 1082.73
200 87 1320.9
200 124 477.775
200 172 419.634
200 179 1469.75
200 215 352.136
200 224 361.114
201 55 429.089
201 62 509.137
201 119 706.831
201 151 318.139
201 161 352.317
201 180 384.781
201 216 335.942
202 3 252.974
202 44 343.238
202 115 336.799
202 127 664.436
202 144 202.899
202 149 215.301
202 167 209.862
202 173 374.093
202 183 541.537
202 249 250.61
203 7 196.518
203 30 144.35
203 34 149.031
203 36 156.328
203 66 298.349
203 91 125.759
203 116 82.6302
203 154 438.751
203 167 81.2132
203 184 122.766
203 225 89.4114
203 226 171.119
203 249 85.0959
204 3 507.939
204 44 302.747
204 72 360.647
204 115 274.228
204 141 200.919
204 144 469.313
204 173 269.592
204 201 208.321
205 1 64.3575
205 25 52.2437
205 62 33.1881
205 77 39.4277
205 84 105.331
205 96 42.2647
205 117 83.467
205 139 46.3938
205 161 44.8305
205 182 55.6802
205 190 38.2618
205 202 72.2535
205 241 103.157
205 247 73.2139
206 131 146.4
206 197 60.8468
207 88 150.858
207 126 120.296
207 150 180.835
207 235 109.278
208 131 188.564
208 194 204.97
208 197 552.405
209 50 73.6327
209 70 36.5418
209 76 42.9517
209 134 40.6244
209 174 48.836
209 224 54.8292
209 228 70.5261
210 26 452.485
210 108 416.801
211 2 221.368
211 197 178.421
212 6 299.729
212 13 120.51
212 14 108.311
212 16 123.27
212 17 333.213
212 20 140.002
212 65 530.816
212 97 128.639
212 181 109.347
212 185 276.3
212 192 146.167
213 15 93.1406
213 23 93.9167
213 67 91.1347
213 85 101.818
213 123 591.066
213 146 153.581
213 171 215.876
213 177 84.7719
213 186 252.005
213 189 139.618
214 13 62.5651
214 94 40.8383
214 192 53.1616
214 210 55.6714
214 234 137.769
215 24 234.665
215 82 252.23
215 129 206.784
215 145 182.2
215 159 691.761
215 212 172.867
216 43 335.997
216 82 332.009
216 86 644.563
216 136 329.688
216 145 675.943
216 147 396.98
216 157 610.967
216 159 320.722
216 168 372.034
216 212 497.502
216 221 293.236
216 242 383.576
217 23 43.6702
217 136 48.4234
217 147 42.9011
217 176 49.1992
217 214 62.2081
217 220 51.6186
217 221 49.0388
217 231 81.3676
218 52 197.079
218 61 144.647
218 112 182.894
218 114 424.306
218 143 159.647
218 148 153.445
218 233 209.52
219 82 218.715
219 159 233.962
219 212 114.329
220 29 107.983
220 43 157.39
220 86 240.821
220 145 147.986
220 157 253.905
220 165 174.417
220 168 107.944
220 169 117.82
220 242 257.87
221 28 630.312
221 72 187.318
221 78 535.215
221 92 266.489
221 106 212.163
221 137 742.632
221 200 407.384
221 201 198.682
222 16 150.794
222 17 88.6017
222 104 490.425
223 57 324.381
223 77 217.194
223 111 318.632
224 9 276.706
224 19 163.972
224 29 399.842
224 79 172.519
224 122 2609.24
224 165 162.636
224 168 149.51
224 169 545.896
224 220 188.491
224 221 145.929
224 242 172.518
225 23 243.329
225 32 497.266
225 53 409.681
225 80 223.558
225 132 1138.15
225 146 232.782
225 171 200.644
225 189 203.419
225 206 394.137
226 10 290.894
226 27 534.21
226 55 249.776
226 193 503.631
227 88 14.8454
227 126 11.4168
227 150 19.8828
227 235 11.6269
228 24 57.1818
228 209 141.858
228 219 56.0778
228 238 70.9225
229 32 321.592
229 53 249.963
229 61 133.859
229 81 113.398
229 132 149.712
229 133 136.946
229 195 141.916
229 206 271.623
230 16 146.283
230 160 216.357
231 24 187.445
231 43 283.84
231 86 120.065
231 145 219.132
231 157 155.074
231 159 178.765
231 238 207.809
232 26 86.8911
232 108 93.1966
232 142 68.8802
233 18 150.204
233 88 215.796
233 126 637.29
233 150 247.297
233 198 147.686
233 232 178.32
233 235 265.805
234 13 325.376
234 14 193.725
234 64 176.637
234 192 249.561
234 234 246.392
235 1 290.768
235 62 379.825
235 77 315.528
235 161 358.119
235 207 783.223
236 6 196.327
236 16 221
236 17 246.439
236 20 361.221
236 65 199.271
236 97 3258.15
236 160 205.3
236 181 610.24
236 185 490.896
236 240 197.944
237 11 263.584
237 14 359.58
237 64 1189.15
237 71 1031.27
237 102 278.989
237 107 277.626
237 118 497.038
237 163 439.946
237 167 309.406
238 7 442.818
238 30 597.692
238 34 677.595
238 66 415.974
238 91 421.758
238 116 927.716
238 154 262.194
238 184 719.483
238 227 337.26
239 6 60.8794
239 16 54.4284
239 17 65.5599
239 20 153.754
239 40 54.9581
239 46 56.0238
239 65 58.5291
239 97 258.078
239 135 56.4628
239 181 113.824
239 185 129.642
239 240 64.7149
240 27 491.12
240 55 742.132
240 119 290.239
241 7 906.444
241 30 470.485
241 34 1162.37
241 66 630.604
241 91 1526.85
241 116 404.591
241 154 374.18
241 184 2211.02
241 225 359.731
242 50 3.36577
242 174 6.4506
242 224 3.67552
242 228 3.48839
243 70 102.046
243 76 103.74
243 87 217.347
243 124 172.706
243 138 200.521
243 172 391.951
243 179 151.801
243 215 114.643
244 11 67.1819
244 38 58.587
244 40 45.9579
244 46 43.6754
244 98 61.493
244 102 94.5278
244 107 61.389
244 118 50.6645
244 130 65.0869
244 163 78.9652
244 203 48.2863
245 10 194.589
245 76 253.717
245 87 718.742
245 124 234.824
245 138 285.464
245 172 294.819
245 179 322.173
245 211 190.842
246 27 80.6616
246 51 144.992
246 162 93.0653
246 174 85.0206
246 187 216.114
246 199 197.139
246 224 141.308
247 32 5.01804
247 35 4.96612
247 47 5.69061
247 53 6.35665
247 80 54.288
247 81 5.33263
247 83 7.12599
248 0 333.477
248 9 327.986
248 19 929.516
248 29 377.443
248 79 366.67
248 122 437.12
248 158 352.667
248 169 345.17
248 220 415.058
249 28 230.003
249 72 465.49
249 78 228.414
249 137 467.557
249 144 193.097
249 200 197.17
249 201 200.399
