300 300 2290
1
1
1
1
1
1
1
1
1
1
1
1
1
1
1
1
1
1
1
1
1
1
1
1
1
1
1
1
1
1
1
1
1
1
1
1
1
1
1
1
1
1
1
1
1
1
1
1
1
1
1
1
1
1
1
1
1
1
1
1
1
1
1
1
1
1
1
1
1
1
1
1
1
1
1
1
1
1
1
1
1
1
1
1
1
1
1
1
1
1
1
1
1
1
1
1
1
1
1
1
1
1
1
1
1
1
1
1
1
1
1
1
1
1
1
1
1
1
1
1
1
1
1
1
1
1
1
1
1
1
1
1
1
1
1
1
1
1
1
1
1
1
1
1
1
1
1
1
1
1
1
1
1
1
1
1
1
1
1
1
1
1
1
1
1
1
1
1
1
1
1
1
1
1
1
1
1
1
1
1
1
1
1
1
1
1
1
1
1
1
1
1
1
1
1
1
1
1
1
1
1
1
1
1
1
1
1
1
1
1
1
1
1
1
1
1
1
1
1
1
1
1
1
1
1
1
1
1
1
1
1
1
1
1
1
1
1
1
1
1
1
1
1
1
1
1
1
1
1
1
1
1
1
1
1
1
1
1
1
1
1
1
1
1
1
1
1
1
1
1
1
1
1
1
1
1
1
1
1
1
1
1
1
1
1
1
1
1
1
1
1
1
1
1
1
1
1
1
1
1
0 44 761.338
0 47 259.755
0 53 328.235
0 66 227.71
0 102 365.379
0 123 343.479
0 142 429.925
0 177 331.255
0 280 558.407
1 5 25.3488
1 33 27.6572
1 92 18.5075
1 117 19.577
1 148 52.5752
1 165 21.7541
1 170 25.6482
1 190 19.3718
1 228 34.7986
1 246 23.6689
2 208 169.487
2 230 352.225
2 240 151.325
2 257 493.245
3 15 72.6457
3 106 73.7749
3 206 156.421
3 219 133.024
3 225 81.7882
3 248 88.399
3 267 86.9419
4 44 62.9457
4 53 128.139
4 123 108.132
4 177 71.7938
4 280 49.1622
5 32 310.938
5 50 954.82
5 57 347.523
5 83 324.92
5 100 287.775
5 101 377.334
5 241 285.625
6 138 321.377
6 147 358.851
6 207 149.511
6 222 206.115
6 294 408.095
7 87 195.88
7 175 137.196
7 182 103.793
7 202 165.663
7 232 97.7563
7 236 227.226
7 254 110.532
7 288 112.55
8 50 296.58
8 100 499.471
9 119 132.553
9 138 302.794
9 147 268.342
9 188 194.686
9 204 147.919
9 207 206.66
9 222 187.919
9 243 130.912
9 294 180.178
10 21 82.9648
10 37 149.354
10 86 108.853
10 118 124.787
10 124 99.5602
10 199 94.2113
10 229 104.24
11 1 131.093
11 22 284.779
11 57 125.094
11 58 117.511
11 67 123.474
11 72 112.544
11 83 945.216
11 128 789.356
11 153 539.851
11 171 229.572
11 186 183.312
11 212 130.736
11 287 106.457
12 1 538.019
12 17 102.063
12 22 366.406
12 67 300.969
12 72 209.768
12 83 136.511
12 128 193.119
12 153 228.624
12 155 176.944
12 171 237.66
12 184 124.049
12 186 119.41
12 203 103.685
12 209 108.735
12 287 152.829
12 297 117.967
13 5 219.819
13 24 559.635
13 92 181.318
13 96 700.51
13 110 293.073
13 148 180.406
13 149 222.583
13 165 494.907
13 170 157.932
13 255 194.154
14 2 181.001
14 14 207.308
14 18 158.729
14 60 162.451
14 65 169.511
14 76 164.73
14 79 177.627
14 81 195.614
14 103 178.633
14 129 182.855
14 139 133.786
14 166 166.293
14 169 222.989
14 205 130.61
14 258 242.243
14 262 165.85
15 3 62.1184
15 69 23.2946
15 78 20.6745
15 127 19.9664
15 131 32.9588
15 178 60.718
15 265 19.5682
15 282 18.6068
15 285 22.143
16 99 159.915
16 109 375.606
16 214 170.84
17 64 43.2529
17 216 37.478
18 90 330.077
19 154 84.6582
19 197 139.542
19 244 113.786
19 248 195.453
20 5 265.147
20 16 249.148
20 89 499.964
20 117 480.981
20 148 270.593
20 170 375.815
20 290 283.338
21 19 142.412
21 77 125.748
21 112 120.291
21 143 252.525
21 167 436.13
21 182 119.283
21 187 153.542
21 200 385.106
22 58 571.074
22 146 297.777
22 186 434.573
22 212 308.283
22 249 300.323
23 8 10.9498
23 42 14.2501
23 162 12.1504
23 185 12.9436
23 192 13.4864
23 198 14.5436
23 245 16.1819
23 269 13.9282
24 79 139.723
24 81 106.242
24 270 181.497
25 1 29.0213
25 17 8.08827
25 22 21.5063
25 67 28.5362
25 72 11.6871
25 83 8.85373
25 128 12.2222
25 153 13.6222
25 155 14.3437
25 171 17.6244
25 184 9.8966
25 186 8.78139
25 203 8.22554
25 209 8.12417
25 287 9.00365
25 297 7.51493
26 0 5.88522
26 49 4.7744
26 56 6.25642
26 70 5.64645
26 95 9.15164
26 136 5.34728
26 189 4.66163
26 252 5.86216
26 272 4.99857
26 283 6.78673
26 291 5.80054
27 45 150.873
27 172 134.594
27 188 143.372
27 204 134.586
27 243 142.526
27 296 136.808
28 119 281.126
28 141 338.79
28 150 182.829
28 243 129.054
28 260 201.431
28 264 389.04
29 5 216.83
29 33 302.718
29 92 197.372
29 117 169.074
29 148 388.303
29 165 199.487
29 170 212.352
29 190 179.133
29 228 367.299
29 246 264.766
30 79 1996.57
30 81 787.611
30 270 577.062
31 13 209.931
31 145 158.221
31 147 205.702
31 207 271.447
31 222 318.656
31 274 420.201
32 109 2.74259
32 168 3.65889
32 214 4.35891
32 282 2.58482
33 19 1077.91
33 77 233.762
33 112 287.866
33 143 709.926
33 167 566.176
33 187 775.156
33 200 344.93
33 201 256.227
34 2 274.865
34 14 286.143
34 65 325.363
34 79 453.561
34 81 596.392
34 103 266.623
34 129 307.989
34 166 255.946
34 169 305.425
34 258 316.575
34 270 283.451
35 3 245.091
35 127 404.613
35 131 812.078
35 178 275.65
35 194 127.269
35 285 416.706
36 57 132.736
36 58 102.088
36 107 175.912
36 212 156.25
36 266 77.8384
36 284 107.738
37 3 285.693
37 10 250.707
37 32 251.28
37 78 309.612
37 126 597.176
37 127 256.901
37 131 352.512
37 178 315.174
37 194 350.159
37 241 301.591
37 256 495.726
37 265 386.303
37 285 415.017
38 84 61.7526
38 90 58.4941
38 125 75.9433
38 180 80.9371
38 263 61.3553
39 24 120.383
39 46 85.2304
39 74 99.5257
39 96 133.368
39 110 304.851
39 165 90.1406
39 221 87.9256
39 255 109.302
39 295 111.414
40 1 285.701
40 17 178.587
40 22 190.545
40 67 1066.72
40 72 147.359
40 94 114.736
40 128 138.331
40 153 144.806
40 155 872.289
40 171 207.742
40 184 236.973
40 186 127.331
40 203 194.688
40 209 189.778
40 249 121.492
40 286 154.565
40 287 114.858
41 23 243.4
41 85 343.079
41 144 318.551
41 202 334.512
41 235 410.997
41 242 396.362
41 254 290.688
41 268 237.196
41 278 232.688
41 279 251.525
41 281 280.541
41 288 514.169
41 292 1082.18
42 84 219.148
42 90 538.87
42 263 251.39
43 34 163.674
43 111 235.973
43 140 278.033
43 160 174.708
43 193 350.629
43 234 419.294
43 273 165.278
43 289 174.147
44 32 364.366
44 50 233.506
44 57 347.819
44 78 216.982
44 101 343.557
44 107 869.701
44 212 266.664
44 256 210.481
44 265 228.104
44 284 1026.53
45 2 204.292
45 65 692.039
45 105 193.91
45 129 338.819
45 159 185.905
45 221 185.915
45 258 158.696
45 295 184.22
46 25 54.8393
46 32 43.4668
46 50 45.2505
46 101 46.0065
46 126 55.844
46 194 36.6966
46 241 111.771
46 256 48.4614
47 34 308.188
47 111 443.088
47 140 658.358
47 160 333.36
47 193 615.968
47 234 978.93
47 273 320.343
47 289 339.132
48 114 348.972
48 197 354.048
48 225 405.711
48 248 390.693
48 267 351.158
49 94 66.8221
49 121 75.2639
49 140 63.1529
49 195 66.218
49 209 68.228
49 210 67.5041
49 216 61.4281
49 237 130.688
49 261 729.281
49 286 94.0394
50 5 233.534
50 89 373.026
50 117 602.14
50 148 250.908
50 170 321.136
50 190 237.484
50 290 241.503
51 4 114.86
51 11 155.517
51 23 341.327
51 27 264.522
51 41 111.1
51 51 126.382
51 137 228.114
51 150 135.608
51 235 186.506
51 279 108.185
51 281 466.805
51 292 133.674
52 13 201.498
52 147 115.052
52 207 174.88
52 213 120.014
52 222 157.076
52 227 118.199
52 238 122.267
52 274 2680.48
53 6 226.537
53 122 671.66
53 197 531.831
53 233 261.299
54 47 829.464
54 68 162.588
54 102 134.078
54 142 315.228
54 253 137.367
55 9 688.886
55 54 208.687
55 84 261.906
55 154 274.378
55 163 204.252
55 180 274.195
55 244 237.458
55 263 212.332
55 276 462.617
56 87 122.043
56 143 189.372
56 167 186.366
56 175 124.868
56 182 174.117
56 187 125.289
56 200 585.914
56 253 126.581
57 144 292.742
57 202 1210.45
57 232 285.002
57 236 406.985
57 242 299.404
57 254 440.191
57 268 246.172
57 278 269.982
57 279 284.125
57 288 2124.58
57 292 395.251
58 46 594.496
58 65 321.517
58 105 294.438
58 221 1932.91
58 295 2641.28
59 149 103.081
59 270 107.292
60 82 476.714
60 156 466.605
60 250 530.138
60 259 152.435
60 299 699.586
61 138 996.195
61 147 2645.98
61 207 619.328
61 222 808.346
61 294 718.356
62 11 123.845
62 12 177.281
62 30 151.437
62 41 135.344
62 51 147
62 52 147.138
62 62 124.546
62 63 823.652
62 104 277.78
62 239 206.542
62 298 124.387
63 9 216.327
63 84 300.535
63 125 235.636
63 158 203.508
63 180 753.135
63 263 245.189
63 276 776.246
64 28 254.666
64 30 141.419
64 52 147.757
64 62 151.903
64 114 232.321
64 115 251.829
64 181 206.976
64 225 185.068
64 267 154.516
65 84 225.498
65 90 334.056
65 180 225.287
65 263 250.152
66 2 131.396
66 28 131.622
66 38 165.921
66 62 149.723
66 105 113.917
66 115 355.643
66 129 116.882
66 152 253.128
66 159 207.891
66 181 228.134
67 1 338.506
67 8 453.34
67 72 558.212
67 100 524.132
67 287 870.564
67 297 891.45
68 3 88.6596
68 69 102.039
68 168 125.025
68 178 81.4279
68 214 88.6883
68 282 121.23
69 2 84.5382
69 14 81.6753
69 65 112.218
69 79 119.883
69 81 158.087
69 129 100.237
69 169 84.9992
69 258 89.9787
69 270 83.639
70 22 136.823
70 50 91.0202
70 57 148.162
70 58 111.19
70 83 548.675
70 128 219.225
70 153 191.287
70 171 123.197
70 186 124.112
70 212 148.825
71 47 241.779
71 66 298.725
71 68 392.206
71 80 245.304
71 93 212.554
71 142 274.286
71 183 318.415
71 231 306.18
71 251 300.102
71 253 220.187
71 280 219.303
72 16 80.5506
72 89 40.0308
72 145 36.4102
72 255 29.8503
72 290 46.6757
73 15 88.0186
73 55 75.0854
73 82 184.776
73 103 83.7487
73 106 82.2816
73 139 96.7305
73 156 93.4045
73 166 92.1302
73 169 72.1756
73 205 87.3272
73 250 216.389
73 259 102.78
73 262 77.3076
73 299 102.437
74 31 777.773
74 39 702.814
74 88 988.29
74 97 185.955
74 215 229.361
74 293 169.904
75 4 227.802
75 11 218.006
75 12 201.193
75 30 205.063
75 41 285.979
75 51 259.691
75 52 203.477
75 62 206.7
75 63 472.086
75 104 404.616
75 224 194.27
75 239 488.537
75 298 183.202
76 44 581.109
76 53 906.416
76 123 345.072
76 177 280.876
76 280 590.095
77 85 167.963
77 144 213.039
77 202 565.651
77 232 195.782
77 235 167.408
77 236 250.166
77 242 226.233
77 254 302.814
77 268 172.993
77 278 192.83
77 279 205.492
77 288 1705.07
77 292 343.495
78 79 468.896
78 81 288.514
78 270 344.448
79 12 452.566
79 20 265.799
79 30 218.896
79 52 205.291
79 63 179.64
79 64 205.919
79 161 399.707
80 84 179.804
80 90 93.1735
80 163 95.6311
80 180 89.5379
80 263 349.152
80 276 59.5564
81 5 661.057
81 16 430.863
81 89 657.591
81 117 389.549
81 148 522.33
81 165 362.111
81 170 1349.71
81 255 335.561
81 290 317.576
82 6 67.2554
82 9 59.7978
82 91 60.1212
82 122 239.271
82 197 138.833
82 233 70.2729
82 244 62.1886
82 277 57.5316
83 8 122.458
83 42 115.609
83 72 86.2063
83 100 134.144
83 287 109.876
83 297 125.524
84 66 334.257
84 80 306.307
84 97 455.031
84 183 332.307
84 215 358.502
84 231 335.159
84 251 414.478
84 293 368.284
85 14 85.0179
85 15 174.18
85 18 98.9512
85 55 164.165
85 60 93.9042
85 76 104.454
85 103 94.4986
85 106 211.005
85 139 117.164
85 166 96.3046
85 169 83.8505
85 205 129.079
85 206 174.585
85 219 139.218
85 225 120.012
85 259 128.373
85 262 103.345
85 267 165.761
86 5 56.1985
86 16 59.1976
86 89 144.327
86 117 46.649
86 148 47.1877
86 170 83.8827
86 255 37.7909
86 290 49.8028
87 35 503.825
87 37 418.912
87 94 249.497
87 120 298.605
87 132 1030.79
87 157 283.753
87 174 316.161
87 199 530.251
87 210 268.368
87 226 315.79
87 229 259.495
88 19 412.702
88 69 392.851
88 112 336.092
88 187 287.977
88 201 472.688
88 214 360.065
88 282 568.194
89 17 92.8264
89 94 89.7638
89 121 119.508
89 155 90.0818
89 184 86.3861
89 195 114.905
89 203 106.3
89 209 107.385
89 237 111.435
89 261 209.968
89 286 157.027
90 46 138.1
90 65 161.704
90 73 108.926
90 105 145.842
90 129 114.259
90 221 284.857
90 295 223.096
91 28 253.71
91 30 162.169
91 38 208.792
91 52 172.441
91 62 336.627
91 115 875.723
91 152 294.685
91 159 177.668
91 181 211.646
91 239 155.173
91 247 151.209
92 79 250.459
92 250 231.441
92 270 260.371
92 299 288.12
93 3 230.683
93 78 149.945
93 126 153.087
93 127 149.681
93 131 274.142
93 178 272.48
93 194 130.029
93 256 146.397
93 265 164.053
93 285 232.426
94 36 21.726
94 56 28.1587
94 70 19.9556
94 95 23.6919
94 252 23.1393
94 272 19.3066
94 283 55.539
94 291 75.5004
95 28 71.6725
95 30 73.1121
95 52 71.7926
95 64 2242.35
95 114 121.638
95 161 110.419
96 34 156.379
96 111 245.527
96 140 251.908
96 160 199.484
96 193 217.978
96 210 170.851
96 226 145.367
96 234 144.179
96 237 271.846
96 261 176.406
96 289 256.712
97 43 579.637
97 48 412.922
97 134 354.898
97 179 622.602
97 218 395.642
97 273 479.095
98 1 254.253
98 22 316.288
98 50 327.527
98 57 253.679
98 72 297.655
98 83 406.723
98 100 328.353
98 128 346.875
98 153 380.003
98 287 341.281
99 12 282.087
99 28 98.5219
99 30 259.945
99 52 216.959
99 62 87.7892
99 63 101.294
99 64 73.5719
99 161 184.728
99 239 81.4034
100 42 215.545
100 100 874.268
100 287 182.66
100 297 170.246
101 5 520.437
101 16 269.497
101 89 388.441
101 117 431.926
101 148 589.607
101 165 296.543
101 170 1149.21
101 228 257.067
102 12 267.453
102 63 389.418
102 104 374.562
102 146 436.14
102 266 323.927
102 298 367.994
103 24 206.814
103 92 536.238
103 149 367.72
104 3 198.09
104 10 148.762
104 78 186.27
104 126 285.946
104 127 171.043
104 131 251.128
104 178 221.879
104 194 206.3
104 241 161.242
104 256 250.867
104 265 223.66
104 285 287.743
105 12 304.134
105 20 530.558
105 64 347.86
105 121 271.785
105 161 370.216
105 195 292.526
105 249 271.906
106 6 124.169
106 91 119.585
106 158 201.384
106 233 71.683
106 234 64.9458
106 273 69.4997
106 277 226.57
107 24 259.924
107 74 168.27
107 96 296.095
107 110 927.045
107 149 149.34
107 165 183.599
107 255 207.043
107 295 175.405
108 44 50.6758
108 47 44.2107
108 53 34.845
108 102 127.81
108 123 50.0653
108 142 71.6769
108 177 58.8276
108 280 40.1626
109 21 181.982
109 34 521.13
109 111 3344.73
109 118 174.192
109 124 192.11
109 140 181.379
109 160 674.147
109 193 740.002
109 210 198.079
109 226 218.013
109 229 209.82
109 234 164.562
109 237 184.851
109 289 506.645
110 5 395.568
110 16 78.7635
110 89 81.1711
110 96 58.7475
110 148 130.133
110 165 114.796
110 170 287.921
110 255 87.5449
111 114 123.579
111 206 106.5
111 225 248.595
111 267 188.091
112 19 290.67
112 87 435.286
112 143 350.722
112 175 305.187
112 182 292.942
112 187 413.981
112 200 267.941
112 202 285.547
112 236 285.597
113 102 435.061
113 123 338.777
113 173 447.798
113 177 440.239
114 1 295.772
114 17 260.724
114 67 368.988
114 72 219.043
114 94 416.006
114 155 539.491
114 174 259.3
114 184 285.901
114 203 301.262
114 209 1664.95
114 261 234.02
114 286 892.205
115 24 103.42
115 92 28.9816
115 96 67.301
115 110 36.7406
115 149 67.3481
115 165 27.9833
116 230 1018.69
116 257 122.631
116 271 118.265
117 5 303.314
117 24 342.658
117 92 161.806
117 96 410.546
117 110 260.722
117 148 216.55
117 149 179.312
117 165 1171.28
117 170 197.504
117 255 244.262
118 64 114.84
118 114 164.905
118 197 117.992
118 225 119.981
119 9 452.938
119 54 502.415
119 154 2347.21
119 197 273.819
119 244 1239.54
119 248 326.149
120 46 426.91
120 74 1037.21
120 110 377.666
120 221 330.53
120 255 470.902
120 295 382.838
121 19 67.8184
121 69 36.1639
121 143 44.1856
121 187 76.3821
121 282 34.2701
122 9 340.647
122 54 577.867
122 154 826.385
122 197 284.808
122 244 762.049
122 248 521.265
123 18 258.035
123 28 311.337
123 60 262.496
123 114 295.88
123 115 449.515
123 181 705.308
123 225 423.608
123 267 375.128
124 79 93.1147
124 270 120.403
125 48 1003.34
125 134 3185.72
125 151 146.79
125 196 130.571
125 218 1381.88
126 5 117.123
126 16 301.831
126 89 550.378
126 145 107.346
126 170 137.929
126 255 112.069
126 290 243.069
127 4 152.864
127 38 294.364
127 73 229.729
127 105 190.548
127 141 187.08
127 152 202.274
127 224 214.057
127 247 386.175
127 260 218.102
127 275 544.957
128 29 265.431
128 49 287.895
128 70 275.426
128 95 295.952
128 136 1023.38
128 164 1540.62
128 189 846.497
128 208 250.994
128 240 313.22
128 272 239.913
129 61 573.096
129 68 285.927
129 80 334.656
129 93 636.337
129 98 858.094
129 108 460.473
129 172 453.442
129 183 281.098
129 231 284.099
129 253 302.885
129 296 361.773
130 29 29.4647
130 36 46.8861
130 49 35.3985
130 56 34.6183
130 70 33.7876
130 130 125.958
130 133 27.853
130 176 29.17
130 185 30.5643
130 192 28.1794
130 198 27.4175
130 211 35.7084
130 271 34.2335
130 272 42.8122
130 291 25.3509
131 6 505.126
131 9 447.04
131 91 401.704
131 122 459.134
131 158 305.967
131 197 314.835
131 233 349.82
131 244 294.128
131 276 339.006
131 277 516.462
132 29 578.258
132 36 442.186
132 49 1404.42
132 56 801.071
132 70 1200.28
132 95 531.802
132 130 567.57
132 136 375.695
132 240 325.184
132 271 421.169
132 272 2697.42
132 291 372.797
133 121 156.418
133 195 105.809
133 216 168.589
134 40 200.147
134 78 95.1106
134 85 114.994
134 144 154.17
134 242 129.312
134 268 194.156
134 284 88.387
135 42 161.38
135 100 1055.83
135 287 187.313
135 297 158.089
136 47 238.493
136 68 1036.32
136 80 324.939
136 93 363.943
136 108 277.906
136 142 230.934
136 183 394.749
136 231 380.782
136 251 234.498
136 253 351.254
137 14 17.2545
137 15 27.4785
137 55 22.8604
137 76 19.9052
137 82 33.6753
137 103 24.7089
137 106 25.6033
137 139 31.5141
137 156 18.6217
137 166 28.0356
137 169 20.2405
137 205 27.5855
137 250 35.5006
137 259 32.3172
137 262 22.7757
137 299 18.5138
138 29 13.3513
138 49 6.30363
138 70 5.04902
138 130 4.52345
138 208 4.26894
138 230 4.55925
138 240 6.02928
138 271 13.832
138 272 5.51421
139 54 228.374
139 217 253.031
139 223 344.692
139 248 234.307
140 168 1184.71
140 214 188.86
141 32 333.536
141 40 273.538
141 78 469.422
141 101 283.706
141 107 458.738
141 256 271.924
141 265 428.541
141 284 775.391
142 11 256.107
142 23 451.953
142 27 229.118
142 51 220.947
142 85 213.535
142 137 230.658
142 235 3256.62
142 242 194.17
142 281 380.308
142 288 202.971
142 292 429.795
142 298 225.045
143 2 747.838
143 14 335.753
143 18 324.653
143 38 347.81
143 60 343.429
143 65 789.192
143 105 528.107
143 129 1295.55
143 152 387.104
143 159 1358.3
143 181 365.943
143 258 361.078
144 32 603.373
144 50 825.304
144 57 278.017
144 101 1091.3
144 107 233.508
144 126 246.663
144 241 365.657
144 256 279.902
144 284 260.345
145 21 115.805
145 34 257.392
145 86 114.877
145 111 204.912
145 118 148.664
145 124 142.292
145 160 337.012
145 193 141.304
145 210 272.552
145 226 558.412
145 229 216.502
145 237 142.415
145 289 358.999
146 11 27.0725
146 23 48.9248
146 27 41.3237
146 137 43.4143
146 235 65.7253
146 254 28.1298
146 278 28.4925
146 279 31.4627
146 281 93.1101
146 288 26.9352
146 292 60.8612
147 33 138.904
147 190 85.3218
147 228 110.493
147 246 113.092
148 44 30.7078
148 53 28.2584
148 102 58.8984
148 123 69.2193
148 142 25.6031
148 177 176.123
148 280 23.5526
149 39 55.6947
149 113 48.5952
149 172 43.4538
149 188 62.6485
149 204 93.843
150 136 40.9442
150 164 64.7447
150 189 108.02
150 220 35.7675
151 27 572.185
151 45 314.81
151 137 534.904
151 150 349.744
151 243 364.456
151 264 377.86
151 278 268.138
151 279 272.4
151 281 326.271
152 133 140.986
152 230 219.826
152 271 140.093
153 64 282.363
153 114 537.909
153 225 211.206
154 3 162.561
154 127 705.824
154 131 240.465
154 178 165.631
154 194 97.9195
154 285 200.978
155 47 425.275
155 68 514.517
155 93 279.845
155 108 308.992
155 142 292.062
155 182 245.273
155 200 248.107
155 253 589.047
156 14 98.4695
156 15 435.787
156 18 109.036
156 55 205.731
156 60 103.151
156 76 122.935
156 103 119.638
156 106 539.536
156 139 163.069
156 166 125.787
156 169 101.717
156 205 174.539
156 206 235.411
156 217 106.25
156 219 196.998
156 225 103.186
156 259 252.173
156 262 127.531
156 267 129.463
157 206 134.226
157 219 120.306
157 225 146.295
157 248 127.699
157 267 138.161
158 6 99.613
158 91 100.412
158 122 158.381
158 197 68.745
158 216 105.186
158 233 182.387
158 277 75.2663
159 111 273.851
159 140 452.208
159 160 248.687
159 193 255.326
159 210 283.512
159 216 245.145
159 237 637.032
159 261 611.429
159 289 300.872
160 48 235.742
160 125 648.551
160 134 260.509
160 151 280.692
160 196 491.412
160 218 239.292
161 21 119.643
161 86 172.489
161 118 124.159
161 124 119.658
161 229 89.057
162 94 61.0061
162 121 39.4177
162 155 40.9591
162 203 39.8797
162 209 61.9381
162 210 50.0898
162 237 80.8446
162 261 117.185
162 286 101.056
163 33 300.736
163 92 177.929
163 148 147.112
163 228 254.479
163 246 391.104
164 1 297.433
164 17 103.347
164 22 594.623
164 67 270.167
164 72 155.514
164 83 147.897
164 128 232.191
164 153 272.935
164 155 162.256
164 171 334.347
164 184 127.535
164 186 135.161
164 203 103.194
164 209 94.9085
164 287 122.882
164 297 96.4836
165 71 21.6859
165 162 34.4691
165 176 21.4291
165 211 19.7058
165 245 20.4484
165 269 33.5758
166 6 91.9118
166 9 64.644
166 91 81.0961
166 122 694.204
166 197 115.269
166 233 98.7315
166 277 75.0349
167 44 182.385
167 53 147.034
167 66 263.68
167 251 195.447
167 280 273.485
168 23 250.827
168 27 971.022
168 45 255.122
168 137 1954.13
168 150 227.499
168 232 262.704
168 235 227.791
168 254 260.586
168 278 366.625
168 279 396.584
168 281 514.086
168 292 254.117
169 12 23.6467
169 28 84.1243
169 30 55.8657
169 52 61.3854
169 62 29.8188
169 64 23.3157
169 114 24.7739
169 115 24.2612
169 161 32.8208
170 46 627.499
170 73 85.525
170 74 85.2606
170 221 244.784
170 295 176.983
171 43 404.146
171 48 354.531
171 134 298.783
171 179 421.822
171 218 337.688
171 273 339.826
172 24 45.0253
172 92 294.634
172 96 41.9514
172 149 60.1511
172 246 45.4048
173 65 52.8781
173 79 56.0791
173 81 71.0337
173 110 59.2379
173 270 54.8923
173 295 60.0598
174 0 406.524
174 10 529.174
174 25 555.504
174 194 346.942
174 252 570.966
174 283 266.233
175 130 162.203
175 133 606.156
175 176 302.719
175 211 262.578
175 230 151.403
175 271 285.523
176 31 670.513
176 39 416.766
176 88 1500.45
176 97 292.27
176 215 361.354
177 45 363.198
177 61 208.202
177 98 195.808
177 172 302.199
177 232 178.494
177 278 169.818
177 296 1306.52
178 7 19.2369
178 10 24.8318
178 127 37.9004
178 131 22.4184
178 178 16.8791
178 194 25.8456
178 285 31.3418
179 119 928.611
179 138 189.438
179 141 253.867
179 243 155.296
179 260 140.804
179 264 175.417
179 294 156.501
180 87 329.269
180 175 308.925
180 182 228.002
180 202 526.869
180 232 474.596
180 236 4103.23
180 254 524.344
180 278 330.245
180 279 318.274
180 288 313.321
181 57 318.64
181 58 393.894
181 85 349.351
181 107 433.554
181 146 448.868
181 212 381.304
181 266 712.576
181 284 329.612
182 47 480.662
182 68 510.754
182 93 351.65
182 108 425.109
182 142 331.43
182 182 405.495
182 200 422.384
182 253 787.229
183 79 75.6803
183 81 67.093
183 270 167.751
184 40 21.3077
184 78 6.0778
184 144 4.55907
184 265 4.7864
184 268 5.62882
184 284 4.18541
185 61 1252.05
185 68 331.566
185 93 726.234
185 98 1655.95
185 108 1162.44
185 172 300.08
185 175 339.471
185 182 323.153
185 253 462.139
185 296 321.682
186 32 224.61
186 50 2743.99
186 57 194.918
186 83 146.187
186 101 295.458
186 241 192.405
187 19 14.3613
187 77 14.6579
187 112 25.9009
187 167 12.5117
187 201 81.7261
187 214 18.7898
187 282 13.2789
188 34 307.367
188 35 509.438
188 94 640.143
188 132 335.648
188 160 355.065
188 174 407.203
188 209 355.619
188 210 1211.19
188 226 741.946
188 229 314.606
188 237 469.573
188 261 322.553
188 286 376.107
188 289 413.601
189 42 144.948
189 162 144.855
189 185 190.545
189 192 193.721
189 198 223.06
189 245 165.339
189 269 204.639
190 270 2.60562
191 37 3482.79
191 75 269.342
191 118 207.503
191 120 278.299
191 132 304.381
191 157 276.844
191 199 530.61
191 229 201.526
192 36 129.932
192 42 179.106
192 162 140.055
192 185 251.416
192 192 261.177
192 198 307.833
192 245 155.818
192 269 196.756
193 84 159.83
193 90 272.01
193 180 157.069
193 263 177.941
194 31 56.2338
194 39 59.8709
194 88 71.2064
194 113 126.311
194 213 105.583
194 227 112.684
194 238 104.986
195 66 327.117
195 80 386.44
195 97 543.76
195 183 410.904
195 215 426.68
195 231 417.397
195 251 407.783
195 293 496.983
196 34 221.349
196 43 177.284
196 111 304.056
196 140 228.815
196 160 223.366
196 179 191.977
196 193 517.642
196 234 320.718
196 273 200.054
196 289 208.775
197 87 217.067
197 144 148.257
197 175 171.583
197 202 499.23
197 232 177.382
197 236 404.711
197 254 226.139
197 268 142.952
197 278 149.931
197 279 150.702
197 288 289.277
197 292 147.329
198 4 354.621
198 11 488.977
198 23 1105.69
198 27 653.946
198 41 342.857
198 51 388.628
198 137 560.289
198 150 404.57
198 235 506.062
198 264 299.215
198 281 958.809
198 292 347.316
199 73 245.95
199 119 465.35
199 141 2904.06
199 150 312.444
199 224 244.332
199 247 213.016
199 260 554.103
199 264 452.822
199 275 268.903
200 32 321.179
200 50 2814.47
200 57 291.348
200 83 218.099
200 101 420.068
200 212 212.395
200 241 271.619
201 22 71.8586
201 50 90.4295
201 57 115.481
201 58 61.1239
201 83 150.885
201 101 61.7405
201 128 94.9059
201 153 92.5499
201 171 62.637
201 186 60.3327
201 212 91.0958
202 27 421.963
202 45 543.879
202 137 430.817
202 243 603.527
202 264 332.046
202 278 320.64
202 279 316.055
203 20 489.626
203 64 396.893
203 121 459.831
203 161 319.813
203 195 437.152
203 249 309.934
204 13 180.922
204 147 191.427
204 207 371.611
204 213 153.592
204 222 278.064
204 227 155.763
204 238 163.779
204 274 497.262
205 119 322.187
205 138 71.0484
205 141 94.0937
205 243 59.8723
205 260 53.0259
205 264 66.5463
205 294 58.4633
206 16 176.046
206 145 208.399
206 222 179.85
206 274 170.431
207 22 58.7951
207 50 70.9606
207 57 164.889
207 58 68.8028
207 83 122.23
207 101 55.4945
207 107 56.6197
207 128 78.9764
207 153 73.4927
207 171 54.6189
207 186 58.1759
207 212 124.355
208 123 251.076
208 173 226.599
208 177 248.264
209 43 87.8299
209 48 45.1299
209 134 36.8645
209 179 84.611
209 218 42.8193
209 273 31.1271
210 7 509.664
210 10 330.942
210 127 333.427
210 191 266.59
210 194 292.436
210 285 282.144
211 27 138.123
211 45 654.461
211 137 152.67
211 232 224.33
211 243 136.029
211 254 158.701
211 278 245.161
211 279 218.868
211 296 226.707
212 3 361.802
212 69 5030.96
212 178 334.723
212 282 977.675
213 4 154.614
213 11 110.105
213 23 127.66
213 27 171.883
213 41 128.087
213 137 143.28
213 141 121.415
213 150 634.081
213 224 141.011
213 260 180.644
213 264 245.771
213 281 132.539
214 27 414.598
214 45 487.237
214 137 484.848
214 232 323.379
214 243 262.971
214 254 272.347
214 278 440.876
214 279 431.919
214 281 291.709
215 25 59.0508
215 252 65.4294
215 283 92.2461
215 291 50.3242
216 29 340.462
216 36 165.637
216 49 461.656
216 56 228.342
216 70 317.829
216 95 178.225
216 130 230.836
216 136 150.609
216 240 159.052
216 271 248.56
216 272 440.514
217 4 23.5009
217 11 29.1696
217 23 53.7147
217 27 39.8319
217 41 22.3132
217 51 23.522
217 137 33.2024
217 150 27.9387
217 224 18.6705
217 235 26.7421
217 264 20.1138
217 281 47.7354
217 292 19.4377
218 58 21.421
218 146 39.5868
218 212 16.4309
218 266 65.4209
218 298 18.3523
219 45 233.84
219 172 138.347
219 188 120.698
219 204 111.092
219 243 161.054
219 296 170.387
220 24 88.957
220 79 105.738
220 81 136.776
220 110 98.2675
220 149 90.8733
220 270 113.882
221 13 470.231
221 207 420.991
221 213 312.312
221 222 365.408
221 227 307.584
221 238 319.163
221 274 2678.69
222 3 410.401
222 40 244.423
222 69 413.565
222 78 241.979
222 131 264.758
222 178 384.632
222 282 285
223 2 59.4166
223 14 108.988
223 18 77.351
223 55 64.7179
223 60 76.3238
223 76 95.1649
223 79 66.5876
223 81 63.0686
223 103 129.658
223 106 47.649
223 129 51.137
223 139 82.6502
223 166 119.954
223 169 159.801
223 205 77.522
223 258 118.162
223 262 106.074
224 17 302.904
224 20 248.153
224 121 1127.11
224 184 255.159
224 195 821.44
224 203 327.421
224 216 262.45
224 249 270.14
224 261 307.858
224 286 244.037
225 2 201.637
225 14 510.742
225 15 188.561
225 18 353.501
225 55 317.544
225 60 335.387
225 76 543.901
225 79 175.39
225 81 164.855
225 103 1189
225 106 204.885
225 129 160.248
225 139 448.883
225 166 914.194
225 169 1124.22
225 205 415.58
225 258 478.903
225 259 175.943
225 262 722.959
226 82 132.795
226 156 162.574
226 217 278.958
226 250 123.226
227 21 797.047
227 34 393.287
227 43 408.096
227 86 491.556
227 111 312.008
227 118 382.467
227 124 504.364
227 160 314.885
227 179 419.176
227 193 323.575
227 229 343.923
228 44 253.152
228 53 895.423
228 123 254.841
228 177 188.977
228 280 208.831
229 5 438.742
229 33 442.086
229 117 648.092
229 148 772.326
229 170 559.762
229 190 498.577
229 228 595.375
229 246 353.135
230 4 57.8666
230 38 90.3432
230 41 54.863
230 62 58.571
230 152 71.5266
230 224 80.1082
230 239 70.0088
230 247 323.729
230 260 51.44
230 275 130.535
231 17 243.793
231 20 605.136
231 121 300.745
231 184 196.727
231 195 445.211
231 203 226.707
231 249 339.127
232 3 213.315
232 69 123.945
232 127 175.766
232 131 178.067
232 168 148.886
232 178 192.241
232 282 123.033
232 285 126.586
233 46 184.272
233 74 338.771
233 147 160.784
233 222 159.307
233 294 186.118
234 99 536.172
234 109 420.972
235 21 55.4047
235 34 18.453
235 86 53.0949
235 118 29.401
235 124 36.3026
235 229 22.14
236 168 125.397
237 29 322.462
237 49 563.551
237 56 225.544
237 70 408.822
237 95 281.444
237 136 361.288
237 164 210.32
237 189 189.867
237 240 222.201
237 271 157.927
237 272 331.031
238 0 314.657
238 189 129.723
238 191 192.378
238 220 180.197
238 252 116.013
239 99 154.947
239 173 799.061
240 138 857.66
240 147 1759.58
240 188 275.039
240 207 524.74
240 222 634.913
240 294 560.436
241 79 85.7045
241 81 80.549
241 270 152.932
242 35 130.16
242 94 150.802
242 132 54.8787
242 174 201.32
242 209 78.3088
242 210 54.0432
242 226 46.5817
242 286 63.4598
243 61 277.305
243 68 185.525
243 80 184.25
243 93 646.924
243 98 417.365
243 108 319.896
243 172 168.21
243 183 159.594
243 231 160.537
243 253 196.671
243 296 146.662
244 0 142.001
244 7 485.565
244 191 312.074
244 220 158.747
245 7 348.494
245 127 340.365
245 168 305.614
246 12 395.038
246 20 630.401
246 161 337.927
246 249 321.93
247 122 290.557
247 197 297.569
247 216 234.541
248 173 458.504
248 177 217.622
249 2 254.027
249 14 536.27
249 15 334.531
249 18 739.959
249 55 1278.4
249 60 625.526
249 76 983.171
249 103 595.494
249 106 407.685
249 139 622.616
249 166 554.056
249 169 503.942
249 181 230.468
249 205 816.295
249 206 213.392
249 225 229.092
249 258 431.058
249 259 273.82
249 262 820.068
249 267 291.788
250 34 10.8433
250 43 11.2851
250 111 13.3291
250 140 11.1255
250 160 10.6713
250 179 12.2787
250 193 19.2934
250 234 16.7795
250 273 13.1563
251 1 33.3084
251 22 41.0787
251 67 24.813
251 72 40.294
251 83 38.1301
251 100 24.3292
251 128 39.2202
251 153 47.4606
251 171 28.6804
251 287 44.0466
251 297 27.7139
252 21 617.591
252 34 357.753
252 86 828.168
252 111 223.801
252 118 1705.35
252 124 2382.87
252 160 275.131
252 193 194.126
252 226 236.989
252 229 793.556
252 289 224.005
253 31 192.609
253 39 335.539
253 88 142.168
253 97 88.497
253 172 106.567
253 215 104.088
253 293 110.048
254 18 90.8683
254 55 85.6087
254 60 90.3285
254 76 79.8681
254 114 87.0226
254 115 82.0917
254 181 132.669
254 225 346.79
254 267 281.977
255 36 72.0911
255 130 79.7012
255 133 78.9868
255 162 78.6117
255 176 118.778
255 185 111.168
255 192 98.143
255 198 110.533
255 211 149.421
255 269 145.629
256 121 243.654
256 140 341.476
256 216 520.022
256 233 240.878
256 237 225.643
256 261 300.491
257 156 353.861
257 217 600.911
258 24 426.216
258 79 313.794
258 81 373.078
258 96 391.416
258 110 413.232
258 149 473.485
258 270 404.247
259 8 33.1272
259 35 35.0995
259 37 43.9581
259 59 34.4688
259 75 38.8122
259 120 116.156
259 132 68.5357
259 157 94.4598
259 174 29.5527
259 199 84.2709
260 12 194.603
260 20 135.176
260 63 201.597
260 104 155.244
260 146 139.391
261 206 14.9641
261 219 13.3971
261 225 14.9705
261 248 13.3443
261 267 14.507
262 54 190.036
262 154 208.212
262 244 228.989
262 248 732.066
263 24 20.1599
263 46 26.0493
263 74 24.2548
263 96 21.4474
263 110 35.0051
263 221 28.0279
263 255 20.7505
263 295 39.3674
264 40 209.387
264 78 163.255
264 107 112.675
264 144 101.697
264 265 124.91
264 268 118.458
264 284 132.513
265 1 22.2113
265 22 21.9503
265 72 33.4723
265 83 20.1799
265 100 24.8017
265 128 20.4779
265 153 23.2217
265 287 48.4455
265 297 27.0074
266 21 321.411
266 34 403.219
266 43 137.328
266 86 222.592
266 111 249.299
266 118 217.322
266 124 290.72
266 160 262.038
266 179 144.045
266 193 236.37
266 226 145.477
266 229 229.488
266 289 192.7
267 7 241.865
267 127 216.203
267 285 151.084
268 2 182.245
268 14 228.337
268 15 204.617
268 18 298.281
268 55 303.236
268 60 288.911
268 76 261.34
268 103 208.335
268 106 235.215
268 139 217.394
268 166 201.153
268 169 202.848
268 181 270.482
268 205 242.006
268 206 190.487
268 225 438.226
268 258 206.963
268 262 235.319
268 267 748.763
269 14 53.522
269 15 47.1821
269 18 46.2063
269 55 52.9673
269 60 44.8198
269 76 57.089
269 79 62.9103
269 81 51.8436
269 82 51.8351
269 103 77.5179
269 106 47.3407
269 139 74.4624
269 166 85.5773
269 169 67.5904
269 205 65.4099
269 250 55.2569
269 258 52.9726
269 259 49.0617
269 262 66.1775
270 85 337.667
270 107 303.693
270 144 232.236
270 242 246.47
270 266 249.327
270 268 212.562
270 284 260.724
271 48 258.939
271 125 375.839
271 134 261.054
271 158 415.008
271 218 257.402
271 273 550.014
272 29 334.741
272 36 302.05
272 130 454.356
272 133 748.803
272 176 593.803
272 211 630.022
272 271 641.694
272 272 307.66
273 79 61.1105
273 81 47.464
273 82 51.8293
273 103 44.3479
273 139 44.4165
273 166 47.1794
273 169 40.9042
273 205 40.7239
273 250 56.9425
273 262 40.2083
273 270 43.639
273 299 47.0236
274 11 338.938
274 23 338.084
274 51 335.397
274 85 373.209
274 104 282.842
274 146 548.881
274 235 465.716
274 266 494.096
274 292 282.899
274 298 644.814
275 6 208.051
275 91 211.037
275 122 326.622
275 216 254.457
275 233 369.764
275 277 159.537
276 6 798.404
276 9 327.208
276 91 570.893
276 122 414.171
276 158 395.302
276 233 418.357
276 276 310.996
276 277 940.615
277 47 503.086
277 68 390.569
277 108 289.921
277 142 313.068
277 182 280.197
277 200 324.649
277 253 483.88
278 64 456.551
278 114 546.674
279 61 67.1849
279 68 46.4016
279 80 42.7195
279 93 189.282
279 98 100.264
279 108 85.2461
279 172 38.1439
279 183 37.714
279 231 37.8658
279 253 50.3669
279 296 34.1927
280 65 281.993
280 79 253.173
280 81 317.974
280 110 264.912
280 221 267.131
280 295 313.976
281 90 316.5
281 116 314.451
281 125 368.861
281 180 357.055
282 54 280.973
282 223 850.187
283 12 456.313
283 20 486.414
283 30 305.859
283 52 290.836
283 64 421.884
283 161 585.414
284 0 212.891
284 10 162.392
284 25 291.667
284 252 2204.3
284 283 343.399
284 291 152.625
285 57 256.965
285 58 515.971
285 107 257.028
285 146 393.976
285 212 348.733
285 266 515.695
286 13 2561.18
286 145 405.995
286 274 494.675
287 8 278.901
287 35 1439.86
287 37 250.621
287 94 327.785
287 120 269.461
287 132 675.159
287 157 253.74
287 174 671.205
287 199 335.342
287 210 243.568
287 226 245.163
288 9 4.13514
288 54 4.55276
288 154 5.85965
288 197 5.35837
288 244 7.84706
288 248 13.6783
289 64 312.853
289 216 244.719
290 1 681.902
290 8 287.211
290 22 420.453
290 67 391.653
290 72 4987.14
290 83 289.575
290 128 332.821
290 153 381.579
290 155 313.944
290 171 321.21
290 287 1589.63
290 297 766.352
291 11 365.428
291 12 319.475
291 51 442.018
291 63 724.407
291 104 902.031
291 146 466.827
291 266 335.596
291 298 600.751
292 2 395.477
292 14 936.944
292 15 462.958
292 18 1291.87
292 55 1538.47
292 60 1058.07
292 76 2069.47
292 103 1025.74
292 106 553.11
292 139 947.927
292 166 915.542
292 169 873.882
292 181 338.607
292 205 1217.14
292 225 319.02
292 258 726.536
292 259 386.932
292 262 1530.78
292 267 399.027
293 87 209.798
293 108 112.336
293 143 198.017
293 167 136.733
293 175 207.682
293 182 362.497
293 187 138.33
293 200 336.428
293 253 126.223
294 147 64.2938
294 188 645.29
294 204 246.124
294 207 76.2499
294 243 67.9985
295 217 325.253
295 223 340.362
296 270 53.7455
297 19 245.733
297 77 695.951
297 112 486.552
297 135 397.904
297 143 257.882
297 167 543.012
297 200 261.511
297 201 284.787
298 37 410.549
298 75 276.743
298 86 276.674
298 118 283.371
298 199 278.697
299 89 86.3438
299 117 70.1518
299 170 52.286
299 290 58.4376
