250 250 1860
1
1
1
1
1
1
1
1
1
1
1
1
1
1
1
1
1
1
1
1
1
1
1
1
1
1
1
1
1
1
1
1
1
1
1
1
1
1
1
1
1
1
1
1
1
1
1
1
1
1
1
1
1
1
1
1
1
1
1
1
1
1
1
1
1
1
1
1
1
1
1
1
1
1
1
1
1
1
1
1
1
1
1
1
1
1
1
1
1
1
1
1
1
1
1
1
1
1
1
1
1
1
1
1
1
1
1
1
1
1
1
1
1
1
1
1
1
1
1
1
1
1
1
1
1
1
1
1
1
1
1
1
1
1
1
1
1
1
1
1
1
1
1
1
1
1
1
1
1
1
1
1
1
1
1
1
1
1
1
1
1
1
1
1
1
1
1
1
1
1
1
1
1
1
1
1
1
1
1
1
1
1
1
1
1
1
1
1
1
1
1
1
1
1
1
1
1
1
1
1
1
1
1
1
1
1
1
1
1
1
1
1
1
1
1
1
1
1
1
1
1
1
1
1
1
1
1
1
1
1
1
1
1
1
1
1
1
1
1
1
1
1
1
1
1
1
1
1
1
1
0 43 127.43
0 72 49.3073
0 119 53.9617
0 131 70.9557
0 200 43.5626
1 27 195.706
1 46 223.015
1 47 349.55
1 51 429.722
1 59 218.093
1 65 195.065
1 126 592.218
1 198 559.115
1 206 219.129
1 232 579.006
2 21 699.968
2 83 302.714
2 92 326.016
2 99 293.286
2 127 763.284
2 139 557.72
2 142 526.319
2 147 632.237
2 164 1178.95
2 180 315.521
2 189 253.838
2 229 293.593
2 239 1208.87
3 56 227.566
3 71 140.082
3 72 172.53
3 96 217.085
3 196 163.246
3 243 324.534
4 41 307.551
4 68 480.051
4 78 521.837
4 118 309.477
4 173 2660.84
5 17 177.977
5 121 437.175
5 132 225.709
5 137 179.971
5 190 1997.04
5 209 270.365
5 226 229.817
5 247 402.425
6 24 331.335
6 151 263.659
6 169 297.868
6 199 323.511
6 246 307.377
7 1 139.978
7 23 107.483
7 24 101.996
7 122 105.24
7 128 111.063
7 169 110.373
7 212 216.17
8 14 211.603
8 45 326.788
8 57 209.417
8 79 283.359
8 89 2177.15
8 125 370.196
8 205 551.722
8 234 218.387
8 235 292.768
9 21 434.451
9 83 239.463
9 92 268.371
9 99 210.883
9 127 675.166
9 139 351.334
9 142 388.694
9 147 472.026
9 164 1303.63
9 180 214.418
9 229 198.855
9 239 923.002
10 20 67.6074
10 50 85.4645
10 135 96.2645
10 167 163.445
10 172 85.6526
10 225 66.5379
11 37 48.7546
11 62 246.136
11 119 50.8756
11 136 95.541
11 155 37.9355
11 188 51.7878
11 200 38.7479
11 221 52.6249
12 48 146.11
12 70 91.5312
12 95 316.237
12 100 130.991
12 203 182.829
13 5 208.978
13 63 352.016
13 67 348.708
13 93 426.074
13 103 360.095
13 159 212.466
13 160 210.212
13 169 203.165
13 177 380.046
13 193 308.689
13 194 208.517
13 238 352.846
14 20 20.7551
14 42 76.0579
14 120 24.7753
14 144 38.719
14 154 116.836
14 162 26.4498
14 210 22.1148
14 224 25.4273
14 227 19.8832
15 8 41.0701
15 148 53.4987
16 3 86.6696
16 9 160.863
16 29 114.034
16 54 130.062
16 69 102.816
16 85 171.671
16 129 155.959
16 133 164.731
16 179 93.3903
17 30 140.638
17 80 117.397
17 108 221.953
17 140 188.718
17 236 203.162
17 240 185.723
18 5 15.4664
18 52 10.2446
18 106 11.7507
18 159 11.346
18 175 14.1531
18 244 23.5565
19 28 45.6692
19 37 59.3141
19 55 124.674
19 62 34.5422
19 91 37.3918
19 119 38.606
19 124 141.562
19 155 70.5987
19 188 207.759
19 200 73.3724
19 242 34.9421
20 48 347.421
20 70 445.96
20 95 251.521
20 100 463.882
20 105 194.733
20 203 202.448
21 35 134.302
21 74 102.017
21 99 95.489
21 123 540.99
21 139 96.5498
21 178 91.3874
21 180 225.82
21 189 190.339
21 197 114.968
21 204 341.546
21 207 161.623
21 210 136.25
21 227 144.819
21 229 92.9104
22 17 80.9453
22 92 88.4338
22 99 143.395
22 127 136.708
22 147 166.631
22 164 85.1668
22 178 112.882
22 180 74.6151
22 189 73.6546
22 239 118.818
23 61 174.61
23 81 184.05
23 88 335.319
23 94 263.357
23 104 182.176
23 109 884.03
23 117 176.391
23 146 197.591
23 157 244.427
23 220 387.981
23 231 207.548
24 21 366.01
24 35 289.34
24 99 290.884
24 123 831.358
24 139 431.055
24 147 292.628
24 180 722.413
24 189 465.195
24 197 414.343
24 204 1109.91
24 207 541.57
24 210 281.65
24 227 295.386
24 229 391.376
24 239 301.484
25 35 206.518
25 99 404.309
25 123 423.182
25 147 221.246
25 178 479.766
25 180 448.917
25 189 951.487
25 204 237.678
25 210 283.937
25 224 213.976
25 227 252.83
26 28 645.569
26 37 117.519
26 55 134.228
26 91 604.39
26 124 137.993
26 155 181.042
26 188 98.9168
26 217 127.863
26 242 265.536
27 23 205.919
27 33 216.438
27 53 248.564
27 67 200.147
27 76 627.372
27 128 222.223
27 149 207.229
27 160 249.691
27 181 242.372
27 194 337.628
27 230 821.915
27 240 195.064
28 10 58.698
29 41 596.769
29 68 255.837
29 78 364.062
29 167 283.94
29 225 525.459
30 20 264.056
30 50 350.464
30 135 302.975
30 167 393.317
30 172 297.087
31 31 389.058
31 101 721.92
31 102 281.521
31 141 557.602
31 174 299.485
31 183 682.199
32 10 16.3542
32 44 14.1489
32 228 11.788
33 26 392.475
33 72 597.46
33 110 327.98
33 135 354.44
33 172 345.509
33 243 346.477
34 25 29.4486
34 75 67.8225
34 102 29.3053
34 112 74.72
34 141 27.1544
34 174 104.83
35 122 346.092
35 201 254.562
35 212 114.849
35 246 102.721
36 56 68.9292
36 71 34.1354
36 80 42.4111
36 96 48.7793
36 108 39.5606
36 196 45.0179
37 64 123.723
37 122 328.755
37 165 141.533
37 201 224.385
37 212 218.686
37 241 118.094
37 246 116.085
38 17 400.212
38 92 337.311
38 121 162.576
38 127 233.229
38 147 197.123
38 164 172.093
38 209 172.799
38 239 181.991
38 247 148.29
39 121 343.802
39 130 452.672
39 170 301.863
39 190 362.304
39 247 299.695
40 42 278.828
40 144 140.851
40 154 244.858
40 163 142.722
40 210 166.182
40 218 140.984
40 224 521.074
40 227 140.726
41 10 137.128
42 39 53.0801
42 82 57.6049
42 87 83.4241
42 151 125.868
42 171 48.7625
42 223 63.9781
43 0 315.747
43 2 898.987
43 106 314.709
43 113 288.95
44 24 201.261
44 63 182.792
44 82 141.462
44 97 205.639
44 114 247.711
44 169 164.66
44 177 210.946
44 193 139.997
44 199 232.182
44 238 173.799
44 248 207.228
45 48 289.389
45 70 200.617
45 95 486.045
45 100 213.779
45 203 241.608
46 16 279.11
46 20 885.751
46 42 318.547
46 50 540.078
46 110 309.443
46 116 277.87
46 120 426.753
46 144 757.772
46 154 361.952
46 162 1235.7
46 215 308.001
47 17 339.494
47 21 292.032
47 92 448.384
47 99 483.531
47 127 908.027
47 147 976.817
47 164 452.176
47 178 373.607
47 180 302.686
47 239 672.428
48 11 42.5701
48 33 8.60118
48 36 13.5635
48 60 8.2729
48 149 9.04872
48 159 10.3316
48 191 16.249
48 222 11.6289
49 46 45.0079
49 47 65.1873
49 51 76.6679
49 59 45.4113
49 126 125.469
49 198 94.1994
49 206 46.7709
49 232 97.7796
50 35 251.713
50 74 318.683
50 123 173.975
50 153 168.675
50 161 156.8
50 180 135.575
50 197 247.908
50 204 285.687
50 207 388.051
50 210 160.994
50 227 193.265
50 229 130.85
51 15 305.67
51 23 264.2
51 53 252.412
51 98 383.423
51 107 778.377
51 128 177.842
51 156 145.306
51 170 163.412
51 181 502.187
51 249 173.675
52 1 176.283
52 122 260.6
52 201 220.755
52 212 515.891
52 246 179.683
53 87 555.082
53 151 1027.3
53 223 1172.69
53 246 362.485
54 12 112.04
54 19 76.5493
54 77 138.59
54 104 154.83
54 109 81.9031
54 115 158.284
54 117 73.2447
54 146 83.1819
54 186 117.112
55 8 76.5884
55 148 145.012
55 176 91.1051
56 32 263.832
56 64 229.779
56 98 180.948
56 132 443.936
56 137 370.55
56 156 268.048
56 165 211.154
56 170 338.312
56 190 216.043
56 226 303.057
56 241 242.232
56 249 219.234
57 56 258.767
57 80 409.456
57 96 217.055
57 108 410.437
57 196 320.004
57 236 355.615
58 17 88.7897
58 92 45.4217
58 121 82.8473
58 190 57.9173
58 209 66.8238
58 247 66.4326
59 30 25.0065
59 108 23.1017
59 130 21.5652
59 140 18.1802
59 163 34.3396
59 218 24.0405
59 237 31.3143
60 60 192.338
60 152 205.565
60 202 139.12
60 236 107.416
60 240 86.8183
60 245 124.058
61 10 327.763
61 44 141.128
62 13 259.243
62 55 174.578
62 84 209.32
62 145 293.699
62 157 214.982
63 45 190.744
63 89 446.053
63 125 2817.89
63 205 688.299
63 235 217.323
64 4 420.349
64 34 339.476
64 74 200.605
64 118 238.618
64 153 393.472
64 161 294.522
65 42 222.705
65 71 137.864
65 144 158.381
65 154 217.219
65 162 111.664
65 163 111.867
65 218 133.11
65 224 335.664
66 61 212.818
66 81 139.916
66 84 135.494
66 88 174.835
66 94 224.585
66 109 320.27
66 157 509.321
66 217 154.146
66 220 429.801
66 231 144.406
67 4 730.745
67 16 419.358
67 34 312.845
67 68 372.809
67 116 420.211
67 118 431.467
67 120 270.01
67 153 376.19
67 158 417.872
67 161 433.555
67 173 251.931
67 215 343.599
68 101 396.955
68 102 285.805
68 112 284.143
68 138 278.214
68 141 987.8
68 174 561.877
68 182 282.622
68 183 339.733
69 39 178.997
69 82 271.171
69 114 89.0454
69 151 62.2932
69 168 69.5604
69 171 103.354
70 105 349.141
70 211 246.409
71 14 239.116
71 37 232.706
71 40 395.046
71 59 258.489
71 62 250.717
71 65 247.017
71 206 268.965
71 221 406.316
72 1 296.862
72 23 201.858
72 53 251.417
72 63 137.546
72 67 162.997
72 76 126.682
72 93 132.651
72 128 405.596
72 160 604.947
72 169 143.562
72 181 161.704
72 193 189.725
72 194 244.857
72 230 140.107
72 238 143.769
73 42 66.1153
73 71 21.4773
73 120 20.7216
73 144 36.0216
73 154 72.1695
73 162 24.2463
73 210 22.1667
73 224 34.742
74 2 348.951
74 5 176.772
74 97 107.303
74 106 509.71
74 113 102.409
75 43 286.922
75 55 330.458
75 119 302.819
75 124 319.753
75 188 349.953
75 200 1341.82
76 1 243.542
76 24 348.904
76 63 178.347
76 169 361.087
76 177 162.681
76 193 185.549
76 199 297.783
76 238 178.777
77 35 494.352
77 42 521.323
77 74 283.092
77 123 300.746
77 154 441.691
77 158 246.642
77 180 245.291
77 189 291.585
77 204 248.438
77 210 1481.05
77 224 264.639
77 227 832.7
78 10 523.009
78 44 328.969
78 228 270.139
79 48 492.222
79 70 439.679
79 95 449.165
79 100 291.413
79 203 223.057
80 47 153.091
80 49 179.614
80 51 171.36
80 126 414.048
80 198 156.081
80 232 155.346
81 1 73.0991
81 24 408.936
81 63 100.458
81 169 183.351
81 177 97.1647
81 193 86.3855
81 199 503.762
81 238 97.545
82 61 659.572
82 81 256.577
82 88 221.657
82 94 546.404
82 109 232.72
82 157 172.526
82 217 239.495
82 220 385.449
82 231 239.313
83 24 299.983
83 39 243.649
83 82 303.294
83 114 297.169
83 151 235.125
83 169 242.182
83 199 324.268
84 73 68.2605
84 87 248.893
84 151 112.111
84 223 81.4955
85 20 543.956
85 26 730.916
85 50 565.467
85 110 1041.39
85 135 355.68
85 144 313.791
85 162 467.316
85 172 640.825
85 243 292.431
86 24 7.07254
86 39 6.43933
86 63 6.20383
86 82 7.59823
86 97 8.33277
86 114 15.4884
86 168 6.29754
86 177 6.77921
86 199 7.8478
86 248 10.1319
87 56 191.694
87 71 98.6515
87 72 85.2739
87 80 87.8421
87 96 170.384
87 196 108.692
87 243 156.172
88 26 122.498
88 45 101.599
88 50 115.221
88 57 97.8928
88 110 114.459
88 135 547.362
88 167 141.515
88 172 232.175
88 234 101.051
89 7 146.389
89 11 97.0146
89 52 93.4292
89 58 104.072
89 175 225.919
89 191 213.081
89 219 135.171
89 244 98.8989
90 13 167.019
90 55 103.616
90 124 98.2866
90 145 178.982
90 200 107.427
91 52 142.176
91 113 317.164
91 166 286.621
91 184 181.155
91 185 274.525
91 192 459.018
91 244 179.691
92 22 184.991
92 126 122.168
93 19 729.546
93 84 447.572
93 104 303.558
93 109 172.652
93 115 218.72
93 157 239.229
93 186 202.339
94 28 346.075
94 37 864.804
94 55 313.69
94 62 187.172
94 91 234.291
94 124 339.035
94 155 1453.93
94 188 376.676
94 200 207.259
94 242 264.068
95 121 18.2576
95 132 26.5473
95 137 21.7649
95 190 27.6018
95 209 16.3727
95 226 37.7763
95 247 20.5168
96 27 121.045
96 28 95.9818
96 46 125.469
96 47 87.3836
96 61 90.9016
96 91 98.9052
96 134 191.693
96 208 210.841
96 216 228.385
96 217 130.333
96 242 133.993
97 163 1186.6
97 218 382.416
97 224 408.151
97 237 475.659
98 11 208.975
98 29 89.5754
98 36 92.1695
98 60 111.345
98 152 89.1232
98 191 99.4859
98 202 90.3929
98 245 112.872
99 39 626.274
99 82 521.727
99 114 434.36
99 168 1086.24
99 171 402.532
99 248 347.797
100 14 157.818
100 37 146.238
100 57 162.06
100 62 731.799
100 79 143.085
100 119 147.915
100 136 444.763
100 221 342.308
100 234 152.727
101 3 472.163
101 9 981.397
101 13 293.934
101 54 1238.49
101 69 3998.94
101 85 338.659
101 129 980.942
101 131 530.147
101 133 537.17
101 179 1053.8
102 105 415.244
102 211 454.085
102 214 286.208
103 71 292.763
103 108 255.786
103 163 581.532
103 218 743.444
103 224 547.717
103 237 306.961
104 6 606.464
104 52 171.245
104 102 386.299
104 111 380.914
104 185 173.107
104 211 229.08
104 214 181.789
104 233 204.022
105 130 322.652
105 170 216.452
106 3 226.515
106 66 311.535
106 80 191.037
106 131 130.977
106 133 132.805
106 152 248.05
106 179 160.516
106 196 183.55
106 202 320.57
106 245 231.349
107 18 234.034
107 25 1033.84
107 143 333.027
107 150 429.827
107 174 215.298
107 187 236.006
107 195 242.709
107 213 280.336
108 3 99.7715
108 66 98.011
108 80 64.3335
108 133 55.5806
108 152 99.2838
108 179 65.1851
108 196 61.533
108 202 142.237
108 245 103.866
109 5 153.183
109 159 187.29
109 175 174.393
109 191 147.162
109 222 117.242
109 244 164.384
110 13 40.6664
110 19 20.5622
110 84 27.517
110 145 41.4911
111 4 321.752
111 34 1055.37
111 118 351.357
111 153 236.993
111 161 206.754
112 4 145.007
112 34 346.338
112 118 166.231
113 166 265.768
113 184 218.123
113 185 222.823
113 192 232.012
113 211 285.175
113 214 626.175
114 7 114.268
114 11 135.529
114 159 119.859
114 175 164.067
114 191 332.378
114 219 108.175
114 244 98.1492
115 27 363.331
115 38 147.013
115 46 166.682
115 47 176.69
115 49 334.102
115 51 174.106
115 126 167.537
115 134 197.363
115 208 227.172
115 216 207.08
116 5 346.763
116 52 378.259
116 106 295.777
116 113 308.467
116 175 467.712
116 185 385.217
116 219 318.873
116 244 1985.34
117 42 722.226
117 144 262.954
117 154 579.526
117 189 244.867
117 210 371.804
117 224 570.266
117 227 304.89
118 100 102.494
118 105 255.826
119 45 706.732
119 57 330.705
119 79 421.72
119 89 511.704
119 125 290.359
119 167 310.724
119 205 321.74
119 225 235.773
119 234 356.748
119 235 253.055
120 98 194.019
120 107 152.308
120 130 187.932
120 170 381.175
121 15 435.898
121 23 275.033
121 32 274.41
121 53 249.086
121 98 1663.09
121 107 662.647
121 156 311.55
121 170 472.932
121 181 348.865
121 241 241.618
121 249 366.301
122 21 1.45406
122 35 1.45135
122 99 1.71503
122 123 3.38908
122 127 1.42367
122 139 1.49186
122 147 1.54228
122 178 1.64751
122 180 5.73894
122 189 3.24068
122 204 1.80223
122 207 1.51166
122 210 1.52422
122 227 1.51173
122 239 1.50398
123 15 501.472
123 23 244.592
123 32 475.614
123 53 200.273
123 64 208.147
123 98 351
123 107 304.43
123 156 567.1
123 165 247.285
123 170 232.537
123 181 225.41
123 212 217.138
123 241 404.839
123 249 1337.24
124 27 46.3105
124 28 31.2106
124 46 76.0663
124 47 41.1893
124 51 35.7636
124 59 31.65
124 65 39.6469
124 91 29.0682
124 134 42.5131
124 198 29.8117
124 208 53.3852
124 216 87.6169
124 217 30.2564
124 232 28.7308
124 242 42.8944
125 15 145.892
125 23 40.536
125 32 26.6982
125 53 29.76
125 98 37.1224
125 107 42.5671
125 128 24.9138
125 156 29.4007
125 170 19.7163
125 181 33.5426
125 212 20.6963
125 241 24.5839
125 249 42.205
126 22 344.638
127 4 873.228
127 34 447.323
127 74 359.392
127 118 375.341
127 153 886.658
127 158 264.596
127 161 644.441
128 24 196.878
128 39 236.217
128 82 287.82
128 97 298.365
128 114 939.628
128 168 240.757
128 199 217.632
128 248 445.907
129 16 99.8795
129 20 144.303
129 42 101.174
129 50 111.267
129 116 99.0806
129 120 198.408
129 144 136.987
129 154 116.6
129 158 99.4753
129 162 147.946
129 215 109.438
130 48 242.173
130 70 271.959
130 95 179.326
130 100 398.522
130 105 125.11
130 203 150.373
131 3 171.321
131 66 503.67
131 80 609.656
131 152 237.598
131 196 559.429
131 202 237.198
131 236 212.002
131 245 183.326
132 14 333.402
132 37 231.422
132 40 297.962
132 57 230.668
132 62 484.71
132 79 219.34
132 136 335.524
132 221 1751.04
132 234 219.681
132 235 255.016
133 20 301.22
133 42 835.457
133 120 360.409
133 144 587.332
133 154 1222.67
133 158 264.444
133 162 392.734
133 210 279.634
133 224 310.029
134 6 1266.14
134 52 253.453
134 102 894.878
134 111 1005.14
134 219 221.103
134 233 359.594
135 97 680.299
135 114 399.482
135 168 400.254
135 248 967.246
136 0 835.843
136 2 308.342
136 113 280.644
137 3 75.7411
137 66 71.3177
137 80 58.9231
137 133 47.115
137 152 141.503
137 179 50.5739
137 196 52.9904
137 202 259.591
137 236 48.976
137 245 129.537
138 56 321.997
138 71 433.399
138 96 327.945
138 108 171.705
138 218 206.164
139 225 306.416
140 26 221.283
140 57 245.796
140 72 238.644
140 79 197.358
140 135 307.467
140 136 217.911
140 172 243.732
140 234 241.791
141 32 60.9673
141 64 96.0745
141 122 34.4428
141 137 35.392
141 156 51.8718
141 165 165.018
141 212 46.4374
141 241 77.7762
141 249 44.3559
142 16 252.596
142 35 365.161
142 42 781.721
142 74 254.315
142 116 249.858
142 120 365.369
142 144 265.025
142 154 737.951
142 158 338.48
142 210 488.958
142 224 243.679
142 227 437.096
143 113 61.0327
143 166 160.156
143 184 80.0709
143 185 69.0856
143 192 140.789
143 214 53.2149
144 2 243.106
144 5 999.877
144 93 250.447
144 103 337.85
144 106 444.477
144 159 398.568
144 222 250.391
145 30 34.9116
145 60 29.0618
145 76 31.5964
145 140 75.8047
145 230 29.8685
145 236 40.4086
145 240 252.913
146 30 167.718
146 108 605.08
146 140 163.905
146 163 176.98
146 218 232.77
146 236 151.908
147 27 402.883
147 28 383.768
147 46 556.35
147 47 347.8
147 51 309.013
147 59 293.893
147 65 366.525
147 91 359.882
147 134 447.643
147 155 301.431
147 208 524.359
147 216 718.127
147 217 373.862
147 242 577.077
148 30 345.537
148 130 173.853
148 140 142.061
148 237 120.549
149 24 354.249
149 63 351.732
149 97 511.56
149 114 510.788
149 169 300.598
149 177 411.008
149 199 399.266
149 238 335.014
149 248 482.623
150 3 198.335
150 11 188.675
150 29 437.236
150 85 284.229
150 133 203.683
150 152 169.874
150 191 164.672
150 202 199.794
150 245 281.288
151 21 178.343
151 99 454.446
151 123 432.738
151 127 196.785
151 139 186.818
151 147 270.242
151 178 374.574
151 180 858.192
151 189 915.24
151 204 230.828
151 210 180.222
151 227 172.01
151 239 232.901
152 56 810.204
152 71 1032.74
152 96 849.76
152 108 362.337
152 218 424.247
153 16 216.891
153 20 126.137
153 35 141.125
153 42 192.368
153 116 212.982
153 120 451.089
153 144 133.964
153 154 208.142
153 158 328.387
153 161 136.884
153 162 127.619
153 210 144.023
153 215 201.079
153 227 143.381
154 99 583.624
154 127 338.575
154 147 424.942
154 178 492.913
154 180 253.044
154 189 264.08
154 239 317.641
155 14 88.6495
155 40 40.9945
155 45 47.1096
155 57 41.5045
155 79 51.1801
155 89 75.2097
155 125 64.8314
155 205 96.9538
155 221 40.0894
155 234 41.7856
155 235 170.419
156 21 288.527
156 99 177.218
156 123 257.553
156 127 183.896
156 139 336.353
156 142 159.475
156 147 223.468
156 164 185.111
156 178 147.111
156 180 352.488
156 189 216.594
156 197 156.685
156 204 235.585
156 207 173.286
156 229 202.369
156 239 245.715
157 11 192.287
157 36 138.518
157 103 95.2306
157 149 95.8851
157 159 169.708
157 175 102.006
157 191 233.646
157 222 141.723
158 12 246.225
158 18 391.488
158 77 267.817
158 86 728.426
158 115 173.672
158 150 178.272
158 186 179.536
158 187 268.953
159 8 331.335
159 148 345.759
160 0 676.406
160 2 101.273
160 113 115.778
160 184 111.548
160 192 98.7752
161 9 152.803
161 13 1355.55
161 54 178.611
161 69 173.545
161 145 844.128
162 10 721.145
162 44 484.329
162 228 412.316
163 39 90.3474
163 82 98.5859
163 97 92.3181
163 114 235.882
163 168 143.409
163 171 63.1027
163 248 234.633
164 43 163.932
164 72 317.882
164 119 155.705
164 136 108.014
165 8 9.11545
165 14 19.5874
165 40 12.1299
165 79 9.06404
165 89 11.2152
165 125 11.4474
165 205 14.1088
165 221 9.48052
165 235 23.1602
166 27 139.595
166 46 70.698
166 47 88.5458
166 49 90.383
166 51 89.872
166 126 83.5498
166 134 54.6754
166 198 58.9844
166 208 66.0408
166 216 71.0293
166 232 56.5646
167 31 526.583
167 58 231.158
167 101 920.23
167 141 243.597
167 182 203.788
167 183 749.499
168 4 171.318
168 41 192.972
168 68 455.363
168 78 293.379
168 118 243.04
168 173 780.145
169 11 107.479
169 60 217.195
169 152 403.304
169 202 259.371
169 236 134.252
169 245 231.643
170 56 856.171
170 71 320.465
170 80 266.108
170 96 622.329
170 196 318.767
170 243 339.574
171 12 186.535
171 18 340.645
171 77 207.896
171 86 939.776
171 150 152.26
171 187 203.536
172 21 236.829
172 44 175.381
172 83 228.852
172 90 576.613
172 139 212.027
172 142 405.568
172 164 198.688
172 228 200.492
172 229 188.371
173 22 746.864
173 176 332.899
174 42 358.581
174 144 126.612
174 154 291.057
174 210 148.723
174 224 249.624
174 227 124.434
175 11 30.784
175 36 25.1302
175 60 74.2814
175 149 22.8113
175 152 37.5008
175 202 32.2188
175 245 34.7083
176 31 6.31796
176 101 6.67221
176 182 7.13211
177 5 537.916
177 36 206.359
177 93 218.621
177 103 320.441
177 106 282.108
177 159 529.535
177 222 263.116
178 56 61.0018
178 66 21.7353
178 71 26.3153
178 80 30.4498
178 96 42.5225
178 108 24.1924
178 196 36.2708
178 243 24.1141
179 73 245.242
179 87 291.876
179 151 166.187
179 223 161.653
180 20 297.485
180 26 300.008
180 56 424.848
180 71 740.856
180 96 562.264
180 110 339.311
180 144 524.132
180 162 421.327
180 218 283.558
180 243 339.32
181 10 354.297
181 44 306.448
181 197 419.454
181 207 305.477
181 228 292.16
181 229 350.758
182 30 350.487
182 76 371.769
182 140 710.673
182 230 356.668
182 236 275.108
182 240 720.333
183 4 290.962
183 16 601.109
183 68 720.265
183 116 615.602
183 118 273.9
183 120 320.358
183 158 372.477
183 173 282.134
183 215 585.663
184 6 544.083
184 52 52.1953
184 102 174.07
184 111 159.144
184 185 47.8112
184 211 55.4075
184 233 66.6919
185 35 348.319
185 42 348.796
185 74 199.804
185 123 229.411
185 154 296.389
185 180 185.793
185 189 223.978
185 204 184.666
185 210 1188.25
185 224 192.562
185 227 602.217
186 27 257.123
186 46 363.483
186 47 178.364
186 51 147.987
186 59 93.0835
186 65 109.378
186 126 87.7103
186 134 141.078
186 198 106.659
186 208 202.643
186 216 464.224
186 232 101.525
186 242 90.8543
187 37 291.048
187 55 214.155
187 62 685.005
187 119 346.945
187 124 220.351
187 136 447.881
187 155 231.518
187 188 368.063
187 200 263.471
187 221 245.263
188 10 75.7771
189 10 103.198
189 44 83.6601
189 228 68.9133
190 60 304.236
190 76 219.559
190 140 189.094
190 152 170.456
190 230 196.116
190 236 223.295
190 240 406.149
191 3 215.211
191 66 309.708
191 80 361.776
191 152 589.857
191 196 282.337
191 202 516.549
191 236 284.283
191 245 321.565
192 17 636.142
192 92 291.111
192 121 1040.83
192 190 447.848
192 209 6136.7
192 247 1139.04
193 17 104.962
193 92 117.589
193 99 197.416
193 127 190.335
193 147 239.107
193 164 116.236
193 178 152.029
193 180 101.818
193 189 99.9316
193 239 165.878
194 49 418.327
194 126 472.194
195 99 89.9797
195 163 112.599
195 178 121.631
195 189 70.7355
195 224 86.7385
195 237 137.19
196 0 36.2136
196 113 77.5837
196 166 100.143
196 184 55.3753
196 185 57.3544
196 192 205.383
196 244 38.4719
197 8 289.947
197 40 340.317
197 46 293.998
197 47 327.622
197 51 327.538
197 59 1066.21
197 65 553.413
197 198 489.661
197 206 2108.12
197 232 508.621
198 25 276.996
198 75 326.285
198 100 283.914
198 112 303.189
198 203 310.515
199 22 318.9
199 148 639.686
199 176 9423.42
200 20 96.9759
200 50 122.257
200 135 121.803
200 167 226.536
200 172 112.214
200 225 99.2948
201 64 362.277
201 122 290.085
201 165 368.458
201 201 255.873
201 212 246.321
201 241 254.55
202 20 267.534
202 26 359.764
202 56 333.406
202 71 378.966
202 96 424.354
202 110 418.208
202 144 350.035
202 162 352.974
202 172 237.31
202 243 424.834
203 14 320.383
203 37 343.284
203 40 522.529
203 59 372.627
203 62 353.985
203 65 360.304
203 206 381.064
203 221 540.073
204 77 305.252
204 88 460.976
204 94 299.799
204 104 285.28
204 109 458.465
204 115 280.727
204 117 510.389
204 146 649.042
204 220 330.118
204 231 301.206
205 30 112.417
205 140 274.512
205 240 60.5136
206 1 1276
206 23 225.351
206 24 316.778
206 53 235.35
206 63 305.989
206 67 202.335
206 128 336.208
206 160 352.812
206 169 463.044
206 177 252.26
206 193 440.108
206 194 217.318
206 199 276.203
206 238 320.582
207 2 193.168
207 5 371.51
207 106 334.498
207 113 168.741
207 244 207.868
208 33 232.547
208 36 125.704
208 60 113.243
208 67 122.099
208 76 365.924
208 93 109.93
208 103 96.9837
208 149 214.221
208 160 102.134
208 194 164.707
208 222 112.169
208 230 316.628
209 60 82.9059
209 76 67.8862
209 140 95.2768
209 152 65.0226
209 230 62.8055
209 236 120.137
209 240 342.276
210 3 346.061
210 66 905.154
210 80 294.002
210 131 265.206
210 133 207.153
210 152 268.513
210 179 285.556
210 196 322.261
210 202 317.268
210 245 262.377
211 1 236.14
211 24 654.1
211 63 260.537
211 169 455.824
211 177 250.838
211 193 239.905
211 199 644.265
211 238 255.941
212 3 68.1276
212 29 50.9775
212 60 42.5256
212 66 41.2333
212 85 48.3166
212 133 47.6854
212 152 94.0184
212 179 42.7679
212 202 156.69
212 245 715.269
213 28 392.665
213 37 558.886
213 55 842.557
213 62 281.079
213 91 308.637
213 119 289.774
213 124 958.672
213 155 683.574
213 188 1395.57
213 200 495.926
213 242 295.908
214 42 751.836
214 144 290.799
214 154 626.124
214 210 334.293
214 224 630.687
214 227 280.535
215 8 80.2439
215 40 63.3694
215 59 54.3677
215 65 40.9803
215 198 43.687
215 206 85.6913
215 232 45.6424
216 26 135.688
216 72 224.612
216 110 114.255
216 135 122.844
216 172 119.525
216 243 123.212
217 0 346.706
217 2 944.723
217 5 236.193
217 106 357.371
217 113 352.548
218 17 142.574
218 92 41.0893
218 121 64.0855
218 190 37.6818
218 209 62.6268
218 247 52.9012
219 7 165.813
219 29 150.864
219 31 413.933
219 58 402.045
219 85 142.455
219 101 176.157
219 183 217.108
220 39 327.727
220 82 371.29
220 87 401.188
220 151 680.973
220 223 376.795
221 12 58.2576
221 77 79.9722
221 88 49.3824
221 104 67.5605
221 109 56.5331
221 115 70.1033
221 117 61.2852
221 146 72.5063
221 186 56.8881
222 26 621.307
222 72 301.515
222 110 446.448
222 135 247.578
222 172 316.683
222 243 433.236
223 28 133.748
223 61 420.755
223 81 123.445
223 91 186.795
223 94 160.7
223 109 117.383
223 134 115.298
223 157 130.097
223 217 669.956
223 220 156.889
223 231 114.142
223 242 143.324
224 99 1040.37
224 123 221.624
224 127 332.68
224 147 513.245
224 164 225.04
224 178 549.452
224 180 294.257
224 189 299.867
224 239 343.429
225 4 206.522
225 16 367.93
225 35 163.661
225 68 146.862
225 74 174.405
225 116 360.793
225 120 266.053
225 153 211.613
225 158 891.278
225 161 283.41
225 215 267.522
225 227 145.868
226 45 12.1388
226 57 20.7681
226 62 11.8624
226 79 14.6066
226 135 10.5941
226 136 17.3119
226 221 10.6662
226 234 19.2393
227 3 442.907
227 9 192.867
227 29 263.48
227 54 161.179
227 69 159.663
227 85 338.03
227 129 218.778
227 133 392.417
227 152 144.558
227 179 230.443
227 202 185.656
227 245 232.081
228 27 274.858
228 38 251.261
228 46 177.407
228 134 2456.63
228 208 770.669
228 216 342.616
228 217 168.162
229 13 35.4741
229 43 61.844
229 54 35.3373
229 69 40.9803
229 119 37.0335
229 131 64.7306
229 179 34.9044
229 200 42.1515
230 52 85.1346
230 113 120.998
230 166 112.208
230 184 75.9862
230 185 201.783
230 192 151.096
230 244 104.09
231 82 48.6031
231 87 52.4217
231 151 107.983
231 223 69.6277
231 246 54.0994
232 41 340.872
232 68 396.214
232 78 716.372
232 118 205.88
232 173 705.002
233 12 261.717
233 19 236.329
233 77 171.223
233 84 171.343
233 104 300.491
233 115 298.544
233 138 257.528
233 182 206.599
233 186 392.572
233 187 214.702
234 10 249.377
235 1 429.673
235 23 366.079
235 33 328.908
235 53 453.326
235 63 310.062
235 67 546.161
235 76 416.285
235 93 410.455
235 128 536.586
235 149 310.904
235 160 1666.76
235 181 340.153
235 193 410.23
235 194 1436.33
235 230 475.099
235 238 323.562
236 45 196.757
236 50 197.433
236 135 371.157
236 167 465.666
236 172 264.428
237 21 168.085
237 90 43.2938
237 123 49.3823
237 127 47.3859
237 139 332.985
237 142 68.8
237 147 48.5658
237 164 58.1262
237 180 53.9336
237 197 59.5793
237 204 59.3985
237 207 55.895
237 229 144.519
237 239 57.6634
238 11 51.7393
238 33 24.8383
238 36 32.1765
238 60 49.9279
238 149 26.1063
238 152 29.296
238 191 24.8835
238 202 27.7774
238 222 24.7395
238 245 32.2353
239 8 284.484
239 126 243.428
239 198 244.144
239 232 254.606
240 37 79.3985
240 40 109.584
240 46 73.1471
240 47 67.7368
240 59 202.029
240 65 188.179
240 198 76.4463
240 206 169.606
240 221 75.0373
240 232 76.7083
241 9 102.581
241 13 198.435
241 43 105.478
241 54 120.527
241 69 130.284
241 131 122.371
241 145 186.433
241 200 117.672
242 31 236.562
242 101 232.742
242 182 228.386
243 42 320.76
243 71 244.38
243 144 331.68
243 154 337.396
243 162 210.607
243 218 193.911
243 224 332.541
244 2 215.952
244 5 459.554
244 67 212.944
244 93 253.865
244 103 309.43
244 106 356.072
244 159 270.652
244 177 223.869
245 121 589.616
245 132 483.763
245 137 369.287
245 190 2423.06
245 209 409.053
245 226 488.192
245 247 577.325
246 30 308.75
246 130 349.732
246 140 161.461
246 237 186.245
247 16 201.663
247 41 252.536
247 68 485.991
247 78 271.722
247 116 204.119
247 173 230.935
247 215 213.749
248 21 46.3091
248 83 17.3802
248 90 20.5629
248 127 16.3823
248 139 35.0831
248 142 61.6011
248 147 14.758
248 164 24.7125
248 228 13.6336
248 229 22.1569
248 239 18.3563
249 99 894.152
249 123 453.908
249 147 355.197
249 178 1287.69
249 180 558.647
249 189 899.423
249 204 281.112
249 210 297.515
249 239 298.073
