200 200 1480
1
1
1
1
1
1
1
1
1
1
1
1
1
1
1
1
1
1
1
1
1
1
1
1
1
1
1
1
1
1
1
1
1
1
1
1
1
1
1
1
1
1
1
1
1
1
1
1
1
1
1
1
1
1
1
1
1
1
1
1
1
1
1
1
1
1
1
1
1
1
1
1
1
1
1
1
1
1
1
1
1
1
1
1
1
1
1
1
1
1
1
1
1
1
1
1
1
1
1
1
1
1
1
1
1
1
1
1
1
1
1
1
1
1
1
1
1
1
1
1
1
1
1
1
1
1
1
1
1
1
1
1
1
1
1
1
1
1
1
1
1
1
1
1
1
1
1
1
1
1
1
1
1
1
1
1
1
1
1
1
1
1
1
1
1
1
1
1
1
1
1
1
1
1
1
1
1
1
1
1
1
1
1
1
1
1
1
1
1
1
1
1
1
1
1
1
1
1
1
1
0 2 92.6519
0 39 154.108
0 131 23.2005
0 144 26.3597
0 179 40.0536
0 193 23.9671
1 11 91.7676
1 14 73.6448
1 124 155.069
1 166 100.841
1 170 108.937
2 17 217.942
2 21 204.151
2 93 196.099
2 120 224.217
2 121 416.825
2 123 300.352
2 178 404.56
3 1 83.2671
3 2 81.8935
3 39 82.5025
3 122 64.8029
3 143 62.4111
3 175 72.6277
4 9 676.351
4 21 278.736
4 29 830.955
4 32 306.214
4 40 264.986
4 49 651.232
4 88 378.619
4 163 370.658
4 187 270.15
4 191 310.284
5 46 125.444
5 62 128.528
5 83 135.508
5 97 73.6781
5 102 75.7694
5 106 112.289
5 110 101.329
5 149 94.7735
5 156 203.479
5 169 85.0215
5 177 167.917
6 3 450.482
6 112 260.427
6 135 307.498
6 151 621.227
6 198 447.154
7 22 163.503
7 24 162.726
7 25 200.082
7 75 176.977
7 80 199.917
7 117 121.506
7 119 131.136
7 157 140.88
7 171 290.844
7 173 106.316
7 176 179.733
7 196 203.133
8 12 304.675
8 28 963.461
8 69 629.813
8 73 1046.24
8 76 632.339
8 105 984.479
8 199 246.882
9 27 287.402
9 70 346.575
9 92 373.745
9 94 288.799
9 113 2386.32
9 131 421.606
9 144 237.71
9 159 288.735
9 193 534.891
10 65 170.373
10 68 44.254
10 72 65.7172
10 133 114.589
10 162 44.745
10 182 109.74
11 7 98.4775
11 61 182.579
11 94 178.531
11 113 144.593
11 131 180.103
11 144 124.124
11 155 116.512
11 159 206.025
11 193 150.609
12 0 21.6352
12 34 12.4967
12 38 18.1693
12 43 46.1618
12 84 17.1038
12 90 30.7007
12 126 23.9192
12 138 16.7783
12 145 39.0867
12 188 19.0656
13 6 109.128
13 79 98.286
13 86 109.186
13 104 125.374
13 179 148.716
14 35 82.1461
14 54 47.1032
14 111 42.4886
14 134 71.5916
14 146 150.756
14 160 49.1774
15 61 15.8825
15 94 18.5981
15 115 16.8666
15 155 40.2038
15 159 18.8915
15 161 19.065
16 8 116.961
16 24 199.841
16 58 129.608
16 80 200.291
16 116 177.313
16 117 216.858
16 154 178.148
16 157 290.095
16 171 136.009
16 180 365.831
16 183 814.039
16 194 197.334
16 196 174.259
17 0 282.402
17 4 303.523
17 8 766.431
17 24 289.552
17 25 279.146
17 30 906.27
17 38 515.024
17 42 417.881
17 43 323.437
17 90 485.521
17 126 414.351
17 138 361.225
17 145 277.607
17 154 386.379
17 171 266.961
17 188 359.657
18 1 9.65038
18 5 8.97109
18 12 7.73337
18 74 9.32268
18 101 9.89387
18 122 11.8022
18 143 8.62088
18 175 8.46637
19 31 64.8445
19 69 75.0369
19 132 90.0983
20 4 72.7018
20 38 59.691
20 46 74.8418
20 54 43.7875
20 62 68.4628
20 90 47.6122
20 97 157.224
20 106 51.6679
20 110 71.2522
20 156 59.4643
21 36 197.251
21 42 108.367
21 87 122.036
21 91 174.545
21 93 148.408
21 100 151.821
21 116 106.564
21 120 125.545
21 158 178.267
22 33 41.783
22 51 79.524
22 77 54.3889
22 89 43.3307
22 99 56.4094
22 129 96.2938
22 136 39.1986
23 17 151.803
23 33 203.405
23 44 187.495
23 48 191.92
23 56 972.296
23 96 3124.06
23 98 155.919
23 103 333.329
23 114 239.103
23 125 175.771
23 150 414.927
23 153 324.408
23 164 266.163
23 165 178.293
23 168 241.744
23 192 226.488
24 0 202.877
24 25 186.031
24 34 207.513
24 43 149.672
24 84 130.657
24 126 181.852
24 138 245.437
24 176 217.48
24 188 226.49
25 8 459.956
25 24 457.055
25 25 208.164
25 30 547.242
25 42 215.295
25 80 231.585
25 154 549.551
25 157 346.539
25 171 298.1
25 180 165.158
25 183 260.557
25 196 188.73
26 46 180.775
26 54 52.7528
26 62 175.176
26 83 66.6228
26 97 73.6269
26 102 52.7126
26 106 111.653
26 110 90.4607
26 149 65.0726
26 156 159.692
26 177 81.9953
27 59 631.371
27 67 272.367
27 199 408.076
28 17 56.9545
28 33 31.5055
28 44 36.6881
28 55 31.4577
28 56 42.9969
28 96 47.6267
28 123 30.2143
28 125 68.4783
28 150 31.5209
28 153 97.9001
28 178 31.6269
28 184 36.1753
28 192 69.0743
28 195 62.0871
29 72 75.1099
29 89 42.6327
29 107 295.743
29 109 121.656
29 118 43.6241
29 136 42.7026
30 61 410.542
30 94 1477.95
30 113 278.07
30 131 259.17
30 155 700.922
30 159 2647.33
30 161 262.466
31 22 741.829
31 25 200.348
31 75 981.529
31 119 193.042
31 171 190.327
31 176 251.104
31 196 183.82
32 14 135.527
32 74 1094.63
32 81 188.035
32 112 238.549
32 189 281.052
33 32 36.8615
33 45 46.2565
33 89 25.6299
33 107 26.0206
33 109 34.6427
33 118 58.0264
33 136 30.2621
33 185 76.0795
33 187 30.4039
34 35 201.29
34 46 201.062
34 54 310.846
34 62 210.75
34 102 319.512
34 106 273.324
34 111 224.953
34 149 297.287
34 160 281.974
35 1 208.198
35 5 301.131
35 12 137.7
35 67 107.2
35 101 477.225
35 122 389.825
35 175 200.048
36 13 93.2617
36 15 350.973
36 52 181.744
36 53 102.113
36 119 91.2678
36 172 86.8675
36 173 115.257
37 14 91.6545
37 31 87.7902
37 69 96.6724
37 81 113.485
37 132 103.26
38 4 433.406
38 36 246.412
38 42 432.39
38 97 284.233
38 100 1365.74
38 110 289.648
38 158 457.415
39 3 256.794
39 50 263.157
39 135 802.843
39 142 319.715
39 151 676.956
40 3 43.4147
40 26 31.1309
40 64 25.4542
40 112 22.6245
40 143 51.0905
40 198 34.881
41 3 419.858
41 26 217.856
41 64 238.835
41 151 301.76
41 198 205.702
42 35 329.639
42 38 229.771
42 46 509.434
42 54 431.859
42 62 477.071
42 97 289.6
42 106 390.66
42 110 223.317
42 156 233.667
43 26 327.371
43 37 502.472
43 55 473.778
43 64 369.59
43 125 230.742
43 127 223.586
43 184 243.736
44 17 251.098
44 33 249.969
44 44 286.654
44 56 631.657
44 96 809.64
44 98 213.85
44 103 293.333
44 114 259.921
44 125 320.554
44 150 352.137
44 153 814.916
44 164 256.638
44 165 206.224
44 168 242.441
44 192 377.697
44 195 242.361
45 14 335.687
45 74 798.799
45 81 475.997
45 112 383.568
45 189 948.582
46 6 103.475
46 79 95.7339
46 86 99.7514
46 104 117.133
46 144 89.7902
46 179 195.553
47 0 137.199
47 34 107.48
47 35 135.75
47 38 158.654
47 43 184.519
47 84 173.499
47 90 193.183
47 126 128.262
47 138 107.193
47 145 417.825
47 188 115.797
48 11 38.4365
48 14 46.5815
48 69 38.3584
48 81 61.1818
48 132 40.19
48 189 39.652
49 50 202.154
49 58 654.531
49 116 157.01
49 117 157.526
49 135 211.833
49 142 846.668
49 180 164.342
49 194 167.304
50 18 275.346
50 31 313.807
50 95 390.279
50 132 279.349
51 50 101.156
51 58 374.406
51 116 116.839
51 117 119.957
51 135 85.7147
51 142 169.839
51 180 138.041
51 183 99.3245
51 194 129.718
52 20 126.923
52 47 60.1983
52 48 57.8377
52 78 80.2963
52 130 105.874
52 140 67.3687
52 167 56.196
52 186 57.1807
53 2 574.913
53 39 741.418
53 179 205.037
54 12 67.9021
54 28 271.8
54 69 931.372
54 73 138.37
54 76 117.185
54 105 155.659
55 15 405.783
55 52 142.04
55 58 123.965
55 117 170.356
55 119 203.099
55 142 136.709
55 173 301.574
55 196 127.465
56 13 239.058
56 23 490.526
56 52 247.092
56 53 353.894
56 60 234.076
56 137 473.759
56 166 296.994
56 172 321.307
57 3 766.502
57 112 243.793
57 143 177.857
57 151 266.123
57 198 878.553
58 20 205.691
58 47 220.692
58 48 221.358
58 77 213.006
58 78 430.54
58 99 228.614
58 130 262.308
58 148 218.908
58 186 387.148
59 63 117.586
59 115 389.398
59 141 89.4624
59 155 67.3719
59 161 150.69
60 1 74.6593
60 74 73.2003
60 122 75.6923
60 143 258.753
60 198 72.6816
61 50 268.486
61 71 480.109
61 87 239.989
61 121 342.357
61 127 248.335
61 152 409.319
62 44 156.872
62 79 394.162
62 86 135.175
62 98 256.412
62 114 126.248
62 165 143.47
62 179 150.634
63 61 295.678
63 94 337.974
63 155 999.149
63 159 358.998
63 161 229.698
64 17 1074
64 33 228.052
64 121 213.248
64 123 702.188
64 153 214.867
64 178 749.086
64 184 212.857
64 192 455.217
64 195 343.786
65 16 185.532
65 41 69.2604
65 65 83.9219
65 68 358.665
65 133 92.3885
65 148 65.7298
65 162 74.8803
65 182 158.182
66 31 309.332
66 132 1146.95
67 15 284.695
67 22 299.509
67 24 239.073
67 75 292.062
67 80 372.96
67 117 489.829
67 119 2510.8
67 157 255.844
67 171 255.439
67 173 970.706
67 196 504.486
68 2 169.816
68 6 166.676
68 104 181.471
68 131 177.028
68 144 310.488
68 179 333.22
69 3 195.359
69 26 396.623
69 64 258.27
69 143 391.751
70 16 347.696
70 65 669.423
70 68 505.387
70 72 276.204
70 133 589.497
70 162 356.899
70 182 8457.94
71 19 175.632
71 23 155.593
71 52 190.839
71 53 148.714
71 60 182.897
71 147 167.097
71 172 334.353
72 61 306.22
72 70 342.464
72 92 269.463
72 94 1851.36
72 113 369.534
72 131 282.889
72 155 451.102
72 159 1314.85
72 161 271.357
72 193 280.585
73 11 110.483
73 14 118.472
73 31 58.4035
73 81 56.9693
73 132 52.3986
73 189 58.6092
74 0 344.119
74 8 273.192
74 30 293.744
74 38 813.365
74 42 222.894
74 43 495.581
74 84 260.944
74 90 2052.77
74 126 504.641
74 138 359.68
74 145 444.696
74 188 388.526
75 20 420.716
75 66 203.588
75 130 195.125
75 140 546.443
75 181 213.892
76 35 344.406
76 46 352.225
76 54 1167.33
76 62 365.715
76 102 219.616
76 106 456.806
76 149 243.798
76 160 222.802
77 1 65.6729
77 5 98.4454
77 12 68.4694
77 59 91.6653
77 67 108.266
77 101 97.2374
77 122 71.2612
77 175 77.3728
77 199 109.816
78 9 163.343
78 10 193.086
78 29 206.297
78 32 579.681
78 45 190.213
78 57 205.816
78 88 184.614
78 118 183.545
78 185 270.382
78 187 1604.6
79 22 652.596
79 24 281.792
79 25 277.579
79 75 667.731
79 80 402.537
79 117 328.582
79 119 544.042
79 157 273.381
79 171 363.971
79 173 382.532
79 176 281.566
79 196 492.864
80 2 332.488
80 39 321.861
80 131 268.767
80 144 447.436
80 179 816.72
80 193 242.865
81 37 84.1404
81 44 83.7604
81 79 201.116
81 98 116.643
81 179 97.7814
82 13 257.348
82 15 115.94
82 53 129.969
82 124 175.079
82 166 118.998
82 170 158.083
83 4 166.261
83 8 194.463
83 30 165.061
83 36 195.421
83 42 290.661
83 100 281.257
83 116 183.664
83 154 242.39
83 158 150.41
83 180 178.376
83 183 178.077
83 194 176.128
84 9 138.36
84 21 79.5949
84 29 138.733
84 40 103.558
84 49 821.278
84 88 92.8797
84 120 81.8132
84 158 79.6396
84 163 152.645
84 191 105.222
85 4 391.306
85 8 301.541
85 30 255.11
85 36 259.129
85 42 610.791
85 97 249.383
85 100 1108.77
85 154 307.587
85 158 313.92
86 16 253.373
86 41 268.263
86 68 221.402
86 85 696.957
86 148 371.056
87 37 281.804
87 44 1721.99
87 55 353.929
87 56 319.869
87 79 666.764
87 96 293.168
87 98 1151.47
87 114 339.019
87 125 341.232
87 150 278.927
87 153 370.457
87 165 321.436
88 63 620.742
88 115 1011.5
88 141 523.289
88 161 544.673
89 1 129.055
89 5 155.853
89 12 160.548
89 101 202.641
89 122 185.101
89 175 121.972
90 10 257.739
90 32 325.926
90 57 276.721
90 118 267.977
90 185 256.885
90 187 681.727
91 36 54.3557
91 40 46.7661
91 49 47.8996
91 87 42.1771
91 91 75.0131
91 93 93.7376
91 120 85.322
91 158 76.2338
91 163 45.9765
92 59 198.661
92 76 149.293
92 199 269.776
93 23 132.695
93 60 184.041
93 137 126.048
93 147 123.876
93 172 54.4046
94 17 278.047
94 21 459.304
94 33 267.641
94 51 317.391
94 123 545.5
94 178 344.069
94 192 269.116
95 63 219.373
95 115 228.598
95 141 737.988
95 161 259.429
96 59 179.605
96 190 295.813
97 17 20.0968
97 21 28.8287
97 33 19.5198
97 51 22.8215
97 123 39.1348
97 178 24.2726
97 192 19.65
98 21 37.3508
98 93 29.091
98 120 34.3678
98 121 38.8401
98 123 38.0258
98 178 41.4062
99 14 81.9087
99 112 93.0893
99 124 110.344
99 170 232.653
99 189 87.1579
100 33 76.6346
100 51 150.568
100 77 120.106
100 89 64.9414
100 99 126.452
100 129 277.315
100 186 63.4193
101 14 517.41
101 74 420.834
101 81 757.553
101 112 283.63
101 189 1329.44
102 9 490.974
102 21 755.597
102 32 304.392
102 45 338.467
102 136 261.604
102 185 290.658
103 35 195.031
103 54 92.6509
103 134 96.0167
103 145 78.3022
103 146 154.213
103 160 76.4601
104 15 5.06395
104 58 3.39582
104 80 3.91778
104 117 6.35727
104 119 6.83921
104 142 3.34116
104 157 3.31285
104 173 10.1554
104 196 4.49973
105 13 10.8063
105 15 15.3554
105 52 56.3306
105 53 15.2178
105 119 8.53881
105 172 13.9584
105 173 9.7059
106 27 10.1916
106 61 10.9278
106 70 13.7715
106 92 11.5627
106 94 26.3318
106 113 18.6108
106 131 12.8474
106 155 12.1279
106 159 25.5188
106 193 13.0353
107 9 214.217
107 29 256.013
107 40 435.782
107 49 593.698
107 88 216.765
107 93 224.812
107 120 238.432
107 158 346.137
107 163 584.15
107 191 333.561
108 3 234.772
108 74 171.337
108 112 316.056
108 143 144.757
108 198 706.668
109 17 372.177
109 21 203.631
109 121 289.713
109 123 632.911
109 178 1746.17
109 192 237.001
109 195 243.602
110 6 170.823
110 86 150.198
110 104 191.165
110 144 192.912
110 179 310.272
111 0 257.771
111 34 213.106
111 35 233.329
111 38 232.986
111 43 330.943
111 84 386.49
111 90 283.397
111 126 222.729
111 138 190.234
111 145 700.487
111 188 205.851
112 19 557.009
112 60 265.928
112 147 297.105
112 172 147.959
113 6 122.388
113 66 126.638
113 104 111.62
113 128 186.279
113 139 172.295
113 181 114.903
114 8 307.876
114 24 289.063
114 30 273.175
114 36 295.063
114 42 320.929
114 100 266.869
114 116 419.27
114 154 506.572
114 157 329.668
114 180 500.847
114 183 508.635
114 194 418.506
115 4 126.301
115 40 89.3953
115 46 80.6501
115 62 77.3152
115 97 154.247
115 100 99.1198
115 110 543.971
115 156 158.719
115 158 96.6159
116 4 120.976
116 8 123.022
116 36 210.835
116 42 173.926
116 87 135.479
116 91 144.716
116 100 205.468
116 116 159.267
116 154 147.385
116 158 138.509
116 180 138.613
116 183 125.462
116 194 148.77
117 11 104.521
117 14 79.227
117 31 136.605
117 132 134.032
118 22 273.287
118 24 183.683
118 25 273.071
118 75 305.975
118 80 216.091
118 117 147.568
118 119 172.189
118 157 162.377
118 171 291.422
118 176 289.792
118 196 224.275
119 1 69.6296
119 5 103.108
119 12 155.906
119 73 66.348
119 101 140.459
119 122 93.0167
119 175 72.4762
119 199 86.5143
120 10 167.998
120 83 441.011
120 149 166.011
120 156 166.9
120 169 597.114
120 177 281.8
121 141 209.618
121 161 118.828
121 190 142.396
122 12 421.328
122 28 277.831
122 69 208.285
122 73 402.273
122 76 515.378
122 105 397.152
122 199 812.705
123 18 74.714
123 82 63.1584
123 95 78.4436
123 108 99.8944
123 174 137.511
123 197 137.602
124 3 437.621
124 74 257.668
124 112 341.697
124 143 383.159
124 198 578.064
125 36 306.811
125 50 321.535
125 58 190.069
125 87 722.144
125 91 262.424
125 93 197.744
125 116 272.85
125 180 181.44
125 194 251.183
126 45 206.768
126 72 107.346
126 89 623.386
126 107 124.197
126 109 134.743
126 118 91.4058
126 136 4283.81
126 185 134.573
127 23 246.649
127 60 126.142
127 82 140.064
127 137 305.865
128 13 302.537
128 124 326.484
128 170 394.382
129 16 58.1198
129 41 46.1011
129 65 41.5362
129 68 119.417
129 133 33.9612
129 162 52.3667
129 182 61.3038
130 23 55.99
130 60 23.5147
130 82 19.8178
130 137 75.7855
130 147 20.6705
130 172 19.5053
131 1 25.6986
131 5 33.4593
131 27 39.3794
131 59 37.9586
131 67 81.5576
131 70 26.4645
131 92 33.1112
131 101 30.0881
131 122 25.3171
131 175 30.9366
131 190 27.9964
131 199 25.8978
132 0 77.3423
132 8 46.0387
132 25 63.5392
132 30 54.5739
132 34 46.9109
132 38 47.1406
132 43 73.2058
132 84 42.6162
132 90 57.5648
132 126 165.09
132 138 210.221
132 145 47.0062
132 171 41.851
132 176 48.2401
132 188 169.755
133 16 75.4334
133 47 56.1299
133 68 56.5719
133 78 99.0333
133 85 53.4572
133 99 56.0036
133 130 56.8116
133 148 73.6572
133 186 67.2274
134 23 565.541
134 60 446.744
134 137 503.099
134 147 313.959
134 172 181.896
135 20 64.296
135 47 34.2112
135 48 28.5908
135 78 42.8643
135 130 63.7024
135 140 39.8735
135 167 32.4353
135 186 28.2059
136 3 362.756
136 26 391.635
136 64 298.566
136 143 1097.77
136 198 312.719
137 6 395.002
137 66 63.5982
137 86 146.428
137 104 592.864
137 128 60.2338
137 139 73.8933
137 181 80.2646
138 4 203.814
138 40 219.223
138 42 167.564
138 97 163.485
138 100 306.064
138 110 203.599
138 158 668.235
138 163 166.36
138 191 151.425
139 8 129.054
139 36 243.27
139 42 153.499
139 87 166.165
139 91 146.339
139 100 151.473
139 116 268.323
139 154 174.086
139 157 127.749
139 180 222.815
139 183 177.095
139 194 245.776
140 36 197.702
140 40 245.056
140 49 298.979
140 91 268.94
140 93 363.088
140 120 384.483
140 158 324.396
140 163 260.247
140 191 193.534
141 3 328.488
141 64 254.761
141 71 236.294
141 135 294.701
141 151 584.252
141 152 286.334
142 17 141.559
142 55 145.987
142 64 137.952
142 71 274.571
142 121 149.688
142 125 161.462
142 127 974.662
142 152 243.442
142 184 552.418
142 195 230.614
143 37 200.633
143 39 101.404
143 55 98.6663
143 79 109.12
143 98 83.9577
143 179 100.452
144 6 444.313
144 66 234.736
144 86 1618.9
144 104 420.518
144 181 389.498
145 3 92.5967
145 135 112.021
145 142 73.5478
145 151 163.057
145 198 94.3477
146 10 269.386
146 29 200.923
146 32 314.425
146 57 294.959
146 88 205.196
146 118 172.557
146 185 201.73
146 187 1119.31
147 9 34.2335
147 21 12.3213
147 29 25.2206
147 32 13.9786
147 49 18.775
147 88 13.3554
147 163 12.1765
147 187 11.6377
147 191 10.7197
148 1 286.157
148 5 309.63
148 27 382.592
148 67 1180.36
148 70 246.38
148 92 387.547
148 101 255.794
148 113 231.891
148 122 246.877
148 175 359.463
149 15 221.853
149 58 179.446
149 117 149.504
149 119 132.564
149 142 229.907
149 173 164.923
150 72 70.255
150 89 76.91
150 99 70.5976
150 129 62.9903
150 133 101.679
150 136 63.5488
150 182 58.9774
151 3 446.906
151 74 179.598
151 112 304.833
151 143 172.077
151 151 216.759
151 198 3317.91
152 40 53.1019
152 46 68.4775
152 62 68.8956
152 83 93.725
152 97 52.1972
152 106 60.9766
152 110 79.6534
152 149 55.6772
152 156 160.11
152 169 63.4404
152 177 96.0587
152 191 54.5641
153 20 210.411
153 44 165.394
153 48 258.789
153 56 306.427
153 96 264.82
153 98 180.077
153 103 401.786
153 114 649.796
153 150 570.54
153 153 165.587
153 164 1061.74
153 165 440.046
153 168 229.515
154 22 222.055
154 75 153.248
154 80 25.2611
154 119 37.5409
154 171 24.7004
154 173 29.6296
154 176 24.7702
154 196 28.666
155 45 168.376
155 72 209.937
155 89 628.215
155 107 186.855
155 109 175.072
155 133 150.225
155 136 381.248
155 185 129.827
156 6 160.46
156 7 161.497
156 104 149.86
156 128 345.821
156 139 529.834
157 9 99.4967
157 21 79.8968
157 29 73.63
157 32 217.115
157 45 181.989
157 89 76.8663
157 118 71.7641
157 136 89.6402
157 185 198.532
157 187 102.166
158 17 252.579
158 55 114.42
158 71 125.13
158 121 126.261
158 123 132.83
158 125 180.471
158 127 171.799
158 153 136.823
158 178 177.85
158 184 284.988
158 192 151.857
158 195 811.558
159 29 478.801
159 40 550.43
159 49 412.123
159 88 606.505
159 158 248.025
159 163 851.211
159 191 1538.1
160 20 466.369
160 48 260.051
160 56 208.551
160 103 271.434
160 114 337.616
160 140 225.216
160 150 281.221
160 164 385.441
160 165 374.423
160 168 208.513
161 82 30.2629
161 108 55.6983
161 174 32.7734
161 197 34.0566
162 2 371.422
162 37 307.225
162 39 653.644
162 179 299.044
163 27 164.959
163 70 247.714
163 92 178.886
163 94 543.64
163 113 224.381
163 155 223.388
163 159 429.721
163 161 164.679
163 193 158.959
164 74 99.6963
164 81 22.5077
164 112 61.4411
164 143 22
164 189 29.7616
164 198 29.7732
165 32 732.929
165 45 471.035
165 109 285.55
165 118 491.086
165 136 284.068
165 185 943.252
165 187 578.631
166 35 198.044
166 54 116.254
166 111 109.782
166 134 194.16
166 146 398.885
166 160 127.865
167 3 77.2664
167 50 74.2534
167 71 78.6013
167 135 103.678
167 151 154.198
167 152 96.6536
168 27 316.929
168 59 846.909
168 67 293.959
168 70 245.296
168 92 250.402
168 190 407.225
169 15 253.685
169 22 283.045
169 52 216.446
169 75 263.889
169 80 193.768
169 117 223.147
169 119 655.79
169 173 546.359
169 196 232.358
170 19 101.427
170 23 139.045
170 60 865.772
170 137 133.474
170 147 801.086
170 172 88.0971
171 2 162.235
171 39 177.737
171 131 100.276
171 144 143.745
171 179 604.7
172 70 200.618
172 141 384.083
172 161 227.731
172 190 266.628
173 16 381.738
173 41 244.102
173 65 464.047
173 68 630.977
173 133 420.702
173 162 335.118
173 182 1404.31
174 3 58.8828
174 112 30.853
174 135 39.3233
174 151 89.7747
174 198 53.1631
175 10 20.0192
175 29 16.8162
175 32 31.831
175 45 14.8168
175 57 21.5524
175 88 16.4184
175 118 16.6362
175 185 20.0548
175 187 203.798
176 10 617.571
176 32 302.449
176 57 693.678
176 88 278.45
176 187 540.828
177 6 210.724
177 79 122.764
177 86 230.484
177 104 257.164
177 179 132.824
177 181 113.862
178 18 151.662
178 82 486.708
178 108 202.245
178 137 140.171
178 174 169.867
179 7 1439.81
179 61 397.655
179 128 387.364
179 139 473.88
179 144 309.431
180 26 112.498
180 37 72.1047
180 39 67.88
180 64 80.0282
180 143 108.331
181 94 503.239
181 115 178.361
181 141 179.892
181 155 434.827
181 159 414.105
181 161 268.253
182 31 281.324
182 132 387.309
183 16 167.942
183 41 156.677
183 47 154.118
183 85 672.047
183 148 294.613
184 2 261.102
184 7 288.475
184 61 329.232
184 113 308.485
184 131 835.412
184 144 1035.27
184 159 249.946
184 193 505.02
185 16 258.763
185 47 613.283
185 78 440.564
185 85 546.63
185 130 334.385
185 148 833.374
185 167 437.705
186 23 314.328
186 60 451.056
186 137 331.441
186 147 483.438
187 63 81.9495
187 94 109.725
187 115 160.793
187 141 107.893
187 155 170.586
187 159 103.688
187 161 264.16
188 11 170.198
188 14 504.082
188 74 152.65
188 81 165.916
188 112 139.064
188 124 135.898
188 170 182.105
188 189 381.516
189 27 292.472
189 70 539.636
189 92 298.582
189 94 351.47
189 113 282.471
189 141 212.057
189 155 218.59
189 159 309.586
189 161 213.255
189 190 277.154
190 33 50.9158
190 48 62.8386
190 51 53.7802
190 77 160.989
190 99 100.699
190 103 43.8452
190 129 74.7419
190 168 65.1542
190 186 156.859
191 0 129.392
191 25 101.917
191 34 148.434
191 43 93.9814
191 84 86.7202
191 126 108.374
191 138 140.129
191 176 119.185
191 188 132.881
192 32 93.1765
192 45 183.604
192 72 80.5537
192 89 129.945
192 107 127.838
192 109 185.431
192 118 144.078
192 136 162.675
192 185 176.911
193 46 59.2311
193 62 62.1209
193 83 101.425
193 102 48.5456
193 106 61.322
193 110 42.2574
193 149 63.236
193 156 69.4094
193 169 54.2501
193 177 159.229
194 48 115.402
194 77 193.259
194 78 116.189
194 99 280.279
194 129 149.336
194 186 251.412
195 33 100.767
195 48 70.1831
195 51 126.225
195 77 483.228
195 99 124.116
195 103 57.2274
195 129 179.455
195 168 85.9117
195 186 95.3571
196 21 190.164
196 33 142.404
196 51 189.342
196 123 201.949
196 129 133.267
196 178 137.285
196 192 126.456
197 9 161.928
197 21 181.648
197 49 161.768
197 91 165.733
197 93 226.23
197 120 294.141
197 121 200.251
197 178 164.054
198 27 481.741
198 59 241.264
198 67 218.631
198 70 561.6
198 92 359.61
198 113 211.413
198 190 853.316
199 46 364.643
199 62 383.885
199 83 820.488
199 102 347.64
199 106 395.035
199 110 257.307
199 149 459.916
199 156 405.093
199 169 396.581
199 177 1609.96
