50 50 331
1
1
1
1
1
1
1
1
1
1
1
1
1
1
1
1
1
1
1
1
1
1
1
1
1
1
1
1
1
1
1
1
1
1
1
1
1
1
1
1
1
1
1
1
1
1
1
1
1
1
0 0 96.1651
0 13 73.2009
0 16 75.4877
0 18 76.181
0 21 238.986
0 31 94.9359
0 34 92.8219
0 39 72.5787
1 20 364.622
1 24 174.362
1 25 124.402
1 36 154.516
2 0 8.38172
2 7 5.29735
2 13 5.97889
2 31 5.32492
2 35 5.71295
2 44 16.2063
2 47 4.68087
2 48 6.62273
3 16 451.596
3 19 148.418
3 20 127.451
3 21 151.856
3 24 115.481
3 34 269.652
3 36 199.99
3 39 121.549
4 3 113.387
4 10 107.591
4 15 74.2032
4 16 183.242
4 18 91.507
4 19 96.2415
4 21 71.9629
4 23 71.2934
4 33 94.1
4 34 166.8
4 40 73.005
5 2 130.201
5 7 133.796
5 12 280.387
5 22 2264.55
5 29 373.01
5 45 136.531
5 46 241.164
5 47 128.774
5 48 146.227
6 0 52.3875
6 13 81.7758
6 28 34.5999
6 35 85.2528
6 43 48.4496
6 44 61.7785
6 48 36.8349
7 4 670.712
7 14 175.17
7 37 64.5264
8 1 126.398
8 9 94.1597
8 15 96.8544
8 17 117.737
8 30 115.342
8 32 404.735
8 41 124.684
8 49 111.11
9 3 171.096
9 6 87.8739
9 10 188.669
9 19 144.18
9 23 171.416
9 25 109.505
9 40 110.587
10 7 6.35597
10 12 6.51746
10 22 10.2617
10 29 7.46176
10 45 4.70616
10 46 9.68205
10 47 5.89355
10 48 6.82853
11 19 12.0007
11 20 15.1765
11 24 27.708
11 25 15.5476
12 1 102.662
12 6 288.278
12 9 304.898
12 11 469.897
12 15 97.2895
12 23 107.483
12 40 132.149
13 1 339.45
13 30 133.354
13 32 151.104
13 38 383.088
13 49 178.794
14 5 279.319
14 8 77.5638
14 27 46.7048
15 7 31.8763
15 17 59.3393
15 30 21.2689
15 31 19.0359
15 32 24.6268
15 41 32.237
15 45 23.2733
15 46 24.8209
15 47 42.3111
16 15 178.442
16 16 94.1922
16 17 95.6395
16 18 444.36
16 21 111.819
16 31 164.006
16 33 205.223
16 34 118.429
16 40 89.7129
16 41 133.36
17 0 399.038
17 13 121.616
17 21 63.8511
17 31 94.7567
17 35 64.8192
17 44 108.782
18 4 55.5517
18 14 73.0313
18 28 32.7139
18 43 35.691
19 7 109.358
19 12 89.3036
19 22 88.1507
19 29 92.1386
19 35 117.316
19 44 147.821
19 46 87.6334
19 47 91.8367
19 48 1506.04
20 16 235.328
20 18 67.0099
20 19 56.6465
20 21 121.098
20 33 59.0445
20 34 426.453
20 36 76.0513
20 39 55.674
21 15 94.2419
21 16 79.9311
21 18 194.508
21 21 105.56
21 31 101.544
21 33 113.925
21 34 108.792
21 41 71.7496
22 0 16.4438
22 15 15.8991
22 17 16.1448
22 18 22.2449
22 21 18.6705
22 31 65.6828
22 33 16.5006
22 34 14.7202
22 41 19.1349
23 3 3.58605
23 6 14.1503
23 9 73.5929
23 10 3.55688
23 11 6.60749
23 15 3.69637
23 23 4.79996
23 33 3.42354
23 40 6.43131
24 28 689.177
24 35 20.4273
24 43 60.6281
25 1 200.786
25 30 283.173
25 32 387.7
25 38 153.369
25 45 121.758
25 49 358.509
26 16 98.9753
26 20 75.3339
26 21 74.5246
26 34 85.4728
26 36 219.929
26 39 86.3986
27 4 481.523
27 14 621.55
28 7 278.841
28 17 251.207
28 31 96.3992
28 41 128.202
28 45 85.8747
28 46 120.404
28 47 522.25
28 48 80.5479
29 0 79.73
29 13 126.791
29 27 41.7686
29 44 41.6964
30 1 81.4901
30 6 80.3293
30 9 91.5242
30 11 80.6132
30 15 116.526
30 17 121.583
30 18 85.3394
30 32 153.244
30 33 92.4731
30 40 81.4703
30 41 154.823
31 26 11.6311
31 39 6.37256
31 42 9.12737
32 3 386.615
32 6 109.592
32 9 112.582
32 10 426.771
32 11 79.483
32 15 92.1008
32 18 78.3912
32 19 89.0302
32 23 501.928
32 33 100.323
32 40 219.03
33 3 31.8637
33 6 23.1983
33 9 27.5038
33 10 29.5363
33 11 18.1201
33 15 59.1383
33 18 32.8333
33 23 28.7449
33 33 61.6069
33 34 17.206
33 40 53.946
33 41 18.0463
34 3 197.73
34 6 96.8687
34 9 109.567
34 10 177.615
34 15 230.425
34 16 98.881
34 18 195.434
34 19 83.2973
34 23 140.063
34 33 357.756
34 34 107.689
34 40 203.885
34 41 83.5706
35 7 85.4181
35 15 88.2806
35 17 295.285
35 18 79.1654
35 31 94.26
35 32 81.5994
35 33 74.8026
35 41 490.223
35 47 98.0417
36 2 106.842
36 30 235.109
36 32 108.541
36 38 122.63
36 45 104.735
36 49 389.828
37 2 69.145
37 12 104.358
37 22 201.148
37 29 123.037
37 45 65.0698
37 46 82.5881
38 0 43.4981
38 13 29.6512
38 21 44.9095
38 31 34.368
38 34 24.189
39 19 83.0031
39 24 272.573
39 25 130.724
40 16 74.0603
40 18 35.1098
40 21 111.653
40 34 92.8235
40 36 57.1036
40 39 43.0509
41 4 78.2716
41 14 62.4049
41 37 101.876
42 4 121.482
42 14 101.06
42 37 378.87
43 21 31.9188
43 26 64.2294
43 36 42.7679
43 39 94.9744
43 42 139.307
44 0 159.651
44 13 210.182
44 27 102.027
44 42 97.2119
45 9 49.3835
45 15 70.2081
45 17 87.6948
45 18 53.2885
45 31 47.7694
45 32 82.6129
45 33 55.9705
45 41 117.841
45 47 49.2784
46 12 320.958
46 22 86.365
46 29 202.256
46 37 51.814
47 0 53.1252
47 7 50.2662
47 15 47.083
47 17 60.9695
47 18 60.4717
47 21 47.7163
47 31 2311.81
47 33 47.0237
47 41 69.3401
47 44 43.4883
47 47 48.9831
48 5 172.897
48 8 145.301
48 27 97.2685
49 19 151.725
49 24 616.471
49 25 335.066
