50 50 333
1
1
1
1
1
1
1
1
1
1
1
1
1
1
1
1
1
1
1
1
1
1
1
1
1
1
1
1
1
1
1
1
1
1
1
1
1
1
1
1
1
1
1
1
1
1
1
1
1
1
0 0 125.495
0 5 967.957
0 8 131.528
0 11 125.695
0 20 215.185
0 41 1045.14
0 48 493.372
0 49 741.939
2 1 223.988
2 12 315.136
2 37 252.907
2 46 145.42
3 17 112.498
3 18 119.441
3 21 125.104
3 24 394.255
3 26 189.751
3 28 131.632
4 4 182.307
4 6 132.57
4 13 144.036
4 15 91.5243
4 25 73.7074
4 30 118.525
4 34 158.407
4 35 104.799
4 42 76.9161
5 0 103.925
5 7 84.8142
5 44 83.4219
5 47 99.3408
6 4 33.9294
6 6 71.6243
6 13 52.2783
6 14 48.5136
6 15 96.7652
6 18 43.8559
6 25 55.3617
6 30 43.1117
6 34 49.2875
6 35 82.3679
6 38 50.372
6 40 32.5485
7 0 208.471
7 5 187.315
7 7 200.406
7 8 341.585
7 11 168.969
7 20 118.913
7 41 197.771
7 48 120.019
7 49 214.4
8 1 134.102
8 9 120.688
8 12 376.608
8 19 97.7621
8 23 172.335
8 37 181.838
8 46 396.248
9 2 263.855
9 7 134.98
9 14 155.754
9 16 221.791
9 25 151.307
9 32 527.877
9 38 153.511
9 40 131.036
9 44 283.825
9 47 231.835
10 17 108.207
10 18 58.2491
10 24 337.717
10 26 60.8502
10 28 64.7386
10 40 79.1894
11 17 75.2233
11 21 55.7277
11 24 173.135
11 26 96.6634
11 28 112.303
12 4 79.9731
12 9 281.635
12 19 112
12 23 105.087
12 27 54.9398
12 39 64.4865
12 42 66.3446
12 46 71.8272
13 9 83.1244
13 12 97.0271
13 23 77.2735
13 42 93.9411
13 46 86.3911
14 18 6.50836
14 21 10.6532
14 24 6.9968
14 26 18.7168
14 28 5.44219
14 43 5.34397
15 2 55.5
15 14 21.3354
15 16 55.3463
15 25 19.8469
15 32 99.5746
15 38 20.9003
15 40 21.3728
15 44 43.0211
15 47 29.4677
16 3 83.3312
16 13 117.927
16 18 93.3511
16 21 87.6588
16 29 125.226
16 30 148.099
16 36 85.5335
16 43 129.333
17 4 116.929
17 6 274.296
17 13 161.76
17 14 264.802
17 15 716.872
17 18 164.239
17 25 302.996
17 30 139.153
17 34 177.516
17 35 392.365
17 38 278.005
17 40 157.772
18 10 258.697
19 5 231.783
19 8 153.293
19 11 226.986
19 20 373.877
19 27 183.674
19 39 135.113
19 41 261.943
19 48 214.468
19 49 256.385
20 9 6.86974
20 19 9.05751
20 20 7.16646
20 23 8.89927
20 27 9.65477
20 31 14.3893
20 33 23.0422
20 39 13.0444
20 46 7.94943
21 10 50.8173
22 4 163.219
22 6 236.084
22 11 133.075
22 14 118.482
22 15 138.869
22 25 139.991
22 34 343.524
22 35 181.054
22 38 121.408
23 22 267.552
23 31 189.497
23 33 137.984
23 45 153.55
24 1 132.926
24 9 125.542
24 12 549.649
24 23 145.572
24 37 160.776
24 46 214.778
25 4 302.754
25 6 219.757
25 9 141.671
25 11 147.501
25 15 138.074
25 19 151.835
25 34 369.283
25 35 169.77
26 9 110.716
26 11 67.2439
26 19 355.591
26 20 65.4447
26 23 117.183
26 27 170.923
26 31 63.416
26 33 73.8228
26 39 331.222
26 46 76.7086
27 17 164.289
27 24 184.11
27 26 132.795
27 28 406.314
28 21 124.152
28 24 105.501
28 26 571.107
28 28 118.623
29 44 43.1255
29 47 39.8414
30 1 129.877
30 9 184.633
30 12 141.863
30 19 228.46
30 23 324.191
30 27 161.196
30 31 167.848
30 33 222.792
30 37 152.975
30 39 238.316
30 46 270.858
31 1 312.911
31 12 143.319
31 23 120.092
31 31 133.618
31 33 154.623
31 37 338.164
31 46 151.155
32 0 41.3131
32 5 102.175
32 7 39.453
32 8 51.486
32 11 57.0979
32 20 76.7621
32 27 41.549
32 41 123.25
32 48 70.954
32 49 123.598
33 7 16.3743
33 8 18.5698
33 11 41.8642
33 27 13.5886
33 34 12.8867
34 12 140.849
35 13 176.259
35 18 128.22
35 21 91.8766
35 29 82.6032
35 30 224.277
35 43 96.5556
36 17 30.9761
36 18 18.3392
36 24 88.0274
36 26 26.3712
36 28 31.3403
36 40 19.791
37 0 23.4041
37 2 25.5372
37 7 38.364
37 8 31.1515
37 11 24.0834
37 14 23.0634
37 16 22.7985
37 25 24.1376
37 32 33.7319
37 38 23.0669
37 44 34.2875
37 47 39.1584
38 2 59.6925
38 6 102.811
38 14 281.445
38 15 238.777
38 16 49.9037
38 25 1049.55
38 32 56.4372
38 34 66.0177
38 35 174.643
38 38 338.352
38 40 75.5046
39 17 60.7853
39 24 79.0174
39 26 69.9825
39 28 268.294
40 42 55.0122
41 4 6.48253
41 6 6.46597
41 13 28.3709
41 15 6.5489
41 18 10.848
41 21 7.38893
41 29 6.87594
41 30 40.0574
41 35 6.3418
41 43 7.40406
42 18 114.663
42 21 631.462
42 24 70.1403
42 26 109.634
42 29 69.5558
42 43 128
43 2 134.78
43 16 147.235
43 17 487.005
43 24 143.832
43 40 172.647
44 2 111.468
44 4 124.931
44 6 525.536
44 13 132.037
44 14 274.589
44 15 728.119
44 18 115.918
44 25 403.187
44 30 114.923
44 34 238.572
44 35 2890.66
44 38 294.127
44 40 135.675
45 4 335.62
45 6 49.0407
45 9 40.9226
45 13 51.0466
45 30 47.0099
45 34 65.8863
45 35 40.1155
45 42 55.1314
46 20 67.482
46 22 68.7735
46 27 52.9065
46 31 167.92
46 33 108.986
46 39 54.1903
46 45 51.5916
46 48 51.6932
47 3 92.9763
47 18 96.1846
47 21 174.883
47 26 89.2183
47 29 127.289
47 36 119.426
47 43 378.087
48 10 180.273
48 42 122.303
49 1 180.016
49 12 604.316
49 23 130.735
49 37 215.021
49 46 186.787
