300 300 2286
1
1
1
1
1
1
1
1
1
1
1
1
1
1
1
1
1
1
1
1
1
1
1
1
1
1
1
1
1
1
1
1
1
1
1
1
1
1
1
1
1
1
1
1
1
1
1
1
1
1
1
1
1
1
1
1
1
1
1
1
1
1
1
1
1
1
1
1
1
1
1
1
1
1
1
1
1
1
1
1
1
1
1
1
1
1
1
1
1
1
1
1
1
1
1
1
1
1
1
1
1
1
1
1
1
1
1
1
1
1
1
1
1
1
1
1
1
1
1
1
1
1
1
1
1
1
1
1
1
1
1
1
1
1
1
1
1
1
1
1
1
1
1
1
1
1
1
1
1
1
1
1
1
1
1
1
1
1
1
1
1
1
1
1
1
1
1
1
1
1
1
1
1
1
1
1
1
1
1
1
1
1
1
1
1
1
1
1
1
1
1
1
1
1
1
1
1
1
1
1
1
1
1
1
1
1
1
1
1
1
1
1
1
1
1
1
1
1
1
1
1
1
1
1
1
1
1
1
1
1
1
1
1
1
1
1
1
1
1
1
1
1
1
1
1
1
1
1
1
1
1
1
1
1
1
1
1
1
1
1
1
1
1
1
1
1
1
1
1
1
1
1
1
1
1
1
1
1
1
1
1
1
1
1
1
1
1
1
1
1
1
1
1
1
1
1
1
1
1
1
0 0 627.555
0 41 262.17
0 46 154.574
0 100 179.271
0 130 282.291
0 139 185.375
0 188 144.092
0 262 134.482
0 264 400.303
1 9 136.348
1 42 249.719
1 56 274.479
1 82 171.701
1 102 168.842
1 105 174.561
1 114 158.651
1 182 134.833
1 220 141.229
1 239 117.528
1 265 563.051
2 67 61.441
2 83 55.3531
2 116 89.9802
2 137 54.4885
2 165 143.566
2 219 52.9879
2 246 90.9244
3 36 231.974
3 93 220.245
3 110 217.742
3 172 488.906
3 226 319.914
3 244 233.942
3 279 204.691
4 63 233.757
4 163 266.883
4 188 303.989
4 206 1232.59
4 262 278.359
5 74 187.004
5 123 760.911
5 243 566.549
6 68 594.453
6 75 268.522
6 138 296.922
6 156 411.542
6 204 415.045
6 224 346.832
6 233 348.795
7 91 470.265
7 121 296.167
7 183 406.861
7 227 421.447
7 229 776.031
7 232 302.127
8 5 180.731
8 98 749.082
8 111 173.165
8 151 188.045
8 250 260.532
8 290 224.239
9 111 178.587
9 151 67.3349
9 170 23.4893
9 271 47.7856
9 284 53.9039
10 48 6.93915
10 55 2.13513
10 197 4.78991
10 268 3.34305
10 272 2.08256
11 49 56.5838
11 52 100.214
11 64 55.4998
11 117 99.618
11 126 103.844
12 14 691.57
12 121 316.676
12 157 273.589
12 173 274.913
12 190 279.43
12 229 473.84
12 232 385.497
13 17 793.501
13 24 706.23
13 77 855.613
13 89 1324.5
13 120 988.423
13 132 444.735
13 192 393.936
13 210 403.128
13 214 327.936
13 217 1197.34
13 228 425.081
13 230 580.876
13 255 1537.21
13 292 775.307
13 295 351.904
13 296 337.922
14 31 1185.39
14 47 298.714
14 50 1352.57
14 114 382.918
14 168 391.656
14 182 362.597
14 239 325.773
14 249 601.18
14 269 1304.48
14 281 1578.3
15 5 198.007
15 51 186.481
15 73 219.453
15 79 158.482
15 135 164.948
15 158 478.487
15 170 121.542
15 174 161.781
15 250 208.394
15 290 303.505
16 10 11.2663
16 36 56.8897
16 66 12.5723
16 110 13.9481
16 172 10.9303
16 244 49.5296
17 143 170.216
17 165 300.637
17 218 167.597
17 223 189.859
18 67 139.881
18 116 507.202
18 137 85.5736
18 155 80.9044
18 164 119.739
18 165 93.5242
18 194 80.6281
18 219 125.642
18 246 554.284
19 193 32.7453
19 266 44.3626
20 123 91.4443
20 133 33.0423
20 243 152.972
21 53 491.109
21 59 144.144
21 97 175.735
21 106 221.784
21 231 151.265
21 240 313.041
21 266 184.405
22 28 375.917
22 60 778.144
22 107 274.513
22 161 476.677
22 178 272.528
22 277 309.887
22 286 898.418
23 113 312.074
23 141 1930.04
23 270 252.3
23 296 848.551
24 34 342.666
24 45 283.765
24 86 320.233
24 92 309.24
24 122 1013.3
24 127 307.106
24 131 334.829
24 153 294.21
24 171 253.458
24 236 256.216
24 263 1064.3
24 283 292.025
25 93 459.907
25 110 208.647
25 172 501.872
25 213 235.428
25 225 215.787
25 226 212.209
25 279 171.604
26 74 1219.11
26 140 329.809
26 242 363.06
26 247 398.105
26 267 265.253
26 274 322.04
27 51 166.021
27 73 123.97
27 79 164.132
27 135 147.002
27 154 123.532
27 158 157.247
27 170 114.813
27 174 651.54
27 237 128.508
28 72 8.42846
28 109 4.8599
28 125 5.92425
28 209 4.64382
28 256 6.27443
28 258 4.22494
28 294 4.59703
29 14 948.45
29 121 252.828
29 157 333.825
29 171 209.409
29 173 285.576
29 190 246.629
29 229 232.164
29 232 313.393
30 152 161.838
30 208 58.0552
30 238 150.957
31 53 295.525
31 106 1009.2
31 231 467.217
31 237 299.883
31 240 1128.01
32 26 33.3753
32 81 63.486
32 194 33.1062
33 33 34.2088
33 43 639.751
33 55 37.6553
33 61 30.076
33 108 41.4163
33 118 35.8448
33 128 27.4929
33 142 35.1546
33 166 212.692
33 180 46.7505
33 203 78.4858
33 245 51.0615
33 252 46.1549
33 273 65.7141
34 53 172.199
34 59 240.608
34 97 149.904
34 106 146.375
34 192 124.157
34 228 100.934
34 240 148.912
34 295 100.532
35 10 278.405
35 36 381.342
35 66 237.92
35 110 171.003
35 215 184.085
35 244 415.88
36 32 579.919
36 147 352.446
36 189 465.701
37 2 470.083
37 15 227.199
37 23 356.47
37 44 267.056
37 78 1440
37 99 453.815
37 138 259
37 175 544.459
37 181 280.951
37 204 266.573
37 207 1300.17
37 259 253.102
38 33 723.16
38 39 159.075
38 43 174.822
38 55 392.105
38 108 522.922
38 118 759.007
38 128 7802.96
38 142 189.182
38 166 159.146
38 180 342.243
38 203 271.149
38 297 710.08
39 5 645.339
39 51 719.843
39 73 1029.07
39 79 559.357
39 135 620.815
39 158 66521.3
39 174 428.135
39 216 349.327
39 250 510.966
39 290 654.006
40 22 499.744
40 121 361.778
40 131 346.197
40 149 550.931
40 157 626.312
40 171 480.647
40 199 561.651
40 232 373.787
40 235 305.643
41 152 835.816
41 208 312.699
41 238 877.674
42 36 62.0596
42 66 39.6137
42 93 45.2995
42 110 60.6856
42 172 58.8912
42 226 39.5149
42 244 66.0095
43 45 97.4639
43 92 94.8731
43 127 93.4068
43 153 96.9985
43 172 112.069
43 226 218.993
43 279 1205.11
44 23 374.352
44 53 605.222
44 59 566.885
44 97 1733.24
44 138 354.925
44 175 387.993
44 259 352.439
45 20 87.6901
45 33 160.774
45 43 182.049
45 55 115.949
45 108 198.04
45 118 141.7
45 128 105.309
45 142 177.07
45 166 136.618
45 178 68.1935
45 180 378.605
45 203 312.861
45 245 149.411
45 252 86.7269
45 273 136.045
45 297 80.8124
46 31 128.628
46 50 89.9433
46 87 155.141
46 114 89.6805
46 124 149.817
46 182 116.638
46 239 142.401
46 249 183.74
46 269 72.2447
46 281 74.3917
47 18 7.63268
47 146 9.23563
47 187 7.35505
47 218 8.11757
47 253 7.26855
47 254 10.9679
47 285 7.92366
48 3 58.5781
48 12 77.6669
48 29 97.9782
48 84 57.8597
48 222 79.0313
48 298 71.791
49 4 415.003
49 10 279.502
49 36 328.289
49 144 322.69
49 149 361.247
49 215 368.686
49 235 440.341
49 244 310.945
50 46 63.7634
50 72 59.2815
50 125 58.8824
50 163 58.3306
50 256 113.248
51 49 143.926
51 54 71.257
51 64 76.5094
51 136 72.6341
52 17 167.247
52 24 179.057
52 40 125.259
52 89 142.452
52 101 134.295
52 147 125.537
52 154 215.623
52 192 122.2
52 214 191.364
52 217 126.732
52 230 595.453
52 255 127.566
52 292 299.235
52 295 176.108
53 3 217.095
53 29 177.43
53 35 220.383
53 71 196.085
53 76 155.927
53 84 310.201
53 103 249.32
53 115 256.498
53 221 259.795
53 298 158.913
54 25 81.7089
54 47 93.7139
54 62 74.1035
54 168 73.4592
54 257 76.8012
54 261 74.0153
54 276 334.479
55 1 149.33
55 63 531.449
55 100 145.288
55 188 307.596
55 206 140.68
56 4 140.412
56 9 297.672
56 10 174.265
56 42 174.203
56 52 177.181
56 102 165.79
56 117 169.224
56 144 240.669
56 215 326.199
57 91 709.176
57 133 338.791
57 162 316.511
57 167 327.892
57 183 356.574
57 227 336.267
57 229 655.482
58 14 157.76
58 121 174.041
58 227 119.984
58 229 418.293
58 232 208.979
59 17 845.728
59 24 777.075
59 59 313.988
59 77 403.189
59 89 535.174
59 120 420.756
59 132 614.834
59 192 876.344
59 210 371.248
59 217 437.751
59 228 783.95
59 230 245.627
59 255 301.921
59 259 206.95
59 292 244.334
59 295 349.037
60 34 146.603
60 45 195.873
60 92 209.125
60 127 207.683
60 153 218.677
60 172 207.869
60 226 561.43
60 279 609.16
61 30 316.33
61 86 483.14
61 107 3707.68
61 119 441.665
61 150 556.835
61 161 503.409
61 176 1238.4
61 191 300.941
61 211 290.498
61 236 768.543
61 283 285.484
61 286 378.835
62 27 1022.43
62 43 243.01
62 55 321.16
62 61 1229.66
62 108 228.526
62 118 240.846
62 160 235.911
62 166 259.975
62 186 275.132
62 203 253.726
63 0 44.7215
63 13 41.7515
63 21 35.3249
63 41 55.9683
63 46 33.1436
63 58 70.9605
63 130 33.9324
63 139 45.9058
63 264 35.5854
64 48 46.4142
64 95 56.7616
64 196 98.6821
64 197 52.407
64 208 41.6089
64 268 47.2575
64 272 149.925
65 43 43.8732
65 55 16.5158
65 61 18.0499
65 108 17.0919
65 142 17.3873
65 166 57.7174
65 180 18.6368
65 203 23.8304
65 245 28.5478
65 252 60.0504
65 273 41.9546
66 8 161.895
66 16 371.759
66 65 152.316
66 148 245.747
66 183 104.809
66 187 143.199
66 201 113.344
66 227 103.35
67 32 394.187
67 147 315.251
67 169 1102.79
67 189 399.262
67 214 386.554
67 230 268.839
67 255 267.739
67 292 322.312
68 74 94.5382
68 123 168.379
68 243 140.714
69 62 28.2525
69 70 35.2891
69 80 36.5514
69 88 42.9968
69 129 26.4888
69 159 65.1296
69 177 113.687
69 184 36.326
69 205 53.3314
69 241 31.218
69 257 25.7178
70 53 82.9444
70 59 67.4603
70 106 663.496
70 231 75.7239
70 240 382.201
71 26 205.271
71 81 177.417
72 12 227.059
72 222 675.532
73 53 237.776
73 231 219.69
73 240 185.904
73 266 482.185
74 30 195.026
74 71 177.272
74 76 364.848
74 191 292.956
74 211 410.156
75 3 222.621
75 35 260.501
75 71 411.993
75 76 251.43
75 84 298.399
75 103 556.624
75 115 310.384
75 221 271.412
76 5 46.4328
76 51 34.0483
76 73 40.4002
76 158 56.8503
76 170 44.1094
76 174 32.8346
76 250 68.2704
76 290 98.4347
77 146 22.7522
77 254 27.2075
78 20 194.188
78 43 182.716
78 94 409.171
78 134 593.973
78 142 202.096
78 245 299.604
78 252 271.659
78 273 274.56
79 49 241.805
79 52 561.842
79 64 306.887
79 117 344.275
79 126 764.311
79 136 265.762
79 198 257.059
80 0 180.679
80 21 169.468
80 58 273.033
80 130 185.372
81 93 438.066
81 110 318.63
81 172 6843.8
81 213 296.399
81 226 742.529
81 279 463.061
82 27 216.974
82 43 97.1324
82 55 88.4036
82 61 366.546
82 160 104.939
82 166 110.568
82 186 147.331
82 203 86.8468
83 68 406.016
83 78 297.364
83 138 657.481
83 156 302.872
83 204 941.688
83 233 904.166
84 3 104.758
84 12 272.88
84 29 235.552
84 222 110.807
84 298 192.819
85 22 371.877
85 149 743.404
85 157 253.797
85 171 248.456
85 199 480.716
85 235 338.38
86 62 146.999
86 70 734.652
86 80 325.385
86 88 380.938
86 129 189.329
86 159 558.765
86 177 238.664
86 184 845.418
86 198 221.449
86 205 216.202
86 241 616.309
87 49 2710.63
87 54 552.969
87 64 328.156
87 126 316.754
87 201 352.866
88 8 76.18
88 49 78.3907
88 54 146.075
88 65 90.8377
88 117 75.9961
88 148 69.758
88 201 84.486
88 288 84.1231
89 7 186.8
89 51 168.183
89 73 153.416
89 74 172.464
89 79 180.162
89 135 187.391
89 140 332.824
89 145 160.134
89 216 208.329
89 237 191.645
89 242 911.885
89 247 582.801
89 267 157.949
89 274 291.738
90 2 258.054
90 23 225.069
90 44 154.023
90 99 250.405
90 113 159.684
90 175 170.232
90 181 329.503
90 210 170.896
90 259 244.896
90 270 363.227
91 6 191.079
91 26 199.222
91 248 543.182
92 28 334.009
92 103 347.488
92 178 238.072
92 222 263.084
92 277 419.495
93 46 136.13
93 83 136.118
93 143 162.915
93 163 342.896
93 188 118.444
93 206 232.185
93 262 256.918
93 264 118.88
94 1 267.855
94 83 354.903
94 137 455.217
94 143 270.273
94 206 342.381
94 275 401.144
95 4 80.9843
95 10 37.6776
95 144 66.056
95 215 67.8195
95 235 45.5351
95 288 35.7127
96 26 167.17
96 248 182.901
97 75 431.328
97 91 245.39
97 162 442.094
97 167 552.267
97 193 375.753
98 2 36.8486
98 11 36.5188
98 15 27.1894
98 37 30.5347
98 44 126.349
98 96 34.1
98 99 38.7544
98 195 27.8209
98 200 26.8253
98 280 27.3096
98 282 29.3955
98 294 26.2832
98 299 70.6058
99 53 2999.8
99 59 260.319
99 97 433.444
99 106 268.624
99 240 328.896
99 266 319.991
100 6 435.257
100 64 227.801
100 70 253.625
100 88 316.223
100 136 260.6
100 159 221.291
100 177 192.255
100 198 382.536
100 241 225.781
101 22 551.985
101 131 1320.95
101 157 810.478
101 171 5802.03
101 173 349.886
101 199 471.563
101 263 351.163
101 283 434.218
102 70 331.079
102 80 174.552
102 88 153.66
102 105 88.5144
102 129 113.191
102 159 169.798
102 177 100.075
102 184 492.476
102 198 143.77
102 205 102.296
102 241 609.502
103 71 128.649
103 76 57.0594
103 103 42.5874
103 176 32.277
103 191 89.165
103 211 40.3255
103 286 31.0368
104 49 359.288
105 111 320.453
105 151 112.597
105 170 73.0143
105 271 108.031
105 284 96.3424
106 1 1084.79
106 179 431.65
106 206 241.039
106 275 270.492
107 4 72.2724
107 8 88.7643
107 16 82.6657
107 54 64.2865
107 65 224.511
107 148 194.25
107 201 69.1683
107 288 125.889
108 1 80.4983
108 179 49.8288
108 206 37.3669
108 275 53.0407
109 26 281.741
109 81 494.716
110 74 35.8787
110 79 29.3668
110 135 28.9635
110 140 259.421
110 237 41.0354
110 242 66.0162
110 247 57.8604
110 267 45.2297
110 274 35.4808
111 9 125.443
111 10 303.488
111 36 126.521
111 42 141.462
111 66 479.849
111 82 493.714
111 110 208.185
111 215 135.498
111 220 276.438
111 244 138.451
111 265 157.932
112 4 204.073
112 9 199.936
112 52 334.273
112 117 2795.94
112 126 199.816
112 144 310.969
112 215 191.176
112 288 237.875
113 45 348.053
113 92 345.217
113 127 341.554
113 153 354.278
113 172 479.276
113 226 917.599
113 279 12207.2
114 34 137.521
114 86 212.635
114 92 123.626
114 119 148.388
114 122 283.503
114 127 123.002
114 131 174.294
114 150 139.296
114 171 129.589
114 236 158.548
114 263 2006.12
114 283 180.836
115 22 64.957
115 34 146.066
115 36 57.4329
115 45 63.9665
115 92 98.6009
115 122 59.0436
115 127 109.346
115 153 112.136
115 172 61.6515
115 199 60.6584
115 226 77.7303
115 279 57.598
116 86 32.7811
116 107 33.3103
116 119 21.0983
116 150 22.8663
116 161 27.1672
116 176 22.1342
116 236 36.0538
116 263 22.091
116 286 19.28
116 289 27.6515
117 18 284.569
117 218 198.326
117 223 220.273
117 253 345.33
117 254 200.339
117 285 185.568
117 293 287.489
118 68 115.778
118 75 354.337
118 156 147.381
118 162 173.377
118 167 163.467
118 224 213.824
119 23 354.81
119 78 470.34
119 97 498.19
119 138 765.72
119 175 545.29
119 204 439.431
119 207 370.648
119 233 446.839
119 259 272.715
120 16 137.442
120 18 267.534
120 104 172.133
120 251 223.886
120 285 476.684
120 287 265.779
121 11 345.87
121 13 191.778
121 37 333.655
121 44 364.946
121 85 192.727
121 96 252.517
121 99 188.844
121 109 213.823
121 195 209.438
121 200 239.628
121 280 196.303
121 282 224.387
121 294 204.26
121 299 1850.55
122 33 365.473
122 39 779.019
122 60 373.96
122 90 423.361
122 108 309.496
122 118 315.844
122 128 402.729
122 180 298.627
122 297 452.38
123 19 383.042
123 68 680.082
123 69 426.753
123 125 586.425
123 156 591.351
123 209 910.185
123 224 369.817
123 258 398.546
124 4 152.442
124 65 110.15
124 117 94.2462
124 144 115.387
124 148 81.0768
124 235 69.698
124 288 543.003
125 17 1218.6
125 24 738.488
125 59 133.196
125 77 333.299
125 89 815.837
125 120 380.049
125 132 248.71
125 192 252.03
125 210 192.449
125 217 450.488
125 228 252.207
125 230 214.676
125 255 294.632
125 292 229.579
125 295 193.668
126 7 389.491
126 145 594.448
126 212 289.813
126 216 305.004
126 242 375.487
126 247 396.093
126 274 612.062
126 278 313.438
127 40 83.2813
127 101 82.7487
127 111 196.343
127 151 91.5817
127 170 100.045
127 271 430.857
127 284 149.624
128 4 1788.74
128 144 523.061
128 149 298.982
128 215 354.625
128 235 507.285
128 288 410.17
129 17 950.395
129 24 707.91
129 59 234.105
129 77 690.838
129 89 1185.87
129 120 764.178
129 132 599.599
129 192 435.311
129 210 414.705
129 217 833.812
129 228 581.226
129 230 259.885
129 255 440.509
129 292 277.215
129 295 270.884
130 22 94.619
130 34 78.3907
130 36 82.6362
130 127 57.4025
130 153 57.7021
130 199 96.6508
130 244 73.8576
131 5 96.8379
131 7 45.5955
131 51 41.8856
131 73 87.2235
131 79 36.9141
131 135 43.9085
131 158 49.2339
131 216 72.798
131 250 43.5807
131 290 41.3464
132 91 112.622
132 104 94.0792
132 121 93.0216
132 183 286.529
132 227 307.478
132 229 115.289
132 232 87.8145
132 287 88.4902
133 11 394.552
133 13 999.299
133 41 324.258
133 58 320.595
133 72 624.435
133 96 321.732
133 109 654.81
133 139 356.522
133 256 478.332
133 294 388.472
134 9 404.502
134 10 148.667
134 42 361.108
134 52 116.239
134 56 113.113
134 66 117.236
134 82 167.877
134 102 218.033
134 105 140.375
134 215 142.11
134 220 109.857
134 265 142.827
135 2 117.003
135 44 142.938
135 99 122.519
135 195 82.0147
135 200 64.711
135 270 75.2986
135 282 85.2115
135 299 85.6353
136 40 368.382
136 101 319.383
136 111 304.645
136 158 284.042
136 170 753.888
136 250 291.553
136 271 256.106
136 290 345.722
137 68 215.378
137 138 529.153
137 204 497.849
137 233 1249.61
138 90 334.408
138 95 858.062
138 196 1539.33
138 208 423.912
138 272 944.098
139 23 379.517
139 53 343.432
139 59 358.989
139 78 288.52
139 97 1141.3
139 138 341.234
139 175 428.072
139 181 284.372
139 233 277.298
139 259 325.17
140 9 379.082
140 52 953.784
140 64 328.788
140 102 419.39
140 105 374.534
140 117 359.575
140 126 587.284
140 198 410.886
140 241 340.505
141 10 411.215
141 36 299.508
141 66 1101.47
141 82 363.903
141 93 260.528
141 110 872.981
141 213 239.884
141 220 355.491
141 225 225.07
141 244 342.681
142 75 500.424
142 91 46.2287
142 104 52.4734
142 156 54.1945
142 162 109.322
142 167 90.2058
142 224 85.5889
142 251 45.3542
143 17 330.862
143 77 418.27
143 89 411.649
143 120 429.512
143 169 611.907
143 214 350.781
143 217 440.437
143 230 371.218
143 255 634.544
143 292 482.474
143 296 429.293
144 86 130.477
144 107 135.676
144 119 81.1001
144 150 89.0732
144 161 101.49
144 176 85.9513
144 236 149.385
144 263 80.3149
144 283 65.5703
144 286 70.7468
144 289 91.9609
145 116 41.3395
145 137 73.6209
145 219 94.9752
145 275 34.7742
146 165 313.599
146 218 800.729
146 223 514.966
146 253 502.607
146 254 427.442
146 293 317.243
147 33 191.269
147 43 647.947
147 55 197.169
147 108 216.313
147 118 192.874
147 142 240.934
147 166 718.789
147 180 246.822
147 203 313.956
147 245 475.975
147 252 890.793
147 273 877.776
148 2 325.088
148 23 310.555
148 99 316.448
148 113 239.498
148 175 232.15
148 181 465.965
148 210 263.864
148 259 354.65
148 270 601.679
149 91 254.945
149 104 156.869
149 183 293.209
149 227 270.053
149 229 243.02
150 19 308.992
150 69 297.511
150 223 437.746
150 253 298.005
150 293 283.029
151 31 404.199
151 50 627.101
151 56 435.324
151 114 1541.43
151 168 360.483
151 182 718.792
151 220 280.482
151 239 491.781
151 249 533.931
151 265 438.207
151 269 436.979
151 281 424.562
152 3 168.353
152 7 211.821
152 29 153.355
152 112 213.891
152 145 879.276
152 212 722.765
152 216 156.363
152 234 175.763
152 260 210.384
152 274 202.246
152 278 297.043
152 298 190.155
153 6 371.266
153 70 136.856
153 88 194.639
153 159 157.913
153 177 186.697
154 1 275.766
154 63 237.348
154 179 297.43
155 0 353.152
155 41 144.007
155 58 138.51
155 100 171.586
155 130 581.342
155 264 148.461
156 9 15.8084
156 10 40.7327
156 42 15.2993
156 66 22.3329
156 82 22.6553
156 102 11.7017
156 110 12.12
156 215 19.1445
156 220 13.78
156 244 11.5333
156 265 12.3539
157 9 66.9674
157 42 89.6912
157 56 156.196
157 80 65.6976
157 102 109.549
157 105 249.283
157 129 72.842
157 184 65.0198
157 265 73.1622
158 51 32.8919
158 79 33.7724
158 106 26.2173
158 135 29.9279
158 154 27.6834
158 158 28.7652
158 174 109.496
158 237 30.8459
159 22 208.375
159 36 509.871
159 199 221.36
159 244 413.011
160 3 526.941
160 29 197.097
160 35 123.123
160 84 200.63
160 115 111.664
160 145 95.8939
160 212 95.5572
160 221 183.576
160 278 202.251
160 298 249.863
161 53 219.171
161 59 111.204
161 97 435.657
161 138 181.734
161 175 121.05
161 204 118.182
161 233 171.159
161 266 138.115
162 68 394.795
162 75 597.95
162 156 715.4
162 162 363.726
162 167 329.146
162 224 2343.38
162 251 351.806
163 5 374.858
163 7 52.3992
163 51 71.3224
163 73 133.539
163 79 61.228
163 135 68.8702
163 158 134.979
163 216 66.9042
163 250 179.236
163 290 181.307
164 19 65.9843
164 69 84.1499
164 125 77.1436
164 209 43.8277
166 4 1429.09
166 117 98.6641
166 144 219.717
166 215 127.756
166 235 140.96
166 288 151.168
167 16 166.649
167 104 366.769
167 183 235.083
167 227 156.818
167 251 163.59
167 285 201.731
167 287 1595.6
168 14 82.9986
168 22 67.9424
168 119 67.299
168 131 122.399
168 157 198.278
168 171 147.198
168 173 112.586
168 190 67.9212
168 199 63.0609
168 263 60.7788
168 283 104.06
169 17 138.017
169 23 132.113
169 24 139.887
169 53 151.306
169 59 2043.3
169 97 179.221
169 106 136.728
169 132 173.07
169 192 242.585
169 210 140.79
169 228 201.946
169 240 132.144
169 259 147.305
169 295 149.747
170 165 356.399
170 218 314.57
170 223 453.77
170 253 347.323
171 22 343.219
171 36 219.276
171 149 340.365
171 171 194.436
171 199 452.82
171 235 233.906
171 244 199.657
172 51 152.361
172 73 95.9491
172 79 161.992
172 135 133.8
172 158 111.938
172 174 722.751
172 237 128.521
173 231 784.143
173 266 319.039
173 267 541.276
174 32 467.225
174 147 7605.61
174 189 733.618
174 214 533.161
174 230 217.604
174 292 217.963
175 111 248.675
175 271 445.082
175 284 372.561
176 6 605.901
176 88 362.93
176 159 315.052
176 177 393.957
177 18 193.478
177 19 487.275
177 69 339.127
177 223 261.903
177 251 177.235
177 253 240.749
177 293 446.93
178 39 369.213
178 60 347.159
178 90 307.825
178 107 376.487
178 161 1090.51
178 176 291.456
178 236 270.363
178 286 681.708
178 289 282.558
179 111 234.75
179 271 417.55
179 284 373.847
180 66 114.323
180 82 176.382
180 87 89.4222
180 93 90.4327
180 110 114.092
180 114 116.637
180 124 135.148
180 182 140.883
180 213 111.933
180 220 568.275
180 225 110.903
180 239 160.113
180 249 92.3452
180 265 137.197
181 218 712.973
181 223 178.216
181 253 208.295
181 254 1502.64
182 35 94.6084
182 71 260.992
182 76 268.438
182 103 108.814
182 115 112.307
182 191 163.584
182 211 99.6997
182 221 82.3893
183 25 2152.86
183 62 303.811
183 205 282.919
183 261 1032.73
183 276 347.699
183 291 338.677
184 111 269.047
184 271 397.724
184 284 443.228
185 17 255.766
185 23 379.152
185 24 242.836
185 59 332.189
185 77 301.018
185 89 266.336
185 120 288.49
185 132 603.878
185 175 254.768
185 181 478.231
185 192 304.023
185 210 695.887
185 217 274.307
185 228 547.587
185 259 670.172
185 270 226.574
186 0 352.533
186 13 311.044
186 41 1023.69
186 46 971.419
186 139 2813.53
186 256 607.251
186 262 429.574
186 264 497.085
187 9 227.253
187 42 261.613
187 52 212.483
187 56 292.59
187 70 216.992
187 80 229.963
187 102 377.793
187 105 702.65
187 129 225.212
187 184 257.838
187 241 254.999
188 77 417.498
188 89 339.253
188 120 407.541
188 141 474.847
188 169 300.339
188 210 288.687
188 217 393.381
188 255 514.775
188 296 1039.61
189 2 367.919
189 11 310.894
189 37 297.24
189 44 1001.68
189 96 290.677
189 99 387.459
189 195 292.486
189 200 270.16
189 282 310.315
189 299 580.098
190 6 442.659
190 70 348.464
190 88 560.704
190 159 474.155
190 177 690.026
190 184 280.174
190 198 289.498
190 241 297.411
191 8 806.309
191 16 355.771
191 54 208.338
191 65 339.05
191 146 193.644
191 148 555.088
191 187 320.381
191 201 325.974
191 288 155.806
192 20 567.461
192 28 448.689
192 33 283.838
192 60 756.853
192 142 384.782
192 178 611.511
192 180 287.038
192 277 386.963
192 286 276.864
193 6 539.613
193 64 338.053
193 70 513.993
193 88 646.962
193 126 294.046
193 136 373.605
193 159 418.697
193 177 337.874
193 184 334.018
193 198 816.803
193 241 444.855
194 20 348.138
194 43 269.681
194 94 779.461
194 134 819.217
194 142 346.82
194 178 304.161
194 245 481.538
194 252 354.05
194 273 403.506
195 17 342.446
195 24 376.839
195 89 272.363
195 101 218.365
195 120 221.888
195 154 400.84
195 192 248.931
195 214 275.377
195 217 237.324
195 230 844.926
195 255 230.162
195 292 473.834
195 295 392.813
196 36 173.118
196 93 565.728
196 110 292.713
196 172 466.244
196 213 274.044
196 225 247.462
196 226 216.993
196 244 182.62
196 279 172.129
197 4 689.392
197 144 324.035
197 149 309.202
197 215 256.397
197 235 620.658
197 288 287.27
199 3 459.372
199 29 196.83
199 35 1373.27
199 76 199.96
199 84 724.295
199 115 734.931
199 221 1357.05
199 274 185.649
199 278 280.482
199 298 206.363
200 123 265.576
200 133 1104.07
200 193 331.874
200 229 296.129
200 243 281.135
201 2 83.5604
201 11 158.736
201 15 297.215
201 44 131.188
201 72 84.8945
201 78 76.904
201 96 399.058
201 99 85.9618
201 109 109.113
201 207 92.2916
201 258 134.174
201 280 277.125
201 294 186.582
201 299 112.872
202 5 314.101
202 51 534.26
202 73 653.187
202 79 382.586
202 135 437.307
202 158 1361.31
202 174 249.748
202 216 199.616
202 237 169.053
202 250 236.379
202 290 285.154
203 17 354.812
203 24 368.701
203 59 867.931
203 77 245.666
203 89 277.104
203 106 252.443
203 120 249.124
203 132 375.626
203 192 925.905
203 210 280.337
203 217 252.509
203 228 464.63
203 295 418.271
204 23 530.64
204 53 330.029
204 59 327.914
204 78 507.717
204 97 735.968
204 138 571.813
204 175 790.727
204 181 368.709
204 204 389.436
204 207 400.393
204 233 404.219
204 259 398.156
205 16 343.77
205 18 348.778
205 104 405.597
205 183 292.699
205 187 272.486
205 251 333.187
205 285 647.07
205 287 847.966
206 1 305.637
206 179 360.847
207 14 139.092
207 121 139.486
207 149 83.0646
207 157 151.8
207 171 87.3028
207 173 80.955
207 229 81.3476
207 232 185.554
208 8 76.0511
208 49 173.778
208 54 152.073
208 65 79.4556
208 117 100.132
208 126 81.22
208 201 88.9971
208 288 79.2601
209 20 1452.48
209 28 263.572
209 33 277.324
209 43 251.466
209 60 251.123
209 94 284.674
209 108 268.354
209 118 233.245
209 134 235.576
209 142 927.008
209 178 589.826
209 180 341.523
209 203 269.083
209 245 386.46
209 273 295.728
209 277 265.513
210 2 84.9069
210 11 71.8598
210 15 161.145
210 44 88.4746
210 78 114.48
210 96 105.702
210 99 85.98
210 175 70.3733
210 204 82.1958
210 207 156.84
210 258 114.925
210 280 116.145
210 294 86.3896
211 9 41.6655
211 42 22.4928
211 52 41.1995
211 102 31.1848
211 105 19.6986
211 117 17.4718
211 144 14.6433
211 215 14.8057
212 93 340.562
212 172 1508.8
212 226 680.631
212 279 472.071
213 98 222.686
213 111 421.107
213 151 315.703
213 170 195.34
213 250 195.529
213 271 222.316
213 284 215.775
213 290 197.346
214 30 845.85
214 86 116.867
214 107 123.774
214 119 180.186
214 150 191.522
214 173 145.967
214 176 171.479
214 190 179.71
214 191 126.498
214 211 216.066
214 236 129.982
214 283 121.827
215 53 1796.79
215 59 341.07
215 97 482.345
215 106 380.599
215 240 475.01
215 266 370.427
216 15 292.375
216 68 822.716
216 78 268.375
216 138 315.146
216 156 361.388
216 204 513.041
216 207 284.965
216 209 348.227
216 224 270.961
216 233 308.309
216 258 358.179
217 4 115.702
217 10 79.8115
217 36 66.9956
217 144 111.402
217 215 150.303
217 235 73.6483
217 244 65.9618
218 123 277.721
218 133 490.213
218 193 190.701
218 243 296.909
219 3 389.699
219 35 616.504
219 71 353.276
219 76 359.289
219 84 667.533
219 103 329.821
219 115 887.376
219 221 615.853
220 2 521.177
220 23 246.789
220 44 276.603
220 78 201.455
220 99 514.485
220 175 212.49
220 181 297.466
220 207 204.255
220 259 234.449
220 270 320.459
221 39 472.311
221 90 1042.88
221 95 460.821
221 196 310.427
221 272 287.474
221 289 502.42
222 51 366.74
222 79 424.117
222 135 390.209
222 140 891.508
222 174 306.644
222 231 370.513
222 237 1091.85
222 242 394.677
222 247 357.675
222 267 510.09
223 75 405.562
223 91 364.49
223 133 232.66
223 162 617.609
223 167 988.995
223 193 466.929
224 6 79.6891
224 88 27.6652
224 159 22.2467
224 177 24.7755
224 198 20.8874
224 248 21.7095
225 11 338.651
225 13 755.411
225 21 477.387
225 37 315.601
225 58 435.782
225 109 361.527
225 299 304.447
226 49 1039.83
226 54 205.525
226 64 249.942
226 126 226.514
226 136 213.967
227 116 280.891
227 137 531.208
227 219 565.255
227 275 298.8
228 49 493.078
228 54 124.112
228 64 137.349
228 117 98.3703
228 126 138.973
228 136 116.788
229 39 593.795
229 60 295.073
229 90 417.928
229 107 242.155
229 161 425.284
229 286 356.96
229 289 294.077
230 23 214.951
230 53 199.573
230 78 295.95
230 97 346.289
230 138 1012.2
230 175 302.655
230 204 391.928
230 207 246.898
230 233 467.543
231 26 251.1
231 81 369.343
232 20 176.83
232 28 129.285
232 94 819.616
232 134 314.236
232 142 135.318
232 178 181.8
232 245 137.618
232 277 147.999
233 40 540.707
233 101 456.77
233 111 359.614
233 158 356.213
233 170 1241.2
233 250 342.712
233 271 317.044
233 290 405.573
234 2 93.9664
234 23 414.894
234 59 96.371
234 78 93.8873
234 97 86.9949
234 99 90.334
234 132 102.544
234 175 162.826
234 181 363.759
234 207 81.6464
234 210 112.818
234 228 99.9835
234 259 781.949
235 45 70.6288
235 86 56.6718
235 92 59.657
235 122 114.465
235 127 57.1954
235 153 55.4535
235 263 80.735
235 289 86.0909
236 121 274.365
236 149 221.273
236 227 243.69
236 232 218.559
236 235 282.345
237 3 101.432
237 12 165.319
237 29 181.175
237 84 98.0024
237 222 155.292
237 298 131.827
238 140 306.87
238 231 565.987
238 237 247.092
238 267 927.694
239 26 349.278
239 248 677.184
240 17 232.905
240 24 223.313
240 77 268.623
240 89 285.628
240 120 280.85
240 169 329.077
240 214 258.897
240 217 294.824
240 230 291.184
240 255 426.535
240 292 412.909
240 296 220.7
241 31 36.7182
241 50 33.6125
241 82 32.9872
241 87 57.6812
241 114 49.1416
241 124 131.449
241 182 73.7154
241 213 40.3648
241 220 49.3062
241 225 42.3526
241 239 126.363
241 249 54.7394
241 265 35.5941
242 25 185.195
242 261 181.094
242 276 433.725
242 291 161.027
243 2 55.2577
243 11 74.4309
243 15 47.3706
243 37 71.7855
243 44 128.132
243 85 49.0353
243 96 61.9415
243 99 57.5153
243 109 48.1387
243 195 56.4814
243 200 58.5071
243 280 49.0039
243 282 60.4485
243 294 49.0197
243 299 212.346
244 16 359.914
244 91 346.848
244 104 511.068
244 183 1548.34
244 227 637.263
244 287 609.726
245 45 78.2212
245 92 55.3168
245 122 63.2579
245 152 56.0678
245 208 64.0375
245 289 85.2192
246 7 181.167
246 74 302.141
246 140 367.162
246 145 189.85
246 216 185.322
246 242 1190.01
246 247 1567.05
246 267 198.666
246 274 469.451
247 8 341.988
247 16 619.443
247 18 370.441
247 104 339.313
247 146 332.439
247 183 315.792
247 187 463.683
247 285 810.036
247 287 548.442
248 34 204.336
248 86 339.957
248 92 190.352
248 119 227.464
248 122 444.886
248 127 188.532
248 131 243.788
248 150 216.419
248 236 255.03
248 263 1408.11
248 283 263.833
248 289 189.489
249 9 826.053
249 42 422.428
249 52 664.068
249 102 465.315
249 105 320.976
249 117 484.232
249 144 465.792
249 215 455.538
250 0 301.863
250 63 558.254
250 100 1181.78
250 130 370.195
250 188 437.049
251 30 314.302
251 71 390.684
251 107 570.525
251 150 340.941
251 161 536.987
251 176 764.569
251 191 608.367
251 211 401.015
251 236 359.347
251 286 603.378
252 3 344.831
252 35 411.189
252 71 617.631
252 76 390.941
252 84 469.59
252 103 768.185
252 115 494.998
252 221 426.946
253 41 373.362
253 46 875.197
253 139 475.29
253 163 743.24
253 256 390.736
253 262 1392.28
253 264 388.424
254 4 192.399
254 9 130.235
254 10 180.202
254 66 121.699
254 117 120.552
254 144 279.686
254 215 758.307
255 13 418.407
255 21 246.513
255 41 186.807
255 58 385.516
255 109 196.012
255 139 177.382
256 68 39.6786
256 78 34.5772
256 138 57.1885
256 204 195.99
256 207 34.3013
256 233 51.2016
257 25 1292.61
257 62 249.862
257 205 228.926
257 257 225.995
257 261 467.237
257 276 252.088
257 291 201.052
258 116 374.514
258 137 373.615
258 164 357.532
258 219 1005.82
258 246 276.544
259 152 31.1076
259 238 30.7125
260 34 33.5309
260 45 31.4721
260 92 45.1554
260 127 47.7065
260 153 51.7071
260 172 29.1621
260 226 56.1588
260 279 36.5862
261 11 269.445
261 13 148.554
261 15 123.318
261 21 133.937
261 37 228.212
261 44 199.356
261 96 174.335
261 109 161.914
261 195 126.441
261 200 152.246
261 280 134.634
261 282 134.692
261 294 145.089
261 299 958.999
262 15 300.59
262 19 262.022
262 68 314.103
262 69 302.76
262 72 317.284
262 125 908.461
262 156 255.557
262 209 1971.36
262 258 472.588
262 280 304.959
262 294 293.919
263 13 228.394
263 21 1167.39
263 37 245.092
263 58 577.906
264 49 391.16
264 52 440.53
264 64 361.524
264 117 478.681
264 126 669.972
264 136 306.59
265 53 314.676
265 193 315.606
265 233 273.972
265 266 988.425
266 25 170.993
266 62 459.097
266 70 193.694
266 80 433.477
266 88 182.202
266 129 339.962
266 159 248.689
266 177 227.647
266 184 260.194
266 205 2141.72
266 241 190.187
266 257 373.615
267 56 232.725
267 70 289.644
267 80 325.837
267 88 200.772
267 102 243.786
267 105 355.544
267 129 287.315
267 159 216.715
267 184 394.852
267 198 223.078
267 241 360.025
268 39 540.848
268 60 111.545
268 90 292.064
268 161 134.612
268 286 118.029
268 289 141.918
269 23 155.233
269 53 139.836
269 59 150.984
269 78 115.543
269 97 449.41
269 138 134.478
269 175 171.85
269 181 116.84
269 233 110.087
269 259 134.287
270 30 255.264
270 86 439.789
270 107 300.045
270 119 968.633
270 150 5743.51
270 161 153.51
270 173 196.648
270 176 314.873
270 190 171.464
270 211 165.67
270 236 533.846
270 263 177.907
270 283 295.549
271 106 408.302
271 174 143.578
271 231 124.361
271 237 127.988
271 240 241.656
271 295 130.666
272 25 49.7344
272 47 52.0259
272 62 907.296
272 80 65.7453
272 129 86.6472
272 168 41.6163
272 184 43.5661
272 205 87.6363
272 257 405.153
272 276 51.5705
273 3 211.372
273 29 49.4938
273 35 71.1502
273 84 227.091
273 115 64.0635
273 221 159.916
273 278 53.9701
273 298 51.4912
274 68 245.163
274 75 178.22
274 138 157.535
274 156 215.4
274 204 198.702
274 224 206.882
274 233 197.268
275 4 39.7927
275 9 24.5537
275 10 24.8948
275 117 28.0811
275 144 101.967
275 215 65.7201
275 288 24.0651
276 64 108.165
276 136 123.249
276 248 88.5123
277 123 167.741
277 133 280.959
277 193 155.911
277 243 159.4
278 49 264.661
278 52 298.416
278 64 240.357
278 117 331.697
278 126 437.467
278 136 204.409
279 2 159.959
279 44 129.534
279 99 160.415
279 113 170.42
279 181 132.807
279 195 136.521
279 270 314.587
279 282 135.674
280 7 411.684
280 51 230.471
280 73 237.038
280 79 236.68
280 135 256.508
280 140 279.63
280 145 311.537
280 216 428.587
280 242 620.462
280 247 555.991
280 274 469.855
280 278 216.235
281 4 252.731
281 65 164.48
281 117 256.367
281 144 282.056
281 215 130.324
281 288 418.175
282 30 176.452
282 123 255.485
282 190 187.699
282 211 198.106
282 243 291.167
283 28 440.344
283 60 415.903
283 71 612.873
283 103 527.073
283 161 355.194
283 191 409.281
283 277 380.287
283 286 506.275
284 40 301.536
284 101 268.726
284 111 337.886
284 170 599.228
284 250 214.213
284 271 271.148
284 284 208.112
284 290 241.298
285 10 336.66
285 42 386.391
285 56 337.649
285 66 397.202
285 82 1038.06
285 110 322.143
285 114 421.919
285 124 317.37
285 182 443.502
285 220 1194.58
285 239 434.703
285 265 825.004
286 4 115.753
286 10 158.548
286 36 121.139
286 66 108.012
286 144 124.311
286 215 244.305
286 244 121.006
287 2 348.469
287 23 488.189
287 77 270.28
287 99 337.109
287 132 335.788
287 175 322.921
287 181 931.527
287 210 442.016
287 228 304.165
287 259 680.926
287 270 509
288 27 63.341
288 43 85.6639
288 55 51.5971
288 61 87.6261
288 166 109.551
288 186 57.7484
288 203 61.9273
288 245 52.9616
288 252 74.7408
288 273 64.8313
289 167 24.2974
289 193 34.121
289 233 28.7087
289 266 36.178
290 3 465.33
290 29 389.293
290 35 230.918
290 84 293.076
290 112 223.201
290 145 375.591
290 212 398.437
290 221 290.429
290 260 235.081
290 274 241.847
290 278 757.417
290 298 587.519
291 2 477.509
291 23 2649.87
291 78 597.943
291 97 383.253
291 99 454.906
291 138 339.314
291 175 1726.18
291 181 856.852
291 207 478.682
291 259 832.665
292 3 167.205
292 29 230.383
292 112 230.117
292 145 199.657
292 212 335.568
292 234 184.661
292 260 265.073
292 278 201.91
292 298 306.248
293 4 292.985
293 121 255.408
293 149 958.777
293 199 270.389
293 235 1008.99
294 10 482.421
294 36 317.735
294 66 306.146
294 82 185.613
294 110 197.853
294 144 185.993
294 215 360.781
294 244 332.67
295 57 727.995
295 81 283.795
295 155 385.675
295 194 282.859
295 202 466.241
296 147 332.843
296 271 384.045
296 284 321.011
297 146 283.031
297 254 341.333
298 26 549.642
298 57 919.555
298 81 423.567
299 47 874.521
299 50 195.626
299 62 189.467
299 168 490.213
299 257 210.727
299 269 250.842
299 276 237.929
299 281 240.325
