150 150 1077
1
1
1
1
1
1
1
1
1
1
1
1
1
1
1
1
1
1
1
1
1
1
1
1
1
1
1
1
1
1
1
1
1
1
1
1
1
1
1
1
1
1
1
1
1
1
1
1
1
1
1
1
1
1
1
1
1
1
1
1
1
1
1
1
1
1
1
1
1
1
1
1
1
1
1
1
1
1
1
1
1
1
1
1
1
1
1
1
1
1
1
1
1
1
1
1
1
1
1
1
1
1
1
1
1
1
1
1
1
1
1
1
1
1
1
1
1
1
1
1
1
1
1
1
1
1
1
1
1
1
1
1
1
1
1
1
1
1
1
1
1
1
1
1
1
1
1
1
1
1
0 46 437.612
0 50 149.359
0 61 587.439
0 95 167.424
0 102 160.542
0 122 168.859
0 136 243.146
0 145 387.127
1 76 292.06
1 84 215.294
1 121 213.762
1 143 248.494
2 76 187.628
2 84 109.825
2 96 72.6397
2 121 108.606
2 143 122.055
3 67 100.64
3 75 116.807
3 90 89.5104
3 125 112.892
4 46 43.0481
4 50 40.2073
4 61 220.926
4 95 39.4785
4 102 44.5536
4 122 33.4418
4 131 29.0091
4 136 29.2127
4 145 62.1976
5 54 4.05305
5 55 5.47753
6 29 218.467
6 103 167.536
7 3 289.75
7 44 726.305
7 66 239.464
7 68 181.498
7 88 366.69
7 94 214.67
7 105 215.714
7 106 337.05
7 108 290.217
7 111 226.103
7 113 185.838
7 120 779.577
8 29 198.504
8 46 340.933
8 61 139.145
8 103 154.236
8 122 145.316
8 136 205.683
8 145 207.172
9 13 177.229
9 19 184.26
9 29 284.985
9 40 518.476
9 49 229.632
9 62 296.551
9 95 291.371
9 122 506.839
9 137 179.98
9 145 196.761
10 4 30.6604
10 27 24.0815
10 46 21.2208
10 50 22.1402
10 61 37.8258
10 102 20.4365
10 136 21.4625
10 145 20.768
11 39 120.624
11 51 137.476
11 93 699.996
11 114 332.545
11 116 302.779
11 123 144.299
11 141 580.377
12 12 212.663
12 76 264.141
12 84 220.986
12 121 220.497
12 126 376.758
12 142 299.678
12 143 365.51
13 25 461.648
13 31 239.129
13 42 305.811
13 59 260.439
13 65 250.268
13 87 365.254
13 119 253.63
14 2 97.0476
14 3 116.472
14 34 168.689
14 35 201.633
14 66 133.74
14 70 103.575
14 88 207.334
14 105 101.511
14 106 235.38
14 108 280.56
14 111 146.56
15 2 13.5649
15 7 14.1262
15 47 12.2317
15 68 9.82401
15 69 9.93014
15 88 10.544
15 106 10.3057
15 111 18.0498
15 113 12.6828
16 2 274.632
16 7 168.502
16 19 134.079
16 69 177.018
16 111 144.687
16 137 125.194
17 23 140.073
17 51 330.029
17 73 204.035
17 93 264.388
17 114 125.896
17 116 120.033
17 123 374.647
17 141 251.857
18 10 214.158
18 12 209.12
18 22 448.49
18 56 293.906
18 76 248.497
18 84 263.41
18 96 208.432
18 121 264.784
18 126 249.144
18 139 237.479
18 143 393.861
19 118 102.825
19 125 154.417
20 9 210.966
20 17 372.062
20 37 246.836
20 41 297.051
20 52 280.001
20 63 184.844
20 71 490.438
20 77 218.176
20 92 276.902
20 124 252.554
20 132 190.323
21 6 41.3644
21 42 28.3252
21 64 40.8733
21 65 34.1365
21 89 51.8246
21 90 31.2718
21 107 33.7249
21 109 300.796
21 119 28.557
21 133 38.3263
22 103 375.932
23 2 150.458
23 19 201.405
23 40 165.404
23 49 391.769
23 54 253.929
23 62 137.473
23 69 172.788
23 137 994.259
24 4 109.369
24 27 134.521
24 46 166.302
24 61 124.232
24 110 143.996
24 136 413.878
24 138 167.656
24 145 103.906
25 16 54.3263
25 25 66.397
25 31 63.0939
25 59 166.492
26 9 546.904
26 17 276.609
26 20 300.22
26 38 279.558
26 41 271.736
26 63 293.773
26 124 264.053
26 128 223.034
26 130 342.51
26 132 260.089
26 140 241.937
27 4 248.156
27 27 200.379
27 46 91.542
27 61 112.778
27 110 136.5
27 136 120.536
27 138 130.807
28 12 333.147
28 14 185.959
28 28 261.993
28 126 431.717
28 142 1345.98
28 148 287.458
29 10 402.382
29 16 292.04
29 22 208.384
29 96 195.233
29 139 333.517
29 149 1278.17
30 0 238.059
30 51 181.48
30 57 190.965
30 58 367.842
30 73 235.387
30 81 276.495
30 85 165.264
30 98 233.029
30 104 152.249
30 123 174.176
31 25 284.519
31 59 420.724
31 117 300.088
32 25 137.735
32 31 44.6113
32 59 64.626
32 87 45.0265
33 7 334.231
33 18 253.947
33 47 1622.75
33 68 368.002
33 100 272.872
33 111 267.832
33 113 500.938
33 134 314.138
34 0 46.7324
34 8 64.5809
34 21 259.168
34 41 46.4795
34 53 162.101
34 58 53.1515
34 71 58.3848
34 85 68.3746
34 92 53.2185
34 98 46.4629
34 132 50.3631
34 144 47.2938
35 44 83.4764
35 47 117.352
35 68 315.666
35 88 90.0226
35 106 82.9612
35 108 71.4424
35 111 129.188
35 113 380.902
35 120 80.4358
36 82 75.2558
36 118 47.6931
37 7 118.411
37 18 839.511
37 47 214.476
37 68 145.004
37 100 1257.14
37 113 133.884
37 134 359.785
37 147 229.383
38 16 250.12
38 25 325.542
38 31 660.201
38 59 538.765
38 115 285.641
39 82 28.2923
39 110 27.8213
39 118 21.867
39 138 27.8361
40 2 278.641
40 13 458.183
40 19 352.803
40 40 169.985
40 62 232.279
40 69 448.708
41 8 169.627
41 9 370.005
41 17 866.6
41 41 514.418
41 52 193.214
41 63 249.976
41 71 340.83
41 92 171.763
41 124 329.751
41 132 246.75
42 16 282.095
42 25 181.231
42 31 309.198
42 39 171.773
42 59 276.915
42 115 192.091
42 139 203.038
43 17 166.127
43 37 143.504
43 52 214.348
43 124 241.075
44 12 274.567
44 39 90.6307
44 56 148.22
44 93 77.518
44 114 156.295
44 116 167.508
44 126 109.405
44 142 96.7975
44 148 98.2106
45 6 225.883
45 42 139.718
45 64 367.388
45 65 292.273
45 75 60.5394
45 87 126.796
45 89 58.4714
45 90 79.2852
45 107 746.2
45 109 65.9246
45 119 86.0167
45 133 110
46 36 210.041
46 118 139.516
47 18 190.269
47 47 82.2932
47 100 152.587
47 134 171.719
47 147 1982.72
48 6 241.828
48 42 231.913
48 64 340.57
48 65 303.128
48 87 133.461
48 89 136.93
48 90 126.954
48 107 224.654
48 109 220.479
48 115 122.361
48 119 233.008
48 133 166.155
49 6 190.759
49 25 215.979
49 31 191.958
49 42 525.471
49 64 239.557
49 65 325.273
49 87 369.011
49 107 240.061
49 115 178.583
49 119 331.913
50 11 101.586
50 34 89.8176
50 37 139.815
50 52 104.697
50 66 83.5806
50 71 133.81
50 77 370.538
50 92 368.508
50 105 92.6919
50 112 118.481
51 10 88.5994
51 16 362.439
51 22 72.5338
51 139 200.289
51 149 129.363
52 29 89.8466
52 46 511.281
52 61 188.238
52 110 89.0409
52 122 94.4881
52 136 204.863
52 138 98.0236
52 145 197.929
53 3 103.641
53 11 180.961
53 34 258.561
53 35 219.463
53 37 90.1854
53 66 130.371
53 70 169.962
53 74 102.953
53 77 181.701
53 83 99.2214
53 92 114.585
53 105 117.592
53 108 97.9994
53 112 233.625
54 25 179.291
54 59 246.795
54 117 391.508
55 23 267.647
55 51 356.541
55 58 219.299
55 73 492.876
55 81 797.449
55 123 331.873
56 4 884.354
56 27 369.668
56 110 245.141
56 125 327.9
56 138 221.829
57 10 352.589
57 16 711.065
57 22 449.223
57 96 196.191
57 139 1127.94
57 149 338.755
58 0 41.1557
58 11 9.08136
58 21 8.91146
58 57 15.1188
58 58 13.3241
58 70 7.02626
58 74 14.2731
58 83 10.6641
58 85 6.63065
58 112 8.0726
59 80 76.501
59 82 35.7841
60 13 224.534
60 50 532.243
60 62 229.98
60 95 327.515
60 99 245.25
60 102 656.875
60 129 422.498
60 131 16899.2
60 146 634.914
61 32 92.3852
61 43 62.6887
61 45 33.8238
61 86 26.9197
61 127 37.7553
62 12 266.824
62 14 184.994
62 28 179.618
62 114 134.933
62 116 136.032
62 126 202.353
62 135 130.895
62 142 290.785
62 148 398.953
63 3 74.8427
63 44 164.212
63 94 184.273
63 105 66.3351
63 120 161.354
64 82 95.1501
65 2 308.564
65 13 822.751
65 19 472.007
65 40 234.617
65 62 340.265
65 69 497.91
66 23 37.3598
66 60 212.514
66 79 74.3347
66 99 48.6431
66 129 24.8505
66 146 21.4274
67 23 88.7646
67 51 137.811
67 58 81.0009
67 73 207.488
67 81 214.192
67 98 74.3209
67 123 127.41
68 9 263.721
68 17 254.844
68 20 258.558
68 38 509.402
68 124 373.536
69 9 318.424
69 17 351.914
69 38 349.464
69 52 244.407
69 124 648.014
70 0 606.28
70 11 128.934
70 21 172.498
70 57 221.359
70 58 404.018
70 74 185.367
70 81 112.257
70 83 148.887
70 85 133.944
70 98 134.839
70 112 116.616
71 0 35.5986
71 21 124.391
71 53 43.5507
71 58 47.6061
71 74 25.4373
71 85 49.9979
71 98 34.5206
72 3 201.06
72 34 132.86
72 37 516.209
72 52 261.276
72 66 187.68
72 77 151.249
72 94 163.388
72 105 275.862
73 32 130.283
73 43 145.685
74 14 1889.63
74 28 263.751
74 91 281.753
74 98 192.217
74 104 403.809
74 135 654.534
74 142 173.482
74 148 428.316
75 89 155.529
75 90 86.9251
75 109 91.6977
75 125 149.063
76 11 197.243
76 17 173.539
76 21 196.611
76 37 205.654
76 41 192.822
76 52 177.669
76 53 172.361
76 71 397.459
76 77 416.65
76 92 1413.29
76 112 220.69
77 60 69.7254
77 89 97.2452
77 109 126.265
78 13 59.0978
78 19 72.9077
78 29 69.8702
78 40 255.651
78 49 118.747
78 54 64.5712
78 62 96.8744
78 69 51.6269
78 95 63.0004
78 122 83.5811
78 137 81.6092
79 18 44.2072
79 44 42.5349
79 47 89.3422
79 68 358.648
79 88 45.2577
79 100 48.9339
79 106 42.3033
79 111 65.0859
79 113 319.451
79 134 43.6696
80 4 191.135
80 46 298.223
80 50 247.206
80 61 1832.05
80 95 213.118
80 102 252.14
80 122 189.703
80 136 228.853
80 145 334.478
81 5 271.992
81 8 188.615
81 9 132.183
81 41 142.966
81 63 255.064
81 128 153.524
81 132 224.74
81 140 326.26
81 144 149.225
82 39 196.164
82 56 101.693
82 93 136.287
82 114 179.703
82 115 114.924
82 116 183.617
82 141 138.927
83 27 256.062
83 46 267.484
83 103 245.352
83 110 358.042
83 136 595.92
83 138 465.39
84 0 185.41
84 21 134.095
84 57 121.818
84 58 784.165
84 73 107.811
84 74 99.3361
84 81 109.728
84 85 169.905
84 98 219.224
84 104 111.406
85 10 271.602
85 16 480.595
85 22 375.679
85 96 154.157
85 121 151.694
85 139 781.063
85 149 250.966
86 0 622.252
86 11 154.834
86 21 144.699
86 57 256.965
86 58 211.506
86 70 113.945
86 74 257.809
86 83 183.095
86 112 134.911
87 16 302.39
87 22 173.693
87 31 253.434
87 39 178.174
87 56 168.97
87 59 210.601
87 115 180.524
87 139 223.25
88 42 72.3211
88 65 72.6184
88 87 147.788
88 107 79.1662
89 2 55.0909
89 3 57.9598
89 11 51.5871
89 34 107.04
89 35 145.383
89 66 68.4349
89 70 73.2388
89 88 79.0185
89 105 53.4028
89 106 86.9413
89 108 103.024
89 111 61.7585
89 112 52.9893
90 13 142.524
90 19 149.35
90 29 286.74
90 40 373.121
90 49 194.136
90 54 139.608
90 62 226.524
90 95 240.874
90 122 471.047
90 137 152.437
90 145 178.483
91 2 99.6603
91 3 102.557
91 11 100.661
91 34 203.253
91 35 287.399
91 66 121.882
91 70 148.975
91 88 131.485
91 105 96.0579
91 106 143.735
91 108 169.351
91 111 104.304
91 112 103.075
92 10 190.368
92 16 383.918
92 59 167.705
92 117 200.517
92 139 260.327
92 149 300.253
93 6 3.38153
93 67 4.49497
93 75 3.88588
93 87 3.97597
93 90 3.53574
93 107 3.57774
93 133 3.45198
94 23 210.043
94 51 983.949
94 73 423.741
94 81 155.602
94 93 256.254
94 114 147.211
94 123 1254.63
94 141 248.523
95 19 223.87
95 29 328.621
95 40 503.981
95 49 423.068
95 54 276.835
95 62 273.757
95 95 217.936
95 122 315.843
95 137 292.581
96 6 187.458
96 42 122.183
96 64 158.612
96 65 146.559
96 67 154.341
96 75 179.32
96 87 199.136
96 90 181.36
96 107 209.424
96 133 188.503
97 103 183.087
97 110 185.649
97 136 171.873
97 138 207.382
98 2 211.163
98 11 167.431
98 13 191.116
98 19 162.041
98 34 162.362
98 35 187.421
98 69 204.76
98 70 265.401
98 74 168.49
98 83 208.605
99 46 117.256
99 103 281.221
99 136 153.564
99 138 116.365
100 10 2.77902
100 16 10.8816
100 22 2.80617
100 59 2.5967
100 139 4.40327
100 149 3.18319
101 2 274.328
101 7 230.318
101 47 212.51
101 69 189.884
101 88 223.642
101 106 218.645
101 108 200.881
101 111 413.881
101 113 237.612
102 20 382.609
102 33 243.236
102 38 216.012
102 48 221.156
102 72 242.827
102 101 244.764
102 128 247.671
102 130 745.629
103 29 401.928
103 46 700.405
103 61 289.279
103 95 249.474
103 122 346.117
103 136 276.92
103 145 638.672
104 7 226.699
104 18 115.609
104 47 241.719
104 68 97.0664
104 78 110.059
104 100 116.95
104 113 112.467
104 134 190.307
104 147 94.3602
105 0 358.244
105 11 418.177
105 21 387.977
105 53 228.801
105 57 277.097
105 58 269.97
105 70 248.906
105 71 226.203
105 74 404.171
105 77 304.806
105 83 295.249
105 92 359.909
105 112 398.476
106 31 566.062
106 39 526.68
106 56 246.715
106 59 232.523
106 115 917.58
106 119 291.909
107 4 71.3525
107 27 73.021
107 110 63.6948
107 118 102.961
107 125 74.5947
108 11 239.284
108 17 249.631
108 21 239.02
108 37 295.252
108 41 268.69
108 52 257.507
108 71 579.853
108 77 517.295
108 92 1181.2
108 112 267.276
109 5 102.497
109 15 79.2744
109 24 70.3993
109 26 75.0546
109 32 75.0662
109 45 117.937
109 86 106.224
109 127 110.841
109 128 113.808
109 140 103.052
110 3 738.554
110 34 150.465
110 35 131.018
110 37 145.226
110 44 165.281
110 66 355.19
110 88 150.378
110 94 165.907
110 105 502.077
110 106 155.712
110 108 168.972
110 120 180.415
111 0 81.2608
111 11 91.7875
111 57 129.473
111 70 118.723
111 74 133.025
111 83 226.136
111 112 78.3667
112 8 64.0945
112 9 61.3389
112 17 79.9985
112 21 50.9073
112 41 143.146
112 53 60.3472
112 63 76.0766
112 71 373.805
112 77 50.9083
112 92 71.1592
112 124 53.3555
112 132 83.3308
113 5 161.455
113 8 208.577
113 21 156.221
113 53 226.997
113 85 226.031
113 91 265.947
113 98 153.839
113 104 148.608
113 135 165.864
113 144 416.161
114 1 232.1
114 14 152.502
114 28 1299.98
114 91 126.741
114 126 131.248
114 135 146.147
114 142 191.751
114 148 167.308
115 3 60.6404
115 37 55.9629
115 44 63.2577
115 52 52.7419
115 66 51.1066
115 94 271.492
115 105 60.97
115 120 65.7014
116 60 110.071
116 89 122.117
116 109 223.24
117 6 199.049
117 42 166.019
117 64 188.244
117 65 188.958
117 67 141.965
117 75 154.4
117 87 366.351
117 90 161.539
117 107 247.074
117 133 176.642
118 13 88.4556
118 40 93.0793
118 50 186.6
118 61 119.587
118 62 106.943
118 95 294.663
118 102 351.562
118 122 132.842
118 129 103.655
118 131 215.859
118 145 121.531
118 146 128.317
119 13 80.227
119 19 37.6693
119 40 30.5179
119 62 44.9706
119 69 35.7878
119 131 37.4828
120 82 7.81843
121 11 193.419
121 21 220.616
121 37 167.685
121 41 181.518
121 53 184.274
121 71 365.279
121 77 334.123
121 92 884.083
121 112 212.356
122 4 125.562
122 118 114.962
122 125 282.621
123 29 55.9846
123 46 57.638
123 103 46.1649
123 122 35.885
123 136 42.1914
123 145 43.4898
124 0 327.274
124 11 192.765
124 57 1022.36
124 58 184.832
124 70 190.676
124 74 344.596
124 81 174.05
124 83 408.068
124 112 165.688
125 10 514.779
125 16 226.049
125 22 198.848
125 84 152.718
125 96 197.817
125 121 153.577
125 139 297.768
125 149 918.826
126 5 258.094
126 8 291.584
126 53 286.014
126 85 274.196
126 91 351.384
126 135 228.565
126 144 733.744
127 67 225.732
127 75 247.068
127 125 467.669
128 5 120.195
128 8 124.725
128 9 269.686
128 17 139.907
128 41 177.019
128 63 233.102
128 124 118.085
128 128 117.961
128 130 121.829
128 132 191.686
128 140 150.936
129 13 17.5503
129 50 23.9788
129 81 16.9351
129 95 17.4733
129 99 17.9215
129 102 24.7126
129 129 32.3877
129 131 49.0494
129 146 41.4608
130 13 62.5471
130 29 70.4849
130 40 84.7261
130 46 62.6891
130 50 76.4325
130 61 76.6773
130 62 87.647
130 95 1508.92
130 102 105.656
130 122 172.331
130 131 85.4692
130 145 105.966
131 18 9.50473
131 47 16.4999
131 68 78.2374
131 100 10.664
131 111 9.74331
131 113 26.6457
131 134 8.93655
132 0 265.733
132 11 54.0959
132 21 64.5346
132 57 90.2747
132 58 114.938
132 74 80.6451
132 83 62.2172
132 85 46.9769
132 98 46.3185
132 112 48.4326
133 29 173.006
133 54 177.961
134 10 60.3023
134 16 100.819
134 117 79.0241
134 139 75.7468
134 149 94.4779
135 4 120.179
135 27 125.982
135 110 109.872
135 118 168.39
135 125 116.896
136 23 28.6347
136 51 61.6324
136 73 37.5452
136 81 18.0559
136 93 37.7428
136 114 19.5111
136 116 18.7414
136 123 67.8241
136 141 37.5415
137 25 81.293
137 31 73.8227
137 42 105.6
137 59 56.1816
137 64 55.8934
137 65 70.9529
137 87 73.1311
137 107 54.4648
137 115 60.9084
137 119 95.3501
138 12 17.735
138 39 16.1489
138 56 15.011
138 93 27.8562
138 114 378.056
138 116 173.154
138 141 25.3278
138 148 15.438
139 36 2018.15
139 118 162.919
140 2 21.5994
140 7 56.3403
140 47 20.564
140 78 36.4947
140 137 23.0089
141 1 12.1143
141 28 6.74187
141 32 7.22842
141 43 10.9949
141 45 6.51305
142 59 168.197
142 117 779.71
143 9 58.4738
143 17 57.6434
143 20 59.2367
143 38 113.676
143 124 83.1018
144 80 134.641
144 82 307.822
144 118 101.538
145 20 156.499
145 48 119.004
145 101 114.773
145 128 206.544
145 130 269.702
145 140 143.348
146 23 230.197
146 60 588.439
146 79 401.895
146 89 230.407
146 99 262.808
146 109 222.206
147 2 5.93974
147 13 7.2939
147 19 5.57481
147 57 5.18594
147 69 6.40003
147 70 6.62243
147 74 5.33628
147 83 6.48338
148 18 189.512
148 47 113.789
148 68 122.636
148 100 230.827
148 113 98.5042
148 134 116.086
148 147 109.869
149 7 199.939
149 55 117.319
149 78 720.579
149 134 97.4421
