200 200 1448
1
1
1
1
1
1
1
1
1
1
1
1
1
1
1
1
1
1
1
1
1
1
1
1
1
1
1
1
1
1
1
1
1
1
1
1
1
1
1
1
1
1
1
1
1
1
1
1
1
1
1
1
1
1
1
1
1
1
1
1
1
1
1
1
1
1
1
1
1
1
1
1
1
1
1
1
1
1
1
1
1
1
1
1
1
1
1
1
1
1
1
1
1
1
1
1
1
1
1
1
1
1
1
1
1
1
1
1
1
1
1
1
1
1
1
1
1
1
1
1
1
1
1
1
1
1
1
1
1
1
1
1
1
1
1
1
1
1
1
1
1
1
1
1
1
1
1
1
1
1
1
1
1
1
1
1
1
1
1
1
1
1
1
1
1
1
1
1
1
1
1
1
1
1
1
1
1
1
1
1
1
1
1
1
1
1
1
1
1
1
1
1
1
1
1
1
1
1
1
1
0 3 409.585
0 38 684.071
0 42 327.503
0 67 242.521
0 75 241.95
0 84 237.449
0 102 207.29
0 157 350.905
0 170 282.497
1 21 108.767
1 58 108.363
1 61 133.39
1 124 195.776
1 125 129.307
1 139 259.795
1 154 157.18
2 46 249.384
2 47 271.024
2 73 415.597
2 100 328.754
2 122 327.461
2 165 326.078
3 13 293.967
3 70 342.511
3 75 205.596
3 87 2247.29
3 157 283.272
3 161 670.517
3 169 272.178
3 170 355.783
3 173 593.956
3 179 226.485
4 4 173.333
4 65 361.496
4 106 353.31
4 119 303.429
4 128 156.123
4 160 268.892
4 186 188.029
4 187 662.499
4 191 161.873
6 23 345.256
6 26 132.681
6 68 145.847
6 108 255.28
6 113 142.132
6 120 244.515
6 152 265.432
6 193 201.885
7 23 634.531
7 68 300.326
7 105 257.587
7 108 200.759
7 120 258.17
7 193 255.308
8 37 182.205
8 65 166.225
8 72 548.605
8 119 182.229
8 128 223.472
8 156 163.869
8 159 174.54
8 160 199.382
8 184 343.115
8 191 243.144
8 196 302.674
9 0 161.044
9 9 273.314
9 10 123.915
9 25 146.111
9 95 418.254
9 103 155.631
9 141 273.762
9 163 230.995
9 164 130.448
9 178 199.559
9 180 188.639
10 22 492.583
10 63 284.06
10 71 638.87
10 92 9044.76
10 97 449.384
10 140 271.178
10 146 781.627
10 158 265.597
10 174 234.685
10 181 687.926
10 195 323.567
11 11 378.841
11 30 422.125
11 57 248.613
11 59 507.514
11 77 347.356
11 79 855.342
11 93 507.475
11 177 1745.84
11 190 1360.68
12 81 100.581
12 96 92.4503
12 98 95.5495
12 117 94.3891
13 72 455.856
13 89 176.428
13 119 166.889
13 125 165.098
13 128 288.826
13 160 175.833
13 184 172.534
13 191 155.65
13 196 1185.76
14 57 250.762
14 63 159.402
14 74 207.107
14 77 415.07
14 79 192.592
14 83 159.947
14 130 335.586
14 135 260.833
14 149 206.437
14 190 196.204
15 1 355.978
15 7 143.009
15 29 356.206
15 60 384.975
15 82 132.302
15 104 120.801
15 134 118.864
15 137 125.608
15 188 243.464
16 0 227.62
16 42 241.209
16 55 269.73
16 67 537.526
16 102 247.28
16 155 338.272
16 178 237.361
17 15 211.545
17 37 59.015
17 114 48.2265
17 143 75.9027
17 156 51.6285
17 159 46.3303
17 184 63.7113
18 34 123.937
18 41 173.166
18 54 127.05
18 101 236.343
18 110 1507.25
18 115 150.685
18 127 151.256
18 147 144.889
18 150 146.222
18 192 177.783
19 21 377.698
19 124 311.877
19 125 279.35
19 139 2169.5
19 154 746.21
20 20 210.476
20 40 352.706
20 59 227.152
20 74 488.968
20 83 200.869
20 90 326.86
20 91 342.901
20 177 195.432
20 185 375.5
20 190 255.925
21 12 200.546
21 14 99.4647
21 31 148.624
21 32 234.162
21 62 130.078
21 111 209.866
22 118 106.519
22 126 92.8081
23 11 231.43
23 30 159.532
23 53 120.17
23 59 170.138
23 73 182.267
23 79 129.377
23 93 185.75
23 100 144.337
23 177 188.178
23 190 126.873
24 66 56.1763
24 78 95.1333
24 80 112.585
25 24 539.075
25 49 310.612
25 52 486.404
25 76 798.241
25 99 482.915
25 144 643.044
25 166 509.517
25 172 537.222
25 194 259.506
26 21 171.528
26 139 150.034
26 154 250.25
26 183 120.854
27 43 311.424
27 44 180.576
27 88 341.269
27 109 208.382
27 158 246.577
27 176 500.981
28 78 167.248
28 80 165.794
28 82 173.048
28 96 262.261
28 117 262.834
29 9 226.353
29 10 183.847
29 20 335.591
29 27 330.403
29 34 198.247
29 54 206.443
29 90 261.026
29 91 216.707
29 103 173.972
29 136 232.888
29 141 203.148
29 163 182.122
29 180 294.822
29 185 215.78
30 13 106.003
30 14 222.213
30 33 114.493
30 62 4868.95
30 111 251.173
30 179 94.737
31 58 126.171
31 124 140.17
31 167 259.811
32 5 91.4401
32 13 111.257
32 47 76.8621
32 70 171.963
32 87 77.4695
32 121 81.0861
32 131 91.3001
32 161 127.838
32 169 227.348
32 179 121.338
32 199 91.0027
33 19 224.87
33 22 254.749
33 35 336.547
33 39 806.881
33 48 578.195
33 57 240.417
33 86 511.965
33 140 447.717
33 151 217.182
33 174 367.455
34 0 199.167
34 25 201.963
34 102 276.031
34 155 308.665
34 164 204.895
35 12 279.882
35 14 261.741
35 32 168.71
35 62 212.646
35 111 197.317
36 118 351
36 126 272.178
37 11 96.3382
37 30 107.255
37 57 67.1963
37 59 138.028
37 77 95.056
37 79 220.032
37 93 126.82
37 177 388.217
37 190 454.052
38 67 39.7961
38 102 76.745
38 155 94.614
39 22 2744.85
39 39 323.31
39 63 363.846
39 71 409.102
39 92 674.835
39 97 542.347
39 135 277.935
39 140 542.819
39 146 385.472
39 158 292.478
39 174 425.533
39 181 1893.15
39 195 425.326
40 34 432.221
40 41 601.506
40 54 525.444
40 101 595.327
40 110 617.127
40 127 1348.96
40 136 367.423
40 150 278.472
40 153 278.837
40 192 695.082
41 63 66.4554
41 71 57.0877
41 92 68.7189
41 97 76.1624
41 99 103.578
41 144 56.0828
41 146 80.2509
41 172 99.5146
41 181 59.8306
41 195 67.6246
42 183 247.121
43 40 118.994
43 53 25.7393
43 59 23.0906
43 90 18.5866
43 95 24.9207
43 141 28.846
43 163 37.8761
43 180 24.9918
43 185 18.1127
44 0 230.464
44 10 160.907
44 25 350.143
44 103 197.324
44 164 440.385
44 178 178.455
45 6 343.104
45 7 199.872
45 8 915.183
45 94 202.274
45 96 273.278
45 112 180.415
45 117 265.622
45 171 259.499
46 49 694.188
46 52 173.573
46 76 308.394
46 83 186.263
46 149 247.288
46 150 157.005
46 172 144.284
47 17 125.09
47 18 50.1893
47 69 29.988
47 75 89.7245
47 87 33.8764
47 107 49.993
47 157 32.6867
47 170 34.6496
47 173 45.2562
48 13 181.86
48 45 162.89
48 47 175.404
48 70 217.807
48 121 321.017
48 129 239.718
48 131 161.107
48 161 167.051
48 169 237.343
48 179 222.033
48 199 425.938
49 49 618.083
49 52 107.427
49 76 253.186
49 83 101.645
49 99 90.6615
49 144 85.3598
49 149 144.889
49 150 83.2875
49 172 108.733
50 33 100.558
50 50 78.5682
50 51 160.137
50 132 205.06
50 168 131.807
50 175 74.6599
51 40 16.4051
51 59 19.452
51 74 17.5317
51 77 13.6317
51 79 15.61
51 90 11.9448
51 91 12.3901
51 177 17.6497
51 185 12.9924
51 190 27.3553
52 22 63.3577
52 39 72.955
52 48 43.5672
52 57 52.7644
52 63 39.5842
52 77 33.4982
52 86 39.3654
52 92 35.3725
52 97 41.186
52 130 40.591
52 135 51.5977
52 140 115.487
52 174 225.777
52 181 50.9105
52 195 42.2519
53 118 321.125
53 126 266.081
54 118 287.77
54 126 295.948
54 153 137.588
55 6 68.6329
55 22 85.7354
55 71 284.768
55 92 188.56
55 94 80.0314
55 97 83.516
55 146 533.495
55 158 82.2796
55 171 68.1478
55 181 98.1508
55 195 67.4997
56 13 225.915
56 62 24.8286
56 70 124.086
56 87 30.0317
56 161 44.6452
56 169 32.4971
56 173 24.6824
56 179 116.166
57 58 92.2406
57 61 88.9017
57 105 172.888
57 156 355.433
57 193 86.1834
58 108 168.154
58 109 161.842
58 113 222.552
58 116 194.382
58 148 671.134
58 162 496.296
58 176 171.993
59 24 129.179
59 52 163.187
59 115 117.891
59 145 111.118
59 147 111.303
59 166 116.061
59 194 111.567
60 23 314.553
60 105 205.776
60 114 126.099
60 120 459.194
60 156 135.842
60 193 657.925
61 1 65.1428
61 29 78.246
61 60 62.8353
61 137 59.4476
61 188 56.3506
62 167 389.936
63 3 195.69
63 17 246.803
63 38 237.384
63 75 368.274
63 87 494.286
63 157 409.005
63 161 263.186
63 170 536.494
63 173 557.417
64 58 181.382
64 68 284.703
64 85 183.99
64 167 278.482
65 41 176.576
65 101 175.604
65 110 311.157
65 115 299.903
65 127 127.468
65 147 429.117
65 150 194.672
65 192 171.676
66 37 620.148
66 72 178.571
66 143 323.958
66 159 1228.85
66 184 293.453
66 191 300.937
67 64 483.242
67 81 483.125
67 94 243.49
67 98 544.384
67 99 252.105
68 1 272.123
68 7 161.914
68 29 694.549
68 60 393.117
68 82 201.859
68 104 177.42
68 134 179.474
68 188 192.537
69 4 138.048
69 37 182.839
69 45 133.53
69 123 129.692
69 143 144.703
69 159 272.545
69 175 131.459
69 191 147.365
70 66 227.509
70 78 290.051
70 80 295.751
70 96 277.14
70 117 279.361
71 34 151.915
71 49 156.666
71 52 134.859
71 54 131.37
71 76 130.832
71 83 176.397
71 101 180.729
71 110 158.372
71 115 216.291
71 149 145.512
71 150 495.444
72 24 300.569
72 49 307.986
72 52 299.243
72 76 920.529
72 99 412.935
72 144 358.488
72 166 294.491
72 172 555.981
73 41 573.719
73 101 285.35
73 110 442.633
73 115 324.83
73 127 265.705
73 147 560.245
73 150 256.325
73 192 514.883
74 66 100.994
74 78 74.6337
74 82 99.1955
74 104 111.102
74 134 141.389
75 37 59.0655
75 72 131.997
75 128 69.4287
75 156 74.0051
75 160 57.7809
75 184 119.078
75 191 65.5247
75 196 108.428
76 9 172.837
76 10 459.576
76 27 147.251
76 103 832.028
77 23 181.876
77 105 101.311
77 114 102.784
77 120 1207.56
77 152 94.5327
77 193 1247.69
78 15 286.885
78 37 17.5402
78 114 19.6063
78 143 22.3034
78 156 16.0942
78 184 17.874
79 10 77.0761
79 103 64.635
80 57 110.137
80 63 56.7011
80 77 113.041
80 79 48.6324
80 97 43.348
80 130 212.925
80 135 146.685
80 149 44.3627
80 174 55.5704
80 190 43.6378
80 195 52.8475
81 14 48.2471
81 33 13.7635
81 62 18.0009
81 111 9.95958
82 16 419.022
82 26 425.929
82 35 264.199
82 86 247.779
82 88 3474.35
82 109 536.048
82 152 266.303
82 176 348.91
82 182 409.959
83 49 623.465
83 74 246.768
83 76 314.52
83 83 586.096
83 149 656.774
83 150 309.645
84 20 305.433
84 34 295.804
84 49 225.204
84 54 240.604
84 74 295.581
84 83 852.956
84 90 290.167
84 91 352.645
84 101 237.484
84 149 330.532
84 150 242.599
84 185 324.576
85 2 643.225
85 16 387.867
85 19 498.53
85 26 284.556
85 28 261.456
85 35 330.278
85 36 545.794
85 56 321.551
85 86 256.017
85 114 337.906
85 142 1012.32
85 182 376.836
85 198 516.961
86 88 189.809
86 108 189.906
86 109 255.367
86 113 210.868
86 116 203.954
86 148 805.608
86 152 177.025
86 162 338.851
86 176 276.673
87 3 3.78827
87 5 5.12022
87 13 3.15542
87 38 3.50519
87 47 3.06215
87 70 3.91066
87 84 3.39467
87 87 4.3027
87 131 4.90757
87 157 4.29631
87 161 5.76009
87 169 7.33054
87 170 4.65337
87 173 3.27657
88 24 193.59
88 49 101.562
88 52 140.06
88 76 211.94
88 99 253.843
88 144 284.063
88 166 199.116
88 172 267.656
88 194 99.8246
89 24 60.1354
89 64 36.3753
89 76 34.1602
89 99 66.4328
89 144 81.8992
89 145 49.0503
89 166 74.2577
89 172 50.3351
89 194 61.84
90 23 987.385
90 68 362.098
90 105 231.082
90 108 349.998
90 113 227.089
90 120 340.119
90 152 259.228
90 193 310.785
91 116 264.377
91 137 1025.92
91 188 235.855
92 167 192.311
93 1 200.436
93 7 128.688
93 29 78.9413
93 44 83.5921
93 60 142.032
93 112 103.922
93 116 111.328
93 188 400.264
94 21 21.5192
94 89 37.1843
94 125 22.1306
94 128 20.3862
94 196 19.7035
95 11 142.629
95 30 194.114
95 39 147.264
95 48 169.898
95 57 596.009
95 77 293.859
95 79 219.867
95 93 173.857
95 130 200.623
95 135 237.306
95 140 154.292
95 151 152.946
95 174 234.552
95 190 152.91
96 11 22.4079
96 73 86.7397
96 100 23.9404
96 122 37.7474
96 165 43.1781
97 0 169.583
97 25 302.412
97 164 535.649
97 178 118.75
98 17 102.002
98 18 118.849
98 31 118.964
98 32 129.108
98 69 191
98 107 262.426
98 173 71.7256
99 40 49.4945
99 59 46.9625
99 74 148.155
99 77 63.8244
99 79 52.842
99 83 56.591
99 90 56.1929
99 91 63.7103
99 130 46.4264
99 149 56.1053
99 177 48.6257
99 185 66.2018
99 190 70.6607
100 2 211.929
100 11 193.386
100 19 244.956
100 30 186.751
100 35 152.045
100 48 180.263
100 56 230.874
100 73 174.272
100 93 168.094
100 151 535.076
100 165 158.772
101 46 112.192
101 47 49.3953
101 73 58.9104
101 100 296.716
101 133 49.2101
101 138 59.0348
101 189 56.5113
102 3 156.133
102 5 141.057
102 42 244.696
102 46 184.365
102 55 148.171
102 67 183.744
102 84 273.144
102 100 137.488
102 131 141.488
102 133 1016.64
102 138 362.246
102 189 540.195
103 15 209.68
103 37 53.3138
103 114 58.5553
103 143 63.7293
103 156 65.4693
103 184 63.0891
103 193 50.6844
104 21 112.198
104 139 204.005
104 154 537.72
104 183 76.5225
105 113 239.551
105 137 243.229
105 162 246.341
106 24 306.077
106 49 86.1199
106 52 342.866
106 76 158.311
106 99 109.597
106 144 215.527
106 145 92.9137
106 166 225.927
106 172 110.041
106 194 109.043
107 24 456.572
107 64 269.199
107 99 296.634
107 144 468.954
107 145 758.145
107 166 539.822
107 172 252.836
107 194 1163.79
108 21 24.7458
108 139 30.3083
108 154 40.7361
108 183 33.5328
109 3 635.652
109 5 298.185
109 38 363.928
109 42 1158.27
109 67 295.971
109 84 1109.14
109 131 291.607
109 133 375.589
109 138 311.49
109 157 249.144
109 170 219.691
109 189 310.383
110 20 74.9446
110 34 122.283
110 49 75.1495
110 54 101.302
110 83 102.667
110 101 154.292
110 110 116.666
110 115 119.892
110 127 78.3948
110 147 73.7643
110 149 77.1527
110 150 273.081
111 58 280.33
111 61 252.623
111 124 417.905
111 139 199.381
111 167 251.929
112 3 50.8131
112 38 62.3246
112 42 52.9079
112 67 54.7789
112 102 62.4429
112 155 55.7234
112 157 43.3782
113 4 144.267
113 65 180.777
113 106 205.324
113 119 156.912
113 160 145.906
113 186 209.014
113 187 370.137
114 6 172.667
114 8 144.676
114 64 145.511
114 81 292.543
114 94 222.974
114 96 166.401
114 98 263.875
114 117 168.063
114 171 247.886
115 29 3.40949
115 66 3.51973
115 82 6.17891
115 104 5.39679
115 134 8.16775
116 23 409.472
116 58 264.663
116 68 395.406
116 105 412.952
116 120 256.17
116 193 263.507
117 27 262.022
117 118 394.658
117 126 408.928
117 127 241.356
117 136 380.118
117 153 259.815
118 10 369.458
118 27 255.744
118 103 296.37
119 118 158.376
119 126 220.401
119 153 203.622
120 58 45.5787
120 68 57.0026
120 167 75.8429
121 13 143.657
121 62 95.8645
121 70 138.159
121 87 267.215
121 111 122.4
121 157 93.8419
121 161 173.991
121 169 93.0117
121 170 110.185
121 173 289.309
121 179 105.301
122 58 317.208
122 61 209.069
122 124 237.63
122 167 379.896
123 10 228.914
123 103 196.27
124 2 181.687
124 11 314.708
124 19 207.153
124 30 335.476
124 48 214.42
124 56 171.775
124 73 185.681
124 79 180.086
124 93 277.68
124 151 1301.53
125 85 157.013
125 113 129.041
126 85 213.045
126 167 346.551
127 68 295.853
127 85 652.404
127 108 229.071
127 113 318.858
127 162 200.768
128 26 129.72
128 108 344.642
128 109 203.985
128 113 222.158
128 148 260.097
128 152 248.909
128 162 210.926
129 16 114.422
129 39 114.217
129 43 171.545
129 88 252.337
129 109 136.93
129 158 156.172
129 176 247.103
129 182 117.897
130 85 207.544
131 0 364.146
131 9 515.286
131 10 259.932
131 25 338.341
131 95 582.556
131 103 336.998
131 141 428.248
131 163 369.026
131 164 299.363
131 178 431.145
131 180 325.804
132 2 48.9913
132 11 72.4641
132 19 56.213
132 30 76.8713
132 48 56.6065
132 56 45.5087
132 73 46.2429
132 79 43.6334
132 93 64.6361
132 151 508.408
133 0 269.541
133 53 417.827
133 55 941.33
133 95 349.621
133 163 274.203
133 178 372.264
134 21 173.448
134 139 270.972
134 154 350.769
134 183 232.551
135 24 490.786
135 52 289.605
135 144 410.323
135 145 2437.47
135 166 514.592
135 194 2125.08
136 66 574.581
136 78 255.997
136 80 135.692
137 6 423.255
137 8 424.361
137 81 214.263
137 94 339.736
137 96 399.897
137 98 204.371
137 117 396.284
137 171 487.059
138 11 66.108
138 30 87.1511
138 57 118.659
138 59 60.6985
138 77 284.448
138 79 200.452
138 93 87.0992
138 130 77.6714
138 135 76.5981
138 177 92.217
138 190 130.785
139 23 229.802
139 68 659.798
139 85 310.476
139 167 241.652
140 5 133.369
140 47 415.011
140 121 123.086
140 129 124.912
140 131 140.004
140 138 90.8916
140 169 110.025
140 199 109.858
141 67 258.223
141 102 832.754
141 155 702.134
142 66 182.486
142 78 299.244
142 80 337.127
143 17 22.0762
143 18 23.1396
143 31 24.4095
143 32 29.3014
143 69 30.8336
143 107 45.8939
143 111 16.2221
143 173 17.7013
144 12 30.3354
144 31 59.3578
144 32 34.6832
144 69 37.5383
144 107 23.7252
145 2 19.9274
145 11 23.8358
145 19 22.2791
145 30 31.8828
145 35 22.3595
145 39 22.8884
145 48 41.9643
145 57 28.2046
145 77 22.0727
145 79 24.1033
145 86 25.5367
145 93 26.5599
145 140 20.3327
145 151 39.1765
145 174 23.9263
146 11 13.2099
146 19 8.75515
146 30 19.5251
146 48 12.3764
146 57 10.451
146 77 9.29048
146 79 11.754
146 86 8.65874
146 93 14.9436
146 151 20.0051
146 177 8.95256
147 23 895.148
147 68 261.762
147 105 435.821
147 120 496.143
147 193 531.135
148 49 186.141
148 57 143.972
148 63 461.775
148 76 156.632
148 97 254.302
148 99 146.408
148 130 261.34
148 135 228.133
148 149 160.537
148 172 174.394
148 174 147.38
148 181 164.282
148 195 351.981
149 43 1070.26
149 44 356.318
149 71 232.87
149 88 270.138
149 112 257.277
149 158 527.996
149 176 461.489
150 24 148.526
150 52 65.0309
150 76 55.4035
150 99 79.4427
150 144 163.886
150 145 121.868
150 166 201.652
150 172 66.7036
150 194 191.657
151 78 202.885
151 80 250.92
151 96 231.348
151 117 236.147
152 6 191.724
152 7 171.131
152 8 250.064
152 96 1403.18
152 117 1197.74
152 171 187.301
153 34 244.469
153 41 258.478
153 54 234.247
153 101 411.379
153 110 686.103
153 115 688.479
153 127 237.579
153 147 421.339
153 150 550.709
153 192 258.849
154 52 299.249
154 101 234.802
154 110 279.826
154 115 1143.58
154 147 420.674
154 150 478.715
155 11 111.057
155 28 135.909
155 56 198.786
155 73 218.826
155 122 211.566
155 151 127.399
155 165 302.49
156 24 1128.24
156 52 399.88
156 76 370.239
156 99 548.253
156 144 4648.38
156 145 382.44
156 166 1832.44
156 172 456.239
156 194 501.742
157 22 231.593
157 39 121.841
157 57 123.473
157 63 156.264
157 71 86.9495
157 92 118.358
157 97 171.166
157 130 125.44
157 135 163.567
157 140 208.253
157 146 87.1297
157 174 378.997
157 181 212.643
157 195 177.135
158 45 87.2384
158 123 41.4973
158 159 24.5134
158 168 25.0023
158 175 46.3378
158 199 24.4619
159 66 510.318
159 78 398.926
159 80 274.02
159 82 205.691
159 134 221.238
160 23 212.629
160 68 248.686
160 85 215.163
160 108 1172.92
160 113 582.067
160 148 242.981
160 152 232.675
160 162 288.544
161 17 195.41
161 38 199.601
161 75 325.362
161 157 190.337
161 170 175.204
162 72 270.09
162 89 171.468
162 119 135.073
162 125 190.102
162 128 234.278
162 160 139.751
162 196 739.721
163 46 274.502
163 47 121.799
163 73 144.621
163 100 712.169
163 133 120.534
163 138 145.161
163 189 138.63
164 10 138.808
164 27 118.331
164 103 107.969
164 118 104.847
165 58 287.96
165 68 231.045
165 124 219.318
165 167 455.85
166 20 1098.5
166 34 455.635
166 54 371.275
166 74 242.631
166 83 281.038
166 90 463.77
166 91 465.881
166 101 258.234
166 127 219.906
166 136 200.055
166 185 418.544
167 3 119.627
167 5 344.611
167 47 460.918
167 84 170.129
167 131 382.181
167 133 144.509
167 138 187.044
167 169 158.683
167 189 147.904
168 22 220.932
168 63 342.514
168 71 211.83
168 92 319.581
168 97 518.418
168 99 196.347
168 135 166.806
168 146 303.069
168 172 210.821
168 181 306.446
168 195 375.467
169 6 144.954
169 22 207.017
169 43 150.309
169 71 2404.84
169 92 381.369
169 94 151.912
169 97 163.887
169 140 145.878
169 146 437.799
169 158 259.137
169 181 215.424
170 11 860.377
170 30 715.358
170 59 431.85
170 73 274.717
170 77 279.764
170 79 589.023
170 93 1110.78
170 151 287.392
170 177 997.808
170 190 484.237
171 0 434.927
171 25 737.677
171 164 344.309
171 178 173.511
172 15 121.571
172 23 128.333
172 105 217.464
172 120 165.246
172 156 260.196
172 193 204.903
173 9 247.9
173 40 342.008
173 53 437.61
173 55 313.21
173 95 654.798
173 141 411.391
173 163 518.304
173 178 291.42
173 180 284.892
174 22 397.202
174 39 280.588
174 43 219.175
174 71 336.902
174 92 309.937
174 97 197.642
174 140 342.056
174 146 237.304
174 158 505.371
174 174 209.148
174 181 299.515
175 0 329.267
175 25 377.01
175 155 259.853
175 164 409.58
176 6 259.157
176 7 248.586
176 8 374.378
176 82 207.306
176 96 760.236
176 117 707.258
176 171 239.593
177 4 53.8199
177 65 108.245
177 72 39.6374
177 106 102.891
177 119 61.4105
177 128 35.9856
177 159 35.5723
177 160 68.8002
177 186 34.3098
177 187 37.6825
177 191 120.519
178 1 286.61
178 29 392.851
178 60 284.242
178 137 553.597
178 188 260.798
179 15 1062.92
179 28 191.947
179 36 200.765
179 114 266.486
179 142 186.918
179 143 196.343
180 9 179.991
180 10 167.924
180 27 99.6879
180 95 62.261
180 103 248.822
180 141 73.1937
180 163 60.655
180 180 80.65
181 9 226.873
181 10 494.29
181 27 560.137
181 103 327.467
181 136 293.476
182 11 81.0647
182 30 46.3232
182 73 63.5624
182 79 28.9167
182 93 49.3034
182 151 36.9964
182 165 27.3043
182 177 33.4631
183 1 297.075
183 7 390.434
183 8 221.477
183 43 193.171
183 44 344.895
183 60 257.932
183 112 576.099
183 116 237.929
183 188 372.877
184 15 107.433
184 23 161.567
184 36 118.012
184 105 113.625
184 114 160.063
184 120 503.825
184 152 109.99
184 193 613.363
184 198 115.02
185 73 318.592
185 121 260.579
185 122 627.113
185 129 320.701
185 165 511.248
185 197 321.579
186 45 573.804
186 121 302.371
186 123 262.665
186 129 251.872
186 168 223.214
186 175 355.865
186 199 376.399
187 9 445.432
187 10 1102.17
187 27 758.515
187 103 709.413
187 136 259.923
187 141 251.449
187 180 293.644
188 9 182.512
188 20 345.512
188 27 175.737
188 34 158.197
188 40 213.497
188 54 154.259
188 74 171.191
188 90 406.721
188 91 290.729
188 141 213.663
188 163 202.151
188 180 320.96
188 185 300.37
189 3 2405.88
189 5 312.975
189 38 1439.41
189 42 547.435
189 67 269.452
189 84 468.349
189 131 301.908
189 133 253.85
189 157 552.685
189 170 426.678
190 23 180.912
190 26 216.651
190 88 174.349
190 108 409.081
190 109 319.287
190 113 235.81
190 148 263.315
190 152 575.799
190 162 217.567
191 137 372.309
192 21 511.626
192 89 284.877
192 154 270.32
193 7 288.01
193 8 195.592
193 60 194.998
193 82 352.098
193 96 271.212
193 117 264.918
193 134 200.741
194 2 15.2461
194 16 11.0288
194 19 15.7208
194 26 6.645
194 35 70.9028
194 39 8.31955
194 48 14.3769
194 86 21.9693
194 142 7.05686
194 151 7.52763
194 182 12.9395
194 198 6.7164
195 66 583.762
195 78 357.066
195 80 186.148
196 68 196.127
196 85 162.965
196 167 350.456
197 16 100.247
197 23 116.872
197 26 176.681
197 36 115.966
197 108 107.089
197 109 123.268
197 114 117.923
197 120 157.653
197 152 288.137
197 193 129.929
197 198 142.085
198 22 90.1217
198 39 41.0421
198 63 24.2882
198 71 38.7487
198 92 44.2285
198 97 30.7937
198 140 64.489
198 146 30.6725
198 158 39.4471
198 174 34.684
198 181 52.7061
198 195 26.8018
199 10 120.427
199 20 144.509
199 27 250.533
199 34 145.633
199 54 171.972
199 127 168.548
199 136 517.176
