150 150 1046
1
1
1
1
1
1
1
1
1
1
1
1
1
1
1
1
1
1
1
1
1
1
1
1
1
1
1
1
1
1
1
1
1
1
1
1
1
1
1
1
1
1
1
1
1
1
1
1
1
1
1
1
1
1
1
1
1
1
1
1
1
1
1
1
1
1
1
1
1
1
1
1
1
1
1
1
1
1
1
1
1
1
1
1
1
1
1
1
1
1
1
1
1
1
1
1
1
1
1
1
1
1
1
1
1
1
1
1
1
1
1
1
1
1
1
1
1
1
1
1
1
1
1
1
1
1
1
1
1
1
1
1
1
1
1
1
1
1
1
1
1
1
1
1
1
1
1
1
1
1
0 16 924.855
0 59 142.684
0 71 141.599
0 80 228.066
0 84 879.387
0 130 139.483
1 24 99.617
1 60 80.626
1 123 123.388
1 142 298.762
2 8 153.03
2 54 160.594
2 73 150.233
2 100 208.063
2 108 230.571
2 132 202.179
2 139 180.985
2 149 624.68
3 1 266.704
3 17 333.506
3 24 364.266
3 90 278.872
3 115 410.257
3 142 248.1
4 76 461.937
4 81 161.731
5 2 831.237
5 128 235.307
6 1 338.729
6 9 138.828
6 17 216.802
6 39 129.765
6 90 160.32
6 97 117.114
6 115 175.615
6 119 113.041
6 134 114.773
7 24 191.786
7 89 118.049
7 119 220.411
8 27 254.118
8 32 319.686
8 54 207.02
8 69 264.32
8 70 155.057
8 104 527.815
8 105 552.684
8 120 234.814
8 125 222.125
8 139 176.913
9 27 50.0949
9 32 44.5687
9 54 26.1667
9 87 31.6454
9 92 13.5834
9 100 15.5694
9 105 22.9916
9 108 18.7489
9 139 21.8806
10 4 30.033
10 11 90.2722
10 14 32.2018
10 15 32.5697
10 36 54.234
10 42 86.3978
10 64 30.572
10 99 118.93
10 129 40.7823
10 136 31.5353
10 143 57.0446
11 2 45.9603
11 62 45.8819
11 128 45.5214
12 29 146.037
12 93 175.42
12 140 129.504
13 10 187.068
13 28 211.892
13 45 238.368
13 92 135.172
13 110 281.626
13 132 125.081
13 141 123.009
13 144 133.49
13 145 159.083
14 10 242.387
14 28 239.19
14 45 167.177
14 110 538.374
14 141 123.476
14 144 140.942
14 145 119.661
15 1 112.698
15 9 38.6448
15 17 61.0691
15 39 30.8707
15 90 44.5045
15 97 30.0181
15 115 47.0494
16 41 74.1288
16 55 82.0052
16 57 114.754
16 58 75.5
16 75 273.284
16 82 87.5431
16 88 65.9094
16 96 67.1411
16 116 94.4405
16 117 63.3534
16 121 77.9167
16 124 67.8811
16 131 409.588
17 35 67.0394
17 146 84.0437
18 1 432.129
18 9 1468.94
18 15 188.761
18 17 615.667
18 90 1452.95
18 115 455.745
18 148 179.531
19 16 26.9955
19 22 33.7547
19 56 40.9906
19 59 68.7134
19 71 28.5507
19 79 31.0026
19 83 27.9093
19 84 38.4004
19 130 28.1876
20 20 259.106
21 29 98.2564
21 37 95.6744
21 93 133.066
21 137 88.1387
21 140 138.622
22 5 8.31012
22 23 3.12243
22 46 2.62797
22 77 5.76408
22 133 4.62114
23 51 39.6967
23 103 31.9501
23 147 39.9104
24 5 66.0678
24 21 61.8331
24 23 79.7687
24 30 56.2516
24 46 185.123
24 74 95.7379
24 77 71.7191
24 116 53.2756
24 133 88.314
25 0 95.6555
25 47 115.124
25 53 147.146
25 54 98.3314
25 67 309.533
25 68 98.3589
25 70 119.69
25 73 98.2775
25 91 444.691
25 105 85.687
25 111 92.8932
25 112 464.303
25 139 104.924
26 51 31.468
26 95 23.766
26 147 26.0037
27 16 110.134
27 71 347.476
27 79 94.725
27 80 95.8641
27 84 121.561
27 130 339.685
28 11 248.445
28 29 208.789
28 36 181.113
28 42 344.784
28 44 163.282
28 99 164.324
28 101 153.96
28 143 556.114
29 2 178.333
29 20 349.936
29 140 168.156
30 3 112.538
30 21 106.924
30 34 103.75
30 37 110.593
30 61 120.162
30 74 89.4481
30 98 185.374
30 109 195.249
30 137 113.262
30 140 84.2959
31 52 5.6431
31 100 5.23594
31 108 4.79351
31 113 5.39019
31 132 15.3431
31 145 6.33881
31 149 6.68328
32 2 2.04637
32 20 3.19449
32 140 2.04354
33 20 402.481
33 48 222.194
33 49 300.556
33 118 226.524
34 60 226.821
34 79 203.964
34 123 432.924
34 142 336.804
35 30 85.5586
35 41 124.98
35 46 75.2083
35 57 78.9623
35 75 112.456
35 116 244.88
35 131 146.845
36 6 71.5331
36 7 69.9965
36 31 135.025
36 76 77.6131
36 81 284.878
36 94 194.818
36 107 263.849
36 135 106.857
36 138 64.9447
37 76 111.811
38 12 416.16
38 50 683.169
38 64 283.197
38 114 217.53
39 27 143.563
39 32 201.466
39 54 114.828
39 69 175.482
39 104 345.844
39 105 210.133
39 120 234.774
39 125 132.663
40 33 98.5944
40 38 230.157
40 55 85.7693
40 58 212.585
40 65 103.166
40 72 157.723
40 78 160.649
40 88 107.456
40 96 127.596
40 106 113.105
40 117 452.639
40 126 116.818
40 138 87.1699
41 20 142.138
41 26 187.465
41 118 176.925
41 127 136.27
42 2 95.4726
42 26 49.097
43 13 235.786
43 62 365.652
43 128 428.562
44 146 181.838
45 18 499.616
45 33 239.162
45 40 238.651
45 65 188.562
45 76 150.543
45 81 150.553
45 103 210.072
45 147 150.595
46 2 76.5578
46 20 94.6545
46 26 68.5793
47 29 11.4743
47 57 15.6452
47 75 11.4972
47 93 86.182
47 121 26.0387
47 131 11.1287
48 39 99.7113
48 52 96.6467
48 89 311.632
48 113 91.0765
48 119 110.301
48 134 201.254
49 24 729.875
49 119 217.654
49 142 209.1
50 31 127.86
50 76 218.8
50 81 233.585
50 94 201.463
50 107 141.012
50 135 472.133
51 37 64.8994
51 61 36.656
51 74 21.8975
51 93 22.2148
51 98 34.9259
51 109 37.9716
51 137 54.9544
51 140 135.257
52 18 8158.06
52 33 442.491
52 40 728.805
52 65 460.597
52 85 213.185
52 103 447.865
52 147 281.27
53 76 221.952
54 18 11.1466
54 38 12.0314
54 40 15.2855
54 51 12.9951
54 65 15.3943
54 85 21.7039
54 95 15.0017
54 103 13.5538
54 147 12.9532
55 57 446.976
55 74 199.633
55 75 418.724
55 93 260.204
55 116 225.424
55 121 412.415
55 131 462.064
56 62 222.53
56 128 141.147
57 22 62.6876
57 35 59.8372
57 56 63.1117
57 63 247.678
57 83 105.875
57 102 502.821
57 114 101.749
57 122 76.9362
58 3 165.009
58 13 68.9007
58 21 67.4858
58 34 100.251
59 11 111.238
59 14 234.073
59 36 207.676
59 42 74.9735
59 44 60.3251
59 53 58.2815
59 68 77.3573
59 99 67.7693
59 129 64.436
59 136 123.684
59 143 72.0338
60 12 219.824
60 29 265.192
60 42 241.074
60 48 374.304
60 64 263.338
60 101 468.508
60 143 233.892
61 18 283.838
61 33 233.438
61 40 191.39
61 65 169.875
61 76 284.567
61 81 319.17
61 94 168.928
61 103 181.075
61 107 191.695
62 31 168.503
62 69 219.663
62 94 188.285
62 104 162.505
62 107 128.223
62 120 239.858
62 125 155.546
62 135 169.255
63 0 160.392
63 6 237.036
63 7 451.826
63 31 117.291
63 67 87.5478
63 69 92.5103
63 70 269.296
63 107 100.512
63 111 378.983
63 125 131.431
63 138 109.952
64 1 65.9953
64 4 140.829
64 8 72.0923
64 9 69.2353
64 15 89.8542
64 97 79.4827
64 129 88.0237
64 148 338.66
65 38 622.639
65 41 298.938
65 55 284.518
65 58 622.63
65 72 268.021
65 75 257.18
65 78 281.699
65 82 247.238
65 88 295.997
65 96 337.736
65 106 244.989
65 116 273.326
65 117 704.209
65 124 231.79
65 126 227.391
65 131 269.537
66 46 199.009
66 57 285.406
66 74 267.869
66 75 296.753
66 93 222.873
66 116 257.682
66 121 280.076
66 131 341.725
66 137 202.967
68 22 30.2058
68 35 19.6098
68 56 36.9977
68 59 37.3183
68 63 30.5537
68 83 77.9534
68 102 28.6896
68 114 19.564
68 122 20.0495
69 37 130.268
69 46 134.778
69 74 373.905
69 93 131.703
69 98 206.188
69 109 187.437
69 137 275.025
69 140 139.364
70 1 2.12429
70 39 4.28874
70 89 2.21037
70 97 2.32104
70 119 2.05152
70 134 2.99052
71 24 192.487
71 89 292.455
71 119 1062.15
71 134 198.284
72 3 330.436
72 21 125.288
72 34 91.8836
73 18 820.776
73 33 696.178
73 38 234.196
73 40 872.735
73 65 1145.2
73 85 226.499
73 103 361.661
73 117 222.757
73 147 252.781
74 19 299.721
74 25 130.444
74 35 128.522
74 43 64.8333
74 49 60.6477
74 63 58.2533
74 102 48.7358
74 118 48.0272
74 122 117.556
74 127 60.6358
74 146 55.6342
75 24 376.476
75 123 293.715
75 142 6433.18
76 11 168.154
76 29 232.929
76 42 226.902
76 48 226.488
76 64 190.505
76 99 184.614
76 101 339.789
76 143 223.025
77 19 209.254
77 25 283.855
77 35 162.195
77 43 2409.1
77 48 263.08
77 49 333.473
77 122 183.61
77 127 179.399
78 29 418.249
78 48 212.097
78 93 260.407
78 101 295.998
79 3 189.741
79 5 217.408
79 21 280.104
79 77 200.736
79 133 205.518
80 31 385.298
80 69 217.636
80 76 196.403
80 81 352.135
80 94 1050.03
80 107 352.443
80 120 194.064
80 125 198.27
80 135 669.896
81 87 326.032
81 92 1678
81 100 484.067
81 108 373.166
81 132 237.111
81 149 220.925
82 0 572.159
82 6 210.223
82 7 200.716
82 14 201.319
82 47 217.92
82 53 413.1
82 66 338.487
82 67 350.913
82 68 260.412
82 70 226.258
82 91 290.837
82 111 318.024
82 112 273.089
83 19 179.129
83 35 218.793
83 83 158.717
83 122 160.176
83 146 256.475
84 27 4.74085
84 32 6.28236
84 54 3.98012
84 69 5.51386
84 104 9.85857
84 105 6.47865
84 120 7.03087
84 125 4.4172
85 2 6.696
85 13 5.79816
85 34 9.51844
85 61 6.44305
85 128 9.22566
86 22 117.959
86 35 142.07
86 56 134.481
86 59 226.11
86 63 159.36
86 83 328.533
86 102 135.196
86 122 128.543
87 7 218.565
87 27 288.443
87 32 234.126
87 53 214.376
87 54 378.129
87 67 307.524
87 69 229.945
87 70 343.959
87 91 350.88
87 104 243.065
87 105 369.072
87 112 361.928
87 125 281.875
87 139 373.975
88 30 130.527
88 41 173.233
88 46 126.961
88 57 177.934
88 75 260.313
88 116 279.286
88 121 143.157
88 131 369.044
89 9 145.379
89 17 157.878
89 60 142.126
89 90 175.092
89 115 198.631
90 16 80.0475
90 59 72.6919
90 71 43.3537
90 80 42.8211
90 84 171.622
90 130 42.7006
91 10 420.124
91 28 277.987
91 45 161.103
91 110 488.153
91 113 96.0301
91 141 212.554
91 144 258.525
91 145 143.128
92 18 527.915
92 33 1488.34
92 38 256.271
92 40 477.551
92 65 732.362
92 72 248.835
92 78 236.067
92 103 271.526
92 117 255.986
92 126 220.201
92 138 247.264
93 30 82.0994
93 38 99.946
93 41 147.335
93 58 61.8082
93 116 90.0537
93 117 77.8782
94 37 617.364
94 61 2738.79
94 98 247.922
94 109 288.189
94 137 230.034
94 140 298.3
95 3 481.463
95 13 139.924
95 21 176.95
95 34 244.906
96 22 185.58
96 60 373.09
96 71 242.715
96 79 424.672
96 123 568.456
96 130 245.626
96 142 185.593
97 18 66.7521
97 40 96.4925
97 51 110.308
97 65 78.7728
97 85 305.574
97 95 103.245
97 103 109.108
97 147 113.26
98 8 274.467
98 47 4006.62
98 53 509.928
98 67 430.387
98 68 641.694
98 73 559.346
98 91 426.172
98 112 427.909
98 136 353.715
99 2 40.9576
99 34 45.5509
99 37 65.2473
99 61 112.293
99 98 45.92
99 109 50.993
99 137 39.5418
99 140 44.2906
100 40 77.2701
100 51 101.713
100 65 71.1019
100 85 214.235
100 95 146.475
100 103 80.5996
100 147 86.3976
101 18 106.461
101 40 88.4297
101 51 76.3243
101 76 107.719
101 103 120.941
101 147 110.139
102 29 29.2095
102 93 24.3836
102 101 24.1827
102 140 23.9065
103 22 505.233
103 35 212.461
103 56 494.152
103 59 237.529
103 63 467.455
103 83 456.565
103 102 641.501
103 114 408.777
103 122 247.643
104 11 367.809
104 29 191.199
104 36 229.195
104 42 829.367
104 64 165.822
104 99 285.444
104 101 172.927
104 143 775.004
105 2 566.352
105 20 161.82
105 26 153.363
105 61 169.879
106 39 168.566
106 52 166.135
106 89 717.658
106 119 302.366
106 134 278.866
107 30 141.504
107 41 158.15
107 46 179.13
107 57 169.027
107 74 217.689
107 75 190.341
107 116 234.398
107 121 159.703
107 131 224.897
108 0 4.58252
108 14 3.95783
108 47 5.94697
108 53 26.3477
108 66 4.08342
108 67 8.18981
108 68 7.54596
108 73 3.72278
108 91 6.42312
108 111 3.70247
108 112 6.0149
108 136 4.38314
109 6 191.643
109 33 223.939
109 38 271.267
109 55 261.421
109 58 475.682
109 65 193.124
109 66 205.631
109 72 1598.8
109 78 1964.73
109 82 205.251
109 88 401.82
109 96 493.042
109 106 610.748
109 117 378.925
109 124 237.818
109 126 672.158
109 138 318.419
110 27 329.4
110 32 248.213
110 54 450.418
110 67 190.296
110 69 191.059
110 70 220.66
110 91 213.093
110 104 221.674
110 105 458.694
110 112 219.9
110 125 216.259
110 139 399.945
111 19 328.224
111 25 183.076
111 35 892.837
111 63 205.116
111 83 187.618
111 102 157.493
111 122 332.511
111 146 192.475
112 29 62.9091
112 44 68.9074
112 57 80.3888
112 75 52.4368
112 93 119.904
112 121 132.271
112 131 47.7388
113 5 101.036
113 23 175.421
113 30 299.151
113 41 311.575
113 46 191.833
113 74 101.601
113 77 111.507
113 116 446.261
113 131 110.154
113 133 120.455
114 9 312.453
114 12 250.149
114 15 348.885
114 50 604.628
114 64 365.673
114 90 252.083
114 99 216.088
114 129 222.444
115 19 434.633
115 25 8105.24
115 35 214.575
115 43 245.718
115 49 351.132
115 118 242.013
115 122 201.368
115 127 348.128
115 146 180.124
116 39 176.972
116 52 753.251
116 113 553.024
116 132 200.174
116 134 185.532
116 145 301.865
117 11 134.769
117 14 119.485
117 36 143.813
117 42 121.887
117 44 648.272
117 57 135.195
117 82 129.02
117 121 134.744
117 124 113.967
117 143 150.562
118 19 257.508
118 35 426.644
118 59 259.879
118 63 336.571
118 83 482.432
118 102 261.985
118 122 329.594
118 146 225.658
119 13 637.751
119 34 203.228
119 62 151.604
119 128 263.421
120 76 28.105
121 51 94.0752
121 85 127.503
121 86 139.505
121 95 150.784
122 12 5.64006
122 43 6.60592
122 48 5.63658
122 63 4.19311
122 102 4.30326
122 114 4.94977
122 122 4.63505
123 5 484.291
123 21 206.997
123 23 717.232
123 30 307.731
123 41 211.716
123 46 859.561
123 74 230.47
123 77 596.611
123 116 222.119
123 133 934.671
124 27 165.861
124 32 94.9612
124 54 90.7128
124 87 78.7737
124 92 35.9636
124 100 44.8997
124 105 62.5121
124 108 56.3346
124 139 74.5535
124 149 38.1692
125 0 166.657
125 6 152.985
125 7 228.23
125 53 137.913
125 54 140.842
125 67 187.702
125 69 170.129
125 70 592.422
125 91 193.989
125 104 152.499
125 105 163.006
125 111 207.91
125 112 191.932
125 125 253.238
125 139 137.972
126 1 160.426
126 4 201.156
126 9 290.424
126 15 396.947
126 17 170.108
126 50 270.216
126 64 219.591
126 90 212.247
126 99 170.676
126 129 209.306
126 148 200.928
127 2 179.952
127 61 79.9139
127 128 69.5073
128 5 131.169
128 23 195.882
128 30 341.759
128 41 230.364
128 46 134.899
128 77 141.526
128 86 280.688
128 116 157.983
128 133 137.104
129 24 313.7
129 119 169.589
129 142 121.912
130 13 794.441
130 34 141.424
130 128 128.644
131 20 116.769
131 37 72.1289
131 61 71.4081
131 140 77.7933
132 5 196.489
132 23 267.364
132 30 317.325
132 41 204.892
132 46 167.088
132 77 210.533
132 86 615.143
132 116 159.753
132 133 194.883
133 4 221.59
133 11 156.307
133 14 197.678
133 15 148.059
133 36 182.127
133 47 203.914
133 53 157.725
133 68 257.837
133 73 142.007
133 99 151.061
133 129 239.988
133 136 782.523
133 148 169.299
134 4 263.376
134 9 274.122
134 12 236.571
134 15 529.556
134 50 461.307
134 64 453.887
134 99 304.328
134 129 304.264
134 148 242.867
135 1 182.453
135 17 132.804
135 39 183.032
135 89 116.714
135 90 109.274
135 97 130.289
135 115 114.981
135 119 120.045
135 134 150.492
136 20 482.651
137 18 230.639
137 33 192.059
137 40 153.345
137 65 136.784
137 76 208.925
137 81 245.255
137 94 131.532
137 103 142.628
137 107 151.639
138 19 409.055
138 25 185.192
138 35 800.786
138 43 113.663
138 49 105.477
138 63 161.375
138 83 125.418
138 102 125.86
138 122 378.631
138 127 112.129
138 146 131.193
139 38 151.244
139 40 123.248
139 41 116.513
139 65 136.304
139 85 146.217
139 86 121.211
139 95 121.006
139 117 117.271
140 71 581.821
140 79 144.293
140 84 104.149
140 123 107.498
140 130 630.882
141 1 90.8766
141 4 28.157
141 9 62.5904
141 15 29.3085
141 17 55.2215
141 90 53.9022
141 97 30.0224
141 115 40.275
141 148 36.1542
142 18 50.6344
142 33 19.7236
142 40 24.5649
142 65 17.9425
142 76 13.4339
142 81 12.6123
142 103 23.4305
142 147 16.1407
143 4 185.174
143 11 175.404
143 14 117.571
143 15 179.391
143 36 156.668
143 42 153.998
143 64 107.349
143 99 278.591
143 129 324.034
143 136 155.859
143 143 125.227
143 148 131.292
144 2 237.671
144 13 182.972
144 34 249.919
144 128 456.016
145 19 280.028
145 25 366.893
145 49 321.618
145 118 1052.49
145 127 1271.57
145 146 296.924
146 44 256.041
146 55 218.554
146 57 350.856
146 75 296.792
146 82 325.446
146 88 147.834
146 96 138.571
146 121 212.479
146 124 204.213
146 131 223.157
147 29 94.1631
147 43 86.2225
147 48 175.928
147 49 73.1277
147 101 172.725
148 6 307.359
148 7 207.97
148 31 228.585
148 33 215.431
148 72 171.663
148 78 160.056
148 81 208.187
148 94 187.129
148 107 336.529
148 111 181.509
148 126 181.074
148 138 348.625
149 12 204.523
149 35 123.313
149 43 166.124
149 48 130.307
149 63 155.978
149 102 167.739
149 114 216.728
149 122 164.971
