200 200 1422
1
1
1
1
1
1
1
1
1
1
1
1
1
1
1
1
1
1
1
1
1
1
1
1
1
1
1
1
1
1
1
1
1
1
1
1
1
1
1
1
1
1
1
1
1
1
1
1
1
1
1
1
1
1
1
1
1
1
1
1
1
1
1
1
1
1
1
1
1
1
1
1
1
1
1
1
1
1
1
1
1
1
1
1
1
1
1
1
1
1
1
1
1
1
1
1
1
1
1
1
1
1
1
1
1
1
1
1
1
1
1
1
1
1
1
1
1
1
1
1
1
1
1
1
1
1
1
1
1
1
1
1
1
1
1
1
1
1
1
1
1
1
1
1
1
1
1
1
1
1
1
1
1
1
1
1
1
1
1
1
1
1
1
1
1
1
1
1
1
1
1
1
1
1
1
1
1
1
1
1
1
1
1
1
1
1
1
1
1
1
1
1
1
1
1
1
1
1
1
1
0 66 120.643
0 91 146.437
0 120 99.3971
0 156 130.431
1 6 1.02113
1 15 1.03936
1 79 1.01548
1 116 1.01538
1 145 1.02122
1 153 1.01549
1 169 1.01698
1 172 1.03239
2 13 278.486
2 18 179.302
2 43 138.156
2 45 131.465
2 64 121.212
2 71 351.134
2 93 121.576
2 97 122.404
2 102 597.216
2 105 351.252
2 140 153.076
2 159 156.628
2 164 292.422
3 18 28.7351
3 21 19.4944
3 43 36.8021
3 64 63.1047
3 112 18.9538
3 124 35.6904
3 164 20.821
4 9 132.841
4 38 200.187
4 118 182.259
4 138 163.325
4 157 168.008
5 6 2.74495
5 23 4.00515
5 53 6.07196
5 58 5.13004
5 79 3.89074
5 97 2.75219
5 104 3.22118
5 145 2.86597
5 182 3.74584
5 197 3.67483
6 9 140.305
6 38 98.0213
6 39 144.674
6 40 121.126
6 70 159.122
6 83 119.213
6 115 188.778
6 147 150.191
6 194 278.697
7 67 212.554
7 92 1133.78
7 97 179.536
7 107 1329.01
7 123 161.835
7 145 164.348
7 153 159.604
7 159 198.009
7 182 159.377
8 11 175.231
8 23 183.553
8 34 291.372
8 60 338.855
8 166 331.587
8 191 177.323
8 197 199.644
9 63 10.3834
9 72 12.9616
9 113 10.5649
9 128 61.6289
9 161 18.5876
9 167 10.0805
9 180 31.6534
10 34 803.728
10 60 386.279
10 191 403.357
11 37 95.7013
11 50 74.2637
11 94 3760.95
11 108 171.189
11 135 96.129
11 137 347.123
11 154 82.8335
11 192 124.683
12 5 270.18
12 37 176.796
12 50 211.038
12 51 237.333
12 61 249.019
12 65 433.299
12 85 263.328
12 96 172.576
12 100 266.85
12 118 220.664
12 157 250.025
12 160 173.601
13 29 1845.1
13 68 270.265
13 87 339.525
13 90 308.841
13 120 346.371
13 122 300.972
13 130 368.232
13 139 383.289
13 148 633.418
14 21 1371.63
14 45 230.855
15 5 588.686
15 22 273.204
15 37 282.237
15 50 282.867
15 51 410.842
15 61 395.298
15 65 427.864
15 85 517.095
15 96 317.025
15 100 464.295
15 118 260.848
15 157 318.896
15 160 338.85
16 94 239.896
16 108 462.768
16 131 182.331
16 137 231.546
16 153 421.424
16 154 2853.38
16 192 200.597
16 195 193.266
17 29 18.5331
17 68 15.8803
17 83 16.5826
17 115 29.424
17 148 34.7221
17 156 16.0404
17 194 27.6182
18 2 49.6203
18 11 49.3716
18 14 50.4708
18 60 37.5533
18 77 34.9755
18 125 40.0731
19 10 101.265
19 31 127.192
19 57 115.001
19 75 845.171
19 165 72.1543
20 24 75.9611
20 47 95.3677
20 73 112.691
20 129 143.524
20 132 154.011
20 151 264.577
20 186 127.355
20 199 84.9126
21 21 253.075
21 45 405.08
21 48 277.48
21 55 263.334
21 93 217.8
21 140 233.737
21 158 469.384
22 36 147.543
22 114 159.435
22 121 143.638
22 144 173.918
22 188 439.662
22 190 128.478
22 199 143.629
23 29 65.3915
23 87 55.4411
23 90 66.2825
23 91 55.6583
23 120 147.233
23 130 75.4742
23 148 60.1982
23 156 194.276
24 39 221.328
24 83 373.906
24 141 223.038
24 147 152.868
24 156 253.6
24 181 256.305
25 15 85.4427
25 145 59.8971
25 153 81.9777
25 154 83.9406
25 172 83.8884
26 51 205.523
26 61 213.809
26 80 179.295
26 136 177.975
26 150 166.534
27 4 115.924
27 31 118.442
27 57 227.159
27 62 159.078
27 75 136.157
27 86 151.219
27 133 109.853
27 155 144.664
27 165 127.826
27 185 136.034
28 16 134.859
28 34 178.588
28 78 142.782
28 191 312.694
29 11 35.4351
29 23 41.5398
29 34 54.4939
29 60 53.1731
29 166 89.1096
29 191 37.0052
29 197 45.8431
30 3 16.3663
30 46 13.0357
30 77 12.7824
30 125 12.871
30 128 15.7488
30 167 21.6648
30 169 17.6837
30 180 19.0673
31 20 174.104
31 25 180.854
31 82 130.423
31 89 255.911
31 142 261.171
31 171 159.499
31 174 129.119
31 175 217.279
32 30 155.497
32 108 113.004
32 131 334.102
32 137 120.153
32 162 214.215
32 193 329.606
32 195 345.61
33 18 72.8808
33 21 174.379
33 43 72.3211
33 45 101.523
33 64 106.633
33 71 71.8332
33 158 65.8249
34 16 28.5715
34 23 35.0457
34 34 39.0103
34 53 32.5731
34 58 34.9624
34 112 30.7373
34 166 105.371
34 191 45.2505
34 197 38.5662
35 17 209.365
35 40 504.912
35 115 149.793
35 152 298.913
35 194 120.627
36 106 95.5266
37 63 316.99
37 72 366.236
37 128 506.549
37 161 374.227
37 167 246.613
37 180 1077.79
38 42 388.653
38 111 561.387
38 178 451.361
38 196 276.009
39 5 38.2115
39 22 33.6824
39 33 24.8537
39 37 20.9503
39 51 21.6315
39 61 18.861
39 85 44.2854
39 96 44.3788
39 100 30.1393
39 101 35.3319
39 117 18.5538
39 160 68.0876
39 170 26.6291
40 3 68.5435
40 46 63.2964
40 77 61.9215
40 116 68.3078
40 167 68.4958
40 169 115.487
40 180 72.0019
41 56 121.527
41 113 118.045
41 125 108.82
41 128 112.143
41 167 155.637
42 57 1269.87
42 75 349.049
42 86 293.754
42 133 508.705
42 155 451.915
42 165 624.203
43 5 766.712
43 22 86.7052
43 33 54.638
43 51 113.955
43 61 87.8623
43 65 49.7169
43 85 78.1554
43 96 62.5322
43 100 63.2307
43 101 54.5044
43 157 52.7042
43 160 107.043
44 7 142.274
44 95 253.904
44 119 152.156
44 141 101.022
44 168 131.629
44 181 126.781
45 39 287.558
45 40 407.172
45 70 302.183
45 83 273.829
45 115 1297.31
45 147 268.218
45 194 1729.2
46 99 346.446
46 185 565.308
47 15 82.8708
47 108 49.6273
47 145 57.8039
47 153 92.3127
47 154 83.9076
47 172 84.8183
48 6 141.099
48 15 301.188
48 67 140.98
48 79 151.907
48 92 263.977
48 107 196.149
48 145 388.654
48 153 248.41
48 154 153.456
48 172 383.646
49 5 54.5736
49 22 63.7791
49 33 47.1
49 51 61.6738
49 61 52.1842
49 160 48.2847
50 6 153.664
50 15 2229.48
50 79 130.254
50 104 105.672
50 116 97.9305
50 145 267.779
50 153 122.134
50 172 757.818
51 7 108.27
51 38 130.229
51 39 105.032
51 52 110.35
51 95 155.013
51 119 140.218
51 138 126.85
51 147 113.415
51 181 131.102
52 24 7.50553
52 47 8.73646
52 73 13.0095
52 129 11.116
52 132 13.0564
52 151 47.71
52 186 15.5911
52 199 7.32201
53 42 201.094
53 81 383.474
53 84 330.082
53 111 564.697
53 126 191.689
53 187 192.563
53 196 505.175
54 16 187.467
54 78 208.141
54 106 202.788
54 179 189.565
54 191 176.327
55 80 109.871
55 150 103.361
56 11 23.5319
56 34 26.3877
56 60 42.6674
56 166 26.8447
57 27 237.401
57 28 372.552
57 67 128.07
57 96 114.681
57 101 148.308
57 117 122.269
57 123 184.929
57 149 216.704
57 170 162.052
57 177 587.571
57 184 187.78
58 32 1164.28
58 52 375.324
58 74 261.942
58 80 347.616
58 103 217.002
58 127 260.751
58 136 476.449
58 138 272.767
58 150 339.108
59 21 554.514
59 45 149.465
59 64 182.586
60 31 221.198
60 99 572.358
60 114 224.373
60 185 341.839
61 30 256.789
61 94 219.806
61 108 358.999
61 131 422.469
61 137 247.148
61 153 201.398
61 154 312.636
61 162 206.177
61 193 209.488
61 195 478.143
62 41 189.294
62 76 298.255
62 84 513.102
62 110 171.424
62 111 174.533
62 143 409.758
62 163 249.775
62 173 286.785
62 187 2043.5
63 42 4.26605
63 81 4.62998
63 84 6.04877
63 111 16.9801
63 178 4.12826
63 187 4.21626
63 196 5.18857
64 1 21.8214
64 30 18.2705
64 131 22.5421
64 162 30.4454
64 193 51.0804
64 195 22.0789
65 114 499.893
65 144 284.508
65 188 429.289
66 63 457.999
66 72 572.994
66 128 441.489
66 161 527.598
66 180 691.312
67 1 471.777
67 8 160.086
68 34 125.872
68 191 149.254
69 0 533.901
69 12 242.7
69 20 212.718
69 59 442.842
69 88 208.916
69 98 447.453
69 109 473.771
69 175 205.412
69 189 311.978
70 6 1676.89
70 11 147.307
70 15 191.502
70 23 136.783
70 46 180.031
70 77 179.97
70 79 390.301
70 104 490.835
70 116 324.626
70 145 188.247
70 169 198.458
70 172 172.119
71 99 320.484
71 114 369.806
71 185 265.036
71 190 250.38
72 29 142.921
72 68 245.094
72 122 248.503
72 139 337.888
72 148 153.384
73 50 281.728
73 65 614.076
73 69 240.923
73 118 328.745
73 134 407.742
73 135 210.847
73 157 219.54
74 30 99.8953
74 49 225.76
74 131 64.8446
74 162 57.1005
74 195 62.0901
74 198 141.352
75 1 25.2882
75 69 72.3104
75 70 22.8654
75 134 28.4643
75 135 19.6235
76 49 91.554
76 169 95.1565
76 198 73.8571
77 32 416.792
77 52 295.138
77 74 288.888
77 80 290.756
77 103 261.734
77 127 347.883
77 136 275.868
77 138 209.533
77 150 299.84
78 20 271.755
78 25 248.954
78 35 707.542
78 59 365.193
78 175 228.016
78 189 333.789
79 2 580.981
79 14 251.33
79 125 267.909
80 13 17.4931
80 18 15.7952
80 45 22.661
80 48 18.3351
80 71 31.647
80 93 31.3568
80 102 23.5699
80 105 20.1193
80 140 50.1526
80 158 21.6165
80 164 19.6151
81 9 306.159
81 65 286.77
81 69 452.609
81 70 329.625
81 118 320.093
81 134 2378.05
82 37 291.127
82 50 484.902
82 65 306.005
82 85 267.305
82 94 145.558
82 96 168.737
82 100 396.656
82 135 244.058
83 20 107.311
83 25 126.367
83 35 50.1161
83 82 61.3298
83 89 63.9755
83 142 168.965
83 171 48.6476
83 175 144.457
84 9 213.784
84 38 255.23
84 118 257.077
84 134 169.094
84 147 139.628
84 157 166.073
85 8 46.4177
85 81 26.925
85 84 27.9332
85 126 170.727
85 196 28.0364
86 66 335.366
86 91 252.832
86 146 93.6931
86 156 101.368
87 45 107.387
87 48 115.072
87 71 123.6
87 93 250.572
87 102 104.851
87 105 93.3123
87 140 328.25
87 158 119.086
87 164 86.032
88 76 144.017
88 84 1420.93
88 111 150.102
88 126 122.894
88 143 180.184
88 163 123.869
88 173 147.465
88 187 348.664
89 38 166.494
89 39 238.717
89 83 192.285
89 95 163.307
89 141 141.984
89 147 220.278
89 181 223.777
90 2 303.005
90 125 284.846
90 167 275.686
91 50 235.339
91 65 274.35
91 69 240.838
91 118 162.979
91 134 271.705
91 135 193.392
92 3 76.4335
92 6 48.0178
92 11 192.497
92 14 165.981
92 23 43.806
92 46 151.585
92 77 164.474
92 79 42.4389
92 104 60.6486
92 116 76.8492
92 125 52.8677
92 169 51.9651
92 197 43.0046
93 0 119.32
93 59 153.796
93 98 102.559
93 109 131.806
93 189 197.908
94 4 53.3035
94 57 45.3384
94 62 62.0634
94 86 142.646
94 133 36.288
94 155 68.6054
94 165 43.3153
94 185 29.2266
95 30 266.111
95 108 135.381
95 131 614.743
95 137 136.016
95 162 394.28
95 193 512.952
95 195 543.975
95 198 139.994
96 19 2292.62
96 26 224.77
96 30 126.807
96 49 143.752
96 63 179.396
96 72 135.052
96 171 146.75
96 174 195.059
96 198 174.201
97 45 485.083
97 48 729.086
97 55 438.091
97 71 250.146
97 93 462.014
97 140 466.79
97 158 2265.55
98 15 117.995
98 67 146.506
98 92 390.662
98 107 265.161
98 123 104.675
98 145 143.074
98 153 165.566
98 154 103.677
98 172 134.082
99 0 83.1149
99 12 130.961
99 44 255.467
99 54 64.6639
99 88 98.1781
99 98 103.122
99 109 68.9644
99 175 66.4887
100 4 68.6987
100 27 112.784
100 33 76.2381
100 62 73.7514
100 117 125.726
100 177 74.1776
100 185 82.4457
101 16 328.382
101 18 249.083
101 43 317.495
101 64 285.023
101 78 294.956
101 112 605.297
101 124 1634.45
101 179 316.162
102 1 300.809
102 9 307.101
102 40 287.463
102 69 1152.47
102 70 586.343
102 134 395.652
103 17 4884.44
103 40 347.38
103 68 273.336
103 110 279.398
103 143 277.381
103 152 1398.39
103 176 428.185
104 31 171.393
104 62 204.475
104 99 260.633
104 185 443.007
105 13 8.31442
105 53 5.49414
105 58 5.40016
105 92 5.76532
105 97 49.7501
105 102 6.32967
105 105 7.231
105 107 5.49383
105 159 7.10792
105 164 5.69963
105 182 16.2266
106 0 100.293
106 12 213.839
106 44 184.703
106 54 211.902
106 56 116.392
106 88 277.824
106 98 112.485
106 109 93.1721
106 113 130.866
107 16 216.375
107 34 600.379
107 60 256.071
107 78 213.872
107 166 358.049
107 191 637.471
108 45 49.7801
108 48 54.9399
108 71 57.0318
108 93 119.275
108 102 49.5932
108 105 44.4323
108 140 144.057
108 158 55.5993
109 6 75.7379
109 15 86.0074
109 49 66.3648
109 116 68.4248
109 169 90.9145
109 172 77.4225
110 1 940.887
110 8 287.015
110 152 235.809
111 29 22.2386
111 41 22.4598
111 68 58.8924
111 110 28.9661
111 122 93.3685
111 139 68.264
111 148 22.9322
111 176 26.3335
112 19 225.051
112 26 408.654
112 81 234.891
112 126 281.234
112 171 216.593
112 174 196.483
112 196 227.103
113 63 98.1221
113 72 110.595
113 89 292.788
113 142 84.8696
113 161 112.42
113 171 144.426
113 174 144.225
114 19 3.56911
114 26 3.98244
114 126 2.88778
114 171 2.51331
114 174 2.55317
115 5 88.4641
115 22 155.117
115 27 160.024
115 33 276.964
115 85 91.8676
115 96 129.79
115 101 202.621
115 117 244.295
115 149 89.3245
115 160 170.221
115 170 136.407
115 177 132.433
116 67 172.039
116 92 460.793
116 107 453.528
116 123 118.01
116 145 112.195
116 153 135.252
116 159 102.025
116 172 104.554
117 1 177.841
117 40 121.315
117 69 466.728
117 70 176.233
117 134 147.774
118 5 343.949
118 51 718.644
118 61 1047.46
118 118 247.371
118 157 459.963
119 19 51.0431
119 30 52.5892
119 49 143.95
119 63 62.6639
119 72 51.9363
119 198 106.147
120 0 900.475
120 12 395.71
120 44 203.041
120 59 190.536
120 88 363.276
120 98 638.44
120 109 1369.52
121 7 198.331
121 95 724.906
121 119 130.078
121 141 171.234
121 146 146.168
121 168 325.545
121 181 176.03
122 39 277.715
122 40 220.101
122 83 285.748
122 115 565.444
122 147 229.739
122 148 209.021
122 194 1507.36
123 37 513.08
123 50 404.782
123 85 256.25
123 94 917.456
123 100 310.246
123 108 372.596
123 135 548.473
123 137 756.694
123 192 415.012
124 19 76.268
124 26 171.123
124 81 94.1064
124 82 77.9975
124 89 129.406
124 142 81.1416
124 171 255.268
124 174 132.896
124 196 82.9156
125 17 585.647
125 40 715.067
125 68 256.813
125 115 296.992
125 152 813.971
125 176 264.516
126 24 505.024
126 36 160.752
126 47 256.212
126 151 108.39
126 186 99.5358
126 199 103.685
127 5 463.176
127 37 242.422
127 50 268.919
127 51 393.145
127 61 405.823
127 65 478.597
127 85 383.8
127 96 253.468
127 100 369.238
127 118 294.46
127 157 363.987
127 160 270.365
128 20 874.574
128 25 555.905
128 35 436.965
128 59 267.171
128 142 238.936
128 175 497.331
128 189 188.024
129 29 248.497
129 39 285.805
129 40 249.515
129 83 335.318
129 115 567.076
129 148 399.253
129 156 264.812
129 194 649.668
130 41 532.273
130 68 294.773
130 76 275.18
130 110 514.417
130 122 404.946
130 139 315.503
130 163 367.222
130 176 321.105
131 19 1029.52
131 26 298.361
131 30 329.103
131 49 356.832
131 63 291.498
131 162 297.988
131 174 266.273
131 198 482.702
132 16 201.192
132 78 219.552
132 106 1002.26
132 179 304.361
133 1 49.9389
133 17 51.567
133 40 112.909
133 69 49.9384
133 70 52.4971
133 115 47.3802
133 152 67.5703
134 30 158.788
134 131 171.609
134 162 383.099
134 193 514.696
134 195 161.368
135 20 16.6345
135 25 22.1056
135 35 16.4594
135 42 43.927
135 81 19.34
135 82 67.5972
135 142 25.9319
135 175 16.2013
135 178 27.5643
135 196 18.1199
136 8 15.0074
136 26 14.2528
136 81 16.3505
136 84 13.2639
136 126 29.5759
136 196 17.0083
137 47 238.427
137 129 267.021
137 132 233.941
137 151 262.775
137 190 290.307
137 199 299.086
138 29 364.949
138 87 1805.85
138 90 677.41
138 120 321.922
138 130 623.438
138 139 231.222
139 1 182.012
139 9 174.456
139 69 1709.74
139 70 251.554
139 134 324.346
140 50 126.741
140 65 145.076
140 69 79.2858
140 100 63.0663
140 118 66.7422
140 134 92.3438
140 135 92.8697
141 6 152.322
141 15 227.453
141 49 155.599
141 145 153.389
141 153 155.145
141 154 152.164
141 169 151.131
141 172 209.889
142 15 300.332
142 67 197.611
142 79 182.046
142 92 451.86
142 107 307.214
142 145 405.62
142 153 297.883
142 154 185.796
142 172 359.938
143 106 226.797
143 179 97.8614
144 31 218.365
144 99 995.571
144 114 221.767
144 185 220.093
144 190 246.958
145 9 419.383
145 38 287.023
145 65 323.238
145 69 300.173
145 70 316.6
145 118 741.853
145 134 815.286
145 157 324.985
146 1 224.665
146 69 113.589
146 193 106.067
147 1 72.8998
147 9 72.3141
147 40 83.1277
147 69 167.697
147 70 146.137
147 134 80.4813
148 5 23.8096
148 22 19.9391
148 33 14.8831
148 37 13.3013
148 51 13.5694
148 61 11.9097
148 85 28.7502
148 96 27.2628
148 100 19.3307
148 101 21.1565
148 117 11.3152
148 160 37.9326
148 170 16.3264
149 13 217.586
149 53 253.023
149 58 243.53
149 92 192.643
149 97 547.812
149 105 190.253
149 159 191.616
149 182 3806.29
150 29 81.2224
150 90 88.199
150 91 88.7746
150 120 169.612
150 130 97.6027
150 156 263.863
151 13 188.89
151 18 269.923
151 43 212.026
151 45 395.637
151 64 235.93
151 71 723.814
151 93 179.058
151 102 221.66
151 105 186.243
151 140 240.817
151 158 213.895
151 164 306.909
152 9 876.433
152 38 858.32
152 39 317.184
152 70 341.769
152 118 268.635
152 134 293.231
152 147 518.341
153 22 12.3414
153 114 13.233
154 7 365.324
154 52 362.157
154 95 256.636
154 119 1873.45
154 138 280.623
154 168 235.771
155 27 322.847
155 28 281.369
155 33 162.938
155 96 191.723
155 101 286.443
155 117 185.904
155 123 185.692
155 149 278.232
155 160 147.252
155 170 299.593
155 177 563.097
155 184 159.728
156 6 16.5413
156 23 38.8062
156 53 71.5902
156 58 53.8379
156 79 25.4699
156 104 21.774
156 166 17.8524
156 182 22.6073
156 197 33.7747
157 7 314.701
157 52 190.05
157 95 471.384
157 119 377.302
157 138 188.961
157 141 210.41
157 168 274.598
157 181 262.171
158 42 118.447
158 81 313.141
158 82 111.685
158 84 114.202
158 111 241.029
158 178 95.6613
158 196 508.352
159 17 178.48
159 41 266.693
159 68 363.518
159 110 478.155
159 122 298.989
159 139 242.621
159 143 178.058
159 163 224.503
159 176 365.424
160 1 147.277
160 50 147.116
160 94 139.366
160 131 148.164
160 135 208.425
160 137 167.671
160 162 136.462
160 193 185.561
160 195 153.114
161 17 404.762
161 40 240.725
161 41 252.981
161 68 646.697
161 110 412.992
161 122 282.673
161 139 262.202
161 143 239.522
161 152 317.186
161 163 243.824
161 176 630.042
162 6 229.945
162 15 362.317
162 116 179.643
162 145 219.595
162 153 179.409
162 169 208.259
162 172 314.053
163 5 182.759
163 22 167.332
163 33 141.986
163 37 172.489
163 51 116.516
163 85 424.362
163 96 569.281
163 100 254.863
163 101 296.314
163 149 119.135
163 160 276.672
163 170 230.788
164 6 281.061
164 15 170.525
164 46 127.609
164 77 125.806
164 79 141.838
164 104 151.383
164 116 213.799
164 145 128.742
164 169 243.755
164 172 146.379
165 4 255.926
165 27 1398.9
165 28 289.157
165 33 297.882
165 101 266.163
165 117 453.379
165 177 619.137
165 184 289.192
166 39 48.0806
166 83 63.8993
166 95 52.6195
166 141 113.181
166 146 52.3687
166 156 72.558
166 181 93.8805
167 8 27.0994
167 17 110.139
167 40 26.9273
167 68 26.9722
167 110 33.4848
167 143 35.7055
167 152 62.8491
167 163 26.8306
167 176 55.6538
168 94 226.266
168 108 227.171
168 131 181.749
168 135 170.001
168 137 340.676
168 154 128.201
168 162 119.172
168 193 144.998
168 195 201.317
169 8 18.689
169 81 21.3211
169 84 66.4541
169 111 26.929
169 126 24.0383
169 143 19.5083
169 187 27.6386
169 196 24.3793
170 2 218.356
170 3 165.356
170 125 268.168
170 167 246.228
171 73 114.453
171 129 133.977
171 132 222.393
171 151 138.178
171 186 98.8028
172 81 159.319
172 84 573.503
172 111 261.205
172 126 141.979
172 143 137.879
172 173 131.247
172 187 205.808
172 196 185.585
173 32 33.461
173 38 34.1328
173 52 37.2883
173 118 30.2392
173 136 45.0581
173 138 63.5154
173 157 33.0408
174 42 268.038
174 82 113.35
174 111 130.463
174 178 618.208
174 196 94.5546
175 22 274.311
175 27 352.463
175 28 338.727
175 33 313.785
175 37 293.849
175 85 339.33
175 96 654.089
175 100 293.669
175 101 1451
175 117 302.139
175 123 277.23
175 149 471.617
175 160 352.662
175 170 1596.34
175 177 418.041
175 192 289.742
176 67 294.926
176 92 960.961
176 97 311.829
176 107 1293.68
176 123 235.661
176 145 230.103
176 159 359.653
176 182 261.104
177 6 175.374
177 15 140.378
177 46 119.549
177 77 117.437
177 79 109.474
177 104 117.354
177 116 172.716
177 145 106.151
177 169 274.337
177 172 124.208
178 9 250.574
178 38 378.254
178 118 342.302
178 138 287.217
178 157 306.692
179 10 99.1104
179 31 113.74
179 57 134.833
179 75 370.811
179 133 80.3855
179 165 85.9057
180 16 105.356
180 43 101.234
180 64 113.11
180 78 100.123
180 106 96.373
180 112 106.381
180 124 241.452
180 179 137.98
181 19 98.0758
181 49 96.48
181 63 229.06
181 72 133.278
181 161 80.7261
181 174 83.6288
181 180 66.4666
181 198 98.7213
182 20 414.937
182 25 448.545
182 35 180.597
182 82 205.129
182 89 224.169
182 142 504.053
182 175 597.957
183 5 160.64
183 22 249.779
183 33 181.601
183 51 157.176
183 61 132.069
183 117 134.041
183 160 166.523
184 5 464.8
184 22 223.745
184 51 1403.34
184 61 3566.47
184 65 211.09
184 118 228.214
184 157 412.018
184 160 226.831
185 0 110.01
185 12 142.644
185 20 109.282
185 44 254.8
185 88 115.934
185 89 96.7367
185 98 130.235
185 175 127.441
186 8 296.562
186 126 311.874
186 162 221.027
186 193 216.807
187 32 489.003
187 52 3330.18
187 119 404.011
187 136 462.929
187 138 744.456
188 41 434.761
188 76 1258.49
188 84 266.965
188 110 307.471
188 143 558.864
188 163 759.958
188 173 628.668
188 176 248.361
188 187 521.401
189 8 201.801
189 17 268.017
189 126 126.215
189 143 148.012
189 152 250.795
189 176 154.247
190 4 298.525
190 57 413.098
190 62 396.421
190 75 190.648
190 86 523.529
190 133 251.83
190 155 422.828
190 165 305.573
190 185 223.577
191 6 428.283
191 15 5973.23
191 79 374.977
191 92 257.734
191 104 292.957
191 116 260.868
191 145 872.983
191 153 302.908
191 172 2152.73
192 63 43.5924
192 72 63.2239
192 128 66.9255
192 161 106.224
192 180 77.7153
193 27 399.103
193 28 853.011
193 67 272.974
193 101 246.026
193 123 395.015
193 149 383.365
193 170 269.078
193 177 741.134
193 184 504.682
194 66 186.817
194 95 182.574
194 141 277.712
194 146 901.761
194 168 224.593
194 181 179.594
195 38 249.926
195 118 259.889
195 136 191.256
195 138 238.964
195 157 257.582
196 17 34.3116
196 41 61.6568
196 76 53.7356
196 84 31.3406
196 110 76.2024
196 143 126.835
196 163 91.2601
196 173 39.8648
196 176 70.0079
196 187 53.496
197 54 10.9465
197 56 9.8366
197 72 10.7061
197 113 12.4998
197 128 33.598
197 161 15.4736
197 180 18.6112
198 54 174.252
198 56 190.12
198 113 234.95
198 128 325.314
198 161 145.79
198 167 177.895
198 180 209.32
199 32 23.4467
199 74 41.1388
199 80 66.8422
199 103 29.0113
199 121 27.5963
199 127 26.9684
199 144 30.2899
199 150 63.623
