250 250 1800
1
1
1
1
1
1
1
1
1
1
1
1
1
1
1
1
1
1
1
1
1
1
1
1
1
1
1
1
1
1
1
1
1
1
1
1
1
1
1
1
1
1
1
1
1
1
1
1
1
1
1
1
1
1
1
1
1
1
1
1
1
1
1
1
1
1
1
1
1
1
1
1
1
1
1
1
1
1
1
1
1
1
1
1
1
1
1
1
1
1
1
1
1
1
1
1
1
1
1
1
1
1
1
1
1
1
1
1
1
1
1
1
1
1
1
1
1
1
1
1
1
1
1
1
1
1
1
1
1
1
1
1
1
1
1
1
1
1
1
1
1
1
1
1
1
1
1
1
1
1
1
1
1
1
1
1
1
1
1
1
1
1
1
1
1
1
1
1
1
1
1
1
1
1
1
1
1
1
1
1
1
1
1
1
1
1
1
1
1
1
1
1
1
1
1
1
1
1
1
1
1
1
1
1
1
1
1
1
1
1
1
1
1
1
1
1
1
1
1
1
1
1
1
1
1
1
1
1
1
1
1
1
1
1
1
1
1
1
1
1
1
1
1
1
1
1
1
1
1
1
0 73 76.1613
0 77 93.5193
0 115 317.651
0 157 195.719
0 162 102.15
0 183 210.306
0 226 104.101
0 231 79.47
1 69 362.79
1 70 510.165
1 85 361.767
1 92 297.326
1 106 334.058
1 111 303.596
1 114 295.016
1 140 426.551
1 159 810.424
2 11 1201.79
2 28 181.044
2 30 216.856
2 123 252.277
2 177 193.037
2 186 192.522
2 249 363.137
3 39 165.74
3 151 224.786
3 171 147.697
3 178 170.533
3 185 239.258
3 225 232.681
4 0 306.607
4 60 115.132
4 101 102.466
4 134 106.688
4 152 114.49
4 176 112.739
4 179 117.572
4 221 251.622
4 224 149.297
4 235 250.152
4 240 460.687
5 29 569.165
5 51 289.343
5 69 232.663
5 112 664.013
5 144 358.252
5 167 633.069
5 230 456.334
6 31 63.9283
6 65 86.1579
6 90 146.787
6 133 60.9402
6 149 89.5708
6 164 104.209
6 165 121.492
6 229 66.4495
6 248 53.8566
7 111 314.439
7 114 280.429
8 20 148.396
8 54 185.243
8 98 126.12
8 116 123.564
8 136 708.793
8 213 170.151
8 215 128.991
8 241 194.214
9 31 61.5168
9 48 57.716
9 67 95.3616
9 75 699.01
9 78 56.051
9 93 89.044
9 166 108.976
9 168 54.0508
9 194 95.9076
10 42 402.598
10 65 317.052
10 90 226.165
10 128 184.232
10 141 160.051
10 164 179.134
11 16 341.205
11 18 199.874
11 143 581.81
11 158 857.95
11 188 566.961
12 32 408.551
12 39 274.802
12 171 367.517
12 178 317.607
12 185 248.399
12 202 821.981
12 225 267.643
13 40 154.809
13 58 154.808
13 96 77.0765
13 134 79.6276
13 156 78.6511
13 176 106.364
14 21 542.103
14 64 624.681
14 72 570.515
14 105 293.428
14 172 340.349
14 200 464.945
15 69 615.181
15 70 722.621
15 85 778.163
15 111 440.101
15 114 334.958
15 140 315.748
15 159 1056.21
15 230 301.692
16 22 265.608
16 35 204.068
16 66 312.039
16 88 316.361
16 119 788.08
16 124 434.541
16 175 209.135
16 232 355.923
16 245 304.197
17 29 236.619
17 69 327.525
17 70 370.852
17 85 259.097
17 106 1008.31
17 112 308.316
17 140 520.67
17 144 199.868
17 159 269.527
17 230 347.097
18 96 421.685
18 135 272.518
18 156 358.816
19 1 213.178
19 2 290.777
19 5 291.777
19 26 271.167
19 37 484.119
19 46 305.766
19 62 192.145
19 121 207.017
19 174 255.053
19 196 262.569
19 217 270.776
20 21 352.359
20 64 143.656
20 72 81.9656
21 237 42.7529
22 29 306.037
22 51 364.777
22 112 462.705
22 144 521.619
22 167 1720.97
22 203 203.154
22 230 305.744
23 77 115.396
23 141 90.8459
23 142 107.725
23 157 103.447
23 162 118.673
23 187 89.0853
23 205 87.7319
24 59 159.545
24 99 83.0268
24 109 121.582
24 138 85.5782
24 151 110.878
24 154 99.6448
24 170 75.5936
24 220 103.989
25 32 113.556
25 87 110.2
25 94 114.8
25 117 89.3639
25 171 107.443
25 178 100.165
25 202 87.4694
25 223 84.9236
26 32 29.9927
26 87 18.0138
26 94 19.6552
26 171 25.9988
26 178 22.6882
26 202 21.4891
27 31 230.163
27 48 46.9122
27 65 41.3673
27 67 153.699
27 75 53.9738
27 90 51.3327
27 133 41.165
27 165 63.274
27 166 93.5308
27 194 41.701
27 229 46.4406
28 111 248.076
28 114 421.946
28 116 215.785
28 237 233.689
29 16 277.77
29 18 564.835
29 36 261.561
29 47 385.699
29 81 424.645
29 120 379.826
29 216 287.938
29 228 280.092
30 7 1966.66
30 23 443.655
30 24 389.086
30 48 784.96
30 52 515.704
30 55 260.376
30 56 330.619
30 67 267.24
30 80 253.964
30 84 330.375
30 161 265.662
30 166 297.717
30 194 289.595
30 195 849.282
31 49 436.622
31 99 354.245
31 100 608.155
31 129 460.992
31 170 308.548
31 210 271.887
31 247 905.396
32 59 656.37
32 99 432.183
32 109 410.042
32 138 311.309
32 154 933.747
32 170 464.526
32 210 310.212
32 220 1236.48
33 1 114.355
33 2 183.919
33 5 176.044
33 26 188.967
33 37 285.515
33 46 161.094
33 121 120.062
33 174 104.105
33 196 179.997
33 217 189.255
34 99 404.47
34 100 329.416
34 151 322.892
34 170 267.596
34 220 213.573
35 14 85.5234
35 53 104.876
35 102 128.56
35 104 86.6362
35 107 84.2307
35 184 125.275
35 227 90.1319
36 4 451.962
36 25 835.296
36 38 394.478
36 43 417.786
36 76 1061.75
36 110 474.552
36 125 262.443
36 127 353.239
36 197 423.914
36 201 1007.4
36 206 857.851
37 11 454.232
37 28 483.041
37 30 253.051
37 33 175.688
37 83 174.453
37 123 681.287
37 139 220.68
37 177 401.617
37 186 177.686
37 244 286.77
37 249 326.469
38 141 290.425
38 149 215.195
38 153 536.933
38 164 377.559
38 182 516.569
38 198 256.398
38 207 241.81
39 0 225.27
39 19 319.673
39 176 215.567
39 224 161.975
40 53 107.686
40 104 248.091
40 223 110.555
40 236 229.353
41 32 548.596
41 171 337.126
41 178 266.183
41 202 746.25
42 22 315.706
42 42 432.45
42 44 564.189
42 65 318.506
42 80 575.169
42 84 616.287
42 175 408.153
43 4 26.5623
43 127 42.8247
43 153 31.6609
43 182 33.858
43 197 30.5067
43 198 28.413
43 207 36.0262
44 3 213.25
44 63 278.865
44 79 401.022
44 89 255.573
44 113 266.324
44 142 145.278
44 146 261.484
44 187 216.603
45 68 261.479
45 75 520.417
45 78 676.645
45 93 686.263
45 130 401.979
45 166 275.55
45 168 293.274
45 194 441.315
45 239 345.027
46 77 260.002
46 89 111.173
46 142 202.196
46 157 146.729
46 162 113.407
46 187 136.536
46 205 226.359
46 226 121.669
46 231 135.578
47 62 252.315
47 71 183.778
47 86 617.857
47 174 248.417
47 199 177.69
47 222 190.769
48 36 46.5269
48 101 207.813
48 126 105.711
48 152 144.965
48 179 70.67
48 189 91.3126
48 219 85.9103
48 228 53.2188
48 240 51.3301
49 41 439.657
49 160 320.598
49 190 1384.12
50 12 276.905
50 25 151.722
50 43 259.446
50 45 134.648
50 135 149.192
50 201 123.417
50 209 204.939
50 233 154.994
51 141 475.287
51 153 319.851
51 162 513.445
51 182 288.945
51 198 598.363
51 207 444.636
52 14 385.851
52 20 344.32
52 54 265.824
52 91 215.552
52 98 227.285
52 102 244.738
52 184 256.095
52 204 551.79
52 213 200.313
52 214 621.195
52 215 372.396
52 227 281.351
53 69 50.1348
53 70 49.1018
53 85 62.8639
53 111 89.2868
53 114 51.5747
53 159 57.0567
54 111 507.132
54 114 486.243
55 31 251.629
55 65 404.544
55 67 162.563
55 90 1769.1
55 133 165.358
55 149 194.962
55 164 213.538
55 165 369.661
55 229 183.373
56 4 432.8
56 6 378.238
56 25 314.786
56 38 946.458
56 76 583.678
56 110 563.872
56 118 433.379
56 125 648.525
56 133 308.316
56 197 367.906
56 201 465.285
56 206 895.987
56 238 617.503
56 248 370.548
57 77 474.299
57 115 312.169
57 157 310.029
57 205 565.81
57 226 581.686
57 231 1092.77
58 6 479.235
58 118 497.328
58 125 339.194
58 169 436.598
58 238 343.121
59 31 20.0746
59 65 7.49958
59 67 8.65684
59 90 10.862
59 133 9.62607
59 149 7.72097
59 164 6.54602
59 165 29.3255
59 166 7.16215
59 229 11.5972
59 248 7.90423
60 11 151.04
60 28 160.378
60 30 193.962
60 33 322.328
60 83 325.335
60 123 290.16
60 139 684.246
60 177 412.048
60 244 327.293
60 249 178.319
61 8 306.559
61 122 460.7
61 163 316.558
62 77 457.457
62 115 95.8235
62 142 97.1309
62 157 131.611
62 162 79.5691
62 205 168.428
62 226 120.902
62 231 139.73
63 6 320.682
63 38 92.9132
63 118 756.493
63 125 243.334
63 133 94.7741
63 169 87.0457
63 206 81.9927
63 229 86.4142
63 238 256.423
63 248 107.406
64 10 425.125
64 68 120.236
64 97 114.554
64 130 96.0699
64 239 125.271
65 0 4337.65
65 60 304.13
65 134 388.429
65 152 280.913
65 176 508.167
65 221 377.06
65 224 559.077
65 235 497.751
65 240 506.196
66 2 160.071
66 5 157.256
66 26 227.091
66 73 156.34
66 115 334.058
66 121 165.631
66 157 193.358
66 160 169.627
66 183 806.488
66 196 225.017
66 208 160.223
66 217 224.514
66 226 220.079
66 231 165.207
67 2 2184.45
67 5 331.01
67 26 616.421
67 37 352.823
67 46 275.592
67 73 325.288
67 121 927.591
67 155 287.152
67 183 270.785
67 196 1163.59
67 208 434.308
67 217 968.946
68 7 779.103
68 23 310.335
68 24 187.422
68 31 167.566
68 48 2393.16
68 52 230.374
68 67 261.653
68 75 196.917
68 84 169.121
68 93 213.357
68 161 196.485
68 166 324.705
68 194 311.312
68 195 446.907
69 4 74.2298
69 25 409.04
69 43 407.49
69 45 81.3027
69 76 140.112
69 110 74.2114
69 127 85.7632
69 197 73.7992
69 201 179.085
69 206 106.584
69 233 95.3112
70 33 130.928
70 147 145.979
71 51 805.23
71 112 172.667
71 144 420.464
71 167 481.298
71 203 191.915
71 230 135.629
72 21 720.897
72 64 281.415
72 72 275.507
73 53 203.64
73 104 629.131
73 223 155.744
73 236 270.078
74 33 188.362
74 83 194.407
74 136 402.25
74 139 192.516
74 213 170.191
75 141 86.018
75 153 773.617
75 164 73.6708
75 182 331.289
75 198 126.371
75 207 120.895
76 27 292.308
76 73 210.264
76 137 320.599
76 155 274.183
76 208 175.221
77 70 267.322
77 92 417.861
77 106 294.105
77 140 425.054
77 159 304.833
78 16 909.139
78 18 237.315
78 143 184.746
78 158 243.284
78 180 190.288
78 188 671.483
79 4 6.66027
79 25 8.69908
79 43 7.39835
79 127 19.0148
79 191 6.3261
79 197 7.25245
79 233 11.7844
80 8 25.6556
80 61 28.9348
80 62 28.6289
80 71 89.554
80 86 32.4408
80 122 50.9949
80 163 29.4802
80 199 27.8963
80 222 336.426
81 111 92.064
81 114 120.22
81 159 41.1288
82 86 25.0974
82 147 17.7977
83 11 216.653
83 28 360.636
83 30 187.4
83 33 192.586
83 83 193.221
83 123 370.825
83 139 333.42
83 177 340.669
83 243 179.37
83 244 779.158
83 249 202.148
84 9 778.674
84 15 307.681
84 57 510.578
84 87 416.757
84 94 339.128
84 117 280.976
84 120 235.893
84 132 805.689
84 145 343.694
84 242 727.006
85 4 82.8049
85 12 80.8019
85 25 408.573
85 43 361.28
85 76 125.115
85 110 80.4384
85 127 111.727
85 197 84.2071
85 201 147.411
85 206 102.66
85 233 134.742
86 2 242.121
86 5 235.328
86 11 190.333
86 26 215.434
86 37 350.951
86 46 257.103
86 62 202.476
86 174 275.956
86 196 212.213
86 217 216.583
87 53 412.947
87 59 294.075
87 91 280.518
87 107 569.11
87 109 414.149
87 138 663.789
87 148 301.905
87 184 248.261
88 77 199.973
88 79 270.37
88 89 453.619
88 142 1016.95
88 187 565.318
88 205 358.275
89 33 36.9476
89 83 36.8627
89 237 39.6487
90 68 42.0702
90 74 213.332
90 82 108.69
90 131 122.943
90 193 86.0899
90 212 100.018
90 234 296.33
91 11 88.5171
91 28 140.647
91 30 73.2135
91 33 68.7265
91 83 68.7222
91 123 164.579
91 139 108.105
91 177 138.645
91 243 59.7914
91 244 189.021
91 249 81.096
92 10 135.978
92 50 81.7975
92 68 70.7909
92 97 124.768
92 239 93.9881
93 65 138.921
93 90 141.459
93 141 179.464
93 149 160.253
93 153 285.862
93 164 308.768
93 182 285.978
93 198 152.624
93 207 145.472
94 0 93.6292
94 60 138.61
94 134 138.155
94 176 91.2459
94 221 64.6697
94 224 270.277
94 235 149.807
94 240 64.9561
95 49 434.611
95 99 259.149
95 100 320.021
95 129 547.444
95 170 247.464
95 210 241.391
95 247 2840.69
96 95 309.465
96 108 930.116
96 211 334.131
96 246 281.234
97 1 63.2339
97 41 1100.49
97 160 248.243
97 190 99.5719
97 192 115.256
98 2 278.694
98 11 500.087
98 28 234.204
98 30 209.146
98 121 240.466
98 123 233.388
98 177 193.307
98 186 212.711
98 196 192.765
98 249 281.472
99 0 707.794
99 19 253.618
99 134 273.518
99 176 417.708
99 221 221.521
99 224 344.656
99 235 271.185
99 240 282.458
100 20 225.029
100 54 282.263
100 98 379.11
100 103 253.19
100 136 331.314
100 139 234.837
100 213 618.2
100 214 202.167
100 244 205.833
101 13 415.629
101 68 292.809
101 75 358.543
101 78 718.382
101 82 271.149
101 93 339.771
101 130 430.141
101 168 502.066
101 194 272.098
101 239 280.335
102 42 296.004
102 128 331.34
102 141 1023.38
102 153 380.2
102 164 263.191
102 182 341.564
102 198 328.761
102 207 278.376
103 99 187.241
103 100 535.748
103 151 136.532
103 170 138.042
103 247 144.84
104 40 46.4754
104 45 29.0602
104 58 91.183
104 118 29.9919
104 125 35.36
104 156 31.5615
105 6 158.036
105 31 138.825
105 38 104.262
105 90 99.1021
105 118 124.632
105 133 480.346
105 149 138.332
105 165 193.808
105 229 648.604
105 238 131.097
105 248 300.009
106 95 110.189
106 108 1028.67
106 211 169.199
106 216 103.647
106 246 137.848
107 16 468.272
107 18 258.809
107 158 170.261
107 180 262.082
107 188 309.805
108 60 622.678
108 134 389.6
108 176 243.594
108 223 268.308
108 224 344.459
108 235 289.33
108 236 277.843
109 21 512.227
109 64 296.598
109 72 171.808
109 200 150.424
110 4 235.874
110 25 247.625
110 127 840.743
110 197 267.102
110 233 306.405
111 111 345.69
111 114 589.979
111 159 190.245
112 18 47.9573
112 36 44.4978
112 47 67.7235
112 81 41.9247
112 120 34.5072
112 211 33.3702
112 216 58.2975
112 228 39.7262
112 246 38.6167
113 16 291.806
113 18 134.218
113 143 165.268
113 158 258.905
113 180 139.298
113 188 387.259
114 12 36.6192
114 98 13.5683
114 103 20.2307
114 135 13.528
114 204 15.4814
114 209 15.8689
115 147 245.659
116 41 213.541
116 77 290.35
116 115 437.965
116 157 292.65
116 160 293.94
116 183 368.993
116 226 985.885
116 231 506.454
117 53 783.565
117 59 221.315
117 104 276.124
117 107 193.696
117 109 292.757
117 138 292.923
118 7 68.7402
118 31 121.728
118 48 76.2887
118 65 135.316
118 67 99.5791
118 84 70.2801
118 90 146.788
118 165 89.1996
118 166 84.9378
119 6 65.1602
119 40 59.2656
119 58 87.5856
119 118 80.3053
119 125 91.8614
119 238 67.5457
120 41 292.038
120 160 321.984
120 190 340.304
120 226 234.341
120 231 268.303
121 4 334.666
121 38 319.123
121 90 209.911
121 110 334.826
121 133 315.466
121 149 1150.97
121 153 219.447
121 164 498.818
121 165 269.137
121 182 241.784
121 197 316.544
121 229 297.979
121 248 325.493
122 47 202.509
122 81 369.2
122 101 185.105
122 152 211.068
122 179 346.736
122 221 298.53
122 228 302.971
122 240 249.651
123 36 156.866
123 101 651.311
123 126 396.884
123 152 429.534
123 179 219.365
123 189 352.079
123 219 328.565
123 228 172.797
123 240 152.143
124 2 448.362
124 26 300.536
124 27 423.443
124 73 1069.97
124 121 789.105
124 137 467.423
124 155 690.225
124 183 304.792
124 196 392.758
124 208 2515.49
124 217 362.515
125 7 316.623
125 17 291.387
125 23 677.757
125 24 502.977
125 48 280.371
125 50 402.525
125 52 528.449
125 55 285.727
125 56 308.791
125 72 305.145
125 97 327.225
125 105 301.737
125 161 680.916
125 172 413.613
125 194 267.172
125 195 466.872
125 200 343.611
126 13 91.3845
126 19 93.0618
126 168 77.7489
126 169 122.48
126 181 103.482
126 218 110.333
127 180 242.161
127 216 335.175
128 7 165.908
128 31 124.072
128 48 172.404
128 65 150.732
128 67 138.044
128 80 112.002
128 84 177.133
128 90 131.941
128 166 132.884
128 195 114.718
129 41 675.396
129 160 477.297
129 190 2915.98
129 192 318.711
130 92 175.59
130 140 82.9293
130 154 78.782
130 170 90.5766
130 210 156.781
130 220 79.5242
131 7 278.54
131 17 265.183
131 23 569.728
131 24 428.613
131 50 424.861
131 52 441.68
131 55 257.437
131 56 274.331
131 72 295.013
131 97 331.235
131 105 307.927
131 161 660.785
131 172 426.105
131 195 397.696
131 200 330.509
132 33 258.369
132 83 260.97
132 136 207.417
132 237 223.658
133 39 265.836
133 151 224.734
133 171 182.74
133 178 213.132
133 185 565.719
133 202 148.952
133 225 576.886
134 11 232.353
134 28 271.69
134 30 271.483
134 33 428.845
134 83 435.866
134 123 417.39
134 139 1673.54
134 177 521.753
134 244 725.335
134 249 258.627
135 237 239.039
136 96 142.902
136 156 123.762
137 6 179.214
137 118 184.501
137 125 138.125
137 169 249.787
137 238 136.794
138 53 42.8474
138 104 56.3525
138 178 39.4389
139 12 175.553
139 25 116.009
139 43 176.746
139 45 158.571
139 135 198.48
139 201 106.874
139 209 329.569
140 40 375.93
140 45 169.663
140 58 912.493
140 96 192.036
140 125 168.275
140 156 211.823
141 27 135.95
141 73 140.398
141 127 133.963
141 137 210.695
141 155 155.456
141 198 141.575
141 207 170.263
142 13 168.548
142 68 229.887
142 74 407.845
142 78 190.102
142 82 628.741
142 130 208.591
142 131 268.309
142 193 235.113
142 212 234.08
142 234 597.225
143 180 2.48068
143 216 2.5877
144 4 356.873
144 25 78.2321
144 38 261.087
144 76 101.83
144 110 2291.46
144 125 72.9158
144 127 78.8246
144 133 70.4793
144 149 86.2253
144 197 214.776
144 201 88.2342
144 206 133.47
144 238 80.0395
144 248 81.1972
145 34 109.032
145 95 112.78
145 108 77.4656
146 190 259.597
146 205 250.57
146 226 228.16
146 231 287.913
147 95 149.218
147 101 146.8
147 126 403.949
147 152 129.387
147 181 165.623
147 189 182.939
147 218 164.499
147 219 221.464
148 62 279.037
148 71 290.134
148 86 563.563
148 222 348.653
149 79 137.416
149 113 118.005
149 128 118.934
149 141 146.903
149 142 131.015
149 146 112.995
149 187 126.679
150 36 341.408
150 47 302.668
150 108 543.988
150 211 525.209
150 216 717.269
150 246 510.521
151 31 119.678
151 42 195.525
151 65 608.74
151 80 117.253
151 84 155.083
151 90 244.169
151 165 121.953
152 91 92.1659
152 92 196.63
152 148 108.866
152 154 95.0991
153 73 98.6061
153 137 127.002
153 155 94.6742
153 157 96.7784
153 162 199.325
153 198 120.771
153 207 126.156
154 62 337.995
154 71 310.282
154 86 983.611
154 174 301.431
154 222 350.767
155 77 269.481
155 89 301.68
155 142 406.855
155 187 313.84
155 205 720.899
155 231 266.911
156 53 182.777
156 59 64.6896
156 104 67.0171
156 107 59.4794
156 109 89.469
156 138 94.321
157 17 7.05989
157 22 7.14975
157 35 13.6071
157 55 7.21282
157 56 6.1602
157 66 35.8952
157 80 5.37885
157 88 12.6002
157 119 9.03702
157 124 10.0357
157 173 8.91451
157 175 6.10845
157 232 6.3874
158 40 16.4987
158 58 10.5389
158 96 22.6619
158 134 13.3417
158 156 16.2615
158 176 10.7726
158 224 9.86979
159 53 275.44
159 104 320.835
159 236 168.991
160 6 220.098
160 31 194.273
160 67 157.542
160 75 150.032
160 118 174.59
160 133 228.199
160 165 178.733
160 169 169.626
160 229 243.831
160 238 160.091
160 248 203.845
161 4 89.1651
161 25 173.436
161 38 61.916
161 43 82.704
161 76 95.5577
161 110 81.878
161 127 109.163
161 197 92.7394
161 201 98.796
161 206 88.1153
161 233 61.2477
162 22 185.399
162 66 136.798
162 88 121.049
162 119 191.37
162 124 144.275
162 175 148.657
162 232 390.993
162 245 562.064
163 53 251.955
163 104 335.461
163 236 314.046
164 28 388.05
164 103 260.428
164 123 259.134
164 139 302.761
164 191 344.636
164 243 591.027
164 244 540.782
165 20 221.461
165 54 255.235
165 98 239.285
165 103 105.602
165 136 80.2076
165 204 118.703
165 213 221.055
165 214 231.773
165 215 139.663
166 53 260.27
166 104 400.32
166 236 274.506
167 12 156.66
167 14 152.634
167 45 144.833
167 102 148.84
167 135 476.563
167 204 140.47
167 209 383.302
167 227 200.368
168 19 26.9174
168 126 14.8299
168 181 42.3208
168 218 56.8398
169 237 310.811
170 22 81.6025
170 119 74.8393
170 175 71.3091
170 232 141.475
170 245 424.086
171 20 221.114
171 54 244.045
171 98 648.114
171 103 1113.54
171 204 238.467
171 213 432.655
171 214 253.857
172 11 157.613
172 27 243.588
172 28 395.521
172 123 144.209
172 155 149.374
172 191 145.683
172 208 139.092
172 243 178.343
172 244 149.924
173 32 2016.94
173 87 290.408
173 94 329.702
173 171 516.377
173 178 416.646
173 202 645.395
174 1 228.042
174 5 146.57
174 8 81.0392
174 26 79.3511
174 37 136.828
174 46 240.96
174 61 151.799
174 62 121.28
174 163 81.1613
174 174 125.459
174 192 109.116
174 199 174.232
175 4 246.996
175 38 207.784
175 110 233.798
175 133 191.698
175 149 517.091
175 153 193.204
175 164 439.538
175 165 177.768
175 182 217.183
175 197 243.715
175 229 184.146
175 248 195.971
176 17 10.1801
176 35 22.2873
176 55 8.85532
176 56 6.96971
176 66 11.1374
176 72 6.14305
176 88 12.502
176 119 7.07549
176 124 8.5889
176 173 15.2005
176 200 6.33368
177 11 138.14
177 28 297.655
177 123 176.809
177 139 183.762
177 177 163.206
177 191 156.56
177 243 238.113
177 244 382.717
178 9 378.279
178 15 256.488
178 57 501.693
178 87 152.923
178 94 141.559
178 132 246.509
178 145 284.434
178 242 202.068
179 49 144.18
179 106 104.175
179 129 207.334
179 170 107.008
179 210 149.985
179 247 168.83
180 11 17.5034
180 28 13.8864
180 30 30.8073
180 33 22.0881
180 83 21.5514
180 123 42.486
180 139 20.6108
180 177 124.666
180 186 15.2303
180 244 17.1704
180 249 26.0088
181 42 293.75
181 44 141.83
181 65 206.078
181 80 120.056
181 84 145.729
181 90 129.694
181 128 108.882
182 12 209.23
182 98 205.567
182 103 329.161
182 191 296.873
182 243 417.018
182 244 226.463
183 77 66.7314
183 205 125.854
183 226 66.0483
183 231 89.2157
184 1 115.602
184 41 569.324
184 150 115.079
184 160 235.329
184 190 196.748
184 192 224.411
185 18 367.902
185 36 350.58
185 47 466.248
185 81 286.147
185 211 291.836
185 216 681.39
185 228 286.275
185 246 335.12
186 7 281.496
186 23 346.691
186 48 326.314
186 67 279.054
186 75 446.909
186 78 294.089
186 93 1753.63
186 130 241.234
186 161 346.067
186 166 345.643
186 194 1719.65
186 195 300.569
186 239 291.364
187 127 14.3083
187 137 18.9003
187 155 14.4764
187 162 14.0262
187 198 17.7802
187 207 22.1323
188 53 331.753
188 104 528.102
188 236 237.373
189 40 711.905
189 45 469.798
189 58 797.997
189 96 661.282
189 156 987.788
190 1 42.7909
190 2 47.2307
190 5 56.4433
190 26 47.5988
190 37 97.362
190 46 63.4576
190 62 41.6863
190 174 57.6731
190 196 44.7418
190 199 37.1552
190 217 46.2924
191 50 386.561
191 64 308.791
191 72 236.778
191 97 242.311
191 105 786.73
191 172 375.762
192 104 33.5771
192 171 40.6986
192 178 44.6432
192 223 35.3294
192 236 35.9284
193 141 263.272
193 153 653.006
193 164 168.924
193 182 453.953
193 198 310.694
193 207 266.948
194 79 385.339
194 89 608.311
194 113 209.172
194 142 1576.86
194 146 201.908
194 187 1291.14
194 205 275.894
195 0 295.36
195 60 407.388
195 134 647.886
195 176 351.931
195 221 191.657
195 224 1266.5
195 235 385.944
195 240 195.532
196 53 170.959
196 59 158.095
196 91 181.332
196 107 430.348
196 109 216.357
196 138 381.662
196 148 201.753
196 184 133.742
197 51 587.371
197 144 544.722
197 167 331.892
197 203 1844.92
198 49 120.041
198 99 222.798
198 100 200.567
198 129 138.975
198 170 182.133
198 210 138.582
198 220 93.937
198 247 247.279
199 42 405.064
199 44 338.081
199 65 483.33
199 80 415.27
199 84 651.47
199 90 326.774
199 175 281.942
200 141 17.8166
200 153 30.2516
200 162 18.2623
200 182 27.756
200 198 68.0064
200 207 317.964
201 5 14.9554
201 26 18.229
201 41 16.0103
201 115 23.0848
201 157 15.134
201 160 22.4222
201 183 30.5012
201 192 15.1172
201 196 16.4586
201 217 16.8021
201 226 22.6462
201 231 17.19
202 127 349.296
202 191 183.157
202 233 257.896
203 2 71.0022
203 5 43.2682
203 11 36.5033
203 26 48.8134
203 37 59.9388
203 46 41.8229
203 121 46.4749
203 174 34.6264
203 196 52.5505
203 217 52.8444
204 92 636.275
204 106 177.72
204 140 229.595
205 79 84.3291
205 141 89.0682
205 142 93.4267
205 162 73.0829
205 187 84.6965
206 19 506.563
206 169 214.585
206 181 204.071
206 218 228.124
207 7 208.084
207 17 220.607
207 22 341.195
207 24 224.238
207 35 221.068
207 44 255.846
207 52 223.434
207 55 273.846
207 56 320.475
207 66 256.393
207 80 1470.55
207 84 566.666
207 173 215.091
207 175 418.591
207 232 215.102
208 7 351.945
208 23 360.37
208 48 433.29
208 67 445.347
208 75 840.679
208 78 327.863
208 93 1050.79
208 161 329.899
208 166 587.03
208 194 2009.21
208 195 343.614
208 239 288.345
209 15 281.331
209 32 351.864
209 57 244.35
209 87 252.549
209 94 306.757
209 132 207.539
209 145 307.706
210 77 221.732
210 115 61.4758
210 157 115.035
210 162 47.2336
210 183 40.2004
210 205 47.0024
210 226 61.8236
210 231 58.5168
211 41 385.314
211 160 643.793
211 190 203.95
211 192 158.795
211 226 143.866
211 231 141.241
212 21 359.067
212 88 279.446
213 6 30.7451
213 118 31.2477
213 125 15.1718
213 133 9.72485
213 169 10.9579
213 229 9.11078
213 238 17.2587
213 248 10.5204
214 10 65.5829
214 68 87.7
214 75 65.6993
214 78 168.279
214 93 116.209
214 97 73.1624
214 130 155.008
214 161 67.478
214 194 78.3963
214 239 198.164
215 47 226.047
215 81 318.384
215 101 254.215
215 152 299.701
215 179 543.58
215 221 428.138
215 228 365.379
215 235 218.778
215 240 375.541
216 20 129.061
216 54 158.791
216 98 203.033
216 103 147.811
216 136 214.951
216 139 166.695
216 213 297.768
216 244 140.251
217 51 59.3598
217 106 78.6885
217 112 63.6959
217 140 59.4906
217 144 88.2175
217 167 59.6495
217 203 73.4282
217 230 55.5828
218 7 1862.11
218 23 655.699
218 24 373.269
218 48 2144.34
218 52 472.629
218 56 303.593
218 67 401.12
218 75 321.298
218 84 303.769
218 93 368.088
218 161 378.45
218 166 483.693
218 194 521.07
218 195 1088.44
219 7 247.248
219 23 243.111
219 31 186.224
219 48 312.06
219 67 313.477
219 75 511.487
219 78 198.437
219 93 567.903
219 161 214.612
219 166 428.771
219 194 1319.76
219 195 236.776
220 0 1809.44
220 60 353.511
220 134 519.484
220 176 734.381
220 221 364.661
220 224 803.669
220 235 541.631
220 240 451.284
221 40 147.571
221 58 212.941
221 96 78.3423
221 156 83.2099
221 176 83.8951
222 42 245.521
222 44 74.9532
222 65 57.5729
222 128 135.68
222 141 56.5327
223 11 1047.08
223 28 296.821
223 30 442.524
223 123 425.364
223 177 346.397
223 186 443.676
223 249 736.408
224 7 228.74
224 23 310.547
224 48 253.023
224 75 338.129
224 78 320.08
224 93 1511.15
224 97 255.989
224 130 266.987
224 161 361.032
224 166 256.36
224 194 692.128
224 195 254.604
224 239 354.493
225 1 170.022
225 8 575.656
225 46 154.888
225 61 525.788
225 62 204.372
225 71 247.066
225 122 193.505
225 150 282.531
225 163 674.839
225 174 162.997
225 192 163.239
225 199 326.912
225 222 172.762
226 4 294.819
226 6 319.379
226 25 237.564
226 38 560.531
226 76 441.887
226 110 367.827
226 118 382.456
226 125 661.001
226 133 236.323
226 197 256.318
226 201 358.722
226 206 617.847
226 238 542.152
226 248 282.037
227 3 323.851
227 22 277.961
227 44 270.081
227 63 277.553
227 175 260.542
227 232 407.311
227 245 667.333
228 53 253.737
228 59 215.293
228 104 229.939
228 109 229.687
228 138 192.5
228 151 220.269
228 185 202.174
228 225 198.447
229 70 136.023
229 92 147.214
229 106 337.675
229 140 307.328
230 141 47.3614
230 153 102.29
230 182 96.9024
230 198 134.509
230 207 280.852
231 10 265.159
231 23 243.256
231 50 613.404
231 97 2757.44
231 105 317.081
231 161 388.928
231 172 277.382
231 239 367.62
232 9 137.248
232 15 133.126
232 143 239.182
232 158 149.095
232 242 141.32
233 53 277.912
233 104 370.268
234 49 505.342
234 129 331.869
234 203 184.805
234 247 200.146
235 62 188.107
235 86 312.596
235 147 185.956
235 174 200.537
236 60 108.826
236 117 42.9024
236 134 40.7643
236 221 41.1586
236 223 76.4047
236 224 43.829
236 235 56.1725
236 236 49.1402
237 3 768.27
237 44 239.316
237 63 545.332
237 79 240.778
237 113 394.174
237 146 423.777
237 245 286.527
238 7 161.931
238 17 72.6462
238 23 84.5686
238 24 106.805
238 48 120.031
238 52 124.77
238 55 87.5453
238 56 116.355
238 80 110.678
238 84 161.265
238 195 121.844
239 34 123.333
239 74 167.352
239 82 137.34
239 95 119.356
239 181 131.996
239 212 297.263
239 218 120.01
239 234 129.004
240 3 299.201
240 22 278.222
240 42 399.073
240 44 815.367
240 63 265.117
240 80 260.958
240 113 270.166
240 128 430.927
240 146 276.09
240 175 320.358
240 232 266.261
241 39 393.55
241 151 950.776
241 185 396.859
241 225 348.42
242 77 244.636
242 115 317.114
242 157 540.651
242 162 598.821
242 183 234.155
242 226 193.646
243 60 14.4372
243 104 15.4094
243 223 26.9696
243 236 127.419
244 42 107.044
244 128 114.603
244 141 133.294
244 153 68.0943
244 182 63.7887
245 59 85.1561
245 91 308.215
245 107 275.992
245 109 98.7076
245 138 135.431
245 148 503.134
245 184 86.1157
246 42 344.7
246 128 355.977
246 141 764.79
246 153 389.266
246 164 298.44
246 182 355.379
246 198 315.969
246 207 274.253
247 3 263.506
247 63 312.141
247 79 475.507
247 89 211.295
247 113 518.647
247 128 208.881
247 142 189.828
247 146 455.973
247 187 240.446
248 27 167.367
248 73 273.266
248 121 104.664
248 137 4001.01
248 155 334.817
248 208 169.356
249 17 71.1175
249 22 74.1428
249 35 124.854
249 55 69.9495
249 66 176.625
249 88 382.643
249 119 175.387
249 124 255.283
249 173 89.464
249 232 73.5383
