50 50 317
1
1
1
1
1
1
1
1
1
1
1
1
1
1
1
1
1
1
1
1
1
1
1
1
1
1
1
1
1
1
1
1
1
1
1
1
1
1
1
1
1
1
1
1
1
1
1
1
1
1
0 8 18.3094
0 11 18.6673
0 20 20.2752
0 30 16.0704
0 31 19.6788
0 37 18.6784
0 38 18.5857
0 43 20.8472
1 27 132.279
1 30 87.2657
1 36 248.387
1 45 944.14
2 0 17.2608
2 1 12.6125
2 6 29.2427
2 7 11.9109
2 16 11.7117
2 22 13.6537
2 24 24.1735
2 34 10.9322
2 39 14.8338
2 40 11.8398
2 49 25.9143
3 3 98.9363
3 6 120.692
3 9 116.268
3 18 78.9457
3 24 73.8005
3 39 199.935
3 49 184.642
4 5 6.02439
4 10 4.15895
4 34 2.50981
4 48 3.65379
5 12 47.1653
5 17 48.2252
5 28 43.8625
5 33 46.8545
5 35 55.9461
5 41 59.0306
6 0 125.854
6 1 95.5384
6 3 91.4504
6 6 241.555
6 7 92.5689
6 16 92.6053
6 22 101.3
6 24 162.418
6 39 140.315
6 40 92.0332
6 49 295.422
7 27 780.231
7 36 269.118
7 45 185.564
7 47 150.234
8 17 190.373
8 28 209.12
8 35 317.834
8 41 239.363
8 47 150.563
9 30 188.341
9 41 98.3872
9 43 785.107
10 13 119.656
10 15 226.808
10 17 102.572
10 23 146.886
10 25 116.048
11 13 444.171
11 18 125.068
11 19 217.263
11 25 334.735
11 46 149.363
12 0 116.187
12 1 231.218
12 2 123.899
12 6 70.3724
12 21 70.2638
12 22 161.656
12 24 73.8368
12 42 82.1335
13 8 15.2771
13 14 22.8016
13 29 60.9148
13 31 16.0257
13 32 26.3719
13 38 15.2428
14 11 6.63071
14 12 5.29989
14 20 6.80869
14 30 6.13568
14 33 5.41431
14 41 5.77385
14 43 9.87901
15 3 67.7082
15 6 66.6952
15 9 111.164
15 18 68.143
15 39 142.732
15 49 73.2863
16 8 40.361
16 11 24.1441
16 14 26.2544
16 20 24.8707
16 21 41.4588
16 29 25.0684
16 31 27.7222
16 42 31.9351
16 44 28.5678
17 11 64.4305
17 12 75.3586
17 20 59.2401
17 33 76.6755
17 41 86.529
18 3 152.055
18 9 336.323
18 13 123.237
18 17 121.262
18 18 276.153
18 23 166.958
18 25 137.378
19 30 336.051
19 41 130.947
19 43 536.995
19 45 118.909
20 14 73.4253
20 21 94.5517
20 29 111.646
20 32 74.4135
21 1 52.9696
21 2 76.3114
21 6 73.4818
21 12 66.9703
21 33 64.7595
21 39 110.922
21 42 62.1078
21 44 89.9863
22 12 128.468
22 17 139.399
22 28 155.224
22 33 128.362
22 35 190.726
22 41 233.245
23 2 15.9403
23 8 10.4163
23 21 96.7124
23 42 36.9544
23 44 15.1285
24 5 77.0823
24 7 28.4833
24 10 111.971
24 34 31.2771
24 48 92.5061
25 2 109.788
25 21 198.169
25 42 134.675
26 11 6.79352
26 12 6.41252
26 20 6.59639
26 33 6.53656
26 41 11.1895
26 43 7.6896
27 0 46.875
27 3 68.2002
27 4 50.4244
27 6 78.2653
27 9 62.2732
27 18 48.2107
27 24 55.3286
27 39 78.9281
27 49 373.371
28 8 141.558
28 14 282.821
28 29 29412.3
28 31 164.295
28 32 419.281
28 37 149.887
28 38 164.825
29 0 12.1493
29 1 13.3058
29 2 21.0315
29 6 16.2758
29 12 16.1061
29 21 11.9528
29 33 15.5907
29 39 20.2181
29 42 17.2354
29 44 25.3196
30 12 57.3297
30 33 56.0829
30 39 64.2328
30 44 45.3096
31 27 976.081
31 36 231.218
31 45 189.779
32 9 39.1842
32 17 37.9917
32 18 28.3415
32 23 34.1394
32 35 30.0781
32 39 28.5624
33 17 109.936
33 28 129.652
33 35 211.015
33 41 134.637
33 47 91.068
34 12 60.5058
34 17 58.3109
34 28 73.4521
34 33 60.6269
34 35 82.6334
34 41 128.043
35 11 204.625
35 12 618.644
35 20 176.266
35 33 540.796
35 39 114.397
35 42 115
35 44 246.404
36 3 10.6236
36 4 6.2835
36 9 6.80895
36 13 7.9165
36 18 12.0158
36 19 6.54224
36 25 8.74193
36 26 6.2859
36 46 8.64813
37 12 104.208
37 17 114.882
37 28 100.114
37 33 103.476
37 35 131.005
37 41 131.087
38 1 113.624
38 2 219.013
38 8 116.877
38 11 129.373
38 12 153.532
38 20 124.14
38 21 215.89
38 33 150.276
38 42 422.368
38 44 446.849
39 8 93.1244
39 11 42.0442
39 14 116.679
39 20 45.9132
39 29 50.7862
39 31 473.95
39 32 59.3208
39 37 134.375
39 38 224.337
40 0 397.323
40 1 3865.72
40 2 204.948
40 6 168.276
40 22 649.651
40 24 179.427
40 42 120.781
41 13 137.118
41 15 241.358
41 17 178.393
41 23 261.561
41 25 136.754
42 14 108.761
42 29 294.012
42 31 64.1174
42 32 246.702
42 37 64.2863
42 38 68.6393
43 17 145.932
43 28 194.729
43 35 219.626
43 47 251.199
44 0 28.3294
44 4 30.8105
44 6 32.211
44 7 53.1563
44 16 53.601
44 24 41.8641
44 26 27.5105
44 34 43.5745
44 40 52.5794
44 49 51.4249
45 17 95.4856
45 28 97.6317
45 35 114.801
45 47 120.612
46 0 55.4637
46 5 95.1132
46 7 56.8286
46 10 168.944
46 22 55.1435
46 24 66.7601
46 34 61.3264
46 40 56.6187
46 48 257.554
47 8 109.582
47 14 112.006
47 21 190.306
47 29 150.464
47 42 121.733
48 8 36.487
48 14 35.2612
48 20 27.3839
48 31 56.2267
48 37 69.0973
48 38 64.8716
49 3 159.175
49 4 72.4298
49 9 56.7565
49 16 35.4068
49 18 58.5665
49 26 61.6952
49 46 40.1043
49 49 66.6865
