200 200 1428
1
1
1
1
1
1
1
1
1
1
1
1
1
1
1
1
1
1
1
1
1
1
1
1
1
1
1
1
1
1
1
1
1
1
1
1
1
1
1
1
1
1
1
1
1
1
1
1
1
1
1
1
1
1
1
1
1
1
1
1
1
1
1
1
1
1
1
1
1
1
1
1
1
1
1
1
1
1
1
1
1
1
1
1
1
1
1
1
1
1
1
1
1
1
1
1
1
1
1
1
1
1
1
1
1
1
1
1
1
1
1
1
1
1
1
1
1
1
1
1
1
1
1
1
1
1
1
1
1
1
1
1
1
1
1
1
1
1
1
1
1
1
1
1
1
1
1
1
1
1
1
1
1
1
1
1
1
1
1
1
1
1
1
1
1
1
1
1
1
1
1
1
1
1
1
1
1
1
1
1
1
1
1
1
1
1
1
1
1
1
1
1
1
1
1
1
1
1
1
1
0 27 148.96
0 38 180.292
0 84 360.329
0 100 204.793
0 151 408.098
0 188 149.511
0 198 175.535
1 33 179.149
1 55 127.602
1 101 149.483
1 124 201.839
1 165 152.342
1 176 125.849
1 179 141.171
1 180 192.611
1 182 109.413
1 184 167.975
2 70 63.3576
2 158 46.0433
2 170 1134.7
3 4 229.761
3 40 211.495
3 164 816.919
3 172 469.183
4 155 141.114
4 158 700.562
4 170 139.001
4 195 132.012
4 199 127.588
5 39 210.829
5 54 235.957
5 120 263.32
5 161 171.27
5 186 460.653
6 54 45.7171
6 64 42.1933
6 136 53.1915
6 142 263.124
7 13 13.4168
7 83 7.78784
7 87 9.36191
7 91 11.3963
7 105 8.22676
7 150 19.8385
7 152 12.5602
7 192 8.5644
8 120 131.593
8 139 257.847
8 186 187.237
9 89 501.412
9 160 232.77
10 19 442.114
10 49 383.179
10 58 392.29
10 77 440.645
10 80 425.884
10 112 295.754
11 61 169.029
11 86 258.968
11 188 188.626
12 13 218.436
12 83 122.409
12 87 146.086
12 91 195.694
12 105 129.328
12 150 346.191
12 152 224.796
12 192 131.664
13 24 270.636
13 83 346.373
13 124 523.029
13 180 226.477
13 182 293.806
13 184 422.51
13 187 216.444
14 2 444.695
14 3 373.711
14 8 601.902
14 15 609.825
14 22 206.727
14 109 360.93
14 119 906.421
14 126 1145.25
14 159 435.486
14 163 209.094
15 9 285.669
15 20 369.083
15 89 525.527
15 99 323.953
15 116 217.241
15 139 244.119
15 160 447.562
16 18 176.21
16 22 246.011
16 45 184.488
16 52 700.04
16 66 174.345
16 69 635.681
16 88 203.36
17 70 98.6303
17 170 132.657
18 1 132.811
18 13 105.143
18 24 104.068
18 25 85.1464
18 83 93.3313
18 87 227.007
18 91 83.4423
18 114 129.168
18 136 84.5436
18 144 84.6197
18 150 101.369
18 153 107.717
18 156 81.9582
18 191 125.491
18 192 153.215
19 0 1000.27
19 11 340.887
19 44 77.6216
19 60 183.84
19 79 131.219
19 134 104.332
19 177 167.459
20 4 163.022
20 29 172.165
20 40 271.191
20 164 214.921
20 171 205.84
20 172 470.085
20 197 209.258
21 6 245.78
21 33 198.782
21 49 180.454
21 55 465.688
21 101 249.814
21 112 199.254
21 124 231.402
21 165 454.552
21 178 192.115
21 180 189.051
21 182 208.556
21 184 184.628
22 16 209.942
22 61 187.934
22 86 100.751
23 1 337.547
23 13 641.486
23 87 382.352
23 105 364.544
23 114 358.913
23 136 297.104
23 150 490.634
23 153 278.161
23 191 273.486
23 192 575.382
24 30 180.046
24 38 3348.28
24 57 132.326
24 84 87.9563
24 151 138.16
24 163 105.294
24 193 122.961
24 194 160.726
24 198 2042.89
25 16 244.857
25 61 103.927
26 33 193.186
26 101 423.613
26 165 253.168
26 176 246.864
26 197 465.893
27 36 287.236
27 62 999.209
27 81 419.132
27 117 219.754
28 33 127.289
28 83 117.794
28 124 13736.9
28 179 126.855
28 180 192.396
28 182 164.65
28 184 397.193
28 187 117.489
29 0 36.4599
29 11 29.5946
29 60 53.1933
29 177 23.5978
30 7 125.709
30 18 123.536
30 32 115.51
30 45 148.91
30 51 111.18
30 52 117.41
30 66 125.018
30 88 115.173
30 103 117.922
30 118 292.005
30 132 113.557
30 133 372.08
30 137 346.137
30 138 124.097
31 29 306.313
31 40 435.671
31 47 263.358
31 73 348.876
31 92 241.422
31 113 421.402
31 164 401.93
31 171 300.533
31 172 449.45
31 175 240.201
32 31 344.99
32 58 403.416
32 72 502.653
32 74 249.937
32 77 404.28
32 80 443.953
32 130 1360.76
32 143 277.618
32 147 527.509
33 20 201.697
33 23 197.865
33 46 291.178
33 89 252.711
33 93 206.902
33 99 269.264
34 29 294.168
34 40 344.589
34 47 316.631
34 73 432.556
34 92 250.662
34 113 458.178
34 164 264.407
34 171 268.501
34 172 287.415
34 175 270.762
35 10 328.679
35 108 246.308
35 123 329.193
35 131 266.181
35 185 299.629
36 27 139.75
36 30 81.0594
36 38 104.971
36 57 67.7743
36 84 188.961
36 125 83.8728
36 151 205.239
36 163 89.6835
36 193 86.8903
36 198 97.0979
37 21 72.2992
37 50 67.0118
37 60 85.4066
37 121 146.597
37 141 68.5398
37 189 92.7958
38 19 318.556
38 29 446.967
38 40 312.673
38 92 360.084
38 168 285.576
38 171 517.156
39 108 199.541
39 123 176.04
39 129 133.181
39 131 162.236
40 32 393.95
40 51 329.312
40 103 281.04
40 118 1387.13
40 132 487.031
40 133 515.039
40 137 1218.34
41 6 134.669
41 49 73.641
41 55 451.239
41 101 58.1714
41 112 92.6583
41 165 109.72
41 178 81.5735
41 182 68.6693
41 187 62.176
42 70 218.105
42 170 416.534
43 39 215.775
43 62 181.797
43 142 161.61
43 161 265.431
44 5 806.422
44 37 178.064
44 63 633.52
44 65 214.744
44 85 282.709
44 146 351.536
45 16 676.172
46 4 16.1235
46 101 16.7561
46 172 15.2002
46 176 13.7639
46 197 53.9459
47 10 165.605
47 14 165.86
47 17 373.373
47 21 509.49
47 50 306.302
47 56 255.434
47 102 565.087
47 121 242.822
47 141 395.179
47 154 312.673
47 185 203.699
47 189 194.478
48 2 247.344
48 3 409.999
48 8 241.602
48 15 306.278
48 30 1179.84
48 38 410.784
48 57 7841.02
48 108 227.986
48 109 226.95
48 163 449.549
48 193 613.574
48 194 549.98
48 198 415.461
49 10 49.0189
49 14 66.5268
49 17 44.9346
49 21 65.2587
49 50 55.3141
49 56 83.7062
49 102 126.605
49 131 34.7382
49 141 42.0898
49 154 41.8644
49 185 77.598
50 1 209.688
50 13 204.214
50 24 312.672
50 83 334.349
50 87 396.263
50 91 322.566
50 114 198.179
50 150 233.028
50 152 226.489
50 153 188.998
50 191 271.858
50 192 210.316
51 31 72.1085
51 49 44.4971
51 58 51.2578
51 72 54.4218
51 77 52.4981
51 80 89.9117
51 112 51.4619
51 130 199.191
51 147 206.503
52 9 83.8642
52 20 89.3224
52 41 68.9454
52 89 56.8701
52 99 63.4072
52 116 68.4257
52 139 193.921
52 160 113.402
53 7 62.0807
53 18 85.4012
53 22 60.327
53 45 117.697
53 52 87.4524
53 66 86.0263
53 69 58.044
53 88 48.2038
53 118 54.1587
53 133 60.9698
53 137 56.2189
53 138 53.7328
54 24 5.05583
54 68 5.04606
54 82 10.3579
54 90 5.33973
54 124 5.42405
54 180 5.4597
54 184 6.9893
54 196 5.8288
55 13 8.52653
55 48 18.4375
55 53 9.09446
55 67 8.4545
55 95 11.3902
55 105 8.74736
55 107 16.3569
55 150 9.35243
55 173 9.28584
56 45 122.317
56 52 171.621
56 69 190.694
56 88 272.915
56 95 127.21
56 118 174.767
56 133 129.693
56 137 163.991
56 173 135.981
57 48 1169.4
57 88 372.584
57 95 1363.45
57 107 911.556
57 173 639.436
58 89 23.4864
59 47 215.721
59 76 211.545
59 106 388.629
59 127 1388.53
59 155 179.82
59 162 302.973
59 175 130.179
59 190 247.895
59 195 168.825
59 199 201.139
60 68 59.3018
60 71 205.143
60 75 46.7606
60 93 46.4038
61 19 401.449
61 58 418.897
61 72 163.609
61 74 184.42
61 77 437.015
61 80 168.305
61 145 171.071
61 168 177.212
62 47 136.014
62 76 346.74
62 106 337.438
62 127 306.392
62 155 354.078
62 162 222.333
62 190 168.025
62 195 230.019
62 199 350.228
63 10 289.44
63 17 478.215
63 141 441.909
63 154 562.496
63 185 264.894
64 86 407.183
64 123 274.026
65 32 470.157
65 50 87.5075
65 51 355.843
65 79 137.989
65 103 148.227
65 118 88.2138
65 132 234.962
65 133 97.734
65 137 92.9844
65 177 113.601
65 189 142.205
66 5 360.211
66 63 244.621
66 85 434.74
67 19 138.136
67 49 195.099
67 58 237.281
67 72 151.627
67 77 262.879
67 80 795.96
67 112 193.567
67 130 211.216
67 147 178.433
68 8 134.822
68 31 198.392
68 72 158.832
68 109 122.49
68 119 151.614
68 126 214.142
68 130 171.584
68 143 129.651
68 147 139.475
68 159 187.99
69 70 245.502
69 74 282.191
69 97 924.696
69 98 279.068
69 143 194.908
69 145 406.594
69 157 205.301
70 42 143.507
70 140 59.8583
71 5 158.342
71 37 232.967
71 44 130.357
71 59 133.689
71 63 170.45
71 65 776.245
71 134 137.829
71 146 281.853
71 169 157.211
72 33 182.185
72 124 643.527
72 179 194.303
72 180 343.346
72 182 154.165
72 184 1417.46
73 32 565.395
73 51 401.635
73 103 285.07
73 118 460.315
73 132 1183.16
73 133 351.243
73 137 462.229
74 5 21.3043
74 37 37.854
74 59 22.6998
74 63 22.2356
74 65 168.627
74 134 21.7661
74 146 33.7426
74 169 25.9312
75 9 258.457
75 20 337.203
75 89 459.696
75 99 297.589
75 116 195.425
75 139 212.079
75 160 375.569
76 86 349.784
76 123 259.306
77 26 2169.29
77 44 338.745
77 78 1461.22
77 181 1906.86
78 8 111.501
78 15 71.194
78 72 132.923
78 74 89.2146
78 97 75.9733
78 98 122.378
78 109 126.373
78 119 113.081
78 126 109.371
78 130 73.765
78 143 180.137
78 145 77.3778
78 157 82.5375
78 159 71.5111
79 23 259.734
79 46 362.754
79 93 358.307
79 99 144.287
79 111 125.646
80 36 292.781
80 62 157.355
80 81 186.886
80 96 243.838
80 110 179.471
80 117 197.767
80 142 177.693
80 148 264.329
81 70 98.6715
81 158 116.846
81 170 249.499
81 195 99.3315
82 5 297.792
82 26 266.231
82 44 381.442
82 63 721.739
82 85 309.653
82 115 303.574
82 146 566.733
83 70 142.393
83 158 193.046
83 170 353.642
83 195 158.4
84 58 172.22
84 72 447.328
84 74 122.225
84 77 156.49
84 80 89.1394
84 97 77.9232
84 98 90.1914
84 130 128.43
84 143 134.639
84 145 95.6212
84 147 83.4076
85 70 72.356
85 74 64.144
85 97 74.0618
85 145 75.9044
85 168 74.4389
85 170 81.1643
86 2 141.396
86 3 123.146
86 7 112.704
86 15 106.465
86 18 105.775
86 66 105.638
86 108 400.757
86 129 974.256
86 131 181.683
86 138 104.391
86 183 264.906
87 4 49.1749
87 40 62.7918
87 164 55.4552
87 171 50.4792
87 172 101.244
87 197 67.5916
88 9 213.586
88 20 168.871
88 23 134.72
88 35 607.384
88 41 220.116
88 90 209.164
88 99 164.279
88 111 136.462
88 116 340.499
88 128 131.323
88 135 344.487
88 196 167.327
89 0 76.2711
89 11 73.0795
89 26 196.867
89 44 152.549
89 78 139.177
89 181 152.041
90 8 44.2467
90 70 37.5505
90 74 42.1183
90 97 52.8313
90 98 82.0658
90 109 61.853
90 119 39.6827
90 143 54.5615
90 145 42.7603
90 157 264.371
90 163 41.8374
91 26 122.633
91 28 72.0936
91 44 65.7422
91 78 95.1209
91 115 90.4102
91 181 96.8858
92 36 21.8409
92 62 16.9793
92 81 42.8249
92 110 12.3767
92 117 24.6276
93 32 38.4836
93 53 36.9201
93 59 38.5908
93 67 37.8416
93 107 33.9916
93 118 56.174
93 132 55.3396
93 133 34.5978
93 137 50.4908
94 29 243.369
94 40 136.331
94 47 256.56
94 92 890.788
94 127 127.092
94 162 176.797
94 168 151.453
94 171 176.356
94 195 109.98
95 26 369.349
95 28 155.067
95 44 233.453
95 63 160.614
95 78 232.498
95 115 210.165
95 146 153.483
95 181 243.095
96 30 250.234
96 38 420.942
96 84 296.728
96 86 262.251
96 100 265.585
96 151 422.659
96 188 324.749
96 194 294.446
96 198 434.523
97 39 74.9766
97 54 81.0626
97 120 91.0804
97 139 58.0989
97 161 61.7424
97 186 156.949
98 23 17.4497
98 35 20.1332
98 82 19.8798
98 90 28.8293
98 93 12.9591
98 111 45.1241
98 128 11.5393
98 135 26.595
98 196 20.1221
99 5 328.284
99 37 705.58
99 59 229.279
99 63 237.031
99 65 505.743
99 110 229.691
99 146 270.25
99 169 362.255
99 174 366.233
100 8 301.592
100 31 273.261
100 58 305.671
100 72 897.525
100 74 364.543
100 77 289.58
100 97 275.078
100 98 395.307
100 109 320.71
100 119 312.577
100 126 334.695
100 130 371.341
100 143 674.353
100 145 300.866
100 147 264.077
101 19 342.02
101 49 353.136
101 58 459.693
101 72 229.649
101 77 534.09
101 80 560.221
101 112 296.648
101 130 251.134
102 23 217.791
102 68 506.067
102 71 251.347
102 75 310.695
102 82 273.005
102 90 209.587
102 111 361.962
103 20 109.822
103 89 761.613
103 99 114.155
103 160 146.103
104 26 708.131
104 44 233.502
104 78 626.987
104 181 749.304
105 36 127.957
105 96 423.454
105 105 167.057
105 110 134.417
105 117 110.955
105 148 343.664
106 43 396.849
106 73 179.795
106 94 278.013
106 104 825.17
106 113 159.632
106 166 769.266
106 175 281.489
106 190 159.571
107 23 341.144
107 35 167.963
107 71 141.603
107 82 156.177
107 90 184.122
107 93 233.091
107 111 1084.61
107 135 193.507
107 196 147.152
108 0 104.164
108 11 94.0085
108 60 176.469
108 79 96.0771
108 121 78.1584
108 177 98.2464
108 189 84.0581
109 5 14.6426
109 26 17.0933
109 44 20.495
109 63 28.081
109 85 17.2673
109 115 20.9082
109 146 22.4133
110 4 152.911
110 40 93.6001
110 122 107.062
110 164 128.156
110 172 165.414
110 197 151.045
111 76 529.181
111 106 339.112
111 127 192.018
111 190 257.346
112 1 99.1717
112 25 104.34
112 41 174.584
112 54 125.714
112 64 146.673
112 114 98.4692
112 116 101.586
112 120 176.027
112 128 103.944
112 136 97.4318
112 144 152.413
112 153 113.228
112 156 155.18
112 186 155.538
113 13 180.607
113 96 130.718
113 105 873.336
113 148 108.49
113 150 116.147
113 192 91.9854
114 9 24.0256
114 23 384.044
114 35 30.5677
114 46 30.5662
114 90 27.517
114 93 67.5186
114 99 29.4422
114 111 52.711
114 116 25.2582
114 135 32.2326
115 3 251.775
115 8 537.394
115 15 293.345
115 72 265.99
115 74 256.778
115 97 265.925
115 98 438.685
115 109 1035.49
115 119 456.389
115 126 330.017
115 143 405.429
115 157 458.714
115 163 306.729
115 193 266.822
116 29 6.13393
116 40 7.31388
116 47 5.51095
116 73 5.32725
116 92 4.98846
116 113 5.47427
116 164 4.46233
116 171 5.6136
116 172 5.32125
116 175 4.00997
117 27 743.02
117 38 229.174
117 84 814.146
117 125 331.229
117 151 443.626
117 198 217.418
118 29 101.728
118 43 106.68
118 47 238.158
118 73 187.8
118 92 111.649
118 106 117.592
118 113 134.871
118 127 155.493
118 162 128.559
118 175 150.862
118 190 149.725
119 10 66.4223
119 12 83.7254
119 42 54.0883
119 123 131.49
119 185 53.432
120 86 366.415
120 123 232.579
121 27 178.048
121 70 172.768
121 125 274.279
122 0 127.565
122 11 147.895
122 44 172.68
122 65 145.467
122 79 129.676
122 134 406.954
122 146 147.576
122 177 139.599
123 8 53.3719
123 70 61.77
123 72 56.4088
123 74 81.5416
123 97 116.834
123 98 214.371
123 109 69.2676
123 143 99.7006
123 145 85.2028
123 157 204.108
124 47 315.223
124 76 692.096
124 106 1258.49
124 127 941.289
124 155 461.088
124 162 476.921
124 190 455.172
124 195 370.613
124 199 489.729
125 33 66.2152
125 34 89.4929
125 75 68.655
125 122 60.0016
125 149 288.486
125 176 81.0014
125 179 71.1729
126 101 194.012
126 165 136.209
126 176 133.683
126 197 364.092
127 9 153.762
127 20 141.288
127 23 340.069
127 35 300.974
127 82 162.442
127 90 262.764
127 93 201.581
127 99 165.245
127 111 406.495
127 116 177.465
127 135 350.342
127 196 189.502
128 24 312.24
128 83 410.375
128 87 287.764
128 91 424.029
128 150 193.737
128 152 230.09
128 191 229.951
129 23 333.122
129 46 523.116
129 71 448.082
129 93 539.744
130 5 23.6238
130 63 23.3507
130 85 79.3103
130 115 24.7315
131 6 43.4534
131 49 52.5782
131 55 151.618
131 80 29.0032
131 101 30.5459
131 112 61.9942
131 165 69.4699
131 178 28.9604
132 32 452.561
132 51 331.482
132 103 241.359
132 118 420.116
132 132 888.76
132 133 303.947
132 137 413.988
133 155 3.02955
133 158 3.32488
133 168 3.19062
133 170 4.33981
133 195 3.63768
133 199 3.10408
134 9 32.8665
134 20 44.5376
134 89 48.995
134 99 44.2521
134 116 24.6217
134 139 21.6031
134 160 32.2035
135 9 319.498
135 20 312.003
135 23 301.659
135 35 247.092
135 41 177.529
135 46 168.119
135 90 172.25
135 93 215.224
135 99 509.068
135 111 192.306
135 116 313.399
135 135 225.193
136 0 3.01732
136 11 2.43249
136 44 1.57647
136 60 1.9142
136 79 1.66364
136 134 1.64875
136 177 1.81106
137 69 263.082
137 167 535.108
137 173 213.528
137 178 215.1
138 16 122.863
138 42 229.118
138 140 123.917
139 155 81.4051
139 158 102.401
139 170 96.0994
139 195 105.69
139 199 82.5176
140 19 58.7797
140 58 97.774
140 72 69.0964
140 74 148.536
140 77 87.6656
140 97 80.3651
140 98 62.962
140 143 68.8618
140 145 131.656
140 168 47.8225
141 41 196.243
141 54 275.69
141 64 185.006
141 120 402.469
141 139 175.561
141 186 1189.72
142 29 99.7961
142 40 60.5288
142 47 106.251
142 92 240.756
142 127 63.3635
142 162 92.8799
142 168 92.6891
142 171 77.9317
142 195 61.1138
143 1 118.396
143 54 160.647
143 64 303.975
143 114 142.06
143 120 131.608
143 136 470.65
143 142 141.843
143 144 135.782
143 153 108.758
143 156 162.217
143 186 90.1603
143 192 136.665
144 1 96.6943
144 13 79.2178
144 24 105.211
144 25 71.6422
144 83 96.8386
144 87 207.943
144 91 82.883
144 114 91.1272
144 150 82.4871
144 152 67.3267
144 153 83.0123
144 191 113.388
144 192 98.3407
145 6 30.8873
145 55 26.8703
145 83 27.6478
145 91 25.7149
145 124 48.9042
145 178 35.8453
145 182 124.674
145 184 31.7964
145 187 51.4872
146 32 253.266
146 51 206.493
146 53 237.025
146 59 259.997
146 67 245.961
146 118 307.418
146 132 385.766
146 133 205.18
146 137 283.948
147 30 96.6089
147 38 167.989
147 57 85.456
147 84 77.4159
147 86 85.4059
147 151 109.473
147 188 82.3299
147 193 74.6593
147 194 135.195
147 198 184.757
148 12 117.336
148 42 476.564
148 123 121.879
148 140 122.221
149 13 132.506
149 64 139.624
149 105 161.701
149 114 130.733
149 136 206.335
149 142 322.867
149 192 174.75
150 33 203.658
150 49 233.591
150 55 336.097
150 101 435.106
150 112 219.779
150 165 1523.36
150 176 205.245
150 197 188.935
151 43 452.845
151 47 182.865
151 73 424.456
151 94 209.493
151 104 286.853
151 106 202.485
151 113 269.091
151 127 188.832
151 166 266.941
151 175 924.093
151 190 377.231
152 39 246.247
152 54 308.803
152 64 251.936
152 120 232.867
152 136 300.017
152 142 1991.59
152 161 241.792
153 6 191.627
153 33 240.767
153 55 341.12
153 101 347.581
153 112 178.605
153 124 212.936
153 165 584.092
153 176 206.666
153 179 181.983
153 180 205.808
153 184 181.818
154 16 156.671
154 42 128.577
155 37 829.554
155 53 488.964
155 59 672.068
155 65 400.848
155 67 537.426
155 169 4456.94
155 174 302.698
156 27 275.975
156 84 325.127
156 100 162.922
156 125 197.381
156 151 197.101
157 10 319.924
157 108 193.148
157 123 256.426
157 131 219.884
157 185 285.847
158 2 311.946
158 8 246.887
158 15 262.662
158 22 410.531
158 31 281.579
158 52 247.415
158 119 284.931
158 126 433.969
158 159 1730.98
159 9 3810.18
159 20 1269.89
159 23 187.352
159 35 254.065
159 41 323.111
159 89 187.318
159 99 606.238
159 116 786.838
159 135 215.556
159 139 195.164
159 160 195.202
160 32 38.4629
160 53 49.6216
160 59 53.8591
160 67 51.6049
160 107 39.2545
160 118 49.089
160 132 54.1741
160 137 45.0481
161 34 124.559
161 149 96.7491
162 70 69.0249
162 97 42.3273
162 170 128.464
163 36 250.102
163 81 172.645
163 96 475.975
163 105 200.613
163 110 231.231
163 117 204.325
163 142 169.883
163 148 512.26
164 28 355.244
164 63 242.366
164 85 312.739
164 115 1056.77
165 8 174.383
165 74 128.686
165 97 153.432
165 98 229.654
165 109 259.646
165 119 152.27
165 143 170.621
165 145 128.86
165 157 533.182
165 163 170.025
165 193 143.366
166 48 226.24
166 69 176.136
166 88 645.082
166 95 427.002
166 107 222.363
166 118 138.629
166 173 474.698
167 23 227.384
167 46 237.821
167 71 1545.3
167 93 297.809
168 97 45.5765
168 145 48.6754
168 168 70.5182
168 170 49.571
169 39 19.758
169 62 22.3991
169 142 15.6278
169 161 24.333
170 108 258.79
170 123 307.791
170 131 191.66
170 194 192.715
171 2 89.5946
171 3 165.731
171 8 77.3904
171 15 109.971
171 30 180.101
171 38 91.0233
171 57 331.393
171 108 77.0749
171 109 69.3112
171 119 73.1797
171 129 71.0604
171 163 113.018
171 193 140.58
171 194 127.151
171 198 92.091
172 1 126.206
172 54 163.258
172 64 258.007
172 114 151.694
172 120 132.075
172 136 534.485
172 142 179.797
172 144 136.607
172 153 114.133
172 156 159.189
172 186 93.8304
172 192 158.97
173 19 142.215
173 29 61.0502
173 58 51.8269
173 77 54.1162
173 92 57.5401
173 168 71.5123
173 171 66.0659
174 2 46.7867
174 3 27.1103
174 7 29.2056
174 15 28.8719
174 18 44.6895
174 22 64.0394
174 45 35.5119
174 52 27.028
174 66 43.5568
174 126 27.8349
174 129 33.6574
174 159 40.5777
174 183 44.247
175 26 149.365
175 28 84.9698
175 44 110.486
175 63 88.2367
175 78 102.61
175 115 122.228
175 146 80.9878
175 181 106.374
176 58 266.998
176 72 452.551
176 74 694.738
176 77 248.261
176 97 519.954
176 98 1239.4
176 109 273.07
176 143 1781.75
176 145 546.087
176 157 345.986
177 12 274.179
177 42 585.748
177 140 418.067
178 9 551.425
178 20 431.149
178 23 273.964
178 35 450.066
178 41 311.507
178 90 253.804
178 93 202.703
178 99 475.58
178 111 225.43
178 116 752.452
178 135 361.543
178 196 208.626
179 4 354.718
179 122 298.501
179 164 279.776
179 172 199.769
180 60 410.8
180 121 459.569
181 9 54.7031
181 41 116.556
181 54 65.8219
181 64 67.062
181 116 61.925
181 120 92.6457
181 144 66.6114
181 153 52.5227
181 156 67.7988
181 186 95.5451
182 4 21.4838
182 34 23.9681
182 122 31.4408
182 149 14.1471
182 197 12.9305
183 3 95.9306
183 30 236.658
183 38 213.345
183 57 227.499
183 151 94.6312
183 163 111.12
183 193 134.855
183 194 1152.95
183 198 237.492
184 69 241.322
184 88 226.744
184 95 219.164
184 152 223.565
184 167 294.738
184 173 279.252
185 83 161.853
185 91 1038.64
185 150 144.889
185 152 324.759
185 167 157.692
185 182 166.464
185 187 201.74
186 29 226.311
186 47 759.752
186 73 297.558
186 92 267.908
186 106 266.062
186 113 231.148
186 127 412.956
186 162 347.637
186 175 255.666
186 190 299.691
187 19 291.811
187 92 333.217
187 162 292.543
187 168 972.01
187 195 295.688
188 81 241.158
188 117 244.049
189 28 132.623
189 115 66.5416
190 9 194.803
190 20 197.239
190 41 200.04
190 139 1397.56
190 160 286.97
190 186 198.816
191 24 372.088
191 25 196.794
191 82 232.862
191 83 296.179
191 87 183.645
191 90 157.271
191 124 165.353
191 128 201.996
191 184 180.663
191 191 240.766
191 196 193.026
192 68 46.5973
192 71 14.4137
192 75 43.9098
192 149 17.4138
192 179 13.4704
193 46 74.2682
193 89 106.837
193 99 67.7672
194 7 1502.24
194 14 336.571
194 18 395.074
194 22 209.626
194 45 381.35
194 56 226.753
194 66 405.882
194 108 211.236
194 129 275.267
194 131 347.76
194 133 223.484
194 138 1613.35
194 183 381.595
195 89 198.36
196 36 164.216
196 96 247.899
196 105 208.686
196 142 201.501
196 148 230.873
197 32 1211.1
197 50 205.46
197 51 987.873
197 79 199.452
197 103 463.617
197 118 261.779
197 132 493.854
197 133 336.874
197 137 289.428
197 189 268.79
198 5 341.981
198 44 195.444
198 63 1442.3
198 85 354.726
198 115 221.684
198 146 383.724
199 46 276.269
199 89 238.34
199 93 180.588
199 99 210.073
