250 250 1887
1
1
1
1
1
1
1
1
1
1
1
1
1
1
1
1
1
1
1
1
1
1
1
1
1
1
1
1
1
1
1
1
1
1
1
1
1
1
1
1
1
1
1
1
1
1
1
1
1
1
1
1
1
1
1
1
1
1
1
1
1
1
1
1
1
1
1
1
1
1
1
1
1
1
1
1
1
1
1
1
1
1
1
1
1
1
1
1
1
1
1
1
1
1
1
1
1
1
1
1
1
1
1
1
1
1
1
1
1
1
1
1
1
1
1
1
1
1
1
1
1
1
1
1
1
1
1
1
1
1
1
1
1
1
1
1
1
1
1
1
1
1
1
1
1
1
1
1
1
1
1
1
1
1
1
1
1
1
1
1
1
1
1
1
1
1
1
1
1
1
1
1
1
1
1
1
1
1
1
1
1
1
1
1
1
1
1
1
1
1
1
1
1
1
1
1
1
1
1
1
1
1
1
1
1
1
1
1
1
1
1
1
1
1
1
1
1
1
1
1
1
1
1
1
1
1
1
1
1
1
1
1
1
1
1
1
1
1
1
1
1
1
1
1
1
1
1
1
1
1
0 13 16.2181
0 15 12.9032
0 106 12.4235
0 200 17.1925
0 214 43.6173
0 219 14.429
0 244 12.467
1 21 93.5083
1 81 75.5966
1 126 72.8774
1 151 112.873
1 195 65.019
1 234 208.899
2 10 567.627
2 25 406.147
2 90 306.06
2 99 237.566
2 128 1192.3
2 183 237.098
2 204 369.635
3 76 266.017
3 102 228.592
3 111 461.333
3 177 1362.29
3 198 247.532
4 45 132.857
4 131 167.256
4 132 105.148
4 209 141.416
5 43 184.254
5 100 191.604
5 116 178.949
5 154 244.396
5 155 259.037
6 16 276.29
6 37 458.154
6 143 280.66
6 157 320.469
6 217 299.119
6 237 471.645
7 69 250.742
7 70 316.504
7 82 1082.57
7 93 291.206
7 118 429.056
7 123 633.85
7 145 343.808
7 159 253.952
7 167 233.788
7 170 221.559
7 206 212.222
7 216 215.258
7 221 2623.88
8 34 46.4567
8 84 47.6231
8 88 94.6539
8 108 51.436
8 117 77.8496
8 136 45.6103
8 208 53.3379
8 224 67.4113
8 227 66.7767
8 242 41.2863
9 2 526.914
9 16 314.252
9 37 454.786
9 47 473.282
9 133 415.133
9 142 406.638
9 157 364.939
9 165 338.004
9 175 1125.76
9 211 653.327
9 217 590.642
9 237 467.965
10 24 289.857
10 48 308.886
10 51 233.664
10 54 291.68
10 71 237.655
10 78 245.749
10 187 248.22
10 241 302.938
11 48 301.606
11 54 338.406
11 56 403.115
11 144 331.727
11 187 740.639
12 34 96.0923
12 84 95.9658
12 88 178.333
12 108 102.219
12 117 195.922
12 121 87.8533
12 136 96.9726
12 208 113.993
12 224 131.63
12 227 168.26
13 50 312.272
13 94 98.8717
13 114 88.3638
13 166 537.715
13 168 109.282
13 185 108.501
13 205 76.4151
13 213 392.128
14 10 9.16222
14 43 13.0203
14 100 11.8405
14 155 8.51038
14 182 24.6663
14 193 9.57548
15 33 314.368
15 72 400.29
15 109 218.517
15 120 255.264
15 199 463.657
15 202 711.782
15 230 221.393
16 57 19.6096
16 86 11.2955
16 130 12.0524
16 186 10.6656
16 190 9.03319
16 228 9.51487
17 1 118.4
17 41 92.9789
17 104 92.7667
17 110 191.82
17 138 91.2491
17 200 90.2523
17 244 478.909
18 18 130.857
18 27 170.182
18 45 199.699
18 102 224.149
18 111 190.646
18 131 170.736
18 209 271.42
19 5 304.172
19 12 483.629
19 48 287.758
19 54 301.323
19 63 635.82
19 95 520.664
19 132 305.914
19 144 329.945
19 163 500.954
19 168 249.451
20 12 302.212
20 39 170.6
20 48 290.717
20 51 130.11
20 54 232.242
20 63 140.47
20 71 255.651
20 95 385.693
20 144 145.783
21 43 301.54
21 55 44.6379
21 107 21.109
21 155 40.5966
21 162 31.3603
21 182 19.6172
21 193 42.1411
22 4 109.967
22 17 97.288
22 35 184.485
22 101 126.219
22 116 80.5825
22 158 92.9105
22 235 80.6021
23 55 45.5864
23 154 36.5147
23 155 46.0888
23 243 875.294
24 72 460.276
24 120 1349.93
24 137 376.478
24 196 496.329
24 199 359.56
25 31 293.481
25 53 323.006
25 149 481.8
25 150 812.521
26 20 297.406
26 36 517.516
26 73 2359.78
26 77 552.877
26 97 307.004
26 107 286.172
26 112 752.526
26 169 475.185
26 194 288.836
27 8 224.608
27 55 289.95
27 77 244.83
27 107 366.569
27 112 216.018
27 162 414.56
27 169 233.182
27 179 422.243
27 193 275.388
27 233 313.103
28 37 169.772
28 120 176.876
28 137 161.995
28 143 177.583
28 157 145.1
28 196 154.284
28 237 171.677
29 57 77.5861
29 125 72.1934
29 130 74.1207
29 141 73.4471
29 184 73.2921
29 186 61.7804
29 190 170.656
29 218 82.5855
30 85 441.557
30 148 311.624
30 189 472.549
30 203 356.79
30 232 519.086
30 236 277.462
31 10 190.541
31 43 238.093
31 55 283.304
31 77 137.102
31 107 403.977
31 112 146.348
31 155 138.514
31 162 441.58
31 169 202.053
31 193 800.783
32 76 132.755
32 83 81.394
32 102 89.3426
32 111 113.065
32 177 189.023
33 48 788.191
33 54 931.772
33 56 427.434
33 71 287.371
33 95 381.406
33 144 499.515
33 187 351.158
34 67 36.2384
34 119 36.0048
34 138 46.9784
34 147 259.167
34 178 113.025
34 201 34.9738
34 229 36.7813
35 8 235.504
35 39 57.1822
35 51 57.6543
35 65 95.0805
35 77 77.5675
35 97 106.929
35 112 59.052
35 179 123.878
35 233 172.841
36 69 311.627
36 70 310.339
36 82 302.392
36 87 188.351
36 91 196.364
36 93 186.619
36 118 1101.16
36 123 259.966
36 145 216.287
36 167 303.378
36 170 226.415
36 206 431.131
36 216 396.874
36 221 473.702
37 17 56.6926
37 28 104.392
37 58 76.3379
37 156 71.0589
37 164 107.744
37 210 95.7955
38 13 810.654
38 26 145.959
38 42 379.848
38 103 158.113
38 106 267.879
38 122 187.393
38 127 288.21
38 135 144.923
38 140 155.285
38 200 280.038
38 214 142.104
39 69 354.042
39 70 251.321
39 82 279.408
39 87 195.977
39 93 183.906
39 118 652.985
39 123 252.438
39 145 191.339
39 167 341.89
39 170 241.991
39 206 336.956
39 216 433.081
39 221 441.093
40 2 268.063
40 47 230.871
40 75 212.449
40 97 201.075
40 142 389.883
40 146 214.184
40 246 243.774
41 29 74.2336
41 49 31.3025
41 192 48.0935
41 220 42.0938
42 1 18.9248
42 41 33.4035
42 104 37.6741
42 110 106.422
42 119 19.3083
42 138 17.5044
42 140 22.4793
42 200 19.6919
42 229 19.9224
42 244 31.1258
43 3 361.664
43 52 222.321
43 66 261.745
43 173 419.011
43 191 433.07
43 225 258.508
43 235 241.416
44 1 87.0965
44 52 87.3441
44 66 220.06
44 79 90.3475
44 225 123.883
44 244 91.6185
45 11 404.034
45 23 429.956
45 32 345.821
45 92 349.998
45 115 251.54
45 153 378.649
45 176 720.594
45 197 250.443
45 223 275.743
46 49 479.906
46 186 381.668
46 192 358.706
46 228 471.693
46 240 440.499
47 46 574.842
47 67 13018.4
47 105 332.363
47 124 326.896
47 138 305.073
47 147 297.149
47 201 471.765
48 3 357.89
48 52 347.727
48 66 288.449
48 173 254.408
48 191 584.19
48 225 449.718
48 235 305.404
49 38 431.61
49 40 446.281
49 44 953.295
49 75 310.245
49 145 329.293
49 146 305.086
49 239 389.868
50 57 265.425
50 86 1378.9
50 130 223.654
50 248 140.925
51 12 150.534
51 39 100.533
51 48 529.973
51 51 96.8401
51 54 308.06
51 56 100.37
51 71 168.008
51 95 282.504
51 144 137.443
52 5 7.46651
52 54 5.19861
52 56 12.7499
52 144 8.04499
52 187 5.78993
53 21 326.616
53 151 825.371
53 234 280.103
54 22 104.404
54 38 108.871
54 40 353.417
54 44 127.291
54 59 101.244
54 70 101.774
54 75 96.032
54 82 109.7
54 89 103.872
54 123 94.7645
54 129 102.047
54 145 195.35
54 146 101.303
54 159 106.694
54 221 88.157
54 239 94.7578
54 246 93.3995
55 187 312.013
55 241 479.451
56 33 577.767
56 80 216.194
56 109 314.458
56 202 313.702
56 230 467.041
57 38 183.367
57 40 68.2823
57 44 123.721
57 145 67.3948
57 202 63.7123
57 239 65.8097
58 10 431.951
58 55 258.688
58 73 384.649
58 77 424.378
58 107 728.757
58 112 571.287
58 162 350.284
58 169 1648.13
58 193 354.182
59 7 59.1667
59 11 38.8103
59 32 33.7125
59 115 46.4435
59 125 33.2751
59 141 44.1765
60 1 45.2371
60 46 55.6092
60 66 94.188
60 79 130.193
60 105 61.6324
60 201 52.9923
61 10 261.04
61 25 2066.35
61 90 1170.67
61 99 419.214
61 128 675.262
61 183 313.443
61 204 957.203
61 223 246.643
62 2 538.116
62 47 393.708
62 75 157.457
62 97 182.239
62 142 1033.25
62 146 153.654
62 165 161.281
62 175 182.923
62 211 183.788
62 246 163.017
63 2 1677.84
63 47 904.726
63 97 194.954
63 142 1286.27
63 165 222.655
63 175 225.408
63 211 243.9
64 14 296.857
64 87 246.862
64 139 607.532
64 184 350.406
64 186 271.14
64 207 519.401
64 240 292.617
65 33 153.357
65 38 207.258
65 91 143.794
65 202 140.51
65 230 125.811
66 28 176.548
66 101 153.082
66 113 446.907
66 156 165.204
66 158 217.039
66 210 392.654
67 1 483.503
67 41 210.42
67 104 221.683
67 110 474.545
67 138 333.25
67 201 226.008
67 244 658.39
68 7 65.366
68 11 124.586
68 32 85.9351
68 92 88.9194
68 115 153.638
69 1 215.043
69 46 160.976
69 66 315.97
69 79 223.718
69 105 153.702
69 138 152.728
69 201 198.448
69 244 145.786
70 0 44.0056
70 15 28.1273
70 35 18.6686
70 101 18.441
70 158 15.2349
70 203 15.002
70 214 16.4592
70 219 37.5546
71 6 236.466
71 19 241.622
71 92 253.403
71 115 248.471
72 9 341.557
72 81 283.915
72 84 624.068
72 88 847.923
72 117 434.174
72 121 553.521
72 171 284.242
72 195 302.672
72 208 1474.61
72 222 592.444
72 224 808.562
72 227 340.968
72 242 718.408
73 76 134.216
73 102 119.327
73 111 269.858
73 177 1275.98
73 198 146.585
74 11 170.869
74 23 242.984
74 32 225.856
74 98 196.515
74 153 1100.76
74 176 266.361
75 21 284.547
75 81 191.24
75 117 285.027
75 226 887.674
75 227 388.298
76 100 278.063
76 180 294.887
76 182 431.328
77 5 68.41
77 48 63.7336
77 54 76.0003
77 56 429.061
77 144 130.33
77 187 93.3675
78 29 957.269
78 91 164.145
78 192 178.301
78 220 209.838
79 44 42.1663
79 72 50.6801
79 120 42.0498
79 157 33.6441
79 199 67.4495
79 202 33.6751
79 239 33.6601
80 23 449.983
80 79 302.755
80 153 287.507
80 173 287.798
80 176 331.795
80 197 288.141
81 0 79.751
81 68 116.721
81 113 109.811
81 152 114.246
81 158 77.4452
81 245 631.595
81 247 110.754
82 33 189.899
82 72 182.225
82 109 124.257
82 120 122.586
82 199 208.97
82 202 530.754
82 230 127.64
83 18 196.627
83 27 393.237
83 94 121.631
83 111 124.539
83 114 165.418
83 132 155.374
83 198 111.788
83 205 174.107
83 209 503.321
84 21 295.97
84 81 523.628
84 117 610.341
84 121 280.347
84 126 298.327
84 171 283.078
84 195 386.898
84 208 264.645
84 226 284.542
84 227 698.716
84 234 231.064
85 69 380.844
85 70 516.505
85 82 420.192
85 91 321.149
85 118 2450.66
85 123 349.361
85 145 321.927
85 167 373.27
85 170 288.773
85 206 769.598
85 216 494.038
85 220 288.887
85 221 621.828
86 52 178.223
86 66 409.176
86 79 155.349
86 225 273.982
87 8 69.2132
87 12 57.7496
87 39 204.71
87 51 54.545
87 65 83.3732
87 71 68.5808
87 179 100.511
87 233 91.7219
87 243 60.3544
88 37 70.6686
88 72 66.2284
88 120 93.1458
88 137 81.956
88 143 71.7298
88 157 62.8654
88 196 79.1538
88 237 68.0604
89 57 136.36
89 139 152.598
89 184 147.596
89 186 228.063
89 190 156.475
89 207 136.794
89 228 156.375
89 240 174.032
90 6 286.699
90 20 308.253
90 25 644.484
90 90 505.634
90 128 382.056
90 160 297.773
90 161 280.854
90 183 1191.41
90 204 361.756
90 249 480.176
91 4 765.971
91 17 548.472
91 35 275.703
91 116 804.293
92 8 6.57587
92 39 7.27602
92 55 10.3464
92 65 6.17646
92 107 7.40951
92 162 10.4377
92 179 11.5508
92 193 7.79435
92 233 8.8357
92 243 7.95262
93 61 314.088
93 74 366.714
93 124 302.108
93 181 558.672
93 188 1567.44
93 212 304.879
93 215 918.277
93 231 403.857
93 238 719.831
94 90 343.084
94 99 726.662
94 197 1731.9
94 204 393.741
94 223 769.206
95 9 60.3119
95 81 177.329
95 88 51.6592
95 117 95.1072
95 121 115.388
95 126 99.314
95 171 110.532
95 172 50.3755
95 195 180.769
95 208 85.1116
95 222 50.5574
95 227 81.5909
95 234 51.9043
95 242 57.0425
96 74 289.588
96 181 2258.54
96 188 609.158
96 212 429.948
96 215 779.692
96 231 428.676
96 238 677.164
97 14 274.152
97 49 603.04
97 186 172.193
97 192 243.648
97 228 151.918
97 240 402.614
98 29 430.253
99 2 338.883
99 16 281.427
99 24 250.946
99 47 356.53
99 78 385.854
99 133 609.069
99 142 257.208
99 165 483.705
99 175 809.242
99 211 1819.23
99 217 433.192
99 237 292.212
100 68 168.268
100 113 68.9191
100 152 169.77
100 189 68.3261
100 232 68.8465
100 245 355.371
100 247 162.89
101 11 352.495
101 23 549.414
101 32 446.281
101 98 351.631
101 153 2448.8
101 176 636.853
102 9 192.551
102 81 369.019
102 84 173.265
102 88 222.655
102 117 522.55
102 121 376.323
102 126 242.227
102 171 266.73
102 195 354.029
102 208 359.789
102 222 188.521
102 224 198.266
102 227 378.506
102 242 214.704
103 34 321.634
103 84 337.647
103 88 693.55
103 108 361.039
103 117 531.903
103 121 279.743
103 136 313.513
103 208 375.03
103 224 485.64
103 227 453.595
103 242 289.493
104 1 124.848
104 119 150.91
104 138 179.641
104 147 468.147
104 178 477.925
104 201 123.822
104 229 154.992
105 26 162.425
105 41 296.925
105 104 436.119
105 110 182.789
105 119 212.444
105 140 252.917
105 229 210.637
106 13 514
106 42 244.363
106 106 299.567
106 127 262.293
106 200 574.442
106 214 545.435
106 244 272.252
107 16 313.767
107 137 285.717
107 143 718.446
107 237 294.94
108 68 289.653
108 113 267.632
108 156 319.125
108 245 267.516
109 13 112.987
109 30 129.919
109 42 201.035
109 85 139.327
109 103 133.357
109 106 164.424
109 122 110.35
109 127 101.588
109 135 228.826
109 148 120.435
109 236 139.791
110 72 151.448
110 120 296.458
110 137 136.352
110 196 155.789
110 199 131.124
111 46 516.395
111 67 664.992
111 105 337.527
111 124 280.195
111 201 285.617
112 1 705.523
112 104 256.238
112 110 554.375
112 138 520.491
112 201 298.891
112 229 243.519
112 244 501.54
113 45 1316.26
113 102 479.786
113 131 1109.32
113 209 374.403
114 45 323.482
114 76 225.19
114 102 300.406
114 131 242.122
114 164 330.622
115 26 200.89
115 30 194.774
115 42 107.671
115 103 277.827
115 122 189.976
115 127 106.178
115 135 137.309
116 14 34.7319
116 49 125.907
116 186 35.1548
116 192 51.997
116 228 35.0879
116 240 62.2003
117 57 460.672
117 86 1561.16
117 130 334.575
117 248 178.537
118 23 129.794
118 46 113.823
118 105 150.058
118 153 194.763
118 176 116.062
119 1 170.424
119 46 129.22
119 67 150.47
119 105 84.7168
119 138 253.443
119 147 103.703
119 201 419.977
120 25 181.563
120 90 210
120 99 425.428
120 128 195.106
120 197 229.859
120 204 318.445
120 223 196.68
121 12 344.053
121 39 588.394
121 65 308.849
121 71 297.984
121 179 380.702
121 233 340.599
121 243 490.55
122 4 482.297
122 17 360.594
122 35 220.677
122 116 500.686
123 23 243.031
123 32 169.823
123 98 162.119
123 153 1053.39
123 176 237.703
124 9 294.281
124 86 111.433
124 121 128.1
124 130 122.895
124 171 106.992
124 172 199.27
124 208 106.414
124 222 132.2
124 242 132.483
124 248 304.6
125 31 84.8066
125 33 148.961
125 53 96.3912
125 80 134.874
125 109 932.995
125 150 61.8935
125 202 79.1698
125 230 299.724
126 1 135.368
126 46 158.754
126 67 127.309
126 79 83.9497
126 105 95.3229
126 138 137.184
126 201 1152.25
127 0 78.9885
127 15 113.237
127 85 231.129
127 106 99.5759
127 189 334.138
127 203 484.352
127 232 292.414
128 14 285.639
128 70 262.91
128 91 403.837
128 118 341.224
128 192 242.581
128 206 1041.13
128 216 282.149
128 220 552.678
128 221 219.927
129 120 116.885
129 137 199.554
129 143 102.118
129 196 153.816
130 52 496.369
130 66 345.351
130 191 265.171
130 214 252.357
130 225 933.337
131 2 146.492
131 47 138.534
131 73 151.575
131 77 168.106
131 97 273.896
131 112 148.911
131 129 140.811
131 142 194.798
131 146 134.003
131 246 158.298
132 18 70.7236
132 27 108.151
132 45 61.1234
132 102 74.139
132 111 114.125
132 114 66.0299
132 132 61.2304
132 177 64.0792
132 198 76.2021
132 205 66.2707
132 209 138.663
133 57 222.37
133 125 214.491
133 130 208.093
133 139 199.215
133 141 237.623
133 184 267.653
133 186 207.839
133 190 447.3
133 218 238.159
134 2 309.503
134 37 381.494
134 47 269.973
134 75 201.267
134 133 214.996
134 142 264.158
134 157 315.347
134 175 406.896
134 211 292.092
134 217 307.163
134 237 285.516
134 239 199.978
135 34 317.123
135 84 258.087
135 88 481.752
135 108 410.523
135 117 271.709
135 136 281.207
135 208 235.348
135 224 368.081
135 227 245.338
136 11 145.952
136 32 92.2858
136 92 1149.22
136 115 264.721
137 10 81.4434
137 43 129.152
137 55 120.387
137 107 118.378
137 155 65.2289
137 162 146.503
137 169 72.0926
137 193 325.612
138 72 410.212
138 120 184.429
138 196 99.6693
138 199 924.762
138 202 153.9
139 14 253.667
139 69 214.893
139 70 207.902
139 82 169.928
139 91 210.85
139 118 356.541
139 167 219.632
139 206 786.795
139 207 172.052
139 216 383.949
139 220 242.996
139 221 216.503
140 2 134.147
140 16 88.9067
140 37 103.632
140 47 125.666
140 133 130.314
140 142 100.588
140 157 83.3709
140 165 99.5231
140 175 594.614
140 211 233.409
140 217 176.08
140 237 124.156
141 38 302.158
141 70 390.894
141 91 605.114
141 118 256.93
141 145 218.641
141 206 279.561
141 220 255.57
142 13 225.924
142 30 202.233
142 42 438.664
142 85 235.54
142 103 228.925
142 106 337.019
142 122 199.55
142 127 192.398
142 135 333.487
142 148 173.814
142 236 196.468
143 7 318.661
143 11 287.946
143 32 241.485
143 92 221.741
143 115 338.039
143 141 246.586
144 72 25.094
144 120 23.6989
144 137 21.2899
144 149 43.1946
144 150 23.2025
144 196 27.6367
144 199 20.7939
145 20 135.261
145 22 83.2965
145 36 83.2772
145 59 113.295
145 64 144.717
145 69 80.0189
145 82 98.5138
145 89 102.72
145 93 335.963
145 123 136.039
145 159 165.092
145 160 160.715
145 161 133.737
145 170 96.8221
145 183 79.1135
145 194 144.439
145 221 88.0016
145 249 125.475
146 3 306.068
146 52 676.368
146 66 182.377
146 191 494.737
146 225 512.131
146 235 431.286
147 20 68.7829
147 59 65.6386
147 64 76.4696
147 69 64.8002
147 82 76.8391
147 89 60.3656
147 93 353.168
147 123 114.749
147 145 52.1532
147 159 102.777
147 160 108.133
147 161 94.7905
147 167 60.2018
147 170 80.0288
147 194 73.6822
147 221 70.3726
147 249 72.494
148 33 132.269
148 38 203.533
148 44 117.378
148 199 114.43
148 202 186.441
149 13 224.939
149 41 316.165
149 42 155.456
149 104 220.902
149 110 212.974
149 122 157.884
149 127 259.874
149 140 274.248
149 200 490.592
149 244 232.334
150 43 329.926
150 55 600.987
150 155 375.321
150 162 427.327
150 179 307.465
150 193 354.552
150 243 643.782
151 16 21.8886
151 37 25.8156
151 143 22.3845
151 157 18.6095
151 175 15.1465
151 217 22.0613
151 237 36.4727
152 10 338.229
152 20 391.41
152 36 603.544
152 73 789.532
152 77 331.858
152 107 279.215
152 112 444.183
152 169 452.198
152 183 344.206
152 194 319.076
153 13 98.84
153 106 63.3459
153 200 125.14
153 214 132.992
153 244 76.799
154 5 112.187
154 12 209.86
154 48 178.483
154 54 190.708
154 56 118.105
154 63 156.392
154 71 100.358
154 95 504.048
154 144 183.405
154 163 140.761
155 16 209.326
155 37 393.798
155 120 201.916
155 143 220.526
155 157 295.157
155 217 226.575
155 237 330.104
156 1 190.397
156 46 144.205
156 66 166.463
156 67 102.033
156 79 162.36
156 105 126.012
156 138 134.187
156 201 199.638
156 244 103.294
157 38 443.161
157 44 319.728
157 199 194.659
157 202 226.697
158 50 256.163
158 62 243.469
158 134 460.381
158 166 240.989
158 174 261.297
158 185 395.949
159 9 193.586
159 57 254.151
159 84 208.417
159 86 219.809
159 125 215.856
159 130 459.585
159 190 231.686
159 218 262.543
159 222 275.024
159 242 235.865
159 248 396.135
160 12 69.3937
160 18 90.7358
160 27 62.6745
160 63 194.901
160 94 68.9218
160 95 55.3573
160 114 66.6633
160 132 170.39
160 163 80.871
160 205 82.0843
160 209 66.1719
161 243 515.427
162 22 407.806
162 40 539.656
162 44 419.844
162 59 312.982
162 75 1226.33
162 89 337.435
162 129 470.727
162 146 1675.35
162 157 281.132
162 239 604.482
162 246 971.684
163 8 222.248
163 73 364.876
163 77 2490.77
163 97 298.735
163 107 355.356
163 112 1129.27
163 162 227.073
163 169 546.56
163 179 239.161
163 233 233.201
164 2 126.203
164 16 138.96
164 37 436.873
164 133 139.332
164 157 234.733
164 175 211.041
164 211 147.287
164 217 242.729
164 237 286.284
165 34 475.732
165 60 414.241
165 74 207.911
165 98 272.887
165 108 1006.34
165 136 298.211
166 2 331.487
166 24 105.338
166 47 440.432
166 78 109.655
166 133 103.505
166 142 183.366
166 165 209.798
166 175 175.545
166 211 248.325
166 217 100.319
167 34 291.522
167 60 155.856
167 84 158.66
167 88 245.341
167 108 473.902
167 117 149.812
167 136 227.636
167 224 209.357
168 33 173.127
168 38 170.119
168 44 155.422
168 72 194.825
168 120 141.984
168 199 250.962
168 202 320.994
169 10 296.974
169 20 168.654
169 36 222.198
169 73 336.906
169 77 216.095
169 107 226.074
169 112 300.147
169 128 177.98
169 169 407.652
169 183 178.47
170 34 839.832
170 60 157.341
170 61 106.876
170 74 169.29
170 98 98.5965
170 108 194.461
170 136 636.156
170 212 132.176
170 238 96.8779
171 68 23.3326
171 152 20.9996
171 245 18.1884
171 247 16.7005
172 5 111.403
172 12 213.99
172 18 103.742
172 48 108.482
172 54 111.427
172 63 360.291
172 95 190.287
172 132 135.524
172 144 117.083
172 163 184.132
172 205 101.11
173 2 363.76
173 47 325.031
173 75 297.587
173 97 363.573
173 129 257.853
173 142 529.7
173 146 307.376
173 246 360.543
174 6 163.706
174 19 199.602
174 87 68.7903
174 160 63.1282
174 161 72.3673
174 170 60.5926
175 2 169.359
175 8 136.166
175 24 531.07
175 47 199.59
175 51 243.518
175 65 152.143
175 78 215.29
175 142 148.835
175 165 375.557
175 211 165.203
176 6 330.971
176 20 466.947
176 25 286.466
176 36 292.52
176 64 285.023
176 93 294.545
176 160 531.881
176 161 450.931
176 183 764.332
176 194 330.639
176 249 2170.27
177 8 40.847
177 24 85.5633
177 39 38.9157
177 48 35.4113
177 51 224.047
177 65 58.0763
177 71 67.6246
177 78 36.8745
177 165 41.5353
178 11 208.29
178 23 104.115
178 32 133.658
178 92 207.137
178 115 127.393
178 153 100.527
178 176 142.131
178 223 95.7358
179 62 559.497
179 96 736.657
179 174 465.49
179 177 226.57
179 185 239.096
179 198 365.694
180 7 9.26882
180 57 8.78889
180 125 13.3797
180 130 8.98733
180 139 9.11269
180 141 16.7303
180 184 15.0722
180 190 31.5584
180 218 14.4904
181 8 1.74138
181 73 2.07994
181 77 14.429
181 97 2.12323
181 107 1.91261
181 112 3.43609
181 169 2.27178
181 179 1.74706
181 233 1.7495
182 22 710.515
182 40 594.82
182 44 232.672
182 59 441.601
182 64 304.456
182 75 366.122
182 89 506.606
182 129 836.182
182 145 240.142
182 146 448.605
182 159 299.985
182 194 254.448
182 239 255.735
182 246 493.444
183 21 435.486
183 81 52.7744
183 151 106.493
183 195 42.9871
183 226 57.6486
183 227 47.5055
183 234 56.4146
184 24 490.525
184 48 136.68
184 51 331.098
184 65 156.317
184 71 198.926
184 78 173.315
184 165 175.311
185 124 582.954
185 181 327.046
185 188 435.35
185 215 425.499
185 231 428.852
185 238 319.658
186 28 253.371
186 58 168.207
186 83 98.5625
186 156 783.237
186 210 123.555
187 0 295.58
187 4 343.488
187 17 337.228
187 35 551.434
187 101 1301.67
187 113 326.067
187 158 730.185
188 14 148.17
188 69 86.1229
188 87 99.7316
188 139 143.628
188 167 92.9537
188 207 282.354
188 216 124.28
188 240 82.557
189 62 102.507
189 96 127.835
189 111 94.1109
189 174 90.8189
189 177 96.2606
189 198 223.414
190 6 189.505
190 20 159.007
190 64 116.796
190 93 149.6
190 160 497.986
190 161 371.166
190 170 132.794
190 183 184.388
190 194 128.732
190 249 705.552
191 14 288.689
191 29 293.065
191 49 625.553
191 192 1630.96
191 220 340.723
191 240 289.992
192 116 60.8342
192 154 162.998
192 155 62.7802
192 164 57.604
193 0 139.907
193 15 112.854
193 35 149.719
193 52 102.537
193 101 109.296
193 214 97.7155
193 219 295.854
194 3 285.081
194 100 478.778
194 116 315.623
194 180 463.313
194 182 260.3
195 5 114.321
195 12 104.224
195 48 113.198
195 54 131.596
195 56 112.539
195 63 98.6032
195 95 178.652
195 144 192.041
195 163 132.214
195 168 75.3765
196 38 71.0635
196 44 109.396
196 72 84.589
196 120 69.0909
196 199 109.007
196 202 75.6217
196 239 73.4096
197 1 42.1854
197 46 12.2953
197 67 11.3545
197 79 9.47417
197 105 9.36993
197 110 9.60698
197 138 27.7171
197 201 30.0998
197 244 10.5052
198 137 59.2329
198 149 247.2
198 150 60.7923
198 196 64.263
199 0 55.8234
199 15 83.3711
199 85 93.7878
199 106 54.4609
199 189 157.765
199 203 298.674
199 232 131.806
200 25 451.608
200 90 1645.42
200 99 356.063
200 128 237.532
200 183 173.149
200 197 161.004
200 204 484.685
200 223 211.352
201 31 577.64
201 33 174.787
201 53 493.685
201 80 845.971
201 109 345.479
201 150 194.465
201 230 240.359
202 8 129.692
202 39 129.765
202 55 93.9617
202 65 116.852
202 107 88.1991
202 162 103.388
202 179 408.968
202 233 227.956
202 243 81.6409
203 50 230.779
203 94 20.3046
203 114 18.3509
203 134 19.739
203 166 107.621
203 168 24.0263
203 185 27.9414
203 213 78.3168
204 32 237.47
204 34 327.385
204 60 1329.44
204 61 453.51
204 74 326.956
204 98 603.554
204 108 265.717
204 136 272.149
205 212 143.529
205 226 233.965
206 9 357.397
206 57 244.67
206 86 301.353
206 121 203.144
206 130 330.59
206 172 280.497
206 222 242.463
206 242 233.865
206 248 986.623
207 14 111.12
207 69 87.0044
207 87 115.903
207 139 257.733
207 167 93.7702
207 184 92.0748
207 207 647.077
207 216 108.021
207 240 78.5407
208 14 206.546
208 69 151.45
208 87 169.881
208 139 197.443
208 167 165.765
208 170 118.617
208 206 114.703
208 207 408.131
208 216 238.154
208 240 109.217
209 20 83.8717
209 22 116.897
209 36 133.636
209 59 95.7653
209 64 93.8565
209 73 141.048
209 77 94.4805
209 89 100.929
209 97 87.6993
209 112 98.222
209 129 126.859
209 146 79.7846
209 194 95.7521
209 246 96.7434
210 18 308.414
210 27 328.465
210 50 288.117
210 94 425.217
210 114 485.179
210 132 218.567
210 166 381.175
210 168 264.322
210 185 240.913
210 198 237.576
210 205 356.001
210 213 340.033
211 3 267.32
211 35 412.923
211 52 425.489
211 101 216.324
211 191 301.196
211 219 255.528
211 225 274.93
211 235 561.01
212 2 266.174
212 24 122.071
212 47 392.07
212 78 117.363
212 133 95.4399
212 142 170.811
212 165 261.048
212 175 142.992
212 211 203.569
212 217 88.9906
213 60 58.3569
213 61 158.195
213 74 105.003
213 124 62.2819
213 181 62.246
213 188 89.9082
213 212 56.632
213 215 72.8913
213 238 88.1214
214 1 191.203
214 46 468.274
214 66 193.802
214 67 209.606
214 79 354.284
214 105 386.625
214 138 171.359
214 201 326.813
215 24 330.257
215 48 337.635
215 51 287.289
215 54 297.939
215 71 296.563
215 78 231.25
215 241 229.132
216 0 725.949
216 15 244.093
216 35 276.608
216 101 472.727
216 113 337.209
216 158 475.629
216 219 242.229
216 245 271.195
217 16 719.394
217 133 316.803
217 143 1673.12
217 217 355.304
217 237 414.313
218 0 42.0706
218 15 157.051
218 85 38.313
218 106 33.7636
218 189 40.4837
218 203 67.0817
218 214 32.5676
218 219 36.9617
218 232 37.2486
219 10 241.286
219 43 247.775
219 55 252.901
219 107 374.922
219 112 155.092
219 162 344.618
219 169 218.543
219 193 562.117
220 2 239.858
220 37 146.703
220 47 213.247
220 133 152.363
220 142 172.841
220 157 123.059
220 165 141.5
220 175 428.617
220 211 283.852
220 217 194.348
220 237 152.168
221 116 36.0001
221 154 85.5386
221 155 37.3491
222 66 313.819
222 79 276.017
222 173 216.384
222 191 190.636
222 225 176.842
223 116 290.704
223 154 801.2
223 155 430.849
224 18 164.89
224 27 256.253
224 102 159.293
224 111 420.301
224 114 168.278
224 177 198.877
224 198 299.956
224 205 160.208
224 209 234.131
225 0 36.6216
225 15 52.7764
225 35 27.4601
225 52 28.6239
225 214 50.5796
225 219 233.433
226 120 294.714
226 137 442.501
226 149 1003.34
226 196 508.35
227 33 113.421
227 38 154.809
227 91 101.422
227 202 105.295
227 230 91.9139
228 20 77.475
228 22 109.412
228 36 118.963
228 40 45.0448
228 59 100.625
228 64 107.766
228 73 65.3507
228 89 104.931
228 129 100.331
228 159 57.6842
228 194 110.51
228 246 51.3348
229 62 214.959
229 96 242.069
229 111 315.614
229 177 470.943
229 198 399.242
230 0 50.5995
230 15 326.03
230 85 43.0083
230 106 40.389
230 189 43.8224
230 203 69.5962
230 214 42.2681
230 219 48.4469
230 232 40.6335
231 10 254.575
231 20 505.124
231 36 845.835
231 59 251.913
231 64 306.169
231 73 571.497
231 77 254.057
231 112 317.549
231 169 306.519
231 183 357.017
231 194 376.047
231 249 268.548
232 12 139.669
232 63 140.683
232 243 305.218
233 7 73.2398
233 11 56.4541
233 32 57.7828
233 60 47.3739
233 98 48.1311
233 108 55.6211
233 115 49.8584
233 141 45.4192
234 9 43.454
234 121 20.5044
234 126 16.8887
234 171 21.5258
234 172 80.7271
234 195 16.6629
234 208 15.0612
234 222 15.3015
234 242 16.0638
234 248 20.3927
235 22 449.323
235 40 6087.06
235 44 330.802
235 59 396.584
235 64 292.866
235 75 349.344
235 82 285.473
235 89 421.233
235 123 267.091
235 129 444.152
235 145 402.057
235 146 389.729
235 159 358.432
235 239 298.702
235 246 368.992
236 37 306.589
236 40 349.619
236 44 1127.72
236 75 524.507
236 146 457.601
236 157 432.25
236 239 1338.27
236 246 359.791
237 29 39.5834
237 80 32.765
237 109 33.762
237 230 40.1207
238 41 217.379
238 104 359.018
238 110 275.41
238 119 408.435
238 140 163.782
238 229 428.177
239 46 148.769
239 61 169.152
239 67 140.531
239 105 160.023
239 124 152.414
239 153 147.27
240 5 105.58
240 12 149.946
240 48 238.653
240 54 291.125
240 56 140.291
240 63 111.535
240 71 98.7322
240 95 417.19
240 144 254.081
240 163 115.2
241 16 312.526
241 143 765.09
241 217 228.069
241 237 293.382
242 31 212.485
242 33 204.945
242 53 219.586
242 80 638.319
242 109 586.136
242 202 129.093
242 230 391.798
243 11 310.029
243 32 469.48
243 34 219.317
243 60 372.617
243 98 467.752
243 108 263.255
244 99 310.535
244 173 266.944
244 180 245.466
244 197 390.491
244 204 233.461
244 223 251.578
245 6 4.60151
245 19 11.2832
245 87 6.16429
245 139 6.68556
245 167 4.17313
245 170 4.28819
245 184 6.16153
245 207 5.2649
246 9 124.509
246 57 132.642
246 86 173.563
246 130 184.755
246 172 102.831
246 222 98.5134
246 242 93.6671
246 248 365.159
247 0 101.4
247 15 128.555
247 35 98.5801
247 52 138.46
247 214 193.331
247 219 402.351
247 225 110.922
248 0 379.25
248 4 322.986
248 17 308.241
248 35 1384.94
248 101 1121.71
248 113 299.73
248 158 548.312
248 219 318.766
249 62 643.447
249 96 1282.76
249 166 140.34
249 174 474.042
249 185 234.538
249 198 171.542
