100 100 689
1
1
1
1
1
1
1
1
1
1
1
1
1
1
1
1
1
1
1
1
1
1
1
1
1
1
1
1
1
1
1
1
1
1
1
1
1
1
1
1
1
1
1
1
1
1
1
1
1
1
1
1
1
1
1
1
1
1
1
1
1
1
1
1
1
1
1
1
1
1
1
1
1
1
1
1
1
1
1
1
1
1
1
1
1
1
1
1
1
1
1
1
1
1
1
1
1
1
1
1
0 17 152.456
0 19 200.917
0 38 289.475
0 39 369.815
0 54 143.878
0 63 294.768
0 91 286.306
1 10 239.364
1 19 134.758
1 29 146.691
1 76 135.118
1 91 115.805
2 17 140.507
2 84 131.594
2 93 177.481
2 96 440.696
3 5 186.077
3 18 291.598
3 48 155.49
3 60 201.612
3 97 161.258
4 24 223.514
4 35 161.185
4 49 322.226
4 97 72.9615
4 99 546.37
5 0 131.169
5 20 362.728
5 31 194.189
5 53 413.315
5 73 187.346
5 74 152.483
5 88 115.669
6 11 38.3112
6 41 27.3999
6 43 22.3363
6 81 172.638
6 85 23.2434
7 9 149.979
7 13 99.3694
7 36 350.458
7 62 228.93
7 66 84.9248
7 80 133.44
8 23 133.735
8 32 470.637
8 55 334.557
8 61 438.129
8 78 491.204
9 5 229.163
9 18 75.6748
9 41 112.905
9 85 127.509
10 6 60.4764
10 7 217.981
10 13 67.7632
10 18 42.5697
10 62 49.8098
10 65 56.6197
10 72 46.9118
10 82 65.0656
10 86 105.77
11 14 501.227
11 22 187.194
11 26 337.487
11 37 233.684
11 59 269.715
11 68 645.577
11 69 350.186
11 87 204.413
11 94 213.805
11 95 234.731
12 19 244.926
12 71 115.588
12 91 179.002
12 93 125.544
12 98 185.312
13 3 409.125
13 4 304.258
13 40 229.203
13 52 204.518
13 90 296.09
14 12 77.5853
14 40 102.302
14 52 82.1103
15 6 256.061
15 7 133.371
15 65 91.2139
15 72 111.683
15 82 18544
15 86 298.076
16 1 274.592
16 14 238.585
16 21 268.022
16 22 335.44
16 25 215.778
16 30 172.136
16 34 166.302
16 59 243.575
16 68 286.15
16 94 260.694
16 95 267.875
17 0 28.3152
17 15 89.2948
17 18 21.4884
17 31 21.4257
17 45 29.2379
17 48 28.691
17 60 252.829
17 73 27.6832
17 74 33.1011
17 88 27.5904
17 97 21.7184
18 6 20.419
18 7 36.5704
18 13 44.957
18 36 22.8706
18 62 31.6265
18 82 24.7124
18 86 39.4096
19 1 214.156
19 21 226.403
19 22 192.296
19 24 103.433
19 25 530.396
19 30 157.151
19 34 373.589
19 97 126.622
20 54 203.604
20 67 587.685
20 70 312.232
21 2 133.454
21 9 100.513
21 44 104.86
21 50 165.482
21 58 183.821
21 66 111.63
21 80 95.0927
22 17 49.736
22 19 55.8422
22 38 110.144
22 39 68.3377
22 63 56.8573
22 91 77.9855
23 6 37.3947
23 7 44.1245
23 18 33.0571
23 45 39.1695
23 48 47.8866
23 65 848.106
23 72 59.5534
23 77 28.9486
23 82 27.4684
23 86 28.6544
23 88 38.3043
24 15 25.6569
24 18 46.2796
24 45 25.7164
24 48 30.5481
24 60 40.0766
24 88 23.8306
25 10 41.1407
25 19 118.197
25 63 63.1115
25 91 95.477
26 12 369.273
26 26 169.661
26 37 231.906
26 59 172.929
26 68 164.289
26 69 429.917
26 87 372.131
27 2 27.7473
27 44 28.9885
28 1 70.2589
28 21 70.642
28 22 78.6737
28 24 106.453
28 25 79.4742
28 35 64.9129
28 49 135.946
28 99 130.326
29 1 187.149
29 14 848.386
29 21 181.788
29 22 193.812
29 26 319.185
29 30 176.49
29 37 173.524
29 59 211.361
29 68 961.23
29 69 231.449
29 94 176.324
29 95 191.521
30 9 178.879
30 11 206.346
30 13 166.928
30 36 202.414
30 42 230.126
30 43 307.142
30 46 235.604
30 62 184.482
30 66 226.335
30 80 282.413
31 6 703.911
31 7 418.707
31 48 193.733
31 65 456.936
31 72 611.964
31 77 209.533
31 82 351.318
31 86 334.29
32 23 164.53
32 32 312.237
32 38 177.344
32 39 192.88
32 55 411.136
32 61 298.619
32 78 165.239
33 0 496.859
33 15 328.55
33 31 275.364
33 60 212.499
33 73 216.271
33 74 279.077
34 1 65.1689
34 21 67.738
34 22 61.5318
34 24 49.3335
34 25 123.576
34 30 51.8171
34 34 96.437
34 97 70.9221
35 6 1.57637
35 7 1.5688
35 18 1.55987
35 20 1.53993
35 45 2.31372
35 48 2.42637
35 53 1.52358
35 65 2.45798
35 72 2.02108
35 73 1.55926
35 77 1.70823
35 88 2.34137
36 6 178.618
36 7 340.604
36 13 497.263
36 36 205.8
36 62 284.939
36 82 210.27
36 86 322.645
37 6 239.43
37 7 289.27
37 18 231.09
37 45 276.242
37 48 346.354
37 65 2748.65
37 72 376.385
37 77 190.252
37 82 177.241
37 86 185.872
37 88 268.62
38 6 106.677
38 7 365.885
38 13 140.411
38 18 102.789
38 62 92.8574
38 65 120.59
38 72 91.3358
38 82 107.991
38 86 154.212
39 8 48.0141
39 16 37.7417
39 33 39.6779
39 42 88.598
39 43 55.7922
39 46 143.064
39 51 43.3914
39 56 45.97
39 66 46.2304
39 75 48.1151
39 79 43.0431
39 80 42.365
39 84 40.0837
40 50 102.801
40 82 106.504
40 92 358.395
41 5 240.36
41 41 729.269
41 81 191.527
41 85 364.229
42 5 151.607
42 7 114.702
42 13 120.001
42 18 175.466
42 41 126.578
42 85 109.307
43 15 165.209
43 24 173.109
43 35 161.237
43 60 189.6
43 97 597.042
44 1 107.038
44 14 55.7844
44 21 107.43
44 22 133.821
44 24 63.9824
44 25 110.53
44 30 58.1146
44 34 67.1779
44 49 64.3438
44 68 59.1025
44 94 53.6202
44 95 53.6668
44 99 64.7722
45 3 98.787
45 4 130.783
45 26 84.3528
45 40 117.641
45 47 84.9573
45 52 156.453
45 76 82.3485
45 90 944.721
46 5 306.629
46 18 208.468
46 41 154.358
46 85 152.18
47 1 213.17
47 14 732.167
47 21 206.533
47 22 208.217
47 26 347.86
47 30 243.76
47 34 156.278
47 47 199.269
47 68 379.22
48 0 29.2173
48 15 8.63526
48 20 6.75274
48 31 29.7407
48 45 6.06011
48 53 6.96453
48 60 6.42752
48 73 13.4251
48 74 18.1409
48 88 6.16776
49 3 102.186
49 4 93.3748
49 29 109.716
49 54 85.7948
49 67 172.068
49 70 88.5859
50 8 95.9578
50 11 84.7923
50 28 239.212
50 42 110.759
50 43 91.7742
50 71 1968.63
50 84 132.442
50 93 104.781
50 98 145.06
51 40 627.155
51 52 269.641
51 90 169.05
52 8 79.9333
52 16 63.3647
52 33 45.8095
52 42 38.0849
52 46 46.5269
52 51 257.989
52 56 171.83
52 75 77.2632
52 79 272.357
52 84 49.0249
52 89 43.9481
53 5 109.252
53 41 132.582
53 57 333.685
53 64 130.436
53 83 342.737
53 85 162.378
54 1 61.6515
54 14 105.73
54 21 58.4192
54 22 61.6639
54 25 35.7654
54 26 37.7106
54 30 54.0932
54 34 35.7504
54 47 28.9735
54 59 28.0198
54 68 74.4587
55 6 6.65968
55 72 5.20376
55 77 4.60734
55 82 6.10576
55 86 4.61475
56 8 95.7346
56 16 246.388
56 33 215.142
56 42 77.4528
56 46 150.449
56 51 191.858
56 56 263.086
56 66 81.8276
56 75 796.464
56 79 184.027
56 89 82.9514
57 11 23.7492
57 41 35.0993
57 57 22.8748
57 81 36.9852
57 83 34.401
57 85 35.6058
58 1 65.7929
58 21 66.1204
58 22 57.9693
58 25 58.5713
58 30 125.976
58 34 90.1711
58 47 77.1264
58 57 120.677
58 64 62.8898
58 83 61.1328
59 6 50.7536
59 7 55.9893
59 18 49.8168
59 45 73.2173
59 48 91.3923
59 65 254.254
59 72 85.3407
59 77 46.6511
59 88 71.5571
60 19 161.139
60 23 175.821
60 38 154.726
60 39 364.395
60 54 357.911
60 63 667.288
60 70 186.998
60 91 197.27
61 0 280.288
61 15 176.799
61 20 278.515
61 31 433.228
61 45 180.748
61 48 145.116
61 53 294.196
61 60 145.246
61 73 712.419
61 74 447.454
61 88 190.673
62 32 50.2964
62 55 39.4706
62 61 38.9975
62 78 943.323
63 15 135.477
63 24 180.812
63 25 137.445
63 35 159.11
63 60 149.17
63 97 1122.73
64 28 151.357
64 42 72.3807
64 71 329.13
64 84 94.3883
64 93 117.325
64 98 164.564
65 2 298.664
65 44 73.995
65 50 98.9932
65 58 130.775
66 17 151.182
66 23 139.408
66 32 237.06
66 38 189.059
66 39 184.359
66 55 301.94
66 61 218.135
66 78 135.644
67 5 65.5728
67 18 69.3329
67 60 49.5421
67 97 50.2767
68 10 202.391
68 47 259.378
68 57 409.822
68 64 721.876
68 76 232.161
68 83 325.943
69 23 2.44126
69 39 2.06702
69 54 3.87936
69 63 2.18727
69 67 2.35286
69 70 10.7582
70 17 799.35
70 38 274.995
70 93 248.033
71 10 5.19602
71 19 6.22494
71 29 5.92262
71 54 6.22293
71 63 7.85545
71 70 4.96365
71 91 6.27602
72 3 4.86014
72 4 6.49953
72 26 5.7356
72 29 4.95938
72 40 5.28737
72 47 6.98949
72 52 7.04862
72 64 5.20964
72 76 5.90212
72 90 15.7932
73 3 279.229
73 4 119.909
73 67 124.459
74 1 250.578
74 14 1332.02
74 21 242.392
74 22 263.105
74 26 315.547
74 30 223.935
74 37 199.06
74 59 256.986
74 68 2939.3
74 69 249.354
74 94 218.402
74 95 237.161
75 41 2.95028
75 57 3.25629
75 64 3.02095
75 81 3.0831
75 83 5.47961
75 85 3.06543
75 98 2.99191
76 8 549.85
76 42 169.327
76 51 289.589
76 56 247.485
76 75 180.255
76 79 297.999
76 84 414.254
76 89 173.163
76 96 252.668
77 10 88.8091
77 19 71.3356
77 29 62.5164
77 63 49.9918
77 76 55.3075
77 91 60.3573
78 2 195.918
78 9 198.571
78 33 190.038
78 44 209.694
78 50 229.469
78 58 244.2
78 66 264.558
78 80 207.079
79 19 344.995
79 39 209.038
79 54 234.178
79 63 465.816
79 91 373.794
80 19 298.338
80 91 204.055
80 98 177.762
81 11 101.208
81 13 303.351
81 36 114.093
81 43 92.5989
81 62 138.458
81 81 102.883
82 10 66.6927
82 28 59.5037
82 83 69.4708
82 98 90.5244
83 9 71.0576
83 36 68.8004
83 62 68.9098
83 82 80.0332
83 86 74.52
83 92 100.161
84 0 7.8376
84 15 5.05248
84 31 6.2509
84 73 4.53272
84 74 5.18636
85 14 121.021
85 37 313.283
85 59 1364.15
85 68 151.636
85 69 194.735
85 87 149.717
85 94 658.078
85 95 900.651
86 1 17.3668
86 21 17.2586
86 22 19.4872
86 24 17.6516
86 49 23.8921
86 59 21.5257
86 68 16.9546
86 94 27.1458
86 95 25.5471
86 99 21.4495
87 16 182.869
87 27 271.625
87 33 248.631
87 44 554.376
87 75 168.438
88 40 314.176
88 52 228.973
89 1 262.832
89 14 223.301
89 21 256.569
89 22 322.601
89 25 206.559
89 30 163.251
89 34 158.31
89 59 224.709
89 68 266.089
89 94 240.535
89 95 246.815
90 0 121.857
90 15 108.417
90 35 140.574
91 19 254.703
91 29 156.25
91 39 183.169
91 54 232.324
91 63 414.302
91 70 161.541
91 91 275.028
92 24 190.011
92 25 90.1095
92 35 161.169
92 49 100.843
92 97 401.744
92 99 118.938
93 3 323.894
93 4 147.322
93 67 130.196
93 90 104.588
94 2 206.286
94 50 492.882
94 58 320.735
94 92 281.693
95 2 157.16
95 50 535.207
95 58 284.499
95 92 145.198
96 6 26.447
96 65 21.0492
96 72 41.644
96 77 51.3365
96 82 18.2762
97 3 879.643
97 4 149.117
97 29 68.8682
97 67 63.5775
97 90 67.2527
98 6 49.6671
98 20 70.0946
98 45 93.3046
98 48 80.5045
98 53 66.7055
98 65 76.737
98 72 87.2728
98 73 57.7712
98 74 48.5982
98 77 104.522
98 88 103.359
99 15 190.076
99 18 222.933
99 20 171.872
99 45 931.759
99 48 2631.42
99 53 168.485
99 60 234.164
99 65 322.203
99 72 213.718
99 73 219.228
99 74 201.26
99 77 172.42
99 88 744.089
