150 150 1093
0 9 74.5805
0 14 125.494
0 62 226.274
0 91 82.4205
0 115 90.4119
0 125 106.83
1 7 334.251
1 16 217.893
1 27 286.848
1 85 447.363
1 97 521.809
1 114 315.038
1 140 323.644
2 11 243.385
2 22 172.413
2 73 403.698
2 110 187.859
2 126 480.245
2 147 197.953
3 8 285.412
3 19 135.071
3 59 128.437
3 83 162.835
3 100 175.636
3 122 571.557
3 148 457.584
4 10 166.524
4 21 309.097
4 25 163.465
4 61 137.454
4 63 142.718
4 89 149.064
4 109 222.375
4 116 209.036
4 131 197.324
4 142 131.361
5 1 39.5542
5 3 37.3714
5 24 210.921
5 34 35.4407
5 52 114.922
5 64 109.151
5 74 98.6514
5 86 37.1309
5 96 43.0693
5 101 46.4787
5 111 44.6706
5 119 46.7698
5 120 34.1027
5 138 45.1174
5 141 202.292
6 51 284.357
6 62 244.196
6 67 268.404
6 68 411.247
6 91 597.459
6 129 206.617
7 5 54.9943
7 45 70.9495
7 49 80.1299
7 65 139.601
7 98 42.2496
7 146 157.87
8 50 55.7227
8 72 103.234
8 79 66.0261
8 101 79.8259
8 119 74.1268
8 121 67.3243
8 138 52.3449
8 143 48.713
9 60 436.514
9 92 249.002
9 112 313.463
10 23 210.511
10 28 405.314
10 29 292.153
10 31 208.579
10 39 204.412
10 40 222.353
10 43 260.045
10 69 586.207
10 95 205.21
11 87 294.926
11 108 148.818
12 0 41.7388
12 4 43.4585
12 18 130.487
12 37 72.3079
12 46 54.7102
12 53 54.6436
12 57 37.2458
12 61 51.7413
12 89 40.2541
12 124 46.3816
12 136 96.2649
13 19 205.955
13 59 146.16
13 81 163.454
13 82 198.474
13 83 141.397
13 100 313.205
13 106 194.659
13 122 161.275
13 148 195.481
14 14 292.175
14 87 291.836
14 108 342.667
15 3 276.337
15 24 204.932
15 34 200.706
15 52 394.854
15 64 163.164
15 72 240.882
15 74 440.541
15 86 390.07
15 101 306.74
15 111 172.594
15 119 376.428
15 120 437.763
15 138 1326.68
15 141 259.954
16 2 80.119
16 26 79.9935
16 93 131.941
16 102 124.26
17 8 56.4953
17 19 516.643
17 83 159.35
17 100 158.209
17 122 81.5047
17 148 82.6515
18 0 4.54835
18 2 5.69149
18 46 5.60148
18 57 5.51317
18 93 6.01597
18 102 4.85236
19 4 77.6221
19 31 30.1496
19 37 30.2979
19 53 28.3295
19 116 28.8372
19 134 54.1661
19 136 55.9717
20 4 263.855
20 23 173.037
20 31 199.252
20 134 508.416
20 136 227.799
21 7 100.224
21 16 94.3504
21 27 196.326
21 85 132.511
21 97 222.405
21 114 239.149
21 140 238.611
22 13 215.5
22 44 206.09
22 80 260.588
22 118 189.056
22 127 197.163
22 128 210.577
22 135 441.816
22 149 203.802
23 12 40.0291
23 50 56.5457
23 70 58.0838
23 79 188.516
23 105 42.8425
23 143 153.646
24 10 249.575
24 17 287.958
24 21 212.028
24 89 238.371
24 109 2287.42
24 131 528.856
25 60 361.631
25 99 174.376
25 112 162.381
25 132 140.26
26 20 187.506
26 41 356.717
26 48 279.822
26 54 412.894
26 55 185.296
26 75 366.434
26 76 485.22
26 106 186.311
26 123 325.408
27 60 60.5494
27 92 126.933
27 99 59.5604
27 112 168.622
28 30 264.212
28 44 201.895
28 47 447.722
28 88 237.241
28 99 174.954
28 118 167.559
28 127 186.919
28 128 189.731
28 132 206.106
28 139 219.969
28 149 129.521
29 10 8.26446
29 17 2.8294
29 21 3.56774
29 25 2.95641
29 38 3.44386
29 63 3.4463
29 77 3.25757
29 109 2.63074
29 113 2.6548
29 131 3.39073
29 144 3.31643
30 6 133.287
30 11 193.333
30 22 198.517
30 51 147.074
30 67 308.292
30 68 175.811
30 71 255.318
30 129 129.965
31 4 93.7116
31 87 100.321
31 134 93.3727
32 13 136.196
32 33 145.909
32 58 129.63
32 90 104.308
32 107 374.068
32 137 103.661
33 30 309.596
33 44 89.7681
33 47 94.6498
33 88 167.805
33 99 91.5403
33 127 120.998
33 128 103.619
33 132 119.089
33 139 128.22
34 6 254.772
34 22 137.274
34 38 161.285
34 63 151.545
34 71 139.017
34 77 289.178
34 110 144.947
34 113 255.22
34 117 220.669
35 62 209.777
35 68 192.8
35 91 561.438
36 23 238.952
36 28 458.147
36 29 322.212
36 31 232.462
36 39 228.252
36 40 248.474
36 43 311.034
36 69 650.128
36 95 240.257
37 50 505.59
37 70 269.059
37 72 276.369
37 79 655.79
37 101 300.843
37 119 270.746
37 143 350.328
38 0 13.1959
38 2 13.4912
38 18 11.5261
38 46 27.7583
38 57 16.1089
38 93 10.8939
38 124 10.8065
39 9 326.963
39 35 257.38
39 42 87.3725
39 51 104.043
39 56 105.132
39 62 121.896
39 66 151.668
39 115 90.4489
39 125 93.7514
40 6 349.043
40 22 224.153
40 38 237.779
40 71 218.288
40 77 337.797
40 110 258.171
40 113 321.426
40 117 467.336
41 7 154.795
41 23 253.458
41 28 208.428
41 43 138.652
41 85 120.148
41 95 275.54
41 104 167.207
42 6 239.431
42 10 265.225
42 21 190.358
42 25 192.716
42 38 263.176
42 63 269.382
42 77 505.01
42 113 305.962
42 144 219.5
43 1 462.355
43 24 530.01
43 50 174.125
43 52 258.446
43 64 280.085
43 74 269.627
43 84 187.138
43 94 212.309
43 96 541.794
43 101 240.226
43 119 222.324
43 138 175.982
43 141 409.935
44 4 45.6251
44 18 34.3951
44 21 28.8898
44 61 119.729
44 89 62.2221
44 116 97.1169
44 124 30.2054
44 136 35.9741
45 1 270.12
45 24 216.479
45 50 372.845
45 52 193.264
45 72 225.547
45 74 213.811
45 79 267.057
45 84 202.007
45 96 245.29
45 101 363.853
45 119 303.388
45 138 194.903
45 141 227.14
45 143 184.818
46 9 193.597
46 35 98.6482
46 42 245.727
46 56 191.92
46 66 413.128
46 115 124.296
46 125 114.294
46 133 137.307
47 35 60.3591
47 51 89.4641
47 62 118.804
47 68 105.807
47 91 212.833
48 14 313.084
48 62 371.118
48 91 185.063
48 115 128.082
48 125 146.518
49 6 98.5117
49 10 143.994
49 21 108.107
49 25 106.434
49 38 110.271
49 63 158.651
49 77 228.152
49 103 83.1933
49 113 132.564
49 131 79.9755
49 144 96.4004
49 145 85.0999
50 12 493.278
50 50 309.826
50 70 455.682
50 78 738.312
50 79 231.43
50 84 253.705
50 94 170.249
50 105 251.091
50 130 250.025
50 143 224.621
51 20 126.265
51 33 121.951
51 36 188.351
51 41 119.537
51 58 133.98
51 75 126.508
51 76 118.414
51 80 117.843
51 90 183.29
51 137 179.755
52 87 260.358
53 23 171.042
53 28 319.619
53 29 284.57
53 31 203.075
53 39 180.94
53 40 188.22
53 43 140.749
53 69 344.941
53 95 128.349
54 50 398.058
54 70 283.79
54 72 244.349
54 79 861.77
54 101 236.851
54 105 215.405
54 119 219.502
54 143 452.285
55 1 195.484
55 3 217.794
55 24 522.438
55 34 188.437
55 52 1072.06
55 64 290.979
55 72 212.233
55 74 1945.53
55 86 238.089
55 96 203.771
55 101 405.175
55 111 203.217
55 119 424.189
55 120 231.582
55 138 381.264
55 141 991.386
56 81 316.712
56 110 189.399
56 117 327.108
57 7 95.7242
57 16 125.981
57 27 107.687
57 85 102.358
57 97 314.282
57 98 89.9711
57 114 111.196
57 140 117.75
58 21 28.2151
58 61 48.9276
58 89 64.1823
58 109 37.4308
58 116 49.4386
58 124 23.9579
58 131 26.138
59 1 139.352
59 24 113.919
59 50 241.387
59 70 110.158
59 72 138.617
59 74 116.11
59 79 184.218
59 84 113.749
59 96 127.253
59 101 200.669
59 119 170.074
59 138 111.326
59 141 120.021
59 143 121.152
60 7 103.387
60 23 125.381
60 87 136.198
60 95 116.018
60 104 441.026
60 108 115.517
61 3 140.73
61 8 135.476
61 15 132.414
61 19 193.589
61 32 147.633
61 34 153.07
61 83 323.608
61 86 123.109
61 100 141.659
61 122 137.627
61 148 125.019
62 5 38.012
62 45 33.7662
62 49 258.996
62 65 167.549
62 108 47.7089
62 146 160.9
63 16 281.93
63 27 1053.87
63 97 459.891
63 98 171.76
63 114 791.072
63 140 998.311
64 9 179.173
64 35 294.351
64 51 332.678
64 62 236.478
64 68 256.813
64 91 189.119
65 51 97.1607
65 62 87.0884
65 67 105.461
65 68 135.89
65 91 211.614
65 129 84.8082
66 0 194.74
66 4 175.206
66 18 263.574
66 61 1068.25
66 89 809.318
66 116 250.922
66 124 274.574
66 136 184.642
67 8 146.255
67 19 493.06
67 82 128.335
67 83 262.43
67 100 2735.78
67 122 248.777
67 148 292.241
68 7 206.103
68 49 221.707
68 87 299.227
68 95 204.663
68 104 5790.76
68 108 315.735
69 87 236.04
70 56 122.474
70 72 190.938
70 79 118.545
70 101 117.127
70 119 115.343
70 121 238.664
71 7 226.149
71 23 378.416
71 28 252.385
71 87 288.267
71 95 284.454
71 104 541.62
72 42 214.049
72 56 211.988
72 105 237.281
72 133 522.18
72 143 245.152
73 12 3218.46
73 50 224.682
73 70 721.692
73 78 376.318
73 79 229.105
73 105 585.33
73 130 187.793
73 143 280.631
74 6 122.697
74 11 115.009
74 22 136.285
74 51 114.13
74 67 909.703
74 68 145.136
74 71 182.257
74 103 113.794
74 113 108.792
74 129 157.728
75 26 38.0913
75 102 26.7561
76 10 2126.74
76 17 159.994
76 21 164.609
76 25 117.526
76 38 171.175
76 63 134.71
76 77 121.264
76 109 137.412
76 131 234.23
76 144 175.787
77 0 289.782
77 2 704.312
77 26 226.384
77 57 356.473
77 60 238.534
77 93 536.437
77 102 333.921
77 124 226.114
78 22 175.048
78 71 143.924
78 81 200.851
78 110 374.059
78 117 539.987
78 126 172.926
79 9 58.7569
79 35 95.6162
79 51 155.957
79 62 79.5487
79 68 116.953
79 91 72.8499
80 4 12.4783
80 61 3.3021
80 116 4.15669
80 134 3.18505
80 136 3.84975
80 142 3.4499
81 11 235.29
81 73 238.71
81 121 223.264
81 147 829.536
82 81 270.929
82 110 199.986
82 117 401.066
83 10 156.807
83 13 160.096
83 17 300.128
83 38 215.642
83 44 170.243
83 47 230.042
83 118 240.297
83 131 159.575
83 144 269.523
83 149 218.212
84 49 62.393
84 65 53.1555
84 87 102.961
84 104 191.843
84 108 123.038
84 146 51.2733
85 9 73.6965
85 42 74.951
85 56 216.089
85 66 105.163
85 79 71.2044
85 133 125.62
85 143 81.0959
86 81 390.434
86 82 147.921
86 100 148.841
86 106 172.913
87 4 750.556
87 18 180.763
87 37 197.617
87 61 202.573
87 116 211.626
87 134 282.422
87 136 437.436
88 2 70.4263
88 26 80.7007
88 57 48.4161
88 93 158.977
88 102 146.157
89 9 208.144
89 35 275.642
89 72 270.215
89 121 725.596
89 147 285.399
90 36 90.4559
90 41 119.505
90 55 435.159
90 76 87.05
91 1 4.60279
91 3 4.72719
91 24 14.4464
91 34 4.34359
91 52 19.6608
91 64 7.47263
91 72 4.26395
91 74 19.4237
91 86 4.89758
91 96 4.82709
91 101 6.70049
91 111 4.8486
91 119 6.81804
91 120 4.66962
91 138 6.43462
91 141 39.4822
92 6 146.03
92 22 164.262
92 71 135.883
92 77 93.9963
92 110 242.495
92 113 107.796
92 117 273.181
92 126 86.8088
93 5 482.198
93 45 171.914
93 49 177.935
93 65 202.18
93 146 212.612
94 41 111.188
94 48 103.383
94 54 213.475
94 59 72.0358
94 75 110.89
94 76 136.597
94 106 69.5451
94 123 123.906
95 16 49.381
95 45 53.6244
95 49 49.7004
95 65 64.0146
95 97 45.8004
95 98 55.9128
95 146 63.7916
96 62 154.022
96 68 118.948
96 91 346.103
97 16 390.736
97 27 1387.86
97 97 621.46
97 98 236.736
97 114 1038.16
97 140 1291.23
98 36 471.547
98 80 48.5256
98 90 35.7419
98 135 38.8354
98 137 35.1213
99 1 242.916
99 24 920.169
99 52 440.938
99 64 1406.54
99 74 393.686
99 96 271.53
99 101 229.368
99 111 265.066
99 119 228.542
99 138 220.352
99 141 625.924
100 3 546.771
100 24 217.412
100 34 334.357
100 52 364.756
100 72 273.154
100 74 369.299
100 86 1261.06
100 101 281.825
100 111 242.663
100 119 324.712
100 120 1409.09
100 138 681.708
100 141 258.701
101 23 218.418
101 87 194.368
101 104 147.701
101 134 219.05
102 0 22.4762
102 2 17.0159
102 57 18.1246
102 60 24.4673
102 61 16.5534
102 89 22.8877
102 109 15.2312
102 124 27.3355
103 6 262.056
103 11 439.299
103 22 519.635
103 51 234.067
103 67 398.268
103 68 261.403
103 71 643.494
103 110 261.545
104 4 43.9564
104 23 42.4556
104 29 44.5652
104 31 102.744
104 37 67.0848
104 39 48.0332
104 40 39.4002
104 53 69.9019
104 134 131.9
104 136 65.4036
105 51 9.94467
105 62 14.2908
105 68 11.7642
105 91 51.243
106 13 717.974
106 33 166.998
106 44 193.228
106 80 223.459
106 107 277.576
106 118 241.436
106 128 172.768
106 135 240.053
106 149 332.015
107 2 201.656
107 26 228.006
107 57 147.42
107 60 187.282
107 93 256.745
107 102 254.573
108 16 541.923
108 27 155.501
108 45 230.941
108 97 223.694
108 98 744.627
108 140 157.659
109 5 196.798
109 45 168.325
109 49 154.478
109 65 206.099
109 146 223
110 7 38.7314
110 85 27.6262
110 95 24.3534
110 97 20.9376
110 104 29.2006
111 26 251.465
112 81 237.018
112 107 292.291
112 117 244.447
113 42 114.791
113 56 233.517
113 66 142.744
113 70 115.705
113 79 161.331
113 105 113.944
113 133 205.162
113 143 195.236
114 13 231.869
114 33 248.143
114 36 311.768
114 58 242.948
114 80 2204.2
114 90 250.906
114 107 229.694
114 135 1037.62
114 137 243.918
115 3 164.371
115 8 164.129
115 19 299.901
115 32 164.333
115 34 172.776
115 73 163.622
115 83 434.526
115 100 200.995
115 122 177.744
115 148 165.051
116 20 222.997
116 41 508.833
116 48 259.616
116 54 279.096
116 55 198.838
116 75 581.678
116 76 1103.5
116 123 281.668
116 137 182.637
117 38 260.217
117 107 218.488
117 117 293.395
117 144 224.305
118 4 877.792
118 18 235.638
118 61 377.489
118 89 247.298
118 116 415.032
118 136 395.519
119 3 358.045
119 15 213.784
119 24 344.911
119 34 305.881
119 52 982.252
119 64 311.381
119 74 670.797
119 86 349.598
119 101 253.441
119 111 335.446
119 119 275.113
119 120 283.963
119 138 359.556
119 141 440.738
120 5 143.859
120 14 193.32
120 49 251.258
120 65 189.317
120 108 194.285
120 146 188.094
121 14 304.861
121 115 190.896
121 125 215.284
122 23 298.602
122 28 305.76
122 29 396.452
122 31 2146.05
122 37 274.767
122 39 353.904
122 40 290.219
122 53 328.722
122 69 245.101
122 134 386.877
122 136 206.805
123 0 205.669
123 2 284.401
123 46 255.475
123 57 268.755
123 93 295.313
123 102 216.745
124 42 305.812
124 115 270.843
124 125 231.953
124 133 195.729
125 9 119.712
125 14 90.5699
125 42 129.36
125 62 99.4838
125 66 115.488
125 115 292.771
125 125 322.842
126 7 120.574
126 49 159.962
126 65 148.331
126 87 140.883
126 104 427.116
126 108 192.45
126 146 142.262
127 8 401.43
127 59 215.544
127 83 209.767
127 100 223.569
127 122 481.542
127 148 440.964
128 3 184.483
128 15 72.1857
128 24 72.9031
128 32 59.1422
128 34 129.588
128 52 141.731
128 64 70.0101
128 74 122.818
128 86 164.072
128 101 66.0776
128 111 105.941
128 119 72.7304
128 120 108.445
128 138 108.968
128 141 86.923
129 3 222.1
129 11 243.72
129 73 933.497
129 86 258.634
129 120 298.726
129 126 233.409
129 147 538.5
130 42 511.947
130 66 195.807
130 115 292.195
130 125 241.883
130 133 239.341
131 0 199.734
131 18 603.661
131 37 278.794
131 46 342.929
131 53 215.708
131 57 182.659
131 61 174.785
131 124 207.334
131 136 242.447
132 11 44.5555
132 19 50.3579
132 73 65.8151
132 110 54.7633
132 126 272.292
133 11 424.164
133 22 209.163
133 67 116.642
133 68 102.995
133 71 187.251
133 73 111.068
133 110 127.67
133 126 120.713
133 147 107.205
134 17 97.6613
134 30 207.634
134 44 120.845
134 47 210.431
134 88 239.134
134 99 201.432
134 118 107.892
134 127 116.307
134 128 116.056
134 132 233.593
134 139 248.05
135 23 71.2174
135 87 141.41
135 104 74.8301
135 134 65.1709
136 9 36.0377
136 35 15.2212
136 42 21.9408
136 56 24.8321
136 66 84.5509
136 115 14.9126
136 125 14.2127
136 133 14.8692
137 7 165.119
137 16 125.551
137 85 147.464
137 97 176.904
137 98 110.819
137 140 106.616
138 1 39.2989
138 3 30.8759
138 24 103.158
138 52 94.0623
138 64 47.6013
138 72 34.8901
138 74 118.499
138 86 33.3927
138 96 40.8964
138 101 72.2721
138 111 30.0097
138 119 69.3543
138 120 33.2688
138 138 51.7953
138 141 176.1
139 23 287.56
139 28 227.025
139 29 212.644
139 31 562.915
139 37 202.319
139 39 202.056
139 40 172.817
139 53 222.742
139 134 615.729
139 136 186.149
140 2 162.158
140 26 944.96
140 93 290.819
140 102 527.759
141 20 18.6823
141 48 29.6936
141 59 16.7065
141 75 15.7498
141 81 14.2563
141 82 27.3672
141 106 50.5247
141 123 22.9123
142 30 243.186
142 44 331.128
142 47 244.621
142 88 169.568
142 118 177.771
142 127 868.148
142 128 513.875
142 132 138.509
142 139 146.358
142 149 142.881
143 11 29.318
143 35 37.6573
143 51 35.4779
143 68 27.1717
143 121 37.6472
143 147 40.2795
144 2 55.4369
144 26 106.625
144 60 49.4533
144 93 81.8448
144 102 98.9671
145 6 395.275
145 10 228.887
145 25 212.537
145 38 235.672
145 63 296.184
145 77 813.302
145 103 206.848
145 113 510.954
145 117 229.47
145 144 201.738
145 145 204.203
146 12 770.841
146 50 183.789
146 70 511.03
146 78 265.645
146 79 202.223
146 105 1082.46
146 143 267.867
147 20 189.276
147 33 132.518
147 36 162.03
147 41 347.041
147 55 144.848
147 58 146.167
147 75 344.762
147 76 367.633
147 90 186.763
147 137 189.118
148 30 77.3763
148 88 100.087
148 92 213.238
148 99 123.096
148 112 391.448
148 132 117.601
148 139 111.129
149 10 219.591
149 17 688.55
149 38 211.366
149 47 246.668
149 99 200.669
149 109 236.852
149 131 299.435
149 144 255.173
