250 250 1787
0 9 317.043
0 12 921.036
0 46 330.148
0 53 469.232
0 65 571.212
0 83 712.3
0 105 574.707
0 130 326.297
0 134 385.6
0 162 336.167
1 7 813.164
1 87 215.696
1 116 213.288
1 127 237.791
1 165 643.772
1 213 644.745
1 218 216.75
2 1 158.392
2 16 379.609
2 92 212.786
2 94 355.001
2 101 891.92
2 132 195.151
2 182 123.831
2 192 122
2 204 142.678
3 28 21.809
3 74 26.5284
3 202 21.6656
3 205 30.9083
3 235 48.3477
3 247 19.8827
4 49 1134.31
4 57 298.151
4 66 514.575
4 135 256.546
4 168 272.081
4 206 350.396
5 22 301.184
5 25 381.503
5 30 286.442
5 52 393.053
5 71 312.832
5 110 617.03
5 115 646.722
5 116 534.06
5 120 460.316
5 164 338.768
5 230 641.784
5 240 382.195
6 17 138.952
6 28 298.147
6 96 220.108
6 202 216.376
6 215 137.129
6 232 747.97
6 239 1773.8
7 15 272.943
7 26 328.144
7 137 716.293
8 12 387.601
8 46 381.638
8 53 595.57
8 65 299.404
8 83 795.129
8 105 324.58
8 130 250.576
8 134 518.325
9 4 481.941
9 23 269.513
9 33 315.696
9 95 1154.14
9 100 281.687
9 182 269.548
9 183 339.862
9 191 387.933
9 200 361.491
10 50 290.382
10 108 241.216
10 185 275.462
10 214 254.488
10 245 508.081
11 166 243.351
11 175 233.444
11 214 422.923
11 245 339.518
12 20 488.64
12 21 218.698
12 32 224.957
12 46 294.948
12 88 251.476
12 113 234.97
12 118 207.65
12 197 1074.61
13 3 233.68
13 81 122.128
13 108 154.956
13 148 113.605
13 166 191.903
13 214 136.968
13 242 132.387
14 22 106.845
14 96 119.686
14 109 171.681
14 128 138.844
14 131 109.712
14 138 153.142
14 156 96.5726
15 7 16.0594
15 63 20.4716
15 127 23.1495
15 165 16.1556
15 213 18.9358
16 175 527.838
16 208 271.45
16 214 228.668
17 74 67.4806
17 193 38.5262
17 195 74.0793
17 205 35.0565
17 221 49.4879
17 225 78.3163
17 235 41.2603
17 247 58.202
18 34 915.467
18 45 363.508
18 91 413.883
18 152 368.288
18 216 489.656
19 50 43.9078
19 185 42.9357
19 245 48.2578
20 19 53.1172
20 170 195.469
21 75 184.926
21 93 83.9621
21 117 123.705
21 132 90.7777
21 145 89.4056
21 146 170.96
21 149 81.9668
21 163 74.696
21 181 151.086
21 188 414.755
22 13 16.7506
22 72 15.2725
22 126 32.9764
22 158 16.1415
22 176 26.5323
22 224 14.3661
22 228 19.734
22 236 29.82
23 50 118.015
23 108 108.297
23 148 79.9704
23 185 99.3179
23 214 66.0856
23 245 81.0951
24 15 13.2388
24 33 8.65004
24 80 10.1807
24 112 9.18543
24 137 9.79341
24 183 10.5421
25 38 279.999
25 68 388.582
25 77 543.566
25 93 296.751
25 173 482.235
25 189 325.614
25 207 705.57
26 38 38.8044
26 68 33.1992
26 77 39.0099
26 84 37.6595
26 119 34.2979
26 171 43.6864
26 173 130.03
26 207 160.321
26 222 33.8109
27 13 326.762
27 31 352.901
27 39 1050.28
27 78 250.896
27 136 445.799
27 194 795.949
27 212 328.375
27 224 267.328
28 1 113.337
28 16 60.4288
28 23 145.259
28 70 56.4062
28 92 83.2916
28 94 67.6633
28 101 79.4841
28 132 71.3009
28 182 113.809
28 192 141.655
29 4 75.6901
29 23 80.7823
29 33 59.5093
29 55 344.766
29 70 97.9495
29 95 65.6852
29 177 59.4726
29 191 77.206
29 192 84.55
29 200 82.5772
30 55 87.5101
30 68 118.55
30 70 176.383
30 75 272.362
30 93 156.438
30 132 87.2379
30 146 158.416
30 181 91.9091
30 188 108.912
31 10 225.607
31 12 213.214
31 65 143.862
31 83 164.336
31 105 393.825
31 130 369.252
31 162 1196.25
31 169 307.442
32 6 109.216
32 27 153.012
32 51 98.2737
32 59 353.122
32 111 114.079
32 121 97.0071
32 147 135.867
32 151 144.107
32 180 186.864
32 199 108.585
32 231 203.834
33 2 151.81
33 47 115.121
33 76 124.455
33 82 176.888
33 121 139.623
33 142 163.853
33 147 115.236
33 226 417.121
34 107 851.566
34 131 211.576
34 155 216.683
34 179 270.519
34 201 798.785
34 228 200.7
35 17 508.832
35 67 1151.99
35 72 293.754
35 96 287.2
35 139 279.89
35 144 409.658
35 156 300.832
35 232 397.031
35 239 373.538
36 34 95.805
36 142 91.2168
36 152 96.0299
36 216 136.568
37 35 24.998
37 62 11.9627
37 90 34.3833
37 98 47.7119
37 100 12.5054
37 114 16.4728
37 123 12.8588
37 154 31.7098
37 186 21.8241
37 203 20.4921
38 30 42.1635
38 71 65.9767
38 110 51.5616
38 115 41.5324
38 116 37.9517
38 120 162.407
38 164 46.856
38 230 43.5217
38 240 73.3271
39 0 119.59
39 11 149.185
39 79 460.011
39 91 89.5706
39 97 91.0129
39 167 328.607
39 187 141.175
39 196 104.846
39 198 115.421
39 237 153.98
39 241 408.141
40 100 301.496
40 123 1460.85
40 186 327.19
41 10 163.312
41 20 210.515
41 46 221.698
41 57 203.505
41 66 167.953
41 83 130.995
41 113 649.052
41 130 130.742
41 197 235.206
41 206 222.909
42 7 243.629
42 87 3504.82
42 109 289.889
42 165 313.002
42 218 1767.28
43 44 120.307
43 95 145.281
43 100 388.664
43 123 130.835
43 186 124.633
44 37 179.308
44 38 262.759
44 60 115.451
44 84 566.018
44 85 98.0591
44 122 114.8
44 129 117.121
44 150 173.927
44 161 132.677
44 173 97.2153
44 178 163.619
44 207 114.392
44 248 99.3312
45 31 41.7849
45 67 18.589
45 72 19.0665
45 136 33.6104
45 194 22.1305
46 35 368.529
46 36 172.478
46 62 187.93
46 90 305.163
46 98 301.183
46 114 273.238
46 123 220.239
46 154 370.654
46 186 367.603
46 203 360.469
47 73 232.254
47 77 213.299
47 189 319.706
48 41 134.954
48 60 103.419
48 153 401.318
48 234 209.138
49 20 203.788
49 46 189.079
49 64 241.472
49 88 338.901
49 159 191.495
49 190 356.289
49 197 260.005
49 227 247.12
50 166 255.157
50 175 690.977
50 184 196.844
50 208 397.334
50 210 232.92
50 211 340.77
51 69 334.957
51 86 258.585
51 126 170.445
51 135 178.541
51 141 668.352
51 219 196.203
51 236 187.424
52 8 163
52 19 642.199
52 43 354.428
52 145 183.931
52 170 225.558
53 64 218.913
54 27 356.607
54 51 477.652
54 59 542.861
54 111 307.018
54 121 330.225
54 147 1234.33
54 151 341.355
54 180 2614.03
54 231 330.031
55 72 297.198
55 126 380.582
55 139 332.021
55 144 232.371
55 155 263.694
55 158 391.812
55 176 492.309
55 179 268.65
55 228 689.36
55 236 229.962
56 15 486.342
56 33 245.137
56 80 338.928
56 112 259.812
56 137 315.403
56 183 304.261
57 25 46.5121
57 63 93.0199
57 127 64.0838
57 213 59.7236
58 18 228.794
58 41 264.448
58 217 819.735
58 234 358.315
59 14 452.712
59 133 239.519
59 143 403.437
59 161 155.203
59 178 128.503
59 222 116.922
59 233 116.946
59 248 208.693
60 26 189
60 73 342.007
60 104 181.443
60 189 187.258
60 229 252.742
61 87 180.957
61 109 400.974
61 131 721.695
61 138 407.016
61 155 263.839
61 179 258.696
61 218 202.123
62 10 254.765
62 20 292.672
62 46 1090.78
62 57 208.248
62 83 316.255
62 113 436.079
62 130 222.246
62 134 209.228
62 197 440.364
62 206 220.894
63 28 114.24
63 142 109.843
63 202 138.075
63 205 94.0558
63 216 105.694
64 125 370.05
64 159 331.69
64 190 304.974
64 227 455.444
65 19 203.879
65 117 335.948
65 149 807.942
65 163 800.077
65 204 191.671
66 18 861.402
66 41 2726.22
66 153 266.141
66 217 326.586
66 229 601.469
66 234 313.387
67 34 381.486
67 45 344.322
67 205 378.569
67 216 910.857
67 247 270.255
68 4 166.616
68 33 123.456
68 44 124.371
68 95 212.522
68 100 127.16
68 183 153.11
68 191 136.39
68 200 124.887
69 3 269.283
69 50 209.481
69 108 382.115
69 148 247.478
69 166 380.97
69 214 539.658
69 242 207.982
69 245 283.503
70 31 52.6682
70 78 36.5036
70 124 44.8269
70 136 37.5819
70 174 45.5895
70 194 32.7972
70 221 66.1003
71 7 6.69103
71 87 8.7465
71 127 6.77219
71 165 8.90791
71 213 5.2409
71 218 7.90782
72 21 1229.86
72 32 326.787
72 48 1363.9
72 64 366.417
72 78 295.866
72 88 446.777
72 118 366.386
72 160 581.568
73 107 354.177
73 126 145.082
73 176 168.118
73 179 135.834
73 201 339.022
73 228 160.239
74 20 63.5271
74 32 65.1058
74 57 67.1118
74 66 38.8488
74 113 38.3051
74 118 52.4482
74 197 42.1137
74 206 49.981
75 31 60.1799
75 67 88.6481
75 74 59.9414
75 136 50.5893
75 235 53.6441
76 6 672.369
76 59 225.095
76 111 316.092
76 151 339.243
76 175 198.182
76 184 922.907
76 199 723.919
76 208 388.458
76 210 11212.9
76 211 256.39
76 231 217.872
77 5 56.5301
77 42 52.3703
77 58 74.4646
77 103 53.5018
77 125 156.473
77 159 57.0961
77 172 57.8364
77 243 59.9453
78 23 99.6934
78 55 99.1655
78 68 98.5219
78 70 209.545
78 75 262.581
78 93 120.502
78 132 126.335
78 146 248.341
78 188 132.898
78 192 114.311
79 6 223.56
79 111 138.674
79 151 152.431
79 175 158.597
79 184 246.162
79 199 234.164
79 208 290.243
79 210 420.733
79 211 271.419
79 231 139.33
80 20 74.9441
80 21 42.6671
80 32 40.3907
80 46 46.0101
80 88 53.042
80 118 37.9048
80 190 38.6351
80 197 117.335
81 10 36.8596
81 12 44.1665
81 46 33.5694
81 53 23.681
81 65 26.4103
81 83 85.7488
81 105 55.0998
81 113 24.0849
81 130 45.0726
81 134 22.3649
81 162 34.2843
81 169 29.9503
82 5 553.826
82 61 644.346
82 85 278.537
82 122 290.491
82 129 281.876
82 157 321.629
82 209 553.883
83 10 317.212
83 49 470.651
83 57 476.816
83 66 1670
83 113 385.053
83 130 249.697
83 168 239.1
83 169 270.089
83 206 730.397
84 28 196.612
84 71 282.536
84 82 583.942
84 120 195.178
84 142 310.281
84 202 228.986
84 215 586.446
84 226 238.513
84 240 217.366
85 35 193.01
85 36 638.538
85 62 1120.38
85 81 108.077
85 90 145.051
85 98 115.957
85 114 307.432
85 148 118.713
85 154 166.527
85 203 213.635
86 44 201.887
86 90 197.115
86 98 232.889
86 100 852.849
86 123 477.684
86 186 581.558
87 87 145.639
87 127 139.561
87 165 105.741
87 218 125.193
88 28 410.999
88 67 144.706
88 96 164.893
88 202 269.114
88 232 395.589
88 239 619.216
89 21 276.584
89 32 258.981
89 39 301.02
89 48 302.442
89 78 591.684
89 118 304.143
89 124 276.567
89 160 502.723
89 174 303.992
89 194 243.487
90 2 196.652
90 24 186.064
90 51 341.813
90 76 187.791
90 147 236.554
90 180 205.313
90 244 260.593
90 249 198.217
91 27 200.293
91 59 153.018
91 211 143.656
91 231 405.134
91 238 168.699
92 3 551.908
92 29 734.279
92 81 332.988
92 99 483.681
92 166 297.957
92 196 562.984
92 238 353.146
92 242 390.814
92 246 309.381
93 63 942.567
93 127 455.414
93 213 293.508
94 75 185.471
94 94 187.776
94 117 1193.47
94 132 238.269
94 145 165.508
94 146 238.371
94 149 367.728
94 163 356.313
94 181 183.09
94 188 402.074
94 204 189.622
95 15 185.066
95 26 229.077
95 137 472.908
96 20 226.407
96 46 446.287
96 53 215.867
96 83 243.768
96 113 209.004
96 134 263.097
96 197 352.039
97 13 195.154
97 126 756.863
97 141 198.26
97 176 408.615
97 228 245.344
97 236 381.263
98 68 146.478
98 70 102.258
98 75 277.86
98 93 280.011
98 119 133.226
98 145 93.2591
98 146 137.13
98 181 173.046
98 188 133.184
99 22 29.5307
99 96 55.6281
99 128 41.2435
99 232 24.9504
99 239 22.1863
100 42 274.967
100 53 241.972
100 102 210.468
100 103 216.412
100 134 206.153
100 172 290.466
101 13 273.574
101 69 346.233
101 86 295.79
101 126 635.074
101 141 409.558
101 176 410.776
101 224 276.789
101 228 271.453
101 236 518.721
102 8 30.0856
102 19 67.7252
102 43 102.213
102 145 59.7306
102 149 31.9703
102 170 29.5489
102 181 31.2019
103 8 3.65149
103 19 6.71154
103 43 10.3117
103 145 6.79355
103 149 3.8758
103 181 3.87707
104 10 70.8085
104 12 47.7733
104 46 32.4307
104 65 31.1084
104 83 47.6436
104 105 83.104
104 113 31.2418
104 130 147.368
104 162 87.6078
104 169 73.4519
105 0 236.547
105 11 184.202
105 15 143.729
105 45 199.602
105 91 153.91
105 137 235.381
105 187 182.284
106 8 175.729
106 19 109.642
106 43 146.378
106 56 150.194
106 170 120.241
107 78 63.9119
107 124 102.2
107 174 92.5556
107 217 100.482
107 221 61.0247
108 27 169.354
108 47 148.973
108 54 276.779
108 79 114.575
108 91 128.467
108 97 613.925
108 121 123.536
108 152 148.324
108 167 157.94
108 237 170.341
109 18 48.8836
109 124 54.2044
109 174 50.3086
109 193 49.8555
109 195 50.3756
109 217 48.4032
109 221 81.8271
109 225 49.0467
110 18 779.155
110 41 568.085
110 217 687.433
110 229 327.818
110 234 304.454
111 50 800.403
111 108 431.642
111 148 370.66
111 185 672.187
111 245 329.218
112 7 8.13064
112 63 16.2102
112 127 17.0944
112 165 8.26948
112 213 9.33858
113 7 78.4517
113 22 140.475
113 110 79.4948
113 115 80.8151
113 116 95.4694
113 128 109.448
113 165 60.1845
113 213 71.0827
114 71 109.129
114 82 48.8649
114 120 52.2054
114 215 68.938
114 240 63.3201
115 35 143.855
115 36 276.272
115 50 220.58
115 62 262.176
115 81 194.476
115 108 188.815
115 114 176.263
115 148 307.748
115 185 219.504
115 203 148.878
115 242 164.621
116 49 898.363
116 57 202.323
116 66 309.212
116 135 212.557
116 168 217.901
116 206 227.719
117 5 113.598
117 40 227.549
117 58 973.383
117 243 238.447
118 7 257.272
118 22 1009.18
118 110 341.26
118 115 300.5
118 116 344.218
118 128 685.68
118 165 209.139
118 213 231.915
119 26 478.131
119 73 153.755
119 104 111.989
119 112 92.3258
119 137 82.6018
119 140 107.846
119 177 94.2561
120 20 249.983
120 49 359.372
120 57 1069.03
120 66 580.959
120 113 293.246
120 135 290.988
120 168 375.792
120 206 694.735
120 219 301.967
121 1 1401.58
121 23 473.314
121 92 533.725
121 94 250.293
121 101 303.052
121 182 875.637
121 192 413.874
122 95 477.237
122 100 503.598
122 123 260.077
122 182 235.247
122 186 225.307
123 4 517.246
123 33 3625.45
123 104 180.57
123 112 942.673
123 140 353.071
123 177 318.062
123 183 670.205
123 191 636.123
123 200 546.053
124 60 74.0864
124 77 196.103
124 189 218.1
124 207 68.3344
125 61 105.553
125 64 82.2387
126 0 82.2131
126 11 97.9517
126 29 77.7873
126 79 190.283
126 97 81.2139
126 167 286.909
126 187 95.1175
126 196 119.768
126 198 94.5657
126 237 113.382
126 238 88.3431
126 241 223.037
127 8 365.527
127 43 255.367
127 56 254.311
127 119 275.126
127 171 438.684
127 222 736.833
127 248 313.205
128 27 807.894
128 47 412.752
128 54 651.687
128 97 322.519
128 121 397.404
128 152 298.447
128 231 230.717
129 10 835.649
129 12 469.447
129 46 352.352
129 65 306.043
129 83 516.654
129 105 770.45
129 113 340.878
129 130 1862.01
129 162 772.43
129 169 770.264
130 2 563.299
130 24 327.135
130 30 377.709
130 71 420.802
130 76 635.103
130 82 433.772
130 120 345.873
130 164 307.719
130 244 386.334
130 249 310.931
131 8 475.643
131 43 466.417
131 56 294.292
131 119 352.9
131 145 398.843
131 171 327.124
131 181 293.015
131 222 426.685
132 20 12.3631
132 21 19.9858
132 48 16.7717
132 64 27.5585
132 88 107.306
132 118 11.9199
132 160 12.3464
132 190 14.8283
132 197 12.6736
133 4 98.9016
133 15 94.6718
133 26 82.0334
133 33 142.827
133 80 89.7194
133 112 158.668
133 137 82.3961
133 140 105.494
133 177 91.6003
133 183 185.286
133 191 102.128
133 200 96.3012
134 7 211.367
134 63 413.835
134 127 790.537
134 165 228.397
134 213 220.7
135 17 91.1151
135 28 125.227
135 67 81.3096
135 96 130.128
135 202 95.9627
135 232 985.317
135 239 622.61
136 69 315.336
136 86 253.151
136 135 200.649
136 141 868.254
136 168 171.411
136 219 209.879
136 236 165.12
137 10 417.512
137 20 288.059
137 46 846.377
137 57 265.103
137 66 256.956
137 83 400.148
137 113 766.622
137 130 337.991
137 169 270.523
137 197 366.279
137 206 297.089
138 1 395.969
138 16 68.2656
138 23 112.984
138 92 162.617
138 94 69.3537
138 101 85.2446
138 182 190.808
138 192 101.128
139 109 74.3168
139 131 140.337
139 138 307.919
139 139 51.1296
139 155 115.841
139 156 70.3088
139 179 83.9651
140 87 245.488
140 107 271.075
140 109 292.405
140 131 404.52
140 138 281.564
140 155 267.618
140 179 294.765
140 201 273.927
140 218 263.205
141 7 806.338
141 22 433.584
141 109 359.075
141 115 308.724
141 116 343.926
141 128 442.745
141 165 611.013
141 213 441.771
141 218 305.348
142 2 737.266
142 24 258.165
142 30 239.111
142 71 254.386
142 76 669.653
142 82 363.636
142 120 211.894
142 226 248.614
142 244 361.031
142 249 249.638
143 50 449.125
143 108 555.796
143 148 378.265
143 166 288.86
143 185 392.198
143 214 446.402
143 245 524.434
144 35 291.3
144 44 548.884
144 89 350.669
144 90 409.726
144 98 556.004
144 100 318.698
144 106 445.197
144 154 334.958
144 186 325.238
145 6 347.077
145 51 260.786
145 59 429.579
145 111 790.891
145 147 199.015
145 151 695.509
145 180 272.561
145 184 247.429
145 199 332.225
145 210 220.258
145 231 204.768
146 109 364.712
146 131 3093.84
146 138 623.211
146 155 375.576
146 156 178.546
146 179 347.296
146 201 183.81
147 64 197.729
147 88 177.936
147 159 186.652
147 190 803.941
147 227 438.976
148 73 219.568
148 77 155.195
148 104 493.601
148 140 204.648
148 177 220.291
148 189 240.961
149 5 165.117
149 61 283.352
149 85 131.055
149 122 118.426
149 157 117.932
149 209 174.734
150 9 131.54
150 53 108.429
150 65 124.666
150 102 461.751
150 223 186.908
151 10 74.2937
151 49 123.232
151 57 63.9204
151 66 102.832
151 130 64.7288
151 169 79.9689
151 206 76.4837
152 16 350.782
152 23 261.791
152 75 270.408
152 94 538.858
152 101 468.218
152 117 240.197
152 132 1532.76
152 146 441.503
152 188 306.053
152 192 286.515
152 204 241.583
153 15 318.807
153 44 501.005
153 80 1568.11
153 106 402.239
153 183 291.421
154 74 605.383
154 195 443.07
154 205 1302
154 216 341.937
154 225 488.236
154 235 956.276
154 247 590.367
155 28 188.485
155 142 105.802
155 202 240.599
155 215 112.26
155 239 104.396
156 9 89.5716
156 12 222.058
156 46 80.3025
156 53 131.617
156 65 166.258
156 83 154.119
156 105 133.815
156 130 78.1012
156 134 104.147
156 162 82.3903
157 31 447.951
157 74 300.035
157 124 324.98
157 136 319.978
157 174 321.389
157 221 752.421
158 8 102.25
158 14 109.616
158 56 91.5315
158 133 83.9255
158 143 105.018
158 161 81.3728
158 171 82.4483
158 222 102.441
158 248 111.075
159 44 440.505
159 95 332.247
159 100 480.827
159 183 258.957
159 186 253.092
160 19 294.283
160 43 264.131
160 117 404.489
160 145 352.103
160 149 524.319
160 163 355.139
160 181 251.472
160 188 250.404
161 7 204.822
161 22 274.555
161 96 264.948
161 109 359.979
161 128 368.493
161 131 222.512
161 138 294.843
162 74 297.039
162 193 369.092
162 195 748.826
162 205 431.123
162 216 250.386
162 225 701.433
162 235 271.336
162 247 1119.19
163 87 737.702
163 109 407.677
163 131 331.454
163 218 828.427
164 6 1120.81
164 59 328.977
164 111 418.772
164 151 655.869
164 184 383.018
164 199 1151.01
164 208 187.092
164 210 420.238
164 211 176.164
164 231 257.733
165 2 61.8335
165 24 201.104
165 30 108.996
165 76 77.2797
165 164 80.9403
165 244 83.6592
165 249 164.321
166 34 27.4816
166 45 22.0905
166 205 17.4021
166 216 45.2679
167 49 238.735
167 69 336.919
167 86 340.617
167 135 979.221
167 141 274.803
167 168 519.47
167 219 521.887
168 13 7.02662
168 69 26.0717
168 86 16.2329
168 126 6.39865
168 135 7.27929
168 141 10.0977
168 168 6.92053
168 212 7.15647
168 219 9.06699
168 224 8.56327
168 236 9.5189
169 37 118.022
169 38 320.066
169 60 84.4092
169 77 47.4097
169 84 85.0896
169 150 43.6063
169 173 50.2957
169 207 79.7105
170 55 117.644
170 68 75.0695
170 70 84.5439
170 104 109.856
170 112 75.3832
170 140 98.8883
170 177 118.967
170 191 80.0583
170 200 87.6269
171 34 558.319
171 45 49.7578
171 91 43.3253
171 216 42.2561
172 9 307.177
172 65 230.904
172 102 1614.36
172 223 758.159
173 16 238.157
173 75 212.399
173 94 339.608
173 101 249.893
173 117 331.653
173 132 590.556
173 146 341.287
173 149 218.611
173 163 233.336
173 188 362.507
173 204 235.661
174 23 298.724
174 70 408.999
174 75 605.73
174 94 323.463
174 101 295.644
174 117 283.935
174 132 595.876
174 146 1308.79
174 188 477.463
174 192 340.616
175 3 223.566
175 29 204.307
175 81 382.221
175 89 315.206
175 90 161.835
175 99 232.569
175 148 179.089
175 242 394.276
175 246 260.883
176 45 17.1509
176 193 18.2963
176 195 12.1907
176 247 12.2772
177 95 6.81996
177 100 35.4562
177 123 12.4245
177 186 9.77204
178 28 310.61
178 82 542.847
178 142 752.663
178 202 382.414
178 215 548.443
178 226 394.601
179 27 145.695
179 47 124.611
179 54 213.991
179 79 113.454
179 91 119.614
179 97 500.051
179 121 105.313
179 152 124.856
179 167 162.774
179 187 105.973
179 237 168.436
180 35 489.539
180 36 224.865
180 62 246.906
180 90 314.995
180 98 278.498
180 114 394.37
180 123 182.54
180 154 425.613
180 186 261.296
180 203 561.922
181 26 18.5687
181 73 28.4047
181 104 52.4578
181 140 21.9727
181 177 22.9944
181 189 26.0231
182 68 327.839
182 77 1015
182 189 874.147
182 207 310.3
183 35 3.87958
183 36 2.5286
183 62 2.77806
183 81 2.285
183 89 3.03617
183 90 5.98079
183 98 4.48318
183 106 2.32808
183 114 3.21476
183 154 4.45895
183 203 3.29067
184 42 85.3806
184 53 88.6501
184 103 41.4806
184 134 74.1276
184 159 46.7439
184 172 68.9638
185 19 86.962
185 117 151.433
185 149 449.284
185 163 318.039
185 188 79.0075
186 34 271.451
186 45 393.639
186 193 258.133
186 195 248.863
186 205 271.764
186 216 312.739
186 225 240.504
186 247 279.703
187 126 582.963
187 141 274.068
187 176 512.937
187 201 255.139
187 228 309.551
188 4 117.549
188 44 324.753
188 80 180.415
188 100 118.273
188 106 138.276
188 183 153.126
189 0 329.569
189 11 266.027
189 45 343.654
189 91 234.884
189 137 386.831
189 187 264.53
190 20 269.323
190 21 344.232
190 48 273.045
190 64 426.593
190 88 1042.29
190 190 316.351
190 197 292.908
191 0 842.435
191 11 145.175
191 15 27.8008
191 79 50.2066
191 91 41.03
191 137 28.3133
191 167 33.087
191 187 114.012
191 237 44.2012
191 241 36.248
192 35 232.215
192 90 253.666
192 98 299.782
192 100 149.501
192 114 163.994
192 123 172.012
192 154 264.153
192 186 360.896
192 203 205.713
193 0 704.877
193 11 984.412
193 34 160.423
193 45 155.217
193 79 282.688
193 91 350.291
193 97 159.756
193 167 205.856
193 187 1631.58
193 237 359.231
193 241 187.397
194 0 123.876
194 11 127.905
194 15 106.597
194 79 170.464
194 167 107.839
194 187 114.932
194 198 209.948
194 237 91.5076
194 241 238.123
195 44 274.633
195 80 116.169
195 95 108.531
195 100 156.221
195 106 114.991
195 183 106.55
196 153 498.347
196 217 259.125
196 234 901.244
197 126 835.951
197 141 255.86
197 176 745.408
197 201 270.897
197 228 378.785
197 236 246.343
198 27 501.096
198 47 508.98
198 54 1308.26
198 91 318.423
198 97 1213.15
198 121 394.727
198 152 493.739
198 167 328.724
198 237 373.488
199 13 127.661
199 21 106.832
199 32 144.362
199 39 227.141
199 78 128.007
199 118 161.56
199 136 105.906
199 160 130.366
199 194 137.489
199 212 168.944
199 224 135.896
200 34 36.2604
200 45 30.6439
200 205 61.5471
200 216 169.775
200 235 30.7319
200 247 33.9553
201 7 672.053
201 22 138.225
201 25 138.506
201 115 151.472
201 116 167.154
201 165 335.377
201 213 606.68
202 29 179.012
202 196 354.841
202 211 177.258
202 238 670.32
203 18 432.222
203 41 370.002
203 217 963.933
203 234 269.386
204 7 90.8143
204 63 46.3182
204 127 52.7789
204 165 82.5364
204 213 109.709
205 0 344.255
205 11 204.032
205 15 106.985
205 79 118.985
205 91 98.6837
205 137 113.021
205 167 82.4469
205 187 180.599
205 237 99.9049
205 241 98.1661
206 1 288.625
206 16 629.549
206 23 252.946
206 92 341.878
206 94 870.278
206 101 1583.6
206 132 513.069
206 146 256.6
206 182 239.364
206 192 261.055
206 204 276.995
207 18 340.159
207 41 275.697
207 193 283.26
207 229 679.756
208 28 61.5995
208 67 69.1938
208 74 50.0669
208 202 54.298
208 232 56.6191
208 235 67.3967
208 239 61.4108
209 0 285.94
209 11 304.196
209 29 376.249
209 79 441.909
209 99 416.093
209 167 348.23
209 187 284.237
209 196 372.839
209 198 1530.06
209 241 774.3
209 246 361.599
210 217 362.527
210 234 198.396
211 21 116.522
211 48 116.674
211 64 883.107
211 88 356.388
211 190 181.034
211 227 116.668
212 7 256.198
212 22 189.933
212 87 218.486
212 109 523.705
212 128 217.386
212 131 209.082
212 138 241.151
212 165 273.527
212 218 249.965
213 41 68.357
213 60 60.569
213 153 207.675
213 234 90.2465
214 18 35.0522
214 41 23.0489
214 193 42.2781
214 195 25.0094
214 225 23.3806
214 229 24.173
215 20 125.189
215 32 133.551
215 49 138.315
215 57 272.688
215 66 173.508
215 69 123.203
215 86 143.612
215 135 156.441
215 168 209.265
215 206 198.433
215 219 187.472
216 5 427.976
216 40 174.379
216 58 244.974
216 61 141.838
216 125 147.92
216 157 149.806
216 209 175.777
216 243 164.487
217 23 321.191
217 70 406.428
217 75 502.384
217 94 335.47
217 101 310.65
217 132 624.839
217 146 934.407
217 188 417.53
217 192 369.891
218 45 196.614
218 193 232.866
219 21 421.614
219 32 338.906
219 39 278.423
219 48 475.597
219 78 637.123
219 118 411.761
219 124 306.311
219 160 1011.81
219 174 333.582
220 26 195.923
220 73 379.08
220 104 138.948
220 229 189.083
221 166 57.4226
221 175 69.6372
221 214 75.779
221 245 50.3854
222 0 7.7694
222 11 6.38813
222 15 10.0678
222 137 12.9776
222 187 6.04387
223 9 181.432
223 220 259.144
223 223 150.512
224 47 13.1625
224 54 8.63874
224 82 9.81606
224 121 14.6866
224 142 15.35
224 152 11.3357
224 226 33.1016
225 3 632.115
225 29 611.378
225 81 542.26
225 89 336.078
225 99 567.801
225 148 275.532
225 196 314.524
225 242 716.272
225 246 409.481
226 1 311.841
226 16 165.398
226 23 387.883
226 92 229.474
226 94 185.269
226 101 218.636
226 132 194.418
226 182 309.488
226 192 378.02
227 7 196.667
227 22 334.759
227 25 267.816
227 52 260.229
227 110 673.838
227 115 1748.52
227 116 2629.46
227 128 244.58
227 213 243.607
227 230 240.46
227 240 201.232
228 6 25.2245
228 175 48.3234
228 184 34.2389
228 199 25.6529
228 208 154.856
228 210 36.6173
228 211 25.875
229 13 278.337
229 32 344.77
229 39 295.248
229 69 264.653
229 86 306.068
229 118 331.448
229 168 251.276
229 212 412.996
229 219 281.963
229 224 380.659
230 26 71.0533
230 45 73.3865
230 137 79.605
231 84 128.564
231 122 171.83
231 129 189.937
231 143 107.22
231 150 454.812
231 157 199.797
231 161 125.333
231 178 188.139
231 209 126.519
231 233 276.83
232 7 227.274
232 25 476.564
232 52 422.73
232 115 245.317
232 116 249.404
232 213 417.51
232 230 210.669
233 7 253.776
233 25 505.683
233 52 439.305
233 115 291.298
233 116 300.565
233 165 206.764
233 213 524.24
233 230 219.692
234 1 64.0813
234 100 62.6382
234 123 79.7719
234 182 62.072
235 4 225.297
235 33 402.151
235 55 121.113
235 104 153.002
235 112 480.786
235 140 433.338
235 177 419.866
235 183 188.85
235 191 319.784
235 200 360.981
236 13 202.299
236 69 140.242
236 86 127.76
236 126 224.593
236 176 171.506
236 212 150.005
236 224 172.94
236 228 129.711
236 236 675.79
237 9 94.0799
237 65 63.5271
237 220 153.408
237 223 70.998
238 49 173.989
238 69 149.111
238 86 151.67
238 135 401.228
238 141 138.096
238 168 260.96
238 219 218.396
239 64 89.4799
239 217 123.504
239 234 116.01
240 95 270.664
240 100 492.229
240 123 370.163
240 182 223.592
240 186 255.022
241 10 61.9671
241 49 104.698
241 57 88.6435
241 66 281.951
241 113 71.1931
241 130 49.56
241 168 49.2554
241 169 54.3117
241 206 127.526
242 63 1.23746
242 87 1.19689
242 127 1.50535
242 165 1.18845
243 16 600.46
243 94 690.965
243 101 461.213
243 117 310.149
243 132 425.018
243 146 250.13
243 149 269.036
243 163 318.666
243 188 258.759
243 204 878.516
244 74 334.504
244 193 522.186
244 195 1441.42
244 205 369.825
244 225 1083.18
244 235 280.103
244 247 1123.9
245 1 39.2261
245 23 1008.53
245 55 30.4454
245 70 31.4108
245 92 27.0525
245 95 31.3272
245 182 57.331
245 192 174.332
246 5 390.728
246 40 1488.13
246 58 1224.8
246 243 767.509
247 74 414.235
247 193 335.084
247 195 637.743
247 205 998.156
247 216 389.689
247 225 667.371
247 235 427.767
247 247 1069.44
248 4 442.304
248 23 432.452
248 33 319.092
248 55 845.901
248 70 388.485
248 95 415.486
248 177 288.441
248 182 291.316
248 191 430.887
248 192 431.804
248 200 451.721
249 7 204.611
249 25 335.337
249 52 300.751
249 63 166.667
249 115 198.619
249 116 204.434
249 165 171.476
249 213 406.511
