250 250 1766
0 84 262.387
0 93 181.375
0 98 270.229
0 128 717.008
0 171 167.228
1 37 279.357
1 82 211.173
1 133 217.409
1 158 188.27
2 6 168.501
2 21 371.107
2 53 143.049
2 87 164.473
2 111 705.697
2 144 119.189
2 197 240.832
2 230 123.641
2 233 125.576
3 22 295.617
3 116 748.206
3 127 304.447
3 132 543.211
3 165 464.165
3 197 230.095
3 220 329.225
4 7 88.3827
4 9 70.7973
4 19 80.0602
4 76 418.408
4 90 138.572
4 108 77.3502
4 125 238.97
4 215 412.833
4 246 84.5797
5 55 1085.31
5 63 359.592
5 134 274.689
5 141 778.754
5 159 442.617
5 162 847.434
5 225 350.862
5 235 418.475
6 15 281.037
6 65 376.134
6 157 1089.23
6 170 348.522
6 175 315.904
6 247 421.384
7 189 57.1141
7 195 124.233
7 241 76.9775
8 40 158.592
8 66 491.249
8 103 158.472
8 191 261.176
8 216 274.63
8 224 262.176
9 5 490.021
9 11 306.866
9 14 678.859
9 36 1361.34
9 56 2315.29
9 68 309.812
9 89 796.726
9 118 314.544
9 161 297.365
9 169 450.624
10 5 105.803
10 14 103.64
10 24 79.6813
10 36 111.559
10 56 182.324
10 61 66.1646
10 68 134.875
10 89 488.513
10 96 89.0105
10 118 98.9315
10 147 69.5459
10 161 82.7892
10 169 223.663
10 234 76.4927
11 45 103.546
11 55 79.5519
11 63 113.859
11 117 84.4763
11 162 176.522
11 178 94.6905
11 204 74.4012
11 212 118.997
11 223 79.5045
11 240 226.046
12 20 33.2212
12 78 39.2517
12 121 51.6121
12 123 92.5257
13 2 267.899
13 28 411.05
13 43 394.583
13 62 252.79
13 69 311.279
13 70 1014.39
13 100 619.52
13 114 1437.14
13 164 610.76
13 206 629.19
13 238 466.147
13 245 322.68
14 5 637.987
14 14 456.565
14 24 302.226
14 36 545.448
14 56 1049.93
14 68 465.085
14 89 1718.72
14 96 353.994
14 118 499.567
14 161 320.581
14 169 1139.45
15 27 39.7589
15 85 40.7233
15 97 63.765
15 102 41.3621
15 157 31.8379
15 167 36.1731
15 175 100.928
15 211 65.407
15 247 30.0416
16 18 262.653
16 40 128.01
16 153 164.42
16 202 209.741
16 203 651.928
16 219 149.884
17 23 118.889
17 67 243.525
17 75 394.717
17 137 146.086
17 149 268.947
17 168 266.03
17 180 247.796
18 0 328.155
18 34 680.243
18 41 568.854
18 92 469.765
18 109 476.258
18 115 675.053
18 213 604.933
19 26 315.583
19 145 1479.83
19 210 245.578
19 241 462.336
20 72 776.347
20 99 316.757
20 135 247.506
20 186 449.475
20 200 686.894
20 207 235.951
21 3 1208.78
21 25 272.625
21 129 362.733
21 229 255.786
22 18 276.327
22 40 445.193
22 52 290.198
22 142 402.602
22 153 254.616
22 202 248.335
22 203 620.315
22 249 252.287
23 88 613.573
23 131 438.596
23 133 277.012
23 158 315.031
23 177 343.813
24 73 557.747
24 82 212.061
24 112 222.759
24 113 229.655
24 122 459.656
24 130 444.975
24 155 366.655
25 1 334.54
25 29 1058.49
25 52 455.599
25 67 608.393
25 137 309.913
25 142 304.522
25 168 603.065
25 180 617.948
25 249 351.469
26 18 603.937
26 202 323.401
26 203 284.508
26 219 235.34
27 39 76.5104
27 59 100.255
27 126 138.513
27 179 74.5704
27 222 141.818
27 239 121.155
28 20 105.838
28 60 90.3986
28 78 125.751
28 121 439.307
28 123 129.052
28 138 79.78
28 146 54.8134
29 14 106.81
29 36 80.85
29 56 52.1856
29 89 44.2608
29 161 42.9265
30 25 64.7776
30 31 341.98
30 47 134.72
30 119 94.6651
30 166 71.2909
30 236 67.8134
31 42 258.543
31 44 811.416
31 79 350.692
31 101 594.488
31 103 401.84
31 104 400.766
31 151 237.328
31 184 249.367
31 188 262.144
32 51 154.84
32 109 164.874
32 115 148.785
32 136 300.408
32 150 168.625
32 218 152.362
33 20 469.983
33 60 317.811
33 73 145.856
33 78 141.1
33 121 210.583
33 123 161.608
33 138 238.332
33 146 176.119
33 155 141.276
34 4 244.375
34 7 218.306
34 9 288.958
34 16 588.916
34 83 367.267
34 108 250.983
34 143 1154.71
34 148 202.428
34 190 223.381
34 194 278.06
35 58 286.357
35 97 38.2933
35 105 43.2674
35 124 42.7298
35 140 73.8088
35 167 109.067
35 184 38.8015
35 237 38.304
36 10 370.37
36 79 395.4
36 91 297.728
36 103 319.589
36 188 469.793
37 1 251.878
37 15 235.886
37 86 327.149
37 93 383.454
37 171 471.505
37 209 2128.46
37 221 221.111
38 27 236.669
38 85 257.157
38 97 688.155
38 102 272.527
38 124 228.067
38 157 300.426
38 167 239.494
38 175 1207.71
38 211 341.209
38 247 244.538
39 58 201.084
39 105 1040.8
39 124 276.197
39 139 202.213
39 140 363.294
39 167 174.993
39 237 418.081
40 63 78.0036
40 173 75.7323
40 231 51.5965
40 235 56.5676
41 31 277.345
41 48 238.966
41 119 2387.52
41 154 336.43
41 236 269.641
42 2 325.115
42 64 257.799
42 181 404.334
42 238 213.007
42 245 305.921
43 19 458.954
43 95 744.001
43 243 1229.92
44 28 3625.36
44 62 541.438
44 69 282.455
44 70 534.835
44 91 306.968
44 114 375.108
44 150 317.401
44 164 353.204
44 206 722.614
44 218 346.117
44 226 301.668
44 238 292.741
45 84 123.621
45 86 151.23
45 93 773.044
45 98 125.326
45 128 185.111
45 171 522.188
45 209 173.907
46 11 30.6333
46 18 52.2076
46 23 24.5275
46 153 50.7488
46 156 31.0464
46 202 152.62
46 203 36.0516
46 219 136.154
47 14 212.925
47 36 236.745
47 56 160.549
47 89 127.4
47 187 125.39
48 55 239.912
48 141 241.536
48 159 297.665
48 173 248.548
48 193 310.086
48 235 466.025
49 66 96.7311
49 79 57.1565
49 103 62.9073
49 191 59.7297
49 216 149.443
49 224 58.8222
50 7 418.673
50 9 203.537
50 46 183.847
50 76 197.317
50 90 209.55
50 108 219.338
50 125 155.525
50 143 116.074
50 190 187.669
50 194 126.502
50 215 228.383
50 246 128.914
51 24 30.7885
51 61 52.54
51 68 17.8701
51 107 17.6297
51 147 31.6766
51 161 21.0266
51 182 59.2507
51 199 22.2664
51 234 25.3335
52 25 3.01048
52 31 5.20821
52 47 7.24509
52 54 3.14139
52 166 3.97846
52 196 2.60592
53 27 18.8088
53 66 28.4193
53 167 16.339
53 191 38.928
53 211 15.828
53 224 59.7586
54 14 300.664
54 24 311.73
54 61 400.768
54 147 625.035
54 161 650.655
54 182 468.562
54 199 1013.37
55 19 73.8972
55 95 273.263
55 243 122.639
56 113 319.808
56 117 325.811
56 158 351.144
56 177 557.662
56 183 672.644
56 204 406.824
57 45 330.226
57 117 1361.67
57 120 244.282
57 174 259.197
57 178 430.39
57 183 595.476
57 198 249.492
57 204 650.504
57 212 242.364
57 214 286.915
57 223 637.808
57 240 312.94
58 6 497.346
58 48 418.786
58 53 1889.62
58 111 304.813
58 144 917.11
58 197 391.124
58 233 533.82
59 63 196.348
59 173 229.455
59 235 202.771
60 72 588.242
60 99 214.628
60 135 243.639
60 186 375.929
60 200 334.536
60 207 306.958
60 246 273.194
61 73 507.902
61 82 269.709
61 112 225.667
61 113 247.064
61 122 412.944
61 130 400.345
61 133 207.449
61 155 363.797
62 0 94.347
62 34 187.216
62 41 110.891
62 92 82.21
62 96 107.673
62 107 129.274
62 213 191.822
62 234 80.0014
63 15 547.367
63 65 778.149
63 86 256.855
63 112 275.343
63 157 384.837
63 170 392.351
63 247 453.291
64 15 245.239
64 65 371.122
64 102 219.669
64 157 1697.37
64 170 251.976
64 175 312.209
64 247 485.093
65 15 377.061
65 65 265.37
65 73 254.766
65 86 378.092
65 112 867.249
65 113 235.237
65 122 333.166
65 130 347.599
65 155 265.156
65 170 808.557
66 44 447.461
66 66 327.742
66 79 428.999
66 103 552.891
66 216 334.785
66 224 271.636
67 0 80.6855
67 34 33.4454
67 41 48.8713
67 43 30.4629
67 69 49.5403
67 92 59.8835
67 100 32.0722
67 164 33.7668
67 213 34.7439
68 5 481.758
68 11 404.572
68 14 420.763
68 36 665.373
68 56 679.789
68 89 434.953
68 169 337.993
68 185 308.946
68 187 276.768
69 81 35.779
69 129 36.7362
69 160 56.0248
69 163 42.1777
69 172 44.2529
69 229 54.1294
70 45 315.71
70 63 62.4744
70 117 108.973
70 174 146.788
70 178 551.503
70 183 64.1878
70 198 143.247
70 204 68.7205
70 212 130.492
70 214 102.586
70 223 251.355
70 240 88.4888
71 1 206.347
71 15 213.145
71 29 105.07
71 65 157.636
71 86 136.432
71 171 106.983
71 209 173.109
71 247 110.215
72 25 173.269
72 31 198.304
72 47 176.413
72 54 113.734
72 166 116.787
73 5 502.237
73 11 375.619
73 14 216.51
73 36 296.351
73 56 358.389
73 89 268.462
73 118 224.597
73 156 206.536
73 169 252.447
73 185 217.27
73 219 198.494
74 19 297.193
74 76 327.652
74 90 289.215
74 95 388.587
74 125 395.713
74 207 438.061
74 246 314.969
75 8 72.9154
75 38 129.807
75 77 77.4959
75 173 214.86
75 205 122.717
75 231 156.124
75 232 77.824
76 66 323.965
76 103 252.463
76 216 997.149
77 0 505.309
77 34 2298.96
77 41 850.276
77 92 458.264
77 107 244.998
77 115 261.917
77 213 4813.26
78 49 247.817
78 88 393.688
78 131 364.237
78 248 257.888
79 0 49.4291
79 34 27.3129
79 41 31.5502
79 69 12.0433
79 92 21.4944
79 213 31.1879
80 27 96.2513
80 58 128.117
80 85 74.1506
80 97 105.947
80 124 75.9124
80 167 339.63
80 175 86.6361
80 211 117.758
80 224 82.6801
81 32 193.834
81 42 1140.91
81 101 227.695
81 104 234.372
81 151 271.029
81 192 269.522
82 4 67.3917
82 54 58.6421
82 129 60.3997
82 160 104.516
82 163 292.798
82 229 74.8707
83 27 297.746
83 29 398.548
83 40 444.777
83 52 1114.73
83 67 308.291
83 85 304.793
83 142 618.142
83 168 359.111
83 180 382.114
83 191 302.939
83 249 1182.38
84 4 26.693
84 12 14.8916
84 54 14.9888
84 83 20.4496
84 160 19.2944
84 163 29.2216
85 72 135.736
85 135 275.961
85 200 93.4531
85 207 362.706
86 93 621.497
86 171 550.683
86 209 519.287
86 221 517.264
87 25 472.198
87 31 405.261
87 47 332.583
87 119 272.341
88 26 493.351
88 59 377.7
88 64 585.971
88 106 665.112
88 145 278.737
88 181 289.72
88 210 522.771
88 222 294.635
89 113 440.662
89 120 282.532
89 170 271.328
89 177 313.652
89 183 401.923
90 40 119.581
90 66 389.589
90 191 166.223
90 216 233.129
90 224 157.759
91 55 444.592
91 63 593.491
91 141 403.087
91 159 376.349
91 162 361.436
91 212 294.669
91 235 577.95
92 37 750.341
92 82 165.182
92 133 120.704
93 117 277.724
93 120 2246.48
93 174 296.606
93 178 266.531
93 183 393.828
93 198 279.867
93 214 489.431
93 223 325.311
94 49 95.0631
94 88 286.419
94 117 104.517
94 131 273.457
94 158 96.474
94 177 159.867
94 183 98.8777
94 204 167.594
94 248 86.8681
95 28 194.388
95 43 101.693
95 62 136.033
95 69 152.282
95 70 615.509
95 100 156.341
95 114 158.909
95 164 278.914
95 206 843.245
95 218 92.3118
95 238 97.4871
96 26 442.856
96 59 224.386
96 64 292.317
96 106 431.939
96 145 239.445
96 210 402.226
96 222 190.239
97 59 96.7986
97 126 283.741
97 179 104.975
97 222 109.174
97 239 238.177
98 58 64.4342
98 101 96.6419
98 104 134.988
98 139 119.127
98 140 88.3013
98 184 928.09
98 208 208.366
98 237 59.2964
99 10 286.186
99 28 129.411
99 51 166.697
99 62 127.853
99 74 136.107
99 91 2069.36
99 150 120.429
99 218 123.641
100 88 722.844
100 117 318.031
100 131 585.983
100 133 349.43
100 158 468.46
100 177 1088.35
100 183 360.791
100 204 474.448
101 39 99.5775
101 152 46.0206
101 154 76.456
101 192 40.1811
101 236 59.4613
102 2 53.5085
102 59 173.861
102 64 66.2916
102 106 69.4086
102 126 62.9205
102 179 78.9777
102 181 92.0597
102 222 93.0915
102 239 82.8641
103 7 139.229
103 35 180.292
103 46 246.56
103 81 161.871
103 148 164.152
103 172 136.986
103 190 184.237
103 242 283.249
104 25 255.286
104 31 237.014
104 47 190.029
104 119 174.803
105 37 267.415
105 123 154.658
106 10 236.67
106 51 129.335
106 79 157.258
106 91 180.626
106 103 130.945
106 188 202.672
107 86 90.2028
107 93 295.156
107 128 67.3099
107 171 335.315
107 209 205.579
107 221 82.0287
108 51 252.643
108 62 284.307
108 109 670.772
108 115 321.523
108 136 1362.06
108 150 542.579
108 218 465.156
109 45 205.09
109 77 344.07
109 174 453.436
109 178 189.81
109 198 506.06
109 212 194.935
109 214 246.458
109 223 172.836
109 232 366.476
110 3 206.849
110 25 398.818
110 31 196.527
111 4 131.875
111 7 143.631
111 9 149.566
111 16 389.093
111 35 116.17
111 46 146.83
111 83 174.462
111 108 127.808
111 143 279.394
111 148 169.919
111 190 204.616
111 194 105.599
112 21 53.496
112 33 111.263
112 87 84.8997
112 189 92.6314
112 230 145.88
112 244 119.496
113 5 171.447
113 56 131.3
113 68 173.413
113 89 158.201
113 96 259.515
113 115 164.735
113 118 410.727
113 169 299.137
113 234 131.937
114 13 22.3219
114 39 11.0607
114 126 17.7632
114 239 12.6562
115 5 22.8726
115 24 17.0145
115 36 15.4387
115 56 20.5425
115 68 28.2216
115 89 27.326
115 96 31.4873
115 118 37.8725
115 169 70.3099
115 234 18.1692
116 8 267.639
116 38 552.086
116 77 295.651
116 173 271.377
116 176 467.824
116 205 1857.52
116 231 513.75
116 232 285.105
117 93 32.5005
117 171 29.905
117 209 30.2538
117 221 64.7921
118 18 708.649
118 40 283.018
118 153 358.559
118 202 508.369
118 203 1039.64
118 219 353.194
119 7 81.9312
119 9 62.0449
119 19 61.6493
119 46 58.0916
119 76 217.671
119 90 108.478
119 108 67.4406
119 125 142.379
119 190 56.3602
119 215 522.751
119 246 65.9473
120 49 1875.99
120 88 362.873
120 131 461.39
120 227 374.739
120 248 1141.97
121 14 30.8095
121 24 21.2761
121 36 22.4443
121 56 19.8638
121 61 24.404
121 68 20.0039
121 89 20.8395
121 147 36.2911
121 161 54.9171
121 182 26.1718
121 199 32.9945
122 0 373.293
122 34 429.584
122 41 613.334
122 62 335.392
122 69 509.146
122 92 857.167
122 109 584.683
122 115 372.37
122 136 311.36
122 150 332.305
122 164 304.996
122 213 415.243
122 218 337.202
123 49 358.097
123 55 285.645
123 63 254.617
123 141 263.386
123 162 675.638
123 225 254.904
123 227 311.984
123 240 421.982
123 248 313.497
124 116 339.885
124 165 186.63
125 21 234.129
125 22 225.245
125 33 241.19
125 87 197.816
125 111 251.129
125 116 147.87
125 127 158.268
125 132 275.148
125 165 138.703
125 197 255.279
125 220 157.256
125 230 178.861
126 81 248.8
126 129 297.238
126 160 297.91
126 163 244.689
126 172 287.731
126 229 462.137
127 12 193.696
127 17 101.931
127 30 49.3654
127 50 62.7461
127 196 64.2084
127 201 61.4406
128 31 402.033
128 47 272.29
128 119 617.805
128 154 257.411
129 31 542.777
129 47 671.071
129 152 314.737
129 166 483.859
129 196 369.64
129 236 412.615
130 87 10.4211
130 189 15.8683
130 195 27.317
130 230 9.92832
130 241 9.61162
130 244 10.9927
131 26 18326
131 64 317.769
131 106 321.275
131 145 436.391
131 210 1289.73
132 8 289.723
132 16 311.173
132 17 281.779
132 30 494.511
132 50 321.962
132 83 310.319
132 110 318.687
132 143 351.211
132 194 265.842
133 39 466.696
133 48 457.717
133 53 309.489
133 144 389.068
133 222 288.01
134 13 738.328
134 42 195.173
134 151 560.73
134 188 189.019
134 192 282.089
135 23 183.595
135 40 139.865
135 52 169.338
135 67 149.464
135 75 148.658
135 142 160.37
135 153 171.049
135 168 189
135 180 196.205
135 203 190.913
136 32 459.205
136 42 707.848
136 151 288.452
136 152 462.158
136 192 671.82
136 217 318.428
137 97 169.752
137 120 193.791
137 124 175.616
137 157 94.4939
137 175 104.481
137 214 112.783
138 45 399.199
138 55 359.8
138 63 973.217
138 141 320.356
138 162 603.076
138 178 338.989
138 212 566.591
138 235 293.645
138 240 474.106
139 28 165.964
139 41 187.836
139 62 327.953
139 69 262.22
139 70 172.564
139 92 234.877
139 109 429.165
139 115 180.372
139 136 237.881
139 150 306.995
139 164 184.649
139 206 195.288
139 218 324.181
140 51 238.862
140 62 201.075
140 109 299.304
140 115 186.17
140 136 2108.48
140 150 412.716
140 218 342.803
141 27 210.432
141 66 351.753
141 191 656.996
141 211 165.958
141 224 1280.18
141 249 153.66
142 65 272.976
142 120 250.294
142 157 741.076
142 170 288.294
142 175 277.496
142 247 306.936
143 37 380.99
143 123 194.881
144 23 125.049
144 57 106.588
144 67 88.8809
144 75 157.437
144 80 84.7578
144 149 120.342
144 168 97.6085
144 180 95.61
145 39 710.417
145 48 356.39
145 144 279.487
145 154 323.506
146 1 171.096
146 15 407.952
146 65 450.494
146 86 158.239
146 157 136.017
146 209 144.929
146 247 227.976
147 11 552.793
147 23 284.709
147 57 250.432
147 80 239.896
147 153 248.409
147 156 463.362
147 185 1114.21
147 187 533.058
147 228 626.078
148 117 312.628
148 120 1393.08
148 174 316.028
148 178 293.537
148 183 457.79
148 198 297.668
148 214 520.958
148 223 366.196
149 40 272.178
149 66 891.268
149 191 379.951
149 216 530.572
149 224 360.739
150 6 371.097
150 21 454.567
150 53 219.489
150 87 258.114
150 111 465.673
150 189 193.589
150 195 237.198
150 197 219.188
150 230 190.232
150 233 237.251
150 241 225.406
151 45 44.8747
151 117 63.5251
151 120 102.777
151 174 49.9078
151 178 53.0703
151 183 111.067
151 198 47.1718
151 204 53.4279
151 214 74.1194
151 223 70.2165
152 25 336.06
152 54 276.4
152 129 157.77
152 163 163.842
152 166 134.579
152 229 141.363
153 39 193.368
153 152 277.662
153 154 285.574
153 192 187.609
153 236 333.489
154 18 39.7366
154 51 23.6753
154 136 24.7564
154 202 28.6002
154 219 23.8223
155 58 259.065
155 101 322.852
155 104 424.802
155 105 252.687
155 139 898.013
155 140 416.351
155 184 1097.6
155 208 1968.22
155 237 309.709
156 44 57.3541
156 79 85.706
156 103 83.9121
156 188 62.0372
156 216 82.5376
157 48 444.451
157 116 343.794
157 119 438.988
157 144 307.258
158 55 151.884
158 63 54.3109
158 134 87.3276
158 141 163.382
158 159 257.819
158 162 62.4312
158 193 83.8626
158 225 58.6778
158 235 317.571
159 58 254.513
159 104 226.664
159 105 420.479
159 139 888.648
159 140 645.55
159 184 354.613
159 208 430.121
159 237 638.821
160 97 207.014
160 120 280.435
160 157 390.475
160 175 217.678
160 247 196.367
161 3 279.111
161 116 370.577
161 165 295.854
162 67 196.245
162 71 182.744
162 75 901.866
162 94 168.19
162 137 219.606
162 149 3068.54
162 168 169.439
162 180 157.965
163 45 30.5367
163 63 23.3681
163 77 29.2654
163 174 35.2949
163 178 24.757
163 198 39.8971
163 212 36.2618
163 214 19.993
163 223 20.1112
163 232 31.6893
163 240 16.3232
164 3 255.24
164 129 1656.04
164 229 1097.73
165 20 90.3216
165 78 125.188
165 121 154.17
165 123 292.037
166 4 628.64
166 16 289.186
166 83 411.323
166 160 519.02
166 163 651.709
167 73 202.468
167 84 565.277
167 93 219.468
167 98 628.808
167 128 1302.24
167 146 208.779
167 155 240.129
167 171 213.962
168 21 235.934
168 22 765.037
168 33 593.621
168 87 255.488
168 111 233.853
168 127 391.529
168 132 431.614
168 165 270.281
168 197 231.021
168 220 371.647
168 230 276.89
169 1 54.7296
169 15 173.039
169 65 72.8075
169 86 121.387
169 93 51.4421
169 112 58.1269
169 170 52.9327
169 171 58.9902
169 209 77.6004
169 247 47.728
170 3 158.158
170 25 155.71
170 116 135.395
171 32 41.2383
171 42 139.635
171 101 51.1392
171 104 58.487
171 151 37.0877
171 184 42.1627
171 192 40.1115
171 208 39.6769
171 217 35.1869
172 44 490.793
172 79 1729.28
172 101 204.381
172 103 2820.14
172 188 365.152
173 9 273.518
173 72 280.498
173 76 360.625
173 90 528.136
173 108 304.914
173 125 380.825
173 186 323.798
173 194 306.17
173 246 1485.42
174 19 129.41
174 76 242.286
174 90 190.986
174 95 119.174
174 125 348.162
174 207 115.869
174 215 150.8
174 246 185.593
175 99 118.521
175 110 117.447
175 173 119.147
175 186 165.125
175 193 131.19
175 200 120.884
175 235 135.366
176 19 332.968
176 95 1877.07
176 243 652.906
177 19 1.5347
177 76 1.66126
177 90 1.5927
177 95 1.64072
177 125 1.80984
177 207 1.78253
177 246 1.65884
178 49 273.277
178 55 378.413
178 141 364.03
178 159 260.29
178 162 486.615
178 225 519.448
178 227 369.942
178 248 263.477
179 73 46.9019
179 82 49.256
179 112 49.3755
179 113 907.642
179 122 71.6922
179 130 62.9042
179 133 53.338
179 158 56.4995
179 170 59.3939
179 177 49.0095
180 49 410.764
180 88 482.005
180 117 309.321
180 131 674.689
180 177 252.356
180 204 428.91
180 240 329.25
180 248 342.243
181 31 132.422
181 119 173.617
182 19 2174.36
182 76 385.752
182 95 425.097
182 125 431.122
182 215 399.075
182 243 543.559
183 2 33.8511
183 59 53.7604
183 64 92.9097
183 106 41.7854
183 179 30.2148
183 181 81.7009
183 222 33.8645
184 10 80.0079
184 74 309.405
184 91 68.0844
184 126 64.5441
184 179 92.4737
184 226 123.721
184 239 70.6246
185 25 178.704
185 54 206.777
185 129 133.37
185 163 170.104
185 229 127.03
186 27 339.502
186 85 2298.68
186 102 534.162
186 175 148.731
186 191 122.963
186 211 310.953
186 224 120.048
186 247 127.525
186 249 115.719
187 86 165.684
187 93 1401.04
187 128 153.508
187 171 781.603
187 209 272.893
187 221 149.753
188 5 196.548
188 11 149.398
188 14 378.318
188 36 1032.03
188 56 515.641
188 89 282.835
188 169 176.778
189 19 209.48
189 76 254.878
189 90 224.739
189 95 250.565
189 125 314.041
189 207 285.356
189 246 245.804
190 71 891.154
190 75 233.961
190 94 666.801
190 137 516.779
190 149 276.786
190 221 344.403
191 4 196.756
191 16 266.282
191 17 127.084
191 30 165.799
191 83 309.364
191 143 240.29
192 15 274.04
192 65 169.593
192 73 183.269
192 86 463.791
192 112 517.584
192 122 204.798
192 130 221.713
192 155 203.489
192 170 287.577
192 171 162.968
192 209 154.972
193 5 168.8
193 14 143.168
193 24 192.888
193 36 145.415
193 56 194.166
193 61 144.588
193 68 425.229
193 89 292.632
193 96 307.414
193 118 217.8
193 147 138.79
193 161 150.668
193 169 424.925
193 234 202.476
194 1 75.5857
194 15 86.8405
194 29 87.8265
194 65 139.601
194 85 115.154
194 102 145.548
194 157 82.3309
194 175 81.846
194 211 78.0116
194 247 179.873
195 120 491.965
195 124 317.422
195 174 363.663
195 178 232.835
195 198 339.04
195 214 708.033
195 223 259.014
196 31 118.749
196 47 223.567
196 54 59.7983
196 166 141.463
196 196 82.5879
196 236 61.1138
197 23 259.454
197 57 152.901
197 67 163.203
197 75 193.456
197 149 160.99
197 153 193.921
197 156 158.047
197 168 196.996
197 180 199.64
197 203 174.189
198 13 257.233
198 42 112.024
198 151 516.296
198 188 112.169
198 192 144.042
199 67 142.7
199 71 241.314
199 75 332.705
199 94 236.991
199 137 207.992
199 149 522.955
199 168 125.397
200 31 289.467
200 32 338.935
200 47 323.873
200 152 411.433
200 166 301.416
200 196 298.254
200 201 301.58
200 217 297.031
200 236 364.071
201 58 62.6883
201 105 524.508
201 124 91.1989
201 139 67.0225
201 140 109.399
201 237 150.224
202 3 145.62
202 25 830.045
202 54 200.133
202 129 175.122
202 229 144.158
203 44 119.063
203 79 214.713
203 103 189.91
203 188 154.496
203 216 120.46
204 6 1057.78
204 21 353.055
204 53 407.302
204 87 227.717
204 111 398.898
204 144 265.383
204 197 280.59
204 233 467.356
204 241 249.444
205 15 13.8651
205 86 27.7909
205 93 45.1977
205 112 13.5024
205 128 17.5322
205 171 69.8654
205 209 25.438
206 72 345.596
206 135 238.961
206 186 192.903
206 200 204.799
206 207 488.552
206 246 215.441
207 60 74.8672
207 84 245.979
207 98 219.815
207 128 106.749
207 138 85.5302
207 146 126.989
208 10 547.621
208 13 297.311
208 74 605.88
208 91 309.886
208 188 296.674
209 6 132.228
209 48 282.496
209 53 215.536
209 111 130.39
209 116 141.379
209 144 345.563
209 197 251.469
209 233 132.784
210 27 427.17
210 29 396.832
210 40 345.381
210 52 504.461
210 85 459.506
210 102 400.975
210 142 407.303
210 191 355.334
210 211 325.576
210 224 310.853
210 249 779.19
211 24 719.825
211 61 344.131
211 68 237.565
211 96 171.355
211 107 196.596
211 147 198.944
211 161 155.875
211 182 245.367
211 199 111.596
211 234 821.228
212 34 270.084
212 41 283.167
212 62 332.904
212 92 298.762
212 109 2143
212 115 588.932
212 136 648.234
212 150 488.523
212 218 454.678
213 8 209.368
213 30 212.966
213 110 392.169
213 143 191.659
213 194 206.965
214 20 298.366
214 60 201.708
214 73 133.799
214 121 193.148
214 123 164.563
214 138 163.665
215 7 459.766
215 9 524.473
215 46 222.707
215 76 400.746
215 90 1006.21
215 108 697.082
215 125 341.084
215 143 238.84
215 190 242.852
215 194 401.645
215 215 305.764
215 246 517.271
216 95 543.644
216 207 277.743
216 243 290.649
217 49 321.934
217 55 309.025
217 141 311.573
217 162 328.225
217 225 650.91
217 227 607.835
217 248 330.724
218 12 274.306
218 32 269.941
218 47 247.461
218 166 338.977
218 196 594.876
218 201 648.618
218 217 303.191
219 8 168.781
219 38 244.851
219 77 171.083
219 176 690.197
219 205 350.442
219 231 223.371
219 232 164.522
219 237 163.526
220 57 13.0168
220 71 11.689
220 75 15.9598
220 80 12.6575
220 94 12.4095
220 137 9.9491
220 149 16.9417
221 23 311.121
221 57 664.958
221 80 983.286
221 156 300.133
221 185 475.95
221 187 761.145
221 228 664.356
222 0 298.814
222 41 268.457
222 43 488.048
222 69 732.788
222 70 384.837
222 92 347.648
222 100 668.849
222 114 292.972
222 164 716.04
222 206 339.267
223 18 57.9306
223 51 41.5422
223 202 40.5082
224 6 113.737
224 21 90.397
224 48 80.7537
224 53 152.248
224 111 112.594
224 144 123.92
224 197 162.73
224 233 96.0394
225 18 161.329
225 51 121.995
225 203 122.479
225 216 161.484
226 23 133.919
226 57 251.114
226 75 208.741
226 80 214.124
226 149 193.956
227 72 139.069
227 76 163.704
227 90 195.906
227 125 184.793
227 186 131.337
227 207 147.336
227 246 317.725
228 6 431.227
228 21 327.512
228 48 388.47
228 53 698.451
228 111 396.896
228 144 638.963
228 197 648.391
228 233 392.273
229 139 121.05
229 176 108.868
229 208 97.3808
229 237 94.7677
230 1 1184.74
230 29 446.682
230 67 292.064
230 137 312.112
230 209 279.764
230 221 267.779
231 1 409.618
231 29 493.869
231 67 180.652
231 137 155.286
231 168 159.124
231 180 157.487
232 5 727.385
232 11 186.58
232 36 146.16
232 56 190.33
232 89 186.278
232 118 387.377
232 169 273.148
232 219 180.257
233 20 110.705
233 60 149.803
233 78 194.698
233 121 121.195
233 123 85.2565
233 138 185.923
233 146 136.72
234 24 41.7631
234 61 23.7835
234 68 62.5148
234 89 18.0971
234 96 41.38
234 107 22.4251
234 118 14.737
234 147 19.2131
234 161 18.0795
234 169 19.169
234 182 19.5816
234 234 62.189
235 117 249.313
235 120 398.796
235 183 551.438
235 204 244.792
235 214 244.201
235 223 240.959
236 8 147.944
236 30 133.178
236 50 103.586
236 110 312.982
236 194 110.299
237 20 178.33
237 37 151.09
237 60 141.041
237 73 153.714
237 82 168.347
237 121 136.237
237 155 135.994
238 2 335.421
238 64 92.9609
238 114 95.4355
238 179 82.6735
238 181 171.174
238 226 91.7093
238 238 165.567
238 245 246.37
239 44 357.678
239 58 264.978
239 101 517.753
239 103 232.492
239 104 386.505
239 140 208.088
239 184 303.576
239 208 219.482
240 39 46.1677
240 119 44.6721
240 152 61.4626
240 154 114.328
240 192 39.1862
240 236 214.927
241 10 179.114
241 74 655.047
241 126 284.34
241 179 327.351
241 226 267.973
241 239 301.751
242 14 134.294
242 24 265.798
242 61 372.726
242 68 187.672
242 89 131.395
242 147 1218.35
242 161 606.673
242 182 382.793
242 199 195.378
242 234 182.045
243 2 453.844
243 64 162.291
243 114 161.319
243 181 277.548
243 226 146.472
243 238 273.985
243 245 456.554
244 72 618.322
244 99 203.566
244 135 164.672
244 186 229.759
244 200 488.126
244 207 150.287
245 4 204.029
245 12 384.104
245 17 293.394
245 30 201.285
245 50 199.905
245 54 213.136
245 83 191.251
245 163 222.101
245 196 206.417
246 45 313.056
246 55 351.694
246 63 1766.61
246 141 314.422
246 159 268.923
246 162 424.759
246 212 443.809
246 235 332.709
246 240 313.436
247 4 1.99975
247 7 1.86375
247 9 1.82176
247 16 3.08829
247 35 1.9669
247 46 2.09589
247 83 2.2163
247 108 1.72458
247 143 2.28074
247 148 2.59504
247 160 1.65791
247 172 1.60715
247 190 2.50577
247 194 1.59785
248 51 431.904
248 62 560.282
248 109 612.057
248 115 305.559
248 136 1372.67
248 150 2477.25
248 218 1493.89
249 8 173.194
249 38 441.234
249 77 188.28
249 173 231.442
249 176 203.331
249 205 960.068
249 231 476.416
249 232 184.135
