100 100 701
0 15 246.583
0 29 367.484
0 51 486.473
0 66 1444.1
1 6 112.471
1 15 90.868
1 29 54.8694
1 33 49.189
1 37 52.5762
1 51 47.3227
1 59 50.0067
2 10 116.42
2 27 59.0241
2 49 167.416
2 57 93.643
2 73 192.715
3 54 49.9397
3 57 26.0155
4 2 141.269
4 6 167.62
4 15 166.435
4 29 146.818
4 33 152.786
4 51 252.26
4 66 133.114
5 12 199.817
5 27 126.586
5 35 115.922
5 57 153.489
5 74 253.582
5 88 143.668
5 90 227.735
6 0 68.5326
6 5 66.6054
6 50 70.2127
6 67 92.3305
6 84 419.743
6 86 79.0237
6 97 93.5911
7 28 259.792
7 52 98.6147
7 64 81.4823
7 79 101.773
7 81 76.9493
7 89 95.3525
7 96 74.0563
8 11 163.968
8 17 161.338
8 20 179.812
8 22 184.482
8 25 380.12
8 28 151.163
8 72 226.687
8 89 149.643
8 95 343.647
8 96 834.096
9 21 151.665
9 24 122.077
9 40 113.575
9 44 103.452
9 45 120.074
9 48 89.7961
9 62 168.143
9 70 123.616
9 75 90.9482
9 76 431.842
9 77 193.959
10 54 5.78504
10 80 6.09634
10 97 7.45696
11 7 830.339
11 11 264.576
11 17 143.187
11 19 350.522
11 26 438.891
11 38 184.953
11 39 144.914
11 53 836.463
11 92 212.016
11 95 144.437
12 3 21.086
12 15 22.6892
12 29 19.3165
12 35 50.5505
12 65 22.9421
12 82 24.4824
12 90 21.7598
13 13 95.5361
13 18 182.439
13 42 312.175
13 44 64.3007
13 45 62.0175
13 62 61.7959
13 71 498.391
13 94 64.1341
14 18 15.6591
14 21 29.0916
14 24 23.9755
14 34 15.03
14 42 21.6536
14 44 13.0367
14 45 13.6771
14 62 15.8486
14 71 20.3562
14 76 15.0705
14 77 14.8984
15 4 175.517
15 16 310.098
15 54 119.007
15 58 277.838
15 80 127.973
16 0 149.825
16 14 160.722
16 50 165.148
16 56 146.805
16 79 1541.47
16 98 160.091
17 6 90.4699
17 17 74.3492
17 32 113.186
17 33 110.706
17 37 195.545
17 38 84.2076
17 39 107.865
17 41 83.9572
17 55 117.403
17 59 123.533
17 87 150.651
17 91 279.522
17 92 80.9176
18 8 36.6993
18 13 28.3083
18 21 24.5021
18 24 24.1814
18 34 80.2467
18 42 39.2014
18 43 25.4491
18 71 33.771
18 85 36.2135
18 94 49.3713
19 12 80.0474
19 29 64.6218
19 66 69.5008
19 88 117.827
19 90 61.9352
20 31 168.861
20 40 110.59
20 48 101.732
20 69 254.92
20 77 82.4321
20 78 431.402
20 86 183.661
21 28 237.999
21 52 94.5995
21 64 86.9357
21 79 100.203
21 81 79.2414
21 89 90.689
21 98 71.8675
22 8 250.323
22 13 321.726
22 18 204.068
22 34 367.618
22 42 381.5
22 71 320.154
22 85 350.446
22 94 550.345
23 8 199.245
23 14 76.9799
23 34 456.356
23 42 61.424
23 43 94.177
23 56 86.9062
23 85 95.3796
23 94 110.359
23 98 75.1518
24 50 121.36
24 79 229.814
25 10 403.687
25 49 195.778
25 50 188.723
25 73 217.917
25 84 140.112
26 9 45.1122
26 23 37.9382
26 30 45.7802
26 99 42.2426
27 27 22.5158
27 29 16.7216
27 35 48.2895
27 82 19.9713
27 90 88.9815
28 9 111.428
28 23 91.9232
28 30 139.045
28 47 100.334
28 60 145.898
28 64 133.395
28 81 211.355
28 99 253.546
29 8 185.693
29 14 284.156
29 28 247.689
29 56 256.788
29 64 535.151
29 79 211.801
29 81 228.112
29 98 314.08
30 7 24.5013
30 11 20.3382
30 17 14.408
30 19 48.2369
30 26 30.4363
30 38 12.3774
30 39 14.0084
30 41 11.1572
30 53 18.0378
30 72 12.4756
30 92 14.0987
30 95 12.3349
31 12 129.525
31 46 319.814
31 61 185.187
31 63 546.419
32 0 50.3186
32 5 23.3292
32 14 15.2621
32 43 27.269
32 50 20.4717
32 56 15.6713
32 67 41.2239
32 84 18.5407
32 98 14.3421
33 0 94.2171
33 14 179.052
33 28 98.6348
33 43 94.4168
33 56 151.812
33 64 112.401
33 79 232.221
33 98 185.395
34 58 5.34749
34 80 11.1555
35 8 92.514
35 14 125.726
35 28 78.6141
35 56 116.959
35 64 399.456
35 81 89.8816
35 98 141.378
36 15 61.3279
36 29 160.124
36 51 58.1267
36 66 69.7679
37 8 183.567
37 13 189.327
37 18 134.731
37 34 304.037
37 42 247.436
37 71 208.165
37 85 225.983
37 94 340.693
38 8 125.751
38 14 94.0104
38 34 69.7891
38 56 96.0249
38 64 175.592
38 81 68.8357
38 85 94.7013
38 94 78.7538
38 98 100.925
39 3 263.319
39 11 176.804
39 17 911.763
39 19 220.421
39 22 309.228
39 26 203.894
39 37 183.325
39 39 893.184
39 41 1337.05
39 59 340.735
39 65 190.683
39 72 396.654
39 92 180.778
39 95 191.609
40 10 971.124
40 27 198.697
40 49 456.945
40 50 175.9
40 73 518.352
41 10 73.9369
41 27 24.6045
41 49 119.532
41 57 25.3202
41 73 271.823
42 20 94.7807
42 23 85.8584
42 25 88.2339
42 28 353.691
42 47 97.7196
42 52 353.426
42 60 121.964
42 64 87.5771
42 68 85.884
42 81 130.635
42 89 286.56
42 99 88.9454
43 31 288.459
43 69 258.541
43 78 303.215
43 86 356.965
43 97 203.075
44 6 3.40387
44 15 3.84845
44 29 2.69263
44 33 2.30223
44 37 2.21516
44 51 2.70322
45 2 184.75
45 32 215.464
45 33 139.525
45 55 268.416
45 87 165.21
45 91 133.067
46 1 76.9628
46 20 39.6292
46 23 49.3713
46 36 105.12
46 47 47.0996
46 52 37.5362
46 60 34.8007
46 68 60.9501
46 89 38.1851
47 7 115.965
47 11 124.498
47 19 108.674
47 53 170.195
47 68 116.073
48 18 23.8925
48 21 41.5025
48 24 32.1379
48 40 23.4976
48 42 22.6863
48 44 31.9623
48 45 37.2394
48 62 56.0578
48 70 30.6957
48 71 23.2668
48 76 67.3952
48 77 36.2
49 11 378.753
49 19 251.003
49 20 521.359
49 25 717.496
49 52 183.759
49 68 274.584
49 72 204.446
49 89 201.784
49 95 524.426
49 96 221.057
50 0 244.502
50 14 84.5871
50 43 95.5301
50 50 126.342
50 56 81.9404
50 67 76.8488
50 79 77.0148
50 98 78.8317
51 31 264.466
51 40 448.899
51 48 2842.5
51 69 294.877
51 75 408.647
51 76 143.35
51 77 209.985
51 78 176.183
52 0 177.53
52 5 114.899
52 8 80.561
52 14 106.599
52 34 85.3594
52 43 325.364
52 50 87.0845
52 56 113.298
52 67 139.131
52 98 97.719
53 3 121.875
53 6 207.353
53 15 94.535
53 22 90.5834
53 33 107.799
53 37 162.036
53 39 95.7375
53 41 108.47
53 59 248.562
53 65 91.4862
53 91 111.501
54 3 44.1077
54 15 44.0829
54 29 36.524
54 35 82.9144
54 65 47.3275
54 82 46.2677
54 90 38.884
55 27 50.4944
55 35 91.3872
55 82 41.9662
55 90 126.472
56 20 14.4324
56 23 8.74747
56 25 9.74479
56 28 10.9373
56 47 9.57147
56 52 27.9212
56 60 9.39316
56 68 14.116
56 81 8.20931
56 89 35.6958
57 84 12.0894
57 86 8.00291
57 97 18.9426
58 13 57.0906
58 18 84.1175
58 21 49.6308
58 24 44.9457
58 34 51.8581
58 42 364.093
58 44 44.6487
58 45 44.6
58 62 47.2151
58 71 224.345
58 94 51.8729
59 23 33.5167
59 30 206.498
59 47 39.2009
59 52 11.8713
59 60 37.7127
59 81 19.919
59 89 11.1116
59 99 33.9271
60 21 131.107
60 24 111.066
60 40 120.324
60 44 140.338
60 45 168.489
60 48 103.547
60 62 242.63
60 70 203.756
60 75 112.267
60 76 13406.1
60 77 170.106
61 0 384.954
61 5 114.835
61 43 119.532
61 50 298.93
61 67 193.932
61 84 179
62 9 479.569
62 30 229.401
62 60 193.858
62 81 209.574
62 99 305.18
63 0 186.346
63 10 144.025
63 50 428.616
63 79 162.598
64 4 133.292
64 16 88.0278
64 46 75.2752
64 61 165
64 63 122.35
65 1 191.985
65 36 192.901
65 93 375.855
66 5 351.65
66 21 220.775
66 24 296.658
66 34 133.482
66 43 142.383
66 67 168.789
66 77 142.094
67 20 194.032
67 23 265.291
67 28 225.139
67 30 219.211
67 36 162.163
67 47 320.25
67 52 551.045
67 60 322.673
67 68 211.967
67 81 238.615
67 89 477.265
67 99 194.142
68 1 34.3825
68 20 56.1058
68 23 35.7337
68 25 31.3684
68 36 39.6159
68 47 37.2367
68 52 48.5574
68 60 31.3219
68 68 99.2722
68 89 52.0019
69 97 197.536
70 54 11.2318
70 80 12.7617
70 97 17.6181
71 8 84.9612
71 9 106.643
71 13 95.5954
71 85 180.548
71 94 130.068
72 3 21.0771
72 22 21.1359
72 27 16.1969
72 65 33.0586
72 82 31.8131
72 96 18.3677
73 86 111.431
73 97 257.213
74 31 198.124
74 40 233.619
74 48 458.624
74 69 178.022
74 75 1046.09
74 76 142.685
74 77 160.917
75 86 160.033
75 97 504.76
76 0 478.417
76 5 305.036
76 14 208.549
76 34 176.836
76 43 478.88
76 50 217.142
76 56 218.196
76 67 430.608
76 84 194.556
76 98 193.598
77 15 231.788
77 29 350.443
77 51 584.073
77 66 419.86
78 32 183.089
78 33 132.496
78 37 142.879
78 38 120.942
78 55 369.262
78 87 9841.95
78 91 221.358
78 92 110.34
79 12 151.84
79 29 118.069
79 66 136.783
79 88 242.095
79 90 108.106
80 4 328.006
80 16 883.789
80 54 140.886
80 58 278.686
80 61 146.114
80 80 141.384
81 4 226.757
81 16 95.8512
81 58 38.9052
81 61 88.0023
81 63 49.7482
82 20 196.118
82 23 178.813
82 25 164.568
82 28 363.727
82 30 167.78
82 47 206.205
82 52 2123.81
82 60 242.568
82 68 184.542
82 81 227.727
82 89 981.801
82 99 164.944
83 0 204.648
83 5 276.738
83 50 174.559
83 67 415.415
83 78 182.25
83 84 570.378
83 86 250.498
83 97 187.941
84 12 627.935
84 46 216.759
84 74 252.096
84 88 964.546
84 90 196.949
85 7 22.351
85 11 11.6523
85 17 12.5673
85 19 17.6177
85 26 46.2621
85 38 17.1532
85 39 15.1758
85 41 10.4838
85 53 13.37
85 72 9.98978
85 92 21.001
86 5 214.381
86 21 152.559
86 24 214.03
86 34 80.0645
86 40 78.9846
86 43 84.5397
86 67 105.223
86 77 99.9119
86 78 81.7344
87 21 47.2489
87 24 26.2494
87 40 11.3998
87 42 9.32912
87 44 9.41115
87 45 10.2713
87 62 12.7915
87 70 9.34444
87 71 9.24076
87 76 16.26
87 77 20.0742
88 2 200.988
88 32 317.179
88 33 214.922
88 37 195.261
88 55 691.95
88 87 506.674
88 91 260.072
89 1 111.875
89 11 101.947
89 20 147.074
89 36 111.894
89 68 244.022
90 2 124.593
90 6 220.567
90 15 143.626
90 29 113.624
90 32 128.226
90 33 183.3
90 37 132.933
90 51 149.708
90 91 112.253
91 3 212.044
91 17 145.566
91 22 288.415
91 41 149.323
91 65 285.347
91 72 188.886
91 82 152.828
91 95 143.912
91 96 263.824
92 32 110.224
92 37 93.2365
92 38 128.598
92 55 183.847
92 87 353.657
92 91 125.755
92 92 113.018
93 10 771.473
93 27 152.347
93 49 310.602
93 50 162.573
93 73 350.949
94 0 30.7834
94 10 32.622
94 50 37.864
94 67 32.29
94 84 81.1239
94 97 32.2633
95 11 24.6146
95 19 17.0676
95 20 34.7916
95 25 19.6173
95 53 16.219
95 68 34.3895
95 89 14.1059
95 95 17.9451
96 78 70.4853
96 84 74.2321
96 86 129.788
96 97 191.401
97 12 144.869
97 46 185.47
97 57 146.924
97 63 176.172
97 74 209.024
97 88 102.148
98 4 55480.9
98 16 410.481
98 58 119.34
98 61 200.958
98 63 108.224
98 83 108.641
99 12 158.48
99 29 93.079
99 66 88.8505
99 74 100.436
99 88 196.598
99 90 122.808
