150 150 1064
0 7 274.023
0 19 182.714
0 28 1944.22
0 64 219.085
0 98 177.691
0 103 3819.04
1 14 238.786
1 40 212.179
1 123 200.611
2 0 181.177
2 70 162.011
2 71 153.691
2 88 393.784
2 99 312.231
2 116 285.376
2 119 144.868
2 139 182.24
2 140 225.726
3 8 88.0778
3 42 224.347
3 43 141.454
3 66 98.9788
3 80 203.601
3 92 97.4639
3 96 237.6
3 100 166.029
3 105 113.829
3 112 110.98
3 117 148.92
3 118 119.848
3 129 119.069
3 131 130.418
3 147 102.77
4 31 161.519
4 33 142.775
4 56 304.687
4 78 216.055
4 84 233.247
4 138 251.87
5 0 260.638
5 62 201.68
5 70 299.651
5 71 194.469
5 88 350.481
5 99 588.931
5 116 282.856
5 119 241.256
5 139 213.579
5 140 377.853
6 16 342.02
6 37 696.809
6 41 336.534
6 59 397.367
6 69 466.408
6 107 212.345
7 31 30.1116
7 33 23.5743
7 56 34.0243
7 78 62.4783
7 84 23.4162
7 138 94.4112
8 25 106.766
8 30 319.862
8 54 68.3939
8 66 66.5551
8 92 75.1818
8 93 136.681
9 35 222.881
9 74 792.884
9 123 200.968
10 31 54.1257
10 35 147.63
10 74 52.5986
10 78 67.1825
10 123 164.875
10 138 62.8623
11 7 8.91539
11 64 6.36087
11 72 6.71967
11 86 8.79119
11 126 6.41624
11 136 9.06939
12 0 306.998
12 70 304.507
12 71 252.092
12 88 591.82
12 99 565.464
12 116 434.29
12 119 261.621
12 139 291.348
12 140 399.446
13 8 160.917
13 30 104.741
13 42 214.362
13 43 184.456
13 54 151.444
13 66 667.816
13 80 204.402
13 92 504.438
13 93 161.61
13 112 83.5046
13 120 87.1292
13 147 162.564
14 6 210.92
14 57 218.746
14 102 131.245
14 146 123.746
15 1 85.1561
15 8 77.5598
15 17 85.5039
15 22 490.541
15 73 175.241
15 75 165.161
15 76 146.561
15 91 201.286
15 97 615.071
15 112 72.3935
15 115 206.699
15 120 144.557
15 121 106.155
15 147 75.4758
15 148 113.365
16 20 219.546
16 31 100.838
16 33 146.182
16 56 109.717
16 84 102.774
16 108 352.565
17 15 198.498
17 34 348.755
17 48 411.782
17 50 93.3752
17 62 118.234
17 70 87.6942
17 110 304.177
17 122 217.537
17 145 90.144
18 127 747.788
18 144 193.169
19 18 169.527
19 25 349.189
19 30 190.646
19 46 242.846
19 55 366.979
19 83 510.308
19 134 227.2
19 142 252.004
19 149 302.567
20 20 479.298
20 31 158.489
20 33 212.418
20 108 285.394
21 14 242.682
21 18 277.494
21 21 543.592
21 40 253.45
21 46 314.715
21 55 252.085
21 83 226.791
21 125 795.63
21 134 269.036
22 30 309.851
22 42 334.224
22 43 226.052
22 52 316.314
22 54 227.369
22 66 339.507
22 80 419.101
22 92 409.42
22 93 414.031
22 100 220.603
23 14 71.5492
23 18 84.4563
23 21 117.352
23 40 93.8067
23 46 77.0979
23 125 149.445
23 134 76.8167
24 6 426.68
24 12 179.488
24 57 432.607
24 102 177.613
24 109 198.613
24 146 290.257
25 81 356.974
25 106 226.947
25 135 275.967
26 18 320.695
26 21 310.797
26 40 203.14
26 46 289.963
26 55 245.156
26 83 222.746
26 125 686.521
26 134 319.827
26 149 230.383
27 9 203.183
27 26 248.995
27 67 344.967
27 82 172.147
27 141 467.853
27 143 166.234
28 81 928.038
28 98 279.391
28 106 284.131
28 135 671.876
29 0 201.53
29 38 122.834
29 44 167.948
29 49 142.151
29 51 119.804
29 63 131.484
29 71 202.19
29 85 240.981
29 87 104.199
29 99 106.443
29 119 116.254
29 124 166.034
29 137 144.935
29 139 129.102
29 140 124.733
30 45 53.2713
30 65 48.1356
30 74 48.7159
30 104 102.116
31 1 636.551
31 17 460.977
31 22 227.576
31 75 353.97
31 76 242.971
31 77 223.93
31 91 322.14
31 115 321.338
31 127 248.148
31 144 481.481
32 4 1922.19
32 23 256.158
33 5 25.2733
33 47 19.4174
33 50 17.0788
33 145 19.0646
34 8 123.684
34 30 230.91
34 42 157.503
34 43 125.435
34 54 175.362
34 66 283.477
34 80 176.137
34 92 420.037
34 93 547.266
34 147 118.807
35 7 34.8379
35 19 20.1052
35 28 90.2698
35 64 24.7851
35 98 17.1017
35 103 113.45
36 47 315.972
36 51 176.694
36 81 257.782
36 106 644.032
36 135 211.825
37 2 107.205
37 6 82.9398
37 12 89.1769
37 27 108.627
37 32 108.584
37 57 75.782
37 109 117.067
37 113 83.8909
38 8 336.517
38 22 319.693
38 42 212.421
38 43 336.017
38 73 274.361
38 76 266.53
38 91 226.172
38 97 323.933
38 112 569.12
38 115 220.501
38 120 545.828
38 121 255.464
38 129 257.042
38 147 393.38
39 31 334.56
39 33 224.066
39 35 227.001
39 56 193.391
39 78 540.755
39 123 278.382
39 138 426.865
40 6 393.392
40 12 256.657
40 32 152.151
40 57 193.912
40 109 300.23
40 146 153.329
41 19 199.884
41 36 11646.1
41 68 443.242
41 82 249.309
41 98 209.138
41 102 300.699
41 135 184.544
42 26 107.95
42 36 70.2159
42 67 65.9714
42 82 271.203
42 102 95.8542
42 130 90.6635
42 141 59.451
43 4 4.4242
43 23 6.95423
43 25 2.74742
44 14 146.304
44 20 275.171
44 31 118.089
44 33 154.591
44 108 106.66
45 9 239.492
45 24 190.401
45 38 194.367
45 49 369.384
45 65 235.854
45 85 229.599
45 104 190.116
45 132 209.535
46 9 329.876
46 26 197.387
46 38 148.585
46 67 857.741
46 87 149.187
46 137 122.119
46 141 144.81
46 143 188.376
47 8 207.246
47 11 187.492
47 29 184.571
47 42 213.579
47 43 289.591
47 80 184.11
47 96 195.215
47 112 1343.86
47 120 216.349
47 129 544.546
47 147 253.364
48 26 9.43298
48 67 5.87711
48 82 9.67685
48 102 5.11549
48 130 5.88368
48 141 5.02379
48 143 4.4809
49 9 434.184
49 38 324.55
49 49 441.526
49 65 222.738
49 67 241.267
49 85 289.89
49 87 247.003
49 137 275.119
49 143 245.067
50 8 119.174
50 42 709.872
50 43 258.942
50 54 83.2936
50 66 146.362
50 80 299.099
50 92 136.188
50 93 85.8784
50 96 98.7909
50 100 88.141
50 112 105.659
50 117 77.9228
50 120 78.2198
50 129 84.7768
50 131 76.2774
50 147 147.153
51 90 214.717
51 136 206.224
52 0 516.009
52 44 135.666
52 49 83.8515
52 51 102.142
52 62 85.4577
52 63 97.152
52 70 109.198
52 71 157.465
52 85 121.074
52 99 141.935
52 116 86.2464
52 119 162.573
52 124 145.571
52 137 85.6885
52 139 113.603
52 140 190.681
53 5 266.076
53 15 800.248
53 34 254.958
53 48 271.382
53 50 653.434
53 110 249.347
53 122 291.625
53 145 392.924
54 90 1400.63
55 3 135.92
55 18 210.514
55 24 125.398
55 40 120.087
55 52 104.546
55 95 202.598
55 134 151.092
55 149 130.179
56 1 30.3001
56 8 29.7316
56 17 35.1028
56 22 44.4286
56 43 19.3937
56 54 22.8795
56 73 19.7022
56 75 28.7894
56 76 217.513
56 91 40.4469
56 97 27.7994
56 115 34.506
56 120 44.5705
56 147 25.1393
57 9 101.836
57 26 1107.61
57 38 86.8636
57 67 196.946
57 82 139.374
57 87 103.946
57 130 140.78
57 141 85.8689
57 143 135.429
58 2 338.094
58 12 311.968
58 29 242.015
58 32 448.439
58 96 375.507
58 100 231.14
58 105 208.24
58 109 322.218
58 112 209.931
58 113 621.391
58 117 296.348
58 129 375.271
58 131 210.504
59 45 230.637
59 65 231.977
59 104 247.588
59 132 210.184
60 2 296.932
60 11 342.096
60 29 499.573
60 32 300.391
60 39 265.356
60 96 231.48
60 112 338.446
60 113 406.428
60 129 748.491
61 13 57.8169
61 16 36.0778
61 27 40.5435
61 41 37.4048
61 60 81.8417
61 101 43.7051
61 114 56.9871
61 126 49.4346
61 136 42.9573
62 45 330.609
62 49 250.83
62 65 652.074
62 71 277.112
62 85 245.823
62 116 280.668
62 132 856.219
62 139 345.544
63 5 402.21
63 15 491.794
63 34 295.723
63 48 306.894
63 50 512.436
63 62 377.884
63 70 242.126
63 110 282.574
63 119 219.127
63 122 642.665
63 145 661.082
64 0 427.059
64 44 296.419
64 51 271.578
64 62 516.738
64 70 705.344
64 99 428.473
64 119 4633.86
64 122 296.617
64 124 331.882
64 140 584.819
65 2 232.601
65 12 173.357
65 29 177.575
65 32 297.82
65 39 136.057
65 96 209.842
65 100 134.387
65 109 182.855
65 112 142.84
65 113 479.508
65 117 165.706
65 129 277.226
66 19 243.692
66 28 217.842
66 36 246.723
66 64 229.952
66 68 389.788
66 81 229.602
66 98 2019.34
66 103 207.676
66 135 293.823
68 18 564.747
68 21 215.906
68 40 224.129
68 46 234.72
68 55 223.167
68 83 214.121
68 125 358.81
68 134 466.819
68 149 282.019
69 1 195.882
69 17 181.998
69 22 328.485
69 73 288.207
69 75 734.563
69 76 208.947
69 77 206.882
69 91 429.971
69 97 374.024
69 115 572.175
69 120 167.147
69 121 182.728
69 144 163.128
69 148 292.096
70 36 255.535
70 68 224.453
70 81 438.387
70 82 216.835
70 98 250.825
70 106 361.856
70 130 254.778
70 135 645.87
71 7 10.2007
71 13 10.1461
71 19 17.1625
71 60 9.95784
71 64 16.2265
71 68 9.89869
71 72 43.6769
71 86 67.4644
71 101 12.5675
71 114 10.1829
71 126 13.6045
71 136 10.2584
72 5 354.374
72 15 580.031
72 34 241.496
72 48 254.091
72 50 1417.4
72 110 235.838
72 122 302.89
72 145 566.49
73 5 626.404
73 15 208.164
73 47 202.785
73 50 422.548
73 145 478.897
74 47 170.644
74 81 897.382
74 98 170.129
74 106 525.093
74 135 481.862
75 53 11.3597
75 79 9.80319
75 89 12.9013
75 90 6.00236
75 133 7.56506
75 136 6.19364
76 45 229.18
76 74 209.949
77 35 1223.26
77 74 188.166
77 78 184.554
77 123 327.848
77 138 178.796
78 13 132.807
78 27 155.012
78 57 97.9068
78 101 123.859
78 114 133.953
78 126 89.2011
78 146 109.08
79 52 394.024
79 100 150.395
79 105 170.295
79 117 120.498
79 118 193.398
79 128 135.999
79 131 172.954
79 149 121.997
80 4 20.827
80 111 50.4034
81 60 132.254
81 86 101.842
81 126 112.674
81 136 337.621
82 136 117.676
83 53 29.8374
83 60 38.5462
83 89 29.7765
83 126 29.8758
83 136 69.7867
84 16 413.523
84 37 497.149
84 41 550.984
84 53 259.865
84 59 1323.35
84 69 620.493
84 79 254.748
84 89 191.678
84 133 224.551
85 45 367.402
85 65 217.717
85 74 210.515
85 104 255.402
85 132 206.993
86 2 204.851
86 12 574.518
86 32 254.832
86 96 460.47
86 100 330.774
86 105 329.59
86 109 406.901
86 113 260.111
86 117 568.21
86 118 285.735
86 129 202.578
86 131 313.892
87 81 272.281
87 135 223.426
88 13 45.4012
88 27 40.6466
88 57 28.1251
88 60 24.2589
88 101 43.0954
88 114 45.9341
88 126 29.226
88 146 33.0329
89 20 142.775
90 3 342.478
90 9 296.523
90 24 371.16
90 49 255.524
90 95 254.417
91 9 65.2946
91 24 41.5169
91 26 55.4073
91 67 104.946
91 141 80.5926
91 143 44.3571
92 4 121.325
92 23 223.857
93 8 126.202
93 30 155.481
93 42 258.459
93 43 153.794
93 52 163.08
93 54 135.037
93 66 227.652
93 80 357.397
93 92 273.79
93 93 218.755
93 100 137.112
93 118 125.489
93 131 126.171
93 147 130.716
94 11 4574.47
94 29 265.765
94 39 162.4
94 121 147.281
94 129 145.173
95 21 140.584
95 25 174.143
95 46 274.448
95 55 276.65
95 83 237.011
95 125 141.167
95 142 1188.38
96 10 471.911
96 61 349.488
96 127 475.816
96 144 284.227
97 53 343.188
97 79 263.314
97 89 318.11
97 133 175.898
97 136 117.703
98 9 242.716
98 38 351.38
98 44 188.878
98 49 591.964
98 63 186.861
98 65 192.533
98 71 235.585
98 85 490.714
98 87 241.891
98 124 179.802
98 132 189.436
98 137 339.244
98 139 180.15
98 143 213.111
99 0 251.948
99 38 120.557
99 44 319.74
99 49 110.616
99 51 195.213
99 63 189.068
99 70 121.509
99 71 154.614
99 85 153.079
99 87 111.662
99 99 132.251
99 119 182.302
99 124 347.017
99 137 146.039
99 139 114.965
99 140 165.625
100 8 56.7516
100 42 371.459
100 43 95.2252
100 52 47.9489
100 66 75.257
100 80 318.391
100 92 74.9677
100 93 51.3935
100 96 71.5822
100 100 68.1234
100 105 50.3608
100 112 54.1836
100 117 56.734
100 118 54.5929
100 129 49.0774
100 131 57.3281
100 147 65.7111
101 35 502.549
101 74 425.438
101 123 311.123
102 45 383.313
102 74 92.2729
103 13 261.51
103 19 196.293
103 60 281.793
103 64 192.965
103 72 313.341
103 86 571.889
103 101 344.999
103 114 262.206
103 126 487.14
103 136 275.266
104 18 286.162
104 21 226.832
104 40 604.059
104 95 217.278
104 125 279.528
104 134 230.711
105 5 216.995
105 15 290.938
105 34 167.481
105 48 174.302
105 50 292.445
105 62 204.065
105 70 132.284
105 110 160.009
105 119 119.131
105 122 354.055
105 145 359.909
106 45 176.55
106 74 173.398
106 104 208.339
107 14 206.299
107 21 242.467
107 40 209.335
107 125 246.942
108 19 140.419
108 36 147.412
108 57 164.638
108 64 116.737
108 68 146.159
108 72 167.238
108 86 127.84
108 101 116.774
108 102 162.575
108 146 239.076
109 2 81.507
109 11 73.7958
109 29 104.569
109 39 232.826
109 107 143.544
110 4 450.761
110 23 1110.56
111 14 2698.37
111 20 149.179
111 21 198.719
111 31 149.49
111 33 151.64
111 123 155.345
111 125 148.035
112 111 296.95
112 127 141.916
113 11 367.22
113 58 213.422
113 73 278.448
113 94 403.488
113 121 461.434
113 148 255.52
114 4 246.371
114 23 176.793
114 25 202.718
114 30 223.294
114 54 145.055
114 93 161.945
115 4 166.592
115 23 123.369
115 111 325.038
116 49 165.837
116 65 170.986
116 85 112.424
116 104 144.226
116 132 141.399
117 1 52.8134
117 10 45.0752
117 17 46.0536
117 61 45.4912
117 75 65.9432
117 77 103.318
117 91 52.2679
117 115 56.0436
117 144 144.281
117 148 45.4587
118 0 195.133
118 5 142.322
118 44 185.136
118 51 182.153
118 62 352.904
118 63 140.365
118 70 318.377
118 99 190.221
118 119 554.921
118 122 202.159
118 124 208.417
118 140 234.313
118 145 142.084
119 8 178.17
119 30 276.707
119 42 291.958
119 43 200.384
119 52 205.185
119 54 212.715
119 66 347.849
119 80 359.898
119 92 450.837
119 93 426.294
119 147 178.828
120 6 168.166
120 12 71.9047
120 57 56.8761
120 109 64.2411
120 128 67.4369
120 141 57.4538
121 18 4.49029
121 21 8.02374
121 46 14.3964
121 55 8.05434
121 83 6.45229
121 125 14.0658
121 134 5.18748
121 142 4.87801
121 149 4.6224
122 47 119.318
122 51 68.7774
122 81 101.73
122 106 270.778
122 130 66.9807
122 135 83.9456
123 11 102.778
124 11 499.275
124 29 271.687
124 73 216.71
124 112 279.671
124 121 285.984
124 129 273.474
125 1 49.2089
125 111 48.2038
125 127 101.728
126 3 311.166
126 9 279.531
126 24 330.944
126 49 288.318
126 65 231.024
126 95 244.277
126 104 255.107
127 5 48.4396
127 15 44.9135
127 34 22.7274
127 48 23.6639
127 50 736.535
127 62 23.3872
127 122 31.2262
127 145 96.6891
128 14 259.765
128 21 404.372
128 46 294.635
128 55 231.166
128 125 269.938
128 142 265.666
129 0 105.84
129 70 116.229
129 88 195.505
129 99 190.711
129 116 144.103
129 119 96.2797
129 139 99.1477
129 140 138.685
130 3 278.637
130 24 265.814
130 52 196.246
130 95 304.627
130 128 290.19
130 141 195.858
131 0 166.562
131 38 157.709
131 44 148.92
131 49 237.573
131 51 113.892
131 63 130.391
131 65 115.52
131 71 233.108
131 85 518.363
131 87 124.822
131 124 144.354
131 132 120.034
131 137 177.482
131 139 148.76
131 140 114.472
132 9 75.3712
132 26 59.0943
132 38 129.145
132 44 36.5682
132 63 45.2263
132 67 68.6891
132 87 201.344
132 130 43.7837
132 137 91.2874
132 143 435.983
133 136 47.2987
134 18 172.269
134 52 145.057
134 83 89.9708
134 95 89.4255
134 134 178.965
134 149 200.972
135 21 134.293
135 25 292.42
135 46 268.553
135 55 372.065
135 83 375.674
135 125 146.401
135 134 137.728
135 142 600.667
135 149 152.698
136 11 207.532
136 29 84.7271
136 73 81.1431
136 94 102.259
136 121 119.441
137 11 84.5721
137 73 47.5037
137 94 78.3569
137 121 67.4824
138 2 535.887
138 11 249.828
138 29 570.068
138 32 500.688
138 39 352.484
138 109 220.369
138 113 805.39
138 129 346.348
139 45 485.416
139 74 309.454
140 19 227.085
140 36 238.2
140 64 168.88
140 68 447.107
140 72 175.832
140 86 118.561
140 98 137.858
140 102 130.664
140 146 114.721
141 16 226.544
141 27 77.0924
141 37 100.063
141 41 166.745
141 59 102.34
141 69 134.257
141 107 190.55
142 14 358.966
142 20 720.118
142 31 320.486
142 33 435.298
142 108 258.626
143 14 62.7361
143 21 51.2702
143 40 37.9384
143 125 45.7918
144 2 171.581
144 11 443.707
144 29 420.148
144 39 310.527
145 7 74.753
145 13 71.0672
145 19 126.301
145 60 70.7444
145 64 121.138
145 68 69.0899
145 72 317.89
145 86 664.541
145 101 88.9583
145 114 71.3279
145 126 98.2383
145 136 74.2002
146 3 137.071
146 18 97.4956
146 24 130.354
146 40 353.516
146 95 162.903
146 104 116.371
147 16 229.775
147 37 155.202
147 41 268.829
147 53 151.864
147 59 215.032
147 60 133.574
147 69 202.058
147 79 138.246
147 89 115.712
148 81 722.553
148 98 192.606
148 106 254.522
148 135 420.452
149 53 802.405
149 59 166.115
149 79 701.968
149 89 1917.95
149 133 414.471
