300 300 2262
0 62 321.875
0 70 369.198
0 81 245.035
0 84 561.414
0 146 398.526
0 152 248.842
0 261 1498.85
1 14 183.687
1 40 184.241
1 51 129.113
1 55 137.107
1 94 139.781
1 143 404.203
1 226 146.182
1 238 147.915
1 254 335.039
1 283 173.382
2 53 110.576
2 185 85.3568
2 196 76.8983
2 265 127.264
3 14 234.65
3 40 742.755
3 55 326.612
3 94 192.152
3 143 709.478
3 226 459.469
3 238 194.259
3 254 334.073
4 50 25.7476
4 63 60.923
4 64 10.6645
4 141 15.3265
4 169 11.0987
4 171 28.2058
4 204 15.0383
4 227 50.0178
5 54 331.024
5 59 315.544
5 63 298.671
5 64 1126.06
5 169 935.107
5 171 493.377
5 182 270.86
5 227 333.236
5 257 284.417
6 33 84.3154
6 83 52.1707
6 139 59.8082
6 148 129.681
6 183 48.7008
6 195 88.5422
6 198 84.8644
6 203 49.8602
6 251 49.7748
6 285 45.1705
7 111 343.634
7 125 266.958
7 145 232.733
7 159 244.578
7 166 657.586
7 206 261.542
7 282 289.078
7 286 886.664
7 296 210.252
8 13 25.8586
8 65 25.0399
8 172 43.1327
8 205 26.7713
8 223 26.6346
8 236 31.0695
8 298 25.838
9 36 6.5856
9 82 13.6452
9 127 6.8345
9 135 8.51567
9 137 6.56672
9 140 5.74516
9 197 11.7423
9 232 12.5035
9 242 9.09169
9 245 6.51124
9 256 9.86178
10 3 64.911
10 23 116.543
10 105 96.6454
10 180 100.537
10 186 71.3598
10 201 59.5628
10 212 59.1544
10 280 91.9337
11 20 249.364
11 21 236.031
11 37 323.921
11 68 282.058
11 103 347.672
11 124 213.705
11 168 334.53
11 193 251.44
11 211 425.7
11 270 218.859
12 3 38.8007
12 17 24.7049
12 23 27.3776
12 105 31.3645
12 180 29.1016
12 186 46.6588
12 201 31.1686
12 280 71.2489
13 99 302.241
13 137 176.803
13 153 211.419
13 262 291.466
13 268 288.289
14 4 567.834
14 62 1203.01
14 84 439.993
14 152 389.965
14 200 360.299
14 261 446.948
14 295 379.19
15 19 139.643
15 117 543.596
15 132 146.831
15 228 147.511
16 33 31.6078
16 56 31.1193
16 83 43.5122
16 139 91.9477
16 148 54.7142
16 183 39.1215
16 195 52.6368
16 198 34.2113
16 203 64.7048
16 249 36.6938
16 251 50.7071
16 285 59.369
17 53 3064.93
17 115 393.24
17 158 440.459
17 185 2156.89
17 196 596.714
17 209 431.142
17 241 445.476
17 265 877.853
18 43 14.366
18 106 28.0941
18 126 16.3459
18 221 16.459
18 264 15.6086
18 279 20.5287
19 13 222.238
19 30 885.644
19 91 343.591
19 110 519.807
19 178 234.642
19 210 204.331
19 223 232.75
19 243 248.276
19 248 208.446
19 281 551.917
19 294 507.455
19 298 206.13
20 41 128.467
20 61 238.07
20 90 132.386
20 161 135.73
20 163 164.36
20 164 134.62
20 187 111.243
20 188 170.152
20 260 197.517
21 14 684.293
21 40 364.536
21 55 341.231
21 113 346.704
21 143 846.15
21 226 318.517
21 254 484.851
21 283 409.482
22 18 300.861
22 44 332.776
22 74 250.682
22 93 383.594
22 97 301.715
22 120 346.774
22 151 207.244
22 237 263.775
22 287 343.012
23 54 129.013
23 59 97.3974
23 64 163.346
23 114 102.323
23 169 146.189
23 182 108.194
23 257 451.79
23 259 204.536
24 20 391.56
24 21 197.344
24 37 218.542
24 132 382.927
24 134 171.464
24 168 237.886
24 211 182.719
24 270 309.224
25 10 172.96
25 167 126.785
25 267 92.9392
26 18 380.956
26 26 379.808
26 44 554.142
26 73 541.23
26 93 318.708
26 120 613.742
26 212 333.081
26 225 1258.38
26 287 312.548
26 288 342.253
27 18 184.625
27 44 140.622
27 74 249.675
27 93 337.237
27 97 554.806
27 151 256.586
27 287 325.85
28 3 201.209
28 17 359.63
28 39 269.18
28 54 192.252
28 128 311.027
28 131 319.873
28 176 736.027
28 182 223.738
28 186 199.198
28 201 223.028
29 50 309.355
29 63 239.867
29 141 314.481
29 190 544.77
29 204 274.535
29 227 198.205
29 253 533.089
29 255 358.999
29 264 269.955
29 279 264.142
30 71 2.94631
30 199 5.37759
30 230 3.59373
31 18 245.878
31 26 164.518
31 44 211.816
31 73 244.892
31 74 231.504
31 75 265.516
31 93 176.078
31 97 170.659
31 151 188.257
31 287 187.788
31 293 705.197
32 35 120.633
32 38 200.71
32 39 117.295
32 77 172.588
32 154 160.797
32 244 119.09
32 263 316.747
33 70 306.677
33 71 578.741
33 104 316.701
33 121 384.906
33 130 597.171
34 4 199.068
34 34 199.485
34 42 216.288
34 85 541.718
34 87 246.96
34 102 669.094
34 108 240.523
34 147 371.552
34 213 221.288
34 240 217.479
34 289 829.496
34 295 202.418
35 15 360.173
35 28 229.209
35 41 165.253
35 107 292.785
35 164 161.613
35 187 253.962
35 188 164.546
35 250 238.615
35 291 241.431
36 37 112.503
36 89 122.196
36 122 161.626
36 134 212.257
37 8 123.601
37 31 215.802
37 51 103.396
37 57 112.819
37 94 92.3527
37 192 170.432
37 202 89.7762
37 238 96.609
37 299 92.9079
38 19 310.444
38 78 286.006
38 80 405.76
38 88 569.578
38 117 432.23
38 228 804.155
39 8 67.4249
39 41 76.597
39 57 107.832
39 95 711.168
39 187 78.5054
39 192 66.9889
39 283 90.0829
39 291 117.575
39 299 134.772
40 35 134.577
40 38 237.273
40 39 79.8533
40 54 77.6669
40 59 101.087
40 98 155.765
40 128 91.5277
40 131 93.2104
40 182 87.7211
40 214 94.5084
40 263 80.2716
41 18 134.66
41 26 71.4205
41 44 120.946
41 73 130.699
41 74 103.659
41 75 88.8265
41 93 83.4136
41 97 75.8334
41 151 75.5751
41 225 65.5605
41 287 88.7937
41 288 63.656
41 293 144.632
42 8 379.036
42 31 285.76
42 51 228.445
42 57 820.552
42 95 297.596
42 192 526.185
42 238 230.493
42 283 351.329
42 299 408.86
43 32 387.488
43 48 433.552
43 86 1122.28
43 108 309.45
43 118 671.789
43 133 259.359
43 179 321.903
43 194 605.27
43 213 311.976
43 235 434.691
43 240 268.569
44 20 5.70433
44 21 7.92775
44 37 3.59834
44 103 4.58291
44 124 3.88937
44 132 2.72003
44 168 8.32475
44 211 3.44373
44 269 3.33737
44 270 15.5503
45 61 153.767
45 64 107.37
45 90 121.732
45 161 183.982
45 163 154.574
45 164 129.44
45 188 136.429
45 260 110.757
46 24 29.2855
46 53 24.7273
46 158 62.002
46 184 39.5203
46 185 27.9344
46 209 58.3585
46 265 36.6656
46 297 35.0392
47 5 166.152
47 35 317.963
47 38 168.53
47 50 143.926
47 60 237.606
47 63 132.742
47 98 127.427
47 123 154.211
47 141 182.342
47 150 142.216
47 214 647.456
47 227 169.354
47 244 131.813
48 7 79.6255
48 99 88.9523
48 137 70.283
48 140 103.468
48 216 75.3496
48 229 75.226
49 54 206.308
49 114 180.27
49 128 177.603
49 169 178.042
49 182 191.548
49 257 482.169
49 259 853.33
49 262 190.198
50 13 24.7241
50 30 25.9085
50 91 31.4134
50 110 11.7733
50 223 24.3779
50 248 24.5319
50 281 11.9958
50 294 13.1854
50 298 11.7278
51 40 2124.43
51 51 357.483
51 55 437.569
51 94 408.058
51 143 627.076
51 226 797.84
51 238 402.638
51 254 610.571
52 32 119.735
52 48 197.287
52 109 124.793
52 158 223.133
52 185 119.425
52 209 242.54
52 258 206.783
52 265 105.003
53 36 324.173
53 148 311.175
53 183 219.47
53 195 297.823
53 198 559.642
53 232 230.549
53 242 330.885
53 245 314.523
54 125 133.796
54 136 200.323
54 145 154.017
54 153 148.662
54 206 138.259
54 216 123.263
54 229 135.249
54 237 123.362
54 268 151.149
55 63 257.958
55 64 580.62
55 161 283.469
55 169 304.631
55 171 420.859
55 204 254.573
55 227 241.279
55 257 245.545
56 14 63.5272
56 36 60.0425
56 49 167.134
56 55 88.7699
56 183 122.134
56 195 67.894
56 203 62.4662
56 245 61.1655
56 249 133.501
56 275 365.296
57 71 265.276
58 23 225.304
58 80 209.077
58 88 111.798
58 105 131.91
58 212 303.105
58 228 93.1192
59 50 691.769
59 63 1240.49
59 64 307.006
59 126 302.212
59 141 392.673
59 169 281.082
59 171 913.785
59 190 316.597
59 204 844.261
59 227 615.406
59 264 339.803
60 62 295.556
60 70 1041.42
60 71 277.189
60 81 432.407
60 84 465.469
60 104 276.603
60 121 358.941
60 130 384.144
60 146 943.934
60 152 281.193
60 261 914.429
61 62 114.923
61 70 187.198
61 81 101.629
61 84 397.852
61 130 100.823
61 146 156.628
61 261 266.401
62 2 452.649
62 9 863.778
62 53 226.46
62 109 298.794
62 115 1484.49
62 152 295.629
62 185 268.398
62 196 233.106
62 200 358.953
62 208 490.963
62 241 434.101
62 258 339.969
63 1 192.799
63 34 124.075
63 47 120.211
63 87 117.311
63 155 199.011
63 157 200.073
63 174 158.593
63 181 125.149
63 189 275.096
63 246 183.366
63 247 142.123
64 37 34.0926
64 89 61.1539
64 122 47.1602
64 132 38.1678
64 134 63.7356
64 167 35.3092
65 5 1237.74
65 35 183.017
65 38 182.808
65 60 246.928
65 123 350.648
65 133 237.736
65 150 580.546
65 179 219.737
65 214 214.504
65 235 200.384
65 244 930.728
65 263 192.989
65 273 927.884
66 2 50.7268
66 9 84.9718
66 53 38.5916
66 109 50.0247
66 115 142.735
66 152 37.5236
66 158 36.6959
66 185 48.6051
66 196 35.9826
66 200 49.1598
66 208 53.4425
66 209 37.4237
66 241 58.3756
66 258 66.5377
67 85 63.6432
67 86 180.286
67 102 61.4588
67 108 141.255
67 118 177.538
67 160 53.818
67 179 111.086
67 194 102.177
67 213 61.7706
67 235 105.184
67 240 108.721
68 33 1178.93
68 83 318.602
68 139 315.627
68 148 572.12
68 195 435.527
68 198 586.438
69 2 107.903
69 9 238.968
69 62 138.149
69 109 318.742
69 115 134.231
69 152 166.414
69 200 628.188
69 208 168.57
69 213 127.467
69 258 180.905
70 53 202.522
70 185 153.868
70 196 254.985
70 265 158.165
71 14 252.333
71 36 422.322
71 49 267.721
71 232 201.505
71 242 239.303
71 245 441.931
72 20 577.289
72 21 843.113
72 37 343.684
72 103 432.321
72 124 456.468
72 132 331.663
72 168 585.233
72 211 318.002
72 217 301.701
72 269 496.831
72 270 1656.2
73 13 40.6084
73 91 33.788
73 172 33.42
73 205 26.4122
73 223 44.2388
73 248 30.7526
73 277 28.0169
73 298 39.7294
74 4 328.846
74 62 378.212
74 70 380.951
74 84 2339.85
74 146 357.705
74 261 683.909
75 69 93.7713
75 207 164.162
75 219 170.151
75 252 130.05
75 272 147.12
75 292 101.992
75 297 88.7353
76 82 191.811
76 137 226.237
76 140 324.14
76 232 279.204
76 242 290.316
77 12 379.257
77 66 476.078
77 72 1273.25
77 79 778.282
77 101 466.537
77 222 725.962
77 274 507.844
78 10 271.705
78 89 303.12
78 122 708.766
78 167 457.759
79 52 441.531
79 172 333.219
79 191 369.985
79 236 471.979
80 0 95.0024
80 230 106.889
81 7 295.978
81 125 276.801
81 166 962.419
81 234 367.984
81 282 1627.41
81 286 543.819
82 75 268.558
82 177 217.861
83 78 198.765
83 80 226.358
83 88 271.587
83 117 285.487
83 228 351.994
84 75 402.314
84 177 376.473
84 231 233.294
85 4 111.447
85 9 80.2738
85 62 219.166
85 85 84.5564
85 109 94.3785
85 152 103.764
85 200 129.618
85 213 111.023
85 261 80.7916
85 295 82.0145
86 0 368.003
86 116 590.487
86 162 813.464
86 181 401.411
86 276 519.814
87 10 288.771
87 122 306.799
87 167 329.576
88 12 398.252
88 22 239.075
88 66 316.923
88 72 500.563
88 79 779.339
88 101 883.009
88 222 628.041
88 271 285.253
88 274 242.287
89 18 556.744
89 44 901.208
89 73 298.1
89 74 353.59
89 93 522.027
89 97 366.635
89 120 418.451
89 151 258.639
89 225 297.776
89 287 481.073
90 1 324.442
90 34 386.232
90 42 290.999
90 87 378.557
90 147 259.076
90 155 323.47
90 157 288.758
90 174 304.164
90 189 2220.62
90 246 432.093
90 247 253.276
91 100 264.502
91 111 457.401
91 144 201.78
91 149 322.751
91 159 307.962
91 166 222.612
91 286 327.436
91 296 288.508
92 16 242.011
92 27 229.914
92 141 200.57
92 174 187.054
92 190 250.243
92 247 191.293
92 253 322.08
92 255 881.076
92 279 196.334
93 40 143.978
93 49 142.897
93 55 275.919
93 183 136.06
93 226 199.751
93 249 163.46
93 275 174.843
94 18 219.914
94 44 196.74
94 74 209.241
94 93 403.35
94 97 311.368
94 120 135.744
94 151 172.721
94 237 123.209
94 287 333.312
95 4 249.516
95 76 248.205
95 84 212.817
95 165 201.389
95 199 206.507
95 295 318.447
96 17 264.934
96 38 204.561
96 39 340.033
96 54 289.723
96 59 291.975
96 98 367.632
96 128 683.838
96 131 764.965
96 176 260.544
96 182 382.021
97 39 257.309
97 77 192.71
97 154 1144.47
97 201 184.774
97 215 177.141
97 252 171.3
97 263 204.31
97 292 190.756
98 32 368.415
98 48 182.416
98 133 148.275
98 184 153.045
98 194 142.747
98 272 204.434
98 297 196.022
99 72 205.749
99 79 126.492
99 101 221.653
99 222 372.445
100 61 202.35
100 126 511.066
100 163 269.972
100 164 309.088
100 188 239.556
100 190 162.365
100 204 214.795
100 264 267.973
100 279 163.444
101 0 902.015
101 155 137.707
101 165 143.776
101 276 139.07
102 14 390.381
102 40 282.917
102 49 540.872
102 55 857.51
102 143 354.271
102 183 233.753
102 226 338.182
102 249 253.258
102 275 347.893
103 35 86.5367
103 38 90.3562
103 39 91.0737
103 54 200.709
103 59 221.068
103 98 287.292
103 128 434.54
103 131 434.905
103 169 97.1319
103 182 330.124
104 13 53.177
104 52 68.3787
104 65 51.9892
104 172 240.972
104 223 52.7394
104 236 118.287
105 48 96.3301
105 85 143.947
105 86 173.291
105 102 104.442
105 108 124.317
105 109 117.248
105 118 262.275
105 194 96.9929
105 213 341.871
105 235 88.2522
105 240 98.5512
105 258 89.238
106 22 376.975
106 33 388.673
106 46 283.502
106 175 295.106
106 234 489.875
106 271 320.066
107 1 647.331
107 6 172.957
107 16 133.275
107 27 132.523
107 47 288.36
107 155 125.607
107 157 859.794
107 174 315.549
107 189 137.419
107 246 209.332
107 247 395.459
108 40 377.784
108 51 559.263
108 57 279.222
108 94 672.74
108 143 382.095
108 226 278.895
108 238 760.026
108 254 1985.83
108 283 325.803
109 5 621.15
109 60 516.769
109 119 368.437
109 123 1901.52
109 150 2148.22
109 160 326.071
109 179 321.594
109 214 273.792
109 235 252.778
109 244 411.747
109 273 632.943
110 13 36.4972
110 30 141.99
110 91 55.6496
110 110 67.7922
110 178 35.0399
110 223 37.9748
110 243 36.235
110 248 34.6589
110 281 72.4059
110 294 66.8669
110 298 31.7012
111 32 110.139
111 48 414.225
111 86 47.7511
111 109 41.0017
111 118 41.9651
111 158 41.2962
111 194 44.8252
111 209 42.7286
111 258 48.4979
112 126 6956.19
112 163 237.466
112 164 262.613
112 188 219.751
112 190 296.859
112 204 355.12
112 253 235.527
112 264 669.452
112 279 297.644
113 78 80.6712
113 80 149.559
113 88 85.4551
113 228 86.8756
113 231 64.2502
113 288 55.4473
114 67 76.2536
114 136 142.884
114 153 434.223
114 233 118.03
114 268 98.7605
115 100 179.347
115 144 606.425
115 149 220.555
115 286 197.754
115 296 738.204
116 46 178.064
116 56 210.897
116 83 139.728
116 175 136.248
116 251 116.741
117 11 172.154
117 15 377.829
117 28 532.055
117 45 209.737
117 107 669.743
117 187 181.191
117 221 170.795
117 250 720.208
117 291 208.304
117 299 164.463
118 2 325.077
118 9 509.956
118 62 841.275
118 109 361.493
118 115 305.284
118 152 1260.52
118 200 856.346
118 208 587.009
118 261 387.288
119 139 133.802
119 148 158.461
119 183 257.601
119 195 199.469
119 198 102.534
119 203 357.04
119 249 251.113
119 251 93.1833
119 275 140.895
119 285 186.186
120 61 463.389
120 126 101.733
120 163 2970.63
120 164 515.8
120 188 683.684
121 36 410.924
121 82 385.595
121 127 222.297
121 135 243.138
121 137 257.709
121 140 255.108
121 197 300.221
121 232 886.061
121 242 1312.07
121 245 395.9
121 256 270.916
122 8 494.732
122 11 593.392
122 31 435.626
122 45 514.738
122 112 525.978
122 142 525.026
122 192 410.057
122 202 904.689
122 218 408.935
122 239 643.656
122 290 978.006
123 54 580.348
123 59 374.833
123 98 317.52
123 128 550.963
123 131 524.439
123 169 328.684
123 176 294.673
123 182 583.971
123 257 380.916
123 259 384.144
124 30 176.022
124 110 187.543
124 243 647.318
124 277 350.218
124 278 304.076
124 294 256.284
124 298 253.283
125 46 381.702
125 56 172.337
125 101 192.828
125 175 543.178
125 271 269.051
126 44 118.371
126 67 153.569
126 73 102.904
126 120 369.622
126 212 120.238
126 225 184.092
127 36 295.543
127 82 241.712
127 137 215.564
127 140 248.054
127 197 192.371
127 198 200.356
127 232 480.105
127 242 933.527
127 245 283.635
128 19 507.627
128 29 281.661
128 80 357.447
128 88 1399.12
128 117 384.517
128 228 5215.67
129 19 176.293
129 29 173.064
129 117 191.068
129 132 239.251
130 5 342.787
130 35 1260.23
130 38 466.288
130 50 277.985
130 59 306.869
130 60 396.667
130 98 334.775
130 123 290.746
130 141 326.435
130 150 280.336
130 214 2229.44
130 227 345.701
130 244 286.257
131 15 255.669
131 28 276.643
131 107 270.015
131 205 142.43
131 221 433.312
131 250 171.55
132 1 264.497
132 34 217.837
132 155 872.083
132 157 324.632
132 165 214.517
132 174 221.51
132 181 373.318
132 189 353.812
132 246 232.811
132 247 216.441
132 276 280.397
133 3 102.892
133 17 73.7351
133 23 78.2863
133 105 84.5807
133 180 97.2659
133 186 123.025
133 201 98.0914
133 280 167.894
134 32 571.121
134 48 348.672
134 86 138.923
134 118 115.362
134 194 145.923
134 235 114.309
134 258 103.39
135 15 61.9836
135 41 85.6388
135 61 68.9358
135 95 55.3682
135 107 54.3509
135 163 62.3015
135 164 64.5831
135 187 165.276
135 188 72.0965
135 250 51.3519
135 291 97.8062
136 80 334.849
136 88 446.091
136 117 694.099
136 228 599.197
137 176 281.504
137 259 218.051
138 10 188.445
138 96 188.957
138 156 189.551
138 167 126.674
138 224 131.891
138 267 341.39
139 52 75.8776
139 65 89.6375
139 112 39.1807
139 172 34.1386
139 191 55.8359
139 236 37.4801
140 17 311.001
140 39 720.251
140 154 347.728
140 201 358.839
141 32 267.322
141 48 361.061
141 85 295.426
141 86 678.988
141 108 313.849
141 109 328.017
141 118 831.079
141 179 251.696
141 194 336.791
141 213 504.584
141 235 286.874
141 240 258.058
141 258 273.419
142 7 413.122
142 99 290.039
142 125 403.588
142 145 456.097
142 206 380.447
142 216 1057.92
142 229 1679.95
142 268 483.501
143 4 187.512
143 34 792.231
143 76 336.214
143 87 655.517
143 147 216.889
143 165 251.408
143 189 245.642
143 289 257.308
143 295 246.684
144 35 430.04
144 50 667.242
144 59 309.734
144 60 389.298
144 63 619.547
144 141 747.717
144 169 323.673
144 171 421.449
144 204 322.043
144 214 498.29
144 227 1040.41
145 11 145.564
145 28 104.222
145 45 131.602
145 205 681.143
145 239 143.932
145 250 92.2727
145 277 111.786
145 298 91.9465
146 40 61.0811
146 51 50.2584
146 55 32.04
146 94 59.0099
146 143 60.2931
146 226 41.796
146 238 61.9335
146 254 220.64
146 283 35.6986
147 72 374.179
147 101 236.704
147 222 384.09
148 6 467.562
148 16 243.432
148 43 219.358
148 47 293.325
148 92 342.948
148 138 644.613
148 157 212.576
148 220 502.978
148 266 248.484
148 284 234.683
149 52 588.182
149 65 510.166
149 172 353.357
149 191 297.578
149 236 368.461
150 58 244.427
150 68 113.724
150 193 167.425
151 67 438.936
151 136 953.784
151 153 311.974
151 233 714.291
151 237 223.514
152 32 202.194
152 77 160.939
152 86 127.252
152 133 320.565
152 179 124.168
152 194 197.942
152 235 174.643
152 244 124.191
152 263 127.048
153 20 190.888
153 117 195.258
153 132 877.506
154 15 525.727
154 28 324.618
154 106 419.397
154 107 369.932
154 221 709.059
155 43 39.4056
155 92 61.0118
155 110 50.4952
155 138 40.1824
155 173 40.1054
155 178 43.699
155 210 131.479
155 220 40.3104
155 243 39.1774
155 266 51.4111
155 278 52.696
155 281 46.9829
155 294 43.6919
156 52 401.781
156 65 178.766
156 172 610.471
156 191 196.751
156 236 1527.07
158 82 561.1
158 90 310.196
158 114 390.719
158 127 522.74
158 135 1541.19
158 137 301.535
158 161 238.404
158 197 1222.17
158 232 289.704
158 256 1448.95
158 260 222.201
158 262 255.172
159 77 1976.29
159 133 394.05
159 154 260.051
159 244 300.892
159 263 791.238
160 24 115.458
160 58 120.127
160 193 126.882
160 265 97.5103
161 0 70.2048
161 76 16.7069
161 155 19.4328
161 165 22.801
161 181 15.6259
161 276 15.3348
162 31 170.134
162 51 405.997
162 57 161.219
162 94 313.98
162 238 321.33
162 254 168.473
163 38 86.6773
163 77 160.937
163 154 124.974
163 263 212.445
164 8 188.086
164 11 275.941
164 31 181.007
164 45 226.696
164 65 184.117
164 112 311.796
164 142 261.505
164 192 162.556
164 202 428.181
164 218 208.071
164 239 308.971
164 290 320.14
165 12 373.391
165 22 3981.96
165 66 192.295
165 79 206.681
165 175 224.807
165 234 292.538
165 271 385.536
166 33 219.457
166 46 414.779
166 56 656.603
166 83 692.821
166 139 263.707
166 175 244.892
166 251 380.144
167 67 887.065
167 105 241.693
167 120 307.195
167 136 232.679
167 212 202.608
167 233 420.343
168 58 89.0186
168 68 48.3396
168 193 72.1094
169 7 234.358
169 111 250.336
169 125 321.753
169 145 278.953
169 166 1279.36
169 206 299.474
169 216 205.522
169 282 500.676
169 286 525.998
170 18 189.045
170 44 821.199
170 73 66.7238
170 74 79.7135
170 93 96.2394
170 97 68.8775
170 120 50.3092
170 151 52.0438
170 225 51.3377
170 287 96.4751
170 293 49.4012
171 15 299.093
171 28 141.333
171 107 233.807
171 187 64.713
171 221 72.8421
171 250 117.27
171 291 66.8114
172 8 171.532
172 11 210.809
172 15 276.699
172 28 445.062
172 45 268.892
172 95 180.917
172 107 433.213
172 187 184.009
172 239 193.147
172 250 1545.43
172 290 197.327
172 291 226.531
172 299 205.177
173 19 9.43205
173 29 16.0347
173 180 10.1954
173 207 9.63759
173 215 14.4011
173 217 15.6064
173 219 10.3509
173 252 10.9516
173 292 11.6182
174 17 97.344
174 39 107.16
174 54 124.487
174 59 112.446
174 98 125.989
174 128 381.506
174 131 435.708
174 176 112.649
174 182 167.888
175 40 31.8746
175 51 86.3227
175 57 31.6609
175 94 102.713
175 143 31.5208
175 238 139.636
175 254 88.5801
175 283 33.941
176 50 1209.07
176 60 323.945
176 63 614.285
176 141 1884.77
176 171 336.553
176 190 369.333
176 204 411.472
176 227 524.64
176 253 328.581
176 255 360.067
176 264 285.639
177 10 498.512
177 89 370.065
177 122 225.734
177 167 356.868
177 267 618.668
178 111 68.0733
178 125 44.832
178 144 48.0687
178 159 49.6226
178 166 117.498
178 282 62.7525
178 286 440.067
178 296 72.5256
179 36 1132.07
179 49 408.798
179 148 372.578
179 183 385.5
179 195 404.052
179 198 464.505
179 232 342.135
179 242 510.87
179 245 1103.59
179 249 329.357
179 275 386.357
180 6 295.535
180 47 309.449
180 116 370.81
180 155 402.615
180 157 376.416
180 162 460.826
180 181 910.546
180 220 299.288
180 276 757.726
180 284 377.459
181 111 71.0452
181 125 56.2362
181 145 55.8404
181 159 99.6274
181 206 61.3919
181 237 178.509
182 99 162.381
182 137 177.333
182 140 275.461
182 232 177.852
182 242 171.968
183 78 29.069
183 156 25.9641
183 170 32.5258
183 177 122.812
183 224 35.8936
184 32 235.95
184 77 447.898
184 133 458.789
184 194 227.805
184 235 217.726
184 244 216.427
184 263 285.631
185 35 10.6407
185 50 14.1448
185 54 10.6348
185 59 12.4749
185 63 17.9419
185 64 12.6032
185 98 10.3905
185 141 11.8536
185 169 16.8321
185 171 19.5706
185 182 9.53128
185 204 9.93481
185 214 10.4235
185 227 30.552
186 97 125.051
186 100 561.101
186 111 160.432
186 149 333.801
186 159 177.894
187 116 122.752
187 155 105.819
187 157 81.7943
187 162 169.736
187 181 312.147
187 276 346.4
187 284 99.8276
188 10 45.373
188 89 125.2
188 122 60.4698
188 132 52.3874
188 134 53.0279
188 167 55.2229
189 19 238.425
189 29 381.522
189 207 306.282
189 217 1462.08
189 269 254.62
190 4 409.201
190 84 520.398
190 199 298.505
190 295 420.553
191 20 578.084
191 21 226.497
191 37 557.704
191 132 393.468
191 134 493.362
191 168 335.964
191 211 397.124
191 270 300.058
192 32 146.206
192 77 141.538
192 133 117.106
192 184 116.743
192 219 120.039
192 272 209.165
192 297 147.258
193 7 256.791
193 125 163.74
193 145 175.231
193 206 147.043
193 216 1355.06
193 229 580.945
193 268 113.135
193 282 103.237
194 13 388.096
194 30 434.979
194 91 645.617
194 110 260.574
194 223 460.257
194 243 442.718
194 248 289.451
194 277 458.168
194 294 378.294
194 298 1170.25
195 17 98.3919
195 39 105.175
195 154 100.068
195 180 80.0039
195 186 66.0667
195 201 180.09
195 215 82.0745
195 280 64.2106
196 1 79.3073
196 27 158.165
196 42 81.1084
196 119 60.2653
196 147 51.3835
196 157 52.472
196 160 52.9612
196 174 107.249
196 189 56.8931
196 246 192.355
196 247 70.1207
197 33 76.8283
197 198 83.6522
198 89 4.1843
198 122 7.4579
198 134 3.44307
198 167 3.59194
199 199 702.63
199 230 469.966
200 8 463.628
200 11 648.743
200 31 295.3
200 45 626.345
200 112 284.306
200 142 287.144
200 192 345.832
200 202 407.564
200 239 656.166
200 250 304.202
200 290 2199.9
200 299 301.737
201 15 173.547
201 61 299.598
201 126 211.021
201 163 415.641
201 164 682.258
201 188 439.083
202 17 374.1
202 39 467.335
202 154 806.89
202 180 381.374
202 201 530.353
202 215 538.245
202 252 345.412
202 292 416.377
203 15 643.087
203 28 295.95
203 61 241.221
203 107 367.327
203 163 263.073
203 164 308.376
203 187 242.284
203 188 283.198
203 221 330.7
203 250 252.325
204 71 761.046
204 130 361.328
205 41 165.886
205 90 161.238
205 113 296.277
205 260 276.089
206 46 214.84
206 101 276.598
206 175 246.052
207 20 653.314
207 21 182.126
207 37 213.19
207 103 137.789
207 124 117.525
207 132 184.441
207 134 135.038
207 168 265.946
207 211 173.226
207 270 324.567
208 19 76.2365
208 23 64.2711
208 29 59.66
208 80 49.2575
208 88 79.2947
208 180 71.6459
208 228 61.4281
209 26 91.3836
209 78 408.243
209 80 68.8456
209 231 185.438
209 288 111.736
210 46 170.683
210 56 1086.84
210 83 336.639
210 139 176.985
210 251 288.673
211 41 246.282
211 90 419.114
211 113 331.189
211 161 288.143
211 260 923.358
212 78 124.888
212 88 111.183
212 96 109.138
212 117 154.663
212 228 132.842
213 69 264.338
213 207 5082.29
213 217 321.475
213 219 350.072
213 252 290.509
213 269 242.985
213 272 255.303
213 292 242.91
214 49 249.548
214 55 239.484
214 139 223.616
214 148 240.865
214 183 550.105
214 195 287.541
214 203 482.093
214 249 937.792
214 275 505.801
214 285 342.22
215 41 122.152
215 61 70.0421
215 113 59.2707
215 163 54.0952
215 164 48.9719
215 187 79.1712
215 188 59.0064
215 260 68.6812
215 291 55.1883
216 32 11.342
216 48 23.2055
216 109 9.24013
216 158 11.8483
216 209 12.5001
216 258 13.1476
217 14 315.969
217 36 264.79
217 49 235.118
217 113 346.874
217 245 270.731
218 10 140.683
218 96 162.745
218 117 177.567
218 156 149.283
218 267 269.397
219 4 111.097
219 34 322.712
219 42 112.001
219 76 144.521
219 85 107.022
219 87 453.454
219 102 123.147
219 147 154.344
219 165 115.528
219 189 135.557
219 289 198.133
219 295 140.193
220 1 76.475
220 6 58.2481
220 16 38.3036
220 27 27.0801
220 47 153.04
220 157 115.204
220 174 54.0587
220 246 34.9355
220 247 92.6379
221 12 272.305
221 66 285.45
221 72 599.279
221 79 657.747
221 101 384.516
221 222 518.221
221 271 179.131
221 274 243.528
222 43 260.437
222 106 348.591
222 138 138.635
222 278 141.255
222 279 158.864
223 14 356.03
223 40 593.776
223 51 418.348
223 55 340.376
223 94 472.423
223 143 796.821
223 226 418.575
223 238 499.685
223 254 1844.37
223 283 386.241
224 50 328.48
224 63 534.311
224 64 298.195
224 141 222.008
224 169 258.263
224 171 4399.15
224 204 340.213
224 227 428.937
225 4 1085.52
225 34 360.406
225 76 339.553
225 85 356.235
225 87 377.186
225 102 329.898
225 289 403.446
225 295 1600.74
226 5 375.373
226 60 222.108
226 119 158.346
226 123 541.981
226 133 125.835
226 150 4261.63
226 160 147.55
226 179 165.736
226 214 134.705
226 235 132.244
226 244 239.637
226 273 416.848
227 1 636.464
227 27 466.787
227 34 293.102
227 42 423.142
227 47 305.524
227 87 311.503
227 147 307.14
227 157 415.869
227 174 699.276
227 189 548.899
227 246 2292.95
227 247 461.334
228 9 245.48
228 48 232.357
228 53 379.978
228 109 240.856
228 115 336.998
228 158 559.668
228 185 635.019
228 196 245.836
228 209 575.658
228 241 274.45
228 258 369.98
228 265 386.023
229 3 320.198
229 136 380.956
229 153 720.398
229 233 418.079
229 268 303.365
230 11 46.7725
230 45 33.7551
230 65 21.3693
230 112 20.8693
230 202 20.1921
230 205 36.9067
230 239 53.325
230 290 23.8404
231 52 4.03401
231 65 1.58556
231 172 1.82453
231 191 1.72958
231 236 2.16575
232 3 279.773
232 17 73.3413
232 105 83.3696
232 176 80.9686
232 186 199.321
232 201 69.6785
232 233 85.5417
232 280 173.875
233 33 218.916
233 36 270.522
233 148 552.039
233 183 315.199
233 195 548.275
233 198 1037.05
233 242 224.031
233 245 266.849
233 249 251.133
233 275 245.815
234 8 19.7396
234 11 87.742
234 28 27.8355
234 45 261.508
234 107 22.8059
234 205 23.0998
234 239 63.6911
234 250 33.3267
234 290 32.7829
235 5 79.7584
235 35 123.627
235 38 318.019
235 77 82.6748
235 98 94.5957
235 154 79.7002
235 214 97.8454
235 244 86.6564
235 263 137.697
236 26 1028.94
236 44 201.465
236 73 422.545
236 75 238.99
236 78 256.853
236 80 208.446
236 212 208.299
236 225 416.262
236 231 491.593
236 288 845.386
237 15 773.891
237 28 406.856
237 107 537.681
237 164 283.395
237 187 374.151
237 188 282.838
237 221 282.83
237 250 392.101
237 291 352.133
238 63 63.2107
238 64 99.6659
238 161 67.0097
238 163 59.3898
238 169 61.9299
238 171 98.0546
238 204 68.494
239 75 400.759
239 78 308.221
239 177 706.918
239 231 302.139
240 96 16.1969
240 117 27.1848
240 156 14.8005
240 267 15.5963
241 19 64.6229
241 29 36.7511
241 80 39.6755
241 88 96.2313
241 117 65.5297
241 228 198.373
242 85 9492.89
242 86 295.355
242 102 814.451
242 108 450.708
242 118 382.028
242 147 354.169
242 213 533.431
242 240 359.805
242 289 477.711
243 1 225.228
243 6 271.205
243 16 148.894
243 47 335.262
243 155 161.842
243 157 434.048
243 174 175.683
243 181 194.045
243 220 157.369
243 247 216.951
243 276 164.961
244 156 225.754
244 170 242.459
245 32 76.4819
245 48 116.303
245 109 49.0943
245 158 96.2694
245 209 102.463
245 258 68.4987
245 297 52.0783
246 23 14.9011
246 80 12.6439
246 105 13.7695
246 212 91.4651
246 225 12.9441
247 58 405.896
247 68 363.952
247 193 407.383
248 11 449.785
248 28 391.687
248 45 448.941
248 107 312.243
248 205 633.176
248 239 420.78
248 250 327.748
248 277 255.037
249 40 422.531
249 49 261.523
249 55 900.365
249 143 308.184
249 226 746.715
249 275 259.01
250 33 542.957
250 198 197.807
250 234 206.135
251 13 110.797
251 52 132.536
251 172 458.084
251 236 384.568
251 248 111.568
252 31 347.016
252 51 219.915
252 94 195.253
252 142 194.068
252 192 218.348
252 238 197.292
253 7 344.655
253 22 248.486
253 234 733.932
253 282 342.673
254 96 680.453
254 156 633.815
254 170 376.236
254 177 252.96
254 224 797.842
255 52 48.0343
255 65 56.1687
255 172 57.9283
255 236 48.6982
256 58 627.355
256 68 333.125
256 193 548.521
257 24 194.593
257 58 231.951
257 68 164.043
257 103 154.029
257 124 158.646
257 193 314.893
258 5 347.568
258 60 308.382
258 108 235.317
258 119 431.388
258 123 609.74
258 150 643.319
258 160 431.204
258 179 372.228
258 235 255.874
258 240 286.62
258 244 284.589
258 273 454.019
259 2 80.9525
259 9 146.457
259 53 65.5567
259 109 104.202
259 115 181.24
259 152 66.3126
259 158 68.4376
259 185 83.3437
259 200 93.1959
259 208 90.4327
259 209 70.1128
259 241 89.7569
259 258 150.687
260 11 808.698
260 28 323.151
260 45 603.216
260 205 764.433
260 239 855.405
260 250 318.706
260 290 359.302
261 0 584.198
261 155 861.462
261 162 378.836
261 165 402.276
261 181 598.123
261 276 532.155
262 13 85.0269
262 30 169.296
262 91 133.434
262 110 151.009
262 210 86.9161
262 223 93.0946
262 243 366.113
262 277 128.033
262 278 90.8925
262 281 133.635
262 294 344.263
262 298 150.006
263 26 15.6519
263 78 42.6782
263 80 20.4905
263 228 15.3843
263 231 22.4445
263 288 17.5807
264 70 412.279
264 71 1079.46
264 81 314.885
264 104 337.539
264 121 435.508
264 130 844.567
264 146 317.142
265 144 79.2865
265 296 38.0163
266 13 379.421
266 91 223.948
266 172 371.628
266 223 347.275
266 236 258.426
266 248 348.878
267 13 35.8931
267 30 46.8872
267 91 51.499
267 110 36.2565
267 205 33.6492
267 223 40.0887
267 243 101.632
267 277 102.224
267 281 33.8123
267 294 54.6392
267 298 141.812
268 32 188.958
268 69 176.316
268 184 248.979
268 272 505.048
268 297 390.487
269 36 471.151
269 49 372.319
269 148 375.298
269 183 458.333
269 195 445.003
269 198 412.464
269 242 278.771
269 245 473.138
269 249 362.793
269 275 433.947
270 53 426.383
270 158 346.945
270 185 374.109
270 209 333.733
270 265 662.061
271 10 8.12417
271 89 8.02501
271 122 12.8672
271 167 10.6068
272 49 47.5176
272 55 48.1714
272 183 60.8278
272 195 33.4152
272 203 40.3959
272 226 31.7928
272 249 84.6885
272 275 97.946
272 285 32.4931
273 96 1202.11
273 156 922.496
273 170 398.291
273 224 668.918
273 267 376.223
274 78 17.6684
274 96 23.825
274 156 24.0768
274 170 26.4848
274 177 30.2494
274 224 37.7725
275 19 14.7074
275 29 19.9341
275 132 12.5096
275 217 22.0223
276 77 25.7599
276 207 29.6615
276 219 52.034
276 252 40.6922
276 272 30.2435
276 292 31.3923
277 8 83.882
277 11 64.7235
277 28 66.7557
277 45 80.5575
277 95 74.0165
277 107 64.0098
277 187 53.7076
277 192 65.3661
277 239 60.3219
277 250 111.515
277 290 84.3012
277 291 74.1839
277 299 113.899
278 14 396.694
278 40 364.524
278 49 317.226
278 55 777.716
278 143 557.507
278 226 408.286
278 254 226.403
278 275 224.221
279 5 438.771
279 35 79.7521
279 60 113.929
279 123 172.343
279 133 109.347
279 150 312.139
279 179 109.226
279 194 80.2725
279 214 93.4364
279 235 97.1159
279 244 334.375
279 263 83.9334
279 273 613.082
280 24 326.112
280 69 263.056
280 158 407.923
280 184 571.876
280 209 396.341
280 265 265.244
280 272 275.046
280 297 484.303
281 24 246.381
281 53 207.521
281 158 261.574
281 184 224.498
281 185 206.848
281 209 248.951
281 265 344.947
281 297 186.447
282 53 65.6182
282 158 210.791
282 184 49.698
282 185 80.8494
282 209 180.389
282 265 113.729
282 297 46.0231
283 29 14.5851
283 207 16.865
283 217 54.3871
283 269 15.9081
283 270 12.345
284 10 349.606
284 96 865.907
284 156 789.814
284 170 351.645
284 224 449.261
284 267 818.226
285 4 304.208
285 84 333.485
285 199 247.746
285 295 337.985
286 32 216.44
286 48 138.223
286 86 102.037
286 118 79.0168
286 133 70.568
286 179 60.8981
286 194 117.641
286 235 85.4329
287 34 178.344
287 42 245.843
287 85 330.463
287 87 231.107
287 102 666.371
287 108 219.043
287 147 563.429
287 160 163.848
287 213 157.016
287 240 209.285
287 289 1481.98
288 1 2137.24
288 6 515.788
288 16 418.252
288 27 392.175
288 47 939.522
288 157 1423.37
288 174 1047.17
288 189 338.363
288 246 571.051
288 247 1866.26
289 21 171.171
289 24 183.651
289 69 137.411
289 103 227.284
289 124 313.316
289 168 126.989
289 193 170.861
289 269 163.523
289 270 121.567
290 19 386.695
290 23 418.491
290 29 312.686
290 80 288.872
290 88 428.629
290 180 427.735
290 228 332.086
291 10 124.663
291 89 190.584
291 122 1564.09
291 167 219.608
292 74 247.182
292 93 275.513
292 97 321.666
292 100 475.698
292 111 250.434
292 149 353.975
292 151 284.758
292 159 298.329
292 287 269.475
293 106 126.828
293 205 119.717
293 221 177.633
293 243 143.731
293 277 188.094
293 278 148.742
293 298 119.865
294 15 108.007
294 41 122.139
294 61 112.244
294 95 83.4217
294 107 91.8339
294 163 103.745
294 164 109.666
294 187 213.196
294 188 120.631
294 250 84.0765
294 291 141.613
295 82 404.759
295 90 148.648
295 114 166.003
295 127 251.947
295 135 543.046
295 137 167.862
295 140 124.657
295 197 1204.72
295 232 184.568
295 242 131.033
295 256 776.243
295 262 126.737
296 23 387.632
296 26 250.753
296 80 613.308
296 88 260.181
296 105 289.331
296 212 856.11
296 225 308.481
296 231 254.252
296 288 257.402
297 6 466.752
297 43 391.451
297 47 341.3
297 92 951.766
297 138 1856.84
297 173 321.976
297 220 1481.89
297 266 540.867
297 284 429.605
298 58 85.7771
298 68 148.825
298 103 80.1486
298 124 58.2417
298 168 56.8304
298 193 180.294
298 211 55.3955
299 37 338.926
299 134 336.267
299 211 394.932
