150 150 999
0 94 226.781
0 147 233.539
1 16 89.0962
1 37 19.8427
1 91 27.9304
1 98 21.7498
2 2 186.338
2 5 231.129
2 13 237.236
2 28 1033.55
2 53 1422.87
2 104 236.406
2 115 326.02
2 117 445.037
2 132 798.776
2 140 178.735
3 2 354.224
3 17 813.725
3 27 394.935
3 94 167.878
3 109 288.242
3 110 262.826
3 119 238.92
3 133 418.878
3 140 175.461
3 149 177.802
4 6 26.5753
4 14 32.3735
4 36 20.4316
4 39 18.3465
4 40 20.5297
4 46 21.8091
4 66 20.0201
4 70 68.1127
4 83 398.247
4 88 23.9181
4 96 33.5869
4 135 20.3548
4 139 34.9201
4 148 23.0612
5 24 4.87496
5 36 5.08379
5 39 5.55265
5 42 12.124
5 58 8.35743
5 61 13.965
5 101 5.80603
6 16 354.652
6 37 183.003
6 91 272.422
6 98 220.265
6 104 212.167
7 26 226.134
7 47 176.204
7 65 462.957
7 79 217.573
8 12 630.807
8 29 312.391
8 35 317.61
8 40 319.085
8 66 247.121
8 86 864.35
8 90 234.939
8 138 266.269
9 19 258.747
9 105 402.817
9 111 287.116
9 124 461.014
9 127 1109.2
9 130 288.678
10 4 224.104
10 41 227.516
10 136 249.964
11 41 255.634
11 68 405.158
11 74 710.747
11 75 725.898
11 81 1463.71
11 136 1023.01
12 8 141.801
12 20 135.414
12 41 189.188
12 63 131.155
12 73 194.141
12 93 262.592
12 144 167.043
13 30 82.4741
13 49 117.375
13 54 161.646
13 69 73.9336
13 77 92.5135
13 90 84.1421
13 121 97.0587
13 134 122.877
13 145 177.149
14 3 715.537
14 21 171.499
14 24 223.459
14 33 194.951
14 44 255.586
14 113 648.067
15 45 2.06954
15 95 2.10507
15 126 2.12065
15 146 2.36335
16 7 248.611
16 51 303.276
16 62 619.606
16 89 312.292
16 125 239.945
17 24 32.9627
17 42 83.4693
17 58 35.5259
17 61 57.1057
17 101 27.3653
17 113 29.5703
18 59 327.241
18 60 149.45
18 63 351.812
18 71 243.789
18 73 394.733
18 80 159.233
18 144 154.618
19 41 912.255
19 63 209.403
19 73 217.282
19 75 237.766
19 81 221.86
19 93 294.101
19 136 232.355
20 12 354.861
20 29 207.701
20 35 211.901
20 40 274.106
20 66 236.618
20 86 413.452
20 88 201.953
20 138 231.803
21 23 259.093
21 41 222.166
21 68 215.074
21 74 218.625
21 75 350.845
21 81 267.129
21 136 206.005
21 141 391.223
22 121 145.597
22 124 153.74
22 127 310.604
23 5 64.9255
23 11 129.664
23 18 48.5548
23 43 124.95
23 115 51.1515
23 140 57.5375
23 144 48.6517
24 13 199.763
24 53 109.287
24 117 151.181
25 5 215.782
25 11 1258.49
25 43 522.462
25 115 146.547
25 140 133.679
26 5 192.687
26 11 234.919
26 18 120.431
26 43 177.793
26 115 152.342
26 140 200.664
27 12 339.835
27 29 216.843
27 35 162.61
27 40 360.272
27 60 170.439
27 66 195.164
27 70 192.619
27 86 193.957
27 88 194.194
27 96 354.912
27 102 302.718
27 139 207.753
28 4 93.7005
28 94 135.699
28 147 140.44
29 121 105.37
29 134 92.911
29 138 54.2028
30 7 465.577
30 15 170.891
30 51 1058.92
30 62 370.759
30 89 229.553
30 107 195.058
30 125 313.664
31 3 188.97
31 21 190.488
31 24 156.678
31 113 199.928
32 6 274.768
32 14 301.915
32 36 279.693
32 39 255.592
32 46 446.155
32 87 258.107
32 135 561.243
32 142 530.795
32 148 463.737
33 31 220.235
33 32 365.59
33 38 152.144
33 79 235.899
33 123 204.982
34 25 148.158
34 48 129.923
34 76 69.5073
34 84 37.7321
34 92 51.9813
34 101 36.1086
34 103 143.51
34 129 143.252
35 9 447.542
35 15 549.228
35 50 275.015
35 51 252.13
35 55 659.47
35 64 432.742
35 67 190.551
35 108 187.646
35 125 489.343
36 12 319.123
36 29 302.806
36 35 172.638
36 40 142.36
36 60 178.275
36 86 174.653
36 96 130.357
36 102 187.375
37 33 399.997
37 44 271.468
37 72 998.298
37 131 217.978
38 8 362.533
38 18 301.121
38 20 361.598
38 73 400.589
38 93 278.584
38 144 809.966
39 16 212.605
39 34 155.002
39 37 173.102
39 91 217.294
39 114 119.178
40 10 158.677
40 22 177.135
40 45 190.644
40 52 191.879
40 106 101.832
40 112 82.3677
40 126 64.9329
40 128 116.197
40 143 141.135
40 146 122.012
41 1 333.018
41 72 137.641
41 100 215.879
41 131 251.429
42 23 43.1032
42 75 15.3151
42 141 119.92
43 26 49.8525
43 47 88.2493
43 65 149.424
43 105 61.489
43 112 53.157
43 124 62.5788
43 127 53.5933
44 2 113.954
44 17 182.997
44 27 131.478
44 94 100.792
44 109 254.072
44 110 98.1563
44 114 77.5542
44 119 185.46
44 133 176.094
44 147 86.465
44 149 118.847
45 16 68.6665
45 34 72.9223
45 37 95.6792
45 91 250.642
45 114 66.0021
45 149 34.9696
46 6 493.93
46 14 740.968
46 36 299.62
46 39 240.235
46 46 359.669
46 58 179.783
46 70 202.128
46 83 331.765
46 96 157.633
46 135 389.183
46 139 223.064
46 148 459.216
47 105 213.171
47 124 236.769
47 127 716.45
47 130 171.767
48 7 263.284
48 51 195.712
48 62 480.677
48 89 442.775
48 107 149.744
48 125 122.102
49 9 102.403
49 51 111.677
49 62 152.401
49 89 94.1164
49 125 106.061
50 31 360.832
50 32 154.464
50 79 175.51
50 106 106.194
50 112 106.252
50 123 106.188
50 128 100.577
51 4 125.366
51 57 112.093
51 94 167.401
51 147 168.624
52 26 81.0433
52 47 81.5219
52 65 90.6534
52 105 103.99
52 124 113.697
52 127 141.467
53 49 334.166
53 54 178.86
53 69 134.686
53 90 215.832
53 121 173.759
53 134 215.313
53 138 149.906
53 145 187.609
54 38 104.996
54 40 134.992
54 66 192.185
54 88 147.862
55 24 135.12
55 36 91.141
55 39 105.212
55 42 153.696
55 58 155.822
55 61 136.291
55 87 96.4283
55 113 94.3237
56 33 193.722
56 72 319.862
57 25 71.5776
57 48 141.164
57 76 84.7098
57 92 44.3068
57 101 59.0501
57 103 174.304
57 129 93.292
58 26 53.2515
58 65 40.2564
58 79 47.6426
59 6 15.5246
59 24 19.3527
59 36 18.0379
59 39 20.5857
59 42 33.2459
59 58 33.8095
59 61 32.4347
59 87 16.5704
59 101 16.0454
60 30 62.0012
60 50 52.9568
60 54 75.2963
60 67 88.4222
60 77 326.61
60 78 85.483
60 97 62.5668
60 108 58.8702
60 145 75.4569
61 40 39.8626
61 66 60.2201
61 70 50.4318
61 83 40.7615
61 88 69.3839
61 101 38.5848
62 0 721.847
62 30 167.021
62 56 13780.8
62 78 141.936
62 82 317.245
62 97 175.379
62 99 450.844
62 116 202.655
62 118 205.797
62 121 114.661
63 23 12.2903
63 63 6.74978
63 75 6.79587
63 141 27.2073
64 3 114.83
64 21 159.755
64 24 270.854
64 87 94.2824
64 113 209.368
65 31 994.522
65 32 179.919
65 65 155.552
65 79 226.31
65 106 208.065
65 112 201.384
65 128 194.317
66 1 174.479
66 25 306.781
66 48 217.126
66 92 826.648
66 100 239.495
66 103 185.507
66 129 161.624
66 131 188.58
67 59 564.566
67 60 227.262
67 63 591.22
67 71 404.708
67 73 514.88
67 80 254.713
67 144 219.186
68 25 59.2096
68 48 40.0853
68 84 34.9699
68 92 48.3079
68 103 37.6368
68 129 37.9516
69 2 151.671
69 4 101.993
69 17 246.346
69 18 108.27
69 27 332.266
69 57 116.65
69 94 117.262
69 109 187.686
69 110 197.268
69 119 151.801
69 133 514.111
69 140 102.67
69 147 99.0534
69 149 107.649
70 1 71.3329
70 100 26.4676
70 131 28.3446
71 0 112.536
71 56 137.417
71 78 126.773
71 82 190.494
71 97 169.607
71 99 142.742
71 118 114.716
72 30 253.559
72 50 276.039
72 54 368.07
72 64 221.062
72 67 435.81
72 77 990.977
72 78 336.702
72 97 258.768
72 108 327.165
72 145 362.671
73 25 353.264
73 48 235.618
73 84 195.727
73 92 299.818
73 103 219.034
73 129 217.886
74 4 14.7634
74 94 26.106
74 147 28.2758
75 19 221.553
75 105 46.2983
75 111 195.519
75 122 86.8791
75 124 46.7856
75 127 45.4324
75 130 134.192
76 1 86.2047
76 25 78.3686
76 92 108.699
76 100 76.278
76 131 64.46
77 12 235.947
77 29 258.575
77 35 379.207
77 49 536.065
77 69 240.345
77 86 360.99
77 90 1327.76
77 138 435.47
78 22 8.07756
78 31 4.61741
78 45 4.83646
78 47 12.1386
78 65 6.39259
78 105 4.60122
78 106 5.20272
78 112 10.5593
78 128 6.32766
78 143 6.82897
79 23 229.553
79 68 322.336
79 74 265.601
79 75 340.493
79 81 280.735
79 120 270.518
79 141 253.557
80 2 349.834
80 5 247.024
80 17 322.043
80 18 296.002
80 27 375.317
80 28 254.527
80 110 367.219
80 115 298.529
80 132 256.666
80 133 261.652
80 140 829.585
81 2 651.279
81 17 260.166
81 27 131.502
81 28 165.451
81 53 130.651
81 104 173.769
81 110 112.461
81 115 126.838
81 132 202.034
81 133 116.21
81 140 135.825
82 7 55.7718
82 89 40.6997
82 107 97.206
82 120 319.521
83 0 59.9906
83 30 198.499
83 54 74.8874
83 56 56.3633
83 67 51.4483
83 77 109.325
83 78 94.5659
83 97 76.5384
83 121 85.4058
83 134 94.2924
83 145 79.3953
84 3 93.2648
84 21 54.4759
84 24 92.6281
84 44 60.8095
84 113 464.549
85 3 173.967
85 21 221.217
85 24 162.853
85 113 189.612
86 10 272.691
86 22 176.053
86 45 306.84
86 52 1444.34
86 106 138.734
86 128 142.842
86 143 177.507
86 146 291.164
87 12 20.5283
87 26 24.7203
87 40 20.4127
87 66 21.1961
87 86 22.7155
87 138 20.8871
88 29 74.2188
88 35 109.619
88 49 102.481
88 59 65.6098
88 60 62.6922
88 69 136.113
88 71 69.5338
88 80 127.782
88 86 63.1429
88 90 109.499
89 41 46.1792
89 68 97.4949
89 74 108.106
89 75 522.672
89 81 170.847
89 136 76.9998
89 141 40.9832
90 54 546.05
90 69 240.682
90 77 301.519
90 108 226.896
90 145 486.433
91 0 385.11
91 30 408.024
91 56 289.115
91 78 192.636
91 82 179.17
91 97 198.186
91 99 207.329
91 116 213.4
91 121 385.833
91 134 300.689
92 4 195.256
92 8 609.283
92 18 363.016
92 20 626.164
92 27 146.491
92 57 214.357
92 73 199.6
92 93 265.76
92 110 184.411
92 140 154.12
92 144 669.027
93 17 57.8311
93 27 55.2828
93 94 125.739
93 109 273.067
93 114 65.7617
93 119 549.799
93 133 72.8511
93 147 109.345
93 149 188.468
94 9 511.698
94 15 131.029
94 51 133.459
94 55 178.987
94 62 120.057
94 64 119.58
94 125 184.553
95 7 217.781
95 15 214.287
95 23 207.551
95 50 240.749
95 51 217.328
95 64 195.91
95 108 298.062
95 120 226.942
95 125 202.194
96 1 367.217
96 92 241.227
96 100 226.049
96 131 198.47
97 26 54.7218
97 49 42.0402
97 90 44.3092
97 121 42.2897
97 134 42.604
97 138 90.1183
98 23 396.324
98 75 196.43
98 141 1082.99
99 25 172.214
99 38 184.367
99 48 235.045
99 76 270.278
99 101 263.036
99 103 257.219
99 123 162.053
99 129 221.552
100 6 120.528
100 14 166.921
100 36 113.28
100 39 101.234
100 46 324.028
100 87 91.4793
100 135 241.592
100 142 160.406
100 148 297.24
101 5 402.515
101 11 1502.23
101 43 908.707
101 115 282.113
101 140 271.597
102 26 195.034
102 31 164.8
102 38 164.359
102 65 192.988
102 79 412.123
103 95 180.303
103 126 155.61
103 146 150.811
104 10 534.342
104 22 201.498
104 45 170.445
104 52 208.583
104 106 257.218
104 112 141.606
104 128 255.433
104 143 150.6
104 146 132.984
105 42 150.174
105 48 76.9656
105 58 73.0358
105 61 232.146
105 101 318.076
105 103 70.8733
106 41 101.659
106 68 83.61
106 74 112.495
106 75 99.169
106 81 120.481
106 136 240.962
107 26 214.68
107 31 192.061
107 47 190.275
107 65 599.061
107 79 280.976
107 112 178.971
108 12 132.296
108 29 249.344
108 35 222.348
108 59 202.073
108 60 474.563
108 63 153.904
108 69 151.883
108 71 180.502
108 73 137.488
108 80 209.793
109 31 188.934
109 47 450.133
109 65 794.635
109 79 189.393
109 105 213.433
109 112 270.465
109 124 211.672
110 16 74.8336
110 34 319.1
110 37 213.388
110 91 118.713
110 114 127.13
111 54 291.86
111 59 243.543
111 63 228.22
111 69 455.74
111 71 290.202
111 80 327.623
111 145 278.03
112 10 115.236
112 22 96.2181
112 31 44.7521
112 45 62.9759
112 52 66.077
112 106 163.991
112 112 77.2887
112 128 193.564
112 143 64.2542
112 146 49.0792
113 1 52.8585
113 33 87.5663
113 44 68.1302
113 72 146.57
113 100 53.2399
113 131 63.8104
114 38 116.662
114 66 85.3055
114 88 75.5379
114 123 67.3537
115 33 121.78
115 72 199.186
116 30 108.868
116 49 162.878
116 90 138.012
116 121 206.492
116 134 248.37
116 138 143.229
116 145 110.784
117 4 240.53
117 8 321.524
117 18 182.742
117 20 299.506
117 41 254.358
117 57 217.658
117 73 228.727
117 93 1569.88
117 144 301.332
118 26 157.546
118 65 130.097
118 79 86.8449
119 53 135.997
119 117 156.041
119 137 133.214
119 142 452.934
120 6 150.086
120 14 319.098
120 43 130.418
120 46 216.564
120 70 198.445
120 83 264.214
120 96 202.638
120 102 166.715
120 135 149.924
120 139 720.314
120 148 207.518
121 16 84.1376
121 91 58.0185
121 98 97.2522
121 104 78.1479
122 1 79.0558
122 33 87.114
122 44 73.4048
122 72 130.194
122 100 72.271
122 131 86.4634
123 7 152.992
123 51 167.008
123 62 884.534
123 89 196.544
123 107 92.7549
123 125 108.701
124 26 165.021
124 49 199.928
124 90 216.599
124 121 154.344
124 134 162.002
124 138 523.63
125 12 194.982
125 40 766.805
125 66 400.183
125 70 331.249
125 83 205.103
125 88 455.486
125 96 528.236
125 102 170.659
125 139 195.541
126 15 40.8289
126 50 44.6021
126 55 45.0744
126 64 48.4273
126 67 76.8418
126 77 42.0764
126 78 72.3778
126 97 74.6443
127 32 254.822
127 38 810.084
127 76 348.69
127 103 233.198
127 123 396.09
127 129 249.175
128 30 84.1403
128 49 85.9699
128 54 79.9352
128 77 65.7813
128 90 68.8164
128 121 159.105
128 134 252.023
128 145 84.792
129 12 233.454
129 40 993.947
129 66 783.528
129 70 358.281
129 83 229.195
129 88 821.9
129 96 442.24
129 139 206.673
130 22 88.2992
130 45 168.593
130 52 103.493
130 85 93.8512
130 95 84.4112
130 126 162.597
130 143 125.939
130 146 247.227
131 25 36.8841
131 48 27.0675
131 84 29.5304
131 92 32.0155
131 103 25.9108
131 129 26.7261
132 17 36.6814
132 34 56.8204
132 37 68.0045
132 91 72.1877
132 94 35.4572
132 109 58.6379
132 114 115.139
132 119 65.1628
132 149 88.8593
133 10 40.0985
133 22 30.8529
133 45 57.9579
133 52 138.872
133 143 32.8722
133 146 65.6471
134 38 211.14
134 40 135.936
134 66 200.108
134 88 171.141
135 7 450.011
135 15 330.498
135 50 287.243
135 51 617.017
135 62 314.339
135 64 276.11
135 89 245.956
135 107 265.896
135 108 269.924
135 120 248.186
135 125 459.58
136 17 161.255
136 37 160.632
136 94 332.221
136 109 590.264
136 114 218.577
136 119 1087.76
136 133 191.665
136 147 310.75
136 149 851.367
137 21 284.268
137 87 211.848
137 137 1957.56
137 142 235.336
138 13 322.393
138 28 133.979
138 53 166.831
138 98 161.035
138 104 347.918
138 117 185.211
138 132 154.361
139 47 433.369
139 65 305.131
139 105 452.085
139 124 461.573
139 127 294.04
140 19 532.152
140 111 428.668
140 116 225.785
140 122 1160.79
140 130 691.909
141 68 281.785
141 107 275.46
141 120 376.433
142 23 285.254
142 41 251.448
142 68 210.31
142 74 216.593
142 75 332.36
142 81 262.544
142 136 211.835
142 141 454.489
143 84 881.422
144 14 79.703
144 43 54.3702
144 46 64.699
144 70 63.5839
144 83 72.3153
144 96 77.0428
144 102 81.9362
144 139 366.407
144 148 60.5271
145 30 21.3389
145 54 73.4843
145 67 18.6623
145 77 58.084
145 78 20.4211
145 97 16.7334
145 108 16.8499
145 121 16.8291
145 134 19.0218
145 145 76.197
146 121 3.57668
146 127 2.94019
146 134 3.25024
147 21 171.677
147 24 182.018
147 36 136.157
147 39 151.22
147 58 129.104
147 87 546.575
147 135 119.467
147 137 118.198
147 142 120.263
148 6 58.0534
148 24 49.943
148 36 72.7245
148 39 88.892
148 42 60.5465
148 58 251.058
148 61 65.649
148 87 55.1985
148 135 42.0315
149 30 131.96
149 49 124.1
149 54 108.434
149 90 104.216
149 121 327.269
149 134 489.946
149 138 103.906
149 145 114.033
