300 300 2223
0 24 298.451
0 49 694.38
0 155 401.904
0 213 282.255
0 265 2429.52
0 284 425.696
1 14 297.439
1 21 591.826
1 47 272.271
1 79 381.144
1 80 294.146
1 114 269.052
1 171 350.183
1 173 353.588
1 174 245.083
1 260 365.498
2 14 111.603
2 25 216.645
2 47 847.983
2 80 107.693
2 111 176.258
2 113 157.856
2 173 282.748
2 174 197.755
2 203 95.6916
2 260 253.302
2 266 110.114
3 3 232.33
3 40 210.649
3 180 467.862
3 204 203.185
3 216 215.152
4 26 257.26
4 101 526.346
4 130 205.631
4 202 241.798
4 249 261.919
4 254 191.015
4 264 423.152
5 19 282.7
5 119 192.807
5 149 163.248
5 165 409.241
5 177 254.737
5 197 156.815
5 226 159.958
5 262 351.126
5 270 186.471
6 26 296.367
6 90 440.892
6 101 2660.18
6 202 320.301
6 228 320.442
6 249 836.735
6 254 535.231
6 264 361.602
7 26 221.597
7 95 194.564
7 101 239.1
7 166 177.414
7 202 344.481
7 261 155.052
7 264 194.061
8 31 265.23
8 55 160.411
8 122 146.989
8 132 449.826
8 224 198.819
8 229 206.391
8 231 1342.96
8 233 590.085
9 9 238.04
9 30 24.1537
9 67 22.0354
9 95 20.3684
9 108 24.5143
9 117 20.3003
9 143 21.1678
9 163 26.0358
9 166 46.5096
9 186 41.0753
9 252 20.809
9 261 32.3974
9 280 30.9495
10 39 376.804
11 11 410.81
11 35 265.613
11 64 218.751
11 73 210.789
11 126 513.682
11 146 397.372
11 195 928.647
11 216 283.996
11 257 338.973
12 114 100.385
12 133 119.206
12 156 81.4952
12 171 70.4109
12 194 74.1855
12 241 164.242
12 294 81.246
13 3 323.815
13 18 248.71
13 147 364.45
13 180 523.621
13 282 687.133
14 59 1140.17
14 87 414.285
14 97 754.33
14 157 353.525
14 172 510.43
14 201 333.478
14 214 324.22
14 256 545.094
14 299 1305.76
15 190 303.999
15 217 328.059
15 238 314.275
15 268 268.307
16 26 777.575
16 46 1740.34
16 91 383.704
16 95 447.963
16 106 360.034
16 130 470.63
16 202 574.826
16 264 449.238
17 28 126.349
17 32 73.5471
17 102 82.3199
17 127 75.9237
17 158 83.5204
17 208 109.051
17 267 125.666
17 274 87.3783
17 281 94.3923
17 287 81.0778
17 292 74.2236
18 52 289.442
18 57 510.585
18 66 442.791
18 135 2399.89
18 212 316.733
18 218 339.634
18 250 304.394
18 279 808.058
18 290 1273.45
19 34 128.26
19 71 57.707
19 137 77.0465
19 144 326.289
19 159 51.4151
19 207 124.294
19 271 62.8958
20 20 324.113
20 32 323.632
20 71 348.919
20 139 593.283
20 141 570.479
20 144 529.304
20 207 447.716
20 248 336.102
20 271 588.448
20 274 324.096
21 9 169.956
21 30 142.224
21 117 140.744
21 118 106.712
21 166 104.937
21 186 95.8191
21 252 180.683
21 261 135.274
21 280 373.033
21 293 127.274
22 84 22.7926
22 92 18.7821
22 136 19.3117
22 247 74.185
22 275 19.6619
22 285 25.0768
23 145 368.46
23 175 184.39
23 187 624.453
23 221 184.404
24 45 122.615
24 155 138.47
24 176 243.29
24 194 171.953
24 213 336.938
24 227 132.479
24 284 243.287
25 5 124.23
25 157 187.954
25 162 178.293
25 214 205.101
25 241 118.754
25 294 293.269
26 15 292.39
26 43 282.708
26 65 275.662
26 153 301.675
26 198 553.274
26 276 519.698
27 9 150.807
27 30 144.645
27 75 107.014
27 105 102.564
27 117 156.364
27 118 136.16
27 252 260.727
27 261 128.389
27 280 375.944
27 293 165.641
28 87 400.403
28 97 298.631
28 172 412.388
28 181 376.348
28 201 498.614
28 256 333.087
28 289 197.771
28 299 237.242
29 153 11.891
29 198 151.006
29 276 12.2932
30 62 236.225
30 74 183.517
30 90 689.437
30 101 270.85
30 228 192.451
30 249 866.651
30 254 1906.57
31 26 1135.59
31 46 426.501
31 95 436.993
31 101 273.201
31 130 306.122
31 166 247.002
31 202 2431.83
31 264 472.336
32 68 247.196
32 81 256.398
32 110 217.951
32 206 338.506
32 269 211.396
33 200 475.976
34 20 305.102
34 28 421.492
34 32 320.28
34 71 310.319
34 139 695.161
34 141 357.563
34 189 278.829
34 211 316.027
34 271 512.64
34 274 369.261
35 24 964.787
35 49 546.752
35 138 227.737
35 168 229.994
35 265 304.546
35 284 218.201
35 289 201.186
36 27 334.28
36 42 318.536
36 78 189.35
36 109 215.181
36 190 191.103
36 192 180.247
36 238 878.846
36 245 308.038
36 268 191.528
37 107 415.707
37 152 314.065
37 243 281.434
37 250 487.406
38 134 259.777
38 145 250.617
38 169 286.742
38 187 313.229
38 220 803.578
38 230 361.782
39 114 344.595
39 133 319.045
39 156 382.11
39 157 262.055
39 171 260.197
39 214 248.186
39 241 747.041
39 294 652.273
40 7 412.77
40 16 394.95
40 56 458.209
40 68 512.396
40 74 304.807
40 206 314.958
41 36 80.3227
41 116 107.656
41 148 61.8615
41 164 206.291
41 175 105.137
41 221 50.5546
41 263 97.8803
42 12 96.512
42 13 569.79
42 200 117.067
42 225 156.921
42 253 144.805
43 20 70.6223
43 28 143.137
43 32 76.3854
43 129 68.3428
43 139 62.9364
43 158 88.5799
43 208 107.185
43 267 105.487
43 274 93.8216
43 281 68.0755
43 283 65.0676
43 292 74.8168
43 298 68.0077
44 2 425.38
44 38 307.647
44 58 268.277
44 102 292.815
44 121 243.216
44 127 279.815
44 149 282.457
44 151 241.167
44 281 264.473
44 287 267.501
44 297 465.75
45 75 635.63
45 105 229.591
45 118 387.778
45 251 237.636
45 252 243.135
45 293 327.61
46 68 376.854
46 107 329.166
46 206 494.161
46 269 587.819
47 4 466.343
47 29 390.223
47 39 321.589
47 58 412.134
47 72 859.213
47 76 2272.25
47 124 561.938
47 128 653.636
47 189 332.626
47 205 336.989
48 145 208.272
48 169 175.273
48 187 228.053
48 220 425.133
48 230 210.074
48 282 184.253
49 24 116.9
49 49 133.41
49 138 119.146
49 265 122.168
50 20 248.77
50 32 220.067
50 69 122.559
50 99 148.358
50 129 174.084
50 139 175.213
50 141 348.771
50 158 141.686
50 170 228.273
50 179 161.8
50 237 260.346
50 248 153.394
50 274 171.161
51 34 669.539
51 71 423.223
51 137 394.306
51 144 908.42
51 207 462.375
51 271 420.94
52 30 351.925
52 51 258.93
52 101 250.467
52 117 250.022
52 166 261.9
52 196 297.584
52 199 261.589
52 228 465.756
52 244 322.777
52 261 465.638
53 6 121.932
53 77 165.405
53 83 145.827
53 91 113.9
53 178 149.297
53 203 157.935
53 239 137.302
54 31 27.8254
54 122 31.6376
54 132 40.8192
54 224 65.9573
54 229 106.171
54 231 45.3777
54 233 50.706
54 295 25.8518
55 5 722.487
55 8 137.58
55 14 145.673
55 80 151.032
55 113 111.829
55 162 295.491
55 208 129.362
55 267 135.926
55 283 145.977
56 234 534.19
57 11 49.9495
57 23 90.236
57 52 91.8049
57 63 51.0274
57 73 56.9416
57 88 64.3078
57 126 90.8908
57 135 46.9043
57 183 80.3289
57 185 56.4885
57 195 69.6971
57 290 50.1202
58 44 384.647
58 63 297.352
58 81 237.437
58 88 226.195
58 109 244.783
58 110 272.03
58 140 517.435
58 182 436.972
58 222 278.003
58 240 277.537
58 259 536.631
58 288 688.873
59 2 273.789
59 28 277.952
59 102 351.443
59 127 318.663
59 158 226.003
59 208 345.557
59 267 516.772
59 281 426.361
59 287 348.982
60 24 61.0035
60 49 69.9399
60 168 75.9331
60 213 68.1087
60 265 64.7918
60 284 141.625
61 22 580.252
61 53 281.899
61 54 309.999
61 60 440.667
61 96 242.069
61 223 470.813
61 272 256.817
62 44 339.021
62 52 311.234
62 61 825.678
62 88 341.485
62 107 421.256
62 152 841.647
62 240 457.182
62 250 294.65
62 290 359.907
63 5 2027.37
63 8 108.454
63 14 137.619
63 80 144.087
63 111 82.6187
63 113 97.956
63 162 248.751
63 174 87.0104
63 208 85.5019
63 267 85.423
63 283 103.455
64 52 402.459
64 57 372.366
64 61 287.591
64 66 320.779
64 88 336.383
64 135 756.673
64 279 486.275
64 290 1421.82
65 3 177.849
65 17 174.61
65 18 287.81
65 31 309.485
65 55 593.29
65 93 480.097
65 132 205.209
65 231 171.833
65 233 178.463
65 246 2485.08
66 29 424.069
66 71 276.745
66 128 244.747
66 189 1084.43
66 205 1921.82
66 211 588.344
66 271 236.746
67 57 327.255
67 66 302.838
67 131 356.058
67 178 318.002
67 193 419.863
67 219 679.771
67 243 1051.58
67 250 350.872
68 81 3.00978
68 110 3.6067
68 140 3.00884
68 182 2.25653
68 222 9.20862
68 259 2.40909
69 26 327.375
69 46 221.439
69 100 238.214
69 101 309.862
69 130 361.21
69 202 260.485
69 249 214.683
69 264 715.451
70 39 722.386
70 72 175.259
70 121 224.52
70 124 337.538
70 151 223.59
71 2 246.235
71 4 171.522
71 28 161.097
71 58 160.197
71 102 252.94
71 127 212.433
71 208 152.738
71 267 197.035
71 281 301.412
71 287 228.665
72 11 1671.07
72 23 227.372
72 35 650.768
72 64 681.074
72 73 408.91
72 126 376.389
72 185 320.286
72 195 379.084
72 257 218.83
73 31 121.331
73 122 118.932
73 132 188.011
73 224 176.343
73 229 217.425
73 231 249.586
73 233 246.064
74 11 200.642
74 35 347.806
74 36 216.044
74 64 239.473
74 94 511.29
74 116 190.315
74 148 184.056
74 258 819.365
74 263 185.626
74 277 358.441
75 27 65.5824
75 42 58.2313
75 78 47.9972
75 86 65.9339
75 109 96.2809
75 140 104.81
75 182 301.151
75 268 89.6697
75 288 56.3697
76 51 515.656
76 62 468.548
76 90 475.328
76 101 251.079
76 196 555.016
76 228 1048.26
76 244 300.53
76 249 299.874
76 254 391.031
77 1 20.8862
77 48 17.9948
77 82 23.0254
77 112 22.0532
77 123 19.1833
77 125 20.5812
77 169 19.8649
77 184 116.737
77 232 21.2895
77 273 18.7548
78 35 36.9149
78 94 27.8429
78 147 29.437
78 221 38.8667
78 257 33.2721
78 258 41.2496
78 263 29.7667
79 1 537.836
79 48 1727.57
79 82 126.567
79 84 220.886
79 92 222.485
79 112 141.988
79 123 119.835
79 125 229.401
79 136 180.593
79 161 449.956
79 273 808.803
79 275 222.232
79 286 131.372
80 114 54.1696
80 133 71.6248
80 156 48.1569
80 171 40.413
80 194 59.6849
80 227 38.5567
80 241 80.2941
80 294 41.0556
81 115 361.147
82 114 15.7671
82 133 17.2194
82 156 39.7016
82 168 15.2886
82 241 77.5589
82 294 19.1332
83 34 419.405
83 50 248.689
83 71 238.598
83 137 316.116
83 144 1522.49
83 154 265.398
83 159 311.842
83 207 1493.33
83 271 288.993
84 6 903.228
84 26 343.575
84 46 396.848
84 77 569.661
84 91 341.554
84 130 919.393
84 131 484.54
84 178 386.323
84 193 405.851
84 264 402.366
85 160 20.6691
85 190 72.0586
85 215 31.1747
85 217 34.7342
85 245 48.7593
86 10 122.656
86 34 70.0198
86 50 68.6875
86 67 136.298
86 137 87.4669
86 154 68.4106
86 159 127.474
86 207 70.9703
86 251 79.8274
87 11 4355.63
87 23 306.254
87 35 687.13
87 64 579.244
87 73 468.845
87 126 684.847
87 146 342.63
87 185 382.672
87 195 759.968
87 257 349.239
88 27 111.334
88 42 141.144
88 78 132.263
88 104 157.75
88 109 95.0212
88 185 95.4253
88 192 203.348
88 238 121.108
88 245 102.23
89 160 484.398
89 190 616.401
89 215 381.815
89 217 1217.2
90 8 267.575
90 20 527.224
90 32 472.531
90 69 366.478
90 99 493.825
90 129 832.502
90 139 260.023
90 141 322.565
90 142 335.497
90 158 486.11
90 170 1537.16
90 179 350.559
90 210 258.518
90 237 298.161
90 274 361.563
90 283 291.826
90 292 436.378
90 298 445.228
91 8 291.168
91 69 302.004
91 83 547.683
91 99 268.24
91 111 395.083
91 113 309.842
91 142 292.538
91 174 306.017
91 203 782.605
91 210 811.955
91 239 660.323
92 103 250.387
92 119 396.932
92 165 400.684
92 177 708.534
92 197 192.724
92 226 209.191
92 262 481.671
92 270 364.743
93 15 764.903
93 51 529.279
93 153 4060.63
93 196 484.706
93 198 415.913
93 199 417.629
93 244 439.153
93 276 327.311
94 145 542.077
94 147 115.265
94 187 185.715
94 221 130.026
95 145 206.048
95 147 187.509
95 175 136.042
95 221 322.14
95 263 134.283
96 145 550.954
96 187 1759.3
97 9 22.708
97 50 15.5281
97 67 29.9545
97 108 16.7048
97 143 15.1238
97 154 14.7463
97 159 17.568
97 163 14.9092
97 166 13.3302
97 186 16.5129
97 188 14.1625
97 252 14.6589
97 280 13.3308
97 293 13.527
98 75 64.9536
98 105 140.456
98 118 65.5432
99 51 103.647
99 62 462.673
99 90 103.869
99 196 89.3402
99 228 78.7677
99 254 83.1212
100 26 251.72
100 46 376.95
100 91 277.933
100 95 313.613
100 106 323.686
100 142 227.754
100 179 318.008
100 202 240.626
100 237 277.784
100 248 240.207
101 39 147.623
101 58 66.8943
101 72 86.0325
101 76 74.6785
101 121 124.524
101 124 136.021
101 151 121.631
102 12 75.5886
102 22 118.014
102 60 123.379
102 96 56.3785
102 223 127.008
102 225 54.7495
102 253 77.8808
102 272 253.734
103 7 206.34
103 74 236.438
103 90 85.5546
103 120 85.0629
103 249 82.5491
103 254 88.6651
104 138 261.129
104 181 514.949
104 255 864.163
104 289 352.666
105 0 174.826
105 12 57.1201
105 45 61.5928
105 167 178.052
105 209 94.5266
105 236 86.438
106 4 234.48
106 39 246.247
106 58 275.583
106 72 273.511
106 76 217.1
106 121 2850.08
106 124 252.154
106 149 230.74
106 151 2982.6
107 12 334.637
107 22 964.235
107 60 559.735
107 85 340.751
107 96 480.911
107 223 590.445
107 253 332.07
107 272 2074.64
107 286 331.896
108 22 191.438
108 53 51.054
108 54 59.6299
108 60 69.4253
108 85 50.6955
108 96 91.8674
108 223 74.0923
108 272 71.8793
109 75 146.108
109 105 229.242
109 117 81.1079
109 118 220.615
109 252 181.6
109 280 90.9652
109 293 178.914
110 20 564.166
110 28 214.986
110 32 471.712
110 69 236.221
110 99 303.965
110 129 520.778
110 139 246.717
110 141 339.148
110 142 221.869
110 158 345.219
110 170 988.593
110 179 262.075
110 237 271.697
110 274 329.583
110 292 277.59
110 298 273.442
111 169 166.732
111 187 189.645
111 230 192.675
111 232 190.232
112 34 96.3833
112 50 267.522
112 67 160.635
112 108 147.428
112 137 92.944
112 143 178.26
112 144 126.452
112 154 314.699
112 159 261.623
112 163 113.515
112 188 185.192
112 207 207.667
112 248 126.502
113 38 206.808
113 59 420.689
113 97 137.946
113 157 161.241
113 172 129.603
113 214 160.651
113 256 142.419
113 297 168.713
113 299 203.892
114 107 286.023
114 152 151.197
114 206 133.536
114 269 195.5
115 33 71.5083
115 59 71.7749
115 97 72.5708
115 172 120.283
115 256 136.858
115 299 94.505
116 24 367.743
116 138 598.99
116 181 423.286
116 255 1774.9
116 289 556.247
117 19 307.725
117 121 361.162
117 149 290.561
117 151 382.165
117 226 424.735
118 4 284.663
118 39 558.279
118 58 286.254
118 72 476.954
118 76 484.952
118 121 322.062
118 124 2849.2
118 128 337.788
118 151 310.157
119 19 9.10484
119 121 9.46954
119 149 19.3645
119 151 9.64058
119 297 8.79096
120 7 239.664
120 16 395.86
120 56 201.119
120 74 195.461
121 43 31.2884
121 65 31.9497
121 70 35.9902
121 242 44.6824
122 7 230.538
122 62 161.909
122 74 351.399
122 90 250.471
122 101 168.317
122 120 197.208
122 249 302.525
122 254 295.698
123 40 97.8926
123 204 131.51
123 212 84.1627
124 103 162.131
124 115 222.003
125 26 116.77
125 100 159.012
125 101 116.104
125 120 104.61
125 130 163.426
125 264 190.746
126 79 98.2955
126 98 127.036
126 122 555.53
126 224 97.6091
126 227 108.085
126 229 132.459
126 231 106.699
126 233 96.7962
127 45 43.79
127 98 59.1372
127 122 55.712
127 133 47.6983
127 176 89.0078
127 194 107.917
127 213 48.4688
127 227 637.783
127 291 85.8748
128 133 288.349
128 156 551.702
128 168 336.725
128 194 284.816
128 241 654.898
128 284 289.92
129 41 5244.92
129 198 214.914
130 46 282.328
130 69 384.516
130 83 231.832
130 91 398.168
130 99 354.467
130 106 668.321
130 142 427.934
130 179 687.708
130 237 303.601
131 146 238.45
131 147 743.439
131 221 267.603
131 257 303.406
132 1 354.219
132 37 381.991
132 48 361.323
132 82 569.119
132 85 379.629
132 92 325.979
132 112 696.911
132 123 708.271
132 136 301.135
132 150 364.043
132 161 419.789
132 235 607.03
132 273 420.524
132 286 423.753
132 296 429.51
133 69 150.234
133 77 128.61
133 83 304.596
133 91 210.943
133 99 116.737
133 106 195.738
133 142 163.018
133 179 106.023
133 203 168.26
133 210 102.599
133 239 243.895
134 40 112.646
134 204 165.755
135 115 183.303
135 151 179.981
135 226 232.186
136 69 171.833
136 77 75.2912
136 83 305.767
136 91 126.75
136 99 120.467
136 106 147.915
136 142 187.818
136 179 96.5535
136 203 133.539
136 210 97.2381
136 239 250.636
137 81 1601.4
137 110 3654.76
137 140 439.08
137 222 1185.23
137 259 508.772
138 3 425.673
138 18 437.709
138 147 318.667
138 180 364.483
138 246 290.516
138 282 2382.58
139 0 384.89
139 45 536.954
139 98 373.882
139 167 343.059
139 176 457.859
139 194 276.323
139 213 317.434
139 227 376.59
139 285 284.758
139 291 1182.82
140 51 133.87
140 62 818.031
140 90 130.451
140 196 114.98
140 228 102.479
140 249 74.2025
140 254 101.797
141 53 281.668
141 54 321.951
141 96 232.502
141 278 295.717
142 0 2190.31
142 45 245.428
142 167 645.553
142 209 184.141
142 236 170.13
142 291 168.062
143 100 281.798
143 107 381.905
143 250 353.047
144 12 108.507
144 92 128.74
144 136 143.233
144 161 104.283
144 209 131.013
144 236 142.873
144 272 170.282
144 286 235.484
145 19 74.458
145 103 112.018
145 115 68.6897
145 119 143.313
145 165 74.6576
145 177 60.3296
145 226 554.12
145 262 67.7828
146 52 204.322
146 57 415.302
146 66 301.015
146 135 717.859
146 212 203.386
146 218 214.992
146 250 273.058
146 279 390.737
146 290 1736.96
147 22 1778.97
147 53 214.952
147 54 243.888
147 60 398.735
147 85 237.907
147 96 400.171
147 223 430.528
147 272 469.434
148 1 188.892
148 17 73.6089
148 48 161.31
148 84 121.149
148 92 64.0197
148 112 54.927
148 125 425.113
148 134 77.3699
148 136 56.5801
148 161 85.8238
148 273 128.043
148 275 157.963
149 57 475.022
149 66 772.481
149 135 568.754
149 212 1104.29
149 216 405.183
149 218 1425.14
149 279 973.615
149 290 360.455
150 14 28.3798
150 21 38.4888
150 47 32.6596
150 79 34.3741
150 80 27.7592
150 111 21.579
150 113 24.0285
150 171 24.1705
150 173 45.0899
150 174 26.3083
150 260 49.9431
150 266 21.35
151 18 391.338
151 31 1235.62
151 40 347.949
151 55 537.788
151 93 360.522
151 132 1780.8
151 224 417.021
151 229 352.474
151 231 746.661
151 233 1125.11
151 246 472.802
152 26 2106.5
152 46 458.997
152 95 322.301
152 101 351.663
152 130 442.257
152 202 935.213
152 264 1071.55
153 0 17.9854
153 136 12.9782
153 167 22.9781
153 209 75.1074
153 236 56.084
153 285 12.0999
154 79 352.735
154 122 466.907
154 132 329.525
154 224 540.461
154 229 1110.44
154 231 373.438
154 233 383.451
154 295 306.077
155 1 498.15
155 37 264.905
155 48 433.074
155 82 911.516
155 92 258.861
155 112 1216.07
155 123 667.43
155 125 315.282
155 161 364.5
155 184 318.076
155 235 293.767
155 273 524.895
155 296 358.492
156 10 30.4096
156 34 33.6374
156 50 15.4291
156 67 20.2648
156 137 47.8619
156 144 22.4749
156 154 15.86
156 159 28.3647
156 207 27.2178
157 52 396.644
157 57 390.551
157 66 369.608
157 88 324.929
157 126 374.855
157 135 948.279
157 195 359.749
157 218 324.571
157 279 675.693
157 290 864.567
158 7 224.883
158 62 384.364
158 74 279.041
158 90 742.403
158 101 234.113
158 228 219.566
158 249 442.95
158 254 729.974
159 114 1.36363
159 133 1.45634
159 156 1.43711
159 176 1.33537
159 194 1.47171
159 213 1.32212
159 241 1.65248
159 284 1.33273
160 6 228.411
160 100 465.688
160 130 205.149
160 131 354.656
160 193 303.6
160 219 291.383
161 24 230.674
161 49 208.467
161 138 121.282
161 265 131.381
161 284 74.892
162 100 188.558
162 131 269.8
162 193 284.334
162 219 627.809
162 243 351.626
162 250 190.967
163 41 203.59
163 62 112.571
164 5 3646.61
164 8 408.508
164 14 606.154
164 80 639.947
164 111 333.578
164 113 402.73
164 162 1066.88
164 174 356.869
164 283 375.672
165 20 751.227
165 28 588.802
165 32 913.117
165 129 614.129
165 139 351.211
165 141 304.056
165 158 906.639
165 170 488.539
165 208 352.476
165 267 253.125
165 274 1132.06
165 283 287.11
165 292 455.566
165 298 397.064
166 29 109.175
166 76 36.2795
166 128 91.918
166 189 36.9337
166 205 47.8419
167 10 169.709
167 67 162.516
167 75 154.382
167 118 148.53
167 159 137.732
167 251 169.621
167 252 145.406
167 293 169.798
168 29 352.137
168 72 170.493
168 76 224.059
168 124 196.445
168 128 1321.34
168 189 165.594
168 205 198.671
169 44 340.96
169 52 157.351
169 61 197.456
169 63 216.078
169 88 240.914
169 152 119.522
169 240 493.391
169 259 158.728
169 288 257.626
170 18 232.378
170 31 696.104
170 40 206.014
170 55 312.327
170 93 209.858
170 132 936.571
170 224 240.892
170 229 202.7
170 231 414.725
170 233 617.264
170 246 278.571
171 51 218.697
171 62 736.451
171 90 569.941
171 196 204.014
171 228 217.652
171 249 248.789
171 254 396.733
172 21 510.125
172 79 2189.95
172 171 304.164
172 173 274.005
172 224 275.517
172 229 342.422
172 260 351.577
172 266 370.371
172 295 406.741
173 103 555.486
173 115 1726.67
173 119 288.138
173 226 287.95
174 6 216.375
174 26 289.713
174 46 314.259
174 77 190.224
174 91 170.902
174 130 2845.65
174 202 192.06
174 264 339.495
175 5 9.62556
175 8 47.8769
175 69 9.32293
175 99 9.90164
175 111 10.5488
175 113 10.3538
175 129 12.5284
175 158 12.0924
175 170 11.0446
175 174 9.31003
175 208 11.5875
175 210 16.4134
175 283 22.6207
175 292 17.5864
175 298 20.9114
176 29 450.138
176 71 285.873
176 128 227.717
176 189 284.192
176 191 381.409
176 205 417.923
176 211 230.625
177 4 464.028
177 58 376.811
177 72 348.312
177 76 361.37
177 189 554.778
177 205 392.21
177 211 728.943
178 21 1494.35
178 79 689.191
178 114 281.263
178 122 211.969
178 133 229.383
178 171 428.328
178 260 225.326
179 10 601.739
179 137 285.343
179 251 1271.71
180 41 246.819
180 62 134.669
181 35 210.829
181 36 245.577
181 94 294.843
181 116 237.877
181 148 175.226
181 164 175.582
181 221 194.798
181 258 833.522
181 263 243.54
181 277 245.173
182 24 33.8317
182 87 50.3923
182 97 38.1512
182 156 45.3486
182 168 114.491
182 201 51.8119
182 289 54.2486
183 33 28.2695
183 165 20.4305
183 172 18.0058
183 177 19.5337
183 197 27.1607
183 256 18.5601
183 262 20.7587
183 270 20.9337
184 9 143.451
184 67 165.52
184 75 159.868
184 118 183
184 159 122.48
184 252 246.623
184 280 138.158
184 293 245.71
185 21 343.936
185 79 600.626
185 122 338.45
185 224 519.394
185 229 796.244
185 266 397.267
185 295 522.285
186 79 202.167
186 122 363.541
186 132 159.322
186 224 221.251
186 229 359.05
186 231 185.826
186 233 181.093
187 38 55.0722
187 59 47.5533
187 149 44.8236
187 297 65.928
187 299 41.2177
188 9 466.635
188 50 310.876
188 95 547.192
188 108 472.438
188 143 384.587
188 154 290.509
188 163 690.682
188 166 784.448
188 186 1578.27
188 188 360.745
188 202 258.116
188 261 267.956
189 11 72.8247
189 35 116.931
189 64 49.2926
189 126 41.9441
189 146 48.3816
189 195 48.0295
189 257 60.0914
189 258 46.2931
190 21 51.8431
190 79 69.0055
190 122 99.7903
190 224 66.1936
190 229 108.362
190 231 51.1165
190 233 50.736
190 295 48.2244
191 145 168.667
191 169 181.987
191 187 324.226
191 230 210.295
191 232 198.045
192 24 157.627
192 138 236.874
192 168 124.145
192 181 154.098
192 255 373.984
192 289 257.411
193 100 94.884
193 107 114.02
193 219 95.5244
193 243 104.417
193 250 129.462
194 57 396.244
194 66 324.05
194 135 195.206
194 212 213.889
194 218 212.443
194 219 230.028
194 243 448.685
194 250 316.597
194 279 191.034
195 22 63.4912
195 37 82.537
195 54 67.7232
195 85 144.996
195 96 167.777
195 150 115.768
195 235 88.2878
195 278 205.046
196 145 739.018
196 147 371.345
196 187 369.311
196 221 321.02
196 282 311.304
197 38 261.62
197 59 236.85
197 157 459.645
197 162 255.962
197 214 592.955
197 294 232.365
198 24 760.134
198 49 365.427
198 138 477.658
198 168 600.259
198 181 311.665
198 255 381.187
198 289 983.923
199 2 139.879
199 38 158.088
199 102 113.381
199 127 113.764
199 149 103.226
199 281 100.458
199 287 106.975
199 297 278.663
200 6 311.047
200 26 508.574
200 46 2443.13
200 77 341.283
200 91 537.095
200 95 314.649
200 106 454.709
200 130 519.729
200 202 379.319
200 264 376.218
201 6 197.944
201 100 187.064
201 131 545.868
201 178 207.835
201 193 497.513
201 219 467.204
201 243 210.008
202 1 151.92
202 37 148.057
202 82 346.114
202 112 285.601
202 123 262.546
202 184 282.793
202 273 147.629
202 296 221.592
203 26 528.246
203 46 251.862
203 101 454.037
203 130 284.463
203 202 505.85
203 249 239.909
203 264 788.431
204 0 355.951
204 45 1130.34
204 155 674.248
204 176 749.926
204 194 334.518
204 213 943.46
204 227 355.639
204 284 412.191
204 291 439.318
205 2 301.358
205 19 306.166
205 58 305.468
205 121 422.953
205 149 607.471
205 151 429.803
205 297 314.812
206 5 1353.55
206 8 131.553
206 14 181.568
206 80 190.396
206 113 125.222
206 162 531.689
206 267 117.003
206 283 129.019
207 33 29.7729
207 119 27.3007
207 165 36.9342
207 177 60.0368
207 197 51.0556
207 262 43.9251
207 270 306.524
208 145 5.43832
208 147 16.191
208 221 5.41364
208 257 4.99043
208 282 5.34543
209 17 494.63
209 31 300.312
209 55 453.495
209 84 337.954
209 93 590.896
209 134 273.767
209 246 311.63
209 247 364.712
209 275 329.069
210 103 56.0099
210 115 63.9712
211 145 159.416
211 175 213.374
211 187 178.325
211 221 144.638
212 6 52.3969
212 77 67.4783
212 83 69.5902
212 178 65.7552
212 203 81.4207
212 239 66.5281
213 1 310.597
213 48 319.708
213 82 255.903
213 84 145.759
213 92 203.342
213 112 322.168
213 123 251.313
213 125 169.195
213 136 176.756
213 161 339.105
213 235 168.863
213 273 432.849
213 275 146.955
213 286 188.974
213 296 155.696
214 66 88.4852
214 178 83.7522
214 193 86.1017
214 219 98.524
214 243 115.194
215 25 23.0755
215 47 14.7359
215 79 13.27
215 260 15.7359
215 266 74.806
215 295 38.3979
216 87 446.677
216 97 283.205
216 156 223.648
216 168 446.365
216 172 227.489
216 181 308.719
216 201 554.233
216 289 499.324
217 27 323.191
217 42 324.991
217 63 290.625
217 78 312.054
217 86 223.397
217 109 592.966
217 140 390.609
217 182 723.983
217 259 224.435
217 268 305.965
217 288 375.854
218 12 47.5159
218 22 78.4184
218 60 88.6515
218 96 35.5808
218 223 91.4026
218 225 36.3236
218 253 50.7892
218 272 133.574
219 1 476.295
219 17 522.591
219 48 478.932
219 84 896.631
219 92 282.056
219 125 905.636
219 134 438.864
219 136 254.893
219 161 333.108
219 273 397.62
219 275 1769.41
220 98 712.268
220 122 482.934
220 176 289.086
220 194 317.778
220 227 566.101
220 285 275.852
220 291 503.438
221 55 78.1043
221 84 82.2467
221 93 75.4717
221 247 783.198
221 285 132.127
222 15 354.866
222 30 388.818
222 51 248.592
222 89 291.905
222 117 513.345
222 153 288.668
222 196 274.425
222 199 2078.65
222 228 228.743
222 244 616.314
222 261 242.616
222 280 260.885
223 41 269.304
223 62 176.181
224 3 279.177
224 18 437.046
224 31 768.619
224 55 957.234
224 93 514.64
224 132 438.548
224 231 336.886
224 233 363.264
224 246 1067.31
225 190 108.531
225 215 124.555
225 234 247.331
225 245 132.513
226 29 95.3259
226 71 103.38
226 191 329.096
226 205 89.8703
227 57 121.205
227 66 133.358
227 126 136.46
227 135 251.814
227 146 113.798
227 195 143.048
227 212 125.379
227 216 127.966
227 218 135.831
227 279 305.403
227 290 163.008
228 7 113.007
228 62 95.0217
228 74 154.21
228 90 136.28
228 120 80.5832
228 249 126.672
228 254 147.53
229 24 739.357
229 49 355.91
229 138 1025.2
229 168 350.525
229 255 460.73
229 289 543.484
230 20 305.325
230 28 735.293
230 32 337.161
230 129 283.45
230 139 258.648
230 158 381.892
230 170 242.83
230 208 374.839
230 267 320.802
230 274 440.84
230 283 237.834
230 292 295.475
230 298 264.655
231 36 345.9
231 94 154.646
231 116 210.997
231 148 1189.76
231 164 224.477
231 258 138.759
231 263 164.384
231 277 178.09
232 20 342.644
232 28 200.562
232 32 323.275
232 129 202.885
232 139 434.076
232 141 21339.8
232 158 183.417
232 170 235.921
232 237 247.93
232 248 203.994
232 274 278.68
233 1 215.373
233 48 239.557
233 82 206.323
233 85 223.107
233 92 333.528
233 112 232.892
233 123 226.41
233 136 316.234
233 161 359.641
233 235 269.509
233 273 263.664
233 286 762.536
234 8 80.4359
234 20 83.3877
234 28 52.5023
234 32 80.3697
234 69 61.0248
234 99 73.1978
234 129 208.514
234 142 56.1061
234 158 139.357
234 170 151.902
234 208 70.6625
234 210 62.3302
234 274 68.7588
234 283 96.2903
234 292 183.314
234 298 212.089
235 34 110.357
235 71 7472.84
235 144 123.522
235 189 101.403
235 191 129.44
235 205 108.628
235 271 246.789
236 8 325.79
236 14 322.139
236 25 318.404
236 47 437.839
236 80 312.629
236 83 320.87
236 111 1068.49
236 113 617.387
236 173 391.475
236 174 653.81
236 203 443.762
236 210 530.991
236 239 350.865
236 260 312.023
237 52 50.3671
237 57 61.5858
237 61 60.6408
237 66 45.9145
237 88 48.5545
237 107 46.7413
237 135 69.9824
237 152 60.51
237 240 48.9004
237 250 66.7341
237 279 51.2899
237 290 132.881
238 169 163.415
238 184 92.0971
238 187 89.359
238 230 161.846
238 232 325.748
239 15 144.024
239 51 91.7964
239 153 253.734
239 196 84.3416
239 198 139.128
239 244 76.9168
239 276 91.1211
240 9 443.189
240 67 391.336
240 75 287.806
240 118 336.662
240 159 275.55
240 186 282.67
240 252 509.414
240 280 375.404
240 293 431.792
241 11 98.4358
241 23 74.4891
241 35 53.7833
241 52 47.2818
241 64 63.8384
241 73 85.6063
241 126 272.222
241 183 62.4911
241 185 73.4531
241 195 137.278
242 34 232.453
242 71 241.706
242 139 282.676
242 141 279.303
242 144 490.808
242 207 377.571
242 248 210.748
242 271 390.841
243 57 233.646
243 66 424.258
243 135 255.132
243 212 569.082
243 216 162.049
243 218 776.248
243 279 418.146
243 290 162.13
244 2 365.732
244 28 435.943
244 102 433.504
244 127 390.292
244 158 317.401
244 208 440.359
244 267 575.411
244 274 321.432
244 281 513.363
244 287 421.956
245 5 184.947
245 157 284.535
245 162 275.398
245 214 344.448
245 294 242.754
246 44 2792.26
246 61 580.354
246 63 413.503
246 81 341.723
246 88 412.636
246 110 371.022
246 140 355.617
246 152 417.072
246 240 764.575
246 259 1198.77
246 288 683.168
247 114 174.255
247 133 303.665
247 156 79.9098
247 171 114.474
247 194 136.827
247 227 87.6945
247 241 125.735
247 294 86.5895
248 98 1051.11
248 122 526.593
248 227 347.124
248 231 305.848
248 285 378.206
248 291 380.05
249 22 660.244
249 53 300.815
249 54 353.738
249 60 340.457
249 85 488.957
249 96 1390.91
249 150 316.556
249 223 356.938
249 235 325.56
249 272 444.298
249 278 361.898
250 15 63.174
250 43 122.966
250 65 119.945
250 198 78.3064
250 242 66.1647
250 276 379.503
251 37 357.027
251 82 409.644
251 85 199.947
251 112 395.007
251 123 736.416
251 150 266.319
251 235 346.482
251 273 149.66
251 278 166.268
251 296 599.664
252 103 2011.8
252 115 804.966
252 119 528.787
252 165 297.898
252 226 531.344
253 3 85.5645
253 18 115.112
253 31 257.274
253 40 94.4062
253 55 138.794
253 93 93.1055
253 132 238.328
253 224 91.2401
253 231 136.115
253 233 181.394
253 246 135.739
254 19 348.713
254 121 649.452
254 149 442.99
254 151 732.106
254 226 308.818
255 75 249.372
255 89 216.378
255 105 1028.88
255 117 213.891
255 118 306.292
255 252 282.05
255 280 206.451
255 293 267.347
256 49 252.122
256 155 280.496
256 176 326.951
256 194 256.859
256 213 520.205
256 265 263.57
256 284 832.455
257 131 177.221
257 178 188.674
257 193 213.027
257 219 254.499
257 243 262.424
258 12 61.7273
258 13 127.209
258 60 63.8957
258 200 63.7831
258 223 61.0514
258 225 595.458
258 253 100.536
259 45 35.8482
259 49 24.6275
259 155 461.196
259 176 24.7204
259 213 39.9285
259 265 32.9943
259 284 33.8333
260 16 50.344
260 56 157.486
260 68 42.6911
261 13 312.805
261 200 661.911
262 15 287.071
262 43 1286.38
262 65 729.9
262 70 329.072
262 89 313.181
262 242 533.544
262 276 972.997
263 82 179.307
263 112 156.194
263 123 160.97
263 184 177.772
263 296 177.309
264 19 82.8095
264 149 92.1647
264 172 73.299
264 256 82.5527
264 299 73.6657
265 19 145.673
265 103 469.48
265 115 192.776
265 119 444.029
265 165 179.529
265 177 156.691
265 226 410.831
265 262 168.563
266 3 98.3713
266 40 120.352
266 180 116.9
266 204 137.377
267 181 388.624
267 255 442.03
267 289 215.467
268 1 255.887
268 48 317.008
268 84 315.441
268 92 1395.42
268 125 203.815
268 136 1177.79
268 161 503.953
268 236 194.854
268 247 192.232
268 273 295.848
268 275 267.84
268 286 292.745
269 36 412.123
269 116 467.55
269 148 291.887
269 164 1197.32
269 175 243.96
269 258 157.616
269 263 337.485
269 277 156.121
270 115 175.929
270 226 186.425
271 71 295.336
271 139 215.637
271 141 155.705
271 144 193.575
271 189 152.4
271 207 146.126
271 211 158.688
271 271 1142.43
272 169 168.25
272 184 175.733
272 230 158.625
272 232 457.01
273 17 144.351
273 55 107.88
273 93 195.339
273 134 105.804
273 220 103.253
273 246 116.58
274 19 51.7574
274 149 62.3214
274 165 24.0214
274 262 21.8593
275 24 328.06
275 87 342.021
275 138 363.598
275 168 368.531
275 181 783.565
275 201 417.268
275 255 662.32
275 289 940.962
276 17 369.182
276 31 157.696
276 55 264.868
276 84 157.412
276 93 581.296
276 134 206.73
276 220 168.261
276 246 234.334
276 275 164.84
277 103 161.697
277 115 204.743
278 0 86.4098
278 45 210.05
278 98 69.1196
278 155 85.4247
278 167 74.6908
278 176 153.771
278 194 71.885
278 213 110.568
278 227 87.7739
278 291 148.022
279 19 208.805
279 38 187.808
279 149 417.407
279 151 184.713
279 297 243.105
280 0 564.456
280 45 329.815
280 155 156.027
280 167 344.829
280 209 148.251
280 236 139.149
280 291 165.188
281 103 388.192
281 119 592.556
281 165 635.553
281 177 1213.86
281 197 331.627
281 226 326.977
281 262 774.935
281 270 658.388
282 49 224.916
282 155 200.87
282 265 285.739
283 4 49.9936
283 39 93.7512
283 58 54.9318
283 72 67.7449
283 76 57.0525
283 121 119.179
283 124 90.5306
283 151 116.007
284 33 1569.33
284 181 385.454
284 197 579.936
285 6 382.218
285 26 400.043
285 46 947.601
285 77 452.69
285 91 819.295
285 106 566.872
285 130 527.147
285 264 334.797
286 62 277.57
286 74 227.405
286 90 767.842
286 101 273.751
286 228 206.498
286 249 742.355
286 254 1503.08
287 23 721.834
287 42 202.088
287 52 264.467
287 63 323.581
287 73 273.368
287 78 396.334
287 88 244.024
287 109 191.606
287 183 1252.81
287 185 329.886
287 192 198.723
287 288 191.514
288 19 150.557
288 38 134.273
288 149 282.44
288 297 169.869
289 16 128.111
289 56 71.6568
290 82 12.7771
290 169 13.7719
290 184 81.3767
290 232 18.9268
291 59 1.99584
291 87 2.47642
291 97 3.04381
291 156 2.12484
291 157 1.86925
291 172 1.93153
291 201 2.0912
291 214 1.76766
291 241 1.71972
291 256 1.88033
291 299 2.13004
292 46 317.169
292 69 715.082
292 83 342.467
292 91 468.274
292 99 680.321
292 106 768.272
292 142 800.714
292 179 1988.2
292 237 460.927
292 239 329.772
293 145 408.644
293 147 297.437
293 187 294.831
293 220 267.749
293 282 351.407
294 37 486.426
294 82 331.966
294 112 293.776
294 123 360.129
294 150 334.674
294 235 276.374
294 278 253.187
294 296 720.251
295 215 20.7077
295 234 39.6636
295 245 20.1151
296 145 119.95
296 175 103.19
296 187 122.264
296 221 88.8019
297 100 139.373
297 219 193.86
297 243 208.665
297 250 196.098
298 34 140.18
298 71 98.1762
298 137 91.4084
298 144 433.336
298 159 65.7718
298 207 147.405
298 271 114.937
299 24 77.1788
299 49 79.8514
299 156 68.3577
299 168 118.424
299 213 74.2995
299 241 65.8381
299 265 71.9966
299 284 127.91
