250 250 1842
0 6 275.077
0 48 477.834
0 60 352.359
0 62 251.72
0 63 198.945
0 98 219.817
0 100 365.839
0 112 271.127
0 113 490.496
0 153 326.906
0 169 204.069
0 201 325.65
0 235 207.163
0 240 216.189
0 241 368.291
1 34 155.734
1 47 225.675
1 65 345.341
1 144 299.087
2 27 311.189
2 33 210.896
2 71 217.385
2 105 278.205
2 206 792.394
2 246 206.411
2 248 173.4
3 53 227.188
3 68 582.409
3 115 187.007
3 137 184.124
3 151 168.759
3 155 249.759
3 166 153.675
4 12 112.981
4 18 75.0696
4 37 129.714
4 156 162.739
5 21 54.805
5 29 39.9787
5 59 49.8971
5 94 78.9932
5 102 44.8013
5 121 43.5971
5 127 127.792
5 141 43.3702
5 214 54.5541
5 243 64.3242
5 249 54.3896
6 18 297.559
6 37 538.914
6 49 279.487
6 66 261.865
6 156 354.489
6 180 260.268
6 217 305.26
7 64 102.599
7 78 105.787
7 90 163.812
7 124 106.026
7 203 95.2951
7 215 88.7833
8 83 138.011
8 120 133.395
8 130 98.8351
8 145 283.946
8 209 250.099
9 39 246.446
9 61 265.851
9 93 551.547
9 109 202.686
9 116 219.814
9 205 244.255
9 233 364.726
10 75 2.87968
10 182 3.23173
11 48 39.4729
11 60 44.1858
11 76 31.8392
11 96 37.9254
11 98 33.641
11 113 36.1143
11 147 54.8368
11 153 49.3986
11 201 47.5607
11 207 33.8572
11 240 35.4452
12 10 192.792
12 55 70.04
12 70 71.869
12 162 61.8935
12 165 100.968
12 168 90.0724
12 212 348.275
13 50 184.066
13 71 136.623
13 79 122.853
13 142 355.733
13 147 127.433
13 166 205.251
13 178 219.436
13 193 142.876
13 207 212.671
13 211 683.119
13 245 168.473
14 32 4.03017
14 77 1.81084
14 136 2.12762
15 31 282.101
15 117 365.07
15 129 626.611
15 135 453.526
15 151 518.308
15 167 817.862
16 22 176.227
16 84 369.339
16 110 173.154
17 0 155.064
17 20 197.112
17 25 212.967
17 99 161.936
17 119 270.364
17 163 148.583
17 175 139.623
18 7 334.595
18 23 564.522
18 52 343.053
18 61 295.397
18 120 336.175
18 209 309.327
18 231 658.865
19 47 238.482
19 125 230.677
19 158 3765.18
19 170 242.047
19 190 258.528
19 208 231.344
19 238 292.72
20 33 69.1367
20 105 1176.2
20 206 51.2884
20 246 64.9169
21 7 397.399
21 23 158.618
21 83 189.563
21 106 183.353
21 173 177.822
21 231 526.056
22 38 117.121
22 42 134.832
22 83 272.38
22 145 117.41
22 236 339.747
23 125 198.198
23 140 192.41
23 158 281.188
23 170 212.249
23 190 246.35
23 208 588.496
23 238 268.73
24 0 1573.12
24 20 806.167
24 25 759.125
24 35 377.129
24 119 1445.95
24 239 336.253
25 24 69.5924
25 77 68.4923
25 82 68.4203
25 85 107.732
25 117 223.367
25 135 80.8027
25 136 64.2659
26 18 266.704
26 37 369.012
26 156 190.045
26 180 236.872
26 217 364.68
27 57 254.778
27 64 942.294
27 78 1205.26
27 90 201.5
27 111 249.588
27 114 378.011
27 118 256.602
27 124 420.878
27 131 303.367
27 171 386.262
27 172 451.614
27 186 335.42
27 195 285.063
27 228 407.075
28 46 149.485
28 204 111.316
29 34 149.074
29 65 97.0388
29 144 103.853
29 194 94.1935
30 3 207.819
30 51 339.068
30 90 87.4208
30 97 241.987
30 128 117.631
30 130 199.445
30 164 114.471
30 191 631.703
30 192 115.05
30 203 168.075
30 215 142.403
30 221 90.0936
31 74 721.833
31 125 312.4
31 170 292.543
31 179 276.769
31 190 261.966
31 194 280.117
31 247 269.887
32 39 378.785
32 93 379.774
32 109 322.786
32 116 476.42
32 205 144.876
32 233 500.326
32 234 182.622
33 9 250.194
33 38 287.937
33 40 562.116
33 80 300.382
33 108 170.615
33 145 167.868
33 199 439.493
33 230 182.763
34 61 152.432
34 93 182.84
34 104 170.78
34 150 141.507
34 233 220.672
34 234 150.909
35 29 1180.45
35 56 554.229
35 141 435.675
35 148 317.359
35 220 576.44
36 2 272.326
36 5 187.173
36 81 605.508
36 101 295.405
36 138 263.553
36 149 132.211
36 161 487.917
36 197 276.894
36 219 247.507
36 244 263.003
37 12 255.555
37 37 118.083
37 156 193.762
38 38 214.919
38 40 214.861
38 83 265.81
38 120 208.949
38 145 1155.24
38 209 317.452
39 11 567.686
39 69 336.031
39 88 297.985
39 152 276.046
39 176 272.187
39 202 592.668
39 232 451.541
40 24 270.174
40 36 287.354
40 77 237.085
40 82 736.627
40 92 243.45
40 117 223.042
40 122 234.832
40 133 180.137
40 136 180.689
40 198 272.711
40 210 180.338
40 213 191.948
41 33 673.408
41 71 258.584
41 105 436.945
41 206 346.217
41 246 647.817
42 84 203.775
42 129 304.096
42 137 270.52
42 151 196.794
43 13 34.9456
43 19 70.409
43 44 37.8015
43 74 31.9279
43 125 40.3379
43 140 95.5244
43 170 42.6961
43 190 49.3062
43 208 41.2581
43 238 47.3733
44 4 288.316
44 45 495.335
44 85 346.278
44 117 246.762
44 126 691.228
44 135 371.419
44 167 248.2
44 181 337.399
45 83 356.379
45 120 258.302
45 145 419.651
45 209 514.286
46 2 1877.44
46 5 178.201
46 81 267.21
46 101 191.316
46 161 676.616
46 197 226.395
46 219 220.915
46 244 181.236
47 30 454.555
47 162 52.8542
48 1 228.876
48 37 241.762
48 49 383.697
48 66 460.87
48 86 258.553
48 107 248.728
48 156 282.523
48 157 359.195
48 160 276.127
49 9 123.319
49 69 270.092
49 80 118.677
49 88 171.021
49 108 119.871
49 199 99.0219
49 230 204.765
49 232 314.061
50 3 2628.07
50 51 469.259
50 90 170.913
50 97 1014.2
50 128 497.007
50 130 196.234
50 164 377.229
50 191 467.699
50 192 217.902
50 203 187.27
50 215 361.399
50 221 243.577
50 226 249.432
50 227 174.268
51 36 212.771
51 53 266.999
51 68 383.533
51 122 222.672
51 133 301.107
51 198 188.418
51 210 308.08
52 4 500.573
52 12 362.039
52 49 654.305
52 107 643.733
52 156 521.481
52 160 715.21
52 237 835.436
53 28 35.5477
53 48 33.3317
53 60 33.6734
53 62 23.8779
53 72 37.4123
53 79 36.568
53 98 51.5144
53 113 21.0791
53 153 30.1495
53 178 20.9316
53 201 31.7388
54 6 256.528
54 9 146.845
54 15 196.307
54 63 413.979
54 100 163.709
54 108 196.447
54 112 159.679
54 134 519.881
54 169 228.368
54 188 308.531
54 235 265.824
54 241 206.95
55 16 24.0262
55 27 33.5282
55 44 20.3428
55 105 28.7869
55 206 33.4005
56 31 25.6808
56 45 18.0136
56 117 16.2468
56 126 27.3739
56 129 17.9587
56 135 38.2577
56 167 45.1649
56 181 20.9198
57 74 28.2084
57 125 12.3249
57 143 11.0903
57 170 11.6932
57 179 13.2258
57 194 11.1449
57 247 12.4301
58 187 1585.85
58 222 285.982
59 13 62.8241
59 19 661.093
59 72 62.4879
59 74 83.8738
59 125 74.3443
59 140 349.128
59 170 75.2511
59 190 78.5125
59 238 71.4967
60 21 409.834
60 94 282.843
60 95 487.04
60 102 897.416
60 127 392.476
60 214 1580.38
60 243 1236.63
60 249 4367.13
61 13 39.8012
61 27 43.8717
61 28 40.9349
61 71 46.5022
61 79 38.1629
61 142 47.1174
61 178 50.315
61 206 38.1785
61 211 49.0832
61 245 99.0566
61 248 89.0467
62 24 286.098
62 36 223.995
62 77 263.16
62 82 382.462
62 85 207.766
62 92 230.94
62 117 363.616
62 136 214.458
62 198 213.438
63 29 557.303
63 56 297.431
63 59 681.103
63 127 294.1
63 141 986.099
63 220 317.97
64 1 162.648
64 8 162.627
64 14 108.965
64 54 358.966
64 66 170.437
64 86 193.716
64 150 1218.54
64 157 120
64 234 104.134
65 28 262.402
65 48 112.184
65 62 148.896
65 72 388.597
65 79 123.328
65 98 136.51
65 179 123.205
66 6 248.935
66 9 409.146
66 38 303.379
66 40 314.297
66 63 307.204
66 88 242.567
66 108 702.665
66 134 494.155
66 169 349.316
66 188 428.634
66 199 334.622
66 230 292.337
66 235 376.106
66 241 246.418
67 43 376.588
67 62 432.678
67 112 354.082
67 143 641.616
67 146 565.48
67 179 1281.47
67 194 294.236
67 216 527.665
67 247 1559.37
68 43 134.574
68 74 92.5371
68 143 169.526
68 146 125.574
68 179 134.543
68 194 131.96
68 216 118.385
68 247 170.275
69 87 132.048
69 123 301.019
69 149 279.753
69 154 222.702
69 219 200.597
69 244 129.487
70 16 130.725
70 44 142.675
70 208 250.103
71 83 194.555
71 120 151.513
71 145 428.215
71 209 258.957
72 3 378.238
72 51 269.994
72 97 320.235
72 103 231.006
72 128 454.045
72 164 525.713
72 183 213.564
72 191 252.275
72 215 337.887
72 221 268.262
72 226 760.767
72 227 209.987
73 2 255.979
73 5 247.225
73 81 664.491
73 87 215.349
73 101 544.936
73 138 636.717
73 149 220.498
73 161 362.273
73 197 334.851
73 205 208.892
73 219 402.139
73 244 694.619
74 53 155.569
74 68 112.459
74 133 107.562
74 139 135.202
74 185 95.3471
74 210 108.035
75 57 302.259
75 64 215.702
75 78 275.205
75 90 332.827
75 103 165.204
75 124 751.985
75 164 237.255
75 171 395.659
75 172 375.177
75 215 223.946
75 226 240.282
75 228 158.99
76 12 574.142
76 37 372.815
76 49 401.666
76 107 301.968
76 156 2289.84
76 160 331.607
76 237 311.825
77 6 107.005
77 15 806.105
77 63 145.212
77 112 97.8587
77 134 140.563
77 143 90.1044
77 146 115.254
77 174 108.184
77 188 124.915
77 216 122.466
77 247 84.2895
78 19 177.199
78 62 157.659
78 72 159.858
78 74 255.572
78 140 162.691
78 179 226.397
78 247 172.924
79 18 469.283
79 37 313.002
79 95 144.766
79 180 394.827
79 217 287.968
80 76 217.962
80 84 529.838
80 96 245.309
80 110 227.908
80 193 153.676
81 16 29.5163
81 44 34.0076
81 140 24.5007
81 190 22.961
81 208 108.199
81 238 23.7782
82 54 279.006
82 148 994.315
82 217 290.135
82 220 449.769
83 34 287.745
83 74 422.465
83 125 266.252
83 170 248.302
83 194 278.952
84 7 672.779
84 22 728.857
84 106 348.496
84 173 2714.27
84 231 319.086
85 19 316.381
85 28 214.697
85 72 245.902
85 74 384.553
85 125 215.124
85 140 283.317
85 179 263.497
86 36 115.7
86 68 117.652
86 82 96.8403
86 122 108.357
86 133 117.09
86 151 125.929
86 198 97.4013
86 210 119.328
87 20 221.547
87 25 233.264
87 99 1621.93
87 139 422.051
87 163 481.908
87 175 529.431
87 185 300.867
88 87 321.707
88 132 721.099
89 21 246.549
89 95 334.603
89 102 693.117
89 127 215.455
89 214 592.211
89 243 481.362
89 249 874.685
90 50 3107.53
90 76 704.361
90 110 448.383
90 115 339.837
90 142 374.142
90 147 638.632
90 155 293.316
90 166 346.717
90 178 322.622
90 193 1275.04
90 207 672.917
90 211 339.799
91 17 3.92817
91 65 1.55642
92 24 300.158
92 26 379.546
92 32 398.888
92 77 327.084
92 91 459.824
92 92 312.936
92 136 356.134
92 213 340.657
93 17 303.191
93 47 555.717
93 158 388.554
94 38 323.017
94 40 193.564
94 42 293.688
94 83 141.542
94 169 163.788
94 199 166.162
94 235 149.7
94 236 283.861
94 240 176.116
95 50 299.739
95 79 297.048
95 98 217.667
95 142 2155.73
95 147 264.912
95 166 225.391
95 178 748.851
95 193 225.366
95 207 561.645
95 211 655.936
95 245 352.447
96 1 305.246
96 8 304.458
96 14 442.55
96 31 285.01
96 58 374.907
96 181 291.795
96 184 528.131
96 224 350.833
96 225 521.125
96 242 441.358
97 87 289.483
97 132 507.148
97 195 287.681
98 85 251.4
98 117 613.273
98 126 233.398
98 129 278.755
98 135 610.238
98 151 269.937
98 167 503.126
99 46 251.497
99 85 469.729
100 57 503.812
100 64 605.764
100 78 948.624
100 90 412.991
100 114 321.996
100 118 274.826
100 124 2556.38
100 131 297.935
100 164 278.59
100 171 924.084
100 172 1055.82
100 186 300.277
100 195 288.503
100 215 272.099
100 226 286.993
100 228 377.421
101 57 337.739
101 64 619.171
101 78 826.205
101 90 593.391
101 114 308.621
101 124 1002.24
101 164 286.407
101 171 466.859
101 172 493.336
101 195 321.837
101 215 302.156
101 228 296.719
102 57 41.0579
102 64 170.072
102 78 153.996
102 111 48.2189
102 114 77.2036
102 118 47.4051
102 124 62.1179
102 131 57.6086
102 171 58.9689
102 172 67.5615
102 186 66.9771
102 195 53.9103
102 228 76.4375
103 39 46.1764
103 52 44.0111
103 93 61.838
103 132 41.6974
103 205 73.8553
103 233 45.9355
104 22 201.429
104 84 302.011
105 30 476.518
105 162 444.238
106 50 159.635
106 71 160.989
106 142 266.093
106 166 232.62
106 178 184.529
106 193 130.371
106 207 170.129
106 211 559.357
106 245 160.164
107 39 75.4614
107 52 65.9995
107 61 72.6112
107 93 126.332
107 116 62.8886
107 205 94.6227
107 233 87.2127
108 2 1026.82
108 5 172.057
108 81 227.107
108 101 166.05
108 161 459.799
108 197 214.097
108 219 163.796
109 0 545.102
109 20 333.595
109 25 316.785
109 26 447.1
109 35 320.414
109 91 386.841
109 119 366.017
109 239 385.317
110 3 2835.57
110 51 793.57
110 90 260.846
110 97 1070.61
110 128 542.062
110 130 290.44
110 164 613.896
110 191 699.564
110 192 271.918
110 203 279.306
110 215 626.887
110 221 294.807
110 226 360.172
111 42 220.238
111 48 386.188
111 60 392.043
111 98 210.554
111 100 284.299
111 113 448.556
111 147 186.441
111 153 459.476
111 169 184.498
111 201 419.02
111 235 174.849
111 240 342.456
111 241 210.165
112 16 149
112 27 178.311
112 105 243.939
112 206 189.44
113 6 80.7012
113 38 90.3425
113 42 221.843
113 48 80.238
113 100 183.475
113 113 136.887
113 153 77.3758
113 169 198.575
113 235 161.306
113 236 84.4771
113 240 422.907
113 241 125.247
114 41 263.884
114 103 314.433
114 128 238.004
114 159 203.801
114 164 222.759
114 183 461.236
114 221 202.507
114 226 322.456
114 229 223.591
115 23 305.604
115 61 408.359
115 104 317.849
115 106 319.92
115 231 322.192
116 36 301.82
116 53 280.38
116 68 258.638
116 99 279.586
116 122 354.936
116 133 532.989
116 139 417.412
116 185 486.903
116 198 297.318
116 210 530.432
117 9 331.814
117 38 552.121
117 40 791.764
117 80 346.196
117 108 242.575
117 145 256.097
117 199 550.477
117 230 238.409
118 10 433.057
118 41 186.118
118 55 187.911
118 70 273.201
118 162 338.895
118 165 301.345
118 168 716.074
118 183 191.076
118 212 404.894
119 2 245.591
119 81 218.872
119 123 221.631
119 138 204.362
119 149 295.186
119 161 267.289
119 219 594.983
119 244 260.603
120 61 163.743
120 93 160.381
120 104 171.429
120 233 178.863
121 32 237.718
121 77 236.256
121 85 466.784
121 117 236.606
121 136 289.071
122 57 438.684
122 64 578.476
122 78 916.227
122 90 289.638
122 111 235.161
122 114 310.493
122 118 271.188
122 124 943.619
122 131 297.444
122 171 871.128
122 172 1143.48
122 186 293.623
122 195 258.765
122 228 396.596
123 4 139.189
123 45 69.1495
123 49 122.955
123 107 342.391
123 156 64.2642
123 157 66.7151
123 160 245.821
123 181 59.0378
123 237 192.872
123 242 84.1888
124 84 343
124 110 470.39
124 115 684.158
124 129 296.358
124 137 1151.99
124 151 342.389
124 155 514.44
124 193 311.647
125 18 277.876
125 37 205.836
125 95 289.409
125 180 297.045
125 217 767.715
126 13 255.384
126 16 375.949
126 19 228.508
126 44 466.829
126 140 252.234
126 208 585.359
127 52 102.879
127 120 121.278
127 130 106.939
127 203 120.091
128 1 139.937
128 8 87.1402
128 14 83.7384
128 49 52.3239
128 54 63.5396
128 66 225.366
128 86 237.472
128 150 80.851
128 157 136.927
128 225 54.73
129 19 47.5585
129 47 47.6863
129 74 52.1473
129 125 134.463
129 140 54.247
129 158 61.3469
129 170 165.533
129 190 265.023
129 208 46.5993
129 238 623.855
130 22 260.386
130 76 342.023
130 84 535.269
130 96 584.195
130 110 312.64
130 173 276.357
131 11 70.8071
131 69 53.2584
131 75 50.1037
131 88 167.315
131 182 47.5744
131 188 50.6648
131 230 45.4075
131 232 78.5235
132 13 7.55275
132 19 5.30149
132 27 5.14018
132 28 8.08114
132 72 6.9168
132 245 6.57716
132 248 9.44341
133 50 187.107
133 68 173.015
133 76 176.36
133 110 274.566
133 115 2522.88
133 137 284.839
133 155 728.274
133 166 217.519
133 193 225.898
134 51 261.869
134 120 1177.96
134 130 511.309
134 145 268.808
134 191 265.585
134 203 496.814
134 209 545.335
135 52 184.5
135 90 206.813
135 120 264.506
135 130 281.363
135 203 328.672
136 4 209.157
136 31 389.768
136 45 573.239
136 126 936.399
136 135 281.572
136 167 257.03
136 181 839.882
136 242 264.769
137 55 142.543
137 165 163.457
138 35 2.2062
138 36 163.023
138 82 3.9368
138 92 2.15431
138 122 8.66402
138 133 3.945
138 185 2.35208
138 198 8.9675
138 210 3.93381
139 2 85.3162
139 81 34.8203
139 101 26.0077
139 138 25.0518
139 161 71.6501
139 197 27.9778
139 219 37.4501
139 244 27.2612
140 96 301.736
140 173 184.515
140 236 193.138
141 84 304.193
141 110 365.092
141 115 515.744
141 129 356.72
141 137 4352.02
141 151 439.708
141 155 448.752
142 87 59.0346
142 123 100.074
142 149 146.14
142 154 135.813
142 195 50.7798
142 219 65.6729
142 244 48.9146
143 50 184.528
143 76 299.127
143 96 266.361
143 110 158.083
143 147 321.955
143 193 189.612
143 207 168.634
144 21 57.0917
144 59 37.6312
144 73 55.8246
144 94 396.007
144 102 34.3305
144 121 78.0906
144 127 102.566
144 243 35.7284
145 11 975.541
145 88 263.156
145 182 251.593
145 202 395.037
145 232 316.935
146 23 96.18
146 52 164.338
146 120 95.8789
147 1 100.365
147 8 86.0548
147 54 154.653
147 66 206.319
147 86 122.229
147 150 156.587
147 157 105.135
148 64 155.596
148 87 228.755
148 111 158.134
148 114 189.231
148 123 158.963
148 132 169.598
148 149 242.654
148 154 409.395
148 186 155.879
148 195 346.656
149 50 258.48
149 60 142.957
149 76 170.859
149 79 204.461
149 98 172.616
149 142 250.051
149 147 449.958
149 153 147.23
149 178 242.35
149 193 189.6
149 201 148.813
149 207 988.766
149 211 179.009
149 245 144.917
150 64 474.137
150 78 543.665
150 90 669.137
150 124 584.438
150 164 270.32
150 171 341.724
150 172 354.694
150 195 300.478
150 215 299.495
151 24 191.112
151 26 84.2243
151 32 68.9924
151 35 74.4659
151 77 170.609
151 82 77.4032
151 91 102.789
151 92 493.904
151 136 109.798
151 198 66.7583
151 213 397.725
151 239 99.6954
152 18 54.7847
152 37 64.8328
152 66 64.8176
152 217 109.528
153 36 424.618
153 68 161.229
153 82 274.348
153 122 363.406
153 133 350.354
153 198 306.663
153 210 359.093
154 6 150.023
154 28 196.34
154 48 204.373
154 60 187.974
154 62 318.8
154 72 229.441
154 79 156.491
154 98 196.893
154 112 207.079
154 113 153.764
154 153 171.773
154 179 187.028
154 201 176.951
155 74 20.0294
155 125 9.59292
155 143 9.72095
155 179 11.7942
155 194 9.42371
155 247 11.0432
156 3 355.619
156 51 615.259
156 90 414.952
156 97 331.315
156 130 684.838
156 164 344.405
156 191 477.107
156 203 814.821
156 215 535.561
156 226 231.513
157 10 269.018
157 55 195.575
157 70 149.469
157 162 206.686
157 165 442.421
157 168 237.203
157 212 367.073
158 4 121.924
158 31 206.127
158 45 368.137
158 126 403.179
158 135 134.139
158 167 124.979
158 181 751.538
158 242 165.452
159 111 359.897
159 114 243.954
159 118 523.021
159 131 455.114
159 186 320.362
159 200 408.636
159 228 312.146
160 37 164.501
160 49 332.508
160 66 182.977
160 107 179.503
160 156 273.496
160 157 180.667
160 160 206.984
161 18 633.777
161 37 251.049
161 95 246.987
161 180 1193.63
161 217 245.185
162 29 168.833
162 56 390.129
162 109 111.975
162 116 109.788
162 141 115.703
162 148 118.015
162 220 152.236
162 234 130.694
163 33 254.922
163 53 188.245
163 139 192.005
163 246 272.836
164 10 349.581
164 41 428.914
164 70 789.768
164 159 678.68
164 168 264.511
164 177 657.335
164 196 792.146
164 212 266.815
164 218 329.201
165 7 9.0845
165 22 8.12366
165 23 7.86642
165 61 8.58773
165 104 10.483
165 106 30.7541
165 173 7.56103
165 231 13.9535
166 50 331.216
166 53 228.299
166 68 234.134
166 110 238.107
166 115 370.807
166 142 239.684
166 155 433.905
166 166 2066.46
166 193 316.747
166 207 236.431
166 211 289.64
167 24 197.287
167 35 303.881
167 36 675.609
167 82 401.303
167 92 237.237
167 122 760.953
167 133 398.691
167 185 286.427
167 198 1358.32
167 210 391.035
167 213 229.12
167 239 255.29
168 6 34.7042
168 42 36.2157
168 48 87.5292
168 60 71.2105
168 98 36.3286
168 100 78.977
168 112 30.2978
168 113 265.968
168 153 75.4
168 169 39.3618
168 201 70.4401
168 235 37.8445
168 240 61.1978
168 241 53.4003
169 17 139.68
170 13 934.596
170 16 251.488
170 19 230.368
170 27 289.464
170 28 217.987
170 44 282.547
170 140 217.835
170 248 516.023
171 0 149.516
171 24 126.376
171 26 595.852
171 35 154.161
171 91 689.967
171 92 163.619
171 213 228.998
171 239 233.402
172 6 294.138
172 15 85.0492
172 48 88.3577
172 60 77.0633
172 62 170.026
172 63 158.083
172 100 114.101
172 112 409.084
172 113 102.125
172 134 76.6028
172 146 79.4267
172 169 89.3003
172 179 92.6974
172 216 80.3011
172 235 96.3873
172 241 164.777
172 247 84.1394
173 18 159.704
173 37 121.042
173 95 147.834
173 180 167.624
173 217 518.122
174 51 40.8217
174 120 143.893
174 130 79.6102
174 145 43.9775
174 191 41.8822
174 203 74.7432
174 209 86.7806
175 33 456.413
175 53 218.74
175 71 226.46
175 246 498.101
176 7 674.802
176 22 793.317
176 106 589.256
176 173 798.763
176 231 426.236
177 54 97.02
177 148 51.1025
177 150 62.8596
177 220 40.6337
177 234 58.3025
178 15 327.535
178 43 146.763
178 63 147.934
178 75 169.773
178 88 152.448
178 134 194.281
178 146 165.634
178 174 366.994
178 182 150.623
178 188 215.545
178 216 173.096
178 222 154.377
179 75 306.847
179 174 187.131
179 182 302.245
179 187 183.895
179 222 173.289
180 26 189.149
181 13 243.105
181 19 1227.56
181 44 224.841
181 74 270.712
181 125 291.21
181 140 4039.07
181 170 301.543
181 190 330.903
181 238 303.671
182 29 63.214
182 56 35.477
182 141 38.3373
182 148 54.4445
182 214 27.4921
182 220 162
182 243 28.7842
183 2 308.636
183 5 358.709
183 81 894.955
183 87 297.81
183 101 1015.24
183 138 1361.35
183 149 282.242
183 161 421.036
183 197 477.681
183 205 321.008
183 219 450.499
183 244 982.812
184 9 4179.24
184 38 256.43
184 40 440.316
184 80 306.773
184 88 152.296
184 108 605.434
184 134 158.446
184 188 160.938
184 199 657.63
184 230 412.503
184 235 147.092
185 162 650.579
185 165 280.167
185 168 253.631
185 212 185.598
186 42 44.0861
186 48 47.7184
186 60 50.7682
186 96 38.967
186 98 34.8437
186 100 40.0925
186 113 51.0052
186 147 43.1419
186 153 57.0007
186 201 54.0727
186 240 55.751
187 7 337.94
187 83 917.801
187 120 297.49
187 209 443.471
187 231 292.499
188 6 88.1551
188 38 112.936
188 40 82.2103
188 42 152.776
188 63 85.3061
188 100 154.08
188 108 79.774
188 113 105.432
188 169 389.823
188 199 77.056
188 235 264.022
188 236 75.2471
188 240 171.38
188 241 129.305
189 31 216.341
189 45 298.255
189 85 287.615
189 117 265.358
189 126 527.712
189 135 585.557
189 167 286.69
189 181 259.776
190 6 244.051
190 38 262.318
190 42 412.446
190 63 228.491
190 100 500.644
190 113 322.239
190 169 1039.02
190 235 700.054
190 240 548.973
190 241 385.459
191 36 273.689
191 53 322.098
191 68 311.928
191 122 310.1
191 133 479.474
191 139 284.649
191 185 303.264
191 198 256.884
191 210 485.155
192 32 237.898
192 85 230.933
192 136 230.117
193 54 203.558
193 66 199.622
193 148 184.485
193 150 179.675
193 217 257.704
194 11 17.7158
194 75 28.0149
194 182 38.0956
195 50 525.821
195 76 926.053
195 84 418.708
195 96 307.505
195 110 2553.66
195 115 499.524
195 137 297.663
195 147 333.561
195 155 359.491
195 193 872.311
195 207 298.385
196 21 663.948
196 73 195.919
196 94 284.608
196 102 176.613
196 121 161.439
196 127 361.471
196 214 130.368
196 243 143.198
196 249 145.927
197 4 1384.43
197 45 662.967
197 49 300.408
197 107 466.513
197 126 391.548
197 160 406.612
197 181 427.658
197 237 696.749
197 242 460.637
198 34 156.969
198 65 166.318
198 144 180.098
199 31 228.881
199 117 327.954
199 129 439.956
199 135 414.88
199 151 375.446
199 167 713.59
200 47 85.064
200 158 83.2117
201 50 170.57
201 60 106.269
201 76 160.791
201 79 111.764
201 96 110.455
201 98 108.119
201 110 98.1432
201 142 113.702
201 147 2792.88
201 153 112.371
201 178 112.186
201 193 144.167
201 201 111.931
201 207 225.881
202 31 205.649
202 129 680.799
202 137 274.119
202 151 272.555
202 167 246.677
203 11 2282.24
203 75 130.319
203 88 109.397
203 182 136.894
203 202 114.846
203 232 109.341
204 7 310.232
204 22 602.223
204 84 283.451
204 96 284.281
204 173 789.13
205 87 87.9114
205 123 52.2919
205 132 44.4017
205 138 44.2509
205 149 615.602
205 154 84.6423
205 195 44.8852
205 219 70.8289
205 244 60.6519
206 81 20.3511
206 87 23.7873
206 101 18.8716
206 123 22.9696
206 138 21.9337
206 149 48.7059
206 154 23.3527
206 161 20.9917
206 219 81.3935
206 244 30.8794
207 19 181.921
207 47 197.533
207 74 262.835
207 125 1862.99
207 140 203.145
207 158 185.121
207 170 3627.34
207 190 1261.33
207 238 955.191
208 13 234.986
208 19 561.533
208 44 243.404
208 74 223.019
208 125 274.299
208 140 820.332
208 170 289.36
208 190 331.597
208 208 253.652
208 238 313.837
209 46 17.2419
209 85 40.2764
209 117 15.8001
210 43 25.0989
210 74 30.3356
210 143 27.916
210 146 22.8066
210 179 26.9201
210 194 29.8654
210 216 21.8732
210 247 29.0336
211 70 120.862
211 177 324.475
211 196 272.255
211 218 119.704
212 99 339.551
212 139 2306.87
212 163 276.582
212 175 299.811
212 185 276.299
213 17 251.799
213 47 88.6848
214 31 408.64
214 181 243.076
214 184 391.578
215 21 236.046
215 59 329.329
215 73 229.099
215 94 539.129
215 121 319.345
215 127 411.281
215 141 202.849
216 31 717.328
216 45 297.156
216 126 411.941
216 129 221.622
216 135 302.924
216 167 366.045
216 181 446.139
216 242 213.947
217 36 317.984
217 68 301.061
217 82 249.303
217 122 301.071
217 133 337.231
217 151 270.816
217 198 263.783
217 210 344.875
218 30 499.182
218 162 422.952
219 27 96.1691
219 33 53.1024
219 105 90.0836
219 206 155.262
219 246 51.6911
220 64 270.884
220 78 202.771
220 87 118.98
220 111 142.959
220 114 222.195
220 124 128.555
220 131 118.816
220 132 123.832
220 154 154.497
220 186 163.143
220 195 572.909
220 228 124.462
221 57 62.8989
221 64 185.236
221 78 312.253
221 90 49.1673
221 111 53.3626
221 114 77.1883
221 118 56.5283
221 124 111.619
221 131 65.2763
221 171 99.3954
221 172 118.172
221 186 69.7548
221 195 61.0125
221 228 87.3302
222 24 77.4418
222 26 75.1083
222 32 205.41
222 77 86.7407
222 91 84.2515
222 92 72.7299
222 136 110.838
222 213 73
223 19 84.0083
223 74 753.017
223 125 153.078
223 140 86.3402
223 170 137.889
223 190 116.564
223 238 101.197
224 4 353.47
224 45 238.007
224 46 450.805
224 126 208.806
224 204 448.961
224 237 302.313
225 9 223.566
225 11 199.009
225 69 550.86
225 80 213.346
225 88 409.699
225 108 224.602
225 202 201.796
225 230 333.32
225 232 1047.64
226 23 23.2385
226 52 41.4795
226 132 29.8454
227 0 585.327
227 20 220.117
227 25 206.507
227 35 127.259
227 119 345.516
227 239 120.299
228 10 125.265
228 41 90.2837
228 70 110.847
228 159 81.1485
228 162 183.629
228 165 96.0175
228 168 962.635
228 183 109.072
228 212 111.427
229 6 176.448
229 38 98.9172
229 42 118.598
229 48 93.6255
229 63 160.505
229 100 277.622
229 108 93.1243
229 112 104.833
229 113 152.771
229 134 109.333
229 169 602.634
229 235 843.467
229 240 158.889
229 241 323.684
230 30 74.8685
230 162 70.8118
230 165 61.8278
231 1 46.8661
231 8 104.391
231 14 29.1056
231 54 23.529
231 58 25.574
231 66 23.0261
231 86 41.9907
231 150 32.0086
231 157 22.7308
231 225 33.0992
232 23 109.358
232 52 80.9183
232 61 562.23
232 104 129.958
233 38 155.047
233 42 305.619
233 83 141.003
233 236 708.145
233 240 164.991
234 67 269.346
234 69 1491.83
234 80 267.952
234 88 365.941
234 89 299.382
234 202 325.048
234 230 365.045
234 232 2202.1
235 76 164.389
235 96 444.347
235 147 164.003
236 29 155.874
236 56 72.7195
236 59 73.8088
236 141 748.896
236 220 57.28
237 20 80.8385
237 25 86.1283
237 99 811.63
237 119 64.6559
237 139 97.0574
237 163 118.05
237 175 122.08
237 185 102.245
238 64 24.1712
238 87 24.5489
238 111 32.5842
238 114 36.1586
238 123 30.7523
238 131 21.1063
238 149 31.2674
238 154 104.248
238 186 30.0592
238 195 52.3141
239 67 469.487
239 69 224.569
239 89 330.781
239 176 145.6
239 189 305.759
239 192 200.633
239 202 142.686
239 221 206.936
239 227 292.036
239 229 160.463
239 232 159.15
240 4 893.073
240 45 195.039
240 49 194.557
240 107 304.443
240 126 140.146
240 156 139.289
240 160 272.634
240 181 148.005
240 204 138.458
240 237 1391.74
240 242 175.598
241 39 45.3799
241 54 31.5013
241 93 58.4502
241 109 48.3595
241 116 66.6691
241 233 106.659
241 234 71.2756
242 53 797.374
242 68 375.48
242 139 261.547
243 51 96.334
243 90 195.056
243 124 83.1405
243 130 116.772
243 164 85.3752
243 191 83.6589
243 203 139.277
243 215 111.271
244 12 382.347
244 18 251.447
244 37 446.455
244 49 248.864
244 156 647.204
245 34 107.065
245 47 108.265
245 65 78.6071
245 74 74.8182
245 125 80.0489
245 144 78.6647
245 170 75.0625
245 190 65.6584
245 238 64.2055
246 117 37.8538
246 129 64.5662
246 135 38.7878
246 137 37.2358
246 151 108.29
246 167 54.37
247 7 63.8497
247 22 65.3707
247 104 62.0807
247 106 1367.35
247 173 56.4904
247 224 51.0832
247 231 81.0222
248 13 61.3733
248 16 27.3971
248 27 43.4061
248 28 28.0487
248 44 28.9904
248 206 29.5463
248 245 31.7306
248 248 160.649
249 57 243.816
249 64 255.77
249 78 254.907
249 111 335.313
249 114 309.908
249 118 1636.24
249 131 894.62
249 171 272.971
249 172 288.49
249 186 396.646
249 200 565.31
249 228 921.974
