150 150 1071
0 6 124.091
0 20 216.359
0 23 121.986
0 67 269.665
0 70 113.186
0 100 90.0246
0 109 193.162
0 112 281.407
0 120 104.989
0 130 91.5387
1 0 51.3425
1 13 62.6106
1 110 67.1121
1 144 327.678
1 146 63.7705
1 149 65.986
2 5 949.882
2 22 339.403
2 31 301.997
2 125 233.106
3 2 5.91444
3 10 9.64972
3 15 7.56459
3 25 7.37098
3 39 10.7291
3 40 20.3729
3 48 7.3937
3 58 5.98565
3 94 8.57797
3 131 10.5796
3 143 5.66439
4 14 12.4274
4 15 13.4258
4 32 113.403
4 35 14.0131
4 122 40.7377
5 72 84.709
5 92 1854.7
5 116 323.957
5 134 89.5218
6 45 101.057
6 90 49.2854
6 124 60.0029
6 127 139.643
6 148 215.893
6 149 37.5981
7 30 68.2447
7 38 43.013
7 65 21.6707
7 87 27.0714
7 96 17.5446
7 135 18.3052
8 71 220.875
8 74 215.253
8 76 204.978
8 93 181.069
8 107 161.03
8 118 275.216
9 1 284.267
9 17 141.265
9 29 319.743
9 33 217.215
9 53 467.434
9 61 157.07
9 75 159.739
9 86 231.332
9 95 150.692
9 97 166.313
9 128 137.272
9 136 158.781
9 140 180.26
9 142 137.012
10 1 105.087
10 29 61.7762
10 53 31.2854
10 61 45.7775
10 75 91.2613
10 86 64.3969
10 95 83.1142
10 97 33.9032
10 104 31.5162
10 115 57.921
10 128 34.9474
10 136 78.5062
10 140 71.3301
10 142 31.8888
11 2 206.975
11 14 85.2004
11 15 45.9993
11 25 87.2529
11 40 39.5588
11 119 38.7246
11 139 90.8825
11 143 218.775
12 20 96.7979
12 23 101.3
12 48 92.4301
12 58 96.3879
12 67 88.3331
12 81 83.5973
12 94 77.7475
12 100 210.541
12 103 76.8202
12 109 75.8097
12 112 79.2287
12 131 86.9685
13 14 261.001
13 127 185.622
13 139 240.155
14 4 320.073
14 24 1068.24
14 49 398.08
14 63 229.602
14 66 240.634
14 101 372.101
14 117 259
14 137 2309.93
15 40 147.995
15 48 252.339
15 58 293.506
15 72 225.419
15 77 165.012
15 81 378.435
15 84 487.245
15 85 397.523
15 94 237.964
15 103 163.687
15 131 189.71
16 21 338.294
16 65 190.295
16 99 194.219
16 121 449.376
16 138 745.657
17 1 317.65
17 29 619.225
17 36 143.925
17 53 165.758
17 61 400.583
17 75 147.983
17 86 661.675
17 95 243.368
17 115 137.286
17 128 316.396
17 136 142.301
17 140 381.438
18 1 239.579
18 7 314.179
18 17 283.957
18 29 230.399
18 33 557.362
18 53 682.144
18 97 385.356
18 142 294.197
19 0 420.588
19 35 442.952
19 68 256.282
19 110 287.432
19 122 185.26
19 146 297.494
19 147 227.809
20 44 280.53
20 45 133.757
20 90 384.938
20 98 201.702
20 102 138.671
20 113 256.271
20 124 263.12
20 132 149.002
20 148 144.969
21 16 255.455
21 19 276.995
21 24 217.16
21 42 297.229
21 57 368.654
21 63 265.664
21 66 779.978
21 79 327.995
21 88 213.399
21 101 213.88
22 72 263.505
22 81 118.635
22 84 102.825
22 85 170.953
22 92 137.632
22 103 176.973
22 116 116.445
23 12 227.986
23 37 432.133
23 64 260.301
23 106 332.365
23 108 341.196
23 114 338.475
23 147 172.11
24 4 164.63
24 60 227.906
24 92 330.551
24 116 701.313
24 117 137.994
24 134 271.886
25 2 39.6426
25 14 33.0967
25 25 27.2704
25 77 24.7871
25 119 39.6703
25 139 123.189
25 143 42.9204
26 71 37.2843
26 73 10.6246
26 76 12.4895
26 80 10.2725
26 102 8.76782
26 118 17.2381
27 3 491.529
27 20 246.797
27 50 296.527
27 67 221.999
27 89 330.422
27 100 214.365
27 120 272.197
28 69 298.904
28 72 207.272
28 92 180.419
29 8 276.105
29 77 233.293
29 98 220.99
29 111 179.89
29 119 512.316
29 132 286.648
29 139 212.327
29 141 325.207
29 145 255.329
30 1 6.16884
30 11 4.92014
30 29 5.18488
30 47 6.63913
30 61 5.13102
30 75 9.40203
30 86 5.47116
30 95 7.75451
30 104 9.56468
30 115 18.4624
30 136 8.72718
30 140 6.16866
31 12 885.11
31 32 216.277
31 35 282.372
31 106 283.188
31 108 198.41
31 114 260.98
31 122 217.936
31 147 216.714
32 38 180.536
32 60 789.001
32 96 236.047
32 116 118.529
32 117 134.141
32 134 453.179
32 135 111.562
33 1 217.04
33 29 220.243
33 61 445.772
33 75 163.436
33 86 285.251
33 95 521.041
33 104 159.972
33 115 265.209
33 128 340.901
33 136 154.016
33 140 417.745
34 10 205.503
34 39 184.657
35 16 291.502
35 19 284.869
35 42 193.949
35 56 210.589
35 57 217.425
35 59 178.983
35 63 245.42
35 66 430.015
35 79 221.642
35 88 240.962
35 101 170.577
36 13 32.4885
36 144 23.0539
36 149 17.045
37 4 158.511
37 24 507.452
37 49 160.703
37 63 159.753
37 66 168.183
37 101 278.177
37 117 119.229
37 137 484.163
38 8 36.2455
38 62 38.3634
38 98 42.0252
38 102 36.4051
38 111 138.414
38 119 32.2602
38 132 59.8123
38 133 57.4435
38 141 81.3266
38 145 215.714
39 7 127.402
39 17 169.909
39 29 139.065
39 33 167.075
39 51 121.838
39 52 126.475
39 53 161.67
39 86 125.007
40 12 134.913
40 35 87.7245
40 64 64.0029
40 68 96.6542
40 106 61.0666
40 114 108.344
40 147 119.038
41 30 147.012
41 38 103.289
41 54 230.648
41 65 584.912
41 78 233.592
41 99 257.96
41 138 119.125
42 81 47.6591
42 85 52.1579
42 103 135.349
42 135 44.0241
43 1 25862.2
43 29 983.863
43 53 290.472
43 61 379.068
43 75 407.084
43 86 764.993
43 95 472.036
43 97 243.8
43 115 275.827
43 128 283.279
43 136 382.167
43 140 591.882
43 142 216.159
44 20 66.522
44 23 236.867
44 67 70.7271
44 87 53.4034
44 100 54.2626
44 109 96.8409
44 112 79.0581
44 130 122.669
44 135 81.0204
45 5 19.7613
45 18 56.4362
45 22 31.4884
45 26 31.1956
45 125 53.5742
46 6 20.5756
46 20 51.7016
46 23 22.9805
46 67 58.1642
46 70 18.7837
46 100 19.8969
46 109 31.99
46 112 46.9099
46 120 22.3215
47 37 312.773
47 64 857.575
47 68 239.173
47 114 339.945
47 147 279.897
48 8 220.897
48 77 203.666
48 84 93.8327
48 119 147.196
48 132 103.446
48 139 98.6251
48 141 157.589
48 145 115.536
49 2 64.441
49 40 62.0113
49 48 91.6268
49 58 97.0932
49 72 89.9459
49 77 87.7596
49 81 111.86
49 84 447.185
49 85 118.288
49 94 93.6294
49 131 74.9915
49 143 67.2876
50 31 87.9423
50 71 709.277
50 73 143.047
50 76 110.217
50 80 137.224
50 93 87.6817
50 118 244.289
51 44 107.361
51 45 270.063
51 90 128.215
51 124 110.53
51 127 86.1524
51 148 167.141
52 30 344.2
52 38 523.495
52 41 216.619
52 54 371.376
52 60 249.762
52 65 291.515
52 78 224.083
52 96 510.923
52 117 238.958
52 134 228.522
53 64 319.289
53 68 205.613
53 114 191.016
53 147 217.648
54 30 592.12
54 38 164.895
54 54 94.7422
54 65 149.08
54 78 74.56
54 87 80.4773
54 96 81.6456
54 99 76.8636
55 9 431.416
55 22 82.2782
55 27 151.072
56 7 1175.04
56 17 1126.11
56 33 732.081
56 51 237.999
56 52 500.421
56 53 318.083
56 83 387.766
57 7 332.09
57 17 284.108
57 33 523.878
57 52 223.369
57 53 515.416
57 97 356.388
57 142 280.27
58 34 103.845
58 55 103.208
58 62 104.204
58 71 115.41
58 74 98.2149
58 76 297.32
58 102 139.496
58 107 139.655
58 118 104.083
59 24 280.128
59 41 210.037
59 49 280.12
59 101 329.278
59 137 462.562
60 12 103.435
60 35 57.4218
60 64 56.0272
60 68 79.4167
60 106 49.1761
60 114 104.989
60 147 107.688
61 28 125.987
61 34 381.967
61 55 376.195
61 62 187.052
61 76 94.7302
61 82 105.288
61 91 108.208
61 102 80.3936
61 107 570.673
61 126 110.227
61 133 100.577
62 119 54.3865
62 124 57.1543
62 127 71.847
62 139 59.2506
62 148 57.1814
63 44 64.267
63 45 127.052
63 90 127.424
63 98 55.0891
63 124 189.109
63 127 97.2175
63 148 252.353
64 9 40.4278
64 18 15.351
64 22 25.3474
64 27 23.369
64 125 17.7834
65 13 28.6637
65 45 40.5304
65 127 27.7508
65 148 29.7741
65 149 23.1984
66 12 11.5413
66 15 9.51344
66 32 21.0296
66 35 11.8852
66 122 16.6916
67 2 1180.32
67 14 312.931
67 15 262.687
67 25 525.777
67 40 321.006
67 48 260.819
67 58 222.951
67 77 225.511
67 84 273.285
67 94 330.84
67 131 288.214
67 139 301.398
67 143 1268.49
68 72 504.946
68 77 91.3541
68 81 90.5031
68 84 124.319
68 85 129.16
68 103 85.2706
69 12 92.9066
69 37 260.009
69 64 158.372
69 106 118.302
69 108 128.654
69 114 161.672
69 147 85.4262
70 41 115.305
70 54 192.357
70 65 128.705
70 78 439.003
70 99 242.778
71 37 817.784
71 64 224.928
71 106 242.543
71 108 344.056
72 11 101.66
72 42 39.785
72 47 123.006
72 69 46.8001
72 79 40.6208
72 104 62.5078
72 115 40.0834
72 123 58.9788
73 13 223.235
73 127 101.932
73 144 135.096
73 149 838.299
74 12 129.331
74 32 191.144
74 35 133.553
74 122 168.554
75 20 153.964
75 23 529.326
75 67 161.08
75 100 130.344
75 109 204.27
75 112 174.303
75 130 221.806
75 135 156.52
76 3 263.595
76 10 171.739
76 50 272.939
76 89 172.042
76 106 157.406
76 108 172.261
77 21 19.7817
77 65 18.9049
77 78 16.4304
77 99 22.1895
77 121 22.823
77 138 56.9325
78 3 155.797
78 20 731.804
78 23 196.303
78 67 502.181
78 100 242.459
78 109 224.373
78 112 310.842
78 120 159.909
79 28 218.882
79 34 673.883
79 55 659.11
79 62 649.228
79 76 259.827
79 82 187.051
79 91 199.359
79 102 227.483
79 107 572.55
79 111 212.827
79 126 250.269
79 133 281.433
80 2 194.767
80 14 346.746
80 25 186.4
80 119 183.931
80 139 338.898
80 143 192.429
81 37 348.602
81 50 239.736
81 106 268.089
81 108 420.672
82 6 180.486
82 20 325.871
82 23 377.782
82 67 437.693
82 70 203.288
82 100 153.979
82 109 2027.77
82 112 942.527
82 130 256.804
82 135 164.161
83 9 287.817
83 22 178.383
83 27 733.736
83 31 241.928
84 16 652.234
84 19 483.217
84 56 381.411
84 57 224.647
84 59 263.334
84 63 275.691
84 66 328.03
84 79 245.6
84 88 478.568
84 129 216.365
84 142 252.649
85 23 139.965
85 38 125.222
85 60 147.039
85 87 169.663
85 103 132.332
85 130 195.103
85 134 138.135
85 135 316.49
86 28 452.894
86 34 279.48
86 55 281.849
86 62 215.143
86 82 272.129
86 91 776.498
86 104 283.326
86 107 220.478
86 115 211.784
86 123 204.64
86 126 355.929
87 3 203.338
87 20 883.529
87 23 249.503
87 67 656.452
87 100 291.566
87 109 293.59
87 112 411.443
87 120 216.084
88 3 1213.66
88 50 375.852
88 89 244.377
88 120 109.182
89 72 471.418
89 85 236.857
89 92 280.359
89 103 221.106
89 116 217.388
90 44 20.2401
90 45 26.6677
90 90 28.1005
90 113 10.3927
90 124 21.1935
90 127 12.4359
90 148 23.3747
91 5 147.819
91 22 115.892
91 27 88.874
91 31 208.912
91 73 77.5882
91 125 73.0269
92 9 752.375
92 22 368.681
92 27 403.869
92 125 238.727
93 0 8.16236
93 12 4.36688
93 32 4.28347
93 35 20.0224
93 68 4.44928
93 110 6.49665
93 122 5.20401
93 146 7.00571
93 147 4.29727
94 8 592.261
94 77 881.457
94 84 257.545
94 119 228.057
94 141 281.341
94 145 213.337
95 44 150.638
95 45 209.859
95 90 318.202
95 98 177.83
95 124 724.238
95 127 208.069
95 132 135.006
95 148 319.66
96 3 82.7214
96 20 45.7231
96 50 53.5517
96 67 42.1654
96 89 70.9957
96 100 35.6465
96 112 35.8398
96 120 64.9772
97 10 861.391
97 15 168.211
97 39 671.902
97 40 169.766
98 2 25.6548
98 14 232.962
98 15 25.0108
98 25 31.2495
98 32 14.72
98 139 23.0812
98 143 23.7436
99 21 775.992
99 30 207.552
99 65 235.765
99 99 171.127
99 121 609.661
99 138 414.091
100 15 297.279
100 32 548.339
100 35 200.38
100 122 338.361
101 10 23.1321
101 15 8.38116
101 25 6.48617
101 39 57.3542
101 40 8.97275
101 94 6.02655
101 131 6.82548
102 46 44.4857
102 74 88.2212
102 82 17.4256
102 93 45.8673
102 118 18.3631
103 12 39.3349
103 37 148.577
103 64 43.324
103 106 70.1956
103 108 115.971
103 114 47.2813
104 6 279.807
104 70 678.432
104 87 151.266
104 109 158.735
104 112 143.219
104 130 150.731
105 12 334.768
105 35 237.462
105 64 275.706
105 68 517.07
105 114 468.837
105 147 820.958
106 13 97.0292
106 45 70.1105
107 4 443.538
107 24 254.789
107 49 159.533
107 57 157.216
107 66 183.23
107 92 174.818
107 116 194.724
107 117 180.237
107 137 172.486
108 28 226.663
108 34 492.287
108 55 485.816
108 62 532.125
108 76 418.518
108 102 331.573
108 107 578.392
108 111 260.16
108 126 243.978
108 133 294.327
109 34 192.29
109 55 191.187
109 62 256.226
109 76 363.229
109 98 219.045
109 102 891.765
109 111 445.454
109 113 230.8
109 132 231.658
109 133 243.795
109 145 243.117
110 37 16.0053
110 64 53.9433
110 68 12.272
110 114 18.2883
110 147 14.4969
111 30 430.934
111 38 240.063
111 54 135.925
111 65 191.359
111 78 100.828
111 87 100.044
111 96 118.588
111 99 101.504
112 21 207.978
112 30 372.181
112 38 236.461
112 54 411.35
112 65 2581.79
112 78 377.496
112 99 420.801
112 121 203.002
112 138 253.137
113 21 27.7353
113 30 23.1355
113 38 12.444
113 65 19.756
113 99 12.5181
113 121 22.4976
113 138 18.9027
114 1 194.949
114 29 257.672
114 36 198.356
114 53 190.167
114 61 226.999
114 86 242.702
114 128 240.909
114 140 201.465
115 60 206.432
115 72 198.964
115 85 213.864
115 92 225.682
115 103 437.727
115 116 235.205
115 134 213.129
116 13 1066.18
116 127 219.402
116 144 348.34
116 149 710.87
117 20 181.596
117 23 524.544
117 67 195.054
117 87 187.922
117 109 282.959
117 112 223.455
117 130 516.77
117 135 312.166
118 16 21.2341
118 19 22.5887
118 24 22.228
118 42 25.5719
118 57 31.8054
118 63 25.0715
118 66 89.9672
118 79 27.323
118 101 21.0606
119 13 111.61
119 44 104.971
119 45 498.504
119 90 123.521
119 124 124.069
119 127 178.379
119 148 250.507
119 149 105.767
120 5 251.118
120 18 327.942
120 22 263.184
120 26 202.516
120 125 685.219
121 16 121.03
121 19 94.0517
121 33 93.0637
121 53 105.72
121 56 144.555
121 88 141.204
121 97 238.014
121 136 92.0989
121 142 211.3
122 4 79.2944
122 60 200.753
122 92 93.4989
122 96 84.0799
122 116 137.602
122 117 78.0741
122 134 289.796
123 42 32.3742
123 57 32.1417
123 69 39.9687
123 72 34.7074
123 92 48.132
123 116 35.2724
124 4 249.939
124 57 227.143
124 92 968.78
124 116 677.353
124 134 218.798
125 34 174.4
125 55 173.312
125 62 277.22
125 76 189.907
125 98 142.649
125 102 267.333
125 107 147.427
125 111 542.185
125 126 145.838
125 132 165.909
125 133 297.343
125 141 170.204
125 145 237.805
126 7 428.543
126 17 839.864
126 33 591.193
126 51 183.312
126 52 313.089
126 53 267.175
126 83 257.375
127 21 65.2923
127 30 65.9773
127 70 89.388
127 87 89.2397
128 14 36.3358
128 32 36.676
128 122 34.5673
128 149 30.9381
129 48 57.3119
129 58 72.0897
129 72 77.7754
129 81 89.4655
129 85 109.876
129 103 739.884
130 1 154.736
130 29 237.381
130 33 98.2325
130 53 144.829
130 61 115.158
130 75 79.5702
130 86 170.228
130 95 94.3801
130 128 102.619
130 136 77.9654
130 140 122.019
131 0 112.896
131 32 59.515
131 35 79.7942
131 110 197.951
131 122 80.4739
131 144 77.3222
131 146 223.015
131 149 54.8244
132 29 247.98
132 36 772.993
132 61 326.805
132 86 266.131
132 105 247.329
132 128 435.388
132 140 252.324
133 44 336.729
133 90 357.954
133 98 219.591
133 102 175.559
133 113 371.887
133 124 256.288
133 132 167.885
133 148 154.209
134 16 111.159
134 19 129.372
134 42 159.139
134 57 204.896
134 63 94.7724
134 66 208.956
134 79 182.433
135 44 210.717
135 45 581.478
135 90 219.247
135 124 204.34
135 127 226.561
135 148 328.06
136 37 468.859
136 106 298.219
136 108 614.814
136 114 177.13
137 32 155.576
137 110 107.654
137 122 171.64
137 146 112.473
137 149 140.32
138 30 223.309
138 38 186.334
138 70 156.471
138 87 461.905
138 130 190.684
138 135 216.1
139 46 101.013
139 74 99.4714
139 93 210.147
139 118 68.6397
140 28 39.0859
140 34 44.6709
140 55 45.2881
140 62 31.0296
140 82 24.2782
140 91 46.9875
140 104 19.649
140 107 27.802
140 126 58.9591
140 133 24.5011
141 14 42.4455
141 32 38.7424
141 122 37.8125
141 127 45.3564
141 149 47.0839
142 12 347.451
142 32 237.723
142 39 211.227
142 106 303.683
142 108 216.101
142 122 208.806
143 20 51.0873
143 23 64.2886
143 48 39.4768
143 58 42.5507
143 67 47.8279
143 81 38.8525
143 100 78.1526
143 103 40.6266
143 109 43.4793
143 112 44.1564
143 130 38.2151
144 56 263.574
144 59 483.614
144 63 695.063
144 66 252.274
144 88 253.694
144 101 388.612
144 129 2528.31
145 10 74.2624
145 39 54.7089
146 2 158.495
146 14 922.746
146 15 124.603
146 25 188.191
146 139 126.856
146 143 143.953
147 16 236.162
147 19 148.761
147 56 869.981
147 59 182.071
147 63 109.82
147 88 972.258
147 97 147.68
147 129 111.387
147 142 172.053
148 30 91.9469
148 38 728.687
148 54 51.9473
148 60 73.7104
148 65 54.0147
148 87 67.7453
148 96 89.7247
148 134 64.2791
148 135 57.2292
149 11 159.641
149 16 161.421
149 19 195.065
149 42 363.229
149 57 557.933
149 66 261.338
149 79 403.521
