200 200 1461
0 3 11.8361
0 170 51.3905
0 181 17.3886
0 194 16.6984
0 195 24.4531
1 0 278.127
1 23 212.76
1 32 298.193
1 77 275.805
1 102 149.404
1 143 174.998
1 154 166.396
1 178 203.082
1 188 1192.6
2 0 1962.94
2 23 302.43
2 32 199.212
2 74 157.505
2 77 172.34
2 89 135.956
2 102 134.393
2 143 163.147
2 154 380.162
2 178 268.725
2 188 254.259
2 191 168.607
3 22 223.052
3 51 273.763
3 59 199.489
3 70 861.132
3 94 167.315
3 112 153.648
3 179 227.212
3 183 225.547
3 192 198.782
3 198 275.565
4 39 236.224
4 55 287.419
4 153 305.993
4 162 527.198
5 21 51.2854
5 22 55.25
5 59 48.904
5 71 45.7089
5 112 146.817
5 119 63.4794
5 141 63.3715
5 160 57.5446
5 172 54.1177
6 23 105.663
6 32 68.6889
6 89 1497.54
6 102 97.1811
6 127 121.38
6 138 84.1671
6 154 84.87
6 178 112.956
7 8 212.064
7 16 113.774
7 27 83.2418
7 94 106.021
7 119 61.3561
7 120 151.715
7 126 68.1098
7 144 199.236
7 185 64.4087
8 12 67.9169
8 29 69.6267
8 38 74.5443
8 75 54.8445
8 88 64.8001
8 95 47.706
8 111 188.874
8 124 46.8015
8 138 49.2613
8 139 55.7315
8 151 219.979
8 182 124.836
9 14 289.24
9 50 440.655
9 134 449.466
9 176 901.95
10 22 29.645
10 59 29.2805
10 85 26.4293
10 93 26.4337
10 112 39.9012
10 141 25.2471
10 160 36.1694
11 37 768.079
11 68 82.8581
11 71 166.356
11 85 107.893
11 93 51.1055
11 98 132.95
11 141 77.8704
11 152 65.4655
11 160 86.139
11 171 234.683
12 14 89.892
12 44 85.7043
12 50 99.6619
12 65 100.693
12 66 371.483
12 108 141.469
12 135 102.441
12 161 88.3717
12 176 104.302
13 15 485.001
13 99 270.643
13 131 436.222
14 14 269.484
14 43 160.727
14 44 151.526
14 50 129.127
14 65 363.757
14 66 87.8474
14 135 69.8758
14 161 481.632
14 176 69.0206
15 2 315.73
15 34 257.236
15 146 280.021
15 149 371.472
15 170 552.795
15 181 365.681
15 194 2244.27
15 195 251.457
16 3 37.6067
16 55 166.027
16 96 41.8511
16 153 55.8898
16 162 57.2672
17 9 270.685
17 19 235.443
17 29 302.102
17 38 318.328
17 75 246.113
17 95 512.976
17 111 243.48
17 127 322.016
17 138 384.617
17 151 243.408
17 193 268.308
18 30 139.297
18 35 1261.67
18 53 528.115
18 60 117.432
18 78 99.9218
18 139 86.2107
18 158 95.7566
18 169 362.263
18 189 140.219
19 4 45.7165
19 7 58.2027
19 28 89.0595
19 31 40.613
19 40 61.8328
19 42 78.9398
19 90 49.089
19 113 63.8794
20 1 278.343
20 92 297.388
20 110 212.851
20 128 678.788
20 147 529.717
20 157 428.865
20 168 331.992
20 173 254.82
20 180 231.578
21 25 308.762
21 107 202.643
21 116 374.506
21 130 154.54
21 177 249.061
22 17 668.578
22 61 323.213
22 109 132.749
22 117 132.883
22 123 249.702
22 155 140.642
22 187 157.974
23 0 111.694
23 74 168.362
23 77 249.092
23 143 374.518
23 156 560.082
23 188 130.313
24 14 282.637
24 43 146.646
24 44 103.336
24 50 421.558
24 65 134.89
24 161 156.343
24 176 164.505
25 22 342.642
25 59 252.656
25 70 185.306
25 112 990.987
25 119 170.35
25 183 198.359
25 192 184.125
26 22 233.771
26 51 1150.08
26 59 233.14
26 70 344.325
26 179 572.508
26 183 282.149
26 184 331.374
26 192 262.308
26 198 1268.5
27 22 64.2377
27 59 58.8098
27 112 123.203
27 119 43.2016
27 141 44.9465
27 160 51.3985
27 183 46.5536
27 192 45.9983
28 33 231.305
28 64 206.365
29 30 26.5419
29 31 19.6455
29 35 84.6262
29 53 45.5304
29 60 28.1369
29 78 20.4976
29 158 34.0928
29 168 19.7144
29 169 45.1521
29 173 20.4015
29 180 21.2484
29 189 26.3727
30 25 1806.3
30 107 615.679
30 116 1761.55
30 130 378.193
30 177 195.765
31 12 200.651
31 30 249.768
31 35 369.536
31 53 613.609
31 60 287.184
31 78 203.497
31 88 221.867
31 139 262.626
31 169 695.538
31 189 256.364
32 3 176.346
32 55 135.061
32 181 127.201
32 195 233.441
33 13 151.884
33 24 158.539
33 52 130.132
33 62 135.293
33 63 231.351
33 80 456.259
33 83 130.507
33 115 183.628
33 164 190.102
33 174 190.116
33 190 168.141
34 3 109.583
34 34 104.3
34 54 127.129
34 56 101.417
34 104 101.307
34 105 100.576
34 146 166.988
34 149 198.615
34 170 169.217
34 181 233.6
34 194 224.657
34 195 109.193
35 9 4.76521
35 19 4.19146
35 29 4.82194
35 38 5.0094
35 95 9.48898
35 103 3.90741
35 127 4.26954
35 138 4.73149
35 193 4.67804
36 4 232.89
36 10 1464.21
36 28 164.928
36 36 188.726
36 40 322.006
36 90 695.152
36 101 168.955
36 137 166.569
36 142 731.993
36 186 278.368
37 87 60.0632
37 92 117.44
37 128 248.551
37 147 148.296
37 157 69.1907
37 158 105.054
37 168 272.368
37 173 147.445
37 180 122.134
38 47 67.7783
38 110 57.0116
38 123 59.2991
38 125 73.3378
38 136 105.435
38 157 79.1374
38 187 70.1495
39 32 236.698
39 102 188.902
39 148 296.174
40 35 274.147
40 53 323.579
40 60 633.999
40 158 178.86
40 169 446.046
41 27 47.964
41 64 69.6475
41 82 49.1863
41 118 61.1387
41 120 59.4877
41 126 50.1428
41 185 83.7195
42 17 172.091
42 61 126.832
42 123 231.345
42 125 114.62
42 187 167.399
42 196 119.823
43 77 534.91
43 143 291.654
43 156 383.772
43 188 256.473
44 5 356.095
44 46 230.69
44 110 2879.97
44 114 294.402
44 125 295.429
44 136 518.583
44 157 235.561
44 177 220.505
45 14 49.8404
45 50 72.7025
45 65 42.3945
45 66 58.4075
45 108 60.079
45 134 62.7949
45 161 41.0431
45 176 155.067
46 18 188.871
46 20 736.632
46 39 212.018
46 96 243.551
46 122 250.076
46 150 1351.39
46 153 156.025
47 25 61.089
47 46 50.1795
47 99 91.0117
47 107 44.0686
47 114 55.7452
47 116 56.321
47 130 52.8862
47 197 62.7628
48 10 284.549
48 36 2010.84
48 40 293.101
48 49 242.168
48 86 529.686
48 90 245.572
48 101 2232.35
48 137 1740.98
48 142 248.997
48 159 234.069
49 6 408.47
49 48 325.58
49 61 282.652
49 72 470.557
49 100 701.749
49 108 238.255
49 117 812.309
49 134 268.125
49 155 521.673
50 26 400.609
50 84 122.561
50 97 151.94
51 32 81.5395
51 148 94.6226
52 1 3073.23
52 5 317.718
52 46 269.176
52 85 280.843
52 92 359.842
52 93 454.13
52 128 292.482
52 147 424.678
52 168 280.394
53 17 401.742
53 61 725.266
53 108 633.124
53 117 405.384
53 155 722.273
54 7 247.558
54 31 201.123
54 52 657.194
54 62 369.008
54 63 255.793
54 67 203.311
54 79 216.792
54 83 215.971
54 164 459.783
54 165 467.806
55 23 194.241
55 24 208.634
55 32 226.987
55 80 192.663
55 81 174.431
55 89 212.92
55 102 594.008
55 148 190.904
55 174 221.32
55 178 206.62
56 41 24.0419
56 81 24.0672
56 97 26.8755
56 148 22.4731
56 199 35.0481
57 20 379.827
57 39 507.142
57 96 379.939
57 122 918.667
57 145 483.435
57 150 446.791
57 153 281.038
58 0 1065.33
58 23 211.632
58 32 173.406
58 74 172.092
58 77 213.29
58 143 196.56
58 154 243.131
58 178 194.071
58 188 309.611
58 191 164.277
59 14 146.303
59 43 158.12
59 44 64.6501
59 50 85.5047
59 65 80.3711
59 161 109.736
60 18 441.106
60 20 65.9394
60 150 61.3572
60 166 54.8991
61 21 66.5102
61 37 136.194
61 68 83.6215
61 71 181.465
61 85 120.846
61 93 65.0345
61 98 99.6771
61 112 59.3821
61 119 58.5619
61 141 184.678
61 152 90.3503
61 160 198.483
61 171 106.33
61 172 74.0648
62 11 690.405
62 26 250.997
62 45 248.781
62 57 333.474
62 67 365.062
62 97 259.42
62 106 248.494
62 199 290.612
63 25 608.388
63 99 212.249
63 107 277.232
63 114 234.152
63 116 560.615
63 130 272.92
63 177 229.374
64 4 333.919
64 7 863.421
64 28 523.867
64 31 331.629
64 52 369.732
64 62 300.745
64 91 288.702
64 113 404.49
64 164 267.431
64 165 308.542
65 12 42.4448
65 22 60.6596
65 59 75.1839
65 60 44.3645
65 88 42.4763
65 112 44.0457
65 183 63.2548
65 192 71.4756
66 14 76.67
66 43 74.9559
66 44 193.4
66 50 60.6175
66 65 172.048
66 66 97.653
66 135 118.794
66 161 112.504
67 14 485.487
67 43 232.849
67 44 198.829
67 50 2515.86
67 65 273.178
67 66 228.908
67 134 182.927
67 161 289.889
67 176 443.305
68 14 440.799
68 43 1040.54
68 44 731.82
68 50 269.765
68 65 689.884
68 66 221.126
68 135 230.324
68 161 937.976
69 15 300.385
69 99 480.928
69 131 214.678
69 197 265.973
70 5 100.233
70 110 261.121
70 114 77.9772
70 125 96.0591
70 136 212.053
70 157 109.297
71 69 32.7232
71 76 30.1479
71 129 15.5639
71 135 10.236
71 167 24.3736
72 20 90.3104
72 39 77.2114
72 96 69.9669
72 122 113.864
72 145 57.9423
72 150 114.71
72 153 47.3834
73 14 35.9952
73 43 32.0757
73 44 67.3059
73 50 28.4892
73 65 85.1018
73 66 45.5467
73 135 41.4178
73 161 51.5833
74 4 150.959
74 7 138.886
74 10 129.646
74 28 238.959
74 40 287.291
74 42 188.145
74 87 113.377
74 90 193.745
74 113 142.722
74 142 117.904
74 186 112.841
75 47 382.317
75 49 281.655
75 87 270.308
75 110 275.13
75 128 400.301
75 136 327.598
75 147 291.507
75 157 5617.91
75 173 275.825
76 10 332.655
76 36 825.76
76 40 291.511
76 86 493.129
76 90 267.604
76 101 904.518
76 137 814.825
76 142 297.057
76 159 336.881
77 20 317.601
77 39 267.934
77 55 266.943
77 96 435.015
77 122 230.973
77 150 303.669
77 153 359.417
78 4 245.771
78 11 238.489
78 67 528.669
78 91 807.429
78 106 229.88
78 163 294.125
78 165 336.876
79 35 218.502
79 53 226.729
79 60 751.339
79 92 291.837
79 93 224.519
79 158 214.734
79 168 233.143
79 169 275.79
80 0 396.168
80 23 164.135
80 32 144.905
80 74 265.4
80 77 289.697
80 143 337.705
80 154 199.444
80 156 156.686
80 178 154.166
80 188 275.656
80 191 208.405
81 1 135.881
81 5 135.255
81 37 167.796
81 46 190.038
81 71 130.148
81 85 162.941
81 98 137.953
81 99 142.86
81 171 164.755
81 197 258.911
82 1 1160.22
82 5 297.471
82 46 278.908
82 85 355.191
82 92 291.601
82 93 570.039
82 147 309.997
82 160 265.948
83 42 261.047
83 47 501.599
83 49 712.999
83 87 1424.17
83 128 254.204
83 157 280.052
83 173 345.098
83 180 350.843
84 2 123.628
84 11 114.532
84 26 158.668
84 34 110.879
84 84 142.633
84 106 102.72
84 133 134.34
85 51 410.522
85 70 495.054
85 94 346.829
85 198 402.792
86 9 201.78
86 19 138.772
86 95 144.797
86 191 130.252
86 193 323.333
87 132 316.771
88 6 31.3459
88 72 45.6967
88 100 83.9203
88 117 37.4824
88 155 24.788
88 166 28.4436
89 69 1845.68
89 76 600.132
89 109 183.443
89 129 542.071
89 135 252.248
89 167 887.733
90 26 257.333
90 97 1690.14
90 199 246.718
91 39 282.665
91 55 185.035
91 96 221.46
91 122 209.419
91 145 188.601
91 153 349.977
91 162 234.164
92 1 162.915
92 5 230.904
92 46 123.082
92 110 161.261
92 114 102.17
92 136 91.2261
92 147 95.0182
92 157 89.9439
93 45 268.36
93 52 562.249
93 57 258.663
93 62 406.625
93 63 378.51
93 79 236.396
93 80 279.873
93 83 262.221
93 115 259.444
93 164 797.094
93 165 476.005
94 37 306.384
94 68 316.699
94 71 266.881
94 98 350.092
94 99 314.252
94 131 293.159
94 171 361.323
94 197 308.498
95 69 188.012
95 76 162.26
95 109 201.656
95 129 276.237
95 140 289.781
95 167 238.029
95 177 205.069
96 69 246.336
96 76 239.731
96 109 225.532
96 116 235.155
96 129 324.113
96 140 297.835
96 167 319.237
96 177 325.597
97 64 2570.22
97 82 332.213
97 118 472.967
97 185 435.287
98 6 433.848
98 48 525.279
98 72 314.883
98 100 244.124
98 117 222.85
98 121 204.139
98 134 287.317
98 155 220.841
99 39 416.354
99 96 214.656
99 122 416.489
99 145 480.861
99 150 150.46
99 153 212.532
100 69 300.978
100 76 206.358
100 109 256.409
100 129 657.123
100 140 287.094
100 167 382.02
101 5 274.228
101 25 349.841
101 46 365.703
101 99 401.682
101 114 490.11
101 116 334.241
101 130 262.559
101 177 274.329
101 197 379.558
102 9 717.562
102 19 392.112
102 29 219.704
102 38 220.953
102 95 725.214
102 103 233.487
102 193 609.014
103 1 954.34
103 5 289.211
103 46 277.104
103 85 377.059
103 92 280.851
103 93 596.711
103 147 294.096
103 160 276.448
104 148 304.278
105 22 359.915
105 59 333.485
105 112 540.116
105 160 209.522
105 183 251.082
105 192 249.309
106 3 459.677
106 54 463.094
106 56 268.777
106 58 214.798
106 146 329.805
106 149 200.945
106 181 421.964
106 195 189.866
107 4 300.855
107 10 161.092
107 28 149.744
107 56 140.269
107 90 171.797
107 91 276.03
107 104 146.164
107 105 157.556
107 142 181.12
107 163 248.879
107 186 432.65
108 11 139.845
108 34 83.0907
108 57 67.6946
108 67 172.541
108 91 110.048
108 104 85.4589
108 105 81.7393
108 106 109.2
108 163 92.4284
108 165 70.6665
109 0 308.109
109 23 811.486
109 32 282.149
109 89 412.663
109 102 280.634
109 127 206.225
109 154 509.681
109 178 825.496
109 188 198.723
110 17 207.834
110 69 174.271
110 109 11845.8
110 123 182.893
110 129 228.43
110 140 451.233
110 167 170.348
110 187 167.938
111 13 359.981
111 63 186.882
111 75 268.423
111 80 153.79
111 83 150.522
111 115 262.453
111 124 242.12
111 127 163.467
111 138 170.631
111 164 124.632
111 190 1873.99
112 13 283.129
112 75 832.819
112 111 341.115
112 115 214.197
112 124 366.72
112 127 337.866
112 138 513.976
112 139 212.255
112 151 255.073
112 182 215.92
112 190 321.102
113 6 387.674
113 48 259.062
113 72 423.698
113 73 143.844
113 100 377.367
113 117 272.534
113 121 170.688
113 134 169.04
113 155 214.403
114 14 189.495
114 43 168.103
114 44 308.389
114 50 164.974
114 65 326.62
114 66 415.303
114 69 144.432
114 135 392.076
114 161 239.155
115 2 56.4686
115 11 66.776
115 34 193.13
115 84 49.2712
115 104 84.1655
115 105 73.1585
115 106 128.049
115 133 49.6478
115 149 72.6268
115 163 51.9744
115 194 54.2678
116 15 144.575
116 99 288.977
116 131 116.978
116 197 171.73
117 20 205.567
117 39 275.217
117 96 207.351
117 122 403.868
117 145 451.993
117 150 229.725
117 175 253.836
118 26 336.121
118 97 3234.48
118 199 330.208
119 3 36.7429
119 34 37.2482
119 54 44.4804
119 56 35.7292
119 104 36.2947
119 105 36.0278
119 146 59.9153
119 149 73.9548
119 170 53.6868
119 181 74.6082
119 194 73.887
119 195 35.7276
120 5 293.806
120 46 481.321
120 99 728.892
120 114 376.901
120 197 922.429
121 132 85.9452
122 4 161.285
122 7 404.937
122 28 224.214
122 31 213.3
122 52 322.882
122 62 236.958
122 79 177.395
122 113 226.747
122 164 209.595
122 165 224.583
123 23 86.1249
123 24 104.979
123 32 84.3765
123 80 131.184
123 89 128.532
123 102 167.392
123 127 93.7225
123 174 119.852
123 178 91.201
123 190 90.9587
124 2 83.1588
124 84 72.4432
124 133 77.9402
125 60 150.064
125 85 123.673
125 92 136.748
125 93 192.474
125 160 137.507
126 25 259.112
126 107 501.818
126 116 214.601
126 130 348.358
127 14 4859.24
127 43 525.734
127 44 330.114
127 50 714.296
127 65 496.405
127 66 247.3
127 161 668.522
127 176 281.028
128 4 237.689
128 10 865.821
128 36 395.397
128 40 379.067
128 86 232.266
128 90 446.237
128 101 351.147
128 137 340.494
128 142 636.357
128 159 291.167
128 186 282.839
129 11 20.3442
129 34 12.2751
129 67 7.40047
129 104 8.96815
129 105 8.13219
129 106 15.2442
129 163 7.11319
130 36 270.989
130 86 474.288
130 101 307.814
130 137 306.698
130 166 367.132
130 196 572.817
131 36 9.23459
131 47 6.48461
131 49 6.91271
131 86 27.8742
131 101 10.8559
131 137 10.9904
131 166 6.26811
131 196 10.6522
132 132 185.303
133 11 166.406
133 67 402.222
133 91 442.764
133 106 155.153
133 163 188.954
133 165 215.018
135 9 84.6803
135 19 63.4389
135 29 56.3256
135 38 57.8111
135 95 129.823
135 127 63.2148
135 138 65.1788
135 193 95.6312
136 1 50.2773
136 5 149.03
136 46 78.7939
136 110 188.635
136 114 110.015
136 125 50.3954
136 136 66.3462
136 177 53.6154
137 17 34.7839
137 61 57.1828
137 72 38.6621
137 100 66.6747
137 117 99.9271
137 155 53.5938
137 166 46.8611
138 4 396.535
138 10 199.477
138 28 172.553
138 90 216.285
138 91 245.542
138 105 149.315
138 142 227.144
138 163 219.04
138 186 738.678
139 25 274.217
139 46 231.74
139 99 415.127
139 107 196.778
139 114 258.012
139 116 253.211
139 130 235.563
139 197 290.258
140 87 90.5289
140 92 105.957
140 128 319.847
140 147 138.255
140 157 103.842
140 158 114.018
140 168 176.803
140 173 220.975
140 180 175.307
141 13 272.073
141 24 244.896
141 45 221.645
141 52 330.437
141 62 334.241
141 63 589.492
141 79 219.937
141 80 460.184
141 83 283.274
141 115 362.153
141 164 587.588
141 165 237.173
141 174 277.56
141 190 266.473
142 24 579.39
142 41 520.004
142 45 573.761
142 57 335.22
142 80 400.488
142 81 379.19
142 164 226.801
142 165 234.994
142 174 552.163
142 199 239.842
143 17 32.1144
143 61 28.6472
143 117 17.0149
143 123 27.314
143 166 16.9622
143 187 19.2808
143 196 16.9906
144 12 22.8601
144 35 20.3376
144 53 24.9768
144 59 18.5962
144 60 27.2494
144 88 24.3308
144 139 20.6629
144 169 28.6004
144 183 17.8961
144 192 19.6503
145 18 99.862
145 72 122.122
145 100 180.392
145 117 123.669
145 166 167.631
146 0 54.4338
146 74 311.673
146 77 59.5651
146 143 130.023
146 154 41.5777
146 156 53.1347
146 188 45.2708
146 191 79.2906
147 33 279.003
147 68 318.958
147 82 263.99
147 98 260.135
147 118 235.591
147 131 355.786
147 152 260.581
147 171 224.863
148 30 83.2439
148 35 302.31
148 53 518.532
148 60 59.2712
148 78 58.3337
148 139 51.0694
148 158 46.4528
148 169 193.074
148 189 84.371
149 14 51.5092
149 43 22.7606
149 44 21.8699
149 50 55.6214
149 65 34.1443
149 66 24.1563
149 135 15.0483
149 161 33.964
149 176 24.045
150 4 616.335
150 10 406.619
150 28 289.112
150 40 324.447
150 90 800.08
150 91 177.786
150 142 407.125
150 186 502.038
151 6 390.196
151 48 328.491
151 61 309.94
151 72 432.234
151 100 614.932
151 108 264.574
151 117 903.929
151 134 287.068
151 155 630.791
152 2 91.2003
152 26 30.0047
152 34 32.1311
152 84 66.7302
152 106 27.517
152 133 70.8124
152 194 35.6338
153 1 226.297
153 5 968.156
153 46 476.365
153 110 491.625
153 114 660.515
153 136 233.475
153 177 227.591
153 197 242.725
154 11 101.102
154 26 258.202
154 97 192.551
155 109 280.01
155 125 294.723
155 129 267.795
155 140 436.158
155 177 774.027
156 14 26.795
156 50 38.7844
156 134 21.6093
156 176 36.7531
157 0 622.233
157 23 339.859
157 32 370.298
157 74 306.73
157 77 776.538
157 143 448.185
157 154 317.802
157 156 290.322
157 178 320.858
157 188 1833.01
157 191 258.356
158 20 173.923
158 39 877.604
158 96 617.463
158 122 380.133
158 145 165.071
158 150 193.276
158 153 334.606
159 9 154.638
159 19 112.817
159 95 200.722
159 127 112.938
159 138 112.908
159 193 186.99
160 21 223.043
160 33 211.587
160 64 296.393
160 68 215.019
160 82 615.711
160 118 670.973
160 126 246.826
160 152 233.656
160 172 216.456
160 185 346.981
161 17 169.551
161 61 424.689
161 100 181.084
161 108 139.579
161 117 406.669
161 155 307.338
162 10 220.131
162 56 173.438
162 58 259.993
162 90 152.964
162 142 247.82
162 159 316.018
162 186 169.761
163 61 99.187
163 66 154.079
163 108 348.417
163 109 100.4
163 155 110.549
163 176 96.4611
164 4 291.218
164 10 294.156
164 28 139.162
164 40 164.645
164 90 360.123
164 91 108.792
164 142 338.87
164 186 462.304
165 14 177.273
165 43 145.77
165 44 77.6773
165 50 133.054
165 65 95.4496
165 161 120.051
165 176 74.1458
166 14 121.657
166 43 54.3659
166 44 44.236
166 50 3705.38
166 65 60.8472
166 66 47.0181
166 161 66.5109
166 176 83.0425
167 132 113.054
168 14 437.615
168 43 284.349
168 44 176.662
168 50 419.266
168 65 222.075
168 161 267.542
168 176 217.655
169 97 353.231
169 199 319.144
170 3 225.46
170 146 218.068
170 149 237.424
170 170 1557.86
170 181 412.398
170 194 518.41
170 195 343.468
171 25 435.079
171 107 216.255
171 114 143.087
171 116 574.03
171 130 168.462
171 177 214.874
172 6 246.547
172 73 641.482
172 121 446.048
172 175 643.975
173 4 338.999
173 7 231.013
173 10 286.261
173 28 453.161
173 36 202.307
173 40 664.316
173 42 255.911
173 90 499.816
173 113 219.701
173 142 257.312
173 186 244.926
174 132 57.1305
175 15 29.5973
175 99 19.0855
175 131 44.6798
176 25 289.676
176 110 266.58
176 114 373.498
176 116 309.536
176 125 274.899
176 140 271.352
176 177 4092.35
177 17 376.043
177 69 275.475
177 109 4843.03
177 123 335.198
177 129 357.158
177 140 824.883
177 167 271.781
177 187 306.033
178 6 327.383
178 48 558.329
178 72 260.471
178 134 1695.55
178 155 267.602
178 176 347.381
179 11 997.17
179 34 384.815
179 67 428.849
179 91 296.392
179 104 341.036
179 105 314.885
179 106 521.772
179 163 308.552
180 25 465.71
180 107 55.447
180 116 177.55
180 130 45.3872
180 177 24.5952
181 12 4.43043
181 30 8.48417
181 35 7.5881
181 53 11.5121
181 60 4.40155
181 78 6.55754
181 88 4.84741
181 139 7.32786
181 169 8.34837
181 189 8.90704
182 18 368.404
182 20 462.542
182 96 187.144
182 150 362.935
182 159 181.05
183 2 22.685
183 84 21.9187
183 133 23.9487
184 25 35.5815
184 46 19.7365
184 99 24.1198
184 107 21.3108
184 114 26.8545
184 116 33.3976
184 130 22.6751
184 177 21.0224
184 197 20.5383
185 11 12.6238
185 34 11.6895
185 67 8.20376
185 91 7.62198
185 104 10.8932
185 105 9.8685
185 106 18.7631
185 149 6.44914
185 163 9.27956
186 17 367.381
186 123 966.498
186 125 433.115
186 136 294.485
186 187 908.853
187 4 241.633
187 10 1184.48
187 36 306.58
187 40 424.38
187 90 572.436
187 101 268.643
187 137 263.43
187 142 657.882
187 159 206.019
187 186 278.584
188 4 298.755
188 10 215.127
188 28 142.973
188 40 137.423
188 56 143.237
188 90 213.676
188 91 176.617
188 142 258.643
188 163 180.711
188 186 1227.51
189 25 281.149
189 107 179.627
189 114 243.612
189 116 309.323
189 177 578.73
190 4 193.919
190 7 1918.54
190 28 411.657
190 31 284.377
190 42 207.4
190 52 195.465
190 62 177.368
190 79 171.294
190 113 482.337
191 47 32.5665
191 110 27.6331
191 125 26.5257
191 136 44.1154
191 157 56.7184
192 10 148.203
192 36 245.248
192 40 277.1
192 42 178.204
192 47 170.711
192 49 267.28
192 86 178.041
192 87 260.682
192 90 168.482
192 101 220.079
192 137 228.096
193 23 212.439
193 32 163.961
193 89 710.149
193 102 284.353
193 127 277.529
193 138 199.168
193 154 159.311
193 178 228.209
193 190 159.935
194 37 134.952
194 71 142.477
194 85 191.58
194 93 171.264
194 112 163.123
194 141 158.323
194 160 319.177
195 13 263.825
195 24 203.651
195 52 191.434
195 62 206.643
195 63 390.545
195 75 173.933
195 80 491.253
195 83 210.723
195 115 323.745
195 124 187.208
195 164 277.846
195 174 239.621
195 190 297.351
196 15 123.978
196 99 217.092
196 131 110.387
196 197 145.684
197 12 456.442
197 22 241.813
197 59 297.653
197 88 454.763
197 139 259.979
197 151 224.138
197 169 220.118
197 179 234.986
197 182 262.839
197 183 312.044
197 192 363.198
198 132 50.7902
198 195 37.6869
199 1 9.64287
199 92 10.1683
199 93 6.02254
199 128 12.1597
199 147 22.2662
199 157 6.85478
199 168 9.30265
199 173 5.99743
199 180 5.58225
