300 300 2203
0 76 160.342
0 79 126.707
0 110 114.108
0 126 122.7
0 199 331.362
0 224 116.432
0 229 102.038
0 258 124.058
0 259 308.181
0 288 192.219
1 66 384.464
1 84 286.877
1 151 292.113
2 114 332.157
2 197 107.46
2 213 265.455
2 242 588.745
2 246 117.64
2 247 108.061
3 10 4679.28
3 24 332.286
3 35 392.321
3 73 1875.81
3 75 416.203
3 234 324.817
3 238 3892.03
3 241 4438.68
3 244 454.875
3 270 958.85
4 14 85.1065
4 41 60.7437
4 74 122.118
4 115 80.751
4 161 157.583
4 179 66.2058
4 183 56.7631
4 212 64.7784
4 261 111.508
4 268 55.2768
4 275 55.9608
4 278 62.7902
4 293 314.442
5 41 1042.34
5 115 199.493
5 161 194.861
5 179 228.827
5 183 1061.22
5 185 545.374
5 278 291.867
5 293 180.061
5 294 280.337
6 6 1807.37
6 15 443.447
6 64 360.092
6 81 339.992
6 90 509.617
6 149 336.31
6 245 342.389
6 267 347.175
6 290 430.346
7 120 50.8065
7 151 70.563
7 162 101.366
7 200 208.426
7 205 66.526
7 207 47.3825
7 240 108.689
7 254 69.2847
8 1 238.356
8 5 723.869
8 208 339.358
8 211 380.251
8 269 408.92
9 95 802.957
9 97 401.808
9 105 424.536
9 113 1225.72
9 177 989.511
9 227 551.426
9 267 328.061
9 277 392.033
10 74 197.964
10 170 212.017
10 212 205.758
10 226 183.539
10 230 203.933
10 257 528.42
10 268 679.898
10 275 431.626
11 58 41.4515
11 157 91.7354
11 186 20.9885
12 41 522.012
12 115 276.288
12 161 342.668
12 179 275.396
12 183 659.684
12 185 310.821
12 261 329.553
12 278 305.98
12 293 452.68
13 8 431.72
13 51 270.026
13 53 256.791
13 77 333.192
13 106 282.632
13 189 884.34
13 265 235.94
14 172 249.119
14 186 276.476
14 232 226.073
15 42 263.735
15 95 925.747
15 97 339.903
15 105 421.165
15 113 3947.45
15 177 479.956
15 227 334.033
15 267 244.184
16 12 337.707
16 26 573.435
16 29 308.554
16 54 449.162
16 85 386.17
16 128 530.228
16 237 306.557
16 291 327.809
17 35 176.71
17 73 204.13
17 92 245.599
17 193 180.733
17 234 584.994
17 238 163.863
17 241 173.052
17 244 260.839
17 255 478.219
18 7 205.769
18 28 554.332
18 104 513.523
18 137 169.623
18 143 156.891
18 190 330.804
18 195 158.348
18 219 196.359
18 271 142.961
18 297 231.889
19 108 767.62
19 131 366.027
19 170 466.887
19 226 1962.03
19 230 1286.41
19 245 173.838
19 257 216.547
20 0 326.503
20 9 372.042
20 32 306.04
20 87 181.266
20 99 224.676
20 171 224.393
20 214 774.962
20 252 209.39
20 286 365.777
21 57 469.691
21 160 292.827
21 198 1243.38
21 262 3530.47
21 295 667.374
22 17 321.176
22 69 332.188
22 88 469.826
22 177 432.649
22 206 1344.83
22 217 636.326
22 218 522.65
22 227 508.245
22 272 517.662
22 276 743.132
22 277 1342.8
23 18 238.599
23 61 388.525
23 72 326.939
23 117 389.866
23 202 370.039
23 204 889.023
23 225 277.303
23 263 926.558
24 63 7.81513
24 108 5.27269
24 122 9.19931
24 131 5.39932
24 136 20.5818
24 153 7.05312
24 220 6.39727
25 21 110.703
25 37 46.5369
25 96 43.0421
25 100 31.5421
25 194 134.84
26 112 192.625
26 147 212.784
26 168 230.572
26 175 197.694
26 233 427.597
26 273 318.446
27 34 106.718
27 62 141.564
27 114 126.574
27 126 97.3853
27 176 93.8293
27 188 114.703
27 191 90.5389
27 213 121.614
27 229 82.8916
27 242 78.3703
28 21 58.4657
28 39 566.658
28 96 58.2998
28 124 93.6777
29 7 85.8886
29 24 226.8
29 28 90.2657
29 75 154.129
29 86 184.251
29 104 106.744
29 137 126.455
29 143 778.223
29 187 178.951
29 195 324.777
29 270 92.6642
29 271 320.304
29 274 110.882
30 21 641.182
30 39 515.712
30 96 750.396
30 118 394.843
30 182 405.661
30 194 638.843
31 16 184.995
31 26 164.666
31 38 227.803
31 47 122.177
31 80 212.649
31 85 190.129
31 128 131.426
31 129 203.953
31 144 128.489
31 154 410.136
31 239 129.342
31 280 416.994
32 0 187.336
32 68 210.822
32 87 234.854
32 99 249.329
32 171 187.326
32 196 194.911
32 221 250.634
32 252 240.676
32 287 310.465
32 289 190.547
32 291 207.896
33 12 416.985
33 29 354.14
33 67 259.425
33 83 304.808
33 103 316.637
34 5 2760.6
34 208 354.159
34 211 756.928
34 269 842.798
35 6 105.861
35 42 133.891
35 71 133.621
35 81 376.763
35 90 138.589
35 95 117.474
35 97 136.597
35 113 99.6923
35 267 268.664
36 6 174.837
36 42 106.713
36 43 216.689
36 45 102.394
36 90 180.23
36 149 193.953
36 210 177.738
36 245 103.708
36 267 105.607
36 283 126.356
37 28 343.529
37 82 332.733
37 134 803.371
37 197 412.743
37 246 334.282
37 247 411.346
37 249 5024.09
37 274 354.968
38 174 128.317
38 177 135.975
38 217 193.641
38 227 198.99
38 235 272.931
38 277 119.645
39 56 413.026
39 60 107.33
39 94 93.9119
39 109 90.9211
39 159 931.759
39 215 186.816
39 216 151.529
39 248 142.129
40 45 231.213
40 108 297.406
40 131 255.884
40 170 299.221
40 226 374.507
40 230 453.069
40 245 225.01
40 257 279.179
40 268 224.052
40 283 219.961
41 36 73.2078
41 40 57.0887
41 89 46.129
41 94 50.6503
41 109 52.1542
41 127 36.9144
41 138 56.3244
41 145 58.083
41 231 106.206
41 292 84.2841
42 26 615.153
42 38 213.643
42 47 450.81
42 80 650.74
42 85 1953.66
42 129 228.081
42 154 245.508
42 280 255.994
43 5 40.2533
43 23 48.2671
43 60 30.5065
43 211 67.8736
43 216 30.7856
43 269 48.3373
44 69 10.6051
44 174 14.6456
44 177 10.8948
44 206 10.9022
44 217 36.5479
44 227 15.4229
44 235 12.7087
44 272 10.7556
44 277 12.1235
45 3 53.3575
45 33 54.429
45 57 79.4806
46 127 186.81
46 200 76.5484
46 205 91.5388
46 207 70.9873
46 231 78.428
46 240 187.213
46 264 105.204
47 128 18.34
47 144 19.5526
47 221 20.7591
47 287 17.0855
47 291 33.9838
48 0 87.3165
48 9 78.0464
48 68 58.486
48 87 86.0508
48 99 144.429
48 171 71.3286
48 252 151.884
48 287 259.37
48 289 61.0451
49 82 520.561
49 139 514.932
49 146 608.734
49 181 675.556
49 236 333.463
49 243 432.428
49 246 361.219
49 247 363.545
50 37 8.52599
50 71 9.6689
50 88 10.6156
50 100 12.3606
50 135 14.1703
50 142 14.5293
50 148 38.954
50 178 29.2938
50 218 8.04118
50 260 8.01644
50 276 8.69211
51 93 348.688
51 126 774.345
51 191 360.95
51 199 393.745
51 229 345.025
51 259 298.421
52 58 66.7599
52 121 66.7572
52 157 67.1833
52 172 77.1629
52 186 94.0441
52 232 86.752
53 0 47.7192
53 9 47.5911
53 68 166.819
53 87 93.804
53 92 60.9483
53 99 48.878
53 171 83.6901
53 193 48.3647
53 196 99.9099
53 255 55.1759
53 289 220.696
54 114 106.089
54 188 102.403
54 193 389.617
54 213 142.201
54 234 140.452
54 242 134.073
54 255 96.5503
55 114 361.708
55 188 232.225
55 193 434.893
55 213 551.069
55 234 258.494
55 242 539.848
56 11 188.732
56 111 142.749
56 112 189.527
56 152 170.709
56 168 206.974
56 175 138.456
56 233 179.08
56 273 123.922
57 53 460.334
57 77 565.404
57 78 560.648
57 140 513.359
57 150 853.757
57 158 339.573
57 160 393.327
57 163 307.41
57 169 445.249
58 17 158.892
58 71 156.747
58 88 327.369
58 148 163.254
58 177 169.436
58 178 186.612
58 206 1434.17
58 217 195.305
58 218 310.812
58 227 175.76
58 272 236.555
58 276 741.949
58 277 475.674
59 6 206.968
59 42 73.8076
59 81 129.022
59 90 145.123
59 267 116.637
59 290 76.8407
60 21 201.76
60 27 178.612
60 39 155.607
60 100 281.004
60 124 215.172
60 133 417.89
60 135 216.245
60 142 164.299
60 194 157.595
60 209 316.998
60 256 166.524
60 260 427.356
61 6 40.6848
61 71 33.8172
61 81 52.0775
61 90 31.691
61 142 31.5465
61 256 43.1217
61 267 31.6102
61 290 42.2021
62 113 180.885
62 177 385.781
62 206 187.056
62 217 233.591
62 227 1522.93
62 235 169.831
62 277 247.068
63 94 44.2672
63 109 47.9603
63 127 253.221
63 215 39.1288
63 231 39.5268
63 240 40.0913
63 264 70.8038
64 66 348.092
64 83 262.597
65 91 184.126
65 125 246.421
65 183 180.479
65 253 216.401
65 261 168.48
65 298 319.552
66 43 396.265
66 45 541.544
66 149 819.305
66 210 190.817
66 245 250.894
66 283 1889.22
67 41 72.0923
67 183 101.221
67 185 55.7248
67 253 83.8238
67 294 60.0742
68 13 147.463
68 19 213.167
68 25 117.796
68 49 366.953
68 63 116.707
68 91 231.915
68 153 167.505
68 201 285.766
68 237 116.203
69 57 158.211
69 78 155.591
69 150 163.561
69 160 264.404
69 163 177.927
69 198 291.032
69 262 326.176
69 295 711.742
70 56 363.163
70 60 351.522
70 94 572.79
70 109 568.223
70 127 342.997
70 145 267.443
70 159 515.729
70 215 1751.09
70 216 342.956
70 248 291.052
70 264 330.077
71 41 1132.03
71 115 326.376
71 161 338.757
71 179 357.942
71 183 3190.92
71 185 653.479
71 253 327.15
71 278 431.761
71 293 341.627
71 294 495.051
72 18 99.2347
72 61 86.9822
72 111 28.6133
72 204 42.3891
72 225 141.206
72 253 53.3528
73 39 481.725
73 118 309.213
74 4 101.039
74 23 92.2582
74 40 161.494
74 60 88.1035
74 145 129.888
74 222 188.404
74 279 102.529
75 78 227.947
75 102 177.181
75 107 155.676
75 140 239.649
75 150 149.014
75 158 313.02
75 160 139.032
75 163 218.859
75 169 163.847
75 203 239.1
75 223 131.708
76 7 153.721
76 75 139.008
76 86 273.157
76 137 258.756
76 165 154.501
76 187 194.322
76 195 203.593
76 271 204.479
77 53 188.331
77 98 711.384
77 140 178.42
77 169 232.842
77 203 205.333
77 248 277.3
77 264 189.674
78 27 413.322
78 39 279.562
78 124 796.593
78 133 442.681
78 209 1519.72
78 260 328.668
79 12 112.617
79 26 193.569
79 29 105.883
79 54 175.244
79 85 129.945
79 128 137.731
79 237 120.24
79 291 93.5302
80 53 39.7099
80 77 30.7475
80 78 33.7048
80 98 26.9937
80 140 178.997
80 150 29.9352
80 158 27.2534
80 169 156.768
80 203 45.6403
81 58 85.44
81 121 50.709
81 157 65.2522
81 172 56.0663
81 186 48.8458
81 232 103.794
81 251 53.7227
82 18 134.572
82 61 270.22
82 72 115.336
82 117 136.903
82 202 138.967
82 204 613.439
82 225 164.845
82 263 263.222
83 76 635.592
83 79 804.795
83 110 499.174
83 121 578.657
83 172 461.791
83 232 418.254
83 251 1020.56
83 258 782.817
83 288 403.463
84 24 261.51
84 28 230.6
84 134 217.478
84 143 242.909
84 197 759.064
84 249 323.599
84 274 752.522
85 44 100.221
85 101 87.4572
85 141 115.65
86 120 203.409
86 162 125.912
86 200 95.849
86 205 178.576
86 214 82.4813
86 240 100.984
86 254 198.014
86 286 80.031
87 82 393.249
87 134 689.096
87 197 457.082
87 246 425.103
87 247 544.457
87 249 1183.19
87 274 345.804
88 6 200.609
88 15 187.551
88 50 109.658
88 64 156.533
88 90 102.595
88 245 112.516
88 290 191.474
89 8 279.182
89 20 333.293
89 106 279.786
89 228 294.662
89 248 257.708
89 265 492.206
90 4 193.528
90 23 167.866
90 40 107.947
90 222 1031.96
90 279 403.2
90 282 117.967
91 4 318.25
91 36 242.054
91 48 300.083
91 59 2799.91
91 65 256.051
91 89 257.667
91 138 252.624
91 167 264.75
91 184 443.585
91 250 320.111
92 35 328.667
92 68 330.727
92 92 1470.48
92 171 314.844
92 193 300.323
92 196 298.457
92 234 385.517
92 244 417.128
92 255 1497.15
92 289 384.148
93 93 242.594
93 116 189.567
93 139 163.18
93 199 128.567
93 236 245.07
93 284 142.057
93 285 142.462
94 16 73.8719
94 26 194.511
94 38 89.1336
94 54 87.6226
94 80 74.8654
94 85 123.832
94 128 167.16
94 280 86.4163
94 291 89.9637
95 39 114.136
95 66 79.2159
95 124 135.826
95 209 74.3497
96 10 513.772
96 31 302.558
96 35 950.808
96 48 296.514
96 73 536.481
96 92 287.675
96 184 289.119
96 238 610.85
96 241 491.739
96 244 823.712
96 250 385.676
96 255 306.55
96 270 336.103
96 296 324.565
97 34 295.456
97 62 406.723
97 114 236.906
97 126 462.123
97 176 331.06
97 188 277.534
97 191 432.178
97 213 227.639
97 229 375.628
98 7 700.96
98 28 475.026
98 86 299.019
98 104 4498.47
98 137 518.264
98 143 324.274
98 190 383.586
98 195 388.479
98 219 336.547
98 271 338.421
98 297 371.731
99 235 646.824
100 16 334.884
100 26 278.042
100 38 511.074
100 80 196.422
100 85 251.861
100 128 379.399
100 144 269.985
100 154 258.09
100 280 472.464
100 291 223.835
101 1 122.539
101 30 185.652
101 55 123.376
101 123 235.386
101 156 151.169
101 166 190.917
101 228 152.506
102 16 108.556
102 38 67.1627
102 144 49.3936
102 154 45.1665
102 176 36.0828
102 221 29.0593
102 280 57.8728
103 12 325.184
103 26 357.498
103 29 282.675
103 38 243.209
103 54 352.573
103 85 266.304
103 128 601.967
103 291 358.607
104 217 53.3396
104 227 58.4615
104 235 348.302
105 21 202.707
105 39 794.301
105 96 241.401
105 118 223.342
105 124 216.771
105 182 192.589
105 194 192.447
106 119 119.279
106 192 163.612
106 266 127.113
106 282 280.763
107 36 404.845
107 40 724.043
107 60 424.583
107 94 787.007
107 109 786.708
107 127 354.202
107 138 342.91
107 145 898.123
107 215 359.148
107 231 612.864
107 292 441.317
108 78 302.976
108 150 374.194
108 160 493.809
108 198 314.964
108 262 358.509
108 295 831.754
109 62 329.657
109 126 3806.67
109 176 347.937
109 191 924.103
109 199 640.091
109 224 336.763
109 229 896.02
109 259 518.986
110 63 145.503
110 122 152.39
111 186 191.002
112 6 375.698
112 15 332.861
112 43 606.915
112 45 395.907
112 90 299.679
112 149 1437.09
112 210 333.658
112 245 468.989
112 283 588.344
113 31 93.7113
113 36 110.378
113 48 87.2331
113 65 126.928
113 89 139.82
113 120 204.043
113 138 125.262
113 205 124.696
113 214 106.536
113 286 155.285
113 292 109.211
113 296 87.7007
114 56 135.475
114 98 288.569
114 169 128.521
114 248 266.007
114 264 121.818
115 23 494.757
115 211 287.794
115 269 283.23
116 76 374.924
116 79 432.365
116 110 706.558
116 129 329.816
116 164 749.135
116 224 766.736
116 232 295.019
116 239 635.433
116 251 394.075
116 259 309.549
116 288 455.47
117 56 771.481
117 60 234.782
117 94 221.845
117 109 215.323
117 159 2259.84
117 215 501.15
117 216 310.479
117 248 323.536
118 56 168.546
118 159 104.715
118 215 55.4302
118 216 58.9412
118 248 70.3161
119 53 696.449
119 77 403.181
119 78 265.508
119 98 277.418
119 140 599.903
119 150 264.624
119 169 1432.24
119 203 330.062
120 95 2.93786
120 113 3.50822
120 177 7.06958
120 206 3.48058
120 217 3.82299
120 227 44.8397
120 235 3.06914
120 277 4.33951
121 14 155.095
121 74 133.265
121 108 223.013
121 131 141.027
121 170 380.637
121 226 254.588
121 230 216.067
121 257 136.623
121 268 107.338
122 76 180.415
122 79 210.734
122 110 345.39
122 129 163.9
122 164 338.605
122 224 334.627
122 232 150.666
122 239 308.836
122 251 197.271
122 259 145.206
122 288 213.357
123 7 30.3178
123 24 69.8146
123 28 36.5289
123 75 42.4159
123 86 48.5536
123 104 40.7617
123 137 40.9439
123 143 183.413
123 187 46.1794
123 195 78.5663
123 271 71.9737
123 274 42.7413
124 52 350.022
124 70 375.785
124 112 280.921
124 147 950.496
124 168 318.227
124 173 687.116
124 175 435.893
124 233 467.409
124 273 729.833
125 39 378.056
125 124 874.829
125 209 390.562
126 3 115.576
126 17 259.732
126 37 137.794
126 69 121.234
126 88 120.725
126 148 108.285
126 178 144.852
126 206 136.833
126 218 599.647
126 272 240.727
126 276 222.879
126 277 107.665
127 76 75.4752
127 79 96.0526
127 110 259.982
127 121 34.5566
127 164 63.5291
127 199 34.7163
127 224 77.3392
127 232 44.764
127 239 52.9981
127 251 76.2359
127 258 42.7252
127 259 45.7647
127 288 90.0355
128 0 309.969
128 9 334.399
128 31 322.037
128 32 337.425
128 65 332.343
128 120 459.595
128 214 912.762
128 286 10175
129 10 392.564
129 35 420.421
129 73 560.702
129 92 227.616
129 234 262.543
129 238 452.221
129 241 423.394
129 244 760.581
129 255 275.951
129 270 262.787
130 23 291.181
130 40 384.405
130 60 443.13
130 145 384.104
130 211 251.158
130 216 321.387
130 222 317.847
131 39 463.938
131 66 321.59
131 124 452.543
132 13 127.418
132 19 127.944
132 25 113.496
132 49 146.199
132 54 118.675
132 91 102.958
132 180 106.972
132 201 157.183
132 237 295.012
132 281 125.671
133 235 75.971
134 1 314.043
134 30 97.4799
134 55 343.474
134 123 124.477
134 156 93.7007
134 166 95.3543
134 208 189.673
135 72 246.188
135 157 260.305
135 186 1226.31
135 202 310.797
136 16 319.726
136 26 398.785
136 38 367.123
136 47 379.556
136 80 912.386
136 85 523.926
136 129 639.22
136 154 684.307
136 239 346.703
136 280 524.863
137 3 1730.5
137 17 235.641
137 33 277.175
137 37 151.739
137 69 153.961
137 132 128.536
137 218 129.565
137 272 141.21
138 56 37.1671
138 98 24.0637
138 159 25.167
138 248 78.9
138 265 21.3864
139 3 326.566
139 37 302.069
139 57 300.019
139 132 2203.69
140 114 283.086
140 188 252.008
140 193 785.784
140 213 382.301
140 234 365.398
140 242 374.189
141 43 54.3872
141 45 119.878
141 149 71.4884
141 226 53.367
141 230 57.3582
141 245 73.1159
141 283 109.062
142 98 150.507
142 107 186.22
142 127 223.982
142 151 148.014
142 200 168.798
142 207 275.245
142 240 247.509
142 264 315.031
143 31 164.468
143 35 184.716
143 68 148.891
143 92 2763.27
143 171 168.077
143 234 152.059
143 244 215.401
143 255 392.522
143 289 184.455
143 296 169.564
144 134 206.255
144 197 333.399
144 246 147.545
144 247 172.216
144 249 362.252
144 274 232.064
145 8 821.784
145 20 568.821
145 51 372.934
145 53 265.028
145 106 719.003
145 189 363.916
145 265 2475.23
146 16 124.298
146 34 76.1696
146 38 88.2949
146 62 67.9546
146 144 104.083
146 154 61.7951
146 176 106.733
146 188 59.3404
146 221 80.7113
146 280 72.8208
147 68 355.597
147 87 214.481
147 171 166.552
147 196 443.73
147 221 312.308
147 289 223.186
148 8 378.608
148 20 145.395
148 51 205.378
148 53 92.3488
148 77 97.1016
148 106 291.969
148 189 324.009
148 265 174.645
149 20 307.475
149 106 219.198
149 156 409.943
149 166 370.192
149 228 1129.79
149 265 272.238
150 76 216.675
150 79 163.642
150 110 130.242
150 199 162.343
150 251 126.962
150 258 228.489
150 259 168.296
150 284 115.53
150 285 115.693
150 288 192.336
151 7 204.273
151 86 251.456
151 104 151.985
151 137 503.699
151 143 136.305
151 187 164.911
151 195 226.479
151 271 210.208
152 61 23.9224
152 157 18.7529
152 202 22.9812
152 204 25.4701
152 225 18.9289
152 263 28.3421
153 40 371.108
153 56 258.016
153 60 1011.31
153 94 710.504
153 109 604.957
153 145 478.741
153 159 367.687
153 215 550.415
153 216 529.449
154 34 1193.56
154 62 1325.43
154 114 193.684
154 176 405.189
154 188 1140.96
154 191 208.188
154 193 206.131
154 213 221.149
154 229 192.524
155 53 127.901
155 98 330.377
155 107 131.4
155 140 187.837
155 169 233.013
155 203 313.966
155 207 121.873
155 264 122.226
156 58 425.791
156 79 331.835
156 110 364.093
156 121 380.514
156 157 316.672
156 172 417.756
156 232 1201.41
156 251 445.167
157 95 158.94
157 105 292.568
157 113 201.084
157 177 162.877
157 227 171.344
157 235 199.994
158 14 138.44
158 74 197.611
158 108 89.0499
158 170 192.223
158 226 113.206
158 230 115.315
158 257 179.553
158 261 86.3366
158 268 133.82
158 275 94.4689
158 293 80.6435
159 18 90.1817
159 61 90.0005
159 111 27.3826
159 204 42.5632
159 225 132.494
159 253 49.9708
160 15 225.957
160 108 903.597
160 131 2640.2
160 170 291.685
160 220 213.045
160 226 453.767
160 230 382.278
160 245 259.478
161 82 323.78
161 134 361.018
161 197 253.455
161 246 397.451
161 247 554.933
161 249 404.371
162 98 367.077
162 102 296.138
162 107 631.173
162 140 393.896
162 169 359.141
162 203 1222.13
162 207 461.492
163 5 656.82
163 60 226.634
163 211 1260.54
163 216 274.068
163 269 581.05
164 8 100.648
164 53 104.478
164 77 159.377
164 189 137.783
165 10 1297.36
165 35 384.372
165 73 697.429
165 75 414.177
165 165 390.088
165 187 319.582
165 238 1400.08
165 241 900.943
165 244 386.612
165 250 394.955
165 270 699.741
166 82 130.443
166 139 187.581
166 146 266.391
166 181 170.88
166 236 154.057
166 243 137.021
166 299 150.946
167 46 165.499
167 82 165.394
167 134 1209.76
167 181 135.477
167 246 147.05
167 247 184.14
167 249 488.475
168 39 267.684
168 66 166.525
168 124 335.17
168 209 173.677
169 13 305.808
169 19 457.519
169 25 248.003
169 49 228.264
169 63 585.609
169 136 399.1
169 153 6493.27
169 201 383.666
170 68 309.533
170 92 425.439
170 193 413.175
170 196 310.352
170 234 424.171
170 244 264.391
170 255 655.179
170 289 305.915
171 102 273.931
171 118 188.636
171 151 203.155
171 223 242.737
172 82 95.0132
172 93 186.65
172 114 79.4962
172 139 112.646
172 236 71.079
172 246 124.164
172 247 92.5925
173 7 87.418
173 24 44.6548
173 75 45.3502
173 86 95.3224
173 104 72.9655
173 137 720.482
173 143 60.1878
173 187 61.4366
173 195 112.224
173 271 93.7582
174 23 782.619
174 222 441.418
174 279 653.028
174 282 268.788
175 34 230.279
175 68 287.841
175 87 215.205
175 144 271.868
175 188 218.52
175 196 341.633
175 221 1018.21
175 289 213.736
176 128 143.056
176 144 166.796
176 221 203.461
176 287 163.465
176 291 243.275
177 121 97.2488
177 172 115.518
177 186 93.4782
177 232 103.231
178 36 253.694
178 89 252.156
178 120 795.515
178 138 256.32
178 205 1211.01
178 231 268.339
178 240 289.71
178 254 258.473
178 286 231.755
178 292 276.384
179 61 346.466
179 72 364.652
179 157 318.985
179 186 344.386
179 202 674.341
179 204 450.821
179 263 846.809
180 59 196.485
180 119 288.777
180 165 233.602
180 167 660.381
180 184 426.422
180 192 285.622
180 250 417.442
181 6 81.1275
181 15 35.4058
181 64 36.505
181 81 55.2783
181 90 49.6754
181 256 34.8984
181 267 42.7482
181 290 49.3196
182 22 362.125
182 141 315.56
182 190 306.033
182 219 509.098
182 297 444.515
183 8 461.698
183 53 872.478
183 77 1127.26
183 106 271.387
183 140 269.023
183 169 324.391
183 189 381.599
183 265 288.83
184 42 602.339
184 81 258.094
184 90 277.841
184 95 913.702
184 97 1198.61
184 105 299.101
184 113 474.553
184 177 263.372
184 267 439.146
185 116 105.952
185 139 106.707
185 146 119.375
185 236 143.928
185 299 500.913
186 12 311.845
186 13 305.221
186 25 314.131
186 26 320.058
186 29 332.899
186 54 768.339
186 201 281.871
186 237 1251.63
186 281 276.385
187 3 418.121
187 17 104.241
187 33 147.729
187 37 74.7852
187 69 74.9004
187 132 71.4347
188 94 315.932
188 109 337.851
188 127 1438.89
188 205 356.702
188 231 373.27
188 240 574.058
188 264 522.855
189 116 87.254
189 199 54.347
189 258 53.2712
189 284 98.1005
189 285 98.3913
190 11 12.2551
190 18 28.1696
190 61 16.8349
190 111 39.3245
190 112 18.9595
190 168 15.4553
190 175 14.2575
190 204 13.7508
190 225 22.526
190 253 14.0452
191 66 59.5291
192 2 83.2827
192 13 144.593
192 19 137.002
192 25 125.844
192 63 151.429
192 67 68.5306
192 136 72.692
192 153 108.701
192 201 96.6768
193 27 470.471
193 124 455.864
193 133 307.625
193 209 494.504
194 78 431.243
194 102 403.676
194 130 392.031
194 150 314.259
194 158 766.693
194 160 415.375
194 163 1037.22
194 223 521.043
195 76 405.368
195 79 331.112
195 110 329.73
195 126 270.397
195 164 297.18
195 191 246.796
195 199 591.342
195 224 406.486
195 229 267.255
195 239 224.179
195 251 243.046
195 258 252.578
195 259 1611.23
195 288 676.209
196 71 2554.21
196 81 615.047
196 88 626.853
196 135 349.719
196 142 462.593
196 148 468.114
196 178 381.116
196 206 374.079
196 267 328.892
196 276 342.08
196 277 363.233
197 3 114.442
197 17 184.014
197 33 138.923
197 69 936.124
197 174 167.448
197 206 108
197 217 162.832
197 218 151.176
197 272 279.295
197 276 118.955
198 102 19.4878
198 107 11.7379
198 151 13.8376
198 223 14.2852
199 102 239.757
199 118 318.34
199 130 544.456
199 158 243.757
199 163 284.234
199 182 296.316
199 198 205.851
199 223 478.965
200 21 246.06
200 27 287.945
200 39 358.817
200 124 1243.25
200 133 364.744
200 209 707.529
200 260 298.573
201 36 58.8294
201 40 85.5172
201 60 62.8591
201 94 150.542
201 109 158.511
201 127 62.8351
201 138 50.211
201 145 104.47
201 215 60.0575
201 231 101.358
201 292 65.2819
202 2 292.264
202 13 151.679
202 25 182.778
202 29 150.066
202 67 403.623
202 103 333.87
203 193 1055.31
203 196 277.076
203 213 288.629
203 234 430.243
203 242 279.102
203 255 313.883
204 10 128.555
204 35 153.62
204 48 111.405
204 73 111.147
204 167 120.221
204 184 195.052
204 238 140.756
204 241 115.711
204 244 117.292
204 250 388.335
204 296 100.718
205 31 690.719
205 36 275.43
205 48 472.753
205 65 744.215
205 89 380.446
205 120 287.91
205 138 320.685
205 214 298.316
205 286 461.698
205 296 597.031
206 1 8.0813
206 5 4.70718
206 55 5.9461
206 123 4.73052
206 156 6.44636
206 166 5.73856
206 208 24.4367
206 228 4.40017
207 1 183.479
207 5 83.5093
207 55 157.586
207 123 84.3539
207 208 184.575
208 50 263.893
208 63 334.25
208 122 936.192
208 136 431.155
208 220 472.498
209 2 115.89
209 29 94.3306
209 67 160.797
209 103 234.999
210 8 213.101
210 53 899.093
210 77 422.767
210 78 221.815
210 98 224.614
210 140 427.207
210 150 230.451
210 169 752.435
210 203 250.417
211 11 406.86
211 111 151.706
211 112 161.196
211 152 447.046
211 168 159.667
211 294 185.442
212 76 354.863
212 79 316.836
212 121 314.775
212 172 268.601
212 251 290.366
212 258 743.918
212 288 273.14
213 15 194.315
213 50 428.681
213 64 405.451
213 122 280.966
213 220 612.113
213 290 239.675
214 56 111.728
214 98 224.546
214 169 103.63
214 248 222.428
214 264 97.9174
215 50 5.52319
215 63 7.091
215 122 20.0462
215 136 9.42782
215 153 5.54183
215 220 9.5066
216 21 321.445
216 27 322.418
216 39 571.482
216 124 2223.96
216 133 390.607
216 209 653.292
216 260 333.731
217 66 362.414
217 151 329.924
218 119 195.075
218 165 64.0707
218 167 58.4691
218 192 94.3243
218 266 143.865
218 282 52.3927
219 39 219.917
219 66 266.694
220 0 84.2978
220 9 77.9968
220 68 97.7355
220 87 120.118
220 99 118.268
220 171 88.6967
220 196 84.0607
220 221 83.6961
220 252 102.89
220 287 125.703
220 289 90.0322
221 21 121.9
221 39 127.216
221 96 200.247
221 118 111.822
221 182 109.797
221 194 126.81
222 12 401.69
222 26 335.57
222 29 361.898
222 54 596.841
222 85 251.529
222 128 350.029
222 237 300.206
222 291 257.697
223 36 887.264
223 40 453.442
223 59 393.213
223 65 314.4
223 89 547.833
223 94 303.468
223 109 306.763
223 138 689.773
223 145 411.658
223 231 518.567
223 292 783.318
224 22 314.936
224 28 253.725
224 46 268.533
224 141 225.059
224 190 410.155
224 219 547.112
224 297 551.169
225 96 486.803
225 118 458.781
225 130 754.449
225 132 510.57
225 182 749.102
225 194 313.682
225 198 315.299
226 53 105.009
226 98 183.475
226 140 84.067
226 169 113.463
226 203 86.4096
226 248 131.342
227 95 271.614
227 105 623.751
227 113 339.558
227 235 260.854
228 78 237.81
228 150 328.058
228 160 332.054
228 295 331.994
229 1 74.9173
229 5 75.7968
229 156 92.6993
229 166 75.523
229 208 122.937
229 228 64.9727
230 16 707.641
230 38 649.457
230 128 424.354
230 144 3077.45
230 154 258.769
230 221 379.627
230 280 385.891
230 291 444.319
231 82 79.4164
231 93 135.575
231 139 254.438
231 236 85.5953
231 246 78.5927
231 247 64.2023
232 3 278.846
232 17 181.162
232 37 293.26
232 132 471.732
232 194 185.361
233 82 233.535
233 93 134.266
233 114 137.142
233 134 122.586
233 139 130.807
233 242 131.168
233 246 585.453
233 247 354.882
233 249 117.363
234 34 462.023
234 62 2105.95
234 126 108.457
234 176 327.557
234 188 291.86
234 191 139.383
234 213 104.602
234 229 126.844
235 31 249.582
235 36 646.815
235 48 267.374
235 65 395.282
235 89 880.908
235 120 362.766
235 138 817.036
235 205 329.512
235 231 357.899
235 286 258.487
235 292 622.029
236 23 176.494
236 40 215.371
236 60 329.799
236 145 224.398
236 211 185.153
236 216 250.728
236 222 174.384
237 119 378.646
237 165 198.168
237 192 240.322
237 266 1212.56
238 23 56.8593
238 211 34.3569
238 269 33.9423
239 69 373.663
239 174 650.287
239 217 994.049
239 227 407.871
239 235 415.07
239 272 346.237
239 277 339.774
240 56 392.649
240 60 211.607
240 159 498.926
240 215 245.759
240 216 362.15
240 248 192.452
241 139 103.123
241 146 98.5759
241 236 122.041
241 299 149.137
242 20 196.935
242 56 209.59
242 156 294.138
242 166 244.386
242 228 382.756
242 248 205.914
242 265 205.979
243 34 107.001
243 68 135.487
243 188 132.77
243 193 618.648
243 196 171.7
243 213 113.66
243 234 120.601
243 255 114.377
243 289 109.463
244 57 2548.58
244 132 327.089
244 198 430.556
244 262 481.831
245 40 1644.53
245 60 397.458
245 94 347.637
245 109 326.341
245 145 2942.3
245 215 219.91
245 216 244.724
245 222 225.429
245 231 233.175
246 174 179.93
246 177 320.131
246 206 268.096
246 217 472.047
246 227 619.657
246 235 197.942
246 272 189.767
246 276 200.037
246 277 347.588
247 31 225.255
247 35 202.135
247 87 181.948
247 92 586.231
247 171 220.383
247 244 210.231
247 255 280.123
247 286 179.476
247 289 214.495
247 296 228.792
248 105 234.217
248 235 187.345
249 42 270.883
249 95 814.372
249 97 358.662
249 105 660.597
249 113 785.28
249 177 267.32
250 17 234.511
250 37 347.255
250 88 234.1
250 100 173.64
250 135 181.707
250 142 182.722
250 148 315.534
250 178 545.408
250 206 194.73
250 218 317.703
250 272 205.255
250 276 278.485
251 13 94.6355
251 19 119.194
251 49 750.014
251 91 212.772
251 153 92.8278
251 201 153.659
251 237 95.8342
251 298 94.4687
252 58 188.869
252 80 34.3118
252 157 90.8229
253 43 293.486
253 45 615.356
253 131 258.552
253 149 427.236
253 230 256.911
253 245 440.597
253 283 684.837
254 11 68.3023
254 41 234.114
254 115 67.3938
254 161 66.0709
254 179 76.3933
254 183 313.688
254 185 186.203
254 278 94.4353
254 294 126.115
255 12 14.7473
255 26 23.1997
255 29 13.6115
255 54 20.0422
255 85 16.0316
255 128 20.5635
255 237 13.7128
255 291 13.5135
256 39 62.8114
256 66 87.7283
257 11 639.882
257 111 512.43
257 112 631.145
257 152 433.264
257 168 603.212
257 175 367.407
257 233 379.012
257 294 335.658
258 6 332.335
258 15 1178.87
258 64 382.945
258 131 372.782
258 149 391.182
258 245 1283.32
258 283 341.174
258 290 323.126
259 72 693.445
259 117 331.08
259 157 323.32
259 186 679.177
259 202 4491.22
259 204 346.51
259 263 723.59
260 2 72.2374
260 12 280.801
260 29 173.632
260 54 124.551
260 67 71.9191
260 103 74.4749
260 128 85.6267
260 291 80.8647
261 95 298.357
261 97 163.396
261 105 670.149
261 113 442.851
261 177 189.872
261 227 165.138
262 4 614.731
262 23 315.695
262 40 323.652
262 59 291.242
262 145 276.04
262 222 1172.86
262 279 552.837
262 282 266.28
263 2 439.735
263 13 291.523
263 25 333.98
263 63 305.843
263 67 507.266
263 103 438.684
264 6 425.438
264 42 812.847
264 43 305.136
264 81 313.004
264 90 1120.99
264 97 519.131
264 210 393.661
264 267 659.352
265 31 156.437
265 36 123.878
265 48 137.109
265 65 231.874
265 89 177.481
265 120 142.173
265 138 147.121
265 205 102.846
265 214 114.73
265 286 179.855
265 292 116.502
265 296 142.25
266 108 334.936
266 131 274.631
266 170 393.501
266 226 447.344
266 230 557.644
266 257 417.012
266 268 321.171
267 10 293.874
267 24 764.634
267 75 1200.21
267 86 674.358
267 137 324.454
267 143 805.316
267 165 322.073
267 187 1197.92
267 195 673.273
267 241 290.422
267 270 420.967
267 271 865.786
267 274 302.185
268 2 555.991
268 13 1075.27
268 19 752
268 25 1006.39
268 63 580.77
268 67 426.051
268 103 323.574
268 136 326.284
268 153 474.304
268 201 537.766
269 50 83.9332
269 64 79.787
269 122 566.625
269 131 62.466
269 136 82.4631
269 220 274.031
270 36 428.737
270 40 364.826
270 59 242.254
270 89 287.086
270 94 216.571
270 109 217.656
270 138 346.494
270 145 323.07
270 231 328.59
270 292 409.083
271 75 249.639
271 86 260.658
271 119 390.064
271 165 1041.69
271 187 287.79
271 192 220.363
271 266 283.289
271 271 216.134
272 3 549.282
272 17 221.477
272 33 385.927
272 132 189.584
273 46 295.778
273 82 473.511
273 134 2518.5
273 181 310.796
273 246 403.815
273 247 546.137
273 249 796.303
274 41 651.843
274 115 363.477
274 161 469.668
274 179 357.361
274 183 750.389
274 185 375.69
274 261 416.846
274 278 395.335
274 293 635.456
275 0 227.792
275 68 243.783
275 87 280.439
275 99 307.884
275 171 223.949
275 196 222.84
275 221 275.442
275 252 299.452
275 287 394.908
275 289 223.958
275 291 236.381
276 11 260.14
276 111 320.234
276 112 604.157
276 147 342.843
276 168 885.979
276 173 231.851
276 175 448.963
276 233 643.338
276 273 333.633
277 193 525.612
277 213 230.004
277 234 394.936
277 242 240.14
277 255 231.587
278 2 301.398
278 13 347.754
278 19 353.894
278 25 337.634
278 63 949.551
278 122 330.588
278 136 508.344
278 153 446.365
278 201 291.959
279 31 26.7108
279 36 32.0361
279 48 25.0492
279 65 36.2391
279 89 40.5023
279 120 56.8809
279 138 36.3329
279 205 35.5854
279 214 29.7058
279 286 42.5914
279 292 31.7069
279 296 25.0458
280 14 743.465
280 74 882.563
280 115 323.565
280 161 504.275
280 212 289.651
280 257 292.925
280 261 919.233
280 268 297.341
280 293 962.939
281 98 645.845
281 107 352.318
281 169 268.853
281 203 402.27
281 207 394.78
281 264 538.955
282 82 91.5629
282 93 109.424
282 114 49.0499
282 139 106.544
282 236 55.4806
282 246 113.436
282 247 80.8076
283 32 594.933
283 84 685.908
283 162 523.311
283 214 331.718
283 254 662.375
284 27 32.286
284 100 45.0396
284 133 73.4333
284 135 40.6514
284 142 32.7203
284 209 31.4626
284 256 57.2207
284 260 93.0878
285 5 230.507
285 56 339.143
285 60 241.423
285 159 373.189
285 211 208.696
285 215 235.119
285 216 407.497
286 82 1419.2
286 93 253.707
286 134 264.67
286 139 334.838
286 181 215.312
286 246 1213
286 247 855.878
286 249 220.495
287 12 168.915
287 29 146.414
287 83 166.549
287 103 136.976
288 1 1002.13
288 55 553.097
288 123 286.046
288 156 275.503
288 166 268.534
288 208 1039.94
289 121 171.448
289 172 214.58
289 232 142.665
290 105 190.85
290 235 147.865
291 72 5557.66
291 117 58.5755
291 186 49.826
291 202 83.295
291 204 40.9259
291 263 67.1855
292 11 294.218
292 18 292.24
292 41 399.563
292 183 539.262
292 185 349.806
292 253 473.927
292 294 469.306
293 76 751.472
293 79 442.88
293 110 350.268
293 164 171.546
293 199 195.343
293 224 222.044
293 232 135.721
293 239 138.559
293 251 245.963
293 258 247.123
293 259 274.929
293 288 1698.84
294 82 888.832
294 134 375.24
294 139 279.687
294 146 232.357
294 181 357.231
294 243 240.018
294 246 416.938
294 247 498.268
294 249 257.134
295 112 187.459
295 147 251.028
295 168 221.829
295 175 209.614
295 233 451.026
295 273 469.398
296 10 133.164
296 35 100.886
296 73 105.502
296 119 123.269
296 165 148.982
296 167 156.165
296 184 158.427
296 192 103.944
296 238 138.031
296 241 116.748
296 250 207.991
296 270 110.705
297 21 368.541
297 39 369.37
297 96 1003.46
297 118 512.478
297 130 281.813
297 182 501.964
297 194 411.382
298 0 287.382
298 9 263.266
298 87 296.228
298 99 411.035
298 171 248.394
298 252 455.388
298 287 750.613
299 102 174.153
299 107 34.8499
299 118 36.1553
299 130 33.0597
299 158 37.3987
299 163 36.2869
299 223 103.616
