50 50 328
0 0 449.019
0 20 178.753
0 22 738.992
0 42 167.312
1 4 22.1181
1 10 36.957
1 13 25.7997
1 26 31.3371
2 2 58.8967
2 4 53.4536
2 5 33.8302
2 12 39.5674
2 15 69.9131
2 16 34.9122
2 28 37.1506
2 30 63.8092
2 45 41.2449
3 10 122.416
3 11 252.128
3 13 162.554
3 46 127.079
3 49 162.704
4 10 130.917
4 11 612.171
4 13 179.301
4 39 134.758
4 46 155.468
4 49 281.141
5 1 109.915
5 3 89.942
5 5 563.665
5 12 82.9656
5 24 98.3623
5 27 90.8411
5 29 85.5878
5 35 107.534
5 44 84.2208
5 45 84.5069
6 1 92.0374
6 7 93.5904
6 8 192.075
6 12 116.376
6 16 116.037
6 23 255.68
6 25 282.885
6 27 129.075
6 28 103.57
6 31 138.4
6 34 1294.29
6 38 163.027
6 41 201.492
6 45 111.319
7 3 255.724
7 6 1025.81
7 18 611.591
7 29 269.187
7 35 225.518
8 1 271.51
8 3 133.784
8 5 394.319
8 12 200.908
8 23 144.94
8 24 183.694
8 27 233.145
8 35 151.743
8 44 143.671
8 45 204.283
9 0 33.6595
9 22 48.7348
9 42 35.7218
10 2 48.4642
10 4 56.3774
10 10 79.5944
10 13 59.297
10 15 46.5514
10 26 57.9293
10 36 44.1152
11 2 77.3623
11 4 84.3356
11 10 203.658
11 13 142.906
11 26 116.735
11 36 80.3161
12 0 16.8654
12 22 20.3185
12 42 31.801
13 9 177.935
13 19 21.0505
13 37 16.3565
13 43 18.3706
13 47 15.4455
14 14 47.7318
14 17 99.6127
14 31 23.4401
14 32 88.5014
14 43 26.5812
14 47 52.236
15 0 144.482
15 22 127.11
15 42 247.263
16 1 182.11
16 5 66.959
16 19 99.6895
16 23 68.5584
16 24 220.158
16 27 96.2577
16 38 76.792
16 40 77.4573
16 44 102.911
17 9 67.3488
17 14 77.6255
17 17 81.6357
17 31 86.0927
17 32 78.3475
17 43 89.8497
17 47 235.612
18 0 20.4675
18 14 21.098
18 17 24.5673
18 32 21.9097
18 42 24.9623
19 14 26.5386
19 17 38.3204
19 32 52.1592
19 47 24.0634
20 8 67.0246
20 14 153.07
20 17 113.677
20 32 66.2399
21 7 461.074
21 8 93.3025
21 16 97.1386
21 20 102.489
21 21 220.283
21 28 93.7784
21 36 97.1231
21 41 113.447
21 48 231.828
21 49 93.4348
22 0 107.474
22 14 102.292
22 17 117.828
22 32 105.208
22 42 136.755
23 14 112.664
23 17 144.932
23 31 86.5288
23 32 170.877
23 43 133.44
23 47 721.967
24 9 78.5828
24 19 27.6803
24 31 20.2691
24 37 19.2795
24 43 27.1931
24 47 24.8956
25 1 69.7638
25 9 87.921
25 19 278.689
25 24 81.0966
25 38 67.8225
25 40 104.152
25 44 64.5115
26 7 30.9511
26 8 73.9402
26 14 45.4834
26 17 31.6812
26 20 32.637
26 25 51.0555
26 31 33.1099
26 34 33.7985
27 2 126.185
27 5 204.301
27 12 169.571
27 15 134.932
27 27 119.404
27 28 117.682
27 30 207.431
27 45 178.368
28 9 53.6077
28 17 32.446
28 19 34.9082
28 31 39.5921
28 32 33.8714
28 43 62.4599
28 47 79.8679
29 1 97.3708
29 9 196.499
29 19 362.217
29 31 137.997
29 38 148.356
29 40 97.2657
30 24 21.8353
30 40 46.2466
30 44 29.0862
31 2 75.3411
31 4 98.7027
31 15 91.658
31 30 100.617
32 1 168.639
32 5 114.534
32 12 562.564
32 16 165.038
32 23 234.336
32 25 103.838
32 27 309.952
32 28 150.985
32 34 164.209
32 38 128.943
32 41 169.435
32 45 487.239
33 1 54.2028
33 9 116.423
33 19 239.143
33 31 69.9917
33 38 76.8064
33 40 57.7912
34 10 52.5547
34 13 45.927
34 26 88.5251
35 14 4.00983
35 17 6.4114
35 32 9.01294
35 47 3.61992
36 1 79.6872
36 9 57.2518
36 19 108.247
36 24 139.13
36 27 57.1167
36 40 136.799
36 44 103.293
37 1 11.8398
37 5 21.5114
37 12 13.9229
37 23 8.56176
37 24 8.83232
37 27 11.9905
37 30 8.95567
37 35 8.71339
37 45 14.4478
38 1 121.86
38 3 144.241
38 5 105.601
38 19 104.391
38 24 290.816
38 29 143.786
38 35 129.998
38 40 178.325
38 44 938.81
39 2 123.548
39 4 119.625
39 10 96.6347
39 13 89.2787
39 15 107.286
39 28 73.3409
39 36 135.671
40 1 122.017
40 19 116.992
40 24 287.399
40 27 80.5543
40 38 72.3619
40 40 131.007
40 44 158.124
41 1 12.4403
41 3 10.791
41 5 12.0585
41 24 25.5829
41 27 8.44703
41 29 10.404
41 35 11.1198
41 40 7.62719
41 44 18.9189
42 14 118.261
42 17 187.839
42 32 220.836
42 47 95.0831
43 3 134.956
43 5 102.035
43 6 89.7868
43 18 115.243
43 29 126.347
43 35 207.139
43 44 60.0375
44 9 207.52
44 19 74.0832
44 33 67.1666
44 37 87.0083
44 43 118.655
44 47 84.2406
45 9 219.873
45 19 255.308
45 24 143.392
45 40 332.909
45 44 132.285
46 7 141.223
46 8 454.165
46 14 133.806
46 23 125.037
46 25 291.841
46 31 138.372
46 34 180.44
46 38 115
46 41 152.567
47 10 223.953
47 11 85.0179
47 13 301.136
47 26 103.621
47 36 77.8658
47 49 79.8094
48 3 73.6888
48 5 99.9911
48 6 61.536
48 18 79.1126
48 29 71.0906
48 30 91.6169
48 35 90.8615
49 1 179.769
49 5 140.396
49 12 430.836
49 16 136.8
49 23 170.387
49 24 101.421
49 27 273.066
49 28 129.707
49 34 125.202
49 38 110.693
49 41 129.439
49 45 430.309
