300 300 2189
0 7 17.8915
0 32 18.6302
0 84 16.161
0 88 28.345
0 92 28.1908
0 93 19.15
0 142 33.7617
0 191 15.1985
0 201 15.5329
0 218 37.4689
0 256 15.2719
1 41 277.403
1 60 260.396
1 103 153.272
1 104 157.321
1 143 224.285
1 145 232.663
1 178 147.207
2 38 37.2498
2 45 43.3041
2 57 41.533
2 58 97.1087
2 75 34.4403
2 108 34.727
2 109 54.0968
2 134 51.4641
2 137 34.0423
2 153 67.0411
2 157 52.7244
2 221 62.2374
3 1 259.766
3 23 625.879
3 25 988.178
3 50 264.097
3 89 646.546
3 159 263.107
3 244 292.71
3 270 361.206
4 96 195.045
4 144 474.373
4 169 219.799
4 177 720.15
4 183 182.33
4 266 215.059
5 31 229.563
5 62 248.398
5 94 332.778
5 185 234.045
5 198 442.066
6 16 231.538
6 43 253.007
6 65 159.887
6 87 156.779
6 129 289.31
6 170 171.224
6 188 411.587
6 273 323.769
6 278 181.333
7 40 196.045
7 98 108.522
7 123 106.516
7 124 216.277
7 207 119.38
7 237 349.585
7 289 228.146
8 33 320.768
8 73 278.253
8 110 234.14
8 112 415.89
8 190 237.486
8 236 241.267
8 248 282.715
8 271 255.248
8 299 488.183
9 48 312.016
9 95 299.604
9 163 315.316
9 210 297.971
9 213 378.268
9 223 496.155
9 279 328.1
9 293 333.936
9 297 288.402
10 14 165.317
10 17 113.565
10 22 74.0036
10 122 91.3481
10 138 473.577
10 139 84.335
10 215 303.775
10 222 88.2626
10 267 77.1371
10 290 101.391
11 103 108.551
11 152 200.175
11 246 166.987
11 253 153.902
11 275 157.055
11 296 155.704
12 39 218.604
12 114 298.744
12 119 211.823
12 126 212.882
12 167 797.94
12 200 228.389
12 214 481.726
12 229 307.554
12 298 296.687
13 59 1652.46
13 96 389.644
13 186 351.313
13 208 208.787
13 251 463.024
13 266 236.473
14 9 337.499
14 27 328.268
14 100 1160.26
14 202 445.519
15 26 169.872
15 64 195.146
15 74 292.343
15 90 475.867
15 115 332.782
15 132 150.892
15 155 191.09
15 195 168.267
15 233 186.603
15 242 174.188
15 258 218.22
16 53 109.727
16 69 117.269
16 180 151.661
16 219 233.717
16 234 117.369
16 262 162.393
16 274 192.583
17 14 259.024
17 22 452.868
17 103 257.276
17 122 598.797
17 139 440.512
17 152 343.295
17 215 265.404
17 228 870.434
17 246 332.96
17 253 276.553
17 275 318.74
17 291 624.922
18 56 130.972
18 131 132.857
18 226 160.487
18 260 294.694
19 11 104.512
19 52 318.207
19 99 99.8576
19 128 385.442
19 164 97.4534
19 175 110.7
19 193 349.119
19 216 91.7446
19 278 146.478
19 280 97.3339
19 295 99.6552
20 42 278.602
20 62 215.199
20 70 238.048
20 98 215.388
20 165 347.919
21 14 880.979
21 75 351.073
21 108 209.478
21 122 214.568
21 137 374.506
21 138 316.195
21 139 337.941
21 215 286.389
21 222 206.041
21 228 223.657
21 267 629.273
22 9 214.936
22 100 220.681
22 202 1166.01
23 36 378.167
23 62 442.169
23 70 380.351
23 94 307.891
23 158 320.315
23 198 1302.57
23 217 272.835
24 53 89.4725
24 69 82.5262
24 79 56.8581
24 180 64.749
24 212 57.56
24 219 58.31
24 262 132.466
24 274 152.316
25 117 480.212
25 263 118.44
25 282 87.3008
26 19 358.786
26 22 275.955
26 191 354.261
26 224 350.489
26 233 292.728
26 242 379.363
26 290 321.329
27 48 9.44458
27 95 12.6077
27 130 11.841
27 213 18.0517
27 223 23.2719
27 279 9.41916
28 16 66.6621
28 52 45.7506
28 61 37.1964
28 128 42.3806
28 193 44.8566
28 278 42.924
28 280 62.4818
29 6 26.4042
29 30 74.8821
29 34 28.6978
29 107 32.4305
29 189 101.126
29 245 34.8525
30 23 335.881
30 25 367.408
30 89 333.834
30 270 238.32
31 173 580.265
31 194 321.831
31 236 1310.46
31 248 446.662
31 271 516.442
31 277 304.75
32 42 182.44
32 197 116.542
32 287 108.092
33 4 1465.84
33 10 444.952
33 24 762.02
33 37 627.938
33 78 431.565
33 156 884.549
33 160 336.121
33 161 937.491
33 162 663.723
33 205 419.25
33 225 1268.32
34 2 194.44
34 5 272.652
34 102 588.208
34 125 513.549
34 136 282.572
34 140 198.171
34 203 686.357
35 13 298.62
35 27 226.849
35 73 358.772
35 148 196.871
35 241 224.103
36 117 1452.29
36 211 286.564
36 263 530.553
36 282 402.746
36 283 262.3
37 29 222.656
37 35 218.027
37 48 754.069
37 51 223.151
37 168 324.539
37 293 479.444
38 13 185.614
38 27 173.117
38 46 522.721
38 73 271.082
38 100 209.384
38 190 300.039
38 299 230.463
39 30 7.57573
39 107 9.48053
39 179 5.34442
39 180 5.56985
39 184 5.144
39 189 6.67017
39 265 18.8865
40 39 325.312
40 167 369.822
40 199 337.159
40 200 1487.7
40 214 354.557
40 229 629.982
40 230 591.484
40 231 579.842
40 252 477.003
41 31 341.938
41 173 380.914
41 185 515.476
41 236 224.911
42 103 110.069
42 127 115.963
42 152 289.177
42 246 189.301
42 253 598.957
42 275 168.918
42 291 117.121
42 296 172.25
43 56 208.17
43 131 212.19
43 226 258.042
43 260 433.541
44 67 53.1815
44 110 34.824
44 118 43.5514
44 163 96.8813
44 194 43.3852
44 297 35.8458
45 42 234.336
45 80 218.34
45 151 207.243
45 154 241.624
45 165 299.443
46 33 324.493
46 67 275.901
46 110 313.398
46 112 269.136
46 194 253.439
47 31 490.402
47 173 307.378
47 185 643.426
47 236 265.558
47 241 222.083
48 151 75.7008
48 154 103.649
48 165 139.477
49 33 383.638
49 46 267.742
49 110 233.195
49 112 409.319
49 190 557.87
49 299 564.621
50 33 244.747
50 67 259.447
50 110 277.684
50 112 200.759
50 194 227.733
50 248 174.069
51 27 54.2905
51 100 194.579
51 202 92.1717
52 64 88.7185
52 127 104.398
52 152 136.045
52 155 99.9933
52 246 103.485
52 253 851.671
52 275 95.3234
52 276 100.815
52 291 99.2376
52 296 134.196
53 56 133.428
53 85 114.41
53 104 118.042
53 131 125.68
53 226 141.612
53 260 268.482
54 127 76.4018
54 155 43.3852
54 249 67.6183
54 258 54.8268
54 276 96.6046
54 296 42.0841
55 5 1219.84
55 102 273.638
55 124 278.571
55 125 262.148
55 136 1087.07
55 140 526.537
55 203 286.891
55 222 299.153
56 32 150.647
56 54 257.31
56 71 153.395
56 113 225.35
56 116 180.706
56 133 148.195
56 169 164.728
56 183 246.359
56 196 218.579
56 201 180.813
56 206 199.789
56 239 144.564
56 247 154.737
56 250 259.382
56 256 164.481
56 292 909.286
57 10 50.2809
57 20 65.3695
57 24 23.0615
57 37 33.6481
57 56 22.4239
57 78 30.6375
57 131 40.5747
57 160 86.1367
57 161 26.1781
57 162 31.722
57 205 55.9035
57 226 55.9345
58 36 253.147
58 42 208.666
58 62 1045.88
58 70 689.863
58 94 314.206
58 158 228.454
58 198 400.723
59 31 240.309
59 102 99.0493
59 125 105.274
59 185 166.776
59 203 92.7065
59 241 132.764
60 44 415.097
60 71 329.842
60 151 1258.5
60 154 2429.58
60 165 524.565
60 176 347.243
60 239 354.58
60 284 355.644
61 13 258.348
61 27 244.928
61 46 170.524
61 73 224.789
61 100 249.484
62 3 280.884
62 117 188.112
62 174 203.186
62 211 190.969
62 220 362.062
62 263 172.97
62 282 229.338
62 283 376.716
63 68 312.377
63 111 277.535
63 209 395.403
63 269 226.34
63 272 341.59
63 288 306.106
64 36 286.37
64 158 259.446
64 185 228.116
64 198 285.551
64 217 408.392
65 38 7.69186
65 45 7.73295
65 58 49.8954
65 75 10.9188
65 108 9.03007
65 109 9.23113
65 134 7.81546
65 137 10.9889
65 150 7.77729
65 153 11.3713
65 157 9.24932
65 221 8.6664
65 267 7.61695
66 42 273.344
66 62 342.601
66 70 467.271
66 94 149.103
66 98 164.162
66 165 149.217
67 33 235.721
67 46 364.412
67 73 213.047
67 112 251.752
67 190 1667.68
67 299 482.972
68 3 367.176
68 86 97.0962
68 174 128.548
68 220 128.343
69 11 413.559
69 16 286.458
69 52 822.507
69 128 680.542
69 164 305.719
69 193 443.769
69 278 312.736
69 280 809.258
70 9 171.028
70 24 128.352
70 38 1610.82
70 109 307.464
70 120 326.431
70 150 176.692
70 153 250.484
70 156 172.217
70 157 336.654
70 221 132.414
71 38 281.28
71 78 276.217
71 120 406.059
71 150 704.537
71 178 300.243
71 235 436.5
71 243 316.074
72 133 333.283
72 144 1528.04
72 169 457.37
72 177 2301.61
72 183 387.712
72 266 323.052
73 31 37.9113
73 173 45.8582
73 185 52.5654
73 236 30.7407
74 32 415.459
74 92 295.332
74 93 1024.22
74 142 554.475
74 144 288.918
74 201 384.567
74 218 362.86
74 256 644.602
75 20 23.7796
75 56 49.6612
75 104 19.1464
75 131 36.8569
75 226 30.7512
75 260 19.0972
76 33 717.563
76 67 234.096
76 110 336.597
76 112 602.487
76 190 283.997
76 194 241.106
76 248 257.329
76 271 224.774
76 299 334.733
77 80 150.169
77 151 98.2622
77 154 110.046
77 165 89.3709
77 176 84.9207
77 197 92.3632
77 261 93.7383
78 149 341.908
78 265 149.35
79 96 125.508
79 144 274.308
79 169 136.183
79 177 423.318
79 183 112.338
79 266 139.324
80 3 1390.68
80 86 266.18
80 174 289.197
80 220 557.056
80 283 255.403
81 26 298.774
81 132 895.221
81 195 683.459
81 288 411.114
82 83 56.6975
82 96 72.8874
82 144 104.054
82 169 69.4836
82 177 167.615
82 266 86.5874
83 121 635.307
83 208 395.248
83 211 322.474
83 263 323.238
83 282 296.151
84 54 118.667
84 113 46.0695
84 133 69.0972
84 144 46.1249
84 169 84.0047
84 177 47.4173
84 183 181.578
84 196 49.2796
84 201 47.3007
84 247 49.3607
84 250 51.7406
84 256 48.7835
84 292 99.8194
85 4 178.821
85 9 105.17
85 24 86.9187
85 156 110.232
85 161 93.4996
85 202 98.2754
85 225 171.5
86 0 765.893
86 12 719.077
86 47 429.194
86 82 893.526
86 86 656.897
86 172 812.907
86 181 444.089
86 187 593.011
86 268 333.642
87 36 192.848
87 158 184.325
87 173 210.147
87 185 202.455
87 198 176.734
87 217 285.86
88 33 131.115
88 67 89.0354
88 110 125.5
88 112 95.7904
88 194 84.0854
88 248 69.8695
88 271 61.7468
89 1 154.003
89 23 212.888
89 25 174.9
89 50 425.256
89 65 254.915
89 89 211.742
89 159 239.189
89 244 482.934
89 270 338.611
89 281 152.679
90 11 388.933
90 21 1833.74
90 164 686.049
90 216 649.481
90 295 372.367
91 32 1784.2
91 81 257.825
91 88 288.931
91 92 542.16
91 93 889.16
91 142 669.906
91 201 848.889
91 218 645.425
91 250 277.429
91 256 701.45
91 292 243.969
92 53 448.911
92 69 731.791
92 91 457.545
92 147 357.07
92 212 410.422
92 219 390.82
92 262 357.191
92 274 378.93
93 8 363.531
93 55 731.418
93 87 359.869
93 129 330.619
93 281 443.657
93 294 382.831
94 111 147.051
94 121 255.246
94 208 232.928
94 211 146.379
94 263 131.5
94 282 129.191
95 132 323.93
95 195 289.081
95 209 279.43
95 288 696.239
96 64 5.86247
96 127 6.4584
96 152 4.99051
96 155 7.48779
96 249 4.77633
96 253 10.426
96 276 6.70824
96 296 6.58134
97 15 454.573
97 43 1182.16
97 87 809.153
97 129 593.294
97 170 1800.25
97 188 453.173
97 273 521.605
97 287 376.957
98 77 140.914
98 199 243.314
98 230 201.066
98 231 138.941
98 252 199.308
99 59 152.556
99 96 108.689
99 186 108.545
99 208 216.428
99 211 196.764
99 251 407.973
99 282 132.827
99 283 121.17
100 16 140.027
100 52 130.053
100 61 100.713
100 128 119.566
100 193 113.874
100 278 102.823
100 280 249.511
101 59 350.151
101 96 253.13
101 144 244.746
101 177 225.751
101 186 435.21
102 13 109.646
102 27 129.009
102 100 889.789
102 202 88.3215
103 48 14.6497
103 163 15.1322
103 213 14.3737
103 223 17.6368
103 279 13.3885
103 293 17.0316
104 56 40.764
104 60 31.9879
104 85 39.8196
104 104 153.275
104 143 33.9337
104 145 86.2712
105 54 120.297
105 79 49.7209
105 113 67.3496
105 116 53.664
105 133 52.7656
105 169 53.3094
105 183 74.2689
105 196 90.85
105 206 73.6127
105 247 71.8272
105 250 61.8839
105 292 108.901
106 260 217.357
107 30 17.0827
107 107 39.8553
107 189 15.5212
107 265 13.1154
108 31 449.077
108 102 296.401
108 125 314.93
108 185 407.586
108 198 274.149
108 203 277.124
108 241 285.184
109 77 483.563
109 192 426.068
109 199 1054.56
109 200 450.884
109 230 2179.82
109 231 846.816
109 252 3540.56
110 32 529.557
110 44 334.885
110 71 288.825
110 81 818.721
110 84 378.459
110 88 501.562
110 92 794.557
110 93 319.356
110 113 255.546
110 116 280.191
110 142 351.985
110 171 353.044
110 201 459.211
110 218 510.677
110 239 257.246
110 250 374.297
110 256 313.4
111 36 450.983
111 158 419.233
111 173 333.048
111 185 378.465
111 198 417.29
111 217 690.22
112 18 181.186
112 80 387.836
112 91 171.319
112 151 182.701
112 154 178.964
112 176 280.905
112 261 222.813
113 40 320.435
113 94 135.355
113 98 142.362
113 124 136.448
113 237 526.455
113 289 385.777
114 5 147.796
114 17 675.423
114 123 143.126
114 124 189.312
114 136 143.068
114 138 147.981
114 140 166.458
114 215 141.018
114 222 405.701
114 240 216.94
115 31 573.068
115 173 303.818
115 185 911.207
115 198 297.688
116 33 297.636
116 73 340.048
116 112 347.471
116 236 515.787
116 248 353.628
116 271 343.201
116 299 354.336
117 149 232.58
117 180 196.157
117 234 305.677
117 265 204.094
118 0 767.185
118 66 401.321
118 76 750.176
118 82 356.066
118 83 575.161
118 105 532.289
118 106 647.151
118 172 634.284
118 181 471.605
118 187 578.857
119 9 415.36
119 27 288.44
119 38 262.164
119 45 267.204
119 57 392.592
119 100 280.468
119 109 359.883
119 134 582.452
119 153 306.462
119 157 340.078
119 221 682.122
120 141 76.2175
120 210 180.62
120 223 58.6063
120 232 113.585
120 277 187.734
120 279 173.298
120 297 92.2103
121 40 1250.84
121 94 308.5
121 98 422.272
121 124 353.545
121 207 339.861
121 237 8720.11
121 289 1913.31
122 15 186.301
122 16 318.4
122 43 216.453
122 61 253.585
122 87 149.791
122 129 175.617
122 170 181.491
122 188 183.345
122 273 381.485
123 6 1164.8
123 34 805.769
123 47 384.095
123 66 447.415
123 105 376.247
123 181 418.853
123 187 327.117
123 189 306.352
123 238 1089.27
123 245 772.662
123 268 634.16
124 132 137.34
124 195 119.004
124 288 266.296
125 141 487.826
125 173 407.143
125 210 359.269
125 232 2137.66
125 277 767.851
125 279 333.18
125 297 296.94
126 36 199.48
126 62 451.33
126 70 333.347
126 94 326.292
126 158 177.66
126 198 408.887
127 15 50.373
127 42 102.343
127 87 47.7722
127 287 77.9468
128 67 191.072
128 118 224.532
128 163 1161.1
128 194 169.599
128 210 164.784
128 279 162.446
128 293 157.53
128 297 225.323
129 33 819.516
129 67 563.429
129 110 1170.47
129 112 795.943
129 194 728.617
129 236 309.501
129 248 1392.24
129 271 868.793
129 299 306.12
130 5 376.675
130 102 411.223
130 125 393.191
130 136 380.143
130 140 253.061
130 203 426.427
131 41 66.0839
131 60 127.216
131 85 54.6571
131 104 77.9194
131 143 160.999
131 145 69.4952
132 31 379.986
132 36 324.864
132 94 318.686
132 185 413.162
132 198 605.669
132 217 317.33
133 77 127.986
133 149 149.448
133 180 169.079
133 219 143.072
133 234 502.521
133 265 127.717
134 49 279.922
134 101 351.652
134 126 156.267
135 8 128.867
135 18 49.2582
135 28 1159.31
135 55 50.7075
135 146 55.4411
135 197 47.6164
135 204 57.1273
135 261 45.9126
135 264 48.2237
135 285 57.7554
135 294 129.424
136 54 305.926
136 76 321.706
136 83 386.128
136 106 258.369
136 133 778.562
136 144 294.667
136 169 952.667
136 177 428.15
136 183 440.488
137 141 295.859
137 232 156.743
137 277 139.342
137 280 157.093
138 33 70.1088
138 67 162.355
138 110 108.949
138 163 84.9791
138 194 178.855
138 210 84.3226
138 248 121.988
138 271 141.148
138 277 73.5394
138 279 75.8821
138 297 129.087
139 18 620.479
139 80 2428.48
139 91 412.551
139 147 309.482
139 176 311.558
139 197 384.33
139 261 1136.12
140 76 198.55
140 83 217.471
140 96 135.041
140 106 133.003
140 133 154.743
140 144 135.551
140 169 166.192
140 177 201.702
140 266 195.767
141 56 163.148
141 72 133.423
141 104 144.915
141 145 252.025
141 178 239.635
141 235 195.772
141 243 177.652
142 118 43.1238
142 163 7.45614
142 293 5.53301
143 29 215.201
143 35 215.647
143 48 1178.02
143 51 226.346
143 95 229.757
143 130 211.961
143 168 290.474
143 293 322.33
144 23 272.786
144 25 343.46
144 89 276.752
145 14 262.451
145 17 143.344
145 22 186.291
145 122 256.331
145 138 840.586
145 139 180.865
145 215 1240.44
145 228 149.965
145 267 130.64
145 290 207.945
145 291 134.684
146 2 635.065
146 45 316.992
146 57 263.103
146 102 333.188
146 125 322.752
146 148 457.057
146 203 346.526
146 241 324.034
147 19 185.793
147 74 183.758
147 191 195.561
147 224 423.315
147 233 303.119
147 242 385.179
147 286 244.699
148 56 147.74
148 85 126.906
148 104 210.019
148 131 102.939
148 145 128.514
148 260 136.324
149 34 320.653
149 63 418.651
149 66 567.725
149 76 334.572
149 83 343.628
149 105 474.637
149 106 484.256
149 179 369.176
149 184 414.15
150 107 87.6196
150 149 127.332
150 265 115.561
151 32 147.056
151 44 393.088
151 71 314.803
151 81 432.137
151 84 132.282
151 88 129.455
151 92 149.539
151 113 200.022
151 116 262.602
151 151 126.207
151 171 182.869
151 201 151.184
151 206 132.244
151 218 124.399
151 239 253.082
151 250 239.884
151 284 135.19
151 292 132.967
152 2 158.108
152 45 420.692
152 57 129.801
152 58 74.3111
152 108 84.4431
152 134 96.1411
152 148 96.959
152 221 74.0549
153 58 210.581
153 75 57.6519
153 108 44.7867
153 109 44.5826
153 137 58.4494
153 150 38.9522
153 153 55.6571
153 157 44.7968
153 221 40.8472
153 267 39.3985
154 151 31.0216
154 154 40.0265
154 165 72.0135
155 0 114.509
155 3 179.096
155 86 192.009
155 220 202.481
155 283 116.052
156 50 388.249
156 65 340.612
156 270 281.178
157 53 3.53203
157 63 8.18098
157 79 5.83065
157 179 6.57072
157 180 3.51013
157 184 6.30861
157 247 4.27887
157 262 4.68771
157 274 4.20505
158 2 36.3912
158 5 70.0991
158 75 34.2784
158 108 61.3891
158 136 72.6926
158 137 32.336
158 140 145.114
158 222 44.7022
159 46 543.416
159 100 186.082
159 190 227.689
160 13 55.1347
160 27 47.889
160 46 64.3647
160 73 107.689
160 100 45.2187
160 190 54.6827
160 299 55.6103
161 39 208.456
161 114 417.372
161 119 205.128
161 126 194.814
161 167 290.353
161 214 497.679
161 229 217.521
161 254 228.299
161 298 357.554
162 15 526.367
162 36 332.409
162 42 504.387
162 70 335.26
162 158 354.334
162 170 328.776
162 255 573.662
162 287 598.493
163 2 132.699
163 5 100.813
163 102 505.838
163 125 468.518
163 136 103.872
163 203 521.81
163 241 139.724
164 48 332.809
164 95 1586.79
164 130 1149.08
164 213 567.403
164 223 426.209
165 29 41.697
165 35 47.3634
165 48 47.0251
165 51 57.5029
165 95 31.3289
165 168 37.7819
166 54 176.835
166 79 36.3584
166 133 45.8288
166 169 37.2913
166 183 44.2166
166 196 31.1174
166 206 26.281
166 247 58.185
166 292 31.8466
167 30 224.703
167 107 322.55
167 149 204.312
167 189 204.723
167 265 526
168 0 651.142
168 12 795.457
168 47 428.736
168 82 817.115
168 86 898.321
168 172 670.079
168 181 410.83
168 187 521.477
168 268 328.469
169 0 228.501
169 76 206.685
169 83 182.961
169 96 183.921
169 106 159.214
169 172 187.09
169 187 160.786
169 266 260.102
170 22 11.9976
170 122 11.6874
170 138 4.62154
170 139 5.57618
170 152 4.6479
170 215 4.88126
170 228 7.47589
170 246 4.40954
170 253 4.52832
170 291 21.0565
171 45 346.765
171 58 643.86
171 75 935.662
171 108 1183.12
171 137 817.535
171 140 331.661
171 267 320.072
172 1 1332.01
172 23 273.56
172 25 343.284
172 89 285.923
172 159 529.016
172 244 309.272
172 257 245.934
172 270 242.51
172 281 302.063
172 285 265.048
173 18 63.1251
173 69 53.4705
173 80 61.3182
173 91 94.0259
173 147 51.7764
173 176 59.3253
173 212 44.2172
173 261 60.2865
174 5 18.6369
174 40 27.7282
174 123 19.0184
174 124 43.4185
174 136 18.1041
174 207 19.4346
174 237 43.3685
174 289 31.3179
175 7 44.9345
175 19 20.6554
175 84 23.7542
175 88 33.9078
175 92 21.4795
175 123 17.5423
175 142 18.6519
175 191 22.35
175 218 21.9193
176 40 182.244
176 42 158.89
176 62 395.309
176 70 338.807
176 94 272.853
176 98 313.63
176 289 167.586
177 36 20.1675
177 62 25.1858
177 70 21.3088
177 94 25.2982
177 158 17.7206
177 198 57.5491
177 217 16.6187
178 91 120.676
178 135 109.483
178 147 141.144
178 219 1711.83
178 234 133.102
178 274 109.997
179 39 218.021
179 77 269.758
179 119 212.886
179 135 223.526
179 192 649.859
179 199 240.904
179 200 305.668
179 229 248.017
179 230 271.042
179 231 474.704
179 252 301.8
179 264 213.287
180 5 406.782
180 17 388.385
180 123 274.36
180 124 618.386
180 136 385.036
180 140 374.364
180 222 453.447
180 240 319.776
181 22 67.2691
181 122 60.3992
181 152 68.7075
181 228 59.818
181 246 56.7896
181 253 84.2384
181 275 52.5932
181 291 126.324
182 40 20.019
182 98 9.66205
182 124 9.72975
182 207 10.3573
182 237 38.0675
182 289 24.6834
183 39 246.309
183 77 207.009
183 119 245.199
183 135 390.636
183 146 244.135
183 166 208.644
183 192 381.624
183 200 215.714
183 204 244.354
183 229 216.062
183 231 253.401
183 264 397.311
184 32 34.8865
184 93 42.8179
184 142 27.7226
184 144 43.5454
184 169 31.3791
184 177 33.289
184 183 39.4841
184 201 40.3426
184 250 26.746
184 256 61.7099
184 292 35.9566
185 1 184.937
185 8 179.361
185 28 154.785
185 55 809.228
185 159 157.251
185 281 323.866
185 285 302.501
185 294 248.237
186 32 772.595
186 81 431.037
186 84 419.426
186 88 823.47
186 92 2306.42
186 93 601.186
186 142 1037.84
186 201 562.267
186 218 5431.34
186 250 328.192
186 256 479.386
187 35 203.152
187 48 258.471
187 51 230.095
187 95 282.538
187 130 267.983
188 10 92.4905
188 20 193.603
188 24 88.9512
188 37 87.0191
188 56 188.001
188 78 141.208
188 131 226.198
188 160 91.2779
188 162 80.9152
188 205 93.3757
188 226 115.89
189 83 2.28142
189 133 2.83335
189 144 4.61419
189 169 3.938
189 177 10.3896
189 183 3.17826
190 48 165.92
190 95 749.38
190 130 527.627
190 213 202.836
190 223 160.467
191 62 248.99
191 70 206.696
191 94 427.315
191 198 318.288
192 72 14.4884
192 103 24.6657
192 145 8.54837
192 152 9.203
192 178 17.1844
192 235 10.5714
192 243 13.9049
192 246 11.4515
192 275 12.649
193 58 1134.76
193 75 489.37
193 108 335.832
193 109 267.092
193 137 502.169
193 153 324.246
193 157 268.433
193 267 310.237
194 80 59.5954
194 151 49.4952
194 154 57.0875
194 165 55.9878
194 197 46.3499
195 65 394.742
195 99 365.105
195 175 314.657
196 9 388.053
196 38 139.361
196 57 104.781
196 100 102.218
196 109 178.026
196 134 139.119
196 153 137.56
196 157 169.059
196 221 185.584
197 20 107.802
197 24 167.511
197 37 109.409
197 38 135.348
197 78 187.346
197 120 227.811
197 150 216.47
197 156 150.733
197 157 98.9542
197 161 104.976
197 162 102.769
198 64 240.517
198 74 300.651
198 115 253.293
198 182 170.823
198 224 380.178
198 233 494.219
198 242 2894.85
198 286 200.205
199 2 538.802
199 5 388.934
199 45 372.779
199 75 283.216
199 108 570.21
199 136 406.924
199 137 266.948
199 140 472.14
199 203 271.957
200 14 373.448
200 72 320.614
200 75 307.59
200 137 331.141
200 139 425.614
200 228 292.769
200 235 259.014
200 243 275.642
200 267 1184.12
201 39 161.256
201 114 226.512
201 119 154.079
201 166 110.545
201 167 193.936
201 200 136.58
201 214 606.385
201 229 237.055
201 298 121.014
202 31 193.687
202 36 165.494
202 158 151.305
202 173 154.304
202 185 254.501
202 198 199.159
202 217 201.766
203 2 497.082
203 5 512.469
203 45 285.792
203 102 329.961
203 108 354.957
203 125 309.531
203 136 552.04
203 140 504.163
203 203 357.917
204 15 129.452
204 16 154.287
204 43 390.895
204 87 183.058
204 129 537.285
204 170 204.463
204 188 1345.09
204 273 367.793
205 14 153.811
205 17 626.886
205 138 217.2
205 140 122.801
205 215 197.125
205 222 283.374
205 240 144.016
205 290 147.739
206 22 591.624
206 122 373.949
206 138 287.238
206 215 319.279
206 290 520.916
206 291 355.287
207 20 337.685
207 56 1021.7
207 104 449.949
207 131 448.596
207 145 526.559
207 226 326.329
208 91 46.2266
208 147 49.9956
208 180 51.1073
208 219 220.995
208 234 55.4361
208 262 48.9476
208 274 55.1694
209 5 248.308
209 14 179.918
209 17 450.285
209 75 189.619
209 108 212.959
209 124 181.08
209 136 241.547
209 137 183.353
209 138 191.596
209 140 344.62
209 215 178.202
209 222 2968.3
210 26 262.159
210 64 271.244
210 74 383.217
210 90 464.662
210 115 971.177
210 132 281.53
210 182 332.227
210 195 310.571
210 224 275.951
210 233 371.635
210 242 298.633
210 258 278.415
211 59 347.773
211 96 1206.67
211 177 236.182
211 186 231.11
211 251 256.889
211 266 753.602
212 65 112.313
212 99 134.587
212 175 119.499
212 193 115.297
212 278 169.987
213 33 514.364
213 110 321.301
213 112 437.711
213 190 302.336
213 299 306.159
214 72 613.073
214 103 979.861
214 139 208.131
214 152 256.814
214 178 333.791
214 228 240.568
214 235 247.242
214 243 360.884
214 246 350.038
214 275 398.025
215 39 367.563
215 77 324.216
215 119 352.399
215 192 478.097
215 199 362.803
215 200 1159.36
215 214 297.814
215 229 594.301
215 230 556.225
215 231 1051.8
215 252 535.781
216 7 112.846
216 19 48.1085
216 84 104.415
216 88 84.2032
216 92 50.6204
216 123 71.7196
216 171 50.7706
216 191 47.7855
216 207 63.1454
216 218 47.2675
216 240 46.08
217 59 100.717
217 96 184.159
217 144 103.886
217 177 133.615
217 266 237.87
218 53 290.417
218 54 411.283
218 63 375.072
218 79 683.206
218 133 347.564
218 179 324.29
218 184 331.142
218 247 666.528
219 68 207.289
219 111 200.66
219 186 84.391
219 209 132.319
219 269 97.0653
219 272 292.442
219 288 103.611
220 13 140.409
220 27 112.839
220 73 266.046
220 241 117.283
220 299 129.54
221 36 191.791
221 61 375.016
221 141 203.362
221 158 212.888
221 217 237.41
221 255 220.997
222 93 226.59
222 142 179.98
222 144 346.914
222 177 218.931
222 256 216.363
223 14 91.8556
223 17 67.1599
223 22 98.8322
223 122 119.425
223 138 240.66
223 139 71.7549
223 215 373.478
223 228 64.248
223 290 132.298
223 291 66.5549
224 132 193.397
224 195 161.402
224 288 175.298
225 20 69.1469
225 56 102.537
225 131 113.654
225 160 46.1221
225 226 106.515
225 260 44.9466
226 73 215.922
226 112 183.512
226 236 261.74
226 248 179.947
226 271 174.888
226 299 202.981
227 118 958.973
227 163 317.783
227 293 323.274
228 23 72.3317
228 25 76.0727
228 89 71.8755
229 0 151.172
229 66 108.497
229 76 406.955
229 83 287.636
229 105 133.415
229 106 207.689
229 172 131.693
229 181 109.23
229 187 123.761
229 266 133.356
230 68 377.293
230 97 560.078
230 115 305.27
230 182 788.064
230 209 564.863
230 224 320.24
230 227 361.866
230 233 314.825
230 269 1560.23
230 272 314.765
230 286 512.084
231 141 803.963
231 232 292.326
231 277 239.079
231 280 226.533
232 68 1577.46
232 111 784.728
232 186 412.925
232 208 315.096
232 209 474.387
232 269 412.328
232 272 6344.94
233 67 68.1953
233 173 70.046
233 194 72.0526
233 210 161.544
233 232 97.6818
233 248 68.3997
233 271 77.5031
233 277 168.811
233 279 126.503
233 297 193.374
234 3 102.227
234 174 764.288
234 220 68.0102
235 68 133.129
235 111 149.808
235 209 151.343
235 272 149.34
235 288 286.982
236 65 1383.34
237 29 291.379
237 35 270.443
237 48 425.157
237 51 262.147
237 118 248.88
237 168 502.015
237 293 592.731
238 72 676.849
238 103 1092
238 139 297.46
238 152 372.664
238 178 365.906
238 228 360.497
238 235 289.086
238 243 402.387
238 246 521.352
238 275 593.902
239 4 46.537
239 9 33.4215
239 10 24.8521
239 24 49.1001
239 37 31.2497
239 38 35.7777
239 78 30.0786
239 109 26.255
239 120 32.8673
239 156 120.074
239 157 26.7981
239 161 36.9133
239 162 31.2374
239 225 42.81
240 8 81.2727
240 18 228.427
240 28 100.929
240 80 85.597
240 91 179.752
240 135 99.7841
240 147 310.556
240 204 158.305
240 261 132.21
240 264 88.2712
241 54 22.653
241 63 19.7123
241 66 21.7331
241 76 23.8258
241 79 20.3993
241 83 26.5348
241 105 21.2594
241 106 29.4285
241 133 30.4033
241 169 20.8649
241 247 21.507
242 173 103.879
242 194 64.5391
242 210 73.168
242 232 81.4316
242 236 95.2358
242 248 73.4049
242 271 85.9284
242 277 101.764
242 279 64.4122
242 297 80.1182
243 31 542.297
243 102 407.622
243 125 424.026
243 185 391.941
243 203 390.191
243 241 2768.4
244 46 140.791
244 73 24.4454
244 100 20.1067
244 190 44.6974
244 299 26.8082
245 39 94.6682
245 114 198.711
245 119 90.7207
245 166 61.5851
245 167 51.6116
245 200 47.5187
245 214 318.784
245 229 84.7151
245 298 43.4123
246 7 118.531
246 19 39.0173
246 84 18.0524
246 88 19.1953
246 123 26.6925
246 191 35.8317
246 240 22.106
247 7 411.352
247 19 423.252
247 88 349.385
247 92 325.34
247 142 409.443
247 191 535.643
247 218 378.864
247 227 413.653
248 121 192.934
248 208 43.4573
248 263 46.8756
249 29 660.744
249 35 592.216
249 48 228
249 51 537.358
249 168 612.542
250 0 40.7559
250 3 38.1912
250 12 52.9374
250 82 45.0447
250 86 416.911
250 172 39.6314
250 187 33.8316
250 220 33.8311
251 54 476.965
251 113 194.992
251 133 227.753
251 169 254.662
251 183 440.756
251 196 215.808
251 201 175.372
251 206 190.718
251 247 201.949
251 250 211.526
251 256 172.988
251 292 445.722
252 68 81.0041
252 97 125.442
252 186 93.6111
252 227 91.8206
252 269 88.2066
253 99 420.125
253 175 341.376
254 50 136.139
254 65 288.861
254 244 112.316
254 270 105.241
255 64 125.538
255 74 311.205
255 90 103.118
255 115 129.434
255 155 85.7219
255 224 73.4056
255 233 101.182
255 242 113.823
255 258 67.7276
256 36 248.969
256 62 274.193
256 70 235.492
256 94 227.816
256 158 212.214
256 198 1091.53
256 217 192.06
257 127 354.928
257 152 361.436
257 246 309.31
257 249 338.902
257 253 410.09
257 275 295.228
257 276 292.432
257 296 814.991
258 14 464.888
258 17 289.862
258 22 528.014
258 122 720.55
258 138 1005.44
258 139 386.458
258 215 1394.07
258 228 346.016
258 290 527.918
258 291 348.356
259 72 910.271
259 103 353.46
259 139 387.866
259 178 398.107
259 228 341.975
259 235 447.733
259 243 584.934
259 267 396.266
259 275 271.678
260 59 22.2104
260 96 67.4781
260 251 21.5871
260 266 78.599
261 53 330.951
261 54 151.673
261 69 261.953
261 79 199.348
261 113 192.178
261 116 166.156
261 176 175.603
261 196 417.737
261 206 336.395
261 212 542.284
261 239 158.68
261 247 226.313
262 141 364.875
262 210 331.591
262 213 261.833
262 223 319.105
262 232 298.536
262 277 310.065
262 279 369.652
262 297 227.629
263 4 462.566
263 9 283.717
263 24 228.656
263 156 291.982
263 161 244.317
263 202 261.812
263 225 442.905
264 141 615.042
264 210 266.682
264 232 986.9
264 277 473.636
264 279 258.584
265 0 642.782
265 12 371.97
265 47 258.613
265 82 420.13
265 86 513.245
265 172 538.396
265 181 295.015
265 187 387.388
266 1 119.246
266 25 128.312
266 39 133.726
266 114 187.759
266 119 138.176
266 166 187.043
266 214 128.076
266 257 178.783
267 31 525.951
267 102 143.793
267 125 150.283
267 185 284.1
267 203 137.025
267 241 360.021
268 22 375.485
268 64 242.913
268 122 246.941
268 242 281.039
268 290 269.436
268 291 311.115
269 23 393.338
269 25 310.809
269 50 1230.99
269 65 450.287
269 89 386.029
269 159 345.99
269 244 600.655
269 270 639.545
270 59 44.7582
270 111 41.7081
270 186 36.3236
270 208 131.823
270 211 62.0217
270 251 78.3187
270 282 42.9984
271 54 529.637
271 133 380.558
271 144 224.693
271 169 510.208
271 177 240.311
271 183 1795.83
271 247 212.424
271 250 201.525
271 256 207.672
271 292 347.862
272 72 288.81
272 103 514.353
272 139 177.468
272 152 261.347
272 178 175.447
272 228 232.952
272 235 143.701
272 243 189.552
272 246 387.516
272 275 443.279
273 68 259.13
273 97 308.984
273 115 403.64
273 182 2691.16
273 209 513.471
273 224 335.469
273 233 368.249
273 269 546.862
273 286 473.349
274 101 181.231
274 126 187.092
274 167 783.155
274 214 200.432
274 229 185.207
274 259 263.963
274 298 196.25
275 11 959.323
275 21 815.78
275 52 355.78
275 128 363.716
275 164 28970.5
275 216 942.657
275 280 278.77
275 295 547.78
276 97 334.031
276 115 262.085
276 182 399.014
276 224 641.745
276 227 355.17
276 233 422.329
276 242 291.031
276 269 267.733
276 286 1691.9
277 21 106.905
277 95 228.848
277 130 282.91
277 164 93.3245
277 213 147.956
277 223 102.577
278 53 418.636
278 63 174.454
278 69 217.504
278 79 483.407
278 179 163.91
278 180 158.153
278 212 203.272
278 247 273.366
278 262 361.919
278 274 300.513
279 48 208.349
279 95 268.211
279 130 237.898
279 213 239.955
279 223 236.263
280 72 216.733
280 103 520.078
280 152 368.808
280 178 198.788
280 243 185.335
280 246 510.932
280 253 186.886
280 275 585.961
281 38 354.185
281 45 498.761
281 57 550.72
281 58 552.544
281 109 556.75
281 134 822.168
281 153 601.519
281 157 527.898
281 221 1104.54
282 26 37.7307
282 74 37.6014
282 90 51.6258
282 115 76.0004
282 132 47.8989
282 182 42.6398
282 195 53.3267
282 209 38.5483
282 233 38.8737
283 13 1979.77
283 27 464.197
283 57 88.0737
283 73 126.859
283 100 105.099
283 148 114.583
284 62 58.1952
284 94 100.147
284 198 77.8561
285 76 45.8767
285 83 45.303
285 96 75.8747
285 177 45.3693
285 266 193.628
286 33 123.191
286 67 114.007
286 110 122.662
286 112 105.214
286 194 104.072
287 2 97.259
287 5 98.9757
287 102 2159.29
287 125 1916.16
287 136 101.541
287 203 977.713
287 241 104.224
288 33 375.876
288 67 305.365
288 110 352.79
288 112 310.897
288 194 282.539
289 98 272.219
289 151 246.661
289 154 294.3
289 165 2056.38
289 284 268.848
290 4 262.163
290 9 300.705
290 24 420.782
290 37 262.549
290 38 808.934
290 78 336.824
290 109 403.026
290 120 1180.18
290 150 503.928
290 153 378.681
290 156 559.667
290 157 426.98
290 161 273.952
291 64 61.86
291 74 90.069
291 90 80.3469
291 115 658.863
291 182 82.8274
291 224 73.6548
291 233 108.731
291 242 78.8118
291 286 62.5074
292 44 92.7182
292 151 300.451
292 154 732.177
292 165 139.209
292 176 96.3337
292 239 85.0796
293 7 256.578
293 40 252.688
293 84 406.76
293 88 250.903
293 123 355.59
293 124 279.412
293 171 335.127
293 207 2208.48
293 237 280.983
293 284 322.239
293 289 262.819
294 41 214.994
294 60 143.422
294 103 127.203
294 143 122.416
294 145 102.7
294 152 105.331
294 246 115.522
294 275 120.274
295 10 204.09
295 20 211.43
295 24 404.754
295 37 237.097
295 38 285.341
295 78 402.812
295 109 193.299
295 120 461.282
295 150 366.601
295 153 191.631
295 156 368.55
295 157 201.253
295 161 231.12
295 162 222.366
295 205 198.164
296 0 112.328
296 3 112.248
296 12 157.821
296 82 129.595
296 86 1470.98
296 172 110.374
296 220 96.414
297 1 306.504
297 23 3018.73
297 25 897.807
297 50 571.809
297 89 2717.97
297 159 392.791
297 244 629.566
297 270 1300.55
298 16 187.106
298 52 395.341
298 99 195.833
298 128 411.893
298 175 209.279
298 193 3991.22
298 278 438.122
298 280 171.57
299 32 37.0273
299 44 18.5319
299 71 17.3759
299 81 38.4281
299 84 18.678
299 88 24.4302
299 92 42.0661
299 93 20.3828
299 113 15.9911
299 116 17.2096
299 142 21.2086
299 171 17.9249
299 201 32.4475
299 218 29.298
299 239 15.4728
299 250 24.6995
299 256 20.5638
299 292 16.3468
