300 300 2195
0 23 119.467
0 83 120.048
0 156 291.051
0 169 143.434
0 188 249.186
0 208 769.932
0 241 151.719
0 248 177.203
0 253 168.396
0 284 138.177
1 16 321.526
1 61 338.47
1 154 536.866
1 183 346.113
1 195 820.701
1 265 241.989
1 288 240.061
2 71 187.308
2 79 154.203
2 86 173.598
2 165 160.863
2 210 165.135
2 266 397.382
2 288 145.863
3 57 299.393
3 218 234.186
3 229 133.342
4 15 593.399
4 98 237.311
4 124 195.722
4 220 269.966
4 223 180.027
4 231 284.776
5 104 1135.69
5 116 754.437
5 120 1532.09
5 165 185.911
5 204 258.968
5 215 459.377
5 269 219.712
5 299 159.75
6 17 25.7708
6 25 38.7755
6 27 25.5696
6 61 29.748
6 154 26.2091
6 162 26.4406
6 288 39.1468
7 7 1402.46
7 40 304.389
7 45 228.663
7 99 783.725
7 140 266.921
7 178 293.852
7 196 256.133
7 212 1319.5
7 213 1472.98
7 240 461.619
7 243 392.713
7 278 248.527
8 77 354.16
8 79 774.909
8 165 288.898
8 195 342.549
8 210 483.649
8 222 410.196
8 266 284.829
8 288 386.95
9 16 1576.03
9 22 237.418
9 35 279.552
9 154 235.535
9 183 953.519
9 195 278.439
9 265 241.979
9 283 284.307
10 170 477.202
10 173 341.32
10 198 310.605
11 121 187.024
11 205 304.378
11 206 151.279
11 251 256.541
11 262 164.643
12 36 37.6688
12 90 78.7114
12 103 39.1687
12 217 86.5602
12 257 46.4928
12 296 1192.27
13 44 36.7171
13 121 85.775
13 139 37.4274
13 148 41.3129
13 219 38.6238
13 230 101.253
13 262 26.9458
14 19 264.838
14 20 155.351
14 21 185.156
14 77 202.498
14 79 243.998
14 195 181.28
14 210 161.655
14 222 206.224
14 265 306.27
14 276 187.123
15 80 79.3568
15 127 103.325
15 203 71.807
15 214 76.1507
15 258 68.7564
15 277 121.339
15 297 66.9239
15 298 405.891
16 12 656.72
16 28 373.339
16 113 276.503
16 125 256.942
16 172 503.047
16 189 1057.1
16 194 389.638
16 232 389.354
16 263 778.135
16 299 344.971
17 10 187.339
17 84 200.687
17 87 154.412
17 118 651.868
17 186 163.37
17 246 493.918
18 93 3.95332
18 153 7.71951
18 192 4.47572
18 237 3.89703
18 252 3.93367
18 259 7.90482
18 260 7.32451
19 50 217.908
19 54 633.362
19 171 282.804
19 185 160.293
19 192 177.695
19 237 222.297
20 39 166.901
20 41 350.7
20 43 93.2424
20 126 122.039
20 140 114.862
20 173 96.4849
20 196 90.3281
20 202 115.019
20 236 183.809
20 242 79.9566
21 46 48.3602
21 74 43.2468
21 102 41.0829
21 114 59.9011
21 147 38.0653
21 177 48.8272
21 199 53.2889
22 42 142.883
22 76 65.4397
22 92 143.854
22 128 119.3
22 141 117.216
22 158 88.0113
22 226 138.175
22 270 76.9888
22 271 80.4748
22 280 130.98
22 295 60.5264
23 201 49.5266
23 239 36.7787
24 117 722.934
24 201 367.735
24 235 254.063
25 24 290.036
25 89 376.395
25 103 200.032
25 250 229.136
26 48 119.104
26 82 135.885
26 91 179.358
26 129 162.776
26 133 180.815
26 149 114.057
26 181 121.026
26 227 207.059
26 291 244.359
27 102 234.974
27 147 318.215
27 156 292.352
27 169 240.103
27 188 523.258
27 208 385.203
27 241 215.452
27 248 216.532
27 253 237.898
28 13 45.5535
28 67 107.592
28 82 32.988
28 91 34.1621
28 129 33.3545
28 216 56.8661
28 254 37.6347
28 273 36.4589
28 292 47.3636
29 62 254.885
29 88 1248.6
29 92 219.203
29 100 323.529
29 106 274.369
29 111 204.339
29 166 261.987
29 190 377.598
29 197 298.146
29 256 262.002
29 262 283.357
30 23 420.866
30 56 238.538
30 83 299.664
30 208 142.395
30 241 141.221
30 253 138.069
30 264 178.306
30 284 418.521
30 285 139.996
30 290 175.11
31 34 460.279
31 85 311.069
31 135 655.095
31 137 418.652
31 155 1106.77
31 178 310.983
31 180 534.969
31 182 603.895
31 282 315.383
32 6 276.291
32 98 337.934
32 108 433.117
32 119 260.471
32 122 192.32
32 124 181.192
32 209 235.974
32 223 357.133
33 18 481.457
33 32 986.413
33 48 306.578
33 151 749.962
33 175 404.88
33 254 351.987
33 292 340.258
34 32 139.094
34 58 216.204
34 187 161.977
34 221 929.922
34 239 128.899
34 244 200.153
34 247 167.436
34 273 136.828
34 293 192.164
35 29 208.167
35 45 210.719
35 75 231.613
35 78 252.838
35 80 160.141
35 107 257.513
35 137 185.63
35 278 185.629
36 30 236.834
36 37 517.936
36 58 310.35
36 187 553.745
36 293 350.365
37 17 488.088
37 25 1365.45
37 27 1246.06
37 74 324.701
37 86 296.914
37 146 441.516
37 162 673.5
37 177 358.036
37 199 373.715
38 30 459.372
38 37 346.628
38 58 938.032
38 187 811.959
38 221 343.095
38 239 442.372
38 293 1072.87
39 28 406.869
39 113 405.254
39 172 399.334
39 232 415.072
40 18 405.316
40 48 767.624
40 82 489.947
40 91 387.493
40 119 452.4
40 122 633.799
40 133 714.787
40 151 319.84
40 181 2574.94
40 220 381.833
40 254 388.84
40 291 635.568
41 20 236.803
41 77 433.204
41 79 202.276
41 165 175.751
41 168 642.185
41 204 220.241
41 210 228.875
41 222 337.478
41 268 1422.83
41 276 241.414
42 58 2390.85
42 187 698.217
42 221 453.731
42 239 388.932
42 293 1497.38
43 51 26.0052
43 70 25.1948
43 138 28.097
43 179 26.826
43 228 27.5443
43 233 33.1544
43 267 31.917
43 289 29.4886
44 39 406.894
44 41 261.664
44 43 179.434
44 94 109.268
44 126 438.198
44 173 190.033
44 202 387.002
44 236 101.514
44 242 168.434
45 15 336.594
45 93 585.099
45 153 302.549
45 175 297.412
45 207 380.639
45 231 504.409
45 252 970.824
45 260 378.841
45 287 635.639
46 10 40.3481
46 60 93.6462
46 87 39.7141
46 118 47.5746
46 156 46.2753
46 186 64.8269
46 246 38.1509
46 248 68.4223
47 42 277.108
47 59 220.815
47 128 291.238
47 158 377.705
47 271 241.446
47 274 2666.31
47 294 604.765
47 295 244.378
48 50 347.643
48 54 743.582
48 171 522.807
48 174 329.954
48 185 345.153
48 192 298.678
48 237 371.978
48 245 316.916
49 29 302.136
49 54 577.387
49 75 305.541
49 142 333.725
49 171 370.433
49 174 435.27
49 185 317.593
49 245 384.857
49 275 296.923
50 2 60.8097
50 24 63.9493
50 26 70.6852
50 38 54.3775
50 81 199.465
50 89 48.097
50 123 88.0724
50 134 52.8989
50 145 72.407
50 149 54.3491
50 193 82.0215
50 255 50.0262
50 272 82.1929
51 2 1030.02
51 26 278.952
51 38 567.965
51 81 602.07
51 134 500.575
51 145 399.462
51 169 306.057
51 188 262.142
51 193 1025.3
52 0 18.962
52 9 39.3032
52 31 19.6316
52 55 17.9859
52 224 81.1411
52 234 33.2913
52 247 23.0702
52 286 19.8963
53 50 33.709
53 54 40.8181
53 171 23.9852
53 192 22.1037
53 237 27.9442
54 1 1205.61
54 62 522.422
54 106 412.941
54 166 634.049
54 190 465.11
54 197 597.2
54 229 748.895
54 256 324.469
54 262 300.732
55 19 90.1469
55 20 124.091
55 77 580.366
55 79 176.533
55 165 87.8847
55 168 125.704
55 210 154.052
55 222 360.625
55 265 89.8098
55 268 162.841
55 276 146.006
56 109 494.804
56 167 306.823
56 218 197.227
57 20 80.5811
57 77 835.457
57 79 116.824
57 165 70.3959
57 168 108.861
57 204 67.3058
57 210 121.97
57 222 305.348
57 268 151.378
57 276 90.0761
58 15 449.791
58 93 231.751
58 175 263.403
58 220 286.036
58 231 466.992
58 252 265.173
58 287 334.582
59 14 77.1578
59 44 248.45
59 148 79.1328
59 219 82.3243
59 230 98.7831
60 5 172.243
60 6 210.639
60 33 406.138
60 52 229.699
60 63 532.977
60 96 810.273
60 98 136.97
60 108 147.72
60 124 151.769
60 142 129.983
60 209 260.037
60 223 165.4
60 245 125.043
61 88 190.541
61 121 221.814
61 205 238.405
61 251 477.797
61 262 334.904
62 7 236.661
62 65 226.015
62 140 229.753
62 196 1083.83
62 212 238.963
62 214 269.861
62 236 363.555
62 278 228.217
63 5 66.7684
63 33 267.77
63 52 133.209
63 63 214.393
63 96 106.604
63 142 71.4781
63 155 68.1876
63 209 71.5497
64 119 54.4766
64 122 52.9085
64 181 32.8617
64 227 29.0669
64 291 30.3804
65 102 413.392
65 143 457.296
65 147 315.947
65 238 10089.1
66 15 205.517
66 18 206.998
66 48 211.685
66 119 217.552
66 122 211.377
66 151 201.858
66 181 231.427
66 220 1007.11
67 60 310.748
67 114 93.554
67 156 107.969
67 184 88.5684
67 186 99.9214
67 248 130.431
68 24 294.93
68 49 243.101
68 89 822.093
68 103 192.614
68 250 382.785
69 77 305.689
69 79 339.216
69 120 190.66
69 165 720.206
69 168 210.161
69 204 248.667
69 210 779.906
69 222 361.555
69 266 221.772
69 268 234.994
69 269 209.224
70 2 358.497
70 81 324.669
70 169 1477.21
70 188 825.536
70 193 339.397
70 208 493.035
70 241 737.197
70 253 851.809
71 62 310.909
71 88 305.484
71 106 287.674
71 121 430.845
71 166 361.083
71 190 459.131
71 197 629.477
71 262 1605.73
72 60 228.219
72 102 222.516
72 114 336.302
72 147 326.934
72 156 303.394
72 188 196.917
72 208 208.86
72 248 256.439
73 109 21.93
73 167 16.8597
74 10 437.294
74 60 132.827
74 87 418.729
74 105 194.136
74 118 192.674
74 184 119.573
74 186 464.087
74 246 101.559
75 157 338.142
75 170 449.614
75 173 230.489
75 198 311.083
76 117 869.942
76 201 490.707
76 235 325.601
77 65 77.0075
77 206 76.4279
77 214 230.146
77 277 447.565
77 278 77.0248
77 298 113.325
78 0 108.036
78 32 95.9853
78 67 143.165
78 234 106.056
78 244 184.134
78 247 95.0468
78 273 386.918
78 292 239.506
79 2 351.551
79 147 366.133
79 169 459.841
79 188 879.379
79 208 465.717
79 238 322.806
79 241 367.607
79 253 408.392
80 3 94.5729
80 59 84.6164
80 211 108.555
80 235 69.6325
80 271 57.207
80 295 74.5007
81 30 14.4285
81 58 15.8961
81 187 13.6239
81 239 29.5964
81 293 15.8943
82 54 147.723
82 128 151.021
82 158 176.933
82 160 148.552
82 203 137.462
82 226 127.461
82 258 144.003
82 274 163.365
82 279 149.972
82 294 123.041
82 297 145.772
83 25 97.415
83 27 162.913
83 40 87.2379
83 71 71.5406
83 74 67.6721
83 85 64.4434
83 86 78.6508
83 146 277.717
83 162 65.6759
83 282 70.6271
84 7 213.894
84 41 184.96
84 99 204.91
84 140 695.853
84 173 189.16
84 212 215.45
84 236 253.817
84 243 331.128
85 44 836.924
85 139 116.762
85 148 150.926
85 219 158.456
85 230 191.262
86 53 279.509
86 101 409.405
86 110 569.792
86 150 648.947
86 159 541.727
86 163 322.265
86 176 391.286
86 191 686.216
86 200 1260.83
87 16 186.571
87 61 317.314
87 154 755.798
87 183 199.473
87 195 948.176
87 265 172.587
87 288 257.071
88 102 568.488
88 114 271.043
88 143 268.276
88 147 834.196
88 188 234.479
88 238 353.991
89 29 366.955
89 78 347.57
89 80 823.475
89 127 718.696
89 160 525.288
89 203 851.093
89 258 958.937
89 275 572.862
89 279 669.322
89 297 685.046
89 298 608.302
90 29 573.978
90 75 632.965
90 78 478.458
90 80 230.448
90 107 318.506
90 142 200.817
90 174 302.59
90 245 192.08
90 275 280.701
90 279 192.338
91 50 565.673
91 153 1054.32
91 171 386.273
91 192 1207.52
91 237 736.708
91 259 640.903
91 260 319.525
92 32 238.936
92 58 147.412
92 175 143.253
92 221 446.455
92 244 285.532
92 247 151.687
92 273 200.074
92 292 162.095
93 17 338.52
93 25 346.117
93 61 1485.47
93 154 1285.09
93 195 512.406
93 288 662.565
94 39 821.444
94 41 439.765
94 43 950.855
94 94 407.447
94 112 274.394
94 126 734.509
94 173 399.438
94 202 785.359
94 233 252.234
94 242 501.82
95 3 441.55
95 59 331.117
95 117 362.577
95 201 427.084
95 211 450.487
95 235 1036.5
96 170 349.545
96 243 232.864
97 12 404.635
97 116 77.7662
97 125 96.9944
97 172 85.9435
97 189 144.52
97 194 406.228
97 232 80.1902
97 263 108.697
97 299 300.287
98 48 221.373
98 119 550.481
98 122 1716.91
98 133 224.383
98 181 634.936
98 220 225.696
98 291 287.31
99 94 80.6845
99 110 133.693
99 150 82.1409
99 157 136.337
99 159 80.9449
99 173 69.4657
99 176 93.4675
99 191 73.6307
99 198 155.956
99 200 71.7304
99 242 83.4962
100 16 268.196
100 61 995.573
100 105 288.996
100 154 895.766
100 183 350.335
100 195 450.637
100 288 307.848
101 18 86.8147
101 48 100.826
101 119 141.011
101 122 134.257
101 181 137.221
101 220 405.08
102 24 252.075
102 49 352.888
102 81 167.249
102 89 540.103
102 123 239.017
102 149 163.579
102 250 166.642
102 255 262.182
102 272 198.403
103 58 957.465
103 187 530.97
103 221 598.914
103 239 650.27
103 293 803.858
104 42 350.736
104 59 320.425
104 158 282.376
104 270 506.051
104 271 570.72
104 274 342.074
104 294 307.54
104 295 1017.87
105 29 211.761
105 54 118.796
105 75 278.178
105 78 190.997
105 80 123.489
105 107 192.637
105 142 189.699
105 174 360.511
105 245 190.265
105 275 150.51
105 279 116.38
106 39 81.7191
106 41 71.0751
106 43 50.2579
106 94 39.0784
106 126 216.103
106 140 35.7798
106 173 105.256
106 198 34.7344
106 202 167.054
106 236 37.0321
106 242 70.0064
107 12 1075.25
107 28 430.17
107 113 469.139
107 125 467.796
107 172 723.319
107 189 3959.49
107 194 484.948
107 232 666.047
107 263 574.07
107 299 438.547
108 17 169.88
108 25 139.266
108 27 138.11
108 46 90.5325
108 74 114.765
108 85 74.4399
108 146 81.4807
108 162 276.737
108 177 143.735
108 199 164.847
109 4 59.1911
109 62 37.482
109 76 130.633
109 92 44.855
109 106 43.5153
109 111 83.3442
109 141 68.792
109 256 56.925
109 270 36.4661
109 280 66.4404
110 12 499.299
110 28 245.913
110 113 346.728
110 125 337.947
110 172 438.033
110 189 1006.81
110 194 255.813
110 232 476.574
110 263 283.033
110 299 236.393
111 50 342.024
111 59 503.793
111 192 321.779
111 259 376.43
111 274 475.727
111 294 1457.62
112 64 561.241
113 51 74.544
113 68 121.37
113 164 77.3875
113 205 145.245
113 206 75.1981
114 65 639.264
114 206 543.176
114 214 703.575
114 277 662.185
114 298 276.943
115 102 317.378
115 114 147.562
115 143 889.191
115 147 189.829
115 238 207.134
116 42 85.7347
116 88 97.6159
116 92 373.081
116 100 127.756
116 128 104.822
116 141 75.9473
116 158 85.3008
116 160 91.6234
116 226 210.963
116 280 79.4317
116 297 78.0477
117 4 123.233
117 11 51.7707
117 62 46.4364
117 76 217.443
117 106 52.4732
117 111 107.107
117 141 66.3143
117 256 66.2443
117 280 63.0629
118 0 1946.79
118 9 541.322
118 55 764.672
118 224 275.723
118 234 298.692
118 286 469.471
119 12 780.426
119 28 146.003
119 113 168.494
119 125 230.96
119 172 217.048
119 189 527.325
119 194 244.81
119 232 212.579
119 263 199.184
119 299 220.223
120 8 165.351
120 53 175.844
120 101 290.707
120 150 181.843
120 159 211.803
120 161 175.93
120 176 268.072
120 191 173.236
120 263 140.07
121 62 309.888
121 88 636.78
121 92 659.141
121 100 460.755
121 106 358.631
121 111 361.568
121 141 287.236
121 166 292.629
121 190 344.05
121 226 369.232
121 256 409.583
121 280 294.506
122 121 317.613
122 205 510.054
122 206 326.242
122 251 943.887
122 262 375.228
123 5 459.359
123 6 579.198
123 15 258.551
123 33 255.822
123 52 254.707
123 63 276.479
123 96 384.863
123 98 842.837
123 108 365.226
123 124 1460.29
123 185 316.11
123 209 414.82
123 223 593.996
124 1 314.813
124 57 236.033
124 229 365.148
125 15 1298.5
125 98 344.477
125 124 298.044
125 220 467.545
125 231 543.622
126 64 237.001
126 72 217.667
126 131 212.406
126 132 743.939
126 249 614.221
127 94 173.635
127 110 390.822
127 112 161.377
127 150 171.902
127 159 155.929
127 163 249.235
127 176 137.406
127 191 166.558
127 200 466.374
128 39 208.393
128 41 331.283
128 126 154.997
128 140 206.498
128 164 161.79
128 196 237.699
128 202 149.023
128 236 575.302
129 12 228.96
129 116 137.874
129 125 203.954
129 189 139.884
129 194 225.542
129 299 233.788
130 49 117.543
130 66 115.729
130 89 110.284
130 250 145.369
131 4 15.2844
131 62 18.9974
131 76 17.6055
131 88 22.7227
131 92 24.5232
131 100 16.2481
131 106 23.1656
131 111 26.3617
131 141 16.1029
131 166 17.2083
131 190 19.0444
131 197 14.7986
131 226 15.5398
131 256 29.7167
131 280 16.311
132 5 353.73
132 15 532.381
132 98 353.475
132 124 497.311
132 171 289.64
132 185 806.416
132 231 507.775
133 49 100.717
133 66 351.045
133 115 119.775
134 39 83.4111
134 41 78.0707
134 94 80.2629
134 126 145.576
134 157 99.4021
134 173 331.674
134 198 139.38
134 202 143.562
134 242 156.788
135 50 236.285
135 59 206.707
135 153 474.069
135 192 310.035
135 237 232.625
135 259 1877.8
135 260 252.164
135 294 194.865
136 50 406.649
136 54 1777.95
136 171 342.805
136 192 291.5
136 237 349.87
137 39 297.145
137 41 277.13
137 43 227.012
137 94 224.61
137 126 632.723
137 140 211.188
137 157 206.142
137 173 1671.66
137 198 273.017
137 202 592.22
137 242 461.495
138 18 335.131
138 32 224.359
138 48 200.553
138 82 157.731
138 133 138.226
138 151 436.577
138 181 137.221
138 220 165.004
138 254 205.1
138 292 136.594
139 10 91.2051
139 56 109.444
139 84 86.8002
139 118 178.293
139 186 97.5684
139 246 268.24
139 248 96.2278
140 65 188.837
140 164 117.268
140 196 124.136
140 206 103.662
140 214 162.235
140 236 89.1045
140 277 110.684
141 50 32.5036
141 54 17.2877
141 153 14.6625
141 192 23.6904
141 237 20.1169
141 259 18.0724
141 274 21.3831
141 294 33.3509
142 32 227.719
142 58 161.461
142 221 465.129
142 244 360.656
142 247 180.581
142 273 227.215
142 292 174.938
142 293 149.454
143 88 280.544
143 92 200.447
143 100 2438.46
143 127 216.41
143 160 194.075
143 203 165.084
143 226 172.215
143 297 172.296
144 31 258.36
144 136 95.2688
145 110 304.084
145 150 254.797
145 157 824.482
145 159 259.104
145 176 321.799
145 198 542.829
146 42 96.2377
146 50 111.144
146 59 105.981
146 128 102.68
146 158 126.522
146 192 94.941
146 274 350.251
146 294 534.877
147 51 61.2395
147 68 107.48
147 70 110.924
147 164 43.4084
147 179 82.1199
147 233 47.3306
147 289 40.4455
148 19 119.869
148 77 203.255
148 79 570.204
148 165 112.932
148 195 129.595
148 210 218.448
148 222 240.158
148 265 130.214
148 268 112.34
148 276 115.175
148 288 112.156
149 65 728.633
149 164 271.851
149 196 220.65
149 206 328.428
149 214 404.14
149 277 301.227
150 32 226.597
150 151 136.865
150 175 487.56
150 207 154.087
150 221 164.101
150 287 160.045
151 64 1011.8
151 132 434.672
151 249 416.467
152 12 160.507
152 116 56.8553
152 125 59.4821
152 189 74.7788
152 194 448.155
152 215 50.8242
152 263 60.1381
152 299 336.033
153 29 366.328
153 45 338.475
153 75 589.961
153 78 419.201
153 107 1119.32
153 137 424.266
153 142 326.741
153 174 351.344
154 3 527.12
154 117 354.802
154 211 424.216
154 235 362.003
155 157 437.075
155 170 495.253
155 173 336.206
155 198 430.657
155 242 265.823
156 19 269.835
156 20 304.99
156 21 359.608
156 77 130.546
156 265 213.186
156 276 367.38
157 90 157.732
157 103 130.133
157 217 152.483
157 257 155.886
157 296 417.401
158 2 519.463
158 24 415.27
158 26 295.027
158 38 389.67
158 81 986.271
158 103 316.889
158 123 305.464
158 134 363.586
158 145 361.886
158 169 371.935
158 193 628.279
158 241 299.102
158 253 299.147
158 272 299.057
159 42 242.279
159 92 425.2
159 100 329.119
159 127 278.323
159 128 349.03
159 158 297.151
159 160 465.842
159 203 316.065
159 226 642.398
159 258 256.172
159 297 357.442
160 74 748.576
160 85 522.857
160 155 326.843
160 177 335.821
160 182 385.728
160 199 552.515
161 50 4623.58
161 54 477.264
161 153 427.916
161 171 473.692
161 192 1101.46
161 237 924.706
161 259 458.494
161 294 427.853
162 54 383.086
162 80 314.784
162 158 294.092
162 160 408.098
162 203 420.22
162 258 493.422
162 275 393.711
162 279 581.698
162 297 434.434
163 0 143.267
163 9 193.702
163 221 163.76
163 224 224.503
163 234 399.23
163 244 318.94
163 247 577.789
163 273 202.717
164 18 405.414
164 32 361.188
164 67 593.421
164 82 353.567
164 151 418.407
164 216 345.864
164 244 375.763
164 254 474.508
164 273 606.038
164 292 1191.78
165 15 647.382
165 98 264.046
165 124 319.024
165 171 262.416
165 185 493.515
165 231 760.902
166 6 136.753
166 33 150.187
166 63 154.49
166 96 176.604
166 108 133.212
166 143 150.667
166 209 173.968
167 11 190.533
167 42 266.961
167 76 228.59
167 92 152.221
167 128 168.533
167 141 607.556
167 158 153.264
167 226 148.625
167 270 585.402
167 271 420.391
167 280 573.858
167 295 278.002
168 36 234.024
168 72 1605.41
168 131 330.336
168 144 360.297
168 249 342.944
168 264 210.186
168 281 251.205
168 285 491.43
168 290 367.981
169 12 137.404
169 116 110.02
169 125 222
169 194 127.307
169 299 130.677
170 18 3112.23
170 32 375.311
170 48 520.455
170 82 474.387
170 91 316.042
170 133 338.777
170 151 1301.31
170 181 260.986
170 254 955.95
170 292 351.496
171 44 280.473
171 121 147.143
171 139 103.177
171 148 125.872
171 219 126.278
171 230 224.024
172 29 435.272
172 78 427.288
172 80 1078.49
172 127 521.954
172 160 376.209
172 203 514.588
172 258 581.808
172 275 578.672
172 277 315.5
172 279 523.903
172 297 449.752
172 298 768.11
173 33 27.2085
173 34 26.1126
173 52 24.8896
173 63 24.9529
173 135 33.7918
173 137 27.8276
173 155 50.2876
173 180 29.2787
173 182 33.5366
174 30 77.7674
174 37 67.9225
174 58 361.13
174 187 192.386
174 221 88.0205
174 239 97.1419
174 293 384.57
175 57 240.414
175 109 263.793
175 167 287.104
175 218 1192.71
175 229 215.833
175 261 210.084
176 15 4.38075
176 124 2.99213
176 171 3.05837
176 185 4.66873
176 231 5.67338
177 69 370.315
177 84 293.278
177 97 251.876
177 130 587.822
177 152 295.208
177 246 295.879
178 6 470.909
178 33 409.196
178 52 286.156
178 63 446.498
178 96 731.685
178 98 282.638
178 108 398.168
178 209 722.949
178 223 374.969
179 10 295.163
179 16 238.84
179 61 271.293
179 87 332.817
179 105 355.643
179 154 236.921
179 183 424.977
179 186 212.039
180 2 345.149
180 24 432.463
180 26 461.262
180 38 315.878
180 49 284.428
180 81 895.482
180 89 339.282
180 123 669.987
180 134 309.447
180 145 429.768
180 149 372.092
180 193 448.36
180 255 359.413
180 272 588.492
181 157 427.576
181 170 962.542
181 198 339.637
181 215 268.88
181 269 320.846
182 5 180.105
182 6 372.599
182 33 265.599
182 52 189.732
182 63 306.482
182 96 1135.84
182 98 194.678
182 108 238.103
182 124 186.775
182 209 594.785
182 223 263.19
183 39 363.103
183 41 332.676
183 43 423.394
183 51 354.036
183 68 474.266
183 70 1017.85
183 164 422.642
183 179 884.002
183 233 496.416
184 65 358.175
184 164 128.632
184 196 69.5227
184 205 69.3851
184 206 107.867
184 214 91.4525
184 277 75.3457
185 92 65.8546
185 100 70.4868
185 127 77.1008
185 128 59.0062
185 158 53.5527
185 160 165.227
185 203 92.5158
185 226 85.8737
185 258 68.9237
185 279 53.2686
185 297 109.406
186 46 196.327
186 60 181.58
186 102 274.03
186 114 10237.5
186 147 327.501
187 17 289.943
187 46 456.251
187 74 333.839
187 114 379.441
187 162 281.39
187 177 474.432
187 199 481.388
188 12 91.1039
188 28 122.484
188 113 255.837
188 125 80.4193
188 172 315.746
188 189 160.707
188 232 71062.4
188 263 92.6391
189 0 1614.48
189 9 454.162
189 55 495.528
189 67 252.693
189 224 261.144
189 234 312.439
189 273 230.56
189 286 333.948
190 34 445.013
190 85 347.072
190 135 525.923
190 137 327.345
190 155 2374.99
190 178 274.997
190 180 461.226
190 182 794.847
190 282 322.68
191 170 335.171
192 69 2.0554
192 84 2.28014
192 130 3.25784
192 152 1.89111
192 246 1.97207
193 65 327.855
193 196 602.494
193 214 558.126
193 236 317.887
193 277 345.985
193 278 374.221
194 2 815.388
194 26 244.582
194 38 1263.8
194 81 276.761
194 134 1105.29
194 145 398.841
194 193 518.885
194 238 263.148
195 44 336.422
195 121 181.651
195 139 126.222
195 148 154.222
195 219 154.497
195 230 280.963
196 32 386.789
196 151 243.565
196 175 1140.12
196 207 306.34
196 221 296.851
196 239 245.111
196 287 318.972
197 25 61.2796
197 27 84.1553
197 40 123.269
197 71 59.8563
197 85 59.8551
197 86 63.997
197 99 65.9245
197 146 156.173
197 282 76.688
198 77 49.7435
198 79 108.109
198 165 45.5909
198 195 40.6906
198 210 77.2167
198 222 58.4209
198 266 45.0925
198 288 49.2363
199 46 70.8485
199 74 97.1183
199 85 68.7248
199 114 71.4199
199 177 80.0991
199 199 108.725
200 12 345.781
200 113 412.879
200 125 774.394
200 172 306.163
200 189 386.184
200 232 382.795
201 9 152.691
201 32 173.116
201 221 187.222
201 234 211.71
201 244 1396.28
201 247 225.155
201 273 548.606
201 292 254.412
202 2 912.101
202 26 253.162
202 38 510.312
202 81 547.478
202 134 450.673
202 145 360.576
202 169 283.678
202 188 242.233
202 193 904.687
203 7 1085.74
203 40 157.789
203 45 151.748
203 99 316.211
203 140 203.252
203 178 166.583
203 196 228.384
203 212 1122.71
203 213 497.96
203 236 171.497
203 240 242.686
203 243 232.573
203 278 178.432
204 23 276.736
204 83 323.618
204 103 378.653
204 169 259.193
204 241 305.346
204 253 271.915
204 257 4296.35
204 284 258.884
204 296 307.683
205 11 298.389
206 25 313.875
206 27 398.192
206 34 373.987
206 74 724.402
206 85 760.492
206 146 379.812
206 162 317.09
206 182 376.883
206 199 436.231
206 282 610.8
207 12 658.01
207 116 194.392
207 125 227.054
207 172 174.552
207 189 278.385
207 194 998.687
207 263 210.041
207 299 841.692
208 36 65.4688
208 90 139.032
208 217 128.113
208 281 59.1364
208 296 85.6233
209 102 1326.3
209 114 316.135
209 143 458.548
209 147 502.654
209 238 293.225
210 5 164.521
210 6 731.28
210 96 243.987
210 98 559.751
210 108 779.043
210 124 240.186
210 209 436.348
210 223 2071.44
211 23 611.299
211 83 851.19
211 169 345.005
211 188 256.467
211 208 310.93
211 241 553.46
211 253 494.803
211 257 306.764
211 284 741.266
212 50 330.132
212 54 513.16
212 158 310.911
212 258 293.864
212 274 343.132
212 279 329.265
212 294 298.995
212 297 277.941
213 14 218.037
213 51 291.856
213 70 198.149
213 179 200.95
213 233 210.39
213 267 180.53
213 289 426.951
214 30 345.705
214 58 333.469
214 187 303.287
214 239 326.721
214 293 349.88
215 48 148.35
215 119 365.041
215 122 317.094
215 181 252.77
215 220 327.071
215 291 136.777
216 25 404.854
216 27 514.532
216 40 483.912
216 71 776.725
216 86 925.269
216 146 1136.54
217 71 320.674
217 86 289.887
217 165 308.324
217 170 367.234
217 266 899.746
217 269 445.174
218 121 374.068
218 139 999.005
218 148 589.998
218 219 514.665
218 230 455.813
219 58 62.4769
219 207 75.7336
219 239 197.117
219 293 61.3081
220 51 261.539
220 68 493.257
220 70 488.49
220 164 265.73
220 179 381.683
220 233 228.043
220 289 182.295
221 37 438.381
221 136 429.191
221 187 301.712
221 224 246.238
221 247 261.173
221 293 241.785
222 121 108.655
222 205 191.914
222 251 117.106
223 102 133.148
223 143 306.767
223 238 190.701
224 30 1828.52
224 37 251.248
224 58 219.801
224 187 251.162
224 293 237.928
225 44 289.219
225 121 376.877
225 205 405.729
225 230 304.626
225 251 304.826
226 69 234.518
226 130 237.159
226 132 204.273
226 152 237.253
227 201 75.978
228 0 59.2167
228 9 50.5044
228 67 71.9132
228 234 56.8604
228 244 89.4101
228 247 49.4561
228 273 157.17
228 292 100.203
229 47 246.839
229 66 183.077
229 73 449.23
229 115 762.957
230 50 222.114
230 153 405.514
230 171 133.742
230 192 362.813
230 237 223.789
230 259 584.651
230 260 142.492
230 294 129.9
231 46 206.952
231 74 262.782
231 85 181.923
231 114 202.847
231 177 234.039
231 199 312.21
232 64 279.521
232 72 138.808
232 132 155.809
232 144 140.911
232 249 197.054
233 34 276.368
233 74 444.012
233 85 508.836
233 155 399.29
233 182 479.887
233 199 305.919
233 282 290.26
234 50 22.7387
234 153 21.8553
234 171 61.1624
234 185 37.3917
234 192 24.4885
234 231 26.0831
234 237 31.3382
235 90 533.596
235 103 519.465
235 217 426.697
235 257 491.357
235 296 952.156
236 36 80.7896
236 72 106.547
236 131 56.1227
236 144 109.971
236 217 55.7431
236 281 83.6634
236 285 210.002
236 290 89.1244
237 13 444.044
237 47 580.53
237 67 199.251
237 73 355.964
237 91 189.17
237 115 228.295
237 129 321.512
237 216 572.541
238 1 304.698
238 4 434.558
238 62 330.366
238 106 317.619
238 109 243.052
238 111 335.864
238 166 291.073
238 167 365.152
238 190 222.059
238 218 223.744
238 229 318.684
238 256 311.153
239 117 820.415
239 201 279.583
239 235 229.674
240 2 80.1767
240 26 54.8409
240 38 111.113
240 134 122.361
240 145 77.8022
240 193 68.7371
240 238 69.044
241 42 299.74
241 59 225.701
241 128 267.817
241 158 325.005
241 270 248.442
241 271 297.679
241 274 682.331
241 294 410.822
241 295 318.409
242 7 466.835
242 40 366.028
242 99 704.376
242 140 345.151
242 212 465.334
242 213 323.792
242 240 219.355
242 243 2575.11
243 0 74.8699
243 9 44.5372
243 13 47.4049
243 55 53.3895
243 67 115.107
243 216 46.9775
243 225 48.102
243 273 52.2176
243 292 49.8786
244 65 608.379
244 164 205.952
244 205 259.41
244 206 1043.29
244 214 255.78
244 251 228.131
244 277 266.788
245 47 248.162
245 73 347.752
245 82 222.759
245 91 323.404
245 115 281.999
245 129 902.476
245 133 225.882
245 216 235.976
246 108 241.776
246 119 2620.53
246 122 735.455
246 181 349.202
246 220 299.332
246 291 240.074
247 1 271.539
247 121 426.566
247 139 646.873
247 148 469.568
247 197 266.992
247 219 417.642
247 230 443.266
247 262 267.904
248 126 227.053
248 157 333.58
248 170 311.675
248 173 331.488
248 198 370.316
248 202 224.8
248 242 245.277
249 4 43.8145
249 11 50.3436
249 76 37.5512
249 109 40.6643
249 167 39.6885
250 48 147.536
250 119 397.059
250 122 442.649
250 133 135.435
250 181 313.479
250 220 218.887
250 291 148.063
251 0 565.578
251 9 339.461
251 13 353.947
251 55 399.031
251 67 888.228
251 216 353.064
251 225 353.816
251 273 412.106
251 292 391.748
252 74 268.837
252 85 232.059
252 143 255.994
252 199 251.693
253 69 430.154
253 97 245.383
253 130 764.67
253 152 379.767
254 104 598.125
254 116 370.968
254 120 415.048
254 165 208.264
254 170 252.29
254 204 196.653
254 215 598.234
254 269 431.696
255 15 293.452
255 93 269.922
255 153 208.058
255 171 214.658
255 185 209.385
255 231 535.21
255 252 368.039
255 260 217.324
255 287 291.03
256 94 311.445
256 112 724.52
256 138 1395.94
256 163 532.383
256 179 307.246
256 228 1512.73
256 233 457.546
256 267 7425.56
257 77 402.795
257 79 331.971
257 104 322.228
257 116 288.084
257 120 417.139
257 165 929.552
257 168 421.946
257 204 753.667
257 210 521.545
257 222 422.403
257 268 443.098
257 269 330.357
258 57 497.047
258 218 328.717
259 14 158.521
259 51 249.654
259 68 411.884
259 70 152.885
259 205 154.11
259 289 175.457
260 29 269.079
260 54 333.425
260 75 286.147
260 78 243.03
260 107 233.238
260 142 306.145
260 171 229.792
260 174 448.149
260 185 225.391
260 245 351.472
260 275 245.148
261 84 352.677
261 130 342.218
262 11 76.4654
263 80 141.759
263 100 237.884
263 127 561.599
263 160 221.468
263 203 225.874
263 258 179.48
263 279 139.588
263 297 220.317
263 298 242.614
264 39 143.932
264 41 107.733
264 43 199.762
264 70 106.109
264 94 66.9234
264 112 66.2763
264 126 80.8685
264 138 67.6238
264 164 69.1256
264 179 112.89
264 202 81.3245
264 228 66.0321
264 233 98.8269
265 3 311.4
265 59 193.038
265 211 302.483
265 235 208.414
265 295 199.02
266 14 399.661
266 44 221.858
266 51 211.873
266 289 225.759
267 24 106.814
267 49 422.177
267 66 97.5616
267 89 187.272
267 123 136.526
267 149 101.052
267 255 195.191
267 272 114.721
268 94 105.127
268 110 105.104
268 112 166.085
268 138 126.804
268 163 2017.37
268 200 143.951
268 228 132.542
268 267 130.314
269 3 117.13
269 59 56.3724
269 117 149.279
269 201 73.419
269 211 97.8961
269 235 148.169
270 2 289.768
270 24 455.749
270 38 236.054
270 81 583.718
270 89 242.311
270 103 323.766
270 123 234.378
270 145 235.217
270 169 278.91
270 193 339.317
270 241 235.108
270 253 230.066
271 69 7.01001
271 72 3.96333
271 97 5.91769
271 130 3.85003
271 131 6.0218
271 132 4.83406
271 152 9.815
271 249 5.15489
271 264 4.68825
272 9 270.296
272 58 231.681
272 221 313.724
272 224 315.723
272 234 487.991
272 244 586.1
272 247 874.324
272 273 334.299
272 292 229.328
273 12 190.099
273 104 160.681
273 116 204.495
273 120 161.642
273 125 201.784
273 194 210.1
273 204 138.93
273 215 151.9
273 299 224.756
274 2 137.501
274 26 153.974
274 38 192.089
274 134 220.326
274 145 223.226
274 149 109.094
274 193 133.741
274 272 109.273
275 18 1189.28
275 32 310.256
275 48 870.888
275 82 1085.44
275 91 548.525
275 129 301.01
275 133 561.108
275 151 621.805
275 181 338.367
275 254 4528.03
275 291 305.336
275 292 350.397
276 170 445.879
276 173 294.932
277 32 370.44
277 58 497.361
277 175 318.579
277 187 366.964
277 221 14857.9
277 239 339.204
277 244 459.999
277 247 359.227
277 273 328.521
277 293 442.084
278 16 350.175
278 19 355.419
278 61 374.821
278 79 321.719
278 154 612.255
278 183 326.907
278 195 2788.28
278 265 423.124
278 288 399.834
279 34 164.143
279 74 761.544
279 85 496.48
279 155 174.526
279 177 152.228
279 182 227.813
279 199 270.145
279 282 207.78
280 51 262.461
280 68 626.627
280 70 214.642
280 164 238.319
280 205 256.735
281 8 298.996
281 53 323.806
281 101 530.995
281 110 451.043
281 150 960.707
281 159 745.2
281 161 285.573
281 176 454.081
281 191 1183.59
281 200 632.35
282 157 1507.23
282 170 450.308
282 173 339.098
282 198 830.292
282 242 313.213
283 95 252.112
283 109 1729.64
283 167 616.907
283 218 476.863
283 261 307.884
284 102 961.153
284 114 713.84
284 143 556.781
284 147 703.412
284 238 363.552
285 13 95.3963
285 47 162.489
285 73 148.405
285 91 55.5521
285 115 83.0911
285 129 103.906
285 216 110.284
286 6 519.771
286 96 308.594
286 98 505.922
286 108 1106.2
286 119 364.105
286 209 470.693
286 223 643.494
287 2 94.7786
287 24 56.3862
287 26 70.8998
287 38 77.4725
287 81 373.062
287 123 69.3905
287 134 73.4243
287 145 92.8258
287 149 50.8748
287 193 152.312
287 272 69.984
288 2 259.948
288 38 254.32
288 102 333.493
288 134 245.951
288 143 252.01
288 147 331.943
288 188 244.168
288 238 528.592
289 7 69.0024
289 40 359.765
289 71 69.0219
289 86 69.8621
289 99 112.565
289 146 86.575
289 212 68.4821
289 213 65.5503
289 243 109.931
290 18 31.1167
290 32 55.7327
290 151 40.3318
290 221 25.7636
290 244 42.549
290 254 29.1131
290 273 63.2871
290 292 88.7512
291 102 20.6815
291 114 22.6891
291 143 20.3622
291 147 17.4085
291 199 15.85
292 77 505.813
292 79 1057.77
292 165 497.589
292 210 1507.16
292 222 647.882
292 266 334.767
292 268 312.818
293 19 842.758
293 20 371.157
293 21 536.669
293 77 320.36
293 79 303.866
293 195 255.138
293 222 305.884
293 265 793.818
293 276 475.824
294 1 74.419
294 57 45.053
294 139 52.409
294 229 75.2981
295 42 66.8429
295 50 65.9788
295 54 64.5954
295 128 84.6169
295 158 111.259
295 226 60.8978
295 274 178.402
295 294 107.127
296 37 195.84
296 136 224.299
296 187 202.965
296 224 266.482
296 234 225.059
296 247 291.626
296 293 171.038
297 42 233.835
297 59 380.817
297 158 254.49
297 271 247.55
297 274 501.098
297 294 735.244
297 295 280.783
298 95 838.887
298 218 372.885
298 261 888.828
299 15 269.234
299 119 295.447
299 122 254.486
299 181 234.417
299 220 1456.26
