100 100 725
0 32 357.227
0 33 425.732
0 47 151.797
0 58 306.109
0 72 298.619
1 2 130.816
1 5 206.459
1 7 172.228
1 37 365.216
1 47 146.197
1 54 148.397
1 76 317.616
1 83 153.919
1 99 109.337
2 3 126.5
2 42 191.132
2 43 161.729
2 61 121.763
2 66 116.485
2 70 147.847
2 80 194.439
3 8 74.7482
3 23 231.641
3 35 72.227
3 46 83.0589
3 62 307.763
3 87 99.0815
3 90 79.5467
4 0 232.532
4 50 71.7538
4 53 69.4266
4 63 142.587
4 95 102.786
5 1 21.993
5 6 60.4279
5 20 40.3337
5 34 37.4313
5 38 22.699
5 41 22.9587
5 44 35.1031
5 59 32.7429
5 79 22.9852
5 84 32.3759
6 0 40.3492
6 11 23.3673
6 18 36.2615
6 24 28.6167
6 50 51.7527
6 53 36.3388
6 63 26.6326
6 75 23.0412
7 3 235.563
7 9 448.787
7 12 192.921
7 27 154.123
7 48 368.862
7 61 158.93
7 71 247.535
7 73 147.705
7 74 142.854
7 75 338.838
8 10 60.315
8 22 74.5379
8 26 98.2093
8 31 201.955
8 38 61.0267
8 40 53.6064
8 56 65.9076
8 60 52.7917
8 77 54.8097
8 79 61.9598
9 8 29.3145
9 23 52.7715
9 46 34.846
9 60 17.5318
9 62 28.5529
9 87 27.9874
9 90 32.0096
10 4 48.724
10 15 106.28
10 67 228.937
11 17 141.263
11 19 154.089
11 21 129.344
11 39 249.307
11 49 167.331
11 92 101.823
11 93 141.608
12 16 113.4
13 8 126.562
13 10 143.749
13 20 86.6518
13 26 83.8357
13 31 99.8617
13 38 110.597
13 46 106.152
13 56 93.6414
13 60 183.563
13 77 865.723
13 79 127.325
13 90 102.468
14 2 1067.59
14 5 350.419
14 7 185.65
14 33 176.314
14 37 266.804
14 47 557.219
14 72 212.672
14 76 184.587
14 96 184.574
15 3 56.6284
15 9 38.2134
15 12 77.0776
15 27 65.2779
15 30 32.1678
15 42 39.5803
15 48 130.221
15 61 159.395
15 65 43.266
15 70 55.9174
15 71 32.6745
15 73 42.8086
15 74 91.5324
15 75 35.0386
16 21 304.622
16 27 129.736
16 30 206.584
16 39 166.797
16 65 170.44
16 74 132.01
16 93 163.402
16 94 1932.07
17 8 429.382
17 10 99.5268
17 20 68.0599
17 23 81.0212
17 46 242.166
17 60 140.775
17 77 162.146
17 86 67.9507
17 87 69.6284
17 90 206.083
18 52 361.613
18 57 118.874
18 89 139.684
19 23 184.949
19 35 165.007
19 62 837.899
19 81 140.033
19 87 117.437
20 9 166.879
20 12 122.485
20 17 100.196
20 18 129.362
20 27 108.872
20 29 270.403
20 48 113.195
20 49 103.942
20 55 173.416
20 71 311.203
20 73 144.899
20 75 190.487
21 8 102.382
21 10 330.74
21 26 105.725
21 31 93.0819
21 38 79.3785
21 46 88.3685
21 56 138.584
21 60 405.738
21 77 256.411
21 79 86.8928
21 90 82.9273
22 42 57.1882
22 43 78.7643
22 66 508.333
23 1 581.654
23 6 107.665
23 11 251.582
23 13 148.629
23 18 90.929
23 24 151.515
23 78 157.112
23 84 165.881
23 88 149.351
23 97 159.235
24 2 846.365
24 5 360.386
24 7 175.02
24 37 176.365
24 41 137.241
24 47 257.571
24 72 147.429
24 76 147.283
24 96 227.27
25 34 127.17
25 36 208.77
25 44 220.938
25 59 233.293
25 84 95.0774
26 4 100.786
26 25 354.86
26 28 121.7
26 51 282.176
26 68 171.612
26 82 397.235
27 8 660.275
27 10 148.395
27 20 123.456
27 23 121.545
27 46 387.364
27 60 202.118
27 77 266.305
27 86 118.737
27 87 114.616
27 90 357.59
27 91 116.795
28 2 62.2215
28 22 111.301
28 31 61.9852
28 33 74.0293
28 40 141.499
28 72 72.8158
28 96 60.7202
29 0 121.465
29 63 65.6331
29 86 84.5824
29 91 86.5751
29 95 172.952
29 97 88.327
30 14 3.27797
30 25 3.28784
30 28 6.7095
30 51 3.80213
30 68 4.09942
30 82 4.12335
31 8 36.5965
31 23 41.0328
31 46 45.7816
31 62 32.4199
31 86 26.2059
31 87 57.2317
31 90 45.3031
31 91 25.3028
32 22 280.539
32 26 20.8869
32 31 42.1047
32 38 24.2029
32 40 40.7748
32 41 20.1817
32 79 22.6177
32 96 21.6906
33 7 112.464
33 14 121.495
33 54 213.8
33 57 147.425
33 76 131.684
33 83 161.135
33 89 134.464
33 99 118.441
34 1 166.942
34 6 260.434
34 8 167.189
34 20 564.521
34 46 165.041
34 84 184.319
34 86 237.555
34 90 177.578
34 91 243.94
34 97 181.213
35 30 115.209
35 42 486.847
35 43 398.828
35 61 93.017
35 65 128.422
35 66 78.4751
35 70 182.84
35 74 84.5908
36 45 27.4231
36 68 28.2636
36 69 21.6879
36 82 20.0516
36 92 23.325
37 35 109.832
37 81 127.317
38 4 104.88
38 25 139.7
38 45 105.471
38 67 76.4082
38 68 111.139
38 82 108.084
38 92 121.52
39 32 427.117
39 33 139.399
39 58 442.982
40 9 84.2187
40 12 205.76
40 17 78.5357
40 21 94.2261
40 27 201.145
40 29 75.5152
40 39 92.9706
40 48 105.714
40 49 93.2686
40 61 93.896
40 65 73.7302
40 71 97.3083
40 73 1359.25
40 74 113.047
40 75 84.6573
41 8 129.089
41 23 1506.6
41 46 141.959
41 60 96.6654
41 62 223.277
41 87 123.125
41 90 131.168
42 17 591.77
42 29 156.618
42 39 138.604
42 45 140.377
42 49 493.955
42 55 212.503
42 69 137.043
42 73 146.429
42 92 135.713
43 17 48.0691
43 45 77.981
43 49 37.0133
43 55 36.0377
43 69 51.5051
43 92 57.7929
44 35 202.474
44 81 191.325
45 32 69.3317
45 33 162.496
45 37 76.6122
45 47 101.379
45 72 168.963
46 9 207.14
46 12 651.999
46 17 188.955
46 21 277.31
46 27 733.202
46 39 253.68
46 48 286.308
46 49 224.509
46 61 274.626
46 65 217.399
46 70 197.328
46 71 228.556
46 73 2628.02
46 74 350.023
46 75 205.646
47 12 8.31704
47 17 11.5228
47 19 7.89689
47 21 14.0698
47 27 9.07423
47 39 36.572
47 49 15.5076
47 73 11.0766
47 93 8.78536
47 94 8.32394
48 34 212.893
48 36 486.183
48 44 286.959
48 59 293.062
49 0 165.585
49 50 172
49 53 203.02
49 63 417.828
49 98 173.97
50 25 252.729
50 28 226.682
50 51 249.488
50 68 344.876
50 82 490.248
51 30 189.914
51 42 163.842
51 43 237.326
51 65 152.76
51 66 175.75
51 70 139.232
52 34 197.792
52 36 368.419
52 41 102.771
52 44 148.811
52 59 141.317
52 96 82.1224
53 12 20.686
53 21 51.957
53 27 24.6772
53 30 37.9878
53 39 24.3907
53 42 17.9234
53 61 20.5505
53 65 33.7802
53 70 21.6219
53 73 20.2939
53 74 25.6106
53 93 18.8185
53 94 53.9973
54 19 77.4495
54 21 36.068
54 39 39.1246
54 93 254.569
54 94 39.7011
55 16 119.938
56 46 28.2993
56 86 48.2801
56 87 84.9144
56 90 29.9356
56 91 46.4539
56 95 45.2043
57 9 352.853
57 11 189.222
57 18 553.859
57 24 259.512
57 29 213.119
57 50 241.04
57 53 192.504
57 71 337.424
57 75 391.981
58 8 95.0773
58 46 109.011
58 86 194.729
58 87 387.508
58 90 117.682
58 91 183.122
58 95 119.089
59 95 192.437
59 98 288.808
60 16 482.481
61 10 254.692
61 22 107.477
61 26 419.205
61 31 178.796
61 38 106.428
61 56 349.232
61 60 182.929
61 77 150.206
61 79 111.49
62 3 281.579
62 9 1485.73
62 12 284.519
62 18 215.499
62 27 232.1
62 29 210.326
62 48 393.569
62 61 214.51
62 71 715.081
62 73 246.411
62 74 203.14
62 75 1161.73
63 4 244.639
63 15 594.173
63 19 184.747
63 67 1093.02
64 2 200.233
64 5 223.762
64 7 180.036
64 34 222.811
64 36 297.648
64 41 269.093
64 64 180.236
64 96 342.112
64 99 169.022
65 2 284.23
65 5 174.493
65 33 345.548
65 37 228.039
65 47 708.581
65 72 532.559
66 0 1.76082
66 11 1.5166
66 18 1.44953
66 24 1.54563
66 50 1.35244
66 95 1.34765
66 97 1.61418
67 9 110.804
67 13 136.699
67 17 143.352
67 18 121.435
67 29 548.737
67 49 136.083
67 55 685.907
67 69 147.665
67 71 153.971
67 73 118.926
67 75 120.609
67 78 129.938
67 88 124.261
68 12 153.802
68 19 156.56
68 21 918.986
68 27 178.382
68 30 162.028
68 39 519.567
68 49 159.593
68 65 158.362
68 73 179.28
68 74 156.132
68 93 233.592
68 94 308.019
69 4 251.288
69 67 212.783
70 4 359.937
70 15 341.983
70 25 178.766
70 67 615.107
71 0 734.004
71 11 220.948
71 18 240.729
71 24 245.603
71 50 264.491
71 53 221.203
71 63 242.332
71 95 197.447
71 97 243.078
72 14 132.184
72 25 180.733
72 28 295.061
72 51 198.188
72 68 275.316
72 82 264.883
73 2 179.576
73 5 135.276
73 22 142.644
73 34 133.656
73 36 119.007
73 38 129.434
73 41 267.75
73 96 2674.41
74 4 187.014
74 15 4453.05
74 19 269.268
74 67 458.86
75 17 59.9603
75 19 55.9502
75 21 44.2487
75 39 77.807
75 45 39.9106
75 49 69.2066
75 92 44.2388
75 93 48.2673
76 8 126.366
76 23 275.103
76 35 143.647
76 46 141.537
76 62 502.007
76 81 124.957
76 87 207.372
76 90 137.959
77 0 105.908
77 1 58.4308
77 11 102.433
77 18 76.6802
77 24 102.29
77 95 58.5579
77 97 129.942
78 25 51.6518
78 28 54.4851
78 51 155.611
78 52 41.1178
78 68 38.1333
78 82 52.6369
79 36 40.2047
79 44 38.9715
79 59 40.9349
79 69 34.9891
80 22 31.11
80 26 15.9918
80 31 51.8891
80 38 45.9198
80 40 15.596
80 41 20.1679
80 77 16.8452
80 79 40.2023
80 96 16.8194
81 6 178.398
81 20 125.481
81 34 336.363
81 36 128.042
81 38 106.015
81 41 133.131
81 44 227.575
81 59 202.605
81 79 104.056
81 84 129.664
82 10 73.9808
82 22 40.6934
82 26 71.6012
82 31 81.7366
82 38 48.2531
82 56 64.933
82 60 63.6262
82 77 66.4372
82 79 51.8282
83 3 106.105
83 9 96.559
83 12 452.577
83 21 113.439
83 27 612.147
83 30 114.942
83 39 87.9321
83 42 105.835
83 48 196.866
83 61 294.872
83 65 159.173
83 70 154.111
83 71 92.7476
83 73 197.785
83 74 582.783
83 75 91.9904
84 2 116.741
84 5 315.826
84 7 511.392
84 14 95.1482
84 37 135.456
84 47 100.21
84 54 140.716
84 64 125.016
84 76 197.459
84 83 109.941
84 99 179.5
85 4 70.1408
85 25 70.5089
85 51 102.808
85 82 63.3972
86 35 108.041
86 81 115.788
87 2 165.206
87 34 271.554
87 36 211.843
87 38 182.254
87 41 661.399
87 79 164.585
87 96 533.922
88 32 153.095
88 33 220.993
88 47 113.319
88 58 137.997
88 72 189.537
89 3 107.152
89 9 39.3078
89 12 40.1283
89 27 34.0967
89 42 27.3047
89 48 105.952
89 61 52.3998
89 65 25.6438
89 70 33.0087
89 71 29.3376
89 73 27.574
89 74 38.9578
89 75 34.4212
89 80 27.3565
90 1 67.1113
90 6 64.2265
90 11 71.9976
90 20 70.1262
90 84 59.3654
90 86 96.9891
90 91 102.253
90 95 64.1998
90 97 122.266
91 17 139.952
91 19 183.034
91 21 243.327
91 39 612.26
91 49 168.662
91 73 128.317
91 93 228.495
91 94 158.27
92 5 191.254
92 7 296.885
92 14 166.191
92 37 215.994
92 54 1801.8
92 64 165.996
92 76 586.809
92 83 434.951
92 99 233.717
93 3 216.608
93 9 162.525
93 48 131.153
93 50 142.901
93 53 134.247
93 71 115.294
93 75 146.756
93 80 131.536
93 85 160.017
94 6 192.435
94 13 202.933
94 34 212.341
94 36 260.072
94 44 493.657
94 59 569.223
94 69 198.482
94 78 207.957
94 84 226.941
94 88 222.281
95 37 280.482
95 47 168.432
95 54 159.267
95 76 199.805
95 83 234.939
96 0 166.544
96 11 179.565
96 20 171.366
96 86 344.912
96 91 367.972
96 95 233.98
96 97 288.873
97 4 42.9273
97 15 70.0863
97 67 108.38
98 15 73.3432
98 19 667.579
98 39 72.1806
98 93 147.566
99 35 13.748
99 81 13.8278
