150 150 958
0 18 139.152
0 25 186.734
0 40 149.884
0 45 85.318
0 61 83.7735
0 74 88.2994
0 102 166.96
0 140 148.616
0 147 89.1321
1 26 205.257
1 55 433.546
1 73 622.676
1 142 218.787
2 23 185.175
2 32 360.277
2 52 198.685
2 67 228.756
2 78 167.446
2 79 210.512
2 103 730.427
3 21 21.1992
3 69 22.3171
3 72 20.7118
3 130 54.0766
3 149 36.6137
4 3 52.3538
4 6 127.282
4 97 40.1319
4 146 56.4345
5 1 96.6609
5 5 114.041
5 13 168.994
5 16 146.337
5 58 130.952
5 76 286.005
5 80 89.0193
5 88 119.683
5 135 98.0046
5 141 117.21
6 10 126.979
6 33 224.01
6 56 549.383
6 65 178.132
6 112 172.283
6 113 156.434
6 119 1576.57
6 123 892.039
7 30 368.227
7 97 137.25
7 125 139.115
7 129 150.775
8 10 190.669
8 22 123.555
8 23 247.58
8 32 225.602
8 65 141.186
8 79 147.827
8 88 107.208
8 103 124.7
8 141 118.994
9 14 136.855
9 18 101.319
9 57 97.5976
9 84 85.3901
9 85 79.1483
9 102 89.6604
9 116 167.516
9 138 96.0956
9 140 97.5809
9 147 130.565
10 94 699.352
10 110 223.292
10 126 405.121
10 128 166.282
11 15 596.523
11 26 175.109
11 28 237.787
11 64 257.788
11 83 175.863
11 87 210.352
11 96 171.441
11 111 204.575
12 1 104.283
12 13 177.778
12 16 106.233
12 22 106.184
12 58 103.781
12 76 159.1
12 88 218.303
12 141 169.907
13 19 193.564
13 49 406.874
13 57 186.075
13 84 157.637
13 118 228.807
13 138 300.993
14 4 222.426
14 21 438.525
14 39 384.663
14 53 140.745
14 68 149.582
14 72 237.29
14 92 381.115
14 95 139.714
14 98 172.169
14 114 378.484
14 127 210.625
14 145 217.284
15 1 15.4456
15 28 15.6872
15 36 16.9126
15 80 16.3869
15 111 18.4463
15 117 32.0647
16 20 259.491
16 25 205.504
16 40 294.596
16 61 248.068
16 64 189.447
16 83 306.009
16 115 413.818
17 21 147.74
17 114 129.895
17 127 157.75
17 145 131.723
18 20 335.801
18 50 62.6987
18 66 56.927
18 83 61.7292
18 115 62.0105
18 143 69.7415
19 38 215.363
19 94 176.8
19 110 671.421
19 126 148.556
19 128 198.148
20 32 160.067
20 59 140.493
20 67 219.259
20 78 240.613
20 103 229.693
20 108 173.248
21 4 319.002
21 21 784.616
21 39 486.555
21 53 197.596
21 68 204.831
21 72 345.786
21 92 481.365
21 98 229.764
21 114 459.571
21 127 279.411
21 145 283.811
22 18 82.5449
22 20 78.7353
22 37 147.674
22 91 156.494
22 102 85.2741
22 143 148.089
22 147 81.6787
23 75 359.844
23 106 494.36
23 109 424.74
24 3 288.276
24 38 248.933
24 128 361.755
25 47 32.1312
25 55 38.2306
25 73 68.4408
25 96 35.1334
25 142 50.5983
26 5 113.964
26 42 107.407
26 48 265.766
26 61 101.813
26 77 229.603
26 81 111.031
26 100 101.621
27 1 105.816
27 5 117.617
27 13 231.266
27 16 135.712
27 58 124.579
27 76 219.091
27 88 182.703
27 141 170.782
28 3 191.96
28 6 169.859
28 128 167.939
29 38 184.316
29 110 562.73
29 128 143.356
30 17 96.5809
30 20 89.4838
30 47 167.46
30 50 94.955
30 66 184.61
30 142 93.7637
30 143 85.3831
31 27 159.339
31 31 531.357
31 34 252.245
31 59 129.582
31 101 109.671
31 107 169.268
31 108 117.528
32 46 365.337
32 51 257.127
32 104 519.952
32 125 165.86
32 129 173.084
32 131 692.462
32 133 259.886
32 148 289.187
33 23 217.548
33 24 246.918
33 32 238.174
33 35 206.571
33 52 344.423
33 67 200.863
33 79 317.911
33 81 182.76
33 100 177.788
33 103 286.047
34 1 282.594
34 80 172.273
34 90 949.943
34 144 570.189
35 46 176.391
35 104 211.941
35 110 183.137
35 129 223.369
35 131 215.171
36 75 62.3902
36 106 140.509
36 109 108.964
37 20 194.678
37 25 217.682
37 40 341.025
37 61 299.474
37 64 192.95
37 83 253.852
37 115 342.505
38 94 845.273
38 110 171.489
38 126 240.535
38 128 203.877
39 6 214.365
39 29 200.64
39 86 140.288
39 122 264.749
39 137 251.773
39 146 143.818
40 1 660.461
40 58 167.338
40 76 174.216
40 80 247.127
40 90 275.637
40 144 273.799
41 25 166.314
41 42 431.396
41 45 246.976
41 48 167.064
41 61 152.057
41 74 244.189
41 77 246.794
42 19 195.37
42 49 173.802
42 69 98.5982
42 118 65.76
42 120 92.2997
42 133 68.9971
43 0 671.772
43 8 405.398
43 11 386.539
43 43 617.819
43 54 462.779
43 60 248.364
43 97 296.917
43 146 237.522
44 9 86.5488
44 52 154.299
44 62 99.5955
44 63 101.242
44 67 164.281
44 71 220.881
44 78 112.503
44 82 84.0858
44 89 99.8521
44 103 84.4778
45 10 70.1137
45 22 55.6524
45 23 28.2256
45 32 27.6286
45 56 54.6024
45 65 41.559
45 99 31.5099
45 119 37.7928
45 123 44.2237
46 30 66.2095
46 46 79.6237
46 104 74.939
46 125 162.95
46 129 345.459
46 131 60.2862
47 36 163.523
47 106 393.713
47 109 329.498
48 4 136.466
48 7 141.866
48 12 206.944
48 39 197.374
48 44 188.84
48 53 154.881
48 68 285.091
48 92 199.706
48 93 133.354
48 95 603.636
48 98 711.415
48 114 195.28
48 121 130.914
48 124 201.942
48 127 140.481
48 132 201.577
48 145 176.908
49 8 121.723
49 41 108.592
49 42 169.904
49 45 118.667
49 54 119.509
49 63 108.238
49 74 114.717
49 77 126.876
49 81 104.459
49 82 139.74
49 85 105.226
49 89 117.008
49 100 114.85
49 139 111.154
50 10 354.805
50 22 339.087
50 56 586.895
50 65 261.761
50 99 240.439
50 119 328.539
50 123 423.994
51 7 174.675
51 12 116.108
51 17 102.979
51 37 87.5322
51 44 162.446
51 53 86.6889
51 68 90.0549
51 70 124.257
51 91 100.422
51 93 114.549
51 95 84.7907
51 121 184.653
51 124 154.662
51 132 145.305
52 55 259.281
52 73 489.542
52 96 199.875
52 142 259.14
53 0 140.927
53 8 312.036
53 11 195.617
53 41 123
53 43 172.212
53 54 777.125
53 60 124.652
53 82 112.261
53 139 115.39
54 86 507.534
54 105 62.6972
54 134 59.4342
54 137 57.1839
55 4 327.573
55 21 313.477
55 39 1193.33
55 53 249.748
55 68 324.277
55 72 318.893
55 92 1255.76
55 95 324.336
55 98 479.426
55 114 1684.85
55 124 208.756
55 127 366.119
55 145 471.774
56 94 141.16
56 110 268.058
56 126 181.682
57 59 630.658
57 107 306.093
57 108 432.698
57 136 178.534
58 30 425.519
58 97 184.714
58 125 244.271
58 129 283.767
59 15 392.25
59 50 87.4943
59 64 131.617
59 83 165.042
59 96 124.267
59 115 135.514
60 2 6.68602
60 37 7.27691
60 70 5.44757
60 84 10.7743
60 91 6.44518
60 93 5.21841
60 118 6.13515
61 6 50.4853
61 86 38.9096
62 2 42.2233
62 69 62.5058
62 118 44.6857
62 130 68.7184
62 149 165.527
63 3 373.525
63 6 353.154
63 30 280.329
63 38 190.051
63 97 388.525
63 146 519.707
64 1 509.269
64 16 221.435
64 28 213.017
64 58 359.705
64 76 252.785
64 80 6005.11
64 87 187.463
64 111 245.757
64 117 287.634
65 15 370.972
65 50 319.867
65 64 246.452
65 83 788.716
65 96 367.344
65 115 473.438
66 15 295.174
66 26 385.869
66 28 257.767
66 36 219.333
66 73 179.356
66 96 240.342
66 111 210.943
67 19 212.328
67 49 730.41
67 69 191.018
67 84 173.425
67 118 312.639
67 138 219.823
68 20 177.691
68 37 104.939
68 91 112.7
68 143 1689.47
69 5 226.726
69 24 217.682
69 35 231.499
69 48 352.305
69 77 370.083
69 81 254.59
69 100 212.238
69 135 156.227
70 18 278.639
70 37 567.284
70 84 360.674
70 91 443.549
70 102 263.794
70 147 377.101
71 3 902.345
71 6 319.384
71 30 247.211
71 38 284.762
71 97 251.436
71 128 237.435
71 146 299.413
72 30 48.6392
72 38 62.4922
72 110 57.4249
72 129 46.7244
73 90 15.8027
73 99 10.6078
73 144 10.8151
74 46 235.347
74 104 151.706
74 125 373.669
74 129 211.742
74 131 106.742
74 133 95.0304
74 148 153.723
75 6 147.716
76 20 506.736
76 40 206.122
76 83 199.704
76 115 221.455
76 143 291.944
77 26 103.369
77 55 98.6813
77 73 168.891
77 96 61.0296
78 46 131.502
78 51 105.115
78 104 200.342
78 129 92.2621
78 131 418.204
78 148 97.0893
79 47 378.453
79 66 258.1
79 142 378.679
80 10 81.9176
80 22 62.4616
80 32 53.4854
80 33 49.308
80 56 94.4826
80 65 113.307
80 119 75.6821
80 123 81.5643
81 1 26.9167
81 90 92.092
81 144 212.086
82 69 251.206
82 130 484.292
82 149 456.719
83 1 108.696
83 28 158.454
83 36 133.749
83 80 150.257
83 111 220.708
83 117 1178.19
84 26 359.583
84 36 332.93
84 55 292.919
84 106 408.791
84 109 541.568
85 0 545.942
85 8 395.529
85 29 255.075
85 41 429.915
85 54 290.752
85 60 723.32
85 63 300.184
85 71 243.666
85 82 260.374
85 89 231.703
85 122 380.083
86 1 61.4309
86 28 97.4652
86 36 102.066
86 80 76.0779
86 111 126.85
86 117 365.247
87 19 160.678
87 46 89.5078
87 49 104.152
87 51 85.4966
87 133 226.207
87 138 90.7402
87 148 164.162
88 1 283.256
88 76 237.234
88 88 289.012
88 90 466.09
88 99 275.908
88 144 328.905
89 9 5.10738
89 29 8.89784
89 62 3.02934
89 71 2.81431
89 86 2.89895
89 105 4.16131
89 122 3.65055
89 134 4.40369
89 137 13.2502
90 9 229.847
90 62 229.997
90 105 405.129
90 134 385.783
90 136 1225.09
91 6 28.5268
91 86 51.3352
92 3 96.2911
92 6 247.131
92 146 108.034
93 17 173.107
93 47 285.328
93 66 241.006
93 142 157.81
94 2 409.464
94 4 420.298
94 21 246.837
94 39 206.848
94 53 251.739
94 68 177.029
94 70 184.3
94 72 472.979
94 92 204.579
94 93 198.57
94 130 176.724
94 149 213.193
95 46 164.574
95 104 179.219
95 125 200.606
95 129 361.562
95 131 149.438
96 3 182.004
96 30 180.408
96 38 301.473
96 110 277.009
96 128 184.329
97 10 107.466
97 22 79.4196
97 23 63.6905
97 32 83.1122
97 33 67.7573
97 56 108.624
97 65 210.614
97 119 94.8011
97 123 97.8256
98 9 241.667
98 29 266.01
98 41 234.543
98 52 178.337
98 60 243.08
98 62 198.876
98 63 243.95
98 67 180.575
98 71 894.261
98 82 185.63
98 89 199.184
98 122 195.073
98 137 200.578
99 15 161.598
99 20 216.604
99 40 143.63
99 50 187.614
99 64 161.96
99 83 609.469
99 96 149.111
99 115 780.857
100 41 168.342
100 42 139.355
100 52 145.467
100 60 133.481
100 63 202.194
100 77 231.632
100 81 267.248
100 82 294.379
100 89 275.389
100 100 345.658
101 26 177.784
101 28 195.045
101 36 465.04
101 106 197.172
101 109 226.595
101 111 187.147
101 117 167.398
102 32 144.019
102 62 120.392
102 67 286.291
102 78 240.179
102 103 253.756
103 18 304.216
103 37 149.306
103 91 140.917
103 102 333.393
103 140 148.136
103 143 136.232
103 147 239.171
104 15 247.588
104 26 460.013
104 28 221.194
104 36 202.728
104 73 193.724
104 96 247.747
104 111 184.51
105 75 769.422
105 106 132.928
105 109 116.882
106 6 64.5325
106 9 80.7983
106 29 164.345
106 86 72.2056
106 105 79.1598
106 122 117.636
106 134 81.062
106 137 326.249
107 59 430.9
107 107 280.807
107 108 332.962
107 136 284.498
108 18 206.987
108 25 1081.52
108 40 394.738
108 42 210.207
108 45 282.142
108 61 227.061
108 74 297.665
108 102 225.623
108 140 311.288
109 32 240.755
109 62 288.802
109 67 594.948
109 78 697.626
109 103 368.332
109 108 246.288
110 2 247.257
110 4 166.968
110 69 141.366
110 72 175.317
110 118 160.105
110 130 155.238
110 149 337.181
111 25 467.43
111 40 674.192
111 42 176.727
111 45 186.053
111 61 742.318
111 74 191.128
112 10 170.449
112 22 210.209
112 56 243.405
112 99 262.107
112 119 159.926
112 123 202.033
113 20 626.85
113 40 225.823
113 83 259.786
113 115 290.697
113 143 286.51
114 22 9.47155
114 90 15.8297
114 99 16.8352
114 144 11.7628
115 14 34.0039
115 57 168.536
115 116 28.3497
115 138 48.1387
116 55 409.364
116 73 226.816
116 109 233.664
117 15 232.23
117 20 315.526
117 40 246.795
117 50 243.701
117 61 240.643
117 64 252.891
117 83 678.098
117 115 1135.01
118 9 100.049
118 29 90.9683
118 41 92.5816
118 52 100.725
118 60 89.1379
118 62 97.9454
118 63 105.888
118 67 106.517
118 71 807.096
118 78 88.949
118 82 82.4837
118 89 93.5509
119 55 49.9332
119 75 36.406
119 106 47.6368
119 109 53.2786
120 27 121.437
120 31 170.57
120 34 185.682
120 59 151.024
120 101 206.61
120 107 259.217
120 108 185.688
120 112 94.6711
120 113 105.609
121 18 234.106
121 37 195.83
121 84 491.648
121 102 208.301
121 118 210.117
121 147 402.568
122 25 364.007
122 40 4038.46
122 45 98.7364
122 61 218.277
122 74 101.829
122 102 96.805
122 140 103.03
123 27 228.185
123 33 388.124
123 34 193.569
123 101 411.525
123 112 693.699
123 113 1063.66
123 119 167.617
124 38 53.7279
124 94 37.6559
124 110 218.685
124 128 43.8952
125 46 386.147
125 51 257.887
125 104 420.497
125 125 163.977
125 129 163.364
125 131 404.48
125 133 332.53
125 148 379.532
127 4 235.231
127 21 338.241
127 72 261.095
127 130 538.105
127 149 244.96
128 19 168.004
128 46 533.595
128 51 198.088
128 104 352.119
128 125 212.76
128 129 191.682
128 131 265.919
128 133 404.458
128 148 1392.89
129 23 209.4
129 32 605.685
129 52 175.247
129 65 195.659
129 67 211.41
129 79 217.956
129 103 1099.32
130 9 464.378
130 29 194.511
130 62 659.651
130 67 208.333
130 71 216.847
130 78 247.725
130 105 197.466
130 134 215.66
130 136 182.941
130 137 171.037
131 14 245.679
131 46 229.695
131 57 511.116
131 125 289.895
131 138 367.425
131 148 257.566
132 17 143.736
132 47 98.0377
132 66 92.7182
132 121 83.0723
133 4 47.0292
133 21 102.705
133 39 60.7434
133 72 49.968
133 92 60.5891
133 114 69.1726
133 127 66.3659
133 145 59.0191
134 6 23.0038
134 86 16.0201
135 3 494.433
135 30 160.425
135 38 634.703
135 128 353.519
136 9 347.987
136 29 254.138
136 62 143.106
136 71 102.195
136 86 114.068
136 105 274.167
136 122 117.734
136 134 315.172
136 136 127.107
136 137 298.806
137 27 164.985
137 31 159.237
137 33 198.444
137 34 189.285
137 59 147.915
137 65 174.664
137 101 540.453
137 107 187.495
137 108 178.539
137 112 227.789
137 113 265.026
138 33 104.014
138 56 166.142
138 65 82.7628
138 112 78.3999
138 113 71.2576
138 119 369.656
138 123 213.146
139 3 338.443
139 38 258.973
139 128 334.029
140 25 318.708
140 40 625.834
140 61 465.352
140 64 198.047
140 83 213.945
140 115 268.197
141 36 89.6254
141 75 106.137
141 106 1996.47
141 109 660.493
142 10 249.763
142 22 255.427
142 23 95.0431
142 56 178.619
142 65 116.861
142 88 101.08
142 99 136.921
142 119 120.014
142 123 144.058
143 24 117.338
143 41 124.051
143 52 140.574
143 63 154.452
143 77 220.161
143 81 362.161
143 82 203.215
143 89 219.67
143 100 572.112
144 20 132.992
144 37 139.302
144 91 148.596
144 102 103.978
144 143 337.944
145 6 82.6774
146 5 122.897
146 16 71.4698
146 48 198.301
146 61 64.7794
146 64 58.0307
146 77 55.7068
146 87 73.8145
146 135 124.149
147 14 23.2791
147 57 72.4179
147 116 20.3152
147 125 19.248
147 138 47.1646
147 148 20.4019
148 24 195.922
148 42 219.437
148 48 211.536
148 77 973.533
148 81 475.639
148 82 228.567
148 89 230.968
148 100 471.471
149 18 337.647
149 37 270.889
149 91 253.57
149 102 349.823
149 140 185.084
149 143 216.278
149 147 319.966
