100 100 711
0 25 198.949
0 27 371.616
0 71 237.807
0 74 156.662
0 76 556.114
0 99 240.821
1 22 226.551
1 31 180.706
1 39 449.375
1 41 167.839
1 49 375.268
1 54 165.292
1 69 208.431
1 84 332.471
1 89 190.513
2 1 11.153
2 5 24.8538
2 9 15.0548
2 10 10.4709
2 13 10.1533
2 28 20.6434
2 29 14.9901
2 36 14.1042
2 45 9.79411
2 50 10.8736
2 53 11.2
2 61 10.1162
2 81 15.2161
2 82 14.9889
2 94 12.0225
3 14 107.417
3 20 172.999
3 78 142.545
3 80 95.7518
3 88 130.754
4 20 91.2538
4 24 120.287
4 65 84.155
4 80 50.4464
5 36 7.40418
5 43 14.5852
5 45 7.42442
5 47 8.10945
5 53 6.85731
5 54 7.21937
5 61 8.74246
5 67 49.5083
5 68 9.25727
5 83 17.9589
5 90 7.52206
6 58 13.0271
6 65 10.5705
6 80 22.9452
6 86 10.4323
6 91 13.3622
7 26 201.403
7 34 188.032
7 38 188.753
7 57 174.911
7 71 249.836
7 73 681.749
7 76 190.112
7 87 600.864
7 99 239.016
8 6 229.884
8 7 284.333
8 17 180.442
8 52 189.942
8 75 455.745
8 86 187.31
8 91 196.411
9 17 148.18
9 52 155.464
9 63 257.254
9 72 194.748
9 74 129.598
9 78 264.867
9 88 133.592
10 12 20.5408
10 22 26.8809
10 39 19.9124
10 44 26.7283
10 47 40.3968
10 49 24.6192
10 54 22.4708
10 55 28.9315
10 84 24.1791
10 89 51.2871
10 90 22.0929
11 4 17.1871
11 17 19.3909
11 25 20.1704
11 63 71.6388
11 72 19.3299
11 74 35.9402
11 78 23.3655
12 1 422.625
12 4 181.213
12 5 544.725
12 8 294.161
12 28 141.672
12 50 392.265
12 94 257.554
13 0 821.446
13 2 1255.92
13 16 219.956
13 33 192.748
13 40 1394.38
13 92 223.373
13 97 625.794
14 26 184.44
14 34 190.992
14 38 196.308
14 57 285.133
14 70 215.88
14 73 350.219
14 87 377.374
15 12 132.897
15 15 136.229
15 23 152.73
15 32 147.699
15 46 159.473
15 59 189.141
15 98 177.462
16 18 334.79
16 35 1029.04
16 62 550.257
16 64 276.194
17 32 29.4399
17 51 15.9807
17 77 22.3641
18 15 107.649
18 23 130.017
18 32 107.378
18 51 78.6724
18 77 113.617
18 95 79.7218
18 98 208.609
19 12 169.369
19 18 274.51
19 35 131.172
19 62 144.738
19 64 267.038
20 25 141.122
20 36 97.9357
20 43 238.51
20 45 189.631
20 61 163.89
20 67 98.0688
20 83 192.566
21 22 529.829
21 31 174.892
21 37 190.225
21 39 1812.3
21 41 186.186
21 48 182.897
21 49 470.983
21 54 279.474
21 69 335.073
21 84 1647.08
21 89 297.311
22 14 82.6973
22 34 88.3567
22 38 93.7144
22 57 144.008
22 66 110.047
22 70 267.885
22 85 119.455
22 96 300.959
23 17 74.7042
23 25 69.2367
23 63 526.459
23 72 80.8432
23 74 118.248
23 78 127.844
23 88 67.4425
24 20 127.115
24 24 162.294
24 65 3192.52
24 80 159.996
25 0 235.844
25 2 268.108
25 9 71.5442
25 16 83.9982
25 33 90.076
25 40 264.689
25 82 70.8084
25 92 77.9402
25 97 367.317
26 12 75.458
26 18 118.642
26 35 83.3819
26 46 65.1395
26 59 76.0975
26 62 70.7107
26 64 68.5677
27 12 180.078
27 22 201.506
27 44 223.722
27 46 167.834
27 47 284.758
27 49 197.898
27 54 165.951
27 55 237.912
27 84 186.419
27 89 391.268
27 90 168.371
28 3 98.2878
28 12 83.6383
28 15 222.251
28 23 164.356
28 44 278.014
28 46 116.92
28 47 90.3639
28 55 251.796
28 59 102.51
28 90 125.09
28 98 112.568
29 1 155.633
29 4 77.1327
29 6 210.508
29 8 224.505
29 50 164.154
30 12 308.482
30 18 282.899
30 46 195.3
30 59 193.997
30 64 244.913
31 1 193.315
31 4 1043.8
31 5 178.061
31 6 192.076
31 8 216.68
31 17 228.412
31 50 192.054
31 94 313.431
32 11 315.876
32 58 624.018
32 80 198.429
32 86 313.347
32 91 259.135
33 25 112.78
33 27 87.255
33 63 60.8685
33 71 77.3785
33 74 98.9114
33 76 126.449
33 99 135.144
34 12 69.08
34 15 116.624
34 23 145.981
34 32 66.4159
34 44 65.5391
34 46 101.489
34 59 115.04
34 98 182.522
35 22 79.1811
35 31 82.4008
35 37 69.0872
35 39 128.832
35 41 95.3236
35 42 65.4678
35 48 86.5243
35 49 60.0386
35 54 69.6421
35 69 155.525
35 84 90.1218
35 89 47.9078
36 12 36.696
36 18 25.6993
36 35 15.2567
36 46 26.902
36 59 33.0546
36 62 14.2443
36 64 16.0452
37 1 354.871
37 4 200.23
37 6 596.673
37 8 549.332
37 50 371.423
37 94 175.152
38 19 193.657
38 30 121.827
38 60 170.625
38 79 132.24
39 14 11.0914
39 63 32.1989
39 72 11.4127
39 74 13.7305
39 78 46.8335
39 88 15.0584
40 19 206.438
40 30 229.5
40 56 616.657
40 57 192.611
40 60 205.962
40 96 255.122
41 26 97.5408
41 57 99.0342
41 73 113.233
41 79 94.9891
41 87 115.941
42 26 107.451
42 27 124.878
42 71 248.721
42 73 198.28
42 76 209.78
42 87 169.694
42 99 288.383
43 22 825.396
43 37 191.276
43 39 408.767
43 47 218.752
43 49 461.479
43 54 348.828
43 69 272.483
43 84 711.808
43 89 816.221
44 12 140.137
44 15 169.711
44 23 196.766
44 32 135.412
44 46 188.389
44 59 225.845
44 98 232.068
45 7 169.997
45 17 119.946
45 52 213.002
45 58 120.022
45 72 167.152
45 75 141.489
45 80 185.187
45 86 127.4
45 91 233.118
46 14 81.9034
46 20 171.037
46 24 367.345
46 65 82.0972
46 66 95.0627
47 14 1659.63
47 20 240.65
47 34 314.071
47 38 312.687
47 66 717.939
47 70 176.97
47 78 197.389
47 85 427.529
47 88 455.175
48 14 14.2424
48 20 113.141
48 24 21.3521
48 65 13.5151
48 66 13.6367
48 80 12.4735
48 88 13.8983
49 32 70.7966
49 51 117.817
49 77 147.582
49 95 69.9986
50 79 78.8475
51 18 193.68
51 35 620.684
51 62 818.274
51 64 223.465
52 4 14.6365
52 25 25.226
52 36 15.7576
52 43 20.3287
52 45 38.1024
52 61 24.9559
52 74 15.5946
52 83 18.3224
52 94 16.7608
53 19 2233.82
53 30 530.017
53 56 328.387
53 60 413.605
54 12 130.408
54 18 216.583
54 35 127.444
54 62 147.014
54 64 290.001
55 14 538.496
55 20 335.425
55 24 166.637
55 34 226.595
55 38 219.465
55 66 309.369
55 78 273.343
55 85 240.016
55 88 621.304
56 1 189.988
56 8 180.072
56 10 193.393
56 50 193.255
57 14 16.0453
57 20 49.8548
57 24 39.014
57 65 14.6018
57 66 17.3677
57 88 14.3489
58 4 112.994
58 8 32.9688
58 17 44.1593
58 25 32.7098
58 63 34.3393
58 72 33.1749
58 74 36.1297
58 94 51.315
59 4 157.5
59 17 160.262
59 25 152.166
59 63 288.126
59 72 145.841
59 74 239.201
59 78 136.2
60 21 213.53
60 26 412.898
60 27 178.569
60 71 364.396
60 73 255.46
60 76 215.77
60 87 238.014
60 93 184.773
60 95 169.862
60 99 193.062
61 6 270.2
61 7 248.877
61 17 171.758
61 52 166.78
61 75 283.903
62 12 116.466
62 15 210.78
62 23 173.548
62 44 207.73
62 46 236.109
62 55 152.006
62 59 181.468
62 98 117.009
63 3 101.233
63 15 170.14
63 21 94.4032
63 23 205.226
63 32 104.415
63 51 101.104
63 77 135.533
63 95 113.858
63 98 294.426
64 3 89.8502
64 21 135.548
64 26 241.993
64 51 145.087
64 71 92.5175
64 77 98.0291
64 79 92.1762
64 93 101.897
64 95 193.712
65 22 212.366
65 31 125.328
65 33 168.822
65 37 666.42
65 39 160.55
65 41 168.085
65 42 122.258
65 48 213.584
65 53 122.051
65 54 416.513
65 67 147.692
65 68 283.118
65 69 335.688
65 84 164.31
65 89 128.468
66 0 44.4581
66 2 50.6588
66 9 51.4234
66 28 47.6816
66 29 57.6428
66 33 415.289
66 37 66.0927
66 40 48.9116
66 41 51.2817
66 42 44.6958
66 48 63.3029
66 53 71.5665
66 68 66.571
66 69 44.0694
66 81 56.6938
66 82 56.3825
66 97 57.9104
67 7 102.263
67 17 92.6113
67 52 227.303
67 72 192.13
67 75 58.1833
67 80 66.2543
67 91 66.8812
68 1 141.318
68 4 349.259
68 5 197.652
68 8 140.641
68 25 156.156
68 36 147.09
68 45 219.778
68 50 138.726
68 61 170.917
68 94 514.598
69 22 44.9598
69 31 23.2426
69 33 27.0077
69 37 86.6538
69 39 32.6387
69 41 30.5371
69 42 22.2633
69 48 37.4956
69 49 22.8781
69 54 97.7646
69 67 25.1211
69 68 41.0047
69 69 73.69
69 84 33.6606
69 89 25.319
70 1 354.738
70 4 95.7723
70 5 110.796
70 6 149.805
70 8 393.015
70 50 392.37
70 94 97.2314
71 32 693.978
71 77 180.59
72 26 126.24
72 51 153.648
72 79 199.704
72 95 129.587
73 7 40.5057
73 17 32.7938
73 52 53.6092
73 72 46.3897
73 75 33.4335
73 80 72.8366
73 86 32.3508
73 91 51.5099
74 12 116.152
74 49 142.115
74 89 119.146
75 1 88.4171
75 4 124.9
75 6 169.523
75 7 116.548
75 8 107.812
75 17 170.602
75 50 89.305
75 52 98.1481
75 72 101.897
75 94 83.7078
76 12 72.8364
76 15 118.412
76 23 135.346
76 44 69.3331
76 46 130.26
76 55 59.0896
76 59 147.801
76 98 118.868
77 0 100.971
77 16 213.294
77 92 168.648
78 17 7.41845
78 20 6.96581
78 52 8.41657
78 63 10.3252
78 72 9.83339
78 78 13.9907
78 88 8.03185
79 10 1212.94
79 13 243.466
80 0 100.443
80 2 79.4474
80 9 159.349
80 10 87.4062
80 13 288.404
80 16 101.24
80 28 99.0138
80 29 89.9265
80 40 80.8218
80 81 89.0973
80 82 132.924
80 97 135.996
81 12 1.93192
81 22 1.79253
81 44 2.3258
81 46 1.90589
81 47 2.32903
81 49 1.77839
81 55 2.41262
81 59 1.78254
81 84 1.73588
81 89 2.32526
81 90 1.85473
82 43 247.936
82 45 82.9609
82 47 71.3135
82 61 89.9725
82 67 130.565
82 83 238.104
82 90 86.1698
83 10 109.897
83 13 151.893
83 16 191.53
84 1 201.761
84 4 173.662
84 5 359.708
84 8 174.622
84 36 97.4776
84 45 98.9686
84 50 192.297
84 94 329.884
85 12 301.084
85 15 424.793
85 23 413.869
85 44 311.307
85 46 742.123
85 55 251.803
85 59 671.263
85 98 309.626
86 1 271.84
86 4 213.308
86 5 441.282
86 8 231.655
86 45 119.949
86 50 258.121
86 94 376.762
87 25 128.05
87 27 118.049
87 43 407.249
87 45 160.021
87 61 160.947
87 67 150.454
87 83 317.659
87 90 112.936
88 18 210.959
88 35 797.441
88 62 477.997
88 64 210.6
89 16 144.888
89 92 150.77
90 19 283.859
90 30 108.177
90 56 86.8052
90 60 192.337
90 79 81.5249
91 2 29.8338
91 9 46.2487
91 28 43.8247
91 29 57.3765
91 33 122.168
91 36 32.4379
91 37 37.5369
91 48 32.9787
91 53 75.5672
91 68 45.9376
91 81 55.9926
91 82 53.6479
91 97 37.4207
92 7 159.113
92 17 233.678
92 52 226.849
92 63 302.084
92 72 309.266
92 74 163.094
92 78 236.748
93 21 122.518
93 26 205.769
93 71 203.96
93 73 236.263
93 76 137.41
93 87 221.063
93 99 141.568
94 1 78.6413
94 4 60.9811
94 5 158.9
94 8 66.1473
94 36 37.7541
94 45 37.381
94 50 74.7415
94 94 110.002
95 21 194.947
95 26 382.427
95 71 236.994
95 73 229.224
95 79 177.697
95 87 222.743
95 95 184.472
96 3 183.964
96 21 122.201
96 27 195.716
96 71 106.977
96 76 116.272
96 90 130.41
96 93 171.723
97 20 15.7276
97 24 16.8198
97 65 64.8952
97 80 30.0035
98 19 2.2315
98 30 2.94677
98 56 2.96412
98 60 1.95387
99 56 200.913
99 57 214.271
99 70 257.972
99 96 719.777
