250 250 1876
0 0 133.44
0 36 153.444
0 72 120.836
0 79 147.502
0 99 96.8146
0 121 86.1834
0 138 168.558
0 158 158.446
0 197 169.28
0 211 103.008
0 241 174.017
1 19 392.529
1 44 375.77
1 87 363.262
1 91 287.855
1 128 253.57
1 135 578.852
1 159 1121.98
1 190 312.049
1 208 221.111
2 18 303.116
2 38 854.362
2 44 335.378
2 84 281.985
2 100 548.689
2 128 317.332
2 135 231.412
2 141 436.979
2 170 271.472
2 172 275.548
2 205 659.923
2 216 1186.85
2 217 363.061
3 18 285.923
3 38 265.752
3 84 272.906
3 126 1593.72
3 216 251.979
4 26 431.199
4 47 345.633
4 50 1880.94
4 85 223.148
4 114 238.228
4 150 308.614
4 219 407.311
4 235 1351.62
4 249 304.081
5 12 406.833
5 30 296.956
5 35 699.811
5 40 328.56
5 103 531.342
5 131 1259.79
5 163 343.52
5 184 330.09
6 33 237.781
6 39 268.36
6 101 278.713
6 146 331.981
7 20 360.897
7 27 317.359
7 75 358.106
7 89 520.407
7 114 329.447
7 157 337.992
8 1 35.0716
8 8 44.947
8 11 39.9262
8 21 35.7709
8 34 49.2075
8 66 36.8097
8 69 36.1503
8 76 65.0048
8 145 62.2542
8 164 51.9128
8 199 62.1168
8 218 72.5905
8 226 74.7706
9 19 417.58
9 44 157.802
9 87 180.508
9 126 103.481
9 135 116.645
9 159 138.91
9 187 155.436
10 52 247.337
10 63 333.425
10 97 457.765
10 108 231.006
10 116 237.535
10 147 719.631
10 151 275.941
10 153 1241.36
10 173 533.126
10 193 345.337
10 214 246.08
11 26 320.465
11 27 290.384
11 47 284.358
11 50 577.489
11 114 480.36
11 150 854.358
11 219 862.474
11 235 537.91
11 249 540.742
12 18 67.7786
12 24 70.747
12 67 59.7737
12 84 65.5391
12 126 173.474
13 78 169.641
13 239 401.698
14 70 216.378
14 89 186.9
14 127 175.956
14 142 190.894
14 157 248.009
14 192 183.704
14 247 646.834
15 12 84.8396
15 30 62.5942
15 35 155.125
15 40 69.6104
15 103 141.885
15 131 203.197
15 163 82.8537
15 179 59.9196
15 184 69.0992
15 243 59.903
16 41 299.369
16 47 209.458
16 71 230.892
16 81 508.886
16 85 415.242
16 119 599.144
16 143 246.307
16 196 2104.02
16 209 706.095
17 77 462.218
17 108 411.076
17 122 446.541
17 160 247.702
17 193 241.795
17 238 489.961
18 13 877.677
18 14 134.167
18 55 1442.01
18 56 139.338
18 98 322.614
18 140 126.516
18 156 394.782
18 175 142.139
18 220 135.765
18 223 155.853
19 63 335.227
19 77 205.729
19 108 302.06
19 147 187.137
19 193 203.15
19 238 175.508
20 51 199.83
20 96 466.645
20 230 231.393
20 232 159.516
21 52 186.44
21 63 261.514
21 97 343.775
21 108 181.388
21 116 183.714
21 147 569.339
21 151 210.682
21 153 844.305
21 173 404.744
21 193 274.593
21 214 192.786
22 18 284.378
22 24 357.566
22 67 285.98
22 84 278.066
22 120 267.106
22 126 514.821
23 111 107.318
23 154 103.539
23 171 218.71
23 200 111.747
23 203 363.442
24 58 181.493
24 61 137.574
24 127 687.933
24 192 182.944
24 227 133.905
24 247 219.63
25 45 86.9045
25 64 114.689
25 80 112.852
25 82 104.787
25 83 107.64
25 115 92.7462
25 116 66.7835
25 117 53.8723
25 144 74.5857
25 148 126.862
25 167 58.0684
25 168 59.2112
25 176 64.5364
25 177 104.328
25 185 88.1598
25 214 59.0628
25 231 79.4862
26 96 162.363
27 16 108.241
27 43 74.8095
27 54 130.638
27 204 128.79
27 233 59.1057
28 5 2814.9
28 53 1375.88
28 78 306.607
28 140 305.946
29 49 421.708
29 52 455.875
29 83 341.729
29 97 735.086
29 115 352.236
29 116 872.061
29 118 421.08
29 151 1435.42
29 153 406.604
29 168 310.098
29 173 835.997
29 176 480.5
29 177 295.072
29 185 525.341
29 193 347.119
29 214 391.655
30 4 293.454
30 7 114.126
30 8 150.089
30 79 95.5412
30 107 82.4412
30 121 100.364
30 138 87.1771
30 164 92.4434
30 165 107.84
30 183 143.144
30 199 105.598
30 218 98.1572
31 49 109.592
31 52 93.7981
31 83 135.448
31 97 82.4412
31 115 156.667
31 116 131.053
31 118 126.985
31 151 148.72
31 168 191.594
31 173 80.6547
31 176 430.322
31 177 118.829
31 185 105.785
32 91 175.859
32 135 182.643
32 159 188.994
32 190 198.116
32 208 399.842
32 210 216.59
33 1 357.573
33 11 463.338
33 21 257.944
33 66 273.633
33 69 253.584
33 73 243.613
33 76 512.6
33 110 274.069
33 124 281.612
33 145 1203.07
33 161 236.972
33 164 277.017
33 195 230.634
33 199 249.152
33 207 236.861
33 215 247.923
33 218 291.766
33 226 448.33
34 16 625.092
34 54 399.406
34 188 576.507
34 202 303.804
34 204 448.929
34 233 638.028
35 132 339.761
35 179 278.727
35 206 1801.65
35 236 237.339
35 240 807.364
36 0 34.4245
36 21 8.53801
36 36 11.381
36 66 8.13227
36 72 13.0821
36 79 8.93296
36 123 10.1073
36 125 10.1195
36 138 8.62827
36 174 9.55255
36 191 10.308
36 197 21.2772
36 207 9.0465
36 211 28.4889
36 241 22.354
37 5 176.18
37 53 178.737
37 56 197.024
37 140 703.23
37 156 219.882
37 220 176.031
38 14 111.58
38 37 71.3651
38 80 69.692
38 90 67.4288
38 117 104.348
38 129 86.3323
38 130 69.0662
38 144 98.0849
38 223 93.3105
38 224 80.1503
38 228 105.134
39 19 32.4491
39 25 29.9101
39 59 40.7507
39 126 33.7173
39 187 43.4097
40 25 364.644
40 87 282.202
40 91 188.78
40 136 232.679
40 152 241.304
40 187 704.889
40 248 379.439
41 33 163.84
41 39 625.241
41 101 504.968
41 146 258.416
41 229 143.095
42 3 276.178
42 125 270.849
42 137 242.287
42 155 291.557
42 174 378.118
42 191 343.908
43 100 93.9374
43 141 125.204
43 170 89.7174
43 172 113.511
43 205 76.7815
43 217 98.9027
44 4 305.027
44 8 1453.36
44 21 246.991
44 34 321.874
44 66 240.441
44 79 238.938
44 123 284.07
44 164 541.532
44 165 265.15
44 183 234.805
44 199 769.13
44 218 776.578
45 20 287.891
45 89 233.029
45 109 241.242
45 127 284.482
45 157 237.726
45 227 248.331
45 247 310.676
46 132 107.157
46 206 171.126
46 236 71.1437
46 240 136.432
47 132 284.77
47 206 264.423
47 236 615.239
48 18 201.299
48 19 192.222
48 38 458.091
48 44 311.423
48 84 188.903
48 100 400.976
48 128 299.398
48 135 207.22
48 141 279.863
48 170 182.143
48 172 210.235
48 205 371.027
48 216 566.831
48 217 279.249
49 9 239.486
49 43 280.143
49 102 228.923
49 212 229.001
50 2 23248.6
50 45 288.947
50 60 976.392
50 64 248.358
50 148 240.23
50 167 278.168
50 221 594.703
50 246 246.843
51 91 129.233
51 159 97.059
51 190 141.451
51 208 474.528
52 64 289.018
52 83 295.283
52 115 307.661
52 148 260.332
52 163 306.117
52 167 645.905
52 168 403.883
52 176 265.27
52 177 346.005
52 246 320.869
53 106 826.178
53 160 117.404
53 175 76.155
53 189 73.8911
53 194 216.649
53 238 65.5946
54 45 224.505
54 64 251.807
54 77 265.305
54 80 366.848
54 82 2201.59
54 83 304.887
54 115 278.731
54 116 321.769
54 122 230.346
54 129 246.406
54 144 313.911
54 148 268.535
54 176 235.176
54 177 273.443
54 185 465.243
54 193 242.013
54 214 421.641
54 228 229.481
54 231 879.685
55 32 320.81
55 56 706.494
55 140 341.219
55 156 302.864
55 202 457.998
56 42 265.583
56 46 350.177
56 61 582.293
56 95 634.071
56 99 261.913
56 109 423.774
56 225 261.195
56 227 558.854
57 23 297.178
57 29 359.213
57 31 352.502
57 57 606.319
57 94 571.894
57 112 1024.2
57 178 261.526
57 182 325.854
57 186 534.538
58 70 39.9198
58 75 542.248
58 89 62.5192
58 157 44.9098
59 33 258.132
59 68 198.405
59 92 179.705
59 111 287.561
59 120 201.585
59 146 186.44
59 154 276.492
59 171 300.205
59 200 243.933
59 201 671.016
59 203 252.493
60 13 467.156
60 14 82.9949
60 55 698.282
60 56 87.6845
60 98 210.941
60 140 81.8799
60 156 265.838
60 175 92.2682
60 220 88.5692
60 223 95.9514
61 22 212.817
61 23 159.399
61 31 480.481
61 57 179.485
61 69 109.069
61 73 116.72
61 94 238.553
61 105 111.73
61 112 134.056
61 182 148.477
61 186 147.123
61 198 167.945
61 234 136.335
62 18 161.115
62 38 118.479
62 84 125.114
62 100 44.303
62 126 46.57
62 141 60.6161
62 170 78.8305
62 205 128.818
62 216 96.2757
63 62 41.5787
63 172 18.5465
63 217 15.1471
64 14 943.397
64 32 385.52
64 37 328.21
64 56 338.904
64 90 477.175
64 117 303.329
64 129 299.783
64 144 275.382
64 223 658.167
64 224 303.274
64 228 346.974
65 22 166.305
65 23 516.58
65 31 573.963
65 57 285.83
65 94 388.497
65 112 259.694
65 182 567.417
65 186 761.542
65 198 174.686
65 234 253.117
66 1 350.479
66 11 432.01
66 21 264.808
66 34 260.317
66 66 278.157
66 69 289.331
66 73 272.458
66 76 636.982
66 110 255.389
66 124 262.531
66 145 807.335
66 164 311.008
66 199 301.602
66 215 256.456
66 218 350.608
66 226 591.832
67 17 435.592
67 30 224.894
67 110 224.799
67 124 230.129
67 125 253.767
67 155 234.07
67 161 228.372
67 174 215.057
67 184 297.791
67 191 233.328
67 195 260.081
68 33 446.511
68 68 1135.34
68 101 275.827
68 111 510.806
68 146 321.767
68 154 557.611
68 171 244.409
68 201 302.845
69 103 39.873
69 163 39.6408
69 179 264.682
69 206 40.1711
69 240 45.1257
70 106 321.114
70 160 606.069
70 194 311.479
70 238 331.472
71 49 253.357
71 52 270.257
71 82 217.762
71 83 256.536
71 97 429.56
71 115 260.238
71 116 832.694
71 118 254.297
71 147 208.871
71 151 616.38
71 153 280.693
71 168 216.115
71 173 518.368
71 176 331.768
71 177 219.054
71 185 468.405
71 193 291.574
71 214 351.358
71 231 208.702
72 20 442.43
72 27 771.464
72 114 624.405
72 150 415.244
72 222 347.854
73 20 113.783
73 70 105.001
73 89 112.289
73 109 100.353
73 127 158.312
73 157 122.589
73 192 106.767
73 227 106.297
73 247 197.478
74 7 15.2751
74 46 16.1047
74 79 13.564
74 93 17.995
74 107 32.7632
74 121 24.4305
74 138 15.4836
74 158 17.8843
74 183 17.0714
74 225 22.1053
75 36 424.116
75 46 415.436
75 72 314.841
75 95 269.168
75 99 1082.38
75 158 428.009
75 225 272.688
76 24 158.378
76 67 216.407
76 126 176.909
76 181 401.159
76 244 221.128
77 55 30.0223
77 98 39.2851
77 106 32.4532
77 122 34.7729
77 160 51.2433
77 175 32.2615
77 194 49.2032
77 238 105.855
78 36 153.929
78 46 269.52
78 79 193.555
78 107 218.278
78 121 223.993
78 138 236.872
78 158 547.367
78 183 167.801
78 225 276.112
79 132 194.408
79 206 213.002
79 236 212.312
79 240 182.27
80 15 103.091
80 27 172.703
80 50 104.437
80 114 725.205
80 150 663.209
80 219 141.863
80 222 101.102
80 235 100.205
80 249 120.659
81 3 116.276
81 104 89.0464
81 137 130.028
81 155 92.0559
81 180 67.0625
81 232 93.1672
82 18 119.889
82 19 104.185
82 38 127.998
82 84 112.624
82 126 518.085
82 205 115.915
82 216 121.679
83 19 161.311
83 25 268.799
83 87 202.899
83 136 181.463
83 187 1324.29
83 248 183.747
84 52 257.321
84 132 385.315
84 236 650.001
85 35 104.029
85 103 197.056
85 131 66.1515
85 163 243.548
85 179 142.487
85 246 60.5072
86 81 548.257
86 85 127.371
86 119 186.984
86 162 191.493
86 181 137.56
86 196 327.093
86 209 362.462
86 244 182.163
86 245 160.931
87 58 90.4302
87 149 105.445
87 213 242.062
87 225 121.545
88 91 251.449
88 128 219.764
88 135 307.652
88 159 304.294
88 190 286.049
88 208 467.981
88 210 318.386
89 12 235.406
89 35 400.987
89 40 201.351
89 103 361.483
89 131 215.6
89 163 1481.58
89 179 243.623
89 246 294.291
90 4 374.853
90 7 303.685
90 79 622.763
90 107 390.342
90 121 699.501
90 138 680.214
90 158 230.021
90 183 659.039
90 197 239.878
90 241 237.035
91 25 197.11
91 136 328.631
91 187 68.3077
92 67 172.829
92 171 138.012
92 200 189.308
92 203 185.128
92 244 173.023
93 0 393.438
93 36 318.38
93 72 376.851
93 79 165.402
93 99 158.264
93 123 159.09
93 125 160.664
93 138 165.053
93 158 151.161
93 174 167.899
93 191 172.731
93 197 341.332
93 211 324.973
93 241 360.002
94 63 369.327
94 77 154.741
94 108 216.461
94 147 186.537
94 193 169.33
95 16 83.4688
95 78 167.046
95 188 118.273
95 202 110.543
95 233 125.418
96 63 741.157
96 108 149.864
96 147 382.015
96 153 152.118
96 193 163.004
97 28 297.108
97 169 877.411
98 29 363.056
98 48 1000.47
98 65 308.467
98 178 1092.9
99 3 448.661
99 104 185.81
99 125 198.829
99 137 326.332
99 155 461.863
99 174 276.345
99 191 242.934
100 9 32.6704
100 43 53.7672
100 54 27.4123
100 92 20.3214
100 170 19.6899
100 204 24.7666
101 8 23.4348
101 34 60.0243
101 69 24.8237
101 73 21.7811
101 76 27.0251
101 139 43.3164
101 199 28.8403
101 218 24.175
101 226 33.4347
102 19 107.94
102 25 104.254
102 87 316.737
102 91 183.378
102 152 170.054
102 159 133.003
102 187 175.055
102 190 159.906
102 248 337.637
103 49 230.237
103 118 251.808
103 132 298.545
103 163 249.23
103 168 250.119
103 179 468.086
103 206 336.546
103 240 423.187
104 91 386.096
104 135 225.066
104 159 288.622
104 190 437.498
104 208 3873.89
105 41 96.9127
105 209 93.6563
106 0 174.023
106 21 305.767
106 66 265.232
106 79 88.3531
106 123 260.76
106 124 90.2842
106 125 140.348
106 161 164.217
106 164 117.307
106 174 87.0488
106 191 104.989
106 197 143.846
106 207 395.696
106 211 211.633
106 241 140.916
107 18 92.9218
107 19 85.9667
107 38 147.828
107 44 95.0053
107 84 85.123
107 100 68.5373
107 126 115.391
107 141 71.3404
107 170 69.7241
107 205 117.697
107 216 142.024
108 58 86.9498
108 61 93.0905
108 95 84.2573
108 127 215.274
108 149 62.533
108 213 76.6427
108 227 73.173
109 28 696.722
109 105 268.998
109 169 289.637
109 243 274.725
110 59 64.5056
110 81 50.0375
110 86 54.43
110 113 65.4907
110 162 435.027
110 181 67.7684
110 244 54.0792
110 245 99.4651
111 71 344.392
111 81 275.551
111 86 291.597
111 88 619.808
111 119 414.674
111 133 485.053
111 143 292.566
111 162 346.376
111 196 347.938
111 209 265.811
111 245 584.932
112 41 341.413
112 81 374.279
112 85 269.69
112 196 305.527
112 209 418.124
112 244 274.318
113 1 538.404
113 6 434.63
113 11 390.543
113 22 285.574
113 69 255.182
113 73 291.102
113 76 242.551
113 105 217.186
113 215 980.88
114 12 312.541
114 35 711.708
114 40 261.159
114 103 1414.34
114 131 369.801
114 163 1081.29
114 179 412.835
114 246 281.728
115 24 131.569
115 67 37.4255
115 84 20.3338
115 92 27.5115
115 120 50.719
115 200 28.1015
116 26 262.975
116 41 209.304
116 47 230.665
116 50 500.465
116 85 204.432
116 114 218.865
116 150 323.209
116 219 954.332
116 235 477.732
116 249 471.977
117 46 358.224
117 61 351.807
117 95 375.007
117 127 261.323
117 213 401.012
117 225 555.363
118 19 40.4413
118 44 76.6242
118 87 18.9901
118 91 14.5358
118 128 23.4124
118 135 39.8027
118 159 27.6204
118 190 15.1986
118 216 14.8413
119 63 540.469
119 77 336.612
119 97 354.897
119 108 476.32
119 116 306.506
119 147 677.872
119 151 283.028
119 153 452.733
119 173 424.396
119 185 285.063
119 193 1067.76
119 214 442.909
120 62 5.3072
120 100 6.53052
120 128 5.40987
120 172 10.0882
120 217 8.72755
121 13 39.9712
121 14 110.442
121 55 36
121 56 31.9322
121 90 24.0565
121 129 35.0574
121 156 26.6154
121 223 203.826
121 228 39.9716
122 58 145.308
122 149 376.209
122 213 270.445
123 70 8.97572
123 75 4.52219
123 89 7.74634
123 142 3.54731
123 157 29.4845
123 247 4.3863
124 12 672.949
124 30 1498.86
124 35 295.118
124 40 998.831
124 131 355.007
124 180 243.03
124 184 406.684
124 242 585.03
124 246 252.514
125 49 29.4981
125 52 41.3726
125 97 47.1279
125 118 25.5407
125 147 20.5156
125 151 26.9755
125 153 40.8971
125 173 36.8725
126 39 50.7243
126 180 110.47
126 229 430.381
126 242 61.6442
127 78 174.945
127 233 217.064
127 239 175.03
128 8 238.037
128 11 185.658
128 34 420.126
128 69 232.783
128 73 204.415
128 76 353.216
128 139 219.695
128 145 219.92
128 164 205.569
128 199 331.522
128 218 299.868
128 226 489.97
129 29 387.373
129 48 437.074
129 65 251.278
129 112 202.696
129 178 1316.12
130 70 752.529
130 75 655.055
130 89 468.826
130 142 269.959
130 157 582.062
131 58 203.976
131 61 422.821
131 95 355.58
131 109 218.011
131 127 420.811
131 213 196.709
131 227 310.286
132 58 1335.07
132 127 550.322
132 149 556.225
132 192 327.49
132 213 512.575
133 25 699.73
133 59 333.503
133 87 293.837
133 113 285.709
133 136 466.211
133 187 822.395
133 248 294.407
134 14 255.882
134 32 495.051
134 37 334.198
134 56 204.868
134 90 1308.15
134 117 183.302
134 130 198.877
134 188 187.009
134 223 222.515
134 224 234.615
135 91 212.34
135 190 223.175
135 208 429.033
136 5 61.1041
136 53 82.7202
136 78 374.2
136 202 65.0466
137 14 345.59
137 32 735.927
137 37 263.762
137 56 308.841
137 90 978.338
137 188 213.351
137 202 229.616
137 223 301.146
137 224 208.078
138 3 123.176
138 17 118.066
138 30 131.681
138 155 156.135
138 184 137.153
138 242 99.4887
139 16 169.43
139 54 100.268
139 102 98.4626
139 188 87.1086
139 204 102.111
139 212 91.8087
140 0 119.203
140 36 175.198
140 46 94.2248
140 72 128.301
140 79 130.37
140 99 111.996
140 138 150.154
140 158 194.929
140 197 143.163
140 211 95.6588
140 241 146.787
141 10 658.567
141 42 535.387
141 51 162.115
141 96 193.613
141 99 156.969
141 222 152.63
141 230 296.115
141 237 983.429
142 24 367.948
142 67 377.088
142 120 258.752
142 126 305.033
142 181 269.685
142 200 238.38
143 16 270.767
143 43 288.072
143 54 1120.65
143 204 1000.01
143 233 387.491
144 13 159.997
144 14 193.196
144 32 208.123
144 55 151.805
144 56 1980.69
144 90 171.651
144 140 146.362
144 156 172.816
144 202 190.827
144 223 200.046
145 1 214.704
145 6 607.722
145 11 212.007
145 17 206.484
145 110 258.408
145 124 211.608
145 195 269.666
145 215 180.17
146 45 75.1204
146 64 64.4943
146 80 680.003
146 82 62.0954
146 83 41.2897
146 117 81.534
146 129 49.8844
146 130 44.6282
146 144 155.034
146 148 75.6733
146 177 41.7718
146 224 44.4985
146 228 51.2744
146 231 53.833
147 49 389.772
147 52 396.196
147 97 241.64
147 118 347.847
147 132 424.969
147 236 349.984
148 16 170.512
148 32 295.575
148 56 129.088
148 90 200.978
148 188 412.595
148 202 278.813
149 49 507.903
149 52 384.663
149 83 328.907
149 115 362.126
149 116 302.69
149 118 631.79
149 132 313.39
149 151 394.847
149 168 560.268
149 176 506.256
149 177 320.613
149 240 286.506
150 1 131.344
150 6 291.863
150 11 132.861
150 17 150.422
150 110 190.516
150 124 151.952
150 195 204.634
150 215 108.122
151 62 675.827
151 172 228.422
152 12 626.165
152 30 311.924
152 35 487.963
152 40 562.569
152 103 296.219
152 131 331.414
152 163 402.742
152 242 338.584
152 246 1003.16
153 63 123.875
153 77 454.278
153 82 104.413
153 108 436.73
153 122 188.47
153 193 167.303
153 214 138.631
153 231 123.141
153 238 129.229
154 87 13.2527
154 91 23.1147
154 152 22.6569
154 190 21.3749
154 208 18.2766
154 248 17.3385
155 103 244.306
155 115 223.478
155 163 381.402
155 167 262.689
155 168 330.126
155 176 225.779
155 177 227.819
155 179 325.262
155 246 227.725
156 19 150.49
156 44 151.583
156 87 204.686
156 91 339.836
156 135 241.856
156 159 383.757
156 190 433.732
156 208 444.626
156 210 158.599
157 14 154.144
157 16 160.711
157 32 1676.97
157 37 164.925
157 56 183.457
157 90 536.417
157 188 236.358
157 202 223.574
157 223 142.79
158 175 31.7838
158 189 42.5168
158 220 46.5574
159 24 449.084
159 67 687.486
159 92 294.971
159 120 471.911
159 171 369.869
159 200 4564.16
159 201 322.314
159 203 429.062
160 59 284.489
160 86 680.227
160 113 845.349
160 133 210.249
160 162 263.166
160 245 322.456
161 15 11.4099
161 27 13.456
161 50 10.1118
161 114 68.306
161 150 38.716
161 219 12.0664
161 235 9.70309
161 249 10.287
162 37 379.578
162 60 230.971
162 102 760.234
162 117 226.853
162 130 421.88
162 212 776.291
162 221 331.696
162 224 373.021
163 77 314.889
163 108 252.54
163 122 467.812
163 129 198.647
163 160 209.634
163 238 457.369
164 49 217.651
164 118 218.014
164 132 1586.29
164 206 431.354
164 236 370.809
164 240 470.022
165 3 200.699
165 51 157.74
165 104 539.59
165 137 493.577
165 155 164.154
165 166 259.258
165 232 507.283
166 43 204.964
166 102 241.17
166 212 242.31
167 1 501.226
167 6 125.262
167 11 257.423
167 22 98.7253
167 69 127.813
167 73 145.686
167 76 135.872
167 145 95.284
167 198 82.9459
167 215 477.558
167 226 108.649
168 14 26.6134
168 37 37.7095
168 45 35.0626
168 60 26.3145
168 64 27.2682
168 80 44.7452
168 117 465.064
168 129 27.7483
168 130 56.29
168 144 51.0836
168 148 29.7662
168 224 61.5487
168 228 30.4605
169 59 127.388
169 81 166.605
169 86 126.077
169 113 132.641
169 119 118.692
169 162 873.014
169 181 170.946
169 196 141.766
169 209 140.142
169 244 157.98
169 245 268.47
170 9 214.62
170 43 181.708
170 92 135.58
170 146 149.88
171 58 239.679
171 127 158.258
171 142 177.983
171 149 174.985
171 192 420.443
171 247 166.793
172 62 48.7798
172 239 291.099
173 1 5.11031
173 6 10.615
173 11 5.15197
173 17 5.11279
173 110 6.59082
173 124 5.44759
173 145 4.10613
173 195 6.81901
173 215 4.32452
174 24 384.28
174 67 1206.95
174 120 326.719
174 181 371.851
174 200 640.466
174 203 297.142
174 244 427.868
175 55 125.286
175 98 203.36
175 106 163.074
175 156 133.929
175 175 1414.34
175 189 192.981
175 194 200.205
175 220 250.536
176 41 537.457
176 74 555.905
176 85 311.279
176 219 290.334
176 249 367.893
177 25 887.81
177 136 534.873
177 152 200.086
177 187 291.382
177 248 237.457
178 33 109.306
178 68 136.473
178 111 198.911
178 154 185.89
178 171 4272.24
178 200 125.675
178 201 164.675
178 203 491.077
179 12 296.454
179 30 147.26
179 35 381.396
179 40 237.394
179 103 202.262
179 131 196.942
179 163 305.027
179 242 141.549
179 246 324.585
180 70 439.319
180 142 2742.69
180 157 361.935
180 192 417.788
180 247 533.324
181 59 19.4789
181 86 34.2188
181 88 15.9192
181 113 31.9646
181 133 17.6502
181 162 32.7074
181 245 47.2348
182 70 392.398
182 75 184.707
182 89 296.529
182 142 218.473
182 157 516.266
182 192 166.639
182 247 393.653
183 175 82.2696
183 189 179.404
183 220 95.7332
184 128 180.6
184 135 150.947
184 210 929.9
185 93 119.398
185 107 94.0639
185 149 107.367
185 213 196.092
185 225 113.195
186 77 174.514
186 82 236.9
186 83 191.039
186 97 189.332
186 108 173.79
186 115 185.606
186 116 490.479
186 151 224.244
186 153 157.663
186 173 220.207
186 176 197.416
186 177 162.483
186 185 520.644
186 193 272.655
186 214 555.101
186 231 228.74
187 25 214.983
187 59 367.499
187 113 271.453
187 136 204.001
187 187 193.825
188 4 280.138
188 8 738.314
188 21 334.139
188 34 301.982
188 66 323.438
188 79 267.486
188 123 386.334
188 145 259.675
188 164 1072.09
188 199 658.808
188 207 273.221
188 218 1048.69
189 19 180.291
189 25 252.495
189 59 219.688
189 87 180.847
189 136 195.302
189 187 417.129
190 15 340.98
190 50 263.031
190 114 330.886
190 150 343.484
190 219 220.664
190 235 247.335
191 51 255.109
191 68 263.96
191 104 446.994
191 137 256.613
191 166 295.945
191 232 687.144
192 10 297.023
192 42 260.77
192 74 287.444
192 96 1070.94
192 230 366.955
192 237 295.284
193 18 230.575
193 38 469.455
193 44 235.511
193 84 218.427
193 100 890.379
193 128 269.332
193 141 453.398
193 170 225.19
193 172 303.661
193 205 451.33
193 216 556.35
193 217 443.819
194 24 1420.84
194 67 653.877
194 92 388.944
194 120 1073.08
194 200 600.602
195 42 56.3091
195 46 76.8939
195 61 159.152
195 95 169.299
195 109 101.934
195 225 59.4662
195 227 149.091
196 32 24.0359
196 53 21.5616
196 56 23.3426
196 78 26.9893
196 188 30.0134
196 202 105.753
197 132 58.7437
197 179 63.7496
197 206 227.179
197 240 141.412
198 13 572.807
198 55 648.973
198 56 244.063
198 98 548.071
198 140 295.423
198 156 1619.48
198 175 297.543
198 220 325.295
198 223 224.705
199 70 263.343
199 142 358.556
200 2 256.855
200 12 438.056
200 30 282.193
200 35 305.53
200 40 471.923
200 163 270.826
200 242 380.78
200 246 960.642
201 18 89.2072
201 19 77.0313
201 38 241.031
201 44 117.911
201 84 82.9373
201 100 141.598
201 128 101.973
201 135 76.4342
201 141 114.683
201 170 78.082
201 172 77.7845
201 205 176.758
201 216 319.308
201 217 100.159
202 29 180.783
202 57 239.858
202 94 198.273
202 105 296.757
202 112 207.736
202 134 450.24
203 15 339.497
203 26 261.36
203 50 416.651
203 114 297.029
203 150 332.306
203 219 274.399
203 235 387.921
204 9 76.7724
204 18 30.0206
204 24 33.7571
204 43 44.0746
204 84 32.0849
204 92 85.6247
204 120 40.4308
204 170 32.9252
205 19 542.222
205 38 119.974
205 44 356.207
205 87 134.178
205 126 112.432
205 128 128.871
205 135 161.657
205 159 145.921
205 216 124.525
206 24 2286.72
206 67 623.137
206 92 484.403
206 120 1612.73
206 200 575.405
207 49 463.056
207 52 515.884
207 83 295.985
207 97 839.102
207 115 307.479
207 116 620.902
207 118 454.99
207 151 2231.61
207 153 396.407
207 168 284.904
207 173 859.493
207 176 428.616
207 185 409.947
207 193 293.429
207 214 316.774
208 26 1264.22
208 47 1330
208 50 364.722
208 71 325.525
208 85 254.267
208 119 228.522
208 143 447.349
208 219 202
208 235 394.558
209 63 410.114
209 108 248.514
209 147 228.169
209 193 199.889
210 78 159.917
210 239 271.457
211 1 321.005
211 11 358.283
211 34 187.12
211 69 368.054
211 73 330.362
211 76 7989.2
211 145 295.321
211 198 196.941
211 199 179.794
211 215 251.644
211 218 187.843
211 226 1087.27
212 78 225.331
212 188 170.751
212 202 145.748
212 233 302.738
213 27 150.58
213 41 179.645
213 74 1033.36
213 219 194.052
213 222 183.828
213 249 250.411
214 33 440.99
214 39 466.104
214 101 622.457
214 146 923.806
214 201 282.758
215 2 20.5938
215 12 24.6079
215 30 22.7298
215 40 29.3121
215 180 32.4707
215 229 34.8106
215 242 45.0447
215 246 27.582
216 29 169.468
216 65 314.399
216 134 150.907
216 178 126.456
217 36 102.114
217 46 127.848
217 79 123.423
217 99 90.9825
217 107 103.306
217 121 113.65
217 138 155.253
217 158 395.309
217 183 89.2294
217 197 94.1491
217 225 116.489
217 241 94.956
218 28 125.449
218 169 524.357
219 67 127.116
219 81 93.4934
219 162 102.183
219 181 456.611
219 244 248.189
220 128 387.481
220 135 293.933
220 210 1009.09
221 59 211.923
221 81 158.087
221 86 162.737
221 113 202.413
221 162 938.403
221 181 236.969
221 244 180.358
221 245 279.003
222 58 2.98241
222 127 1.69121
222 149 2.72572
222 192 1.5124
222 213 2.22675
223 49 72.1234
223 52 61.8228
223 83 119.429
223 115 143.937
223 116 83.6414
223 118 82.693
223 151 84.9021
223 167 58.5796
223 168 300.57
223 176 260.813
223 177 112.286
223 185 74.2976
224 58 292.621
224 127 228.041
224 149 344.17
224 213 1531.4
224 225 219.395
225 1 103.96
225 6 102.097
225 11 87.6271
225 22 168.511
225 73 99.2561
225 105 161.879
225 215 160.16
226 1 108.199
226 11 118.683
226 34 107.503
226 69 147.444
226 73 127.17
226 76 411.866
226 145 121.565
226 198 87.2803
226 199 98.8569
226 215 90.9708
226 218 100.352
226 226 1230.85
227 16 299.739
227 43 289.149
227 54 372.071
227 204 356.571
228 41 197.694
228 74 211.521
229 1 248.682
229 8 270.236
229 11 295.167
229 21 399.013
229 66 426.679
229 76 332.867
229 110 263.175
229 123 299.454
229 124 286.256
229 145 795.901
229 161 292.532
229 164 473.027
229 199 325.469
229 207 336.031
229 218 437.213
229 226 329.68
230 32 24.3833
230 56 18.6461
230 90 17.1396
230 188 23.5565
230 202 85.4262
231 70 52.3972
231 142 66.9403
232 49 194.815
232 52 285.526
232 97 316.659
232 118 166.269
232 147 121.395
232 151 176.01
232 153 245.36
232 173 238.46
233 33 448.451
233 39 71.022
233 68 101.027
233 101 96.4838
233 111 116.838
233 146 226.682
233 154 119.485
233 171 72.5678
233 201 173.582
234 51 364.779
234 96 208.077
234 104 261.326
234 166 262.367
234 230 232.68
234 232 292.718
235 126 508.406
236 26 561.691
236 41 613.562
236 47 579.572
236 50 466.914
236 71 307.432
236 85 937.862
236 119 379.887
236 143 385.948
236 196 320.408
236 219 465.775
236 235 496.794
236 249 474.147
237 36 167.156
237 46 418.712
237 61 131.603
237 95 147.963
237 99 201.702
237 138 136.49
237 158 583.298
237 225 232.864
238 49 454.051
238 52 318.69
238 115 200.905
238 118 570.759
238 132 297.422
238 151 264.454
238 168 271.371
238 176 266.73
238 206 205.293
238 240 241.619
239 13 121.906
239 55 122.589
239 56 131.392
239 98 99.6137
239 140 214.93
239 156 250.781
239 220 105.664
239 223 81.8755
240 29 488.939
240 31 318.231
240 57 891.84
240 94 567.574
240 105 315.4
240 112 865.161
240 134 436.445
240 186 293.678
241 22 306.469
241 23 451.788
241 29 274.972
241 31 903.283
241 57 899.859
241 94 1885.18
241 112 658.532
241 182 469.006
241 186 665.573
241 234 302.364
242 38 322.082
242 44 331.773
242 100 687.048
242 128 645.113
242 135 313.989
242 141 333.107
242 172 459.829
242 205 307.381
242 210 266.62
242 216 353.48
242 217 673.259
243 2 135.675
243 12 91.1271
243 40 92.1362
243 60 111.68
243 163 90.2639
243 167 148.834
243 246 273.284
244 10 381.512
244 42 389.302
244 51 253.467
244 96 208.415
244 99 303.381
244 230 402.094
244 237 459.503
245 16 723.124
245 32 426.116
245 37 264.728
245 90 384.916
245 188 746.65
245 202 326.716
246 41 438.447
246 81 958.166
246 85 450.781
246 119 445.379
246 196 847.501
246 209 1861.89
246 244 334.249
247 49 129.451
247 52 174.394
247 97 245.125
247 118 114.067
247 147 114.055
247 151 129.178
247 153 261.817
247 173 198.094
248 0 97.9933
248 4 71.275
248 21 69.3344
248 66 64.6058
248 79 336.58
248 121 78.3359
248 123 108.556
248 138 190.042
248 164 76.2251
248 183 80.7159
248 197 135.226
248 207 63.1307
248 211 76.6434
248 241 130.282
249 3 309.702
249 39 307.227
249 155 325.139
249 180 7783.2
249 229 770.396
249 242 468.914
