50 50 297
0 19 570.792
0 21 14.4351
0 25 12.8844
0 28 17.7321
0 37 12.324
1 19 88.0441
2 1 272.057
2 22 149.967
2 24 202.281
2 33 218.831
2 38 459.027
2 48 279.254
3 23 404.621
3 49 110.879
4 10 305.832
4 15 164.275
4 25 136.552
4 26 183.508
4 29 375.46
4 31 159.99
4 42 176.866
5 7 91.2208
5 8 32.2479
5 34 29.9091
5 39 33.6018
5 46 98.7512
6 3 170.388
6 15 129.697
6 17 328.044
7 23 58.9108
7 24 29.9544
7 49 146.661
8 23 120.492
8 24 150.001
8 49 238.079
9 1 122.848
9 10 238.421
9 15 382.073
9 17 140.922
9 29 165.06
9 33 119.715
9 42 1244.79
9 48 106.846
10 19 31.277
10 21 13.8965
10 28 15.248
10 37 14.7897
11 19 542.188
11 21 95.9679
11 25 84.8231
11 28 113.523
11 37 88.736
12 1 218.555
12 10 108.646
12 15 133.593
12 17 116.202
12 22 118.225
12 33 255.909
12 38 125.936
12 42 172.542
12 48 195.722
13 3 24.1737
13 10 25.1756
13 15 41.7915
13 17 163.053
13 21 22.5916
13 29 22.4977
13 42 32.2437
14 7 329.907
14 34 80.9418
14 39 126.106
14 46 469.669
15 7 35.8808
15 31 63.8505
15 39 52.4394
15 46 37.6694
16 2 346.613
16 8 54.8263
17 2 172.882
17 7 115.05
17 8 198.964
17 34 101.245
17 46 108.335
18 9 241.771
18 11 163.927
18 13 280.881
18 18 143.057
18 20 119.079
18 27 123.794
18 40 120.027
18 41 173.638
18 45 383.042
19 23 29.1895
19 49 36.6889
20 10 97.8951
20 15 67.2552
20 26 81.4503
20 29 96.9722
20 31 117.612
20 42 77.8611
21 7 147.727
21 31 274.423
21 39 265.108
21 46 155.041
22 0 12.0378
22 3 10.6595
22 6 5.56537
22 14 9.92323
22 16 31.1035
22 17 6.04119
22 21 8.92551
22 28 7.27609
22 32 6.12563
22 37 12.0316
23 7 27.8602
23 23 52.0524
23 46 29.9981
23 49 27.4091
24 19 251.35
24 21 126.135
24 28 136.084
24 37 147.797
25 1 66.7808
25 17 48.7083
25 22 107.21
25 33 95.7245
25 38 62.9209
25 48 82.7607
26 2 90.045
26 8 61.7674
27 9 44.6673
27 11 27.4038
27 12 18.1345
27 13 34.6913
27 18 18.7785
27 20 20.2529
27 27 21.6052
27 40 14.5633
27 41 19.3339
27 45 25.3099
28 2 157.922
28 5 130.345
28 7 167.745
28 8 3319.69
28 34 260.934
28 44 129.731
28 46 154.567
29 5 58.5029
29 7 67.01
29 8 54.2849
29 31 46.16
29 34 130
29 35 44.3287
29 36 65.5239
29 39 88.404
29 44 58.1062
29 46 62.3327
29 47 44.1224
30 1 115.854
30 49 104.784
31 0 53.0529
31 3 460.35
31 14 54.3019
31 16 59.6755
31 17 48.7721
31 32 41.4771
31 37 40.8942
32 0 89.2418
32 14 72.4071
32 16 114.506
32 19 97.9757
32 21 131.779
32 25 58.2919
32 28 120.732
32 37 300.218
33 0 440.212
33 3 217.765
33 6 142.348
33 14 305.34
33 16 5508.08
33 19 127.844
33 21 224.684
33 28 181.882
33 32 158.69
33 37 458.847
34 3 45.5723
34 10 51.5225
34 15 77.96
34 16 49.4346
34 17 84.9654
34 21 67.677
34 25 49.4696
34 28 58.4167
34 29 49.5037
34 37 45.29
34 42 54.3862
35 9 231.694
35 11 162.263
35 12 74.8859
35 13 79.3494
35 18 54.2777
35 20 81.446
35 27 90.1534
35 30 47.1016
35 40 57.2478
35 41 52.4548
35 45 74.9958
36 5 43.2409
36 26 62.128
36 31 62.5191
36 34 40.7935
36 36 125.477
36 39 56.9695
36 43 66.041
36 44 43.1599
36 47 46.0758
37 2 13.4033
37 5 12.9366
37 7 27.4529
37 8 35.0362
37 34 30.2527
37 39 15.6908
37 44 12.8749
37 46 24.0481
38 7 184.438
38 23 193.737
38 39 141.646
38 46 204.006
39 1 182.889
39 22 99.1723
39 24 170.873
39 33 141.305
39 38 205.327
39 48 164.612
40 9 10.3271
40 11 8.54523
40 13 7.05789
40 40 9.95461
40 45 22.3336
41 1 15.1835
41 24 19.4156
41 33 12.5442
41 38 16.429
41 48 13.9276
41 49 12.8556
42 19 192.867
42 21 53.5632
42 25 46.7561
42 28 61.5335
42 37 52.4599
43 4 69.6016
43 26 227.514
43 29 65.3929
43 31 168.303
43 36 81.7259
43 39 81.0497
43 43 67.4173
44 5 211.902
44 30 217.136
44 35 487.314
44 36 108.421
44 40 91.8771
44 43 113.188
44 44 214.565
44 47 305.477
45 1 137.177
45 22 144.252
45 24 101.611
45 33 150.206
45 38 742.395
45 48 200.701
46 4 20.3045
46 12 23.8135
46 13 29.7548
46 18 73.2768
46 20 27.2709
46 27 26.0406
46 41 37.136
47 4 133.022
47 10 236.842
47 15 190.324
47 21 161.246
47 25 420.291
47 26 150.43
47 28 176.393
47 29 334.95
47 42 157.469
48 1 68.5683
48 10 147.767
48 15 548.142
48 17 132.739
48 25 67.7519
48 29 113.204
48 33 69.4789
48 42 266.169
49 3 120.229
49 17 199.448
