150 150 1044
0 18 303.381
0 21 166.271
0 47 218.6
0 50 550.719
0 61 304.222
0 74 148.906
0 89 154.014
0 129 217.56
0 131 196.342
0 144 182.042
1 35 237.438
1 48 323.389
1 58 434.803
1 86 295.8
1 104 377.601
1 122 364.704
1 123 380.75
2 2 127.853
2 19 113.184
2 87 149.595
3 19 82.5315
3 70 132.511
3 74 83.7693
3 87 142.214
3 102 104.764
3 107 190.2
4 5 143.057
4 16 134.388
4 17 336.145
4 22 139.498
4 26 137.329
4 60 326.247
4 68 139.263
4 100 343.587
4 105 186.496
4 114 139.262
5 4 41.9717
5 18 31.2698
5 30 24.3585
5 47 22.5949
5 50 24.2821
5 61 22.4995
5 89 21.1863
5 129 27.153
5 144 27.5486
6 1 19.1908
6 14 22.2907
6 35 21.127
6 58 29.7051
6 71 16.4671
6 86 66.7557
6 94 33.2192
6 104 43.2372
6 109 21.1171
6 115 17.4682
7 10 158.162
7 35 44.7271
7 39 45.0318
7 71 53.7968
7 82 163.856
7 117 48.3389
7 132 73.08
7 146 49.9415
8 8 94.3568
8 11 519.622
8 15 167.615
8 24 92.0239
8 27 145.957
8 46 86.4446
8 112 221.912
8 119 104.949
8 127 89.0668
8 145 90.848
9 15 210.201
9 24 193.674
9 27 225.127
9 49 1251.35
9 56 549.238
9 133 493.229
9 145 311.136
10 6 303.893
10 28 1389.58
10 29 351.215
10 63 268.451
10 65 602.575
10 73 643.722
10 91 307.19
11 38 215.57
11 42 226.557
11 43 117.641
11 54 537.318
11 79 130.055
11 99 368.181
11 101 120.12
11 102 140.199
12 19 208.443
12 70 282.271
12 74 244.829
12 87 289.451
12 102 204.607
12 106 223.02
12 107 443.785
13 20 64.5376
13 31 155.421
13 90 73.3896
13 121 86.4356
13 130 209.982
13 148 72.2188
14 13 120.757
14 21 164.985
14 26 108.889
14 85 157.357
14 106 99.5925
15 11 107.379
15 15 126.922
15 24 237.304
15 27 89.904
16 29 200.653
16 55 815.533
16 62 409.673
16 72 337.492
16 116 766.63
16 138 366.761
17 5 125.495
17 29 129.923
17 55 126.729
17 62 100.7
17 72 120.643
17 100 116.081
17 116 325.108
17 138 290.838
18 22 144.314
18 59 76.4393
18 60 103.426
18 68 346.095
18 100 82.4219
18 114 114.38
18 120 94.1471
19 46 8.65403
19 67 24.6232
19 84 7.19885
19 140 11.2894
20 47 85.4728
20 60 73.1097
20 61 72.6327
20 68 126.639
20 120 218.332
21 48 2268.28
21 80 344.502
21 113 236.429
21 122 256.857
21 123 435.615
22 19 97.3404
22 87 78.1761
23 70 140.526
23 83 47.7645
23 87 50.715
23 102 71.9706
23 106 47.8533
23 107 391.574
24 0 120.337
24 11 106.281
24 15 105.758
24 27 134.217
24 44 170.884
24 46 116.239
24 93 157.17
24 112 203.02
24 119 364.353
24 127 433.373
24 145 122.987
25 20 117.995
25 33 118.579
25 125 115.631
25 148 105.519
26 12 251.9
26 34 277.943
26 76 100.453
26 118 111.291
26 135 657.635
26 143 109.088
27 22 309.63
27 59 151.087
27 60 239.706
27 68 575.331
27 100 185.343
27 114 240.119
27 120 160.916
28 19 170.406
28 87 528.734
29 55 269.546
29 62 3177.55
29 72 249.449
29 116 161.932
30 6 176.58
30 10 143.547
30 14 213.613
30 35 126.848
30 71 280.588
30 91 148.756
30 94 154.823
30 109 236.449
30 146 486.685
31 48 61.8275
31 76 66.5365
31 80 65.9447
31 113 110.668
31 123 59.589
31 134 72.4423
31 143 73.7404
32 1 146.329
32 14 148.184
32 35 169.127
32 58 294.183
32 86 628.139
32 94 209.938
32 104 486.285
32 109 142.465
32 115 138.779
33 21 241.347
33 26 284.448
33 47 361.35
33 50 231.269
33 61 332.929
33 68 219.873
33 85 263.506
33 120 527.657
34 0 227.6
34 41 308.189
34 67 303.086
34 84 383.811
34 118 337.746
34 140 1284.11
35 55 197.461
35 59 138.478
35 62 339.012
35 72 1292.55
35 116 189.77
36 1 179.963
36 40 146.087
36 53 133.862
36 83 114.362
36 95 220.703
36 115 260.617
36 122 121.115
37 11 129.575
37 15 143.565
37 27 199.433
37 44 200.949
37 93 157.891
37 112 310.916
37 119 1069.59
37 127 259.707
37 145 175.944
38 1 282.258
38 86 223.608
38 95 223.712
38 115 432.516
38 122 523.894
38 123 275.945
39 45 350.971
39 49 220.187
39 56 293.926
39 57 469.899
39 81 265.659
39 124 213.39
39 133 289.871
39 142 643.48
39 149 482.016
40 7 115.493
40 88 82.7032
40 122 98.8661
40 123 100.063
40 134 124.893
40 143 89.2843
41 111 41.5845
41 126 134.568
42 5 310.497
42 16 319.309
42 17 149.162
42 29 165.253
42 32 181.385
42 51 205.007
42 63 258.363
42 66 576.348
42 96 296.282
42 105 290.64
42 108 187.659
43 0 204.196
43 36 247.556
43 43 179.639
43 44 383.531
43 79 250.913
43 93 748.384
43 119 194.69
43 127 168.825
43 141 199.561
44 19 178.004
44 70 165.335
44 87 450.504
44 102 148.823
44 107 208.635
45 1 265.135
45 40 389.648
45 53 344.722
45 83 248.458
45 95 824.7
45 115 275.463
46 11 55.71
46 15 80.6091
46 24 124.318
46 27 50.85
46 112 41.3151
46 145 36.8841
47 7 257.732
47 122 273.875
47 123 303.154
47 134 364.171
47 143 264.59
48 23 185.566
48 78 136.473
48 92 250.102
48 103 163.953
48 111 7573.41
48 126 181.65
48 128 200.619
48 139 143.822
49 8 47.414
49 46 119.693
49 67 33.2016
49 127 31.9497
50 54 182.047
50 70 256.926
50 87 361.241
50 102 249.442
50 107 305.995
51 6 297.762
51 65 306.228
51 73 315.949
51 91 767.697
52 10 23.1205
52 35 45.644
52 39 44.744
52 58 24.465
52 71 29.6743
52 82 49.5812
52 104 21.8387
52 132 203.135
52 146 23.7241
53 19 332.469
53 87 773.365
54 47 54.9814
54 61 44.6635
54 68 45.7191
54 120 64.5677
55 6 418.021
55 14 224.114
55 63 151.481
55 65 166.871
55 71 191.279
55 73 182.184
55 91 255.877
55 94 162.67
55 109 232.005
55 146 251.753
56 19 127.499
56 87 508.308
56 101 111.778
57 11 49.453
57 15 96.3145
57 24 41.5525
57 27 302.77
57 44 48.5235
57 49 39.8469
57 112 104.536
57 119 87.1715
57 127 42.4168
57 133 39.0815
57 145 115.556
58 27 55.8789
58 36 59.4036
58 44 97.3395
58 49 54.233
58 56 58.4849
58 93 60.1032
58 119 63.2411
58 133 78.9471
58 141 51.9164
58 145 92.8574
59 1 149.105
59 40 50.627
59 53 65.3223
59 83 38.8675
59 86 42.1938
59 95 132.819
59 115 156.386
60 18 145.247
60 21 180.925
60 26 145.988
60 47 269.816
60 50 190.353
60 61 287.144
60 85 148.258
60 120 186.496
61 5 248.214
61 16 216.934
61 17 471.541
61 22 244.03
61 59 217.085
61 60 484.685
61 68 227.624
61 100 706.371
61 105 303.879
61 114 246.92
62 5 130.299
62 28 538.049
62 29 335.473
62 63 126.291
62 65 207.802
62 73 200.151
62 91 126.652
62 116 123.945
62 138 175.627
63 20 350.783
63 25 201.148
63 31 238.855
63 33 307.346
63 130 584.635
63 148 277.356
64 2 270.132
64 45 212.773
64 57 213.173
64 77 665.596
64 81 333.061
64 98 831.874
64 124 457.508
65 6 65.6664
65 14 241.519
65 35 122.605
65 58 78.2136
65 71 269.902
65 82 67.6571
65 94 185.209
65 104 83.7243
65 109 305.722
65 132 74.4595
65 146 203.312
66 19 288.063
66 64 196.757
66 89 163.977
66 137 211.519
67 17 139.653
67 22 162.202
67 59 157.091
67 60 186.096
67 68 115.872
67 100 1125.73
67 105 111.127
67 114 174.137
68 12 105.081
68 25 43.8254
68 34 74.8771
68 69 85.9051
68 75 68.4128
68 76 57.36
68 135 47.4446
69 19 153.323
69 70 171.948
69 74 355.321
69 106 335.57
69 107 245.434
69 131 216.178
70 0 383.6
70 41 213.102
70 44 328.929
70 84 198.21
70 93 544.984
70 112 179.998
70 119 277.26
70 127 344.452
71 17 209.87
71 22 636.495
71 59 296.979
71 60 467.651
71 68 517.93
71 100 434.671
71 114 507.001
71 120 224.619
72 5 38.9864
72 17 45.4046
72 22 37.7176
72 59 38.5695
72 60 47.7315
72 100 119.085
72 105 39.0721
72 114 40.0586
72 116 35.6046
72 138 35.2853
73 19 74.8642
73 87 31.1057
74 19 153.377
74 21 122.975
74 50 123.606
74 74 464.425
74 89 132.458
74 106 172.281
74 129 129.028
74 131 1042.82
75 13 4.10537
75 40 6.15352
75 53 4.53354
75 70 4.6371
75 83 8.93657
75 95 3.92432
75 106 4.82184
75 107 4.77065
76 4 61.5009
76 23 82.0786
76 30 82.6212
76 37 101.934
76 52 96.985
76 64 264.39
76 89 77.6746
76 92 55.8513
76 103 66.5342
76 128 72.9621
76 129 54.8847
76 137 87.0243
76 139 91.5237
76 144 61.8848
77 13 152.432
77 40 128.85
77 53 143.288
77 83 137.511
77 95 94.0239
78 15 83.4531
78 27 110.214
78 44 84.0919
78 49 115.118
78 56 107.276
78 112 70.3423
78 119 83.4943
78 133 144.13
78 145 277.507
79 6 332.167
79 28 306.335
79 29 157.132
79 63 183.506
79 65 470.827
79 73 674.429
79 91 315.295
80 4 232.89
80 18 86.857
80 30 364.215
80 37 183.501
80 52 277.264
80 64 181.241
80 89 144.43
80 129 118.2
80 139 127.137
80 144 141.944
81 13 102.47
81 40 160.432
81 53 113.053
81 70 119.734
81 83 239.62
81 106 132.391
81 107 125.984
82 1 133.561
82 115 183.378
82 122 369.074
82 123 191.303
83 21 206.986
83 40 201.037
83 70 229.816
83 74 231.1
83 83 261.224
83 106 451.968
83 107 283.214
84 41 6.09466
84 67 13.7893
84 84 6.86587
84 118 8.25235
84 140 17.8389
85 6 150.658
85 14 293.083
85 63 113.283
85 71 121.002
85 94 184.207
85 96 90.6593
85 109 256.6
85 146 136.741
86 5 299.035
86 28 131.795
86 29 265.435
86 105 143.606
86 116 173.429
86 138 300.313
87 48 192.176
87 115 211.331
87 122 673.383
87 123 415.485
88 3 176.519
88 38 131.489
88 42 146.023
88 54 305.25
88 99 252.349
88 101 297.083
88 102 144.297
88 110 167.201
88 136 163.325
89 45 298.608
89 56 225.6
89 57 512.739
89 81 348.099
89 124 248.542
89 142 495.254
89 149 283.39
90 21 326.515
90 74 476.093
90 106 3568.7
90 107 260.939
90 131 320.128
91 15 145.912
91 24 84.5525
91 27 219.799
91 44 85.1262
91 49 115.686
91 56 95.8781
91 112 102.631
91 119 105.593
91 133 109.915
91 145 500.719
92 16 230.846
92 17 854.153
92 26 335.142
92 60 550.368
92 68 226.171
92 85 252.454
92 100 305.66
92 105 287.016
92 120 206.93
93 36 96.2514
93 44 70.6208
93 56 54.7803
93 79 53.115
93 93 54.3769
93 133 71.0161
93 141 83.0365
93 145 56.9098
93 149 52.2944
94 19 49.749
94 74 86.1766
94 87 39.7226
94 106 48.223
94 107 39.8477
94 131 56.8033
95 42 152.728
95 54 177.155
95 70 208.81
95 87 181.276
95 102 263.68
95 107 209.315
96 10 682.447
96 71 198.68
96 82 548.677
96 117 195.631
96 132 265.128
96 146 186.526
97 12 104.061
97 34 93.4604
97 118 84.3757
97 135 121.427
98 48 463.089
98 80 249.552
98 113 228.352
98 122 339.234
98 123 770.322
99 36 104.309
99 45 104.286
99 49 145.638
99 56 217.635
99 57 114.188
99 133 280.551
99 141 104.468
99 142 134.376
99 145 107.032
99 149 146.146
100 19 187.315
100 23 195.472
100 64 255.995
100 78 175.864
100 89 168.989
100 103 207.466
100 128 186.236
100 137 418.031
101 4 190.446
101 23 123.378
101 30 269.303
101 37 239.278
101 52 287.751
101 64 453.05
101 89 206.538
101 128 112.564
101 129 144.584
101 137 119.715
101 139 177.562
101 144 171.761
102 6 303.326
102 14 144.596
102 65 212.606
102 73 228.19
102 91 487.258
102 109 148.843
102 146 174.655
103 2 81.0348
103 9 102.828
103 78 119.496
103 97 126.683
103 103 80.6623
103 137 83.8282
103 147 105.48
104 20 350.417
104 33 239.13
104 121 138.735
104 125 152.556
104 148 355.144
105 1 4.42389
105 14 4.00848
105 35 3.91268
105 58 5.33191
105 86 21.4522
105 94 5.24603
105 104 7.0986
105 109 3.85474
105 115 4.0713
106 3 951.52
106 36 139.605
106 45 205.797
106 57 145.108
106 99 141.421
106 101 410.805
106 110 1931.42
106 136 3974.62
106 141 167.506
106 142 151.749
106 149 214.376
107 4 135.508
107 18 205.467
107 47 270.788
107 50 187.307
107 61 229.088
107 129 140.454
107 144 132.507
108 2 409.662
108 77 74.692
108 97 101.01
108 98 125.878
108 124 61.6452
109 19 476.842
109 87 217.263
109 137 231.288
110 22 24.233
110 59 53.516
110 72 25.7408
110 100 24.9259
110 114 29.7054
110 116 19.2091
111 15 68.4567
111 24 39.3585
111 27 113.991
111 44 50.5588
111 49 52.7652
111 56 46.1805
111 112 56.8035
111 119 63.8254
111 133 54.3598
111 145 864.74
112 12 134.606
112 34 152.292
112 75 150.797
112 76 303.302
112 80 168.821
112 113 469.764
112 134 129.497
112 143 149.906
113 24 191.055
113 49 906.318
113 56 538.298
113 133 349.713
113 145 206.674
114 33 153.921
114 48 154.977
114 75 180.846
114 76 200.852
114 80 339.55
114 113 315.148
115 23 91.5816
115 30 29.6984
115 37 45.9325
115 52 35.7988
115 64 29.3321
115 78 34.238
115 92 95.619
115 103 52.746
115 111 61.4635
115 128 87.0254
115 137 35.8861
115 139 68.688
116 8 161.815
116 11 378.928
116 15 273.326
116 27 302.323
116 46 170.97
116 112 991.211
116 119 267.574
116 127 213.173
116 145 187.297
117 40 1529.76
117 53 277.218
117 70 184.232
117 83 1109.45
117 95 267.139
117 107 160.184
118 6 3.68519
118 28 3.78627
118 65 11.7556
118 73 9.85318
118 91 7.15244
119 17 77.4026
119 22 114.441
119 59 90.1791
119 60 137.788
119 68 81.9707
119 100 564.636
119 114 117.161
120 5 130.945
120 6 76.3407
120 28 147.425
120 29 179.853
120 63 138.705
120 65 79.6488
120 66 93.9989
120 73 83.5459
120 96 77.514
120 105 75.3069
120 138 83.1212
121 5 27.5956
121 16 15.93
121 17 21.444
121 29 16.9171
121 60 17.2745
121 100 26.7839
121 105 23.5127
121 116 18.555
121 138 20.858
122 1 545.197
122 40 208.024
122 53 233.432
122 86 261.395
122 95 356.167
122 115 1735.38
122 122 281.01
123 3 146.212
123 45 467.307
123 57 320.172
123 77 137.044
123 81 434.93
123 98 196.387
123 110 159.82
123 124 535.885
123 136 171.991
123 142 262.991
123 149 218.467
124 0 226.627
124 41 141.243
124 43 115.09
124 44 98.6818
124 79 89.9006
124 84 120.452
124 93 154.376
124 127 89.1155
125 48 155.368
125 58 123.728
125 86 111.556
125 104 116.745
125 115 106.689
125 122 313.687
125 123 323.161
126 1 97.4191
126 40 159.271
126 53 109.935
126 83 110.629
126 95 180.216
126 115 111.485
127 20 303.06
127 31 307.914
127 33 183.083
127 90 232.438
127 121 481.197
127 130 278.102
127 148 535.394
128 8 8.92115
128 46 15.6385
128 67 13.9933
128 127 9.15273
128 140 10.1947
129 19 50.9787
129 64 39.2188
129 89 36.5925
129 131 28.1123
129 137 31.1516
129 144 27.4606
130 2 146.884
130 77 203.117
130 97 158.856
130 98 136.923
131 1 159.612
131 35 125.472
131 58 232.187
131 86 319.709
131 94 122.497
131 104 259.539
131 115 177.044
131 122 184.727
131 123 147.882
132 12 13.0595
132 25 10.5025
132 34 11.865
132 69 11.2804
132 75 52.3184
132 76 19.2435
132 113 9.40318
133 20 140.686
133 33 205.43
133 80 175.557
133 113 124.851
133 125 129.23
134 3 174.859
134 45 66.0038
134 54 75.4383
134 99 81.9426
134 101 705.086
134 110 172.834
134 136 178.816
134 141 68.7952
134 149 66.8152
135 20 277.688
135 33 306.514
135 125 360.983
135 148 244.618
136 21 122.884
136 50 90.3924
136 74 374.059
136 106 183.581
136 131 368.217
137 2 154.225
137 97 130.551
137 98 69.4999
138 4 72.5908
138 18 88.9266
138 47 82.7657
138 50 73.6745
138 61 77.265
138 129 65.2334
138 144 63.0149
139 0 130.008
139 38 106.404
139 41 141.051
139 43 195.109
139 84 123.477
139 88 167.182
140 0 242.842
140 36 244.141
140 38 190.785
140 43 234.091
140 44 302.843
140 79 288.492
140 93 549.212
140 119 182.493
140 141 202.533
141 20 94.397
141 31 195.214
141 90 103.856
141 121 108.973
141 130 514.856
141 148 97.9186
142 19 65.8337
142 70 73.5385
142 74 77.4618
142 87 85.8744
142 106 66.9137
142 107 109.942
142 131 58.4913
143 38 21.2
143 42 24.6542
143 54 93.2942
143 79 14.3058
143 99 40.1595
143 101 14.7305
143 102 16.7242
144 5 181.124
144 6 148.563
144 16 160.375
144 28 149.141
144 29 149.46
144 32 143.017
144 51 172.246
144 63 689.239
144 66 363.312
144 96 292.25
144 105 146.941
144 108 142.296
145 1 83.5219
145 40 278.998
145 53 117.163
145 70 97.8782
145 83 207.352
145 95 142.098
145 115 88.8417
146 22 198.966
146 60 197.822
146 68 1064.35
146 100 140.05
146 114 167.52
146 120 237.158
147 0 283.911
147 41 253.811
147 46 326.753
147 67 263.094
147 84 272.273
147 127 348.126
147 140 296.726
148 10 328.681
148 71 259.478
148 91 219.173
148 146 313.367
149 17 179.243
149 22 242.147
149 59 220.139
149 60 266.117
149 68 166.633
149 100 2975.95
149 114 258.816
