50 50 290
0 3 168.645
0 7 175.162
0 20 121.126
0 32 128.191
0 33 124.59
1 3 6.37779
1 24 9.57756
1 45 20.8338
2 0 194.101
2 3 150.856
2 7 267.527
2 14 203.565
2 33 447.656
3 15 112.019
3 17 85.4002
3 21 82.6929
3 27 175.042
3 29 2342.76
4 23 146.997
4 35 106.929
4 44 133.461
4 48 84.6205
5 30 57.4133
5 41 73.157
5 42 49.2265
5 43 73.0337
5 44 42.5306
6 2 160.835
6 9 107.424
6 11 116.934
6 12 94.1562
6 16 105.514
6 28 113.056
6 31 120.626
6 34 149.91
6 39 105.835
6 47 126.357
7 8 55.6872
7 13 215.995
7 30 25.8212
7 42 19.4535
7 43 23.5568
8 18 408.307
8 20 139.272
8 32 137.68
9 30 105.448
9 41 137.594
9 43 141.713
9 44 144.258
10 15 264.768
10 17 87.4641
10 18 100.84
10 22 84.7319
10 27 107.249
10 29 80.8569
11 0 61.2705
11 14 67.9688
12 4 37.9205
12 6 30.2553
12 10 32.0372
12 17 31.4718
12 21 130.881
12 26 30.3502
12 29 28.4502
12 36 34.1005
12 37 34.1244
12 40 28.7185
12 49 27.5187
13 3 5.21097
13 24 5.58956
13 45 8.43629
14 23 91.0143
14 35 67.7916
14 44 92.3314
14 48 55.8897
15 4 332.594
15 6 195.319
15 10 232.037
15 17 109.724
15 21 265.587
15 26 177.206
15 36 280.674
15 37 219.187
15 38 83.1684
15 40 129.357
15 49 150.112
16 5 143.908
16 19 164.751
16 23 118.902
16 35 201.591
16 41 119.505
16 44 197.347
16 48 106.94
17 1 239.357
17 4 249.215
17 6 309.655
17 10 258.474
17 21 146.578
17 26 415.019
17 30 128.863
17 36 225.899
17 37 337.66
17 42 165.231
17 49 488.834
18 15 412.012
18 17 130.009
18 27 329.713
18 29 194.075
19 2 17.2718
19 23 13.7858
19 31 15.3792
19 44 13.472
19 47 16.6532
20 5 1805.93
20 19 1742.98
20 22 134.5
20 23 172.678
20 35 297.731
20 38 137.683
20 46 178.021
20 48 221.159
21 1 141.996
21 4 462.207
21 6 413.206
21 10 363.532
21 21 226.757
21 26 640.827
21 36 325.613
21 37 811.336
21 40 124.761
21 49 471.075
22 4 79.493
22 5 98.0462
22 6 82.434
22 10 87.5751
22 17 91.7732
22 19 117.248
22 22 76.6496
22 26 72.734
22 36 91.1061
22 38 146.527
22 40 142.827
22 49 72.9363
23 5 326.633
23 19 150.554
23 22 40.2994
23 23 47.0265
23 35 68.4809
23 38 37.002
23 46 61.458
23 48 67.6763
24 25 78.2943
24 44 124.8
24 47 80.6118
25 2 32.8797
25 9 52.122
25 11 31.8486
25 12 28.6331
25 16 47.7221
25 28 49.3135
25 31 25.8712
25 34 102.678
25 39 47.8921
25 47 26.1033
26 5 133.872
26 17 75.3706
26 19 130.447
26 22 165.687
26 35 75.1557
26 38 126.388
26 40 84.9819
26 46 122.666
26 48 77.3036
27 4 167.35
27 6 149.645
27 10 164.294
27 15 172.699
27 17 1375.61
27 21 177.176
27 22 146.706
27 26 135.655
27 36 179.985
27 37 143.806
27 38 380.702
27 40 608.425
28 15 279.107
28 17 155.839
28 27 301.483
28 29 379.763
29 12 29.5826
29 24 53.0317
29 45 47.8228
30 15 114.391
30 27 495.738
30 29 162.742
31 8 43.4205
31 13 88.5688
31 43 34.9866
32 9 289.609
32 12 187.68
32 16 685.423
32 28 148.007
32 34 230.454
32 39 170.588
33 18 49.1515
33 20 81.5348
33 22 114.673
33 32 61.2638
33 38 43.0519
33 46 61.0528
34 2 82.6125
34 12 72.844
34 16 63.3011
34 23 72.1889
34 31 69.6792
34 34 74.8988
34 47 73.7832
35 30 108.517
35 41 125.419
35 43 214.632
35 44 95.9252
36 5 272.711
36 19 159.963
36 22 56.2686
36 23 60.3539
36 35 82.6808
36 38 49.3552
36 46 91.3704
36 48 89.4733
37 15 5.88463
37 17 6.35114
37 21 8.44167
37 27 6.32111
37 29 12.0262
38 15 135.042
38 27 255.538
38 29 699.739
39 0 133.203
39 3 61.8118
39 14 158.787
39 33 84.4019
40 15 72.7795
40 27 400.627
40 29 109.951
41 2 151.267
41 11 186.652
41 25 152.706
41 28 63.3198
41 31 188.357
41 47 154.374
42 0 486.666
42 14 513.966
42 33 130
43 12 127.538
43 23 116.576
43 24 82.2372
43 48 98.083
44 1 142.796
44 8 1081.41
44 13 359.072
44 30 204.375
44 41 124.421
44 42 148.553
44 43 120.319
45 5 2.43339
45 19 2.17518
45 23 2.29647
45 35 4.03101
45 44 1.60365
45 46 1.59557
45 48 2.51703
46 15 192.293
46 18 84.3605
46 27 142.67
46 29 87.3409
47 7 83.7762
47 18 69.3352
47 20 119.285
47 32 212.043
47 33 46.5802
48 7 74.7774
48 18 38.4927
48 20 58.7392
48 32 87.6844
48 33 37.1817
49 7 18.1931
49 18 32.5062
49 20 103.417
49 22 19.5237
49 32 58.077
