250 250 1788
0 53 220.462
0 57 295.08
0 162 211.428
0 210 240.136
1 6 156.819
1 24 98.553
1 110 156.889
1 144 112.528
1 226 98.2959
2 59 65.586
2 96 62.6805
2 132 98.6067
2 154 108.027
2 215 62.2424
2 228 64.9691
2 246 77.6224
3 68 97.2867
3 72 400.646
3 79 154.347
3 81 144.25
3 87 109.37
4 23 258.509
4 31 75.5824
4 33 64.711
4 34 122.81
4 67 64.7781
4 76 80.3912
4 109 149.288
4 125 73.2982
4 130 106.158
4 199 173.132
4 201 71.8558
4 219 88.6833
4 231 85.6483
4 234 86.1256
4 242 232.324
4 245 134.105
5 57 236.198
5 206 470.807
5 210 249.808
6 60 373.068
6 69 1084.74
6 100 1132.54
6 106 334.336
6 121 306.567
6 167 448.411
6 194 329.004
6 202 514.09
7 33 525.023
7 42 161.207
7 75 220.924
7 87 162.387
7 109 168.439
7 200 408.104
7 221 162.714
7 234 156.665
7 236 585.936
8 19 550.582
8 26 320.517
8 146 229.948
8 172 278.311
8 223 246.95
9 27 93.1041
9 84 154.185
9 89 100.699
9 102 83.91
9 178 432.352
9 179 91.483
9 196 128.071
10 10 300.675
10 56 313.856
10 77 316.059
10 84 315.836
10 89 375.896
10 119 387.378
10 129 325.368
10 137 395.227
10 164 286.815
11 47 309.13
11 99 374.853
11 103 288.839
11 143 266.236
11 152 366.557
11 175 434.042
11 190 310.655
11 230 347.987
12 45 182.628
12 91 371.82
12 112 217.868
12 123 177.854
12 166 257.309
12 189 222.04
12 209 657.015
12 237 174.954
13 29 276.979
13 50 330.522
13 64 817.994
13 116 258.664
13 123 275.069
13 131 265.033
13 168 587.401
13 169 695.103
13 185 242.772
14 73 549.511
14 74 363.966
14 141 353.356
14 149 376.29
14 173 345.69
14 212 596.285
14 235 469.556
15 0 376.711
15 12 425.47
15 13 438.123
15 93 652.489
15 150 368.713
15 158 325.81
15 240 250.261
16 68 354.215
16 79 265.132
16 94 271.888
16 126 434.574
16 147 354.504
17 53 456.265
17 54 277.76
17 122 290.888
17 163 610.736
18 11 481.709
18 32 388.973
18 83 599.077
18 85 369.09
18 174 347.668
18 214 321.723
19 37 212.011
19 73 142.529
19 74 219.593
19 149 447.437
19 212 395.417
20 1 285.098
20 25 205.219
20 40 353.45
20 118 525.808
20 124 236.302
20 139 502.605
20 176 249
20 187 225.371
20 218 258.249
20 232 355.146
21 0 269.795
21 93 268.735
21 138 185.43
21 240 304.198
22 4 259.202
22 7 219.064
22 23 262.215
22 28 311.542
22 31 343.857
22 46 317.082
22 76 805.192
22 101 305.926
22 109 214.468
22 125 611.258
22 142 207.164
22 184 287.415
22 199 580.258
22 201 239.575
22 219 435.237
22 231 614.342
22 234 305.919
22 242 249.766
22 245 228.096
23 49 257.95
23 116 690.083
23 165 362.254
24 10 76.1929
24 45 261.777
24 56 77.6675
24 91 71.3651
24 112 107.207
24 164 94.7545
24 189 205.099
24 209 130.121
24 248 71.9085
25 20 278.987
25 38 902.181
25 48 303.798
25 85 204.658
25 115 338.236
25 134 258.099
25 161 475.425
25 188 249.586
25 211 214.807
25 243 314.525
26 11 17.7324
26 32 44.2584
26 41 52.2191
26 83 32.507
26 203 28.3163
26 214 225.414
27 98 253.65
27 215 710.17
28 19 102.904
28 42 105.92
28 81 91.8076
28 221 124.056
28 223 155.731
29 68 353.115
29 79 395.894
29 126 203.022
30 47 325.174
30 99 422.465
30 140 244.961
30 143 224.482
30 152 407.744
30 160 230.563
30 175 340.657
30 230 268.433
30 247 231.537
31 68 213.409
31 72 93.9465
31 79 316.142
31 87 65.1102
31 88 111.211
32 8 114.92
32 38 171.765
32 85 138.066
32 115 367.333
32 188 162.591
32 211 412.886
32 243 118.06
33 71 377.999
33 73 130.515
33 74 117.031
33 105 227.29
33 141 177.614
33 158 164.856
34 42 533.489
34 72 273.733
34 81 263.616
34 87 765.336
34 200 185.703
34 221 340.591
34 223 207.389
35 47 37.614
35 66 36.9557
35 99 38.2151
35 103 43.9479
35 143 144.838
35 152 39.5892
35 153 37.9866
35 175 188.603
35 225 39.7231
35 230 152.861
36 52 1029.66
36 61 270.397
36 62 992.723
36 92 519.953
37 43 109.61
37 94 288.427
37 126 461.848
37 147 536.081
37 173 113.751
37 195 102.818
37 235 98.7882
38 128 138.37
38 134 237.707
38 161 184.758
38 196 143.625
39 54 442.031
39 102 258.938
39 122 1059.91
39 163 280.532
39 192 306.188
39 244 274.045
40 6 198.853
40 22 491.324
40 24 1001.15
40 107 210.285
40 113 341.59
40 144 377.431
40 159 282.847
40 226 328.103
41 3 281.695
41 44 917.176
41 103 1665.76
41 143 277.355
41 153 286.314
41 175 355.945
41 190 426.56
41 208 779.478
41 213 449.816
41 230 431.056
42 5 402.819
42 11 1780.25
42 83 311.261
42 85 300.559
42 214 189.292
43 36 34.8457
43 70 38.6139
43 80 37.4964
43 121 54.0252
43 127 38.7068
43 133 60.9918
43 170 41.3009
43 222 51.9569
43 224 34.2454
44 44 107.854
44 86 113.208
44 103 104.686
44 143 92.8412
44 153 249.113
44 208 212.816
44 213 139.092
44 230 103.103
44 239 106.587
45 45 52.514
45 50 69.5486
45 112 54.9163
45 171 49.3013
45 182 48.1539
45 185 50.4878
45 248 131.07
46 29 2140.12
46 50 199.235
46 64 146.738
46 131 425.515
46 168 141.768
46 169 149.358
46 182 141.664
46 185 512.704
47 9 297.103
47 10 930.417
47 21 579.921
47 39 521.298
47 45 316.111
47 56 879.438
47 77 273.129
47 119 295.734
47 129 427.542
47 156 262.811
47 164 1627.85
47 187 296.589
47 189 436.011
48 60 161.558
48 69 132.264
48 100 158.025
48 121 162.327
48 133 115.719
48 202 129.368
48 206 130.529
48 222 130.491
49 47 2492.4
49 66 462.551
49 78 371.192
49 99 969.988
49 143 272.045
49 152 1188.22
49 160 692.447
49 175 281.216
49 247 1031.72
50 68 369.426
50 79 237.567
50 88 694.068
51 2 468.992
51 8 252.553
51 18 2402.74
51 20 245.404
51 48 299.229
51 65 335.399
51 117 556.446
51 162 213.589
51 188 319.173
51 197 344.207
51 217 279.85
51 229 254.312
51 243 374.367
52 45 214.585
52 91 95.839
52 112 147.928
52 123 80.8941
52 164 87.7928
52 166 83.875
52 189 196.87
52 209 208.763
52 248 84.3014
53 4 55.6877
53 7 71.4242
53 16 120.826
53 17 266.697
53 35 97.8788
53 108 71.004
53 142 53.9522
53 146 37.9418
53 220 49.308
54 23 29.7921
54 34 23.1282
54 67 64.8685
54 109 18.256
54 130 63.0571
54 177 22.0761
54 181 30.1301
54 199 18.7507
54 201 18.9833
54 242 30.5948
54 245 49.1042
55 1 127.862
55 91 182.408
55 124 156.317
55 166 159.364
55 204 165.297
55 209 98.5243
55 237 241.138
56 90 185.774
56 95 151.801
56 104 262.961
56 106 218.366
56 121 187.969
56 148 154.192
56 170 360.741
56 194 209.283
56 202 154.73
56 205 274.414
56 207 881.668
56 222 237.524
56 233 232.211
56 241 278.335
57 71 272.957
57 73 245.746
57 105 278.477
57 141 456.338
57 215 272.806
58 43 597.57
58 98 381.872
58 126 200.919
58 147 190.618
58 173 686
58 195 416.842
58 235 526.937
59 22 204.112
59 24 129.601
59 113 204.699
59 140 364.677
59 144 184.323
59 226 222.838
60 3 399.262
60 44 521.39
60 103 559.186
60 190 802.382
60 208 289.177
60 213 254.81
60 230 233.823
61 63 221.031
61 97 209.883
61 111 315.52
61 135 313.907
61 155 133.75
61 186 174.67
61 193 222.931
61 238 331.778
62 55 201.18
62 84 191.066
62 102 195.718
62 171 217.168
62 178 325.58
62 179 306.958
62 196 186.703
63 51 653.415
63 155 309.397
63 186 646.238
63 238 200.394
64 17 310.377
64 26 505.992
64 35 577.92
64 108 371.806
64 146 456.925
64 172 592.382
64 220 540.093
65 59 336.78
65 96 310.819
65 132 426.502
65 154 552.046
65 215 338.978
65 228 299.388
65 246 345.611
66 5 269.529
66 82 289.336
66 128 274.841
66 138 794.422
66 240 607.441
67 51 194.088
67 97 124.202
67 155 2785.1
67 186 339.515
68 14 340.347
68 36 333.41
68 65 271.344
68 90 407.36
68 95 372.616
68 107 271.067
68 148 273.424
68 180 268.246
68 229 308.074
69 23 328.381
69 34 324.008
69 37 251.346
69 67 1437.44
69 109 240.682
69 130 691.955
69 177 278.157
69 181 310.492
69 242 342.111
69 245 417.353
70 2 272.641
70 8 243.551
70 18 830.17
70 20 345.144
70 38 248.475
70 48 493.387
70 65 257.055
70 115 251.992
70 117 375.199
70 161 224.302
70 188 460.539
70 197 392.951
70 211 225.519
70 229 217.58
70 243 912.575
71 32 150.886
71 78 211.891
71 140 133.258
71 160 135.983
71 174 648.214
71 227 620.336
72 27 250.622
72 54 503.911
72 102 511.436
72 122 546.734
72 216 309.969
73 0 193.219
73 11 172.404
73 32 190.504
73 41 540.387
73 83 233.507
73 203 268.776
73 214 390.264
74 97 277.497
74 111 184.993
74 155 291.235
74 186 236.018
75 69 104.032
75 100 85.0734
75 104 52.4751
75 106 241.678
75 121 77.2115
75 167 149.954
75 170 45.7296
75 194 230.314
75 202 241.305
75 207 61.3625
75 222 72.3305
75 233 91.9878
76 27 520.106
76 102 515.655
76 134 194.58
76 178 195.499
76 196 341.417
77 128 106.58
77 134 126.335
77 161 107.34
78 42 39.3515
78 72 122.53
78 79 35.5608
78 81 78.6352
78 87 47.1561
78 221 33.212
79 54 538.027
79 122 378.53
79 163 149.808
79 216 121.195
80 9 6.48375
80 10 16.951
80 21 7.89796
80 39 6.43092
80 45 6.78938
80 56 18.7843
80 77 10.6688
80 119 14.1223
80 129 17.5304
80 137 7.8616
80 164 13.4741
81 47 512.7
81 66 481.866
81 78 321.261
81 99 364.005
81 152 385.787
81 160 670.824
81 183 224.42
81 228 315.253
81 247 1389.22
82 2 104.136
82 18 166.447
82 20 111.884
82 48 120.594
82 117 87.6783
82 197 285.084
82 216 134.603
82 217 75.1708
82 243 99.6062
83 1 588.933
83 91 450.315
83 124 877.412
83 166 492.708
83 204 768.347
83 209 244.642
83 237 2468.1
84 19 190.541
84 26 339.572
84 146 326.395
84 172 269.637
84 220 225.916
84 221 179.085
84 223 269.53
85 6 166.394
85 24 181.938
85 107 162.106
85 110 168.391
85 114 160.599
85 144 156.531
85 159 163.876
86 2 539.711
86 8 451.207
86 14 455.554
86 18 333.672
86 36 354.175
86 65 1040.46
86 117 583.788
86 162 414.622
86 217 626.022
86 229 807.537
87 12 398.311
87 13 494.609
87 37 181.049
87 67 190.293
87 93 165.141
87 150 229.218
87 177 149.012
88 77 288.562
88 82 208.744
88 84 322.522
88 89 474.275
88 119 271.23
88 128 496.075
88 137 547.202
89 84 80.4217
89 89 82.9606
89 137 76.9825
89 171 102.263
89 178 81.8999
90 86 172.701
90 120 195.052
90 151 160.671
90 239 279.538
91 68 107.122
91 75 121.53
91 79 86.0505
91 88 307.185
91 200 93.7057
92 64 952.304
92 116 452.547
92 165 344.03
92 168 963.732
92 169 883.958
93 59 335.635
93 63 1421.52
93 97 298.831
93 111 448.175
93 135 750.388
93 154 294.713
93 157 297.324
93 186 307.09
93 193 1759.47
93 238 3339.63
94 57 2.12648
94 70 2.67312
94 80 2.43033
94 127 2.51316
94 133 2.68554
94 206 3.87541
94 210 2.44617
94 224 2.23227
95 82 407.68
95 93 404.22
95 138 829.202
95 150 318.745
95 240 2024.94
96 42 231.084
96 72 242.004
96 81 923.314
96 221 217.39
97 122 17.7546
97 163 68.1445
97 192 29.8329
98 15 280.422
98 25 251.082
98 28 173.201
98 31 155.912
98 40 185.191
98 101 142.329
98 139 396.091
98 156 136.357
98 184 199.882
98 187 170.016
98 201 144.651
98 218 236.702
98 232 339.447
99 86 5011.81
99 145 444.967
99 151 743.807
99 153 466.703
100 40 281.254
100 58 1530.81
100 118 212.589
100 176 395.112
101 29 6.803
101 64 6.99651
101 131 9.55868
101 168 7.67168
101 169 7.44191
102 4 42.2257
102 7 51.3677
102 16 77.6917
102 17 167.988
102 35 128.362
102 108 69.1679
102 142 43.649
102 146 36.85
102 220 49.4879
103 33 299.623
103 42 490.146
103 87 348.53
103 146 243.067
103 200 382.566
103 221 572.773
103 223 494.609
103 236 320.145
104 19 224.246
104 26 206.975
104 42 247.302
104 146 220.443
104 221 309.562
104 223 517.815
105 43 13.2365
105 51 16.3485
105 98 22.0395
105 195 15.6506
105 215 13.896
106 51 119.78
106 98 69.2924
106 186 67.0381
106 195 67.2485
107 18 313.762
107 20 867.244
107 27 226.647
107 38 327.57
107 48 1837.83
107 115 251.826
107 134 256.744
107 161 434.94
107 188 298.735
107 197 405.946
107 243 610.306
108 116 257.22
108 123 429.781
108 198 648.23
108 249 1151.52
109 33 435.923
109 34 294.695
109 75 727.337
109 109 328.636
109 200 437.186
109 236 803.634
110 53 739.55
110 57 332.689
110 210 246.643
111 8 287.685
111 18 338.364
111 20 346.552
111 38 778.882
111 48 438.168
111 115 807.529
111 117 292.918
111 161 348.704
111 188 766.177
111 197 278.008
111 211 462.401
111 243 808.365
112 90 418.637
112 95 704.043
112 107 655.825
112 114 464.152
112 148 522.557
112 159 390.93
112 180 275.062
113 104 294.604
113 106 30.8514
113 167 24.7287
113 170 24.6587
113 194 32.9246
113 205 50.5502
113 207 49.3346
113 233 52.2417
113 241 111.974
114 1 152.51
114 91 145.514
114 118 57.0026
114 124 151.299
114 166 277.585
114 204 84.5386
114 209 68.0464
114 237 183.299
115 4 248.727
115 33 942.36
115 34 230.317
115 108 235.978
115 109 305.138
115 142 360.08
115 200 266.19
115 219 301.217
115 231 239.676
115 234 435.758
115 236 348.494
116 23 167.609
116 33 211.434
116 34 203.069
116 75 109.876
116 76 104.177
116 109 401.829
116 130 119.271
116 142 113.822
116 199 127.712
116 219 145.759
116 231 122.091
116 234 180.832
116 236 134.869
116 242 168.911
116 245 118.253
117 3 291.936
117 6 393.332
117 22 330.028
117 113 281.401
117 136 313.98
117 140 299.524
117 144 573.105
117 226 657.548
118 59 489.823
118 63 569.963
118 96 358.203
118 135 350.999
118 154 578.288
118 157 314.025
118 193 602.3
118 215 342.584
118 238 465.571
119 120 109.232
119 191 146.159
120 14 306.857
120 36 357.033
120 90 1136.07
120 95 484.146
120 114 277.259
120 148 340.5
120 170 419.486
121 5 401.65
121 11 294.904
121 83 170.843
121 85 183.545
122 15 123.463
122 23 136.229
122 28 119.642
122 31 223.672
122 67 120.61
122 130 128.303
122 177 129.503
122 181 243.742
122 184 141.702
122 199 168.351
122 201 709.963
122 242 131.751
122 245 181.317
123 4 123.364
123 7 147.938
123 16 150.585
123 17 130.527
123 46 127.301
124 32 292.863
124 41 367.2
124 83 172.892
124 105 131.32
124 203 294.039
124 214 395.973
125 22 420.765
125 24 735.753
125 107 232.318
125 113 447.712
125 144 218.259
125 159 382.588
125 226 211.741
126 4 469.134
126 7 390.442
126 16 288.072
126 28 339.678
126 31 277.967
126 46 732.544
126 76 1710.79
126 101 415.893
126 125 3481.11
126 142 292.945
126 184 286.759
126 199 322.419
126 219 569.324
126 231 1039.09
126 234 363.288
127 18 218.331
127 20 371.926
127 38 663.633
127 48 428.312
127 115 336.151
127 134 269.967
127 161 542.397
127 188 290.959
127 197 232.65
127 211 222.455
127 243 426.56
128 8 123.942
128 159 114.048
128 180 323.396
128 211 114.765
129 22 78.2549
129 24 87.8386
129 107 89.093
129 113 91.7537
129 159 114.773
129 180 169.486
130 20 36.7024
130 27 42.3737
130 54 50.6209
130 102 47.3414
130 122 38.25
130 197 47.4371
130 216 148.596
131 91 253.897
131 112 190.194
131 123 231.281
131 166 200.835
131 198 248.257
131 209 233.401
131 249 401.83
132 73 1276.79
132 74 417.774
132 141 508.788
132 149 363.991
132 212 448.688
132 235 288.787
133 22 321.078
133 24 303.905
133 113 427.363
133 140 260.863
133 159 284.263
133 174 273.594
133 180 305.217
134 29 570.365
134 50 179.828
134 64 212.006
134 131 1172.23
134 168 210.602
134 169 221.511
134 185 263.851
135 47 196.905
135 66 352.892
135 78 113.927
135 96 98.2439
135 99 144.935
135 152 155.038
135 160 197.936
135 183 121.611
135 225 114.561
135 228 160.265
135 246 99.5221
135 247 344.61
136 49 144.405
136 64 280.434
136 116 163.604
136 165 236.706
136 168 361.656
136 169 301.797
137 8 7.71403
137 14 5.17037
137 65 7.60208
137 117 5.73661
137 180 8.16384
137 229 10.5885
138 12 1431.47
138 13 701.598
138 67 235.135
138 93 527.003
138 150 1600.04
138 177 275.6
138 240 236.338
139 104 392.422
139 114 177.442
139 148 180.433
139 170 170.557
139 205 1115.66
139 207 282.061
139 233 212.694
139 241 1108.78
140 97 59.9513
140 111 36.2336
140 191 70.3608
141 43 107.431
141 98 172.005
141 141 53.2073
141 173 93.3836
141 195 100.808
141 215 60.8864
141 235 82.6981
142 2 510.577
142 8 245.861
142 14 303.206
142 18 240.575
142 36 229.074
142 65 539.359
142 117 393.519
142 162 343.745
142 217 658.958
142 229 367.565
143 9 177.115
143 10 520.713
143 21 227.524
143 39 155.643
143 56 515.237
143 77 279.749
143 119 330.498
143 129 1237.92
143 137 147.085
143 164 297.041
144 15 11285.7
144 25 719.567
144 31 197.238
144 39 201.193
144 139 227.019
144 156 322.713
144 184 204.717
144 187 255.674
144 201 224.501
144 218 346.364
144 232 212.323
145 54 138.999
145 122 191.766
145 163 430.362
145 192 168.48
146 13 148.096
146 71 198.309
146 73 193.657
146 74 417.43
146 141 146.448
146 149 255.054
146 158 219.585
146 212 159.651
147 45 99.7624
147 112 399.137
147 123 128.223
147 189 68.8909
147 209 93.2913
147 248 92.2156
148 20 596.845
148 27 408.564
148 48 361.608
148 102 178.67
148 134 316.184
148 161 362.951
148 196 286.622
148 197 291.402
148 216 208.07
148 243 207.046
149 9 423.547
149 21 203.538
149 82 239.434
149 156 254.113
149 177 179.086
150 68 816.724
150 72 137.278
150 79 433.021
150 88 209.894
151 43 276.811
151 73 481.007
151 74 302.124
151 141 333.594
151 149 303.147
151 173 347.255
151 212 441.017
151 235 482.268
152 23 730.608
152 31 284.773
152 34 282.049
152 67 236.449
152 76 207.204
152 109 272.113
152 125 190.499
152 130 382.866
152 181 250.665
152 184 194.618
152 199 600.13
152 201 311.433
152 219 194.303
152 231 201.59
152 242 639.853
152 245 786.309
153 60 359.5
153 206 1040.09
154 12 37.2396
154 13 32.1196
154 67 54.3077
154 130 31.0677
154 150 41.2516
154 177 110.394
154 181 51.3347
154 245 29.6328
155 52 658.507
155 61 184.672
155 62 871.347
155 92 712.042
156 0 20.8925
156 41 27.644
156 71 25.85
156 105 67.4902
156 132 18.0197
156 158 21.0593
156 203 53.5059
156 214 19.9204
156 246 17.7689
157 55 70.9921
157 171 149.743
157 179 75.1365
157 182 84.3437
157 248 64.803
158 49 723.741
158 165 411.021
159 5 35.6517
159 11 17.9732
159 38 16.9092
159 85 33.2739
159 115 13.9934
160 98 122.659
160 215 361.597
161 22 322.55
161 24 264.214
161 113 447.965
161 140 349.815
161 174 320.012
161 227 245.583
162 15 9.36373
162 28 37.0682
162 31 15.9919
162 40 12.3033
162 46 10.5245
162 76 9.82538
162 101 20.2541
162 125 9.777
162 139 12.9519
162 184 42.0146
162 199 9.10584
162 201 10.742
162 232 17.8336
163 19 350.959
163 42 301.743
163 81 333.674
163 221 331.113
163 223 365.301
164 54 79.5157
164 122 154.18
164 163 82.3015
164 192 88.1066
164 244 61.9614
165 43 204.478
165 94 373.579
165 98 144.735
165 126 215.936
165 147 281.419
165 173 164.406
165 195 230.193
166 22 4.26125
166 24 5.55543
166 95 4.35165
166 107 13.0242
166 113 4.3503
166 114 4.30241
166 159 18.3655
166 180 5.50072
167 8 109.957
167 18 148.005
167 20 128.82
167 38 183.273
167 48 172.524
167 65 94.6273
167 115 199.735
167 117 121.457
167 161 112.515
167 188 360.608
167 197 109.914
167 211 146.415
167 243 486.738
168 53 111.236
168 54 156.991
168 122 109.632
168 216 124.392
169 10 432.946
169 21 346.244
169 39 385.014
169 45 446.024
169 56 433.288
169 129 279.494
169 164 610.678
169 187 305.837
169 189 1131.94
169 209 368.65
170 77 221.1
170 84 276.609
170 89 478.104
170 119 261.386
170 129 179.622
170 137 521.979
170 178 186.865
171 120 116.91
171 191 271.363
172 30 134.703
172 55 232.024
172 61 132.103
172 171 223.167
172 179 168.83
172 182 2668.39
172 185 162.869
173 30 317.821
173 55 508.758
173 61 285.418
173 171 224.868
173 179 260.16
173 182 374.005
174 45 9.76448
174 171 7.77372
174 248 10.1307
175 29 183.646
175 30 173.978
175 52 182.968
175 55 197.509
175 61 212.341
175 62 171.716
175 131 157.644
175 171 154.722
175 182 365.234
175 185 219.603
176 3 134.535
176 44 142.68
176 103 305.802
176 143 119.59
176 175 211.705
176 190 220.224
176 208 127.016
176 230 213.177
177 32 333.261
177 41 507.326
177 105 489.894
177 132 382.392
177 203 895.926
177 214 398.735
177 246 408.011
178 38 197.115
178 134 444.7
178 161 334.244
178 196 225.176
179 19 237.623
179 42 245.534
179 81 468.784
179 221 245.626
180 14 43.5332
180 36 50.5932
180 70 125.945
180 80 103.661
180 121 42.8065
180 127 114.514
180 133 226.655
180 206 51.8542
180 210 55.0021
180 224 81.1416
181 47 7.80742
181 78 5.51796
181 99 10.238
181 140 6.58762
181 152 9.70882
181 160 5.88867
181 175 6.82947
181 230 5.72203
181 247 5.77693
182 8 961.535
182 18 103.764
182 65 179.771
182 115 109.843
182 117 165.719
182 180 130.514
182 188 167.612
182 211 157.889
182 229 233.08
182 243 103.722
183 43 215.15
183 51 238.286
183 98 396.039
183 195 255.231
183 215 242.841
184 9 373.52
184 10 481.268
184 21 352.636
184 56 481.209
184 77 2243.97
184 82 299.189
184 89 300.364
184 119 1833.01
184 128 276.74
184 129 1199.36
184 137 457.682
184 164 365.583
185 10 124.901
185 21 84.1102
185 39 85.8249
185 45 98.7543
185 56 126.226
185 129 73.0069
185 164 205.069
185 187 61.9187
185 189 150.68
185 209 67.9713
186 43 37.7676
186 98 65.2155
186 141 39.2009
186 195 38.9007
186 215 86.728
187 6 383.25
187 22 376.205
187 24 293.924
187 110 242.443
187 113 280.955
187 144 1702.23
187 226 1256.81
188 5 99.4199
188 11 240.943
188 32 77.0042
188 41 83.9584
188 83 169.668
188 85 79.2738
188 214 101.428
189 43 131.62
189 51 134.09
189 98 230.638
189 195 163.705
189 215 111.688
190 30 52.2027
190 54 55.9491
190 102 97.9458
190 122 70.3048
190 244 65.2189
191 97 4.7159
191 120 4.87532
191 191 10.0677
192 43 280.257
192 94 273.08
192 98 270.618
192 147 237.742
192 195 353.832
193 32 89.7919
193 41 105.577
193 105 120.266
193 132 182.196
193 203 144.271
193 214 93.6992
193 228 110.177
193 246 211.286
194 29 195.553
194 52 312.777
194 62 337.549
194 92 978.772
194 131 227.232
195 69 278.028
195 100 305.042
195 106 301.368
195 121 814.415
195 133 330.36
195 170 331.192
195 194 268.538
195 202 335.262
195 222 608.21
196 19 209.366
196 26 237.899
196 146 139.426
196 172 198.145
196 223 121.074
197 73 111.132
197 98 100.52
197 141 194.26
197 215 158.386
198 49 418.081
198 64 261.995
198 116 510.328
198 165 861.187
198 168 279.193
198 169 262.625
199 26 157.26
199 42 161.963
199 108 150.657
199 146 266.044
199 172 138.986
199 220 192.713
199 221 205.676
199 223 369.165
200 3 315.117
200 6 917.02
200 110 529.272
200 136 642.288
200 144 349.167
200 226 333.14
201 114 276.755
201 148 228.942
202 1 95.2128
202 91 101.438
202 124 113.158
202 166 94.3589
202 204 160.034
202 237 138.448
203 12 645.614
203 13 540.498
203 67 516.067
203 93 316.4
203 130 295.593
203 150 556.112
203 177 476.762
203 181 332.213
204 10 66.5539
204 56 69.3859
204 77 86.9547
204 84 61.305
204 89 83.3268
204 119 118.249
204 129 83.2786
204 137 109.047
204 164 59.3414
205 23 36.8954
205 33 22.8257
205 34 39.9219
205 76 16.8381
205 109 92.0176
205 130 22.8152
205 199 23.8916
205 219 21.3992
205 231 18.9737
205 234 23.8503
205 236 17.0967
205 242 37.1954
205 245 23.1127
206 68 38.2032
206 72 30.3987
206 75 28.9092
206 79 36.2347
206 87 34.6054
206 88 65.498
206 200 30.3941
207 5 223.375
207 93 197.779
207 138 301.708
207 240 375.126
208 55 248.152
208 84 230.973
208 171 309.913
208 178 391.351
208 179 397.83
209 38 309.124
209 134 395.292
209 161 420.124
209 196 225.435
210 19 332.382
210 26 432.444
210 146 219.263
210 172 405.69
211 53 1830.09
211 57 244.164
212 89 214.212
212 171 273.287
213 51 33.2675
213 155 41.1636
213 186 135.321
213 238 12.5411
214 30 163.717
214 52 219.276
214 61 338.959
214 62 188.709
214 244 135.383
215 51 176.272
215 63 189.629
215 98 171.365
215 193 201.449
215 215 291.195
215 238 200.841
216 59 831.174
216 63 594.339
216 96 463.211
216 111 299.052
216 135 445.595
216 154 427.455
216 157 714.839
216 183 343.194
216 193 543.503
216 225 284.314
216 238 410.933
217 23 160.36
217 33 144.547
217 34 370.582
217 75 130.538
217 109 492.329
217 130 136.958
217 199 98.0691
217 200 95.2252
217 234 101.129
217 236 129.305
217 242 168.119
217 245 117.012
218 49 233.234
218 116 782.978
218 165 351.965
218 168 212.567
219 11 79.5048
219 32 72.5019
219 83 88.3926
219 85 77.5205
219 174 98.0518
219 227 67.8391
220 59 109.732
220 66 140.319
220 96 195.9
220 132 73.0975
220 154 110.428
220 157 86.9924
220 183 321.483
220 225 129.75
220 228 142.889
220 246 76.6853
220 247 69.6869
221 53 312.047
221 57 521.588
221 206 298.226
221 210 420.361
222 84 81.2857
222 89 67.5063
222 128 55.7575
222 134 92.4555
222 137 52.1055
222 161 56.6821
222 178 63.1556
222 196 77.2774
223 0 1381.04
223 13 261.222
223 71 363.684
223 93 308.343
223 105 283.731
223 158 665.71
223 203 264.507
224 0 99.8495
224 12 77.9189
224 13 74.6813
224 93 190.115
224 150 81.2918
224 158 65.7681
224 240 81.9776
225 18 333.414
225 20 706.59
225 27 342.536
225 48 564.65
225 134 244.358
225 161 293.124
225 197 1243.43
225 216 493.313
225 243 322.531
226 47 307.071
226 66 732.956
226 78 180.375
226 96 175.277
226 99 231.041
226 152 246.889
226 160 300.287
226 183 220.508
226 225 205.53
226 228 284.774
226 246 170.458
226 247 489.165
227 17 281.225
227 26 539.156
227 35 488.481
227 108 370.65
227 146 539.827
227 172 600.759
227 220 629.478
228 6 336.444
228 22 375.163
228 24 272.426
228 113 302.048
228 140 283.608
228 144 809.11
228 226 1101.98
229 73 243.785
229 74 184.773
229 141 150.022
229 149 203.477
229 173 140.703
229 212 384.452
229 235 184.89
230 32 99.1285
230 78 93.2297
230 160 85.1687
230 174 68.9744
230 214 63.8227
230 227 114.981
230 247 72.3777
231 8 390.831
231 38 304.819
231 115 523.007
231 180 298.317
231 188 416.473
231 211 1372.4
231 229 273.331
231 243 274.178
232 9 125.351
232 82 213.098
232 93 116.868
232 138 147.316
232 150 131.439
232 177 120.805
232 240 149.691
233 8 644.889
233 65 327.963
233 117 288.316
233 180 635.554
233 188 302.563
233 211 376.39
233 229 435.792
234 15 174.618
234 25 185.104
234 28 97.3238
234 40 120.373
234 118 96.1714
234 139 276.736
234 156 94.3974
234 184 108.273
234 187 139.506
234 218 208.015
234 232 195.449
235 90 304.982
235 95 498.541
235 107 456.171
235 114 1415.12
235 148 792.417
235 159 319.616
235 205 269.301
236 9 262.83
236 15 396.363
236 21 225.78
236 25 352.848
236 39 239.609
236 156 731.579
236 177 195.605
236 181 204.742
236 187 211.037
236 201 199.594
236 218 231.569
237 43 207.4
237 68 248.637
237 94 303.325
237 126 699.305
237 147 468.887
237 173 238.146
237 235 224.206
238 90 215.361
238 106 214.532
238 121 329.075
238 133 165.74
238 170 1042.82
238 194 193.353
238 202 180.651
238 207 279.135
238 222 481.877
238 233 172.377
239 1 537.555
239 91 1734.22
239 124 578.222
239 166 1973.96
239 189 303.661
239 204 415.721
239 209 469.61
239 237 805.754
240 43 2921.44
240 94 245.8
240 98 380.285
240 126 307.926
240 147 300.663
240 173 948.471
240 195 847.422
240 235 443.388
241 4 510.967
241 7 281.365
241 16 196.007
241 17 143.392
241 33 105.787
241 46 135.664
241 76 184.754
241 108 121.635
241 125 187.714
241 142 336.609
241 199 107.92
241 219 429.256
241 231 282.675
241 234 365.028
242 141 220.225
242 215 753.258
243 9 334.59
243 10 235.927
243 21 1385.63
243 25 143.662
243 39 368.672
243 56 218.578
243 77 147.285
243 119 142.648
243 129 206.821
243 156 234.672
243 164 204.211
243 187 152.531
243 218 133.682
244 47 243.137
244 78 1529.63
244 99 233.19
244 140 201.157
244 152 226.411
244 160 406.223
244 174 231.932
244 227 476.082
244 247 265.257
245 27 155.568
245 84 430.198
245 89 228.462
245 134 171.6
245 137 151.61
245 178 567.044
245 196 247.617
246 6 214.802
246 22 261.302
246 24 395.014
246 107 290.754
246 113 220.741
246 114 217.7
246 144 257.864
246 159 326.879
246 226 229.35
247 44 47.9123
247 86 38.5823
247 103 39.8945
247 153 60.5569
247 208 89.3628
247 213 82.001
247 239 58.3858
248 14 6.25474
248 36 7.04053
248 57 5.16179
248 70 28.3549
248 80 36.0299
248 127 42.7253
248 133 19.0965
248 162 5.6718
248 210 6.45379
248 224 19.7063
249 0 31.8684
249 12 56.3168
249 13 46.8961
249 93 538.108
249 150 76.8035
249 240 45.2564
