200 200 800
0 0 31.9162
0 19 34.6631
0 87 14.7589
0 132 43.2072
1 0 2.10497
1 81 36.5298
1 147 20.6221
1 168 60.5383
2 0 93.7434
2 7 51.7104
2 169 67.3637
3 0 2
3 20 52.8602
3 114 34.4632
3 126 53.2702
3 135 14.4992
4 0 25.3818
4 37 43.9623
4 192 38.7986
5 0 16.5421
5 92 16.1091
5 93 31.0214
5 94 33.9222
5 132 16.6755
5 170 45.3506
5 193 24.0779
6 0 34.2376
6 43 16.3155
6 65 31.5876
6 114 25.9087
6 129 25.5674
6 195 13.3411
6 197 26.4266
7 0 184.72
7 193 119.922
8 0 44.829
8 27 7.57072
8 54 23.2608
8 197 39.152
9 0 7.96125
9 40 7.40392
9 70 8.3704
9 192 14.9472
9 199 21.5867
10 0 10.6576
10 20 2.14963
10 67 27.834
10 69 5.42247
10 85 2
10 90 2
10 134 2
10 178 29.3507
11 0 26.6323
11 133 25.9087
11 152 2
11 154 22.4629
11 183 43.4323
12 0 38.116
12 59 3.89982
12 87 31.9396
12 129 30.9417
12 138 29.9556
12 178 18.8818
13 0 2
13 70 19.9751
13 132 13.2507
13 165 21.5949
13 186 12.1632
14 0 44.3674
14 8 37.0446
14 169 60.3097
15 0 2.03577
15 43 22.5239
15 54 8.93508
15 55 2
15 92 2.45465
15 174 30.4381
16 0 33.1604
16 11 25.9596
16 36 30.8991
16 82 2
16 132 19.5006
16 153 18.5971
16 169 12.3968
17 0 27.1938
17 3 32.3181
17 69 29.4793
17 111 34.6151
17 125 31.6911
18 0 14.7139
18 39 19.1205
18 40 10.0966
18 69 14.3129
18 169 31.0839
18 193 18.0594
19 0 30.6797
19 141 9.21864
19 143 70.2449
19 169 2
20 0 9.13119
20 20 40.7749
20 33 23.7321
20 34 25.3574
20 39 36.3
20 173 8.61404
21 0 111.37
21 55 142.41
22 0 24.9124
22 34 18.8429
22 37 5.66244
22 103 22.6972
22 169 27.1957
22 175 7.47767
23 0 12.7095
23 12 83.7082
23 94 47.2802
23 125 6.4655
24 0 35.9163
24 81 7.92627
24 114 8.30565
24 169 4.67727
24 188 58.7338
25 0 3.39512
25 65 30.0531
25 84 25.5221
25 124 24.37
25 147 10.591
25 175 2
26 0 43.931
26 98 29.3157
26 107 75.0819
26 125 19.7954
26 155 8.26014
27 0 23.5116
27 65 42.0103
27 90 42.9686
27 129 57.7488
28 0 32.2687
28 93 45.5838
28 115 2
28 134 11.3182
28 169 25.2448
29 0 51.8275
29 55 115.569
29 156 92.6426
30 0 21.2209
30 65 12.4733
30 129 19.5132
30 169 42.316
30 191 13.861
31 0 29.7849
31 10 9.1322
31 57 30.3303
31 132 31.5199
31 161 10.743
31 196 24.8599
32 0 39.7887
32 48 31.8177
32 97 6.1751
32 127 46.659
32 195 10.0418
33 0 13.4058
33 2 17.825
33 54 18.8873
33 55 4.12017
33 61 46.5872
33 165 44.4653
34 0 11.2624
34 57 23.0597
34 78 25.1009
34 94 14.9345
34 123 19.0377
34 169 20.4811
34 178 24.9039
35 0 75.8165
35 27 20.5136
36 0 9.8094
36 33 32.717
36 86 24.5995
36 105 33.6842
36 163 13.5588
37 0 74.4314
37 125 45.9889
37 138 32.2825
38 0 24.9196
38 20 17.4633
38 34 21.6254
38 115 2.17209
38 155 25.058
39 0 19.8518
39 59 45.4271
39 65 22.158
39 152 42.9706
39 169 26.4526
40 0 23.1975
40 10 20.712
40 33 41.3668
40 68 40.7101
40 132 44.3029
41 0 6.62626
41 20 2.39034
41 123 19.6365
41 124 34.3525
41 137 18.9035
41 152 20.5453
41 159 6.80704
42 0 64.9361
42 138 4.76845
42 173 79.1365
43 0 55.0243
43 12 50.3594
43 113 11.3634
43 173 32.4172
44 0 16.3287
44 7 31.8494
44 48 48.3306
44 65 41.9345
44 87 51.7281
45 0 82.4747
45 36 35.9432
45 134 27.0755
45 178 13.1804
46 0 19.4824
46 49 21.3786
46 97 16.1006
46 169 37.5515
47 0 10.2957
47 82 121.593
48 0 17.5989
48 1 35.6333
48 51 26.7575
48 59 45.6616
48 130 22.5989
49 0 20.9956
49 75 18.0987
49 144 71.0364
50 0 11.5221
50 127 89.4977
50 193 51.7531
51 0 31.1943
51 35 46.7738
51 60 2
51 154 19.1093
52 0 38.7374
52 4 15.6218
52 57 8.54779
52 127 39.4962
52 149 25.7299
53 0 5.02896
53 43 4.31385
53 49 11.1027
53 69 17.1123
53 119 25.6482
53 160 17.1222
53 192 18.8901
54 0 52.9291
54 7 59.8357
54 70 33.8243
54 114 41.1449
54 117 21.3639
55 0 57.5128
55 58 13.3593
55 87 3.30293
55 149 28.597
55 156 48.6068
56 0 2
57 0 18.5137
57 35 2.40354
57 41 4.89779
57 43 8.73937
57 48 10.9263
57 132 15.2482
57 133 15.7987
57 149 2.94106
57 169 7.71152
57 191 11.5549
58 0 4.68757
58 103 15.6053
58 120 16.3183
58 182 2
58 196 37.6309
59 0 10.8741
59 15 2.45409
59 20 2
59 36 11.4512
59 65 7.52512
59 69 16.39
59 104 2
59 125 7.97754
59 132 14.9536
59 150 16.4932
59 153 2.63296
59 167 12.0012
60 0 25.6425
60 3 11.7305
60 69 2.54451
60 83 20.0001
60 98 2
60 125 21.008
60 146 7.04887
60 169 6.56889
61 0 5.59285
61 39 26.7197
61 114 5.85533
61 127 26.1931
61 132 11.1872
61 133 21.4277
61 167 7.93306
61 178 17.5537
62 0 23.8938
62 16 14.2763
62 48 8.04343
62 87 10.1792
62 129 17.0274
62 138 28.7053
63 0 11.9051
63 82 10.286
63 116 41.4177
63 137 34.6049
63 153 18.9149
64 0 34.0823
64 21 22.881
64 65 14.7714
64 138 20.1048
64 157 42.4664
64 161 34.1105
64 183 17.3592
65 0 25.2469
65 21 14.444
65 37 5.5172
65 114 18.5756
65 129 31.293
65 158 30.872
66 0 2.15528
66 65 12.5155
66 98 7.35439
66 133 31.4289
66 145 2
66 163 2.57355
66 199 39.5428
67 0 22.8851
67 49 35.5111
67 98 42.6061
67 149 17.5413
67 184 56.6237
68 0 79.738
68 37 34.6256
68 54 28.0249
69 0 33.7091
69 41 39.2485
69 138 24.2282
70 0 28.4205
70 43 95.7968
70 86 38.856
71 0 35.8046
71 24 21.2562
71 62 9.4486
71 69 8.02004
71 88 21.2507
71 112 8.96147
71 191 29.5332
72 0 41.0884
72 20 7.92066
72 21 2
72 87 17.3259
72 129 15.8083
72 141 16.2177
72 194 6.62069
73 0 38.1515
73 21 35.5382
73 85 28.2884
73 129 22.443
73 149 37.6626
73 153 17.5449
74 0 5.57223
74 7 19.6062
74 18 2.7243
74 62 6.73615
74 169 26.6424
74 186 19.7723
74 197 21.0197
75 0 4.91005
75 16 32.0841
75 37 29.3609
75 65 4.30157
75 68 3.2615
75 120 2.36183
75 138 20.4713
75 193 22.7891
76 0 217.865
76 152 165.202
77 0 5.38839
77 24 36.7914
77 81 16.8925
77 127 9.12051
77 132 2
77 159 36.0054
78 0 5.60904
78 36 31.3445
78 41 44.4171
78 43 2.84489
78 149 23.5458
78 173 53.3211
79 0 11.0712
79 65 23.9676
79 81 36.1673
79 120 19.4875
79 138 3.43772
79 152 32.9964
80 0 38.2621
80 37 66.375
80 78 27.9091
80 180 49.3682
81 0 5.42012
81 24 18.2094
81 48 10.8783
81 78 22.8137
81 162 2.43855
81 165 14.4764
82 0 2
82 67 2
82 97 26.0938
82 110 15.3735
82 111 16.7665
82 141 22.6292
82 149 15.4023
82 186 11.7044
83 0 33.5487
83 33 31.3377
83 149 44.1148
83 180 67.93
84 0 5.63703
84 27 22.8711
84 65 11.8372
84 67 27.5433
84 133 27.6992
84 138 5.57792
84 169 32.2946
84 191 6.0349
85 0 2.67074
85 27 26.7591
85 65 23.9351
85 68 2.85627
85 125 17.3827
85 169 40.0889
85 185 22.1281
86 0 7.38208
86 33 18.0453
86 59 11.1175
86 141 43.4036
86 158 20.4982
86 174 24.151
87 0 2
87 55 52.7161
87 154 29.0707
87 159 9.25471
88 0 8.42271
88 59 7.35293
88 63 11.5692
88 124 2
88 129 5.10885
88 160 26.7175
88 178 5.09304
89 0 4.25951
89 125 26.4491
89 141 24.3498
89 153 16.1579
89 154 35.3551
89 195 16.6218
90 0 47.5626
90 66 53.37
90 92 8.64346
90 129 41.6079
90 180 35.3484
91 0 7.80226
91 80 54.876
91 174 56.4767
91 180 86.2038
92 0 29.7657
92 19 58.5741
92 30 5.68533
92 145 18.515
93 0 44.895
93 26 30.1081
93 49 10.5686
93 80 41.674
93 169 10.8349
94 0 29.1359
94 40 13.5615
94 41 48.1847
95 0 22.2594
95 33 28.8746
95 48 11.6363
95 56 5.12838
95 105 21.8929
95 129 18.9727
95 145 12.615
95 180 10.7035
96 0 18.0087
96 57 19.3101
96 79 45.5849
96 93 8.44674
96 193 5.17456
97 0 30.4362
97 82 38.6087
97 98 18.4756
97 113 15.8286
97 118 4.09361
97 169 13.4737
97 182 19.0954
98 0 9.48028
98 53 27.4354
98 55 25.8046
98 68 32.6048
98 97 43.4493
99 0 35.8579
99 174 65.8381
99 184 46.564
99 192 11.571
100 0 20.6001
100 119 30.2154
100 127 58.7964
100 165 85.858
101 0 111.356
101 69 41.1299
101 169 118.313
102 0 11.9181
102 33 18.7027
102 65 20.6139
102 86 14.1833
102 127 16.2287
102 154 12.9492
102 191 22.97
102 197 2.83989
103 0 19.9155
103 79 9.55318
103 132 13.0041
103 185 44.1302
103 193 36.1998
104 0 45.8398
104 49 17.0686
104 57 18.8213
104 114 36.7494
104 167 45.8193
105 0 25.0837
105 1 28.4157
105 78 3.17454
105 80 10.1597
105 128 2.24425
105 136 37.2252
106 0 16.9306
106 70 14.0845
106 114 3.46292
106 130 28.2409
106 138 16.7906
106 150 4.60494
107 0 29.1962
107 18 8.85086
107 41 30.6348
108 0 140.444
108 165 43.1007
109 0 62.9636
109 129 76.2788
109 169 28.863
110 0 48.1322
110 57 43.5813
110 68 18.6626
110 114 48.7344
110 197 3.71843
111 0 8.31287
111 5 9.72053
111 35 15.0677
111 37 14.7218
111 65 15.4406
111 69 18.4041
111 115 18.3252
111 123 2
111 129 13.6021
111 132 2
111 147 20.091
112 0 34.2155
112 25 15.0887
112 78 41.6898
112 185 10.4773
112 193 36.6926
113 0 42.7542
113 90 12.0449
113 156 18.4948
113 160 13.1505
113 169 9.02018
113 182 24.6576
113 185 3.31002
114 0 14.2221
114 94 108.402
115 0 17.6007
115 73 11.651
115 75 2
115 86 11.1844
115 115 9.09925
115 153 2.36943
115 194 2
116 0 36.9322
116 75 18.7508
116 93 37.8538
116 94 17.1482
116 114 2
116 150 8.0569
117 0 12.2581
117 22 8.97543
117 57 20.1073
117 86 12.529
117 129 10.3515
117 138 11.3964
117 143 10.4478
117 144 20.8826
118 0 25.5992
118 36 10.2962
118 65 41.2638
118 120 13.1212
118 124 4.26975
118 129 17.1326
119 0 30.7765
119 16 23.3858
119 38 21.3876
119 87 31.7401
119 114 31.6153
119 147 30.131
120 0 13.1725
120 31 17.6819
120 157 5.95364
120 174 36.372
120 188 5.08392
121 0 2
121 89 7.06451
121 120 13.2418
121 138 52.408
121 159 30.4651
121 162 34.4227
122 0 24.83
122 25 17.391
122 33 22.0031
122 86 8.07173
122 116 11.9952
122 127 2.09057
122 160 9.53645
122 164 7.69502
122 185 2
123 0 6.20288
123 97 12.9233
123 124 71.5082
123 192 43.4094
124 0 18.9073
124 87 2
124 92 18.2463
124 165 27.0337
124 168 17.1035
124 174 25.7506
125 0 13.7641
125 30 24.6106
125 48 10.7909
125 59 23.6237
125 80 4.44732
125 91 10.7934
125 169 15.7696
125 194 36.4164
126 0 52.0469
126 20 6.03257
127 0 17.7652
127 133 130.356
127 143 54.6993
128 0 10.5768
128 61 12.8505
128 70 35.5844
128 150 40.7474
129 0 20.1544
129 78 8.83704
129 85 44.5538
129 137 19.2814
129 141 2
129 163 40.1172
130 0 30.7041
130 67 55.6278
130 122 21.7319
130 186 25.5631
130 192 13.2057
131 0 21.3267
131 37 41.0402
131 94 10.453
131 144 11.4058
131 160 2.47804
131 169 7.2223
132 0 22.2616
132 35 3.05033
132 69 7.34436
132 101 5.93718
132 114 54.0531
132 132 29.4281
132 150 9.21436
133 0 24.1792
133 57 19.5309
133 59 19.1191
133 69 22.7821
133 86 14.6615
133 87 12.0237
133 115 10.8881
133 175 2
134 0 47.3144
134 27 8.21984
134 118 3.79666
135 0 11.1276
135 7 18.2053
135 65 11.4747
135 86 3.99861
135 151 30.9453
135 153 14.7744
135 178 31.142
136 0 2
136 30 32.5016
136 34 30.0612
136 36 3.59337
136 157 30.5644
136 169 30.7442
136 193 4.41174
137 0 112.827
137 159 83.1437
138 0 16.2773
138 125 84.7583
139 0 102.032
139 129 80.4548
139 195 39.5221
140 0 6.88866
140 15 20.4394
140 51 3.25673
140 67 12.9108
140 80 10.707
140 133 6.11159
140 168 50.8911
141 0 6.59665
141 39 10.4687
141 54 7.73686
141 94 25.5197
141 108 6.97918
141 123 2
141 165 10.4954
142 0 30.717
142 35 16.7948
142 144 96.6538
143 0 8.98908
143 69 23.3237
143 114 22.8462
143 132 22.4095
143 164 19.0884
143 169 31.8291
144 0 209.101
144 118 187.636
145 0 43.5575
145 39 49.9374
145 138 46.6336
146 0 17.1657
146 21 2.93754
146 33 2
146 69 8.45862
146 76 17.4892
146 138 13.9068
146 145 15.065
146 150 13.6091
146 156 16.5721
147 0 48.459
147 37 42.4667
147 67 57.6354
147 180 28.4293
148 0 99.7974
148 65 164.587
149 0 22.0761
149 27 20.4315
149 41 8.24176
149 86 39.3304
149 103 4.73028
149 169 23.1459
150 0 12.699
150 27 3.56454
150 115 8.14182
150 154 12.9785
151 0 62.7489
151 6 2.05154
151 120 48.0719
151 169 48.1246
152 0 16.6568
152 39 2.4256
152 94 65.6555
152 161 29.9406
152 182 35.5276
153 0 40.1205
153 82 94.0136
154 0 23.5762
154 15 18.828
154 65 25.8275
154 86 22.406
154 196 31.6641
155 0 74.5099
155 55 76.0566
155 175 98.1893
156 0 4.36759
156 16 2
156 70 12.2038
156 92 18.3167
156 120 23.9698
156 150 19.6027
156 154 12.2312
156 164 19.7701
156 170 24.2222
157 0 2
158 0 5.33589
158 51 24.1328
158 103 23.3351
158 120 10.972
158 168 5.05962
158 169 8.08375
158 186 34.7354
159 0 12.3277
159 11 34.0342
159 40 19.1757
159 68 16.828
159 85 39.011
159 115 48.3858
160 0 8.12168
160 123 28.8185
160 154 42.6669
160 161 38.1332
160 180 40.3617
161 0 39.1557
161 4 41.892
161 40 44.6783
161 137 18.0948
162 0 49.6272
162 7 36.1324
162 40 18.5961
162 132 46.5886
163 0 61.9657
163 69 48.7013
163 136 31.5129
164 0 66.8915
164 98 83.1081
164 114 8.71093
164 155 25.7365
165 0 56.3003
165 3 47.834
165 39 7.68847
165 91 42.3591
165 154 12.3309
166 0 20.728
166 22 11.1891
166 37 22.7871
166 127 17.8476
167 0 186.992
167 160 185.825
168 0 24.2963
168 53 79.2091
168 149 82.2684
169 0 16.7976
169 6 20.9378
169 27 6.6198
169 120 2.0852
169 127 17.6617
169 149 13.905
169 152 9.10266
169 168 20.1753
170 0 2
170 66 9.49771
170 154 70.328
170 193 29.0049
171 0 59.1528
171 129 22.5132
171 138 60.4772
171 169 2.36935
172 0 38.7413
172 37 26.1578
172 58 42.8598
172 90 34.5868
172 97 19.8996
172 156 10.2206
173 0 75.7252
173 21 22.9564
173 182 29.1121
174 0 4.90085
174 23 61.25
174 154 28.2157
174 160 65.4011
175 0 2
176 0 2
177 0 235.426
177 87 159.215
178 0 11.658
178 15 25.2591
178 35 7.42987
178 127 7.64476
178 147 30.4461
178 196 7.30325
179 0 18.2934
179 69 30.3727
179 85 17.6599
179 102 27.9768
179 148 28.7243
179 154 16.1908
180 0 45.4398
180 55 4.19377
180 98 21.545
180 106 55.486
181 0 33.0437
181 70 15.0074
181 130 47.0233
181 160 16.0821
181 196 13.8484
182 0 163.394
182 165 177.653
183 0 14.8464
183 129 22.2452
183 132 23.4071
183 156 24.866
184 0 36.2231
184 23 23.8256
184 62 25.8549
184 86 24.1287
184 152 52.4558
185 0 79.6571
185 41 67.7658
185 120 28.5609
186 0 2.99441
186 40 19.7225
186 59 26.1295
186 132 2.56031
186 133 2.71018
186 153 4.76822
186 168 18.6174
187 0 17.4517
187 33 16.6871
187 58 39.6123
187 87 2.21773
187 129 10.8145
187 176 40.3557
188 0 38.2962
188 21 26.5201
188 86 39.9194
188 127 47.0484
188 130 47.2959
189 0 67.1047
189 59 69.7401
189 99 74.6067
189 169 11.4744
190 0 53.6412
190 124 38.2375
190 149 26.3452
190 180 60.5417
191 0 15.418
191 27 21.1601
191 80 3.7305
191 81 20.7396
191 124 8.92397
191 173 30.0219
191 180 6.11411
192 0 7.54256
192 3 6.02196
192 21 26.3115
192 81 4.2483
192 94 26.2885
192 114 6.50247
192 143 9.59261
193 0 207.364
193 127 177.262
194 0 97.8888
194 35 30.676
194 81 26.4864
194 168 65.5982
195 0 12.3351
195 55 10.1537
195 70 8.85776
195 98 5.98386
195 114 2
195 165 29.7646
196 0 78.4669
196 102 32.595
196 124 74.2402
197 0 25.3816
197 54 16.0895
197 55 2.06344
197 65 2.63681
197 75 23.2448
197 91 7.98583
197 149 16.443
197 154 8.51452
198 0 9.7021
198 65 22.8689
198 66 23.5007
198 129 8.85228
198 146 18.7463
198 160 17.255
198 175 13.5605
199 0 46.7364
199 34 47.2907
199 127 85.8787
