300 100 1600
0 0 26.3375
0 14 19.9371
0 19 4.68797
0 62 37.8772
0 75 11.8823
0 93 24.7612
1 0 263.197
1 14 65.5802
2 0 16.4501
2 21 13.6797
2 93 51.3756
3 0 27.5193
3 4 12.5304
3 15 68.2671
4 0 32.385
4 8 39.5032
4 31 31.0419
4 62 35.5419
4 95 58.52
5 0 30.9076
5 4 15.1123
5 17 16.1774
5 19 11.0036
5 23 7.68175
5 40 22.3246
5 51 2
5 73 17.026
6 0 20.2539
6 2 14.6458
6 12 9.62002
6 23 17.8046
6 31 2
6 65 12.1868
6 86 11.5137
7 0 2.78888
7 12 51.5553
7 23 8.48629
7 33 30.1254
7 83 41.6729
8 0 5.5848
8 12 39.1025
8 55 22.714
8 65 47.1443
9 0 6.30809
9 4 31.9971
9 10 12.064
9 35 40.9366
9 93 26.6881
9 99 24.1772
10 0 22.8777
10 14 17.2871
10 31 18.2547
10 40 18.7873
10 45 2.9979
10 73 5.76629
10 89 2.21955
10 95 2
11 0 41.9157
11 11 23.6624
11 14 24.193
11 45 4.07293
11 68 17.0133
11 86 18.0967
12 0 2
12 31 3.62735
12 33 16.2738
12 73 49.5835
12 75 2
12 93 2
13 0 29.4169
13 8 4.69847
13 23 15.4981
13 32 17.3838
13 56 2
13 75 30.1242
13 94 12.038
14 0 51.7015
14 28 59.6244
14 48 18.3013
14 82 8.68584
15 0 15.8642
15 18 39.5221
15 23 18.4265
15 27 3.19171
15 31 25.5975
15 45 17.4819
15 84 2.4637
16 0 46.0058
16 15 9.32113
16 21 5.11826
16 24 17.1252
16 28 19.8892
16 31 13.8217
16 33 3.55507
16 56 10.1554
16 60 18.5938
17 0 22.8453
17 15 7.77958
17 19 26.6581
17 23 2
17 34 29.847
17 85 22.0367
17 94 31.7017
18 0 4.68094
18 15 12.3316
18 21 33.5178
18 93 13.7795
18 95 5.27244
19 0 46.8034
19 2 85.3823
20 0 53.28
20 32 32.4361
20 35 8.0731
20 61 12.8752
20 69 19.1865
20 89 10.1951
21 0 8.12871
21 10 14.1652
21 12 30.1515
21 15 2.57548
21 22 14.9574
21 23 17.515
21 24 18.4075
21 32 26.6785
22 0 47.1863
22 26 12.39
22 41 7.96698
22 47 56.3547
23 0 20.9181
23 4 28.2779
23 15 51.4826
23 62 36.8041
23 78 25.5774
23 98 17.6943
24 0 10.0323
24 21 22.2661
24 42 40.6567
24 90 46.5509
25 0 19.3424
25 2 18.5062
25 15 14.2574
25 24 2
25 31 37.5083
25 56 31.4225
25 73 26.0005
26 0 22.5321
26 14 44.1566
26 24 61.3084
26 43 18.4675
26 56 38.7461
27 0 44.8198
27 10 5.52783
27 18 23.6691
27 26 61.9824
27 56 21.9926
28 0 28.5041
28 5 12.7356
28 26 18.1181
28 47 6.58213
28 57 7.34771
28 69 16.6083
28 90 2
28 93 2.23501
29 0 9.12848
29 21 9.3773
29 23 5.49697
29 32 20.3423
29 41 14.6275
29 47 15.7325
29 53 8.43817
30 0 33.6512
30 2 7.71134
30 13 2
30 19 14.6594
30 31 9.92046
30 35 15.0512
30 44 28.2164
31 0 31.4732
31 8 17.1686
31 11 6.18207
31 14 13.6114
31 23 11.0795
31 24 3.09306
31 41 2
31 62 33.2789
31 63 2.11234
31 84 4.3455
32 0 4.10725
32 14 12.6698
32 24 2
32 27 17.2181
32 37 22.2404
33 0 6.6405
33 14 36.106
34 0 83.0407
34 73 28.4679
34 74 75.9462
35 0 20.7052
35 40 7.07439
35 41 17.7746
35 56 36.0256
35 61 24.6226
35 67 22.4794
35 85 30.3145
36 0 10.5144
36 21 4.94952
36 51 16.8587
36 59 17.9523
36 61 7.07638
36 80 6.12767
36 90 25.5088
36 93 3.25761
36 94 6.03213
36 98 4.74418
37 0 9.39729
37 15 19.0389
37 17 48.5569
37 37 8.86039
37 47 9.27404
37 60 9.63955
37 89 16.9109
38 0 14.583
38 3 28.2119
38 14 13.639
38 15 23.3847
38 29 22.2654
38 56 2
38 69 15.0664
38 79 11.2812
38 94 16.5872
39 0 8.28579
39 2 2.46185
39 14 12.0387
39 27 3.07376
39 34 2
39 35 6.53239
39 38 3.95223
39 52 20.1529
39 56 8.85566
39 57 21.3458
40 0 7.15046
40 23 10.8382
40 33 12.8009
40 56 5.38047
40 74 19.5231
40 97 20.6035
41 0 16.1638
41 11 7.39098
41 18 22.9511
41 21 10.6067
41 28 6.61649
41 31 21.3876
41 40 7.11217
41 41 4.80806
41 61 8.0234
42 0 2.10533
42 56 24.9744
42 86 33.9768
42 87 26.7962
42 89 42.7502
43 0 19.2158
43 10 5.50944
43 31 15.0503
43 45 25.1323
43 47 20.6866
43 56 8.9155
43 69 6.32244
43 80 18.7768
43 93 2
43 94 2
44 0 18.7004
44 7 21.3174
44 19 21.2748
44 35 18.4901
44 62 19.7694
44 75 21.8764
45 0 2.44747
45 4 18.5785
45 10 25.8888
45 30 5.76222
45 35 2.66682
45 59 23.8301
46 0 42.0455
46 18 2
46 41 5.84955
46 93 10.3424
47 0 12.5924
47 4 39.4219
47 14 28.055
47 61 39.4408
47 65 8.86846
47 95 42.7324
48 0 26.3013
48 27 29.9315
48 44 7.13048
48 59 9.49944
48 61 36.8321
48 72 2
49 0 21.3613
49 12 15.8103
49 14 42.5503
49 23 10.9433
49 29 33.0169
49 38 11.1611
49 41 9.84828
50 0 15.2889
50 16 4.55475
50 23 17.2916
50 28 9.61129
50 37 18.2417
50 41 10.202
50 69 2.04037
50 70 2
50 77 2
51 0 13.1754
51 12 37.5601
51 14 10.186
51 41 26.7841
51 68 18.2405
51 74 20.7858
51 88 2
52 0 18.0078
52 5 13.003
52 23 3.11211
52 34 12.6336
52 37 2
52 56 8.15909
52 59 4.15342
52 63 13.2004
52 68 20.8153
52 93 8.09242
53 0 19.8513
53 14 10.1382
53 37 13.0856
53 56 6.98985
53 60 18.5234
53 61 8.6172
53 73 7.54193
53 93 11.1539
54 0 24.6457
54 2 6.22345
54 8 17.3181
54 31 3.43193
54 38 34.8912
54 90 5.8734
55 0 18.6094
55 4 2.90144
55 56 31.4934
55 74 2
55 86 32.7231
55 94 22.443
56 0 25.0763
56 2 14.3702
56 28 4.01874
56 32 23.4927
56 56 20.846
56 62 20.8447
56 86 17.8602
57 0 17.6739
57 12 32.9469
57 14 2.01437
57 31 34.6245
57 94 20.769
58 0 67.4758
58 35 97.4487
58 73 26.5626
58 94 14.2307
59 0 2.66385
59 12 6.80113
59 35 2.95184
59 69 43.6247
59 75 13.7145
60 0 100.414
60 15 111.498
60 33 2.12606
61 0 24.9323
61 4 16.6686
61 12 36.0278
61 13 19.8917
61 69 13.5789
61 74 12.429
61 94 14.8584
62 0 12.6874
62 14 12.825
62 18 19.2567
62 28 21.4764
62 31 18.5034
62 54 7.73799
62 69 3.63667
63 0 2
63 7 11.4632
63 14 6.63598
63 15 18.419
63 23 4.56922
63 35 11.714
63 61 14.257
63 73 19.2773
63 76 6.13313
63 80 2.3045
64 0 14.2862
64 7 9.07523
64 12 19.9785
64 15 6.25467
64 16 5.64176
64 40 21.3722
64 55 5.34115
65 0 25.4337
65 8 34.7614
65 16 12.3511
65 75 41.7691
65 98 27.0235
66 0 5.3869
66 56 40.8373
66 73 31.6487
66 79 35.9053
66 93 6.42357
67 0 20.8332
67 1 18.7693
67 2 16.9248
67 18 2
67 40 23.8618
67 54 17.3022
67 65 25.2159
68 0 7.79536
68 8 7.33547
68 16 53.4863
68 28 6.44509
68 48 70.6104
69 0 4.84794
69 1 31.981
69 14 20.6529
69 38 3.60519
69 59 22.0085
69 64 15.1545
69 73 18.0227
70 0 8.31892
70 16 20.3515
70 28 21.335
70 47 31.1677
70 75 19.1921
71 0 33.8254
71 12 6.63689
71 65 18.3212
71 69 52.5158
71 80 6.04123
72 0 13.4808
72 1 9.42141
72 14 19.7718
72 15 11.1984
72 35 4.74035
72 37 22.8851
72 45 6.86009
72 62 15.9274
72 79 13.7047
73 0 56.4468
73 48 3.33388
73 93 15.8553
74 0 29.6683
74 6 43.7392
74 38 39.8768
74 98 30.0968
75 0 5.77371
75 14 40.7956
75 21 20.4015
75 48 30.3907
76 0 21.7353
76 4 34.1522
76 68 12.3076
76 74 44.1685
76 76 40.2421
76 93 15.2516
77 0 15.9603
77 4 2.28299
77 8 24.4383
77 21 7.69741
77 31 12.7691
77 65 25.4885
77 74 16.8103
77 86 9.72425
78 0 18.7533
78 18 17.9795
78 19 22.0587
78 35 23.0128
78 52 15.6748
78 73 18.3334
78 75 11.1928
78 93 3.36877
79 0 22.8953
79 8 6.46067
79 14 32.6205
79 21 27.3177
79 31 24.9489
79 67 11.2923
79 69 10.3092
80 0 39.2342
80 4 18.5108
80 17 32.0183
80 32 30.6042
80 41 31.0173
80 89 2.90329
81 0 2
81 12 8.48744
81 29 20.7039
81 35 13.4936
81 69 2
81 75 15.3509
81 99 4.07746
82 0 10.147
82 10 13.5671
82 13 35.2501
82 49 36.3881
82 61 3.65318
82 62 2
82 86 5.66528
83 0 7.52287
83 18 19.693
83 19 29.888
83 22 25.0235
83 70 14.6056
83 73 21.7399
83 81 2
83 91 16.8692
84 0 2
84 31 8.95739
84 41 6.66135
84 61 26.7783
84 63 10.5279
84 67 2
84 93 2
85 0 4.19809
85 23 42.2098
85 24 21.6712
85 28 3.04051
85 60 11.3735
85 69 27.9962
86 0 18.396
86 8 10.9545
86 12 4.73701
86 13 9.71091
86 18 21.1264
86 47 22.8585
86 55 10.9854
86 69 15.5743
86 73 10.1996
86 95 17.4598
87 0 32.3676
87 68 29.2652
87 74 2
87 75 45.515
87 89 24.3884
88 0 32.2434
88 18 9.76328
88 38 5.08785
88 66 13.3878
88 75 24.562
88 87 22.3202
89 0 4.54182
89 10 17.2913
89 21 44.0771
89 28 13.4059
89 62 22.507
90 0 28.0826
90 3 4.69739
90 21 14.0493
90 29 14.0479
90 31 12.5301
90 43 4.37875
90 45 3.99676
90 56 13.6543
90 62 14.3071
90 90 17.6178
90 93 14.7709
91 0 18.9962
91 2 26.2528
91 17 6.26479
91 23 13.4757
91 33 20.3178
91 40 4.58617
91 74 21.4364
92 0 47.057
92 16 27.1639
92 62 44.315
92 64 52.2111
92 69 60.9957
93 0 5.11553
93 44 8.64869
93 60 12.3289
93 75 20.0351
93 93 48.8509
94 0 34.6663
94 2 13.7226
94 21 56.9654
94 89 7.84666
94 93 46.3646
95 0 2
95 12 9.40285
95 21 11.8073
95 25 20.3376
95 38 6.84079
95 45 14.6994
95 73 27.4637
95 94 14.5995
96 0 23.1553
96 21 8.93537
96 28 10.2984
96 31 8.64327
96 32 6.69728
96 38 12.3505
96 40 15.4039
96 54 10.3427
96 78 14.4772
96 89 2
96 93 11.5041
97 0 15.1814
97 31 10.4077
97 41 10.9667
97 59 31.6288
97 60 2
97 75 4.00268
97 89 26.7487
98 0 10.5303
98 10 2
98 28 13.4825
98 32 2.88858
98 44 20.7921
98 62 8.68498
98 75 18.7425
98 85 13.9663
98 89 3.31411
98 93 17.4023
99 0 41.0212
99 19 14.0755
99 31 13.1866
99 54 37.655
99 74 22.5908
99 86 12.7278
99 99 12.8505
100 0 15.1101
100 4 7.69257
100 8 7.08745
100 14 16.4468
100 15 2.12597
100 19 6.53788
100 28 5.60848
100 31 7.29211
100 48 8.30399
100 61 14.2108
100 74 20.7921
100 89 8.82066
101 0 8.38023
101 4 8.3803
101 14 13.0794
101 17 25.8128
101 62 38.9719
101 99 3.94705
102 0 15.6019
102 8 21.3579
102 15 22.1995
102 31 8.61377
102 56 2.7668
102 59 8.91097
102 61 2
102 62 12.0458
102 94 2
102 98 7.666
103 0 36.5738
103 24 35.9792
103 47 5.74067
103 53 7.99257
103 55 47.4933
104 0 12.1791
104 14 12.6862
104 21 11.3344
104 48 2
104 55 15.2995
104 59 16.8233
104 68 6.09272
104 71 5.87736
104 79 18.6311
104 85 12.2954
105 0 9.2737
105 10 6.71181
105 11 12.2386
105 14 4.02991
105 27 20.0307
105 38 19.7029
105 40 4.28952
105 55 25.2995
105 59 14.3757
105 75 5.44521
106 0 2.98387
106 2 17.9721
106 14 33.0077
106 23 24.1603
106 41 37.083
106 75 15.6016
107 0 25.9528
107 22 14.477
107 41 16.8026
107 60 2.04931
107 69 17.929
107 72 7.71394
107 86 7.2646
107 93 33.1851
108 0 3.77364
108 14 22
108 40 21.4897
108 55 41.5654
108 93 48.0132
109 0 20.1344
109 21 19.637
109 24 5.95693
109 74 58.9372
109 90 8.99858
110 0 10.4714
110 1 15.7167
110 14 13.9379
110 23 19.7982
110 31 22.7718
110 51 34.5456
110 72 3.07887
110 95 26.0362
111 0 35.2872
111 18 17.9387
111 24 38.5718
111 28 10.842
111 68 27.4173
112 0 22.5166
112 28 19.7446
112 47 46.5841
112 78 2
112 99 32.7568
113 0 18.0694
113 21 8.24234
113 35 7.12947
113 54 7.76958
113 55 20.4491
113 64 4.49485
113 83 25.7018
113 89 13.9286
114 0 21.1473
114 17 3.57577
114 34 16.1968
114 53 13.5844
114 86 12.9774
114 95 2
115 0 20.3637
115 2 13.7397
115 8 2
115 15 24.0494
115 18 17.0901
115 54 26.9591
115 56 9.6333
115 60 30.5235
116 0 59.3318
116 16 27.5967
116 37 45.4278
116 93 36.5655
117 0 20.9757
117 15 12.7086
117 33 17.9992
117 54 24.2846
117 74 7.95664
118 0 44.2772
118 4 26.9494
118 14 16.5563
118 21 8.96957
118 44 20.4356
119 0 11.6799
119 37 5.71003
119 55 32.0323
119 72 18.8506
120 0 13.3779
120 14 4.87527
120 35 22.1035
120 57 32.2299
120 99 2
121 0 13.5162
121 4 37.1438
121 55 8.21736
121 84 52.7849
122 0 33.8445
122 21 3.43718
122 32 19.0428
122 40 20.5604
122 78 2
122 86 16.5448
123 0 7.20467
123 28 52.3017
123 31 42.4596
123 72 37.8127
123 89 22.8974
123 93 17.9457
124 0 11.8613
124 4 43.0379
124 14 30.3248
124 20 19.0507
124 37 15.9118
124 40 2
124 93 33.3245
125 0 17.171
125 2 31.8906
125 12 22.9565
125 19 9.87124
125 23 23.3961
125 55 18.3627
125 56 13.6788
125 73 7.27391
126 0 2
126 47 30.4913
126 61 57.4115
127 0 24.9149
127 31 52.7735
127 37 50.9132
127 51 51.2157
127 73 26.7327
128 0 7.89838
128 12 6.84413
128 14 17.9908
128 18 4.02733
128 25 5.01818
128 45 11.3027
128 48 19.5777
128 51 21.853
128 87 11.7904
129 0 25.494
129 27 9.95178
129 31 13.3185
129 61 15.6124
129 62 20.5109
129 90 11.9637
129 93 29.6635
129 94 2
130 0 13.5822
130 15 21.6897
130 32 78.9646
130 85 87.8036
131 0 3.50675
131 40 11.2111
131 61 14.875
131 69 2
131 75 15.9276
131 86 7.47755
131 98 31.2005
132 0 37.6966
132 12 8.62924
132 17 29.9901
132 19 21.9681
132 31 22.0294
132 56 15.7211
133 0 2.02205
133 4 6.07557
133 12 2.70124
133 24 22.4211
133 28 19.5623
133 37 30.6743
133 38 5.04508
133 61 8.64507
134 0 30.409
134 3 21.9793
134 25 2
134 56 50.4114
134 69 35.3091
135 0 22.1261
135 23 38.2817
135 40 39.0785
135 72 39.9204
135 73 45.9268
136 0 7.80212
136 3 11.7613
136 15 6.48233
136 23 13.4846
136 32 20.6719
136 35 15.1405
136 41 15.5337
136 69 22.8738
136 72 14.1629
136 84 6.9382
137 0 22.5092
137 8 9.97777
137 14 10.3229
137 16 6.97804
137 56 8.91528
137 75 19.3142
137 86 3.62901
137 95 4.71538
138 0 20.8529
138 14 40.7628
138 19 21.6485
138 32 33.6914
138 69 42.188
138 71 29.7958
138 86 33.4431
139 0 25.0941
139 28 19.5368
139 33 31.3197
139 61 31.7737
139 75 22.5634
140 0 2
141 0 19.6265
141 2 26.2202
141 35 26.9464
141 59 34.4449
141 61 32.4619
141 68 21.4499
141 74 2.75825
141 93 12.6651
142 0 33.8641
142 14 16.402
142 22 30.7406
142 55 26.584
143 0 41.4242
143 2 21.4886
143 41 11.3183
143 53 8.17258
143 56 33.119
143 61 20.8472
143 79 34.5265
144 0 26.7989
144 3 23.2609
144 4 33.8178
144 18 17.0738
144 30 30.9646
144 61 7.47961
144 69 5.44601
144 86 28.1567
145 0 42.9004
145 40 47.0727
145 55 26.3688
145 93 9.25482
146 0 31.0351
146 4 38.6573
146 8 20.7117
146 22 3.07683
146 40 2.31285
146 98 29.0554
147 0 4.14313
147 55 34.4739
147 75 31.9869
147 79 2
147 94 20.0809
148 0 17.4657
148 12 15.165
148 14 14.2628
148 16 2.07473
148 27 11.9265
148 33 5.53939
148 34 3.52518
148 41 5.86778
148 56 11.1281
148 69 15.8365
149 0 15.4914
149 12 4.84702
149 17 13.1138
149 60 3.83004
149 69 21.6131
149 75 24.8876
150 0 4.48207
150 12 5.93787
150 14 22.3062
150 23 24.1741
150 28 6.80671
150 34 20.3201
150 38 12.7901
150 39 5.2784
151 0 7.93409
151 10 45.9212
151 80 112.716
152 0 27.3855
152 12 31.2869
152 14 2
152 47 5.07054
152 60 17.7797
152 84 27.3276
153 0 12.343
153 28 17.4615
153 54 37.3291
153 73 23.5083
153 80 41.8144
153 95 15.4874
154 0 5.84445
154 2 8.36024
154 41 6.60816
154 45 15.3427
154 63 8.40383
154 67 17.3252
154 86 33.1766
154 98 23.5269
155 0 41.9851
155 10 21.6591
155 61 36.3649
155 64 2.10236
155 89 30.9768
156 0 23.8097
156 21 16.0101
156 23 15.3788
156 59 13.6096
156 61 26.7418
156 69 3.07718
156 75 14.4195
156 95 27.3916
157 0 12.8353
157 10 2
157 18 2
157 23 13.5227
157 93 15.5793
158 0 4.52166
158 17 10.9166
158 19 2
158 21 11.0627
158 33 22.3891
158 48 2
158 73 14.9234
158 74 21.211
158 79 10.6023
159 0 10.9264
159 11 2
159 12 2
159 15 2
159 25 15.5471
159 55 4.99947
159 59 2
159 75 4.31667
159 80 15.9355
159 84 8.35629
159 89 16.6036
159 91 13.3482
160 0 30.3107
160 13 85.4141
160 28 41.0129
160 35 41.8618
160 91 28.058
161 0 25.8058
161 7 10.2351
161 21 5.30687
161 31 18.1877
161 40 3.99326
161 59 15.8876
161 62 8.9475
161 93 11.0679
161 99 11.5957
162 0 25.9749
162 10 37.4763
162 12 35.2017
162 94 11.2017
162 98 35.269
163 0 46.5239
163 23 144.107
164 0 13.6503
164 41 18.2005
164 79 54.4104
164 89 38.892
164 93 26.6771
165 0 29.4755
165 21 17.5476
165 41 37.6665
165 61 14.2646
165 93 7.53017
166 0 10.4726
166 29 22.0126
166 61 2
166 81 5.33855
166 93 4.83947
166 98 21.403
167 0 4.17033
167 12 6.59687
167 14 24.0273
167 19 6.39191
167 22 6.57662
167 23 7.06008
167 29 22.7708
167 62 24.6756
167 69 10.1457
168 0 11.4132
168 14 30.5112
168 19 16.0758
168 59 17.0723
168 81 2.20841
168 89 11.9456
168 94 9.4468
169 0 28.2768
169 3 3.76243
169 18 2.71322
169 60 40.4223
169 75 9.47642
169 93 2
170 0 3.09594
170 31 34.7037
170 34 2
170 60 3.35228
170 74 21.2674
170 94 40.9727
171 0 31.0943
171 2 21.4197
171 9 31.4076
171 21 21.4763
171 52 17.9706
171 69 28.1302
172 0 18.1409
172 19 2
172 21 25.2921
172 31 7.87804
172 44 20.2659
172 55 34.5708
172 90 18.8053
172 93 20.3542
173 0 65.7844
173 14 64.7604
173 78 97.6651
174 0 24.1134
174 24 25.7042
174 44 18.8431
174 84 38.9665
174 87 13.1062
175 0 53.1486
175 4 57.4612
175 10 48.2696
175 18 58.1678
175 19 46.2428
176 0 26.0765
176 15 18.0593
176 33 16.3054
176 61 22.3652
176 94 2.89639
177 0 21.7903
177 37 21.8254
177 51 35.1345
177 59 30.7875
177 61 42.8649
178 0 19.1052
178 32 5.75657
178 61 38.4605
178 71 3.70251
178 73 16.2026
178 84 9.86794
178 93 2.31774
179 0 14.4456
179 30 20.3687
179 45 4.51861
179 47 30.1426
179 56 6.31772
179 79 40.0105
179 82 28.7162
179 93 4.9604
180 0 55.7038
180 22 61.16
180 28 56.7617
180 64 59.7055
181 0 6.51878
181 41 10.7118
181 61 3.82297
181 69 25.344
181 73 11.3204
182 0 20.0262
182 3 8.588
182 18 5.46696
182 19 5.7782
182 21 7.31514
182 24 19.6519
182 37 13.7636
182 57 2
182 61 12.5327
182 74 6.66021
182 93 2.31975
183 0 2
183 14 3.53131
183 31 16.2037
183 35 10.5672
183 38 20.6288
183 60 12.5151
183 62 26.7519
183 94 4.03133
184 0 26.5118
184 14 24.9832
184 19 13.277
184 28 2.0027
184 37 27.3079
184 41 7.85843
184 74 4.88455
184 87 33.5755
185 0 3.23721
185 12 27.3904
185 14 11.3378
185 21 10.8296
185 28 13.9984
185 35 18.7209
186 0 26.1928
186 13 37.7704
186 26 7.21838
187 0 60.7863
187 13 12.4438
187 14 61.3038
187 23 27.5954
187 74 2
188 0 24.594
188 8 2
188 22 31.7119
188 55 11.1489
188 90 21.9349
188 93 52.1839
189 0 26.7353
189 14 2.12782
189 26 17.3197
189 28 10.1832
189 31 24.2248
189 45 6.22878
189 47 9.34291
189 61 16.9745
189 62 7.04097
189 79 4.89531
189 93 9.34439
190 0 8.17153
190 4 33.0183
190 9 8.48788
190 23 30.9317
190 31 4.87459
190 44 7.1655
190 64 10.1524
191 0 3.3515
191 40 9.82921
191 73 26.9907
191 90 5.10858
192 0 16.0719
192 13 2
192 29 2.95484
192 31 8.13214
192 35 2
192 41 13.8108
192 55 4.24657
192 56 12.7025
192 60 11.7386
192 74 6.0465
192 86 11.1042
192 89 16.1018
192 99 14.7564
193 0 3.19479
193 8 17.3418
193 22 11.6467
193 55 53.5804
194 0 49.0566
194 37 17.4102
194 74 20.266
194 75 6.37519
194 88 19.6513
195 0 17.9363
195 8 49.838
195 12 4.75126
195 93 2
195 95 16.291
196 0 48.9191
196 17 80.683
196 23 13.3179
196 69 20.2807
196 75 45.5757
197 0 4.29404
197 4 17.8784
197 23 29.5089
197 44 41.7225
197 78 14.6291
198 0 15.6645
198 18 11.0845
198 38 5.8228
198 50 19.4816
198 53 16.6708
198 59 2.68774
198 93 3.7655
199 0 35.9317
199 38 9.69882
199 59 30.7054
199 61 4.60856
200 0 7.12513
200 2 20.1638
200 4 14.5322
200 10 16.0557
200 15 2
200 32 13.3555
200 43 2
200 60 2.87298
200 74 25.0965
200 75 15.0404
201 0 24.3364
201 11 10.3673
201 23 18.0974
201 28 2.97363
201 32 4.52407
201 40 18.3354
201 51 15.3729
201 61 12.9396
201 74 9.91634
201 78 6.91193
202 0 5.44451
202 14 21.2414
202 15 17.9216
202 18 30.7414
202 60 39.1468
202 73 21.7949
203 0 3.78195
203 23 69.6114
203 27 49.9706
203 62 34.5711
204 0 22.5028
204 23 3.09317
204 61 13.9103
204 88 24.5889
204 93 47.1021
204 95 6.16378
205 0 2
205 21 4.86219
205 37 6.66962
205 40 19.7735
205 61 2
205 79 14.3424
205 93 25.9692
205 98 5.36995
206 0 50.5131
206 7 46.4843
206 59 26.9892
206 87 72.7073
207 0 4.59267
207 8 2
207 23 37.8369
207 61 47.1755
207 95 2.73355
208 0 28.7822
208 11 10.8132
208 16 2.93191
208 22 58.8478
208 98 17.959
209 0 2.1153
209 9 15.3053
209 12 2
209 59 12.5433
209 69 20.7532
209 94 12.486
210 0 8.5036
210 22 2
210 24 23.1724
210 33 49.3557
210 86 45.1701
211 0 14.0489
211 14 17.5845
211 21 23.098
211 23 25.9904
211 35 10.6297
211 37 24.4824
211 51 18.4225
211 80 14.3361
211 89 16.8921
212 0 38.173
212 15 8.65088
212 40 38.9401
212 89 54.4962
213 0 6.86516
213 15 24.5343
213 16 12.6132
213 23 2
213 31 11.3426
213 65 6.45137
213 73 9.50971
213 95 29.8602
214 0 40.5172
214 38 34.1498
214 78 2
214 80 11.8281
214 84 22.8121
215 0 44.2652
215 28 42.8138
215 33 87.3193
215 74 7.40211
216 0 102.841
216 10 211.997
217 0 6.30255
217 2 7.80455
217 4 20.0651
217 14 18.958
217 15 17.3185
217 17 2
217 88 7.80485
218 0 15.3629
218 15 46.4035
218 21 2.41845
218 24 2.14061
218 45 26.6385
218 67 16.525
218 89 3.23731
219 0 28.1595
219 28 51.6186
219 93 75.3472
220 0 85.962
220 15 81.1616
220 56 37.7588
221 0 14.2996
221 11 21.7766
221 12 28.8754
221 27 12.9367
221 83 3.13931
221 89 14.8463
221 93 32.5541
222 0 25.1842
222 24 23.3527
222 37 34.1454
222 74 17.1424
223 0 7.74561
223 2 13.1273
223 23 7.92388
223 32 4.42141
223 51 11.1992
223 69 5.30074
223 87 11.8924
224 0 66.5327
224 14 49.6447
224 35 42.2206
224 41 23.7291
225 0 33.7505
225 2 8.42943
225 31 38.248
225 73 37.1725
225 93 42.762
226 0 28.8041
226 8 53.3668
226 16 39.6011
226 52 43.9303
226 69 22.1111
227 0 9.3488
227 17 19.5202
227 32 26.8975
227 63 13.1795
227 67 25.6902
227 74 29.0281
227 80 18.7405
228 0 17.487
228 31 13.823
228 41 10.8454
228 44 3.77208
228 69 10.059
228 87 4.24277
229 0 8.99065
229 13 10.6197
229 19 44.8237
229 32 17.5746
229 48 3.58374
229 86 2
230 0 21.3787
230 3 20.937
230 4 2
230 15 4.24205
230 28 15.5231
230 41 22.4548
230 65 16.3289
230 74 12.7032
230 98 8.6353
231 0 21.0856
231 41 38.4042
231 49 21.3307
231 55 20.5965
231 59 12.3524
231 62 5.52924
231 69 22.4165
231 89 12.3754
232 0 15.7954
232 12 13.3357
232 28 2
232 34 10.7868
232 38 16.4074
232 49 11.1345
232 61 14.9211
232 66 10.7413
232 85 11.4077
232 86 11.3113
232 90 12.1081
233 0 14.3236
233 87 18.8112
233 99 52.1863
234 0 64.3716
234 24 66.8262
234 35 74.7338
234 71 33.6972
235 0 27.8714
235 25 4.9681
235 41 5.97423
235 49 2.0934
235 51 7.87693
235 62 22.7426
235 90 9.3133
236 0 18.5017
236 59 28.4904
236 74 2
236 75 17.7495
236 89 2.45907
236 93 5.69563
237 0 13.497
237 19 20.2333
237 23 24.4909
237 24 9.83065
237 31 29.5972
237 61 25.0994
237 69 27.9607
237 73 21.2641
237 93 14.2375
238 0 24.346
238 2 16.1528
238 4 4.71104
238 17 5.68442
238 31 12.3242
238 40 5.34593
238 47 20.8194
238 69 23.8303
238 93 24.575
238 95 10.8026
239 0 16.2889
239 19 21.6415
239 23 18.1883
239 41 13.9713
239 74 7.95004
240 0 32.9619
240 15 11.1058
240 75 20.1559
240 89 39.0532
240 93 35.8245
241 0 15.1585
241 14 33.5148
241 18 15.7428
241 24 35.3602
241 31 14.4359
241 49 29.8603
241 59 14.8153
242 0 12.3621
242 3 3.8684
242 14 14.2803
242 18 6.30272
242 25 3.23267
242 31 15.5569
242 35 26.055
242 93 17.8354
243 0 21.7445
243 18 26.0301
243 25 19.5679
243 26 19.5411
243 28 11.3167
243 64 17.3122
244 0 2
244 18 29.9879
244 31 5.81081
244 55 26.0623
244 56 7.60493
244 89 12.3081
244 95 45.1904
245 0 40.7754
245 4 20.0722
245 47 7.05465
245 55 5.18763
245 56 14.4371
245 60 19.4525
245 86 11.8566
246 0 38.9597
246 13 22.8033
246 18 20.0705
246 31 10.0546
246 32 13.062
246 35 18.3033
246 94 21.2522
247 0 52.7797
247 15 77.9184
247 34 71.4064
247 89 8.50031
248 0 34.5981
248 14 12.4441
248 40 16.8743
248 87 13.6002
249 0 11.1429
249 2 39.2108
249 18 27.4481
249 28 5.6556
249 51 15.0723
249 63 45.0292
250 0 40.1433
250 26 23.1316
250 28 19.3725
250 40 17.8069
250 61 9.96714
250 78 4.49368
251 0 15.5438
251 2 23.1204
251 29 32.8882
251 56 4.10748
251 57 7.80861
252 0 5.60398
252 23 3.65356
252 40 29.3468
252 48 15.0206
252 57 20.002
252 61 7.05825
252 69 18.1906
252 85 21.3059
253 0 7.56028
253 7 2
253 17 2
253 25 21.3472
253 28 11.8393
253 31 22.056
253 61 10.8407
253 73 23.8678
253 78 2
253 85 8.23834
254 0 33.3238
254 60 4.29965
254 61 31.3996
255 0 43.4726
255 18 17.6911
255 27 10.3559
255 52 33.1642
256 0 9.60138
256 18 10.1995
256 19 3.22675
256 24 4.11428
256 28 9.58914
256 30 5.10832
256 39 11.2212
256 40 14.6849
256 61 17.2393
256 69 11.3704
257 0 4.60647
257 5 38.0088
257 19 24.1759
257 51 26.9744
257 69 30.3681
258 0 10.5477
258 14 28.7611
258 22 15.9088
258 24 16.9134
258 47 3.01818
258 48 2
258 75 11.5609
259 0 25.9771
259 21 56.1445
259 31 22.3791
259 34 25.2387
259 47 35.6752
260 0 15.426
260 9 3.34778
260 27 24.0733
260 93 6.35737
260 94 10.0525
261 0 9.81242
261 4 11.013
261 8 11.9642
261 11 6.69062
261 15 11.3112
261 19 14.2378
261 37 15.104
261 69 2.05623
261 84 6.8157
261 94 13.3995
261 98 2.76399
262 0 6.98997
262 14 15.2729
262 40 2
262 56 4.8947
262 62 20.9254
262 68 18.9477
262 75 17.9863
262 93 15.3828
263 0 79.0324
263 26 35.0514
263 89 39.1301
264 0 9.72713
264 28 9.10571
264 31 3.08614
264 40 23.0418
264 43 4.32355
264 61 2.66439
264 75 9.36328
264 79 14.3346
264 86 2.65619
264 93 9.97566
264 98 10.2018
265 0 29.6465
265 7 29.0853
265 14 26.5944
265 38 28.304
265 74 2
265 93 2.1891
266 0 50.8484
266 56 20.7352
266 75 28.1829
266 93 71.0582
267 0 31.0544
267 4 23.4983
267 11 25.7484
267 13 31.8364
267 19 7.7425
267 28 18.4516
267 69 14.586
267 93 18.9197
268 0 29.1488
268 4 3.33829
268 21 33.5497
268 25 46.6794
268 55 24.2392
268 73 2.18178
268 99 6.04661
269 0 62.0007
269 41 24.9293
269 93 41.117
270 0 15.2568
270 35 20.6426
270 43 15.2644
270 69 27.1958
270 81 2
271 0 17.151
271 25 20.0442
271 33 22.9834
271 34 11.4622
271 54 6.19647
271 60 14.238
271 61 3.95758
271 70 12.255
272 0 20.1706
272 2 4.50281
272 4 9.65568
272 12 12.405
272 28 30.9477
272 35 12.7889
272 41 11.2807
272 60 15.0275
272 89 2.38504
273 0 219.921
273 15 63.0314
274 0 15.4866
274 13 16.2317
274 21 3.04522
274 33 13.4674
274 51 4.4891
274 52 2
274 55 19.9578
274 89 16.3393
274 93 4.0733
274 94 17.8011
275 0 48.4512
275 10 18.7507
275 23 43.4616
275 45 16.8276
275 93 9.02914
276 0 24.9814
276 18 2
276 61 2.74577
276 62 38.5398
277 0 12.9168
277 5 36.2343
277 12 29.6964
277 15 30.9587
277 47 56.6738
277 74 14.1644
278 0 2.98743
278 12 20.6548
278 19 25.2967
278 30 24.3202
278 68 35.8849
279 0 5.36034
279 10 15.7532
279 18 26.9432
279 19 19.2551
279 24 6.40097
279 31 3.91993
280 0 7.11275
280 2 14.4579
280 13 24.3957
280 18 16.1296
280 30 15.1629
280 32 4.85955
280 69 24.2322
280 74 3.38475
280 93 5.06733
280 99 26.5909
281 0 2
281 31 52.2114
281 38 6.8565
281 95 17.2817
282 0 7.30744
282 1 12.9515
282 14 26.6936
282 21 14.9802
282 23 7.08708
282 24 11.1428
282 61 4.25887
282 68 6.33859
283 0 36.2495
283 7 18.6328
283 14 3.67777
283 50 8.33412
283 54 18.1762
283 78 15.3929
284 0 2
284 2 13.7501
284 28 20.8343
284 35 7.02904
284 48 27.5297
285 0 10.359
285 24 23.9035
285 31 2.05356
285 47 40.566
285 93 2
286 0 6.7303
286 19 45.0056
286 31 27.2363
286 60 51.5599
286 91 16.4758
287 0 2.33801
287 2 3.27559
287 12 19.7176
287 19 14.8569
287 35 3.62793
287 60 4.05373
287 89 12.7082
287 95 9.02796
288 0 28.5771
288 14 17.7369
288 31 12.4905
288 37 2
288 85 31.4369
289 0 32.9634
289 12 7.09356
289 50 20.5655
289 62 18.4503
289 93 2
290 0 2
290 4 5.60622
290 29 3.03185
290 32 17.1844
290 35 18.6658
290 41 17.5027
290 50 5.08292
290 62 11.8925
290 99 5.812
291 0 29.8254
291 15 11.5091
291 17 35.4281
291 55 28.7371
292 0 21.3657
292 2 26.2211
292 15 45.9247
292 21 11.7108
292 26 24.3006
292 32 27.5744
292 61 19.8406
293 0 19.5981
293 8 2.06647
293 14 24.8917
293 16 16.6192
293 55 3.01131
293 69 34.8994
294 0 19.1074
294 14 20.469
294 24 39.8277
294 65 27.9191
295 0 3.40577
295 13 13.9629
295 19 10.8682
295 22 26.6764
295 35 26.1192
295 37 13.1265
295 64 10.0717
295 86 9.80353
295 93 13.6489
295 94 3.81174
296 0 8.03212
296 11 21.1131
296 14 21.14
296 21 12.6413
296 34 24.0736
296 64 30.7454
296 86 20.6573
296 94 20.9552
297 0 7.28611
297 7 3.21827
297 21 7.5035
297 63 42.8421
297 76 3.50646
297 87 23.3689
298 0 40.9128
298 28 5.23218
298 49 5.32116
298 55 2.04318
298 62 22.7897
298 87 28.5865
298 98 19.3538
299 0 9.91091
299 14 13.8351
299 15 16.244
299 24 2.82197
299 35 20.5704
299 55 30.69
299 93 16.4542
