150 250 1600
0 0 12.4096
0 2 15.4368
0 44 10.0151
0 66 8.07132
0 84 19.95
0 107 18.1974
0 179 34.9949
0 231 15.2038
1 0 6.48495
1 11 5.01633
1 21 10.2573
1 33 11.115
1 64 7.08656
1 86 11.9838
1 100 6.07621
1 102 2
1 120 2
1 138 7.1708
1 169 7.46371
1 172 14.4873
1 178 17.8789
1 185 8.00016
1 205 10.6382
1 243 8.03011
2 0 7.85497
2 14 21.2595
2 56 15.2426
2 69 6.76136
2 91 15.9782
2 96 18.3494
2 123 9.09733
2 125 2
2 177 8.30689
2 179 9.08487
2 228 18.5165
2 234 13.0841
3 0 2
3 5 2.14102
3 32 11.5243
3 42 2.30293
3 84 6.27006
3 93 12.1857
3 97 15.67
3 129 11.4871
3 173 18.5287
3 211 16.7692
3 219 18.4933
3 245 9.63568
4 0 5.8906
4 14 7.34572
4 19 11.2104
4 46 2
4 47 2
4 93 22.1411
4 119 13.9628
4 120 2
4 139 18.5171
4 163 7.75169
4 195 10.5911
5 0 14.0767
5 47 5.27656
5 64 16.29
5 69 12.4314
5 98 10.576
5 108 12.1368
5 159 20.1726
5 164 19.021
5 200 6.91517
5 238 12.1509
6 0 11.7843
6 23 10.6066
6 59 11.9974
6 61 17.7738
6 69 2
6 106 12.3146
6 116 11.9821
6 127 9.9235
6 146 4.33691
6 159 17.8812
6 180 10.315
6 219 9.99004
7 0 9.48232
7 9 5.55792
7 35 8.18969
7 43 7.60307
7 101 2
7 114 18.4992
7 121 2
7 139 2
7 146 19.0062
7 202 2.022
7 226 17.5881
7 228 12.8441
8 0 12.0664
8 5 6.17338
8 16 10.596
8 56 21.7717
8 64 23.5759
8 106 17.3187
8 121 20.2989
8 133 2
8 203 18.5695
8 239 16.3675
9 0 2
9 30 6.83756
9 64 5.38597
9 70 11.4335
9 101 2
9 102 14.5359
9 105 7.51752
9 112 7.97736
9 119 9.9361
9 129 10.5356
9 133 5.85562
9 142 13.718
9 239 5.21911
9 246 11.3463
10 0 6.17753
10 6 8.35705
10 14 15.3429
10 40 4.88295
10 54 11.3918
10 61 2
10 81 2
10 88 8.25646
10 102 9.88807
10 127 13.5097
10 144 2
10 153 5.48354
10 170 10.6102
10 172 9.25637
10 238 10.1147
10 243 10.686
11 0 19.3349
11 7 9.04407
11 15 9.44725
11 102 14.4207
11 119 22.7755
11 159 5.26915
11 163 24.7791
11 197 6.38058
11 231 19.7642
11 238 3.94385
11 248 3.23296
12 0 8.4097
12 46 4.66717
12 99 10.9824
12 121 8.19388
12 129 11.9567
12 151 3.72179
12 162 3.73407
12 185 7.61174
12 211 2.62164
12 218 8.68907
12 226 2.05973
12 231 7.13918
12 247 16.4622
13 0 8.67423
13 12 11.859
13 16 2.23158
13 39 10.8344
13 45 12.6852
13 140 15.6921
13 153 3.14539
13 196 6.28693
13 216 18.1919
13 222 12.3946
13 231 2
13 240 4.46883
14 0 3.51899
14 17 2.0417
14 41 5.1571
14 47 4.48211
14 54 14.6161
14 55 9.29819
14 64 15.4544
14 69 3.44109
14 79 9.58381
14 80 13.773
14 96 2.98087
14 109 8.44271
14 118 10.2992
14 156 2.55714
14 162 7.58369
14 241 4.02176
15 0 10.4102
15 16 13.8806
15 64 17.7204
15 156 14.6096
15 187 10.8355
15 196 21.6522
15 197 3.60717
16 0 14.5163
16 7 19.856
16 55 6.40843
16 123 18.0249
16 146 2
16 175 18.4318
16 193 18.1206
16 195 9.01048
16 212 15.1734
16 245 2.9699
17 0 9.24701
17 1 11.6484
17 41 10.5322
17 62 2.81639
17 80 2
17 109 4.64734
17 150 5.36746
17 162 10.0593
17 165 8.53693
17 175 17.1526
17 184 2
17 209 15.0074
17 219 2.68762
17 239 5.95601
18 0 7.00554
18 17 2
18 47 6.99307
18 61 3.48774
18 66 20.0643
18 69 17.1606
18 118 5.67856
18 127 10.1578
18 178 15.6627
18 211 3.95666
18 218 12.4474
18 231 14.1223
18 244 4.05828
19 0 11.8164
19 10 3.04598
19 16 2
19 21 5.78496
19 96 2
19 101 8.78336
19 111 10.1611
19 113 5.53161
19 146 9.4797
19 165 2
19 173 6.26408
19 209 4.0871
19 212 18.2032
19 228 8.27268
19 239 16.9426
20 0 5.41799
20 2 4.0438
20 16 11.7167
20 31 3.64072
20 34 6.08636
20 35 2
20 47 10.3772
20 52 4.41586
20 56 6.74047
20 62 5.0368
20 79 2.14512
20 107 4.01077
20 108 2.97398
20 111 6.54502
20 129 4.32483
20 138 2
20 231 2.43225
21 0 38.0201
21 28 3.47721
21 64 12.6708
21 102 19.3363
21 112 13.556
21 219 38.0347
22 0 20.8628
22 32 20.2341
22 41 3.42999
22 43 2.05904
22 47 14.964
22 62 14.7057
22 113 4.92104
22 118 10.6054
22 141 14.4326
22 156 13.252
22 187 9.16438
23 0 11.0064
23 5 11.4392
23 16 14.1644
23 24 9.8412
23 28 15.256
23 41 12.0876
23 45 5.58191
23 66 4.04551
23 80 10.2228
23 100 8.68899
23 118 2
23 157 13.5229
23 216 2.27088
23 246 12.5244
24 0 12.3776
24 1 15.9352
24 30 32.1873
24 61 30.3738
24 69 27.6835
24 172 7.72584
24 219 26.7156
25 0 8.53626
25 5 13.6081
25 19 10.9013
25 22 2
25 26 10.4179
25 66 2
25 111 21.8274
25 121 17.7216
25 138 16.933
25 228 9.93741
26 0 21.6777
26 43 7.84163
26 90 21.9214
26 141 12.7334
26 164 24.6786
26 165 8.46392
26 200 10.8176
26 203 25.9702
26 245 20.8811
27 0 13.1051
27 19 11.0688
27 74 2.53148
27 90 7.51437
27 104 10.7568
27 107 8.64149
27 127 2.80942
27 139 14.5727
27 140 9.2386
27 148 10.7801
27 149 11.4915
27 153 2
27 169 10.8632
27 204 2.27972
27 237 9.17498
28 0 8.27155
28 16 9.27033
28 19 7.34963
28 31 7.57565
28 59 9.39741
28 72 2.93431
28 80 4.15579
28 119 6.00085
28 194 13.1072
28 228 3.62646
28 231 7.1892
28 233 25.1435
29 0 5.70374
29 11 11.0217
29 109 8.34644
29 121 19.8641
29 128 23.0909
29 159 2
29 175 5.4446
29 197 12.1974
29 226 8.70594
29 228 2
29 231 16.7889
30 0 11.76
30 1 2.35966
30 14 11.9157
30 19 5.516
30 40 2
30 43 2
30 103 23.1346
30 157 22.1337
30 160 19.7668
30 200 13.4105
30 211 20.0853
31 0 5.22407
31 16 6.85363
31 21 2
31 31 11.6235
31 43 14.3609
31 69 4.98121
31 90 6.98558
31 114 3.04641
31 120 14.6002
31 158 9.02263
31 219 13.9747
31 231 2.83011
31 238 2.29251
32 0 14.0324
32 5 29.1073
32 103 11.4635
32 121 5.85562
32 163 33.5202
32 172 4.15253
33 0 6.18513
33 55 13.0899
33 109 2.23315
33 123 15.4965
33 129 7.04455
33 139 18.2042
33 213 3.89391
33 226 2
34 0 2
34 1 10.3333
34 77 2.6343
34 107 23.2012
34 111 6.15985
34 121 4.23101
34 139 4.94487
34 177 15.5586
34 179 27.6483
34 209 2
35 0 4.64283
35 2 9.89803
35 31 8.08829
35 32 4.11014
35 33 15.5445
35 60 7.39643
35 64 5.38143
35 74 2
35 76 5.20638
35 91 5.82344
35 101 2
35 139 11.3113
35 161 2.71375
35 203 9.64042
36 0 17.0979
36 32 11.5693
36 40 19.3214
36 102 14.0176
36 113 21.4436
36 120 22.7223
36 163 25.4924
36 170 29.596
37 0 2
37 14 4.27601
37 15 10.6087
37 35 6.80424
37 46 3.17447
37 54 6.06879
37 55 6.86304
37 64 11.5303
37 69 7.01256
37 105 2.03753
37 125 6.78897
37 134 6.44563
37 163 3.59131
37 209 5.60114
37 211 14.9761
37 245 9.61787
38 0 8.26327
38 26 7.63976
38 39 15.2502
38 45 13.1466
38 56 8.45721
38 64 14.3904
38 66 2
38 71 12.4733
38 125 7.27306
38 139 21.6342
38 241 22.2656
39 0 9.13812
39 7 5.64013
39 55 16.0056
39 64 8.13753
39 66 2.69603
39 70 2.18803
39 81 8.0518
39 140 19.7429
39 144 10.1598
39 148 4.24119
39 162 2
39 179 19.0326
39 214 2
39 243 14.7271
40 0 16.0642
40 39 7.53271
40 79 9.87206
40 80 2
40 82 2
40 100 7.06882
40 119 13.8529
40 121 13.313
40 191 12.456
40 218 7.52313
40 226 10.5786
40 234 10.0805
41 0 4.26764
41 5 2.02507
41 10 16.1967
41 11 5.35217
41 31 11.9762
41 43 2.01802
41 46 17.2506
41 56 23.5914
41 69 4.65371
41 158 12.0931
41 216 3.55686
41 248 14.1475
42 0 12.7972
42 16 9.04242
42 26 12.3408
42 28 13.2726
42 39 6.4896
42 44 8.37819
42 55 11.5112
42 81 2.2334
42 104 4.33279
42 141 2.53896
42 148 3.33259
42 156 2.00317
42 176 6.91431
42 195 2.69909
42 218 2
43 0 12.0784
43 2 16.3266
43 54 7.94649
43 71 3.79345
43 80 3.54287
43 83 8.6751
43 98 4.08079
43 106 4.17637
43 108 15.2428
43 156 3.41828
43 175 2
43 195 6.51561
43 200 2
44 0 5.95803
44 17 2
44 32 16.8489
44 39 2
44 114 12.0803
44 121 7.7738
44 123 10.5519
44 147 4.89245
44 173 2
44 179 17.4723
44 218 10.7526
44 244 9.72407
45 0 15.3819
45 19 4.06855
45 21 17.6451
45 39 2
45 44 2
45 45 3.85203
45 61 5.22113
45 65 8.48264
45 66 8.7878
45 92 9.13174
45 123 16.4819
45 127 13.1166
45 162 11.1823
45 239 4.96142
46 0 8.24717
46 16 5.81598
46 23 9.45874
46 49 5.32133
46 84 3.63213
46 109 4.10325
46 120 15.475
46 141 3.37027
46 180 10.0961
46 193 16.0424
46 217 4.33719
46 245 15.6789
47 0 16.1753
47 7 10.2881
47 12 7.14256
47 14 9.7721
47 32 17.2725
47 62 6.1623
47 66 8.74387
47 77 15.9228
47 138 5.00075
47 197 9.38047
47 209 7.49557
47 226 7.64431
48 0 55.9302
48 69 45.0085
48 158 45.202
48 196 2
48 231 2.2392
48 238 29.5635
49 0 16.4181
49 6 2.08693
49 30 2
49 60 10.2163
49 64 2
49 88 11.2476
49 90 2
49 116 9.90731
49 176 2.0103
49 179 8.56086
49 196 2
49 219 13.718
49 248 9.43966
50 0 2.9663
50 42 20.0901
50 43 15.5081
50 45 13.0868
50 66 15.6695
50 70 8.91018
50 114 8.28376
50 118 5.10723
50 123 2
50 141 3.93082
50 152 27.3643
51 0 13.9998
51 21 4.78324
51 48 12.9785
51 69 2.12384
51 77 2.18558
51 92 7.32295
51 106 2.63059
51 116 2.37648
51 148 15.3416
51 168 3.81318
51 179 5.48984
51 194 7.54765
51 200 14.0233
51 203 2
51 218 2.12572
51 231 9.34768
51 232 7.58005
52 0 2
52 8 16.723
52 16 8.73461
52 44 6.37032
52 69 7.81447
52 113 7.96723
52 131 9.49643
52 148 20.9854
52 182 3.77116
52 231 6.13475
52 237 2.15036
53 0 16.6728
53 2 11.8995
53 7 19.3476
53 64 29.1411
53 77 5.72371
53 83 13.5918
53 101 10.7129
53 195 17.0406
53 226 5.14238
53 228 9.78251
54 0 8.03311
54 11 10.6412
54 16 4.91508
54 34 16.3529
54 90 23.3927
54 125 10.7147
54 129 9.21139
54 158 11.1948
54 231 16.1368
54 232 8.17115
55 0 12.2989
55 2 7.00082
55 35 5.77688
55 37 12.7882
55 61 3.7952
55 64 9.28853
55 110 2
55 156 9.90389
55 157 6.38625
55 158 7.90616
55 218 2.66276
55 228 12.0444
56 0 8.93144
56 32 16.9307
56 42 3.37385
56 64 11.2153
56 65 5.0334
56 119 7.1158
56 129 8.74156
56 157 4.9487
56 179 8.50061
56 209 2
56 212 9.58417
57 0 11.1882
57 19 3.27129
57 45 2
57 53 11.6017
57 74 6.2685
57 76 2
57 102 6.1486
57 109 8.69605
57 118 5.59561
57 141 2.87996
57 156 18.1333
57 162 2
57 179 4.74066
57 226 7.03076
57 238 9.69371
57 243 14.1141
58 0 31.2892
58 7 26.1233
58 74 39.8379
58 118 17.5798
58 157 19.6794
58 211 40.5803
59 0 16.7608
59 3 13.8409
59 17 13.8604
59 32 22.9068
59 119 4.29971
59 122 13.4464
59 153 18.4988
59 170 7.01651
59 188 11.8193
59 216 15.0557
59 219 2
60 0 26.752
60 2 15.5306
60 14 2
60 21 17.1736
60 39 12.0914
60 80 22.6839
60 113 8.44622
60 179 13.6988
60 195 2
60 202 15.0644
60 226 2.80772
60 230 11.1476
61 0 2
61 4 2
61 33 6.3156
61 64 5.22097
61 97 19.2134
61 125 3.39778
61 140 6.29962
61 144 2
61 148 2
61 156 15.5915
61 172 11.6616
61 209 9.04696
61 216 2
61 218 10.4366
61 229 12.9957
61 245 3.12545
62 0 4.7062
62 2 4.93579
62 6 19.1233
62 35 2
62 39 4.60188
62 123 4.74161
62 125 4.34459
62 148 7.24873
62 150 12.9107
62 156 14.0494
62 226 20.0589
63 0 12.4124
63 5 10.9145
63 7 2.10966
63 26 19.125
63 61 8.94041
63 74 5.05878
63 86 9.38347
63 114 4.12885
63 121 13.6132
63 123 18.5705
63 127 7.82769
63 141 14.2396
63 178 8.43738
63 230 3.15274
64 0 12.6797
64 61 2.31088
64 64 5.51494
64 114 16.645
64 141 17.3632
64 151 9.92152
64 171 13.0215
64 231 20.5443
65 0 4.77261
65 21 11.4445
65 66 2.28272
65 71 16.4253
65 92 9.54889
65 100 2
65 106 2
65 120 19.4228
65 127 2
65 139 3.33376
65 170 7.55228
65 186 4.30848
65 228 6.62417
66 0 5.55322
66 61 4.24348
66 64 19.037
66 77 16.881
66 109 11.3998
66 141 23.6269
66 144 17.1852
66 162 2.7336
66 165 12.363
66 228 8.91772
67 0 12.3665
67 10 3.61288
67 98 6.96047
67 133 10.9717
67 146 22.1131
67 148 20.3873
67 179 8.36149
67 180 2.2108
67 203 10.0966
67 216 3.86837
67 226 10.7135
67 234 20.5363
68 0 2.928
68 16 3.59765
68 41 11.0397
68 77 14.8274
68 112 8.51443
68 129 4.25998
68 139 7.84347
68 146 21.9814
68 164 13.5299
68 204 12.0604
69 0 8.03272
69 64 23.9135
69 119 31.9222
69 121 19.7596
69 161 23.2282
69 172 36.5714
69 179 13.2266
69 217 2.38808
70 0 39.2944
70 64 2
70 102 14.0001
70 131 57.8404
71 0 3.71508
71 19 2.09391
71 39 11.7502
71 44 2
71 81 7.34853
71 104 6.60329
71 120 10.0046
71 141 5.06371
71 158 11.6591
71 195 4.29652
71 200 6.88925
71 226 7.16535
71 228 24.3306
71 238 12.4692
72 0 15.1201
72 11 15.3171
72 16 19.3811
72 47 9.4369
72 55 20.8063
72 146 6.75104
72 149 5.90518
72 163 8.78761
72 168 19.7376
72 185 7.95869
72 206 12.2218
72 213 9.53296
72 231 2.35498
72 245 7.56588
73 0 13.1122
73 59 18.0941
73 125 8.57327
73 146 11.4337
73 199 15.5102
73 204 25.8299
73 214 2.0507
73 231 2
74 0 10.2469
74 17 16.1033
74 31 4.4708
74 47 2
74 114 10.145
74 116 19.3341
74 117 18.638
74 123 2
74 126 2.95213
74 157 4.24507
74 162 3.87307
74 200 7.71959
74 215 13.1537
74 229 4.06748
75 0 18.9376
75 17 14.1396
75 54 3.36115
75 71 12.6592
75 148 4.13738
75 165 6.92197
75 170 5.09332
75 214 18.3041
75 240 2.04869
76 0 8.92033
76 43 6.45468
76 52 2.06813
76 61 9.15345
76 64 7.84898
76 69 15.7995
76 78 7.94804
76 101 3.66152
76 108 15.0349
76 173 2
76 208 2
76 209 7.2234
76 212 2
76 216 12.3186
76 245 5.90272
77 0 27.2324
77 14 11.1318
77 70 19.8258
77 90 2
77 108 5.90064
77 129 17.6666
77 193 22.8422
77 216 2.54635
77 226 19.3282
78 0 21.4123
78 5 11.3983
78 7 8.3108
78 17 13.9133
78 47 11.1933
78 116 13.303
78 118 2
78 125 16.9101
78 161 18.3486
78 171 18.9035
78 222 8.47463
79 0 19.4169
79 47 25.4264
79 61 9.69896
79 64 14.1127
79 74 6.82048
79 96 2
79 129 8.42932
79 138 27.1693
79 162 22.5597
79 202 10.0896
80 0 6.95102
80 11 2
80 42 27.7891
80 98 2
80 128 36.254
80 129 16.8017
80 150 13.1289
80 228 26.9928
81 0 14.4687
81 1 7.26029
81 12 2
81 16 6.33999
81 17 12.658
81 21 16.8476
81 33 6.61381
81 61 2.92003
81 64 10.8111
81 74 11.4646
81 118 2
81 124 8.81388
81 163 6.21305
81 165 3.15372
81 226 5.50293
81 228 9.60713
81 229 2
81 238 12.4636
82 0 9.06193
82 17 4.07862
82 37 14.0396
82 44 9.94247
82 102 7.2096
82 108 4.77316
82 109 8.32729
82 125 12.1276
82 126 11.9644
82 129 14.0459
82 152 12.5457
82 196 2.83699
82 226 9.49192
82 231 2.71311
82 234 3.45871
82 247 6.21629
83 0 3.25464
83 59 15.4018
83 62 22.9114
83 69 12.8617
83 78 8.12119
83 83 3.40732
83 123 8.35838
83 144 15.2177
83 159 25.249
83 209 11.4452
84 0 21.546
84 28 5.27704
84 52 4.66354
84 59 10.2409
84 70 5.31663
84 75 16.5762
84 129 9.53777
84 148 11.2201
84 172 2
84 179 14.8465
84 214 7.09464
84 216 2
84 243 11.7828
85 0 23.2595
85 19 16.2513
85 52 31.6425
85 107 2.31641
85 118 9.6963
85 125 6.31505
85 141 2.13887
85 200 7.55609
85 216 22.7267
86 0 20.037
86 19 13.6328
86 28 16.9594
86 47 2
86 106 14.6366
86 123 21.1681
86 144 11.9078
86 165 12.9319
86 188 30.1944
86 226 15.9111
87 0 8.01911
87 14 2
87 16 6.67919
87 19 5.48982
87 55 4.88279
87 80 11.8656
87 84 3.2214
87 96 2
87 101 18.3863
87 106 2.55254
87 162 14.8194
87 219 14.1533
87 222 2.19418
87 227 11.5133
88 0 14.2632
88 64 7.09285
88 101 13.5563
88 111 16.1143
88 113 2.02617
88 115 10.5518
88 121 2
88 152 2.30227
88 156 3.44914
88 175 6.23957
88 177 2
88 220 7.68677
88 228 8.67242
88 238 3.17738
89 0 30.1803
89 4 20.8804
89 44 29.1356
89 51 13.2873
89 75 22.1538
89 106 20.2979
89 114 7.59098
89 141 30.4375
90 0 10.9814
90 13 5.65215
90 41 2.71057
90 47 7.5589
90 51 13.6735
90 57 12.1895
90 80 6.45831
90 100 6.00443
90 112 17.2155
90 119 2.82436
90 141 2
90 144 6.40864
90 162 6.45889
90 163 10.9855
90 203 4.16232
90 219 2.0151
91 0 2
91 16 32.7251
91 37 15.5903
91 46 12.4127
91 76 48.1059
91 200 23.9063
92 0 14.791
92 14 26.3892
92 23 10.2867
92 35 21.5759
92 39 25.3537
92 74 26.5894
92 93 2.21262
92 208 21.0936
93 0 12.6739
93 35 2
93 49 7.1165
93 66 11.1204
93 107 2.12044
93 111 16.4291
93 129 8.38774
93 153 9.08702
93 169 25.46
93 211 3.42934
93 231 24.1188
93 239 11.0073
94 0 5.28679
94 2 7.04754
94 14 10.7238
94 28 3.72784
94 30 10.406
94 35 3.30982
94 96 3.19824
94 119 2.12572
94 123 2
94 132 9.859
94 140 6.33182
94 146 2.94691
94 156 7.48551
94 163 6.99
94 165 9.57698
94 231 5.71514
94 237 9.57251
95 0 17.5269
95 2 2.26689
95 7 7.73544
95 14 13.9758
95 22 10.0736
95 31 12.3864
95 56 6.78337
95 57 13.0814
95 78 2
95 120 7.18618
95 156 4.96139
95 179 19.1758
96 0 15.8287
96 14 7.63285
96 69 21.8477
96 78 9.68889
96 100 15.1568
96 102 5.63356
96 172 10.4017
96 200 7.02528
96 218 8.13988
97 0 5.21714
97 60 12.4161
97 62 17.4394
97 69 6.35724
97 70 12.4508
97 92 17.9604
97 97 16.1592
97 151 2
97 156 14.0686
97 158 13.2198
97 200 8.94172
97 213 18.2455
97 244 2
98 0 22.9208
98 12 9.65492
98 16 2
98 18 3.57738
98 64 4.93586
98 84 6.30659
98 97 14.8188
98 156 12.3182
98 163 3.61666
98 200 2.16089
98 209 21.9926
98 213 14.1412
99 0 6.27238
99 5 13.5114
99 16 12.3141
99 25 2.07733
99 47 22.1343
99 58 2.18166
99 114 6.70288
99 125 17.5407
99 141 18.0085
99 163 10.6254
99 201 3.33622
99 218 2
99 245 7.97362
100 0 16.4219
100 18 25.4701
100 54 15.5718
100 61 13.2553
100 109 2
100 172 4.25316
100 176 16.9199
100 189 20.336
100 228 21.0489
101 0 4.55599
101 4 12.1145
101 16 9.76571
101 18 14.2184
101 41 21.2954
101 84 14.241
101 88 14.3592
101 96 5.80687
101 98 6.34434
101 123 3.94163
101 137 4.63778
101 170 6.48836
101 214 14.0005
101 229 12.8503
102 0 9.28917
102 1 3.84597
102 58 12.0771
102 66 14.4948
102 69 8.72253
102 78 9.8267
102 84 16.329
102 170 7.16117
102 209 16.0128
102 211 13.4549
103 0 2
103 5 11.7351
103 33 6.93425
103 52 14.5718
103 56 4.02286
103 62 2
103 80 9.35875
103 106 17.1935
103 118 6.75477
103 163 4.21588
103 165 2
103 179 3.36869
103 231 4.26158
103 245 2.98122
104 0 2.72716
104 9 2.19092
104 11 3.18709
104 22 13.9997
104 84 7.87649
104 93 9.07674
104 97 12.67
104 133 17.5326
104 151 2
104 160 5.94961
104 165 2.23976
104 187 12.4118
104 202 8.53657
105 0 14.1419
105 32 8.02821
105 64 11.2001
105 102 6.95228
105 108 10.4796
105 113 2
105 162 17.4813
105 172 4.32906
105 228 23.927
106 0 5.30212
106 14 2
106 52 2
106 66 6.00587
106 69 6.7129
106 90 2
106 97 12.4889
106 127 12.1076
106 144 14.5228
106 165 3.6108
106 178 3.41711
106 185 18.3737
106 211 3.45637
106 218 16.923
106 231 2
107 0 16.9106
107 1 9.83268
107 55 3.27023
107 60 2
107 80 2
107 118 15.9219
107 123 11.3857
107 148 3.62261
107 156 9.45771
107 163 2
107 200 14.22
107 211 11.9953
107 212 12.0697
108 0 12.7619
108 40 36.5054
108 109 9.18712
108 141 12.8659
108 163 11.7962
108 174 43.7241
108 228 17.5265
109 0 7.77331
109 58 2.28366
109 64 4.47009
109 77 11.7201
109 94 13.8189
109 116 27.1932
109 148 9.19518
109 160 4.75503
109 163 12.5294
109 194 26.9708
109 238 27.6954
110 0 16.4059
110 15 14.5738
110 74 12.9039
110 112 17.3993
110 121 21.3848
110 144 12.2547
110 157 14.0774
110 179 2.05187
110 200 13.3709
110 228 5.34756
110 229 7.35904
110 238 8.46735
110 246 4.95658
111 0 2
111 14 12.055
111 42 16.8066
111 74 12.5788
111 108 4.31023
111 113 7.42899
111 115 8.93157
111 141 2
111 158 4.02347
111 226 13.7649
111 238 11.8503
112 0 16.4225
112 6 10.3145
112 51 13.3612
112 74 17.8207
112 144 7.95459
112 148 12.404
112 155 16.5792
112 179 9.06134
112 197 20.9955
112 232 6.32657
113 0 11.7286
113 66 11.5096
113 129 19.3889
113 146 6.93362
113 173 15.1155
113 194 35.5192
113 203 4.24705
113 238 25.6094
114 0 3.24796
114 1 2
114 14 2
114 78 2
114 80 7.05102
114 84 2.65497
114 86 3.86384
114 200 3.49127
114 212 12.7755
115 0 5.71365
115 14 8.01054
115 42 13.5561
115 48 13.9622
115 52 9.52027
115 64 9.92521
115 101 9.5704
115 118 4.87095
115 148 2.14482
115 212 4.32391
115 231 2
115 237 12.8226
115 246 13.3318
116 0 4.13068
116 1 12.3959
116 33 11.6559
116 44 12.5163
116 66 4.00213
116 96 8.15453
116 100 13.8069
116 102 2
116 156 2.49352
116 162 8.12362
116 179 2
116 238 15.3535
116 239 2
116 243 2
117 0 7.20515
117 44 3.29019
117 48 4.26491
117 64 5.24026
117 120 12.257
117 124 2.77336
117 141 6.66589
117 214 4.71164
117 232 11.3026
118 0 6.61523
118 10 12.3048
118 80 14.2719
118 92 14.9079
118 102 2
118 108 10.9622
118 109 3.71289
118 125 9.63606
118 144 10.195
118 148 2
118 151 3.70704
118 189 7.53422
118 200 15.3349
118 213 16.8685
119 0 2.26878
119 1 19.28
119 61 15.3368
119 69 11.5268
119 112 10.5311
119 114 20.197
119 165 9.93561
119 168 6.12341
119 229 2.26016
119 232 15.2726
120 0 9.02961
120 6 2
120 14 13.0192
120 39 6.38626
120 64 16.4519
120 80 10.3463
120 109 11.6559
120 151 2
120 171 19.4167
120 185 3.50068
120 212 5.79963
120 238 8.60495
120 239 9.59655
121 0 4.75725
121 23 9.28162
121 42 13.1812
121 49 9.14475
121 107 13.2569
121 116 6.52558
121 125 13.9247
121 148 2
121 151 8.96836
121 163 18.6238
121 174 6.79185
121 193 13.1562
121 196 19.6221
122 0 16.3018
122 32 8.47723
122 114 13.0257
122 144 28.6019
122 179 6.11372
122 212 12.4609
122 228 8.63016
122 231 15.2724
122 239 17.6255
123 0 7.24513
123 27 2
123 129 16.8807
123 162 25.6591
123 201 10.7107
123 228 3.13165
123 243 2
124 0 17.1035
124 2 14.7327
124 4 6.28058
124 14 10.1508
124 43 17.3493
124 50 2.45784
124 100 2.00128
124 121 5.49167
124 151 4.26746
124 182 18.39
124 209 10.4341
124 216 6.88495
125 0 7.59545
125 6 9.19328
125 11 6.74856
125 17 10.1014
125 27 3.79496
125 54 2.95238
125 64 15.0025
125 96 12.9891
125 128 9.70544
125 146 2
125 150 12.9448
125 156 9.90752
125 194 9.10334
125 223 17.4995
126 0 3.40383
126 22 14.9921
126 27 10.8991
126 33 20.801
126 59 2
126 80 9.54171
126 87 16.7327
126 110 2
126 118 17.2568
126 136 18.2126
126 138 15.3972
126 227 3.21074
127 0 18.344
127 19 10.4101
127 32 9.14828
127 61 7.16482
127 70 2
127 87 8.86882
127 118 14.4102
127 119 4.63636
127 136 2.84037
127 168 7.27934
127 196 2.14541
127 203 12.8191
127 211 2.77999
127 218 11.7412
127 231 2.86319
128 0 7.24164
128 40 6.59131
128 64 2
128 100 16.6291
128 114 12.5042
128 158 2
128 162 20.0198
128 177 3.68512
128 219 11.0129
129 0 4.23996
129 14 2
129 30 13.339
129 70 8.90508
129 93 13.7008
129 106 15.8341
129 108 8.25549
129 134 11.1542
129 150 11.4873
129 165 7.22091
129 219 14.7156
129 229 10.9132
130 0 15.2042
130 4 7.9075
130 35 10.5562
130 54 8.14747
130 66 11.8322
130 74 17.7751
130 129 12.4256
130 151 3.44007
130 164 18.9101
130 238 4.05762
131 0 6.65043
131 14 5.91195
131 21 9.36655
131 28 6.94695
131 45 3.16372
131 47 6.97158
131 61 2
131 66 6.62777
131 69 7.40734
131 109 3.88914
131 118 7.94794
131 133 5.17483
131 146 4.69076
131 179 6.11804
131 186 9.30226
131 212 10.8463
131 217 7.08749
131 220 2.12683
131 229 5.91315
131 234 3.59648
132 0 10.5073
132 5 8.34518
132 14 7.66076
132 51 13.962
132 64 8.3567
132 79 10.9101
132 83 10.0973
132 93 11.4688
132 124 16.9536
132 144 2
132 162 6.60101
132 185 10.6133
132 212 3.45884
132 216 9.19634
133 0 11.8731
133 18 17.7417
133 77 15.3142
133 97 6.22228
133 101 23.6179
133 109 16.3844
133 114 9.16116
133 139 10.3069
133 148 7.55368
133 153 15.4281
134 0 2.86136
134 17 4.64459
134 28 10.1897
134 37 3.11052
134 40 2
134 65 13.5566
134 70 6.10018
134 97 2.02095
134 118 14.951
134 121 8.71848
134 151 7.60571
134 152 3.79522
134 170 9.36661
134 190 8.29129
135 0 4.67325
135 5 12.6125
135 11 9.60013
135 17 9.16466
135 46 2
135 56 17.2818
135 60 5.47478
135 80 11.9922
135 101 3.29504
135 121 2
135 128 4.53575
135 148 2
135 244 4.57424
135 246 9.83651
136 0 9.02434
136 5 10.4101
136 21 4.93149
136 114 6.57947
136 125 15.2645
136 138 2
136 157 16.8786
136 163 4.80666
136 178 9.78773
136 228 11.3876
136 231 2
136 241 3.78806
137 0 12.6648
137 12 2.9705
137 19 15.0571
137 28 5.20074
137 32 8.9828
137 47 7.39707
137 74 14.0309
137 80 4.59707
137 90 13.277
137 101 2
137 146 2.16816
137 228 11.0884
137 247 10.3498
138 0 10.8733
138 20 20.2077
138 32 9.68493
138 36 10.286
138 90 9.28851
138 109 4.53235
138 179 2
138 203 15.7895
138 216 7.49295
138 226 5.75565
138 229 7.2925
139 0 17.6176
139 33 23.555
139 35 23.3699
139 47 15.9486
139 71 3.32318
139 78 24.5908
139 90 29.0918
139 113 18.4528
139 141 16.4003
140 0 15.336
140 11 10.9973
140 15 22.8236
140 40 13.0045
140 43 6.16925
140 64 20.7098
140 66 13.8262
140 69 11.8529
140 179 22.7192
140 200 19.1688
140 229 8.87617
141 0 12.3355
141 4 2.03131
141 40 9.24628
141 42 19.2881
141 70 3.32181
141 100 18.7897
141 176 12.8295
141 220 2.4225
141 231 13.9538
141 239 8.28527
142 0 6.90621
142 15 14.1365
142 47 2
142 58 24.0668
142 62 5.36247
142 87 13.7462
142 109 3.41717
142 110 13.094
142 118 15.6587
142 152 10.7471
142 219 14.9501
143 0 13.8834
143 4 2.86089
143 64 7.86418
143 69 17.0751
143 70 8.46354
143 85 21.9817
143 109 3.12606
143 123 10.5902
143 127 14.2571
143 179 12.5465
144 0 19.1005
144 32 3.2168
144 35 13.6225
144 42 5.22334
144 43 6.76086
144 44 14.5302
144 55 6.14029
144 62 3.20712
144 101 11.5995
144 118 2
144 119 10.1402
144 129 2
144 134 2
144 138 18.2915
144 200 2.47405
145 0 31.5262
145 78 22.2549
145 103 2
145 106 26.9721
145 108 26.1906
145 123 6.52115
145 200 2.04024
146 0 6.29274
146 16 18.6385
146 57 11.9732
146 102 15.2906
146 118 8.95311
146 144 12.3769
146 219 22.1362
146 226 14.6208
146 228 13.7144
146 240 12.543
147 0 9.20784
147 4 2.93488
147 11 13.4949
147 13 15.9265
147 40 2.13512
147 64 2
147 141 2
147 149 12.6113
147 162 10.2291
147 165 5.57475
147 177 10.0429
147 211 19.1664
147 218 8.77348
148 0 8.39014
148 19 12.5351
148 22 2
148 42 5.84192
148 61 2
148 62 8.77431
148 69 14.6208
148 77 2.18515
148 108 11.2811
148 113 5.11815
148 148 8.19474
148 157 10.8508
148 165 3.78131
148 204 2
148 229 2.23801
149 0 7.67199
149 17 15.0946
149 30 5.99969
149 49 2.12794
149 64 5.64437
149 70 2
149 84 2
149 101 10.5545
149 136 12.9054
149 146 24.2581
149 152 6.29255
149 156 13.5759
149 159 5.25497
