50 50 400
1
1
1
1
1
1
1
1
1
1
1
1
1
1
1
1
1
1
1
1
1
1
1
1
1
1
1
1
1
1
1
1
1
1
1
1
1
1
1
1
1
1
1
1
1
1
1
1
1
1
0 0 16.7623
0 8 6.49029
0 19 8.76016
0 21 6.11664
0 23 11.9603
0 24 10.723
0 28 3.55146
0 29 17.5438
0 31 19.376
0 32 15.3445
0 36 6.96437
0 46 2.44695
1 0 2
1 8 15.5592
1 17 2.6259
1 18 6.08892
1 25 9.36594
1 29 15.5973
1 35 23.3002
1 44 2
1 47 23.8008
2 0 5.42022
2 4 19.7577
2 15 29.884
2 16 6.60513
2 18 36.6764
2 25 3.56251
3 0 8.38929
3 16 38.5787
3 20 23.4649
3 21 14.4896
3 32 25.0184
3 38 13.8447
4 0 12.5342
4 8 2.77951
4 21 8.01393
4 24 17.1126
4 28 2
4 32 3.17803
4 35 9.87559
4 44 19.5057
4 47 2
4 48 6.30538
4 49 3.24431
5 0 20.8942
5 15 16.6096
5 19 22.5856
5 21 14.7268
5 24 17.0301
5 36 31.0463
5 38 5.52176
5 41 35.127
6 0 31.5447
6 18 17.1283
6 21 24.5215
6 24 7.21745
6 30 24.3527
6 38 19.1647
6 40 32.813
7 0 6.59439
7 2 18.4981
7 4 11.5816
7 14 13.0915
7 16 11.1953
7 19 21.1374
7 21 5.23009
7 23 2
7 43 17.4378
7 45 13.9103
7 47 7.57366
8 0 9.3112
8 11 2.02942
8 16 5.89127
8 25 27.7929
8 30 10.2771
8 38 7.12074
8 40 25.8563
8 41 12.6759
8 47 22.8976
9 0 7.8885
9 8 8.37609
9 16 2
9 21 2.15095
9 25 7.68052
9 27 5.46291
9 29 6.14731
9 36 2
9 39 15.4094
9 40 5.99504
9 45 11.6303
9 47 2
9 48 3.09265
9 49 2
10 0 29.6523
10 15 19.6463
10 16 15.5432
10 19 16.4578
10 21 15.3127
10 37 17.8222
10 41 4.64117
11 0 6.66975
11 4 2.46406
11 14 2.06756
11 18 9.60063
11 21 11.976
11 37 15.4701
11 40 8.51354
11 43 8.15669
11 47 6.26293
11 49 19.5764
12 0 7.78842
12 2 10.1567
12 18 25.3121
12 25 3.2099
12 33 3.0653
12 36 8.04014
12 43 16.9678
12 44 12.9279
12 47 20.0704
12 48 9.91776
13 0 6.75281
13 4 25.0719
13 8 3.28082
13 21 13.5431
13 23 25.2167
13 38 26.9316
13 40 2.08661
13 43 15.8934
13 48 10.8241
14 0 18.3201
14 9 21.7127
14 16 3.09683
14 18 5.08277
14 26 13.0525
14 32 20.7464
14 36 14.7536
14 47 18.6733
14 48 12.5171
15 0 2.65308
15 2 2
15 8 5.42535
15 11 4.03154
15 15 13.44
15 23 2.52773
15 37 9.26562
15 44 4.48776
15 47 7.99055
15 48 24.9841
16 0 33.8064
16 19 19.2402
16 21 7.76161
16 25 32.8246
16 33 2
16 38 10.0005
17 0 14.1658
17 21 47.2193
17 32 2.1978
17 37 30.9758
17 39 17.9335
18 0 22.3288
18 5 14.942
18 16 8.59312
18 21 19.1059
18 25 6.09551
18 28 12.4984
18 29 4.85589
18 32 4.9951
18 38 5.27917
19 0 4.81586
19 4 7.03942
19 8 18.3587
19 15 19.8752
19 16 12.1137
19 21 4.03513
19 25 14.1117
19 35 16.5732
19 37 4.39186
19 43 9.61626
20 0 21.3522
20 2 2
20 16 21.7897
20 18 5.80473
20 20 16.7897
20 23 19.4335
20 25 14.9191
20 37 2
21 0 6.43382
21 2 15.291
21 13 20.8231
21 18 16.6687
21 21 6.01536
21 27 2.16334
21 32 6.01778
21 37 14.7748
21 39 2
21 43 22.4276
22 0 54.3735
22 27 14.8767
22 36 20.6813
22 43 14.2676
23 0 11.8203
23 10 2.01701
23 16 8.92018
23 17 7.06796
23 25 8.95686
23 37 17.9375
23 43 14.8106
23 47 14.0698
24 0 15.9883
24 16 2.01887
24 21 18.07
24 25 2.09301
24 29 21.6839
24 38 29.6548
24 47 19.2383
25 0 8.43735
25 2 10.599
25 8 7.2149
25 21 7.49142
25 29 4.14767
25 35 21.2187
25 37 25.0734
25 40 9.24624
25 47 4.75282
25 49 14.4974
26 0 18.2466
26 10 3.82174
26 21 20.353
26 27 42.8882
26 32 21.1028
26 36 2.25281
26 37 22.6185
27 0 4.92773
27 16 6.92083
27 23 17.0078
27 36 27.131
27 37 2
27 41 2
27 43 38.9429
27 47 15.3898
27 48 6.30596
28 0 2
28 11 35.8409
28 16 32.7701
28 21 25.3342
28 37 68.5163
29 0 2.04211
29 2 7.53866
29 8 14.2676
29 11 7.23345
29 21 15.4723
29 23 3.68139
29 25 7.53476
29 29 2.27041
29 32 2
29 35 4.38135
29 47 2.34202
29 49 8.54708
30 0 24.5938
30 4 13.6885
30 16 12.6237
30 17 23.7457
30 18 18.5216
30 21 12.2954
30 29 20.6894
30 45 9.45447
30 47 3.53752
31 0 13.6056
31 16 7.62919
31 18 24.2083
31 21 2
31 36 7.95378
31 38 31.0634
31 43 9.00557
31 47 22.6529
32 0 3.55401
32 23 12.9704
32 24 18.8933
32 25 12.4135
32 29 23.1122
32 33 12.2029
32 37 15.6613
32 43 6.76094
32 45 16.9028
33 0 8.60856
33 2 24.4667
33 8 2
33 10 20.3046
33 18 3.15596
33 29 22.3441
33 37 20.8226
33 41 12.8781
33 43 11.4989
33 47 5.43849
34 0 25.1992
34 9 25.7008
34 16 47.0844
34 21 14.2463
34 36 15.1656
34 37 5.6962
34 44 12.6747
35 0 6.42952
35 2 4.78143
35 6 13.5025
35 14 12.7625
35 15 7.06451
35 18 3.45341
35 21 14.5913
35 29 7.99545
35 43 19.8431
35 49 3.38702
36 0 2.17746
36 8 24.5849
36 17 19.1629
36 18 6.9601
36 21 13.9395
36 29 6.72983
36 32 11.8235
36 33 8.94588
36 38 10.3158
36 43 8.37319
36 47 12.446
37 0 9.39505
37 16 6.8135
37 18 10.6886
37 27 3.64649
37 35 2
37 43 4.27215
37 44 2
37 47 13.8607
38 0 20.3973
38 2 2.02102
38 14 2
38 16 9.09126
38 30 14.2506
38 37 21.4867
38 47 11.6422
38 48 20.8632
39 0 15.2399
39 8 8.87554
39 21 7.1229
39 25 9.34226
39 29 16.7748
39 37 2
39 38 5.2816
39 43 16.9209
39 47 12.5147
39 49 11.268
40 0 4.61045
40 4 5.48163
40 8 39.4747
40 18 10.3794
40 37 7.37714
40 38 5.13084
40 47 28.79
41 0 33.6891
41 2 29.3856
41 11 8.71134
41 27 9.41351
41 36 5.57197
41 39 10.1512
41 41 22.5085
42 0 15.9425
42 3 3.03051
42 20 4.76302
42 21 31.0506
42 25 6.266
42 35 8.52313
42 39 26.9988
42 47 22.7059
43 0 18.9667
43 14 3.18532
43 16 16.6745
43 25 21.4104
43 29 14.6598
43 36 20.3854
43 47 6.00774
43 49 18.4769
44 0 14.6646
44 14 5.11911
44 16 3.44976
44 18 15.6818
44 25 2
44 30 14.4435
44 35 5.30801
45 0 4.45676
45 11 9.06824
45 16 3.40046
45 18 23.6403
45 25 27.6689
45 28 19.4494
45 32 13.8431
45 35 9.6521
45 44 27.9266
45 49 10.1993
46 0 14.6129
46 2 26.206
46 24 8.87708
46 33 31.1746
46 38 9.95612
46 45 7.01794
46 47 8.29712
47 0 15.059
47 8 25.243
47 18 3.7417
47 22 7.56288
47 25 9.59156
47 26 2
47 38 5.27358
47 39 7.70149
47 49 14.53
48 0 14.5358
48 4 18.4659
48 7 3.28154
48 8 9.72147
48 16 18.5902
48 18 17.3706
48 25 10.6633
48 32 7.75296
48 38 14.6646
48 43 3.39703
48 47 14.4473
48 48 2
49 0 24.8558
49 14 19.5347
49 16 22.6673
49 18 29.9057
49 24 20.4647
49 29 3.13088
49 35 4.59819
49 43 8.00281
