50 50 400
1
1
1
1
1
1
1
1
1
1
1
1
1
1
1
1
1
1
1
1
1
1
1
1
1
1
1
1
1
1
1
1
1
1
1
1
1
1
1
1
1
1
1
1
1
1
1
1
1
1
0 0 20.0387
0 2 10.8302
0 15 7.97059
0 18 19.2551
0 29 16.1699
0 32 10.4588
0 48 4.99967
1 0 2.31943
1 1 14.946
1 7 7.77856
1 8 6.69759
1 14 8.3794
1 19 2.25723
1 20 3.34229
1 23 7.02098
1 28 6.01962
1 30 7.24214
1 42 3.5649
1 43 3.3095
2 0 13.7226
2 13 40.497
2 44 4.58377
2 45 11.6836
2 46 28.0261
3 0 6.03151
3 12 10.7483
3 13 4.92494
3 17 11.3656
3 20 13.7967
3 25 7.71384
3 39 15.3445
3 47 23.9537
3 48 5.23463
4 0 2.71548
4 1 28.0979
4 10 9.64368
4 12 21.2295
4 13 13.0226
4 32 19.8364
4 33 18.4046
4 34 2.1039
4 44 16.2249
5 0 3.48758
5 6 2
5 9 6.49718
5 11 17.2507
5 12 5.53423
5 13 6.30205
5 15 13.9563
5 17 14.3492
5 32 3.99331
5 40 16.9682
5 48 4.29284
6 0 20.9768
6 1 15.6387
6 6 10.0237
6 8 18.2535
6 18 14.9035
6 20 4.62399
6 30 9.72654
6 38 19.6925
6 40 7.96399
6 42 20.609
7 0 4.0572
7 2 7.64914
7 4 4.10726
7 11 10.0428
7 20 2
7 25 12.8459
7 32 5.20324
7 36 2
7 39 22.5691
7 49 11.7048
8 0 31.0393
8 1 20.2382
8 6 14.0142
8 8 10.0268
8 13 24.5949
8 30 5.74422
8 32 6.44735
8 48 21.4168
9 0 15.6396
9 1 3.61792
9 8 12.2434
9 10 11.9308
9 12 13.544
9 15 11.5428
9 16 6.44364
9 25 5.08666
9 46 6.68201
10 0 5.51833
10 6 3.54243
10 8 5.22062
10 13 2.17426
10 14 8.08848
10 18 4.10914
10 25 3.02619
10 27 14.4969
10 32 3.98278
10 34 13.8182
10 35 15.666
10 42 8.70876
10 46 16.9413
10 48 2.2862
10 49 12.2364
11 0 4.81059
11 10 39.0982
11 15 13.1959
11 16 10.9939
11 20 31.8322
11 49 7.43327
12 0 2.28221
12 12 10.0803
12 14 2.98019
12 20 8.69141
12 30 3.04524
12 32 10.4237
12 44 3.01329
12 46 2.17918
12 47 10.3645
12 48 20.8503
13 0 9.70915
13 8 2.53823
13 20 31.2889
13 25 22.3731
13 32 5.41831
13 47 9.66872
14 0 10.2938
14 15 6.29349
14 16 11.5589
14 19 7.2075
14 27 2
14 32 16.004
14 36 21.5917
14 38 19.8906
14 43 15.4086
14 46 10.9866
14 48 10.7008
15 0 37.6712
15 2 4.66915
15 13 10.492
15 14 19.1367
15 30 2
15 32 12.7733
15 35 10.6767
15 42 13.0874
15 48 14.324
16 0 13.6003
16 8 7.24034
16 17 16.1082
16 25 13.1744
16 30 9.62762
16 46 3.47071
16 48 3.84737
17 0 16.9765
17 8 24.4425
17 14 3.48907
17 16 16.6687
17 17 21.926
17 18 2
17 25 20.4422
17 30 2
17 32 23.598
17 46 2.79042
18 0 20.7154
18 12 5.02702
18 13 19.4627
18 20 13.0358
18 23 27.1429
18 25 4.22519
18 48 26.5382
19 0 28.4669
19 7 17.3717
19 10 29.1326
19 12 5.9142
19 14 6.82695
19 15 15.3639
19 19 30.7693
19 30 24.5425
20 0 9.93504
20 15 2
20 18 32.9927
20 25 28.2525
20 27 20.0625
20 43 13.4373
20 49 10.7935
21 0 22.9424
21 1 29.4611
21 8 7.2381
21 20 11.3499
21 35 2.09033
21 44 2
21 48 18.8117
22 0 15.9199
22 7 15.6065
22 8 3.83503
22 14 14.4926
22 15 13.7018
22 28 6.85427
22 30 14.4014
22 34 2
22 36 6.80703
22 39 7.17978
22 40 15.7128
22 48 12.8244
23 0 13.3842
23 1 3.98268
23 7 2.02398
23 14 15.8211
23 15 17.193
23 16 13.8482
23 25 9.78551
23 32 8.99575
23 38 14.5623
23 39 8.90749
23 46 9.78589
23 48 3.85663
24 0 6.15797
24 1 18.2195
24 7 12.1527
24 13 12.3676
24 20 7.95526
24 25 9.44537
24 39 19.2539
24 43 7.80098
24 49 21.3141
25 0 9.99018
25 1 21.8765
25 18 12.4598
25 20 9.72901
25 29 7.31647
25 30 11.1384
25 43 15.2757
26 0 18.0801
26 1 9.30174
26 7 15.6339
26 12 9.24182
26 15 5.9102
26 20 9.61598
26 25 8.91368
26 30 2
26 32 8.27409
26 34 6.22053
26 42 6.61753
26 46 7.52863
26 49 2
27 0 4.07835
27 6 20.3033
27 8 15.5301
27 32 21.5447
27 39 2
27 42 2.39014
27 45 15.9221
27 47 21.9372
27 48 17.3179
28 0 4.7605
28 6 24.4452
28 10 24.2961
28 14 18.6621
28 15 21.4583
28 25 32.4956
28 39 2
28 44 18.6242
29 0 5.55786
29 6 8.53901
29 15 4.87614
29 20 10.5515
29 25 4.20535
29 40 12.6333
29 49 9.25092
30 0 5.28197
30 1 16.4438
30 8 2.11157
30 9 2
30 14 2.89322
30 25 5.45249
30 30 21.6371
30 35 11.9051
30 46 4.50355
30 49 15.1853
31 0 2.06047
31 11 14.8096
31 15 8.51102
31 17 11.4539
31 18 10.2012
31 24 18.4333
31 30 15.8977
31 32 12.564
31 38 11.3727
31 43 2.34621
32 0 3.87402
32 8 3.1871
32 17 7.2315
32 18 14.932
32 21 4.25577
32 25 2
32 30 23.2501
32 32 14.8647
32 34 13.3984
32 39 16.586
32 46 4.94303
32 49 9.85679
33 0 32.9631
33 1 2
33 2 11.8176
33 25 19.3507
33 28 2.56671
33 42 6.28836
33 46 26.2581
33 49 18.4936
34 0 30.3238
34 4 28.0059
34 6 18.2478
34 7 2
34 13 28.2077
34 34 28.6947
34 38 22.2847
35 0 22.2599
35 1 3.12519
35 16 10.9917
35 18 14.9585
35 30 13.1125
35 39 24.242
35 40 5.12097
35 43 11.7493
35 48 2
36 0 95.3326
36 25 20.5539
36 26 30.6156
36 38 18.9722
37 0 8.02301
37 2 28.1131
37 7 24.1716
37 32 9.06582
37 39 14.4481
37 43 8.14212
38 0 2
38 6 3.36574
38 7 3.1938
38 25 11.9354
38 30 10.5336
38 32 2.15855
38 34 3.12681
38 38 10.8079
38 42 6.8613
38 46 2.49952
38 48 10.5379
39 0 12.0344
39 4 14.2568
39 6 15.0237
39 7 9.4097
39 9 20.2604
39 12 15.2925
39 32 16.1674
39 34 5.17971
39 48 4.41177
40 0 16.3923
40 9 3.90314
40 14 19.4362
40 19 6.43378
40 28 22.7351
40 32 6.11274
40 48 2
41 0 22.3074
41 2 46.9621
41 8 22.011
41 13 16.1663
41 15 30.5243
41 20 15.2859
41 33 19.8373
42 0 21.1876
42 6 3.58146
42 9 12.0579
42 12 31.9188
42 32 8.95466
42 34 13.3714
43 0 2.01145
43 8 17.051
43 12 8.28463
43 13 2
43 14 7.88324
43 15 16.077
43 20 21.0838
43 44 2
43 48 11.2348
44 0 3.57906
44 12 3.24735
44 25 3.51432
44 30 19.1438
44 31 9.37726
44 34 7.35034
44 38 13.0178
44 48 11.6892
45 0 42.8603
45 1 21.1621
45 8 12.591
45 18 22.4689
45 47 13.4485
46 0 11.0806
46 1 6.40908
46 18 7.0117
46 20 11.3323
46 27 6.09471
46 29 5.71997
46 30 11.9315
46 32 7.58865
46 34 13.2303
47 0 4.39964
47 7 29.5733
47 8 12.3574
47 10 28.5965
47 26 10.1642
47 32 15.872
47 40 7.29387
48 0 10.2035
48 2 13.3093
48 13 23.4043
48 15 2
48 17 27.3088
48 28 19.4651
48 39 13.4959
48 48 29.5422
49 0 3.36161
49 8 14.1412
49 14 2
49 15 11.8371
49 32 8.13555
49 35 15.1067
49 46 8.7217
49 47 17.8291
49 49 26.8409
