300 300 2400
1
1
1
1
1
1
1
1
1
1
1
1
1
1
1
1
1
1
1
1
1
1
1
1
1
1
1
1
1
1
1
1
1
1
1
1
1
1
1
1
1
1
1
1
1
1
1
1
1
1
1
1
1
1
1
1
1
1
1
1
1
1
1
1
1
1
1
1
1
1
1
1
1
1
1
1
1
1
1
1
1
1
1
1
1
1
1
1
1
1
1
1
1
1
1
1
1
1
1
1
1
1
1
1
1
1
1
1
1
1
1
1
1
1
1
1
1
1
1
1
1
1
1
1
1
1
1
1
1
1
1
1
1
1
1
1
1
1
1
1
1
1
1
1
1
1
1
1
1
1
1
1
1
1
1
1
1
1
1
1
1
1
1
1
1
1
1
1
1
1
1
1
1
1
1
1
1
1
1
1
1
1
1
1
1
1
1
1
1
1
1
1
1
1
1
1
1
1
1
1
1
1
1
1
1
1
1
1
1
1
1
1
1
1
1
1
1
1
1
1
1
1
1
1
1
1
1
1
1
1
1
1
1
1
1
1
1
1
1
1
1
1
1
1
1
1
1
1
1
1
1
1
1
1
1
1
1
1
1
1
1
1
1
1
1
1
1
1
1
1
1
1
1
1
1
1
1
1
1
1
1
1
1
1
1
1
1
1
1
1
1
1
1
1
1
1
1
1
1
1
0 0 6.01644
0 12 5.03685
0 41 5.00961
0 45 5.23904
0 56 6.52221
0 70 16.4592
0 84 9.72971
0 108 16.372
0 180 10.8874
0 195 16.4111
0 221 20.454
1 0 37.5772
1 84 9.32614
1 122 2.76056
1 175 30.1891
1 177 7.06146
1 278 27.3149
2 0 22.4995
2 8 13.6698
2 118 17.6961
2 144 36.3837
2 192 10.076
3 0 25.747
3 42 3.76261
3 49 16.51
3 55 2
3 67 4.1821
3 69 14.6137
3 122 12.9462
3 148 18.2962
3 194 13.1322
3 224 19.0643
4 0 7.43323
4 61 9.8395
4 65 13.4249
4 89 18.4571
4 92 2
4 119 7.59745
4 142 20.8132
4 147 11.1611
4 186 2
4 189 3.82664
4 223 11.5032
4 292 3.13335
5 0 25.3474
5 76 10.1651
5 78 15.9255
5 147 12.8934
5 153 17.2941
5 171 6.3567
5 262 18.3657
5 288 13.7824
5 299 13.4243
6 0 15.9679
6 60 2
6 61 10.3467
6 116 2
6 122 7.0391
6 151 17.2513
6 166 22.09
6 173 3.72649
6 246 9.54671
6 255 12.7031
7 0 17.5968
7 47 2
7 50 2
7 103 20.8837
7 148 2
7 158 14.8955
7 186 26.035
7 239 11.2139
7 262 5.58067
7 268 18.8404
8 0 9.82153
8 50 6.62275
8 72 21.8215
8 148 5.6041
8 156 14.6091
8 165 2.32014
8 195 3.19085
8 205 19.6812
8 208 27.299
8 217 7.45682
9 0 17.7862
9 40 9.47288
9 48 25.347
9 95 4.65213
9 112 16.7379
9 147 20.7366
9 155 10.3385
10 0 2.27611
10 42 2
10 49 17.3031
10 50 20.9265
10 65 14.8565
10 68 9.67524
10 122 17.9458
10 166 4.14539
10 191 5.45242
10 203 7.58531
10 290 19.7111
11 0 9.06814
11 48 14.3775
11 97 9.57168
11 102 39.0202
11 177 3.02807
11 228 13.8585
12 0 2.06332
12 71 2
12 124 19.2404
12 135 16.3666
12 171 13.4475
12 175 33.1797
12 208 17.0216
12 240 2.77944
12 266 9.12106
12 278 23.8499
13 0 7.18359
13 57 11.604
13 104 13.0256
13 203 21.7237
13 204 8.72801
13 231 14.7048
13 254 2
13 273 7.99914
14 0 60.1991
14 112 65.1767
14 224 34.0539
14 295 55.6904
15 0 33.7663
15 50 34.4555
15 70 37.5082
15 117 27.8989
15 119 28.9471
15 197 35.7929
16 0 8.9928
16 15 3.02784
16 50 12.4624
16 104 11.2608
16 148 17.5861
16 221 35.0948
16 233 7.88261
16 292 35.6096
17 0 2
17 12 18.1221
17 26 7.39893
17 67 4.73283
17 89 18.0737
17 180 16.2521
17 188 8.3896
17 189 13.8004
17 198 14.2156
17 240 2
17 244 15.5195
17 248 10.9444
17 297 5.79765
18 0 9.05401
18 49 5.60601
18 57 8.11575
18 91 18.4342
18 137 14.5234
18 192 11.6874
18 216 19.0654
18 283 2
18 284 19.9269
19 0 10.4908
19 18 3.89172
19 31 2
19 40 4.97814
19 53 3.61446
19 56 5.19245
19 101 17.9308
19 162 11.4802
19 251 5.44307
19 290 17.158
19 294 3.21396
20 0 16.4501
20 31 12.7327
20 109 38.6283
20 123 17.9731
20 217 16.2215
20 262 9.57438
20 287 12.4997
21 0 14.2495
21 25 20.1618
21 70 2.62096
21 154 12.5875
21 166 2
21 222 10.911
21 244 10.7151
21 247 8.91821
21 253 5.32319
21 268 4.35303
21 270 12.4221
21 280 2
21 282 3.65688
22 0 14.954
22 49 14.0538
22 66 4.79474
22 110 7.21897
22 122 10.2983
22 156 7.58736
22 162 8.05865
22 233 11.2061
22 238 15.3056
22 244 7.07361
22 262 17.5994
22 283 2.14035
23 0 5.23441
23 101 5.03007
23 107 14.1041
23 109 29.5113
23 155 15.8466
23 295 11.1641
24 0 8.03609
24 34 21.0963
24 144 2
24 164 6.71146
24 166 31.1828
24 203 14.3628
25 0 12.7979
25 49 8.46227
25 50 10.772
25 115 15.2376
25 119 6.6867
25 144 18.9741
25 156 8.16332
25 162 19.8501
25 180 7.87065
25 198 18.6976
25 284 3.29116
25 295 9.68774
26 0 15.9582
26 31 29.2106
26 40 26.0938
26 94 23.633
26 112 22.5732
27 0 15.9729
27 13 2.18476
27 25 9.55388
27 54 4.17434
27 147 4.08483
27 191 6.51204
27 203 4.50342
27 231 9.49115
27 255 7.01627
28 0 52.0943
28 82 74.4512
28 224 33.2235
28 270 20.12
29 0 14.9851
29 18 8.62223
29 69 6.3003
29 80 5.81192
29 89 11.484
29 112 10.9604
29 238 9.23579
29 244 11.4449
29 249 11.5942
29 285 18.7524
29 287 11.334
30 0 25.6637
30 22 16.7698
30 72 12.8254
30 89 33.8963
30 157 19.487
30 253 20.5295
31 0 13.89
31 21 30.081
31 107 5.53564
31 117 4.94163
31 128 2
31 155 11.3308
31 212 16.0845
31 221 10.2756
31 233 12.4279
31 262 7.82358
32 0 3.28267
32 51 7.9832
32 57 3.83718
32 104 2
32 107 9.95338
32 108 20.3566
32 176 14.4075
32 192 2
32 203 15.2454
32 246 14.9912
32 262 14.3487
32 264 3.51826
32 290 2
33 0 15.0961
33 4 25.5475
33 18 11.6338
33 114 22.2199
33 166 2
33 232 10.5309
33 256 2
33 287 19.2689
34 0 2.76789
34 9 11.7605
34 18 3.7719
34 43 10.2435
34 78 4.33986
34 89 17.4357
34 114 6.12929
34 119 11.1902
34 144 4.74653
34 150 16.454
34 198 19.8026
34 239 25.7337
34 287 5.23573
35 0 2
35 25 22.4403
35 42 2.90433
35 54 4.34258
35 94 19.3479
35 119 15.651
35 128 26.2502
35 197 29.5093
35 204 14.9653
35 270 22.8197
36 0 17.817
36 35 15.9091
36 43 3.75163
36 68 14.7688
36 81 7.14651
36 180 11.1137
36 247 5.84747
37 0 5.74131
37 4 18.1841
37 26 4.6802
37 40 2
37 50 23.1482
37 68 5.80476
37 108 4.77147
37 148 7.75629
37 186 6.16675
37 262 5.41597
37 263 5.13926
38 0 7.36359
38 69 2
38 93 18.4896
38 103 4.95768
38 107 11.5424
38 177 2
38 180 11.5101
38 244 10.807
38 247 3.26447
38 251 2.14798
39 0 9.0586
39 128 21.0974
39 182 2
39 204 2.0024
39 221 20.7067
39 232 27.3213
40 0 23.889
40 82 29.5751
40 84 3.45853
40 231 2
40 245 4.07318
40 277 26.1312
41 0 12.1423
41 21 18.3641
41 38 21.603
41 47 11.4361
41 66 2.98228
41 130 20.9756
41 224 16.1252
41 262 18.8084
41 277 11.341
42 0 13.179
42 69 28.8073
42 109 8.44316
42 122 23.6198
42 139 25.5962
42 167 20.6967
42 217 3.13942
42 249 13.5269
42 253 28.0975
43 0 45.1683
43 177 44.9549
43 223 16.1478
43 268 2
43 298 34.9994
44 0 21.9306
44 107 6.49038
44 144 10.8446
44 145 9.28604
44 194 2.11998
44 210 3.58119
44 211 11.8233
44 257 2
44 295 20.6552
45 0 26.5287
45 11 5.12276
45 142 7.60106
45 171 62.3835
45 222 3.10703
45 256 3.22777
46 0 10.4475
46 56 2
46 109 2.14064
46 208 13.6869
46 221 31.5952
46 222 8.01054
46 253 2.07088
47 0 13.4411
47 56 5.27285
47 76 19.1195
47 86 17.0956
47 89 12.4858
47 107 4.47957
47 122 6.54095
47 148 3.26886
47 151 6.19348
47 186 7.18275
47 231 9.30229
47 249 10.8223
47 270 5.65567
48 0 4.17759
48 61 23.3842
48 148 3.47401
48 155 25.8901
48 194 24.338
48 228 2
48 238 7.18752
48 239 11.854
48 243 19.3093
48 264 17.4177
49 0 5.58568
49 18 20.918
49 40 22.241
49 61 34.7748
49 107 33.4685
49 229 8.39574
49 275 51.7482
50 0 9.16581
50 13 7.80042
50 36 15.5388
50 43 6.31901
50 96 6.58703
50 182 4.08036
50 189 14.4749
50 208 2.6749
50 234 6.89322
50 253 17.9358
50 270 17.459
51 0 11.4534
51 22 12.0158
51 65 28.1744
51 110 15.2136
51 112 22.0947
51 174 15.126
51 175 9.25397
51 207 21.0892
51 292 8.15964
52 0 24.5297
52 21 26.7038
52 156 3.53019
52 179 11.8534
52 208 7.01116
52 248 17.1983
53 0 14.0213
53 67 12.3446
53 105 22.1733
53 107 3.26688
53 126 5.59886
53 189 6.96823
53 200 13.7126
53 204 22.0294
53 241 20.5566
54 0 4.0441
54 9 5.91532
54 42 12.9753
54 48 3.27972
54 51 13.9694
54 147 13.3429
54 148 12.135
54 151 15.2338
54 156 7.31588
54 191 7.56492
54 198 11.5813
54 270 13.2997
55 0 18.2443
55 9 13.2915
55 80 26.5943
55 91 15.2609
55 118 6.69112
55 137 15.9589
55 175 2
55 196 20.1593
55 238 8.05196
55 288 12.3176
56 0 14.8128
56 8 17.4698
56 36 19.4142
56 50 6.09597
56 57 23.6872
56 77 6.01928
56 90 17.5701
56 91 13.9158
56 105 17.4003
56 109 16.155
56 156 14.6807
57 0 4.63039
57 42 17.7993
57 45 2.33846
57 107 2
57 114 13.1275
57 148 11.1701
57 177 27.0894
57 208 8.94755
57 253 5.14445
57 262 2
58 0 2.25148
58 61 31.5071
58 72 26.9318
58 176 5.39974
58 202 4.47616
58 211 22.3327
58 239 31.6259
59 0 7.76219
59 25 15.8405
59 26 2
59 89 18.4748
59 114 17.9751
59 171 4.80145
59 177 12.0306
59 208 13.8393
59 228 2
59 277 2.12338
60 0 11.2103
60 8 5.95593
60 42 9.71292
60 120 10.4695
60 138 2
60 148 6.88851
60 211 3.08017
60 287 22.0498
60 299 6.93235
61 0 5.5536
61 61 30.0865
61 66 26.439
61 107 6.47834
61 119 8.01632
61 152 10.3838
61 192 12.4912
61 194 2
61 264 7.46408
62 0 7.08354
62 22 5.14656
62 82 6.49828
62 107 12.447
62 114 3.92985
62 158 16.3047
62 240 29.081
63 0 29.4479
63 12 23.0004
63 13 9.0365
63 61 9.19662
63 89 23.2334
63 115 15.8832
63 121 16.9742
63 208 5.24848
63 262 11.9397
63 265 2.76343
63 283 3.11675
64 0 15.5521
64 11 40.1724
64 36 21.4543
64 47 28.571
64 204 35.7644
64 231 17.6566
65 0 22.1679
65 9 8.381
65 48 12.4304
65 137 10.6474
65 165 3.91476
65 262 24.8916
65 295 32.6024
66 0 3.03965
66 89 23.1681
66 107 9.16613
66 130 24.2828
66 135 7.84865
66 223 2
66 295 28.4101
67 0 22.3141
67 94 2.02175
67 148 22.8543
67 156 18.3376
67 173 7.51727
67 177 4.29568
67 225 28.8413
67 264 26.3929
67 287 19.6203
68 0 15.1502
68 4 21.1093
68 122 6.44896
68 137 11.5155
68 191 12.5174
68 197 16.9863
68 228 16.6931
68 245 10.009
68 270 6.15147
68 273 3.95876
69 0 2.37174
69 68 2
69 69 11.1209
69 73 7.23838
69 89 17.0592
69 162 2.91876
69 167 13.6511
69 208 2
69 217 18.6163
69 222 12.761
69 240 2
69 247 10.4552
69 287 11.0251
70 0 16.9752
70 8 3.16463
70 36 21.1807
70 105 13.4486
70 109 22.412
70 112 9.61662
70 114 10.406
70 141 10.6634
70 156 6.79726
70 208 2.31588
70 231 5.76904
70 277 8.28891
70 283 8.93083
71 0 10.364
71 18 13.4469
71 54 10.8155
71 101 10.1016
71 162 2
71 163 15.058
71 191 4.88942
71 198 28.6285
71 240 18.0078
71 249 5.73562
71 292 5.3658
72 0 38.2226
72 26 4.64992
72 71 10.9581
72 76 18.5725
72 114 2.22815
72 192 6.83173
72 207 28.5686
72 238 11.6497
73 0 12.2864
73 13 18.213
73 22 14.28
73 56 16.0172
73 57 6.23835
73 61 2
73 82 7.94639
73 108 18.6354
73 112 16.1612
73 198 13.0325
73 208 8.87189
73 231 4.10887
74 0 10.1719
74 18 15.0364
74 72 3.79116
74 77 14.3843
74 189 10.3557
74 203 19.9731
74 223 2.2832
74 233 29.0472
75 0 14.138
75 57 21.5473
75 124 18.1948
75 128 8.42734
75 145 16.0306
75 200 4.4078
75 214 26.8403
75 295 4.76991
76 0 43.1865
76 47 31.8815
76 103 25.2827
76 208 16.1603
76 253 33.5831
76 278 28.2867
77 0 14.0625
77 26 33.3919
77 148 20.9809
77 182 2
77 241 17.367
77 264 3.91068
77 298 7.02653
78 0 2
78 9 3.5591
78 48 17.8066
78 51 9.46872
78 89 18.3541
78 94 10.103
78 117 6.06667
78 119 7.8792
78 130 16.7026
78 143 8.60322
78 178 6.63631
78 204 12.3417
78 231 4.689
78 238 11.9981
79 0 34.023
79 31 16.3273
79 34 2
79 42 15.6067
79 69 7.61106
79 156 6.37374
79 173 15.1319
79 211 13.4806
79 222 20.0954
79 287 15.621
80 0 12.5263
80 1 13.8446
80 40 3.84725
80 48 12.8586
80 49 5.40213
80 57 8.55203
80 60 11.4003
80 109 6.54646
80 119 9.64072
80 121 2.12784
80 139 6.92212
80 153 3.11684
80 192 12.8812
80 200 2
80 211 2
80 264 2
81 0 3.31895
81 36 12.2033
81 53 8.02164
81 61 11.1379
81 84 10.5186
81 104 16.9198
81 107 11.1918
81 146 9.89799
81 157 15.2928
81 228 2
81 244 2.55071
81 288 11.3677
81 295 2.38008
82 0 22.865
82 147 17.3635
82 192 13.6701
82 223 21.1279
83 0 13.6761
83 91 5.30139
83 107 23.5289
83 122 6.30882
83 155 3.27615
83 176 9.46413
83 202 5.27265
83 204 5.81553
83 217 2.0932
83 262 19.7874
83 292 10.9671
84 0 4.57276
84 48 15.8284
84 94 15.3194
84 128 12.1042
84 139 21.2224
84 151 2
84 162 20.1295
84 225 7.89375
84 256 2.17338
85 0 10.526
85 25 47.8604
85 42 30.3558
85 203 24.0968
85 253 19.0994
86 0 6.64082
86 36 5.83658
86 50 21.9489
86 82 25.9854
86 137 9.35195
86 159 6.8841
86 176 23.6339
86 186 4.64285
86 207 20.6832
86 228 20.7941
86 247 11.5499
87 0 4.33745
87 114 8.19323
87 128 5.21588
87 142 4.53913
87 148 5.79387
87 153 8.89405
87 177 5.84545
87 235 5.04305
87 262 2
87 273 2.6929
87 290 6.60989
87 292 7.72824
88 0 13.7003
88 11 18.7539
88 51 34.4656
88 82 23.6875
88 186 41.169
88 253 30.3922
89 0 10.3195
89 17 13.4276
89 54 2.00392
89 147 19.1363
89 177 14.7338
89 207 26.3161
89 208 4.24024
89 218 7.85034
89 289 10.5501
89 294 11.8853
90 0 9.77237
90 36 2.11735
90 112 10.8783
90 162 35.0651
90 186 25.5119
91 0 16.1506
91 14 8.86579
91 95 16.8877
91 119 8.23569
91 122 8.93549
91 148 16.5514
91 156 16.1532
91 183 18.5457
91 211 10.4577
91 235 23.7412
91 292 7.04303
92 0 4.82813
92 19 2
92 25 9.1964
92 56 4.81229
92 64 7.32894
92 109 9.81244
92 118 8.63178
92 119 2.54076
92 195 12.0999
92 208 6.95912
92 211 2
92 224 3.58737
92 233 2.09327
92 239 8.17183
92 246 7.01202
92 247 3.67014
92 267 9.16946
92 270 2
93 0 23.5425
93 63 15.8182
93 121 6.72441
93 180 21.575
93 198 24.0332
93 202 5.94318
93 208 16.6141
93 244 8.25232
94 0 19.0722
94 67 20.4423
94 104 23.2805
94 121 31.6798
94 148 9.69596
94 182 5.42365
94 208 9.76813
94 262 19.8337
95 0 2.40341
95 65 8.58201
95 84 11.4771
95 89 13.163
95 137 15.7297
95 157 8.38394
95 263 18.602
95 277 21.2443
96 0 43.922
96 40 2
96 104 34.777
96 130 41.5192
96 173 9.99853
96 244 30.5613
97 0 7.36554
97 60 15.7211
97 84 12.3697
97 109 6.5062
97 148 12.0246
97 235 8.68998
97 267 22.6181
97 278 20.4175
97 283 7.66473
98 0 10.8327
98 102 7.29443
98 142 15.7235
98 148 19.1949
98 246 3.28996
98 249 19.7273
98 292 9.79802
98 294 36.5071
99 0 25.0343
99 69 8.84838
99 89 32.0154
99 107 12.7517
99 108 40.8169
99 294 11.16
100 0 10.8361
100 25 2.58677
100 26 3.1095
100 69 11.4964
100 130 11.5159
100 172 2
100 198 9.9411
100 253 4.76222
100 273 23.6147
100 299 17.9749
101 0 11.0891
101 18 8.10007
101 68 5.18308
101 70 18.7653
101 81 15.3071
101 94 4.05277
101 109 7.05912
101 175 14.387
101 198 17.434
101 234 12.0808
101 278 7.13737
102 0 28.7081
102 80 31.0226
102 94 12.2399
102 97 6.47318
102 126 5.53883
102 196 35.9716
102 283 20.9942
103 0 29.2896
103 122 37.1937
103 236 28.0654
103 298 3.36923
104 0 24.7703
104 49 7.51086
104 91 20.543
104 102 6.34086
104 103 7.54782
104 128 18.2048
104 183 13.8334
104 211 21.263
104 240 8.55184
104 264 9.71412
105 0 4.74768
105 21 10.0459
105 77 2
105 124 16.3622
105 156 21.8827
105 269 32.6394
105 290 13.1504
106 0 6.54323
106 61 19.9861
106 94 2.88727
106 141 19.0624
106 239 9.33607
106 247 17.4731
106 270 16.8962
106 277 14.6191
107 0 16.7299
107 47 9.99285
107 109 5.09868
107 139 9.5351
107 296 3.61578
108 0 10.7405
108 50 6.35003
108 59 18.2318
108 61 6.47623
108 109 13.135
108 134 9.3506
108 172 16.9121
108 186 2.2368
108 240 15.4952
108 267 2
108 290 7.74496
108 291 8.21021
108 299 7.29921
109 0 17.4144
109 59 28.0184
109 61 18.7886
109 128 48.6328
109 148 34.7285
110 0 7.19034
110 13 15.9266
110 18 2
110 60 2
110 115 12.8553
110 151 8.47408
110 156 2
110 203 7.55071
110 231 11.0948
111 0 17.0607
111 55 8.27424
111 73 5.76836
111 94 4.67188
111 121 13.2227
111 146 11.427
111 210 6.60108
111 247 11.4514
111 262 2
111 264 3.49697
111 292 2.9441
112 0 10.4432
112 49 24.1124
112 65 9.05461
112 148 4.64867
112 161 21.9697
112 222 42.5615
112 270 2.09473
113 0 24.564
113 144 3.86297
113 157 34.73
113 176 2.70579
113 239 13.1025
113 245 22.0555
113 264 29.6608
114 0 17.6865
114 7 2.29306
114 9 5.48171
114 25 10.5085
114 26 13.319
114 40 13.2615
114 119 18.6342
114 197 20.7567
114 264 13.4252
114 291 2
115 0 8.70829
115 49 11.6531
115 69 2
115 72 29.5473
115 166 3.99207
115 270 2
116 0 29.1816
116 42 8.25031
116 65 2.3117
116 70 26.7939
116 107 2
116 108 2
117 0 34.3389
117 25 21.1316
117 107 15.8506
117 157 6.88952
117 186 34.4733
117 189 20.6206
117 200 13.473
117 287 18.1584
118 0 28.1767
118 148 24.2907
118 182 26.2379
118 278 37.5679
119 0 16.0039
119 13 8.69235
119 61 8.81983
119 86 11.8443
119 89 13.8417
119 94 16.3983
119 130 25.2628
119 148 2.60385
119 189 20.9998
119 292 18.2722
120 0 15.0456
120 42 17.3866
120 71 5.12035
120 72 18.7871
120 86 6.19258
120 102 12.2886
120 201 6.87979
120 240 6.04404
120 244 6.44623
120 264 28.9654
120 299 13.9982
121 0 14.5381
121 1 4.76686
121 46 18.4583
121 49 11.2973
121 96 2
121 137 10.7172
121 154 12.4982
121 161 4.19258
121 179 13.1107
121 218 16.4259
121 230 13.6335
121 263 5.36344
121 270 10.77
121 287 2
122 0 19.1817
122 34 12.9235
122 107 11.0781
122 112 10.8997
122 137 2
122 197 2
122 207 13.304
122 283 20.9115
122 295 10.2019
123 0 40.158
123 25 7.85577
123 69 26.6771
123 175 44.0902
123 284 2.49463
124 0 13.0798
124 6 9.6797
124 61 16.9607
124 122 19.3682
124 140 5.90965
124 148 3.75473
124 151 15.1986
124 173 8.3172
124 235 5.3397
124 299 9.77644
125 0 2
125 21 3.05586
125 38 3.10401
125 49 20.0309
125 156 2
125 202 15.8637
125 212 2.53201
125 244 17.6771
125 262 14.587
125 278 2
126 0 3.50902
126 19 14.7708
126 67 14.8994
126 88 13.6946
126 110 5.05836
126 122 3.84388
126 137 3.83123
126 176 24.3187
126 207 19.2386
126 255 9.53166
126 285 7.4079
127 0 15.2102
127 63 9.04988
127 69 21.5143
127 198 12.7111
127 218 15.9926
127 257 4.13133
127 270 24.363
128 0 15.2369
128 32 12.3957
128 123 26.8787
128 207 26.805
128 244 2
129 0 25.5173
129 1 5.98723
129 40 10.881
129 84 11.184
129 119 12.771
129 122 4.25255
129 146 16.3206
129 240 13.5958
129 249 10.7895
129 273 20.567
130 0 2.45357
130 15 13.1025
130 43 7.56456
130 51 11.536
130 68 33.555
130 142 11.4821
130 197 22.2073
130 285 23.9242
131 0 2.84583
131 17 2
131 69 12.4794
131 85 3.14507
131 193 22.1551
131 292 2.14671
131 298 8.06924
132 0 24.6149
132 51 20.2306
132 65 8.42603
132 148 7.2825
132 195 18.3296
132 203 17.673
132 208 8.81787
132 243 6.9846
132 261 22.553
132 264 11.7531
132 299 10.3837
133 0 42.636
133 25 42.8224
133 32 56.3112
133 49 34.4476
133 102 34.0503
134 0 20.3269
134 19 14.6186
134 122 2.948
134 148 28.8874
134 175 17.7523
134 189 42.759
135 0 15.2246
135 203 9.14735
135 224 17.1233
135 249 15.7005
136 0 8.64166
136 22 4.83655
136 25 5.19977
136 61 4.85762
136 68 14.977
136 69 9.18484
136 107 3.62765
136 114 11.9385
136 115 16.5523
136 119 9.28213
136 156 3.15847
136 192 16.811
136 231 2
136 249 12.3112
137 0 4.50823
137 25 2.67001
137 26 3.95525
137 65 4.4945
137 67 12.6431
137 108 3.91586
137 112 12.2401
137 121 2
137 123 10.2566
137 145 7.94122
137 148 3.03917
137 213 6.47023
137 230 4.56719
137 244 2.17488
137 292 9.3139
138 0 13.7394
138 211 9.80251
139 0 5.04791
139 21 12.6904
139 25 8.54634
139 89 4.86711
139 104 11.7934
139 106 19.1065
139 121 2.91119
139 144 7.33765
139 148 11.8066
139 177 13.4016
139 186 11.4146
139 233 4.73813
139 270 2.2685
139 278 5.52602
140 0 6.56966
140 18 10.1725
140 72 4.07106
140 107 20.4609
140 116 2.76576
140 119 13.817
140 148 10.2356
140 173 3.77285
140 195 3.68454
140 264 8.1995
140 298 10.8441
141 0 12.3344
141 5 12.0796
141 42 8.40338
141 65 6.5281
141 82 6.65703
141 114 4.88795
141 145 5.29213
141 148 24.6753
141 162 3.67055
141 225 3.0141
141 240 11.8533
141 287 3.25312
142 0 15.4343
142 8 4.59178
142 21 3.04827
142 95 19.7629
142 231 9.99559
142 270 24.7408
142 292 21.1089
143 0 27.8565
143 86 2
143 124 19.0733
143 130 4.66309
143 244 14.264
143 290 16.1247
143 294 31.3965
144 0 9.75884
144 34 23.1914
144 97 19.9205
144 145 7.67238
144 203 13.7326
144 238 25.1579
144 267 9.35511
144 270 5.41969
144 282 18.1629
145 0 8.14285
145 41 9.9166
145 49 12.6027
145 54 11.4806
145 55 8.65757
145 84 9.67372
145 106 11.9221
145 122 2
145 178 13.2497
145 192 3.76453
145 272 2.88284
145 283 6.5181
145 291 15.475
146 0 5.43099
146 22 16.56
146 23 7.56675
146 25 4.05212
146 50 7.89186
146 81 5.35267
146 88 14.683
146 104 10.9749
146 122 12.4551
146 128 3.70347
146 145 4.32631
146 192 2.16596
146 202 2
146 263 2
147 0 19.8389
147 91 21.0971
147 111 4.26693
147 148 22.0247
147 154 25.4381
147 174 5.25642
147 211 23.1939
147 231 9.21053
148 0 20.0851
148 18 26.91
148 65 9.83921
148 69 26.4738
148 128 18.111
148 198 27.9124
148 221 2
148 279 14.6625
149 0 12.6692
149 21 5.60214
149 43 19.4758
149 93 2.15167
149 115 11.1054
149 130 8.87255
149 180 2.18232
149 197 9.4422
149 230 10.8642
149 242 19.9476
149 253 4.77962
149 281 5.06555
150 0 2.66713
150 18 3.58095
150 36 8.56469
150 94 2
150 119 4.52396
150 122 9.18348
150 130 2
150 165 8.16713
150 221 12.0737
150 223 9.4368
150 233 7.17445
150 270 7.12297
150 298 9.68893
151 0 8.1844
151 8 19.0097
151 30 4.68191
151 57 6.48415
151 76 9.80941
151 85 10.5253
151 87 2
151 177 9.23379
151 192 11.7107
151 200 2
151 255 3.2058
151 287 11.1299
152 0 14.3237
152 4 8.02604
152 8 3.30627
152 82 29.4961
152 109 3.58296
152 173 5.18965
152 192 2
152 256 10.2581
152 283 2
153 0 19.3308
153 25 4.19466
153 46 40.7687
153 61 29.4115
153 63 29.1984
153 183 14.9039
153 206 2
153 283 12.1465
154 0 10.0022
154 104 14.9541
154 107 5.78082
154 109 3.29437
154 111 5.58097
154 124 20.0473
154 223 10.1856
154 287 8.95326
154 290 31.2239
155 0 21.7466
155 8 20.7456
155 34 7.99681
155 91 16.5624
155 107 39.7468
155 203 18.0741
155 207 8.20792
155 236 3.26205
155 244 20.3429
156 0 14.6146
156 69 43.3371
156 173 32.8646
156 180 15.2495
156 184 20.8879
156 263 24.1633
157 0 3.59619
157 46 21.0744
157 55 6.36619
157 72 8.37951
157 89 8.18829
157 107 2.74172
157 122 12.0027
157 194 2
157 231 8.98566
157 240 5.88196
158 0 4.29632
158 63 41.3561
158 86 14.7096
158 130 17.7399
158 244 22.4161
158 255 15.2958
158 264 27.5501
159 0 6.04853
159 49 5.04033
159 50 3.89065
159 67 19.2009
159 102 9.50388
159 104 11.5252
159 203 16.0106
159 218 17.5678
159 221 20.027
159 251 12.4755
160 0 5.10221
160 111 24.5413
160 148 10.0316
160 176 34.6064
160 249 16.081
160 270 34.994
160 292 20.2138
161 0 15.4531
161 1 3.07623
161 42 37.7178
161 72 39.3187
161 211 33.7567
162 0 4.10136
162 51 9.8587
162 56 3.21621
162 76 4.19648
162 82 3.84501
162 105 21.8444
162 106 7.82584
162 206 2
162 262 13.0826
162 264 16.6372
163 0 66.161
163 173 9.60481
163 211 52.5441
163 238 45.4853
164 0 2.14339
164 1 19.0409
164 18 8.83538
164 49 2
164 114 4.76072
164 119 2
164 164 11.6489
164 191 3.83593
164 196 22.3026
164 217 10.9981
164 260 3.30425
164 264 12.448
165 0 4.85681
165 4 9.17025
165 42 23.2565
165 112 24.2098
165 151 8.52651
165 203 38.3675
165 263 15.3852
166 0 7.65494
166 107 44.1544
166 111 36.8779
166 148 35.3445
166 278 30.3498
167 0 14.8061
167 21 5.42095
167 109 7.96587
167 204 16.8947
167 224 26.1382
167 276 34.7397
168 0 22.5405
168 22 8.14577
168 42 18.4914
168 76 19.0937
168 96 24.6331
168 166 5.60844
168 240 12.7432
168 264 8.6212
169 0 2
169 25 16.264
169 40 2.21026
169 148 19.4255
169 159 17.6646
169 204 6.87941
169 208 8.87734
169 247 8.50294
169 251 2.35502
169 287 15.3743
170 0 20.8015
170 25 25.7374
170 69 2
170 81 15.8007
170 89 2
170 122 3.81918
170 175 2
170 197 11.2782
170 255 2.13948
171 0 24.7001
171 6 13.8611
171 67 25.631
171 89 15.5106
171 106 10.1579
171 258 31.3179
171 270 30.7863
172 0 9.52782
172 26 2
172 40 7.44213
172 50 6.81622
172 80 11.1161
172 103 5.87716
172 164 9.32644
172 194 17.3641
172 196 4.61534
172 225 5.84713
172 262 8.58742
172 273 6.76623
172 278 4.97555
172 284 7.96638
173 0 20.6584
173 89 12.5157
173 94 13.371
173 114 19.5698
173 172 17.677
173 195 4.20742
173 217 4.95474
173 244 11.2195
174 0 6.431
174 25 9.64201
174 42 19.0306
174 73 19.3333
174 79 21.714
174 89 5.54258
174 128 14.9461
174 162 13.0861
174 196 9.05584
174 208 2.81623
174 261 12.6855
174 290 16.3961
174 299 8.0517
175 0 3.53994
175 15 7.74466
175 18 7.0134
175 114 3.19185
175 142 3.89981
175 180 4.08167
175 185 2
175 253 4.01442
175 264 9.01534
175 270 20.5649
176 0 33.5844
176 94 18.4794
176 112 3.93707
176 114 18.954
176 132 28.4574
176 148 20.3487
176 254 23.3631
177 0 8.87837
177 40 6.40974
177 63 11.3326
177 68 17.9596
177 107 13.2529
177 112 18.9837
177 119 22.1618
177 159 16.8993
177 203 10.9238
177 262 15.7334
177 270 4.4015
177 291 12.0106
178 0 13.306
178 46 24.2931
178 105 14.3029
178 107 21.1213
178 123 13.7712
178 243 10.4061
178 249 2
179 0 12.8907
179 42 6.11478
179 46 15.5704
179 65 2.30026
179 138 10.1564
179 175 4.8997
179 273 14.0749
180 0 17.6521
180 86 6.32255
180 119 5.23907
180 144 15.432
180 162 7.16362
180 179 7.86221
180 223 19.3446
180 232 25.4884
180 295 10.3317
181 0 14.6504
181 42 5.29043
181 61 24.7845
181 65 16.4721
181 78 13.3121
181 207 3.22023
181 262 3.89465
181 270 2.5388
181 294 33.9712
182 0 18.2005
182 112 15.5899
182 130 28.694
182 178 7.37109
182 208 6.22317
182 239 15.1598
182 264 12.2884
183 0 23.4746
183 1 18.5415
183 42 48.5346
183 54 2
183 109 34.0404
183 214 33.6413
184 0 6.0958
184 22 12.4363
184 89 6.62749
184 91 29.818
184 153 17.7754
184 198 3.87253
184 249 2.42482
184 251 15.7204
184 262 3.22998
184 290 9.9343
185 0 11.7902
185 61 56.6
185 222 13.4707
185 239 10.4808
186 0 3.41476
186 19 10.2689
186 49 13.9716
186 56 10.4309
186 122 12.5581
186 139 17.4677
186 152 2.43685
186 174 11.5806
186 208 14.3061
186 270 7.72292
186 288 18.1356
187 0 2.75532
187 1 2
187 22 20.5923
187 51 13.4157
187 89 9.70835
187 138 5.43581
187 145 20.5078
187 147 17.5322
187 247 13.3481
187 262 21.4458
188 0 3.72293
188 8 5.08427
188 21 8.47375
188 47 9.57763
188 61 5.06363
188 69 9.41582
188 87 12.4379
188 89 3.42104
188 109 8.06702
188 148 5.51275
188 162 13.4088
188 204 5.7942
188 208 2.55624
188 231 9.44921
188 262 5.54283
188 292 12.2857
189 0 22.3133
189 19 19.4087
189 51 10.5394
189 119 24.6228
189 182 23.4386
189 273 12.9664
190 0 12.5097
190 25 10.8812
190 50 20.5045
190 112 9.00971
190 119 2
190 138 9.66579
190 144 17.7327
190 174 12.9205
190 200 5.98006
190 203 4.17179
190 213 2.63936
190 238 3.23957
190 246 7.66336
190 253 2
191 0 30.2692
191 8 33.9429
191 25 11.3767
191 61 6.59571
191 65 2
191 109 2
191 244 41.5998
192 0 13.3347
192 8 2.15689
192 47 11.7903
192 49 11.2118
192 67 2.97126
192 92 5.72702
192 95 8.10043
192 121 9.65921
192 151 9.56922
192 207 4.12852
192 246 4.8994
192 277 2
192 288 6.93942
192 295 3.28607
193 0 4.3433
193 69 15.2399
193 105 6.07817
193 109 12.4672
193 146 4.58815
193 210 20.9748
193 231 30.4386
193 253 18.1817
193 283 11.1008
194 0 8.17859
194 85 11.3111
194 94 18.7229
194 99 4.51861
194 114 11.402
194 122 11.6657
194 233 2
194 257 13.2321
195 0 12.6174
195 49 13.4109
195 148 2
195 174 19.9422
195 207 11.6468
195 211 9.81818
195 229 2
195 238 19.569
196 0 15.5995
196 43 15.5017
196 70 2.14655
196 148 8.50051
196 189 3.31494
196 208 2.22406
196 247 2
196 263 2
197 0 20.4576
197 42 5.91455
197 123 56.0867
197 162 17.201
197 273 32.3504
198 0 6.64107
198 26 2.54751
198 92 13.3814
198 110 9.85955
198 123 13.0238
198 148 18.4205
198 204 21.1612
198 225 17.1393
198 285 16.0542
199 0 17.7547
199 24 27.0959
199 25 14.3745
199 77 11.9617
199 94 11.3034
199 112 12.4148
199 144 14.3861
199 186 25.3144
199 264 8.69834
200 0 3.77173
200 89 19.7996
200 90 10.5136
200 103 14.9814
200 109 5.61537
200 211 7.42613
200 264 19.9569
201 0 15.1112
201 104 4.16362
201 189 17.7018
201 221 12.0461
201 253 2
201 281 21.5477
201 295 51.1485
202 0 9.42726
202 7 8.0298
202 92 5.10378
202 94 14.9408
202 145 21.7446
202 148 4.63435
202 156 6.61196
202 163 9.86078
202 177 13.8179
202 211 2
202 273 14.1771
203 0 13.555
203 88 16.5083
203 94 12.827
203 148 5.82615
203 222 36.5942
203 262 2.95791
203 277 2
203 281 15.6334
204 0 10.2347
204 23 2
204 34 6.04855
204 40 12.444
204 56 4.58609
204 88 8.32179
204 94 6.63819
204 102 4.98265
204 110 9.28316
204 155 2.18855
204 162 8.95157
204 182 2
204 183 2
204 207 3.73546
204 213 3.94231
204 233 9.06809
204 255 2
204 273 3.39471
204 287 4.67092
205 0 2
205 21 18.2063
205 22 9.33751
205 53 4.73854
205 56 29.0879
205 59 23.4457
205 86 15.8538
205 94 23.4428
205 117 2.26139
205 211 7.21473
206 0 12.1243
206 69 19.3024
206 211 6.19352
206 253 28.2044
206 262 15.1344
206 294 8.01699
207 0 5.93119
207 1 22.0992
207 60 8.26613
207 69 5.80812
207 148 7.70205
207 166 9.54769
207 195 4.25096
207 197 11.39
207 208 10.3668
207 224 2.1591
207 229 5.02273
207 234 16.0455
207 245 8.98911
208 0 39.1435
208 15 47.9103
208 50 7.27499
208 198 27.1282
208 244 6.97664
208 270 43.5631
209 0 9.20269
209 45 7.46778
209 94 15.337
209 148 21.7749
209 165 6.08469
209 228 22.9064
209 240 5.8434
209 268 19.6329
209 278 17.3398
210 0 12.4015
210 40 25.3819
210 59 2.15111
210 260 26.6413
210 289 36.6483
211 0 2
211 31 2.25356
211 47 6.42205
211 55 14.7926
211 63 10.7015
211 115 32.457
211 118 17.4025
211 119 18.9788
211 176 5.76201
212 0 33.9003
212 70 38.7899
212 94 5.00832
212 109 2.18493
212 194 12.0003
212 272 7.42722
213 0 14.5228
213 12 7.60514
213 57 25.0269
213 155 22.421
213 198 10.9946
213 202 29.5475
213 211 5.46153
213 283 21.3697
213 285 22.7583
214 0 17.3337
214 22 6.50207
214 32 8.59206
214 38 5.1669
214 64 2.96664
214 108 21.4783
214 117 2
214 155 2
214 196 10.9051
214 225 10.0023
214 253 12.0367
214 279 9.67335
215 0 2.54037
215 49 2
215 60 17.7664
215 70 9.12617
215 138 33.5706
215 221 12.2818
215 239 34.2159
216 0 26.6893
216 25 13.1992
216 109 27.1261
216 110 22.3278
216 159 38.7315
217 0 10.0528
217 40 29.9061
217 59 10.1761
217 70 17.3704
217 95 9.39285
217 103 9.79791
218 0 12.8359
218 31 23.4318
218 43 26.4382
218 60 15.6675
218 76 33.1258
218 111 2.3263
218 182 26.7568
218 273 6.10753
218 295 22.9174
219 0 15.2814
219 11 4.24757
219 54 10.7197
219 79 12.6403
219 162 26.8264
219 211 21.7172
219 217 15.5361
219 253 20.6173
219 255 2.69227
220 0 23.3723
220 65 19.2258
220 102 4.93871
220 159 2.58519
220 191 12.5599
220 238 14.6792
220 253 16.4802
221 0 2.18531
221 40 23.334
221 55 14.4022
221 69 15.7479
221 94 5.91543
221 128 6.43189
221 182 17.5732
221 263 8.51116
221 284 18.7828
221 286 16.0738
222 0 20.1453
222 22 2
222 36 9.2111
222 208 21.6009
222 262 23.7608
223 0 18.4003
223 21 27.3092
223 46 9.76822
223 76 5.30821
223 148 34.0031
223 156 12.4413
223 255 25.6802
224 0 27.1235
224 90 28.0561
224 147 34.4404
224 189 7.79301
224 204 5.50508
224 230 25.6428
224 244 12.8311
225 0 10.1726
225 189 19.0099
225 198 28.8467
225 204 18.5508
225 223 14.7002
225 282 3.39669
226 0 16.3939
226 15 2
226 70 19.7782
226 84 6.01034
226 139 2
226 255 29.0227
226 278 7.45526
226 292 9.29132
227 0 12.6385
227 8 9.60917
227 22 8.90002
227 79 11.1844
227 123 20.0717
227 204 2.61813
227 235 26.7111
227 248 28.214
227 279 16.8632
227 284 11.9912
228 0 18.5934
228 25 19.6192
228 122 25.3142
228 180 21.8573
228 239 13.0973
228 247 33.3866
228 270 12.5894
229 0 8.91033
229 40 6.87436
229 51 2
229 55 6.66337
229 63 6.23848
229 65 5.06838
229 84 5.8051
229 94 4.44793
229 109 5.22942
229 114 5.62941
229 122 2.34341
229 128 6.00967
229 148 7.22787
229 172 11.7464
229 182 2.57664
229 185 16.7513
229 253 3.47088
230 0 9.84948
230 11 34.1933
230 21 9.95284
230 69 8.60408
230 88 15.0613
230 104 7.57579
230 138 11.3171
230 180 14.2248
230 194 6.71687
230 282 9.35434
231 0 15.3436
231 26 5.1645
231 42 10.7644
231 61 17.7613
231 72 8.48316
231 107 13.7143
231 157 8.87645
231 173 7.15086
231 179 12.5312
231 180 6.98922
231 182 3.45964
231 215 2.59577
231 232 2
231 270 10.5231
231 283 14.4307
232 0 12.5198
232 78 8.78924
232 142 23.7806
232 150 27.405
232 194 13.7238
232 238 20.5208
233 0 11.721
233 10 14.503
233 109 22.3615
233 120 26.3557
233 247 6.96728
233 292 2.23776
233 294 33.6841
234 0 8.4452
234 22 15.5024
234 42 14.6147
234 94 13.7812
234 119 9.80748
234 144 12.3387
234 164 9.44884
234 178 12.3511
234 244 7.43003
234 270 8.04508
235 0 31.4606
235 42 29.8186
235 82 28.6044
235 120 2
235 177 12.7722
235 192 20.3681
235 211 25.0725
235 291 18.859
236 0 17.4781
236 46 15.1559
236 71 16.6594
236 83 18.4047
236 89 5.97495
236 107 2.35978
236 173 4.36051
236 178 12.2146
236 230 12.8196
236 295 6.04808
237 0 12.9521
237 49 30.1912
237 101 6.66723
237 109 10.2211
237 139 8.8693
237 144 2.15744
237 180 11.302
237 192 13.5821
237 232 10.6786
237 238 2
238 0 5.98301
238 49 15.4574
238 102 9.32658
238 103 6.64532
238 107 16.766
238 128 27.171
238 148 20.3726
238 203 2.16427
238 204 15.1023
239 0 25.6298
239 12 24.3646
239 25 13.8904
239 42 19.4144
239 61 17.2956
239 72 23.1767
239 102 32.492
239 141 33.9126
239 200 12.5552
240 0 11.4694
240 25 13.6596
240 42 9.54503
240 54 2
240 69 2
240 89 16.0098
240 109 7.90728
240 112 10.9545
240 148 2
240 162 2.34365
240 203 2.12665
240 208 7.72373
240 211 8.95491
240 264 4.21985
241 0 8.28801
241 69 12.381
241 107 3.80653
241 155 22.6934
241 180 34.0359
242 0 16.2483
242 108 2.98355
242 148 8.06086
242 211 6.13726
242 230 11.0875
242 231 20.2855
242 238 2
242 270 27.7397
243 0 5.58527
243 11 2
243 48 13.8823
243 50 4.27277
243 68 2.20247
243 86 4.01338
243 107 16.2875
243 155 6.59336
243 157 16.6452
243 278 3.34445
243 285 7.39663
243 288 2
244 0 9.1744
244 8 31.3007
244 194 16.9335
244 237 5.98075
244 240 22.3386
244 264 46.4546
244 283 25.2645
245 0 6.84638
245 69 32.1303
245 102 15.8804
245 159 4.15862
245 204 11.4967
245 244 28.7571
245 270 19.6348
245 278 2
246 0 8.76239
246 8 2
246 63 14.209
246 110 2.44771
246 114 2.63828
246 118 4.52643
246 128 12.8916
246 180 13.213
246 208 8.43729
246 262 11.1204
246 278 24.8745
247 0 14.8144
247 18 23.1228
247 34 7.69541
247 111 13.746
247 115 10.5415
247 119 8.80389
247 145 27.6271
247 147 2.65413
247 260 15.854
248 0 7.62826
248 56 17.5207
248 79 19.1592
248 106 16.4464
248 109 23.6083
248 117 21.9129
248 122 9.57022
248 262 10.8688
248 264 2.93595
248 284 16.8925
249 0 34.3053
249 76 11.8398
249 119 23.355
249 138 21.0718
249 211 34.1661
249 264 26.8899
250 0 19.9134
250 38 6.1367
250 56 13.2433
250 86 3.03764
250 89 25.6641
250 203 18.6243
250 231 21.0902
250 264 22.5029
250 277 3.94442
251 0 17.368
251 18 20.0625
251 25 10.5535
251 61 2
251 69 16.096
251 96 8.19887
251 208 12.2899
251 231 4.71529
251 264 9.00256
251 292 20.2605
252 0 5.65675
252 31 14.3307
252 60 25.5265
252 94 2.17512
252 119 22.7207
252 129 3.70461
252 151 10.6393
252 176 9.91779
252 182 23.5741
252 186 4.11599
253 0 19.8576
253 50 12.9475
253 57 3.6196
253 70 4.90773
253 102 9.35129
253 109 14.6185
253 145 11.9516
253 249 11.972
253 251 2.17549
253 283 6.11731
253 284 5.7029
253 292 6.73259
254 0 16.9584
254 43 2
254 61 24.2587
254 142 9.33995
254 231 38.3722
254 239 2
254 295 37.1434
255 0 8.46313
255 21 2.25672
255 103 2
255 109 15.1795
255 122 2
255 142 14.036
255 144 2.52082
255 151 11.9729
255 157 9.47321
255 263 7.21417
255 277 6.47605
255 278 8.79186
256 0 48.6595
256 22 8.05221
256 24 13.0193
256 103 11.4929
256 239 4.91224
256 294 6.92759
257 0 2
257 46 6.85483
257 69 23.6932
257 109 11.8129
257 139 2
257 144 3.02705
257 195 9.26181
257 221 18.0347
257 231 6.88409
257 278 23.5149
257 299 17.4535
258 0 8.51697
258 130 3.85249
258 144 2
258 148 18.5941
258 270 18.9219
258 291 23.3954
259 0 10.6999
259 8 12.9582
259 18 5.63896
259 34 10.5697
259 61 13.0238
259 86 2
259 89 3.13904
259 105 5.56395
259 108 3.79503
259 109 7.21775
259 116 8.88287
259 238 3.08676
259 249 4.08169
259 268 16.2777
259 272 3.74302
260 0 14.157
260 65 4.04677
260 109 12.0178
260 119 8.38728
260 144 5.04436
260 166 11.0637
260 177 11.2879
260 182 22.4062
260 215 11.1007
260 261 6.52981
260 264 8.40782
260 278 15.6695
261 0 25.1592
261 68 2
261 94 19.9283
261 108 5.96045
261 188 17.9034
261 192 3.58507
261 263 2
261 291 18.4403
262 0 14.8256
262 42 17.8949
262 56 20.4422
262 60 5.82055
262 69 2.8654
262 112 8.72308
262 126 19.3538
262 128 8.34572
262 144 13.9459
262 208 7.72743
262 246 19.8226
263 0 4.60584
263 15 5.09016
263 81 13.4907
263 91 10.9863
263 173 16.0693
263 262 15.3513
263 264 3.93494
263 281 23.717
264 0 14.3411
264 4 6.65207
264 55 17.4652
264 64 4.27394
264 81 8.72815
264 103 3.62937
264 142 3.3395
264 148 2
264 195 7.65565
264 198 17.9122
264 251 2
264 253 8.46222
264 296 16.3813
265 0 9.47219
265 84 29.4086
265 90 18.2242
265 147 3.11151
265 166 27.322
265 194 25.43
265 208 25.6411
265 269 25.7157
265 273 8.62495
266 0 4.05103
266 83 9.46339
266 109 24.9307
266 160 10.0235
266 208 10.2038
266 224 12.762
266 255 8.94453
267 0 6.30981
267 8 7.93338
267 25 19.5773
267 61 8.21023
267 94 2
267 103 24.3597
267 112 25.7529
267 203 18.429
267 253 4.53991
267 264 10.5428
268 0 13.935
268 22 17.8906
268 42 18.2279
268 68 8.88185
268 84 2
268 107 7.8849
268 121 2.1289
268 151 5.84402
268 172 2
268 204 2.11058
268 284 2.01494
269 0 12.0008
269 13 4.92515
269 107 32.3977
269 146 7.12498
269 203 8.10712
269 240 11.2965
269 253 10.5019
269 261 9.78361
269 263 17.0333
269 295 11.1015
270 0 8.70754
270 40 8.0877
270 42 2.31387
270 51 8.35528
270 60 15.947
270 68 6.17285
270 103 10.4577
270 105 15.8059
270 142 3.20253
270 147 14.3913
270 168 2.19823
270 176 4.35044
270 182 7.50779
270 230 5.54498
271 0 12.7872
271 26 3.5517
271 48 11.2202
271 68 2
271 125 4.64425
271 126 17.5223
271 147 2.10051
271 166 12.8699
271 204 2
271 243 12.1752
271 251 6.1618
271 273 2
271 278 13.7491
272 0 47.2165
272 122 10.3222
272 282 93.8464
273 0 8.77997
273 56 7.38679
273 101 9.77089
273 128 16.8727
273 166 22.2788
273 196 42.3677
274 0 22.1259
274 11 9.88332
274 89 5.75748
274 119 5.67173
274 177 24.0109
274 238 11.5035
274 246 21.1944
274 270 4.1617
274 278 12.9191
275 0 18.8416
275 1 28.0631
275 15 12.5313
275 104 3.89262
275 145 12.7192
275 165 5.18888
275 214 2.5779
275 247 26.4688
275 270 28.1457
276 0 2.55515
276 55 8.43136
276 142 10.955
276 157 30.3966
276 192 35.0681
277 0 25.6279
277 13 12.9163
277 40 11.4421
277 115 6.47801
277 165 14.6031
277 195 23.9821
277 208 16.0863
277 209 17.2407
277 283 7.27829
277 287 20.7351
278 0 7.48291
278 25 4.24335
278 34 2.78588
278 43 16.6786
278 153 10.6337
278 175 8.30413
278 200 6.60009
278 211 9.45633
278 217 6.0911
278 229 4.78616
278 244 17.9025
278 245 12.4261
278 253 16.0326
278 292 4.32824
279 0 9.09752
279 40 9.93738
279 50 11.3849
279 65 9.2813
279 71 9.08533
279 89 5.15375
279 123 17.9763
279 130 8.50562
279 154 13.5049
279 161 5.81365
279 273 8.99715
279 292 3.98739
280 0 6.91596
280 18 4.46536
280 42 2.91882
280 94 3.33456
280 270 32.3082
280 298 22.0901
281 0 29.5246
281 56 32.2348
281 107 17.4662
281 151 9.2812
281 210 23.0859
281 240 30.5552
282 0 22.6441
282 25 3.75097
282 42 2.16855
282 86 8.08231
282 94 21.2308
282 155 22.4542
282 208 17.5894
282 238 13.4907
283 0 11.8731
283 11 3.73391
283 57 3.93538
283 65 3.39784
283 84 3.68007
283 99 4.20451
283 103 9.51208
283 186 10.5915
283 197 2.29958
283 223 2.78779
283 231 8.16904
283 239 3.52183
283 254 8.96637
283 283 11.0908
284 0 12.3356
284 40 15.7517
284 48 18.9592
284 78 18.9116
284 176 7.49685
284 180 32.0161
284 262 3.56292
284 270 20.5219
285 0 20.6309
285 47 9.49438
285 84 14.3927
285 93 21.6943
285 106 24.1532
285 115 2
285 186 12.0941
285 208 12.395
285 224 12.5896
285 249 2
285 253 11.3613
286 0 14.2082
286 15 2.84654
286 25 17.4421
286 31 22.1278
286 57 16.4027
286 89 18.7816
286 112 6.38589
286 156 9.73536
286 203 8.06713
286 238 19.3167
286 296 12.9365
287 0 23.9491
287 3 26.8053
287 25 22.0912
287 42 17.2434
287 69 21.6767
287 119 16.1383
287 130 5.30821
287 145 2
287 287 9.79196
288 0 7.90172
288 18 10.1455
288 62 20.2742
288 69 13.7029
288 91 6.29354
288 123 11.9627
288 203 9.97926
288 240 8.01849
288 256 9.62876
288 263 9.88835
288 291 12.1472
289 0 9.48899
289 6 11.7506
289 9 7.26708
289 38 5.58468
289 40 3.98462
289 61 7.85208
289 65 2
289 81 8.74854
289 109 5.79731
289 156 16.4929
289 173 17.6813
289 287 4.50862
289 290 4.95
290 0 8.37098
290 1 11.0584
290 16 5.96275
290 60 19.511
290 167 3.99001
290 186 14.2335
290 196 5.36868
290 211 8.78066
290 212 13.4581
290 213 22.4298
290 270 4.66545
290 283 14.1871
291 0 20.6099
291 16 11.3579
291 38 12.5405
291 61 25.0344
291 97 10.3911
291 104 29.8564
291 207 4.43318
291 210 5.67947
291 295 5.38278
292 0 4.92424
292 12 21.4121
292 18 6.21166
292 46 8.46979
292 60 16.0213
292 103 14.8238
292 144 15.6958
292 218 7.95478
292 221 8.11395
292 264 14.1612
292 287 5.78775
293 0 56.6745
293 11 54.8225
293 71 10.6635
293 108 68.2584
294 0 7.21743
294 6 17.6933
294 45 5.47878
294 101 3.76848
294 109 17.909
294 148 12.6964
294 222 18.6746
294 247 2.06007
294 264 18.2823
294 283 13.4726
295 0 2
295 60 16.9353
295 73 11.9914
295 75 4.82525
295 152 7.31398
295 156 3.99957
295 159 16.3242
295 262 3.90125
295 287 4.63678
295 295 8.64119
296 0 4.74342
296 25 25.1072
296 32 4.9631
296 66 17.4554
296 96 8.44493
296 101 22.1799
296 109 18.8444
296 119 32.9011
296 145 9.80177
296 288 10.7654
296 299 7.91914
297 0 6.98093
297 60 28.6797
297 92 48.7138
297 151 27.7829
297 153 21.5962
297 157 40.0261
298 0 28.2971
298 5 36.6347
298 40 14.4144
298 49 28.6788
298 119 12.352
298 148 29.875
299 0 15.9109
299 4 6.81518
299 13 6.54649
299 18 5.49518
299 21 2
299 61 2.81772
299 84 5.56099
299 166 7.98301
299 204 16.4172
299 223 8.83892
299 239 10.9729
299 240 12.1697
299 256 2.43041
299 291 7.4812
