100 100 800
1
1
1
1
1
1
1
1
1
1
1
1
1
1
1
1
1
1
1
1
1
1
1
1
1
1
1
1
1
1
1
1
1
1
1
1
1
1
1
1
1
1
1
1
1
1
1
1
1
1
1
1
1
1
1
1
1
1
1
1
1
1
1
1
1
1
1
1
1
1
1
1
1
1
1
1
1
1
1
1
1
1
1
1
1
1
1
1
1
1
1
1
1
1
1
1
1
1
1
1
0 0 7.96083
0 8 15.0735
0 9 2.78243
0 11 7.35853
0 13 15.5043
0 17 5.85547
0 19 13.4763
0 22 2
0 24 15.4708
0 31 7.27427
0 50 5.0336
0 53 9.74748
1 0 6.30968
1 8 13.1405
1 9 12.4985
1 17 8.50166
1 30 2.30373
1 61 10.4926
1 68 10.9199
1 83 9.84765
1 84 5.88905
1 86 5.20397
1 89 15.2892
1 94 6.09835
2 0 13.8069
2 1 11.1816
2 24 2
2 26 10.4278
2 30 2.56462
2 36 6.48124
2 37 9.97774
2 39 5.9714
2 56 3.32875
2 60 8.64879
2 61 12.6804
2 85 17.1073
3 0 14.2235
3 17 9.77094
3 39 12.8956
3 69 56.137
4 0 12.9173
4 30 4.85393
4 32 10.1662
4 38 14.148
4 67 13.2519
4 75 25.7962
4 85 9.68491
4 88 9.93573
4 92 3.72521
4 95 3.04866
5 0 4.88236
5 8 2
5 10 10.1732
5 22 32.6963
5 27 7.21595
5 58 9.61144
5 61 17.9551
5 75 25.3534
5 95 6.37742
6 0 9.44521
6 16 18.2197
6 22 8.87229
6 30 6.31586
6 60 2.91944
6 66 14.0133
6 86 24.6537
7 0 17.6469
7 8 11.1608
7 11 15.3352
7 17 10.3892
7 37 2
7 38 4.37627
7 48 15.2814
7 54 3.01756
7 63 2
7 64 12.7396
7 71 5.34801
7 75 7.45497
7 83 14.0041
7 89 2
8 0 2.00768
8 11 13.6071
8 24 12.9271
8 58 40.6283
8 75 15.4076
8 92 10.2294
9 0 4.17371
9 22 7.74255
9 30 12.8595
9 38 25.6734
9 48 26.1998
9 57 2.94088
9 63 5.27793
9 67 17.1099
9 70 21.4949
9 95 16.6816
10 0 11.3998
10 2 2
10 17 8.06617
10 22 2
10 35 24.566
10 37 19.5453
10 41 20.2955
10 70 12.3653
10 71 15.4076
10 75 2
10 81 13.0112
10 83 4.39087
11 0 24.92
11 17 5.13328
11 32 9.47359
11 38 31.3387
11 67 22.0756
11 84 32.4174
12 0 2.35407
12 8 7.5303
12 17 2.88422
12 37 13.6786
12 50 7.17221
12 57 26.0585
12 74 5.88152
12 75 8.2916
13 0 28.142
13 19 2
13 22 18.8011
13 30 21.0555
13 75 2.79837
13 77 11.3951
13 89 21.6569
13 94 20.7558
14 0 46.9876
14 3 21.4157
14 17 2
14 35 16.4337
14 67 59.8762
15 0 21.2278
15 35 46.1461
15 49 9.38675
15 74 25.3939
15 76 31.1469
15 94 18.0328
16 0 9.96052
16 22 21.6313
16 30 2.06256
16 36 7.79313
16 39 23.8192
16 50 5.96691
16 58 6.91449
16 92 10.4874
16 99 16.953
17 0 17.8021
17 10 7.21674
17 16 23.3389
17 17 5.85203
17 21 15.8453
17 24 10.8489
17 47 28.0398
17 61 2
17 86 3.23125
18 0 19.4842
18 2 2.2442
18 3 5.76655
18 12 24.1451
18 35 3.55633
18 37 21.0342
18 64 8.49173
18 88 2.14537
18 94 15.3759
19 0 4.41488
19 4 24.4791
19 8 3.95468
19 21 5.58606
19 26 3.14534
19 35 14.6404
19 41 3.36934
19 49 2.07136
19 58 2
19 63 2
19 70 12.8646
19 75 10.3927
20 0 16.7255
20 8 2.34186
20 13 5.21804
20 32 2
20 36 11.2827
20 59 19.4753
20 67 17.1844
20 75 14.7524
20 85 7.09749
20 88 12.5653
21 0 19.8997
21 13 16.9727
21 16 34.5112
21 19 7.91352
21 22 10.5867
21 24 9.42323
21 30 13.5129
21 74 5.95791
21 84 17.6242
21 92 17.6532
22 0 6.61329
22 6 9.24169
22 10 11.026
22 84 9.58189
22 88 2
23 0 6.57361
23 19 10.687
23 21 5.0252
23 24 12.0438
23 48 9.32429
23 50 12.4602
23 57 18.7492
23 58 26.8283
23 66 6.06607
23 69 14.535
23 95 22.5431
24 0 32.6798
24 9 33.6561
24 13 17.62
24 14 19.0236
24 35 2
24 63 15.0653
24 75 16.4727
24 94 2
25 0 10.4135
25 8 9.12513
25 21 18.1428
25 56 13.1494
25 58 15.4861
25 66 7.33399
25 67 14.0644
25 75 2
25 86 26.1619
26 0 12.8969
26 13 7.44529
26 17 15.8667
26 57 12.5584
26 61 33.0711
26 63 4.63647
26 83 13.7574
26 85 16.3029
26 95 15.886
26 98 12.9749
27 0 17.8531
27 8 17.4224
27 23 17.3635
27 30 20.7272
27 75 29.9242
27 85 10.7867
27 86 3.59199
27 94 34.3228
28 0 17.5589
28 5 10.3911
28 11 10.8135
28 14 14.3995
28 21 10.7593
28 37 7.27742
28 64 2.9477
28 70 6.78706
28 75 4.74024
28 94 2
29 0 10.5596
29 10 5.46799
29 12 18.4344
29 16 6.86869
29 60 18.6732
29 67 22.7069
29 75 3.42864
29 83 27.4308
29 94 7.38633
30 0 29.58
30 21 22.1865
30 22 18.3907
30 35 19.3089
30 84 22.1289
30 88 33.0591
30 89 12.9204
30 90 13.8931
31 0 32.7367
31 10 29.976
31 12 31.3396
31 24 11.294
31 30 7.35299
31 35 8.89332
31 64 18.7368
31 88 12.8917
31 89 8.85841
32 0 35.1615
32 12 3.31405
32 16 8.34408
32 23 2
32 46 32.4325
32 47 5.35238
32 79 3.66592
32 90 11.3191
33 0 22.7047
33 21 13.3496
33 30 2
33 75 13.9748
33 84 13.9439
33 86 28.649
33 88 20.4287
33 92 10.2249
34 0 45.408
34 21 7.55949
34 60 39.9912
34 83 35.9289
35 0 20.518
35 19 31.8126
35 39 15.6137
35 63 16.0421
35 70 14.2496
35 74 26.8306
36 0 4.3301
36 31 3.66654
36 48 10.6728
36 50 21.7986
36 52 18.5497
36 67 4.71139
36 81 4.34852
36 83 4.31408
36 89 2.07751
36 95 8.68445
37 0 6.19077
37 5 18.2389
37 23 13.7541
37 61 15.0278
37 67 28.3627
37 79 35.4676
37 92 34.668
38 0 7.09609
38 8 23.639
38 12 3.50855
38 39 16.8625
38 55 14.4875
38 61 12.379
39 0 13.7644
39 22 5.64577
39 24 6.96209
39 30 44.2786
39 42 34.5014
39 51 28.1123
40 0 29.96
40 8 2.46005
40 58 30.068
40 71 3.0704
40 80 32.6334
40 88 43.6458
40 92 11.7679
41 0 16.9315
41 17 25.5722
41 19 16.4185
41 22 24.4429
41 32 23.1621
41 57 15.7708
41 64 19.7081
41 75 19.6143
41 90 12.519
42 0 23.5549
42 22 23.8997
42 30 7.099
42 39 21.6653
42 67 19.913
42 82 27.3509
42 85 25.17
42 88 20.8982
43 0 25.9142
43 2 8.96619
43 8 33.8743
43 37 6.60489
43 39 14.3334
43 61 29.3423
43 63 15.6659
44 0 6.33547
44 8 6.4378
44 30 15.6451
44 41 5.35599
44 57 5.13821
44 60 2.65274
44 61 6.28177
44 64 12.3793
44 67 5.89162
44 71 7.28462
44 84 11.1419
44 86 2
44 89 18.7519
45 0 10.2126
45 17 7.12479
45 21 12.8435
45 58 17.5896
45 60 35.7635
45 67 27.6633
45 71 17.9085
46 0 3.84014
46 13 2.33695
46 18 15.4309
46 22 9.48538
46 29 9.25225
46 30 9.59093
46 32 9.81426
46 35 4.78112
46 57 3.92133
46 64 5.87788
46 66 3.10672
46 81 9.90511
46 83 2
46 85 8.07427
46 89 11.1761
46 94 13.4559
47 0 19.1004
47 12 3.57748
47 24 10.7858
47 31 18.309
47 48 11.9877
47 49 19.092
47 54 4.33632
47 57 2.93264
47 61 11.7725
47 63 2.31563
47 82 8.07355
47 83 4.01667
47 88 9.59193
47 92 3.64056
48 0 43.2199
48 30 30.8547
48 35 49.3498
48 70 11.5589
48 83 28.5626
48 95 2.16611
49 0 5.57053
49 11 12.0364
49 30 19.7003
49 35 14.3888
49 59 31.7058
49 61 2
49 66 2
49 88 5.64127
49 95 22.1247
50 0 23.0596
50 17 7.27047
50 26 18.9081
50 30 12.6344
50 55 37.4366
50 92 25.4677
50 95 22.8922
50 96 4.38239
51 0 18.0268
51 9 13.6212
51 35 27.2071
51 50 17.7021
51 57 13.2812
51 75 2
51 84 22.0292
51 85 4.18603
51 92 6.49899
52 0 9.77416
52 8 17.0625
52 24 10.9159
52 58 23.0405
52 63 14.4929
52 84 10.8224
52 88 8.43784
53 0 15.7853
53 8 3.45272
53 16 16.7957
53 22 3.83424
53 41 2.32467
53 75 10.3879
53 82 14.7782
53 84 7.92033
53 88 2
54 0 9.99729
54 32 8.48705
54 51 2.41177
54 57 2.7529
54 61 10.4846
54 66 13.5983
54 67 8.59574
54 75 8.72174
54 89 16.8187
54 92 10.1578
54 94 13.1496
54 95 7.50562
55 0 2
55 5 5.16209
55 8 7.43621
55 12 14.9444
55 23 11.2026
55 38 6.16582
55 61 3.14685
55 67 6.76459
55 68 6.85573
55 70 5.24616
55 72 3.41079
55 75 16.2628
55 92 3.07447
55 99 12.5837
56 0 7.80679
56 8 10.9798
56 12 16.0656
56 13 13.1
56 21 2
56 24 15.3083
56 39 2
56 67 7.31732
56 69 12.4133
56 89 5.70087
56 90 16.5092
56 91 3.67937
57 0 15.2723
57 8 20.0866
57 9 14.6649
57 19 3.04825
57 21 12.967
57 39 2.797
57 48 6.96025
57 49 7.49667
57 50 2
57 58 17.0621
57 68 9.21145
57 89 19.5744
57 92 6.1943
58 0 6.97989
58 22 11.1839
58 24 16.5435
58 38 14.3883
58 50 28.2382
58 88 3.29437
58 89 2
58 95 30.6817
58 99 6.46811
59 0 13.8332
59 8 18.7057
59 12 18.4918
59 24 15.2509
59 37 7.1388
59 50 2
59 53 12.1978
59 66 7.8891
59 84 2.71581
59 92 9.45792
60 0 18.7733
60 9 25.3268
60 19 2.83864
60 31 8.60531
60 38 3.28217
60 41 2.24375
60 74 3.40123
60 89 8.8869
60 92 2.85547
61 0 10.3981
61 8 6.22606
61 21 21.0714
61 51 23.5505
61 55 22.4163
61 60 16.4701
61 81 16.7219
61 84 2
62 0 2.22799
62 19 11.605
62 22 25.556
62 32 31.0352
62 63 18.6041
62 85 6.17946
62 88 2
62 95 17.3819
63 0 10.2796
63 12 25.1629
63 36 21.6392
63 59 2.83127
63 66 15.6823
63 79 21.4612
63 84 12.2423
63 90 2
64 0 22.7767
64 15 13.1363
64 17 9.32307
64 30 11.3012
64 35 14.2089
64 64 3.85002
64 66 6.0986
64 75 17.9916
64 88 10.3719
64 90 19.144
64 94 16.0298
65 0 37.9708
65 22 30.9133
65 38 32.5201
65 41 7.79103
65 57 13.8657
65 58 32.1254
66 0 2.09372
66 12 15.4156
66 19 5.18895
66 30 14.7606
66 35 23.4209
66 44 18.4579
66 57 13.2186
66 58 11.0563
66 64 13.564
66 81 12.0613
66 88 15.072
66 92 22.1336
67 0 2
67 9 23.0154
67 10 20.7111
67 17 27.088
67 22 6.28124
67 35 2
67 49 17.1343
67 81 5.00505
67 84 22.9128
68 0 10.0901
68 22 20.6842
68 32 26.1654
68 58 12.2317
68 63 45.8673
68 84 12.0295
69 0 24.9732
69 8 43.2802
69 17 11.6591
69 22 7.39617
69 38 46.2676
69 50 14.3083
70 0 2
70 13 2
70 19 15.1908
70 22 6.43594
70 30 6.57601
70 37 18.46
70 66 21.5712
70 75 32.1615
70 92 2.22202
71 0 19.9984
71 8 5.59806
71 22 25.5041
71 24 20.9079
71 37 19.9941
71 38 2.7363
71 42 7.513
71 58 2.25787
71 67 11.7186
72 0 4.22559
72 3 3.13839
72 22 9.1109
72 30 2.40531
72 38 2.42611
72 61 6.78607
72 66 5.27809
72 67 8.65855
72 70 4.26813
72 82 10.3789
72 86 13.1855
72 88 7.22537
72 92 11.5379
72 95 10.2441
73 0 4.54626
73 12 40.9299
73 55 20.1146
73 90 12.7264
73 92 37.4758
73 99 2
74 0 17.1694
74 4 12.213
74 8 10.683
74 31 15.5723
74 39 14.4811
74 41 25.4351
74 47 9.37793
74 64 14.5741
74 67 14.2583
74 75 26.0378
75 0 11.9169
75 11 6.81566
75 17 28.1379
75 61 15.682
75 75 8.79
75 82 3.89569
75 88 8.69785
75 94 6.62915
76 0 11.821
76 10 20.8164
76 16 10.2798
76 35 34.875
76 61 6.48381
76 84 25.4235
76 92 24.6395
77 0 17.0509
77 24 10.4299
77 28 10.9004
77 30 4.51653
77 32 19.4345
77 38 6.07639
77 39 5.59131
77 41 6.24834
77 47 4.09034
77 61 18.7811
77 89 19.6422
77 95 20.4353
78 0 6.58761
78 13 6.31333
78 16 8.96576
78 60 24.7583
78 86 14.9318
78 89 18.6255
78 95 14.9276
79 0 8.46739
79 9 2.53827
79 10 12.7405
79 17 5.79556
79 22 6.3604
79 60 4.36222
79 75 4.38384
79 81 19.523
79 83 9.79537
79 92 10.8111
79 94 9.20208
80 0 25.8464
80 58 2.64993
80 66 9.92254
80 67 2.79529
80 82 30.0356
80 89 32.8479
80 92 4.24388
80 95 2
81 0 7.23709
81 24 3.7222
81 31 15.3669
81 35 9.64971
81 49 3.37574
81 52 15.2076
81 64 2
81 74 13.2521
81 82 10.3715
81 83 7.77947
81 84 18.5168
81 92 11.1461
81 94 6.06217
81 95 2
82 0 16.9542
82 32 29.6492
82 57 2
82 67 22.2728
82 84 6.0606
82 92 10.6563
82 95 19.3596
83 0 25.1585
83 30 5.95658
83 60 8.9439
83 61 11.349
83 67 5.54273
83 76 15.5677
83 83 5.93551
83 94 12.2832
83 97 17.2657
84 0 21.1481
84 22 9.49941
84 32 19.708
84 35 19.9975
84 41 7.92016
84 49 12.8487
84 63 4.4348
84 76 12.5296
84 79 10.8556
84 94 6.75665
85 0 2
85 4 8.66932
85 9 4.9706
85 19 9.76289
85 32 2
85 35 10.9319
85 38 20.5309
85 47 3.28006
85 59 2
85 81 14.65
85 83 5.65476
85 94 2
86 0 12.2941
86 17 18.5153
86 22 8.01258
86 30 3.60377
86 36 2.74342
86 39 4.60512
86 44 22.9884
86 60 20.4722
86 67 14.8127
86 74 13.632
87 0 11.441
87 10 12.4806
87 30 2.51742
87 35 7.47394
87 39 12.2847
87 58 4.33309
87 74 7.22324
87 76 12.9
87 99 19.8927
88 0 30.5016
88 29 18.3917
88 35 6.71422
88 61 11.6308
88 63 34.6998
89 0 29.0542
89 8 15.7425
89 10 28.0676
89 12 23.2869
89 58 7.23985
89 77 24.2404
90 0 25.8803
90 1 33.6646
90 39 4.35414
90 83 33.3682
91 0 16.2117
91 8 4.08991
91 17 27.7808
91 24 6.86599
91 35 5.41463
91 38 10.0386
91 57 11.5929
91 63 7.80794
91 75 2
91 83 17.0138
91 92 15.4908
92 0 44.9751
92 19 29.2848
92 24 17.2529
92 66 2
92 83 18.9606
92 84 7.25364
93 0 17.7427
93 8 12.4598
93 14 24.67
93 30 2.53079
93 35 7.16474
93 41 6.85976
93 60 3.3123
93 67 12.6878
93 76 18.6406
93 83 20.0682
93 84 12.8914
93 89 12.7892
94 0 35.6232
94 48 23.7583
94 84 6.30729
94 85 62.1049
95 0 10.2477
95 20 3.79758
95 37 9.62365
95 38 7.57972
95 48 13.9811
95 60 16.9567
95 63 7.65303
95 74 4.75695
95 79 6.01461
95 83 9.96855
95 89 5.47828
96 0 2
96 10 29.6021
96 17 20.8558
96 24 24.4606
96 30 2.44013
96 37 22.9357
96 63 12.6587
96 85 13.1444
96 89 5.82432
97 0 34.7581
97 17 27.4853
97 22 19.81
97 30 15.1187
97 66 14.2111
97 67 7.45714
97 99 11.8568
98 0 9.12385
98 8 4.30126
98 11 13.4551
98 17 2
98 24 11.6199
98 32 5.77012
98 35 3.16136
98 50 3.31841
98 74 17.5658
98 85 3.27436
98 89 4.39401
98 99 10.9092
99 0 4.37833
99 13 7.54852
99 14 22.0884
99 15 20.3656
99 16 2
99 19 12.9299
99 30 3.28218
99 52 20.2253
99 86 4.67544
99 92 8.2012
