200 200 1600
1
1
1
1
1
1
1
1
1
1
1
1
1
1
1
1
1
1
1
1
1
1
1
1
1
1
1
1
1
1
1
1
1
1
1
1
1
1
1
1
1
1
1
1
1
1
1
1
1
1
1
1
1
1
1
1
1
1
1
1
1
1
1
1
1
1
1
1
1
1
1
1
1
1
1
1
1
1
1
1
1
1
1
1
1
1
1
1
1
1
1
1
1
1
1
1
1
1
1
1
1
1
1
1
1
1
1
1
1
1
1
1
1
1
1
1
1
1
1
1
1
1
1
1
1
1
1
1
1
1
1
1
1
1
1
1
1
1
1
1
1
1
1
1
1
1
1
1
1
1
1
1
1
1
1
1
1
1
1
1
1
1
1
1
1
1
1
1
1
1
1
1
1
1
1
1
1
1
1
1
1
1
1
1
1
1
1
1
1
1
1
1
1
1
1
1
1
1
1
1
0 0 5.33452
0 18 25.0915
0 46 18.2145
0 58 8.00516
0 62 12.3333
0 74 9.38514
0 96 9.10885
0 125 7.6645
0 155 2
0 167 2.68029
0 186 6.24012
1 0 5.98571
1 10 9.81076
1 23 15.5373
1 52 16.4203
1 102 2.75368
1 103 18.1526
1 115 2
1 131 6.0547
1 134 10.1094
1 140 3.22329
1 148 11.5276
1 189 8.27713
2 0 12.727
2 23 5.15918
2 48 21.0709
2 54 18.606
2 63 2.05546
2 72 24.1676
2 80 8.73312
2 102 7.26301
2 114 8.28556
2 170 2.45123
2 172 23.7368
2 194 21.7151
3 0 4.57004
3 16 3.71007
3 42 24.9368
3 67 8.2141
3 72 2.30055
3 131 2
3 139 6.45015
3 149 23.1003
3 194 15.9118
3 197 13.7114
4 0 19.4441
4 24 5.98706
4 63 23.1648
4 86 23.3004
4 97 13.2442
4 98 8.83636
4 107 12.6498
4 150 9.56985
5 0 3.73464
5 45 8.46019
5 48 2
5 74 3.22261
5 106 13.5564
5 111 13.6244
5 146 9.56532
5 149 12.4904
5 177 22.4462
5 184 20.7189
5 190 12.4467
6 0 64.0731
6 29 55.1017
6 64 42.7737
6 101 2.08132
7 0 5.26074
7 52 12.426
7 59 7.18082
7 86 32.6504
7 101 28.0363
7 149 19.7062
7 162 4.88634
7 194 25.8964
8 0 4.92821
8 9 2.9755
8 23 14.5316
8 42 27.6671
8 77 21.6161
8 83 2
8 94 10.1321
8 107 9.90542
9 0 18.6698
9 1 2
9 61 3.10428
9 90 34.0894
9 115 32.4016
10 0 2.33765
10 95 2.90648
10 111 19.2996
10 115 5.66267
10 144 8.21604
10 171 24.8452
10 183 10.9279
10 190 2.45252
10 194 3.39537
11 0 12.3138
11 21 27.2354
11 54 16.3082
11 74 10.8484
11 126 29.8351
11 147 33.7435
12 0 8.11348
12 51 27.4943
12 56 16.3892
12 99 17.4293
12 102 22.0995
12 115 5.34018
12 157 29.896
12 174 17.0307
13 0 12.7285
13 30 25.5298
13 106 5.98152
13 107 20.282
13 150 7.10162
13 170 28.7083
14 0 39.2619
14 32 28.9852
14 115 52.9274
14 150 4.5367
14 185 41.6458
15 0 8.4019
15 43 25.0536
15 46 29.0349
15 61 6.56129
15 111 2
15 126 5.78108
15 181 31.0396
16 0 20.6221
16 21 56.1046
16 101 28.5103
16 183 21.0318
17 0 17.8086
17 11 14.0004
17 55 11.6105
17 97 10.3197
17 150 9.87135
17 157 17.0478
17 170 21.9918
17 177 22.5031
17 196 17.2148
18 0 2
18 18 2
18 30 27.0105
18 78 7.96152
18 83 6.37846
18 101 11.6772
18 138 19.4617
18 158 26.9477
18 189 7.50183
18 190 8.04518
19 0 6.16421
19 18 7.01562
19 30 6.45009
19 34 5.95268
19 39 3.08633
19 51 4.15116
19 63 7.32434
19 64 7.03031
19 78 8.70103
19 97 5.72056
19 131 4.78097
19 141 12.283
19 170 16.3147
19 177 6.16405
19 183 3.69301
19 197 13.8339
20 0 10.8264
20 5 2
20 21 3.91811
20 51 5.30998
20 74 10.3223
20 83 2.07071
20 93 16.8724
20 109 7.39545
20 115 2
20 131 5.23486
20 144 4.28614
21 0 2
21 37 4.94694
21 123 31.7318
21 177 45.2491
22 0 10.1337
22 61 2.24747
22 66 10.7787
22 87 8.89384
22 88 9.10596
22 89 9.29908
22 97 19.8343
22 140 12.3843
22 148 3.40807
22 174 25.3862
22 177 2.37124
23 0 2.08842
23 22 16.6232
23 37 4.41817
23 141 30.4749
23 183 65.7942
24 0 2
24 18 12.1757
24 51 12.2964
24 54 2.9607
24 59 2
24 63 10.3073
24 100 2.06654
24 140 20.1545
24 163 8.2439
24 172 9.99604
25 0 26.5091
25 6 14.5725
25 61 26.9515
25 74 23.7546
25 115 30.9525
25 158 30.8394
26 0 8.08368
26 24 7.62739
26 61 5.20911
26 62 4.89338
26 72 7.16104
26 74 8.03586
26 75 10.0079
26 98 3.55479
26 107 11.313
26 117 13.3734
26 118 8.42962
26 150 6.90293
26 159 6.055
26 171 14.2271
26 177 12.1386
26 182 12.9674
27 0 5.3932
27 18 2.78822
27 29 15.2326
27 48 2.5238
27 74 4.30296
27 97 2
27 110 10.3256
27 134 2
27 152 3.63565
27 154 14.6467
27 174 14.24
28 0 5.69728
28 28 24.4848
28 32 16.9784
28 37 10.5951
28 38 17.6177
28 64 2.74439
28 72 2.20883
28 88 12.1355
28 140 19.8255
28 174 2
29 0 32.8682
29 46 15.26
29 55 12.1221
29 67 10.7362
29 137 4.3802
29 196 29.5861
30 0 14.5814
30 3 47.7851
30 54 18.9589
30 194 13.9678
31 0 11.6432
31 30 4.64612
31 61 22.0871
31 78 3.54757
31 102 54.4998
31 165 47.919
32 0 28.5203
32 19 13.5853
32 21 4.56376
32 43 21.7244
32 48 20.9171
32 123 29.5693
32 131 10.1922
33 0 10.1897
33 21 10.998
33 57 3.70724
33 75 9.57221
33 107 14.779
33 117 30.1116
33 126 13.5275
33 150 18.4617
34 0 10.2617
34 7 17.1713
34 72 4.5732
34 93 27.7518
34 98 16.5589
34 125 17.0326
34 146 37.6078
35 0 2
35 11 2.57912
35 18 8.02349
35 32 2
35 61 10.9658
35 63 13.1318
35 72 5.63198
35 74 15.5387
35 101 4.84887
35 110 13.3745
35 131 10.8928
35 140 2.30421
35 147 10.6081
36 0 12.218
36 18 11.7509
36 64 5.67028
36 65 13.2923
36 94 13.5518
36 117 14.3873
36 138 21.1807
36 187 6.73012
36 197 14.6116
37 0 2
37 18 14.7267
37 24 6.2425
37 32 8.15897
37 58 11.5435
37 93 16.8425
37 98 23.4932
37 101 22.9349
37 149 20.5309
37 190 2
38 0 5.9971
38 51 16.0667
38 54 8.27894
38 97 17.8498
38 115 3.56268
38 138 21.8928
38 149 5.89611
38 180 11.5936
38 185 4.98251
38 197 21.3584
39 0 9.31757
39 25 10.8129
39 43 22.543
39 64 2.09158
39 102 32.6656
39 103 7.5074
39 131 5.94221
39 196 12.8702
40 0 19.2916
40 5 8.95067
40 24 17.1264
40 27 2.11045
40 54 6.9232
40 72 11.1639
40 83 18.4929
40 140 19.1626
40 165 20.2457
40 196 4.88641
41 0 9.22727
41 23 20.3026
41 43 9.73462
41 59 9.44567
41 74 6.41362
41 121 11.6261
41 150 17.1078
41 154 7.17451
41 168 10.7846
41 170 11.9677
41 185 18.0608
42 0 18.8829
42 18 24.5736
42 83 16.1759
42 111 9.64143
42 115 2.11262
42 126 2
42 135 13.9732
42 144 4.98572
42 196 18.2712
43 0 9.87792
43 37 20.0287
43 48 14.741
43 57 4.60988
43 61 11.3684
43 65 5.50214
43 109 5.85952
43 154 16.6707
44 0 2.81092
44 5 8.21576
44 25 13.1805
44 72 27.7203
44 102 4.25168
44 108 7.85185
44 110 17.7446
44 141 17.7592
44 167 14.2324
44 196 13.2152
45 0 2.95007
45 19 17.2285
45 25 18.3318
45 32 2.74583
45 58 2
45 86 8.89792
45 99 2.39353
45 102 9.98772
45 126 11.5351
45 131 8.10481
45 151 8.32405
45 171 14.3925
46 0 14.2727
46 11 2
46 19 10.2673
46 25 10.8829
46 65 12.3335
46 106 9.1078
46 115 2
46 144 20.2501
46 149 12.4016
46 187 12.3531
47 0 14.0715
47 64 30.4209
47 110 3.28382
47 115 2
47 117 2.31594
47 134 18.4669
47 144 10.2385
47 169 25.4794
47 183 8.35937
48 0 2
48 1 3.79139
48 6 2
48 16 2.00122
48 23 2.98341
48 83 11.1629
48 89 2.09121
48 108 4.60132
48 121 5.23618
48 124 12.2555
48 148 2.56768
48 151 6.43802
48 153 3.09589
48 170 7.33904
48 185 4.94826
49 0 6.30896
49 2 7.9353
49 18 5.65811
49 24 6.6722
49 30 5.51622
49 49 8.86191
49 64 12.9099
49 72 4.19991
49 101 6.44554
49 102 9.27806
49 117 11.4268
49 164 3.64471
49 174 2.06478
49 196 11.3039
50 0 7.33187
50 12 6.26183
50 47 13.5062
50 61 14.3511
50 98 7.2498
50 126 7.11099
50 146 7.69505
50 158 12.8816
50 174 12.898
50 187 8.35873
50 189 15.4105
51 0 29.9224
51 32 37.0102
51 115 2.04223
51 141 41.9922
51 170 41.513
52 0 2.79721
52 10 9.63118
52 16 4.97771
52 23 2.74758
52 32 8.32472
52 43 14.6674
52 61 2.81223
52 74 2.61655
52 83 8.10794
52 97 5.64541
52 98 15.0179
52 115 5.35455
52 136 4.04917
52 168 6.51057
52 190 11.4531
52 196 6.37993
52 197 3.06329
53 0 22.5837
53 21 2
53 80 33.2584
53 97 21.5349
53 140 19.4372
54 0 33.9988
54 23 8.85043
54 59 8.88169
54 98 40.3385
54 126 26.7778
54 170 22.9962
55 0 10.9615
55 31 12.3468
55 32 11.1608
55 34 25.9796
55 49 6.51859
55 57 12.7588
55 67 2
55 107 14.5662
55 177 12.1026
55 181 4.86134
55 183 7.43401
56 0 14.2819
56 34 6.86947
56 101 3.29237
56 103 16.5782
56 106 12.6824
56 107 22.6957
56 116 5.32566
56 135 4.5509
56 147 8.18353
56 168 9.27874
57 0 9.82327
57 74 11.1978
57 83 18.2799
57 138 7.67292
57 141 20.2386
57 168 8.28026
57 170 6.50388
57 194 8.9203
57 196 12.7826
58 0 16.7664
58 10 4.49662
58 23 27.0197
58 25 10.3062
58 98 24.0447
58 117 9.15852
58 156 34.4835
59 0 7.42706
59 67 16.8658
59 72 22.0695
59 115 14.8783
59 121 5.18043
59 126 12.8833
59 132 2
59 134 3.83009
59 165 19.0222
59 167 20.4314
59 196 11.4786
60 0 50.7281
60 11 38.6536
60 107 52.7007
60 132 44.6575
61 0 33.9481
61 21 29.2735
61 34 8.11237
61 83 3.53437
61 100 7.49987
61 108 10.9642
61 144 11.2872
62 0 7.15817
62 54 10.4394
62 97 2.87365
62 108 11.615
62 117 5.41867
62 135 2
62 157 13.562
62 158 3.57998
62 172 7.42955
62 174 3.88402
62 194 17.1981
62 196 2
63 0 9.97173
63 5 5.41226
63 45 26.5626
63 51 9.69427
63 72 20.9857
63 83 14.7721
63 107 20.4214
63 144 19.9551
64 0 7.42908
64 9 2.32508
64 10 10.2867
64 72 8.80211
64 80 10.3538
64 83 8.46979
64 99 19.1322
64 101 16.2487
64 115 16.0152
64 144 4.44594
64 150 24.4997
64 170 17.1115
64 179 3.04454
65 0 30.2706
65 34 13.5911
65 52 47.5733
65 107 34.3904
65 165 24.6569
66 0 3.96295
66 2 2
66 25 15.2068
66 63 24.551
66 74 5.35691
66 78 22.7343
66 121 38.9203
67 0 13.7393
67 28 2
67 43 11.1625
67 51 13.2041
67 98 29.6804
67 137 7.68091
67 140 17.8799
67 153 6.23897
67 162 22.6093
68 0 5.80178
68 16 14.4887
68 95 19.2413
68 102 5.14625
68 108 7.34397
68 116 6.71282
68 117 9.12746
68 120 7.35257
68 160 7.39645
68 169 5.95683
68 170 19.1751
68 174 17.5308
69 0 32.3056
69 61 11.7072
69 87 19.2289
69 93 2.71287
69 126 4.06298
69 138 2
69 194 34.4018
70 0 21.886
70 6 3.43222
70 83 27.7229
70 102 21.9553
70 115 5.3658
70 139 5.20847
70 144 12.2652
70 150 11.0364
71 0 18.7109
71 6 8.82959
71 20 4.27273
71 63 5.81788
71 65 20.4814
71 98 6.39421
71 99 9.79432
71 103 10.8906
71 105 12.4689
71 107 13.2085
71 160 8.91149
72 0 4.71712
72 11 12.9085
72 19 25.4919
72 83 8.41136
72 120 4.95175
72 158 7.90043
72 167 10.3221
73 0 25.3272
73 10 5.49479
73 34 3.61988
73 43 15.993
73 82 12.6561
73 96 6.59528
73 115 14.3326
73 141 16.655
73 150 2
73 168 10.7879
74 0 14.8872
74 25 14.747
74 45 11.1018
74 94 15.8693
74 107 8.23096
74 126 12.4739
74 146 4.31153
74 155 6.34848
74 167 6.77291
74 189 14.3325
75 0 10.2017
75 102 34.9303
75 107 27.2451
75 170 16.0221
75 172 15.2788
75 174 16.2378
75 180 18.6514
76 0 10.8109
76 32 14.6262
76 49 30.0355
76 51 17.3951
76 74 4.15377
76 121 10.5833
76 158 4.0669
76 162 12.8326
76 177 6.29591
77 0 23.1277
77 16 17.0212
77 146 12.2852
77 184 24.3471
77 194 3.41091
78 0 2
78 43 12.1651
78 72 24.2857
78 86 3.87059
78 107 5.47694
78 135 8.28328
78 138 3.43227
78 140 2
78 195 15.4498
79 0 81.8343
79 29 7.15041
79 54 41.6024
80 0 12.8546
80 1 10.955
80 25 7.61957
80 28 18.0527
80 46 6.26558
80 115 29.4544
80 150 6.03076
80 175 10.4573
80 181 11.283
80 197 14.7834
81 0 19.5554
81 6 6.89834
81 42 18.1704
81 61 30.7116
81 95 26.6423
81 115 7.57608
81 149 6.40343
81 155 7.36172
82 0 11.9818
82 6 28.4503
82 25 6.58846
82 32 8.66345
82 43 5.18392
82 132 8.24477
82 135 22.9497
82 138 13.5308
82 158 2
82 170 18.3243
83 0 49.0802
83 57 25.6963
83 65 10.8164
83 70 14.82
83 110 7.63583
83 115 17.0911
83 178 9.39806
84 0 15.0934
84 65 28.8665
84 83 44.4039
84 99 18.3986
84 107 15.2144
84 126 33.9495
85 0 6.3457
85 5 22.1462
85 37 3.51104
85 52 11.0558
85 54 6.14316
85 55 2.82786
85 65 3.96317
85 72 14.7664
85 125 21.4276
85 194 2
86 0 37.3237
86 20 39.7362
86 64 14.0271
86 80 48.1374
86 97 27.1715
86 131 19.2332
87 0 14.0392
87 16 11.0381
87 25 11.2193
87 29 10.5413
87 31 11.2365
87 61 2
87 98 9.789
87 106 2.52455
87 117 8.85669
87 158 8.54365
87 170 15.9518
87 181 8.00536
88 0 25.2486
88 3 9.53189
88 12 34.705
88 23 13.714
88 58 6.29969
88 60 3.35636
88 64 5.96066
88 138 20.2575
88 151 2
89 0 21.3144
89 60 10.2587
89 88 7.39594
89 100 26.4841
89 103 3.46106
89 139 30.2758
90 0 20.1661
90 32 9.60632
90 37 22.9167
90 83 6.21211
90 101 5.05169
90 141 15.6253
90 154 3.27117
90 189 23.7855
91 0 19.3693
91 5 3.2064
91 20 5.87481
91 32 32.2133
91 97 5.09107
91 131 5.06258
91 186 4.75158
91 197 6.52905
92 0 2
92 19 5.65608
92 43 21.3773
92 107 8.49215
92 115 30.0129
92 139 11.3388
93 0 20.633
93 43 24.8263
93 46 18.8997
93 48 27.6304
93 140 15.6834
93 158 15.9213
93 196 13.819
94 0 7.86145
94 25 7.32031
94 72 18.8483
94 86 6.4512
94 98 5.69289
94 117 16.2287
94 125 19.2521
95 0 4.87306
95 24 5.44134
95 54 21.017
95 102 7.04214
95 126 8.30773
95 131 22.3237
95 168 14.4158
95 190 16.1677
96 0 8.9578
96 23 17.0205
96 24 6.94166
96 30 2
96 46 4.30517
96 52 7.93054
96 59 11.8645
96 63 6.63913
96 108 9.24253
96 116 3.23455
96 117 12.8617
96 131 17.2314
96 146 2
96 170 3.10683
97 0 44.441
97 32 99.2762
97 195 80.154
98 0 5.03231
98 4 3.63406
98 18 4.60235
98 21 2
98 28 9.41232
98 65 3.3716
98 102 12.6732
98 115 2
98 149 6.34577
98 161 10.3132
98 165 6.07284
98 170 7.3642
98 180 7.28027
99 0 5.02004
99 10 2.48013
99 33 4.85507
99 42 13.499
99 51 13.8271
99 58 8.40866
99 83 12.0219
99 91 15.4844
99 107 15.9508
99 115 10.3486
99 131 14.4114
99 167 4.79155
99 190 7.52164
99 196 5.80323
100 0 13.9071
100 6 15.003
100 30 9.98276
100 32 2
100 63 21.0406
100 65 5.12694
100 81 10.3738
100 97 5.83458
100 115 7.37842
100 138 6.562
100 170 11.0717
100 199 4.23348
101 0 10.474
101 30 2.09244
101 102 6.07254
101 115 24.278
101 141 17.3852
101 145 20.8248
101 159 6.17085
101 199 3.94
102 0 3.54112
102 18 11.3377
102 30 5.43528
102 32 12.1747
102 67 12.0122
102 72 4.73007
102 83 16.399
102 93 14.5151
102 111 10.2603
102 131 14.3762
102 168 12.1334
102 194 2
103 0 13.3296
103 18 11.6026
103 43 6.58413
103 74 22.4924
103 78 32.3167
103 117 9.25226
103 162 9.77572
103 172 17.7937
104 0 3.2029
104 23 25.2708
104 24 12.9832
104 48 6.65889
104 54 14.1332
104 61 3.36668
104 66 2.12092
104 107 2.18046
104 110 4.17557
104 189 2
105 0 8.0109
105 29 10.9648
105 37 5.97873
105 93 10.4266
105 105 2.03109
105 125 13.5421
105 150 20.9281
105 154 29.3846
105 181 16.3293
106 0 25.303
106 46 34.8759
106 98 11.5636
106 105 8.09301
106 125 16.3038
106 140 3.0882
106 194 13.2452
106 195 4.05498
107 0 17.8839
107 10 10.7445
107 58 4.08047
107 72 11.0526
107 95 12.3023
107 126 27.2362
107 132 8.98582
107 134 14.4944
108 0 15.4727
108 23 19.4855
108 31 19.926
108 48 14.2518
108 52 17.7324
108 81 21.9223
108 82 27.5972
108 96 29.9784
108 131 5.91334
109 0 20.7732
109 54 17.1992
109 65 24.4775
109 67 34.8374
109 189 26.0137
109 197 7.90545
110 0 16.3581
110 32 2
110 52 22.1591
110 63 2.5856
110 83 12.1378
110 100 2
110 139 7.42611
110 141 22.556
110 149 5.04187
110 174 11.7689
110 189 4.06627
110 197 16.6095
111 0 18.9923
111 19 2
111 31 4.90613
111 59 15.8668
111 70 6.72743
111 74 21.9203
111 102 13.3577
111 115 4.85703
111 170 13.9283
112 0 11.8348
112 21 4.95579
112 31 15.492
112 65 13.3359
112 67 9.39365
112 97 3.44299
112 103 14.1772
112 125 7.36937
112 131 13.524
112 138 2
112 154 15.8449
113 0 12.9088
113 24 2
113 30 19.8178
113 131 24.8248
113 144 3.22434
113 153 7.06844
113 196 24.4901
113 197 14.0666
114 0 8.46625
114 10 7.19499
114 40 2
114 51 2
114 72 13.3168
114 100 14.6769
114 107 4.56535
114 131 23.7736
114 168 4.85638
115 0 4.25884
115 43 13.2916
115 47 4.59887
115 54 7.05272
115 72 26.0348
115 74 14.5444
115 115 5.76611
115 117 5.34235
115 174 2.73259
115 196 17.3594
116 0 16.6758
116 16 13.2128
116 43 12.0079
116 55 11.4808
116 72 5.29836
116 73 19.9534
116 117 7.35347
116 137 7.67188
116 147 13.7815
116 162 2.08389
117 0 11.3152
117 6 3.83759
117 32 18.8018
117 42 18.84
117 49 4.86326
117 72 9.51027
117 87 7.46009
117 93 4.8721
117 115 2
117 134 7.29171
117 136 2
117 139 16.7683
117 174 15.8742
118 0 20.8752
118 34 8.70284
118 49 16.0301
118 59 20.2155
118 61 2
118 115 11.2975
118 131 14.7492
118 144 14.2813
118 172 5.9366
118 183 28.7003
119 0 2.53606
119 5 7.65741
119 23 5.28025
119 43 23.7909
119 61 5.62019
119 115 3.15563
119 153 5.41898
119 156 19.3469
119 190 5.67709
120 0 25.1441
120 23 15.6838
120 59 9.85285
120 67 9.58727
120 97 20.9286
120 115 10.2912
120 138 4.45323
120 157 20.1413
120 158 5.92025
120 162 5.21768
120 171 3.10808
121 0 4.43605
121 30 3.33453
121 32 5.51129
121 47 2
121 74 3.26697
121 93 7.22169
121 96 20.8174
121 97 6.33888
121 124 16.3094
121 140 11.6292
121 170 15.1048
121 177 14.2938
122 0 4.32313
122 18 21.1351
122 46 14.1698
122 58 5.09654
122 74 12.8022
122 83 6.68862
122 93 11.8477
122 98 12.6745
122 99 6.40773
122 151 2.3567
122 153 10.6294
122 174 11.0679
123 0 20.0641
123 12 2
123 21 12.4136
123 24 11.696
123 45 2
123 51 6.38753
123 72 21.5642
123 106 11.1129
123 132 12.2953
123 135 2.80067
123 174 6.81589
124 0 11.5983
124 5 29.374
124 26 8.05159
124 32 23.2798
124 78 2.46907
124 138 13.2564
124 149 8.91506
124 150 23.1398
124 165 22.6651
125 0 12.9069
125 34 27.7648
125 72 7.78087
125 116 2
125 121 7.80906
125 131 17.9635
125 134 16.682
125 158 2
125 196 7.88511
126 0 18.6193
126 5 23.6702
126 21 26.8339
126 48 7.94778
126 66 28.5522
126 165 53.6207
127 0 16.1654
127 9 18.4604
127 31 6.73579
127 57 23.1516
127 95 24.5618
127 115 7.40852
127 174 3.32432
127 185 28.6904
128 0 3.16432
128 10 15.6811
128 18 14.1035
128 49 5.20126
128 75 2.02961
128 80 15.9917
128 107 6.79572
128 118 18.4339
128 131 2.04371
128 164 6.77922
128 165 6.95544
129 0 20.2664
129 12 13.4866
129 17 13.7386
129 32 5.78228
129 51 20.6887
129 58 15.6652
129 65 4.10045
129 74 2.88491
129 92 4.6197
129 98 9.89599
129 170 3.4143
129 180 16.329
130 0 12.5818
130 34 2
130 90 9.8777
130 131 26.9775
130 170 11.6298
130 199 14.9106
131 0 54.3108
131 68 38.9069
131 97 34.7398
131 125 13.0275
131 197 9.67807
132 0 14.0829
132 30 19.1519
132 32 24.8499
132 98 15.4266
132 109 5.51329
132 115 2
132 174 16.4428
132 189 4.55112
132 194 30.2936
133 0 27.927
133 14 7.8571
133 30 13.6388
133 31 9.524
133 82 2
133 83 13.2432
133 97 28.0972
133 109 9.78214
133 117 5.23977
133 144 8.36244
134 0 6.6398
134 39 30.3534
134 83 21.5494
134 98 14.5292
134 107 6.93583
134 140 7.51452
134 167 18.448
134 170 11.3596
135 0 18.7964
135 1 16.4292
135 16 8.47784
135 24 9.90587
135 31 15.7959
135 98 14.0169
135 107 13.2937
135 115 10.276
135 131 2
135 144 15.9827
135 155 13.4271
135 157 9.35164
135 190 6.17995
136 0 10.6098
136 3 6.28277
136 32 15.9488
136 46 2.95631
136 61 4.07134
136 109 15.4379
136 134 3.51217
136 138 11.1727
136 147 2.58926
136 180 11.5159
136 181 4.83023
137 0 10.3198
137 21 12.2086
137 49 35.819
137 67 2
137 111 14.9276
137 113 9.92062
137 115 2.06131
137 146 19.0899
137 183 18.897
137 187 6.37617
138 0 6.99627
138 4 10.8836
138 21 10.0952
138 48 5.78889
138 61 37.8509
138 72 10.4421
138 79 7.30653
138 115 21.9802
138 144 23.5563
139 0 19.9166
139 5 10.602
139 11 8.31473
139 32 7.89496
139 106 29.6672
139 110 3.29058
139 141 22.7331
139 150 7.57323
139 155 14.2192
139 160 5.51104
140 0 7.52086
140 11 5.5314
140 18 11.399
140 30 7.58525
140 31 15.8923
140 34 5.43716
140 39 2
140 48 8.14147
140 61 13.3212
140 86 7.68919
140 93 11.4568
140 110 2.897
140 111 5.87754
140 115 7.61244
140 117 2
140 154 8.20782
140 166 9.57625
141 0 24.355
141 31 5.95992
141 58 22.3253
141 78 7.86429
141 102 18.9763
141 119 16.0933
141 170 30.4
142 0 16.7038
142 10 11.4447
142 48 17.8251
142 52 2
142 54 20.6041
142 63 9.2963
142 93 8.82247
142 94 8.14234
142 117 19.6314
143 0 4.81667
143 61 37.1704
143 65 13.8376
143 83 13.7006
143 87 7.88501
143 123 9.23215
144 0 16.0667
144 52 2
144 58 16.8259
144 63 12.8371
144 97 4.81343
144 98 18.1312
144 99 9.59999
144 135 11.0123
144 165 17.7961
144 196 31.5729
145 0 5.33406
145 93 26.9226
145 101 4.13725
145 115 5.46495
145 133 14.6982
145 138 25.6132
145 170 4.06561
145 194 32.7755
146 0 20.306
146 28 13.8606
146 63 2
146 88 4.87573
146 102 16.8389
146 107 16.8227
146 121 2.74497
146 135 10.7324
146 162 3.7117
146 165 8.66507
147 0 22.5639
147 72 2.39422
147 93 14.0023
147 117 21.9998
147 138 17.5131
147 154 21.0381
147 165 5.51799
147 170 14.0952
147 186 24.0219
147 196 14.2919
148 0 47.948
148 99 44.5786
148 105 36.7389
148 138 13.9622
148 140 24.727
149 0 26.6012
149 23 10.2738
149 72 16.7892
149 101 4.61322
149 111 2
149 115 11.498
149 117 28.9958
149 183 10.3452
149 197 14.7529
150 0 9.70268
150 20 16.309
150 26 25.5362
150 28 8.56085
150 78 13.3612
150 196 17.0345
150 199 3.12788
151 0 20.2691
151 6 20.6285
151 27 7.89186
151 32 2.92271
151 34 12.6855
151 42 22.087
151 131 15.5957
151 140 21.2377
151 163 24.0916
151 185 13.769
152 0 8.35465
152 23 14.1934
152 36 6.88964
152 63 21.9699
152 65 14.2267
152 115 2.40392
152 135 2
152 189 3.48732
152 190 12.6312
152 196 22.3957
153 0 5.33906
153 43 19.3069
153 83 13.5154
153 87 3.65381
153 103 2
153 115 8.95422
153 117 5.85667
153 125 15.3051
153 139 19.6593
153 167 18.296
154 0 10.8105
154 24 19.377
154 25 6.62624
154 63 7.80696
154 78 24.3672
154 83 8.68317
154 146 2.77719
154 197 11.2826
155 0 18.0294
155 16 51.6742
155 64 37.5146
155 126 59.345
156 0 13.8279
156 18 2
156 32 4.51528
156 34 7.36997
156 109 24.6247
156 117 24.2903
156 119 5.26083
156 126 11.4315
156 149 9.93814
157 0 18.5409
157 14 15.8138
157 16 11.1317
157 28 5.57144
157 48 14.98
157 67 13.4086
157 103 3.8723
157 117 15.0506
157 131 7.8503
157 150 6.5796
157 196 13.5505
158 0 2.49413
158 16 20.2039
158 32 20.3719
158 49 26.6137
158 64 5.58126
158 79 10.8095
158 116 15.4045
158 131 23.9566
159 0 11.8733
159 115 15.1146
159 139 31.5575
159 170 6.47603
160 0 9.60207
160 48 2
160 61 15.9928
160 80 16.1566
160 87 13.9694
160 91 2.81712
160 98 12.4598
160 139 17.1503
160 140 2.13378
160 170 2.02469
160 187 2
160 196 14.8172
161 0 10.3717
161 32 13.8434
161 48 13.4365
161 65 10.5848
161 115 20.1832
161 117 3.96596
161 121 14.618
161 126 16.4835
161 195 4.02686
162 0 3.39652
162 57 31.0832
162 63 10.2858
162 65 9.94259
162 98 2.98306
162 131 3.11591
162 149 3.76694
162 164 12.5315
162 199 11.1328
163 0 23.1137
163 72 31.9765
163 83 13.9167
163 102 14.5354
163 109 9.90147
163 113 8.51179
163 160 22.7646
164 0 23.512
164 32 11.5874
164 54 28.7032
164 57 3.57134
164 74 5.61054
164 166 7.59076
164 177 5.53977
165 0 16.4772
165 12 2
165 17 2.26815
165 23 20.1302
165 43 5.94549
165 89 8.14068
165 94 3.07641
165 110 6.24471
165 144 16.7222
165 158 4.30653
165 164 10.6755
165 186 11.6487
165 196 13.6389
166 0 16.3926
166 15 12.184
166 48 2
166 65 19.5526
166 90 12.5641
166 99 4.24091
166 141 3.52559
166 189 8.56295
167 0 32.3554
167 20 20.6916
167 58 14.6967
167 59 11.8886
167 72 14.3675
167 117 22.3828
167 186 6.0882
167 199 35.6887
168 0 5.4746
168 12 4.09766
168 31 2
168 62 10.8146
168 74 16.9125
168 86 12.9625
168 107 7.95522
168 131 15.8732
168 138 8.00487
169 0 21.5619
169 23 44.0986
169 32 9.36558
169 65 40.1304
169 144 16.6593
169 155 8.80205
170 0 20.2506
170 21 30.8668
170 32 2.26445
170 58 26.8122
170 61 2.45429
170 150 14.07
170 183 7.51534
170 199 2
171 0 13.6013
171 65 5.01513
171 72 16.003
171 90 10.1758
171 136 32.1927
171 140 5.34996
171 170 8.89008
171 194 9.20694
172 0 13.3996
172 16 7.9009
172 46 24.2981
172 58 21.1883
172 109 16.6005
172 141 4.80118
172 181 19.8903
173 0 29.0074
173 33 26.2847
173 58 30.531
173 97 17.6554
173 108 4.36521
173 109 14.8615
173 177 2
174 0 9.81416
174 78 5.0782
174 113 7.59701
174 117 9.05433
174 147 21.1475
174 170 7.32875
174 174 10.6006
174 194 29.6189
175 0 2.82218
175 46 12.8619
175 105 20.1861
175 144 15.6069
175 158 40.9574
175 172 38.9541
175 197 4.18968
176 0 11.2823
176 10 12.8166
176 21 18.5749
176 40 23.8627
176 93 11.9426
176 124 3.16307
176 146 17.531
176 153 5.0544
176 181 21.9808
176 190 4.16047
177 0 16.8582
177 5 21.0848
177 61 27.2831
177 67 31.5563
177 131 21.993
177 132 20.1922
177 180 7.17725
178 0 8.99914
178 5 8.04792
178 31 3.64156
178 37 7.45622
178 103 29.0265
178 117 2.03193
178 138 20.048
178 170 2.0433
179 0 9.27948
179 21 8.52962
179 30 3.74185
179 32 10.1625
179 42 6.03745
179 49 7.89449
179 55 11.5606
179 103 3.78368
179 115 2
179 126 16.703
179 133 10.7736
179 141 13.542
179 190 7.55616
180 0 6.22414
180 27 10.0445
180 42 5.11516
180 67 17.4787
180 70 9.39835
180 80 3.94062
180 97 7.03076
180 99 31.6943
180 138 11.484
180 174 6.77343
180 195 9.2491
181 0 2
181 34 8.98658
181 97 12.5069
181 100 2
181 104 12.1245
181 140 3.08292
181 141 4.54752
181 177 10.4332
181 190 16.3539
182 0 2
182 12 2.90395
182 27 17.9961
182 42 6.07012
182 66 14.0637
182 67 2.92968
182 72 9.35954
182 83 4.90548
182 94 17.3984
182 139 13.9373
182 164 12.4115
182 166 14.2072
182 194 2.87579
183 0 31.7746
183 12 17.6869
183 34 35.5881
183 49 2.63641
183 78 20.4191
183 81 25.474
184 0 26.1763
184 21 11.9998
184 26 16.8621
184 32 2
184 45 10.9192
184 101 15.4461
184 131 5.11497
184 134 22.1032
184 141 11.7689
184 147 6.58783
185 0 8.47548
185 4 17.8301
185 52 7.55353
185 58 26.6753
185 99 7.69777
185 135 29.1797
185 196 19.9829
186 0 15.3375
186 54 2
186 61 12.2468
186 65 6.43294
186 67 10.8593
186 87 4.96148
186 102 21.6792
186 107 18.6487
186 117 9.62993
186 152 2.1204
186 158 7.52776
187 0 7.38609
187 42 12.3469
187 138 29.2051
187 144 38.085
187 158 40.1589
188 0 9.79411
188 25 12.5796
188 59 2
188 83 12.125
188 97 16.4949
188 99 3.93601
188 115 10.1624
188 144 22.0813
188 189 16.6813
189 0 37.9598
189 58 8.80041
189 109 21.1897
189 115 22.3782
189 121 7.91301
189 150 6.67784
190 0 8.97143
190 24 17.7766
190 59 8.43882
190 65 8.89375
190 75 5.98719
190 97 2
190 131 18.2149
190 133 2.09432
190 140 5.57521
190 146 6.91941
190 165 14.8618
190 190 8.967
191 0 7.66819
191 94 23.0194
191 140 22.9424
191 165 19.346
191 196 4.0307
192 0 2
192 9 4.28979
192 18 12.3676
192 20 10.0303
192 30 15.8417
192 65 10.44
192 66 8.82278
192 82 10.0718
192 97 4.96619
192 102 6.99026
192 106 10.8316
192 124 12.0818
192 131 7.94339
192 134 7.85376
192 136 5.21238
192 149 5.48185
192 154 4.95521
192 162 4.69518
192 196 2
193 0 19.1979
193 10 18.9472
193 16 12.6034
193 34 10.9524
193 81 15.1387
193 99 17.9668
193 106 10.3268
193 115 2.02701
193 138 8.08993
193 158 12.2872
193 194 13.1571
194 0 6.12214
194 10 6.46476
194 39 8.83109
194 49 3.80832
194 64 10.6769
194 74 3.55077
194 93 9.59009
194 97 4.78493
194 98 4.31555
194 102 7.50786
194 107 9.38364
194 138 7.466
194 140 5.15671
194 144 10.1035
194 194 15.468
195 0 20.7032
195 61 11.2405
195 65 18.708
195 72 19.2652
195 90 9.91178
195 97 9.32084
195 102 14.5695
195 113 2.39889
195 143 19.8987
195 177 16.8899
196 0 7.32065
196 4 11.4118
196 17 7.0382
196 32 14.0239
196 44 6.09865
196 54 7.65267
196 64 13.3245
196 67 12.1306
196 108 4.93071
196 197 14.7603
197 0 2
197 21 2.9387
197 32 6.11595
197 48 8.35846
197 72 5.93245
197 98 24.6901
197 99 21.3081
197 177 18.9924
197 190 5.75014
198 0 5.87021
198 34 31.7211
198 64 6.84049
198 67 4.19576
198 115 14.3294
198 121 16.6409
198 135 32.4258
198 146 2.96151
198 190 9.92378
199 0 25.7318
199 34 2.16884
199 45 2.04041
199 57 4.85599
199 72 3.0866
199 107 22.4829
199 126 2.85005
199 135 7.49242
199 146 13.6994
199 197 18.1974
