200 200 1600
1
1
1
1
1
1
1
1
1
1
1
1
1
1
1
1
1
1
1
1
1
1
1
1
1
1
1
1
1
1
1
1
1
1
1
1
1
1
1
1
1
1
1
1
1
1
1
1
1
1
1
1
1
1
1
1
1
1
1
1
1
1
1
1
1
1
1
1
1
1
1
1
1
1
1
1
1
1
1
1
1
1
1
1
1
1
1
1
1
1
1
1
1
1
1
1
1
1
1
1
1
1
1
1
1
1
1
1
1
1
1
1
1
1
1
1
1
1
1
1
1
1
1
1
1
1
1
1
1
1
1
1
1
1
1
1
1
1
1
1
1
1
1
1
1
1
1
1
1
1
1
1
1
1
1
1
1
1
1
1
1
1
1
1
1
1
1
1
1
1
1
1
1
1
1
1
1
1
1
1
1
1
1
1
1
1
1
1
1
1
1
1
1
1
1
1
1
1
1
1
0 0 10.8272
0 5 5.57872
0 21 23.4845
0 72 9.39554
0 168 2.45616
0 171 10.8449
0 175 4.40804
0 180 21.6353
0 185 19.8396
0 196 18.4357
1 0 2.11454
1 22 39.3345
1 81 44.7239
1 88 41.6161
1 161 36.0383
2 0 52.9036
2 24 39.353
2 80 38.8234
2 181 32.3291
2 196 20.2716
3 0 37.356
3 11 40.8034
3 14 21.0867
3 47 3.72863
3 125 25.906
3 135 27.5418
3 140 5.41544
4 0 2
4 50 2
4 55 5.02912
4 62 2.44605
4 113 25.2655
4 138 2
4 140 11.1786
4 141 4.18472
4 162 2.50026
4 168 2.93004
4 185 2
4 191 4.47057
5 0 10.9347
5 10 11.4989
5 21 2.14061
5 41 11.144
5 99 9.96234
5 115 15.2161
5 118 2.86203
5 122 13.3201
5 158 12.3511
5 180 18.3861
6 0 20.9358
6 35 9.02942
6 72 2
6 78 12.0933
6 87 8.29149
6 113 9.11688
6 115 4.86147
6 150 2.19214
6 152 5.9345
6 168 13.6701
6 180 2
7 0 14.5451
7 36 8.59893
7 44 6.97997
7 87 2
7 89 10.5507
7 115 14.133
7 117 4.18718
7 140 4.35471
7 144 9.46033
7 153 14.4232
7 176 5.19231
7 191 2
8 0 21.7749
8 7 6.32402
8 34 4.41265
8 38 39.4635
8 42 19.0528
8 75 2
8 117 14.5081
9 0 7.8644
9 4 7.10022
9 17 17.9217
9 22 9.87842
9 29 2
9 61 2
9 113 16.6556
9 134 6.90359
9 139 2.63892
9 148 17.6047
9 152 7.41883
9 154 4.74511
9 155 8.14331
9 168 12.1235
9 173 2
10 0 26.6777
10 2 12.8687
10 10 15.9078
10 85 16.4508
10 87 19.0571
10 135 25.9297
10 140 16.2168
10 168 16.5328
10 192 20.9696
11 0 8.97917
11 5 2
11 21 8.47819
11 28 14.1666
11 29 10.2973
11 90 14.2868
11 117 5.91417
11 142 3.76894
11 147 2.39946
11 148 5.60632
11 152 6.33499
11 168 2.07817
11 172 10.2507
12 0 15.9607
12 35 11.3864
12 38 15.1041
12 41 13.9744
12 42 9.17728
12 95 12.4432
12 99 4.68633
12 160 20.5555
12 199 9.02752
13 0 3.50078
13 21 21.7724
13 23 34.8192
13 72 3.11143
13 78 13.9495
13 138 2.10478
13 143 9.35934
13 174 7.62255
14 0 11.5842
14 5 7.39316
14 31 20.8847
14 81 2
14 94 15.1047
14 116 9.61348
14 120 5.59356
14 123 12.7308
14 143 15.7128
14 162 15.3634
14 173 3.12205
14 181 10.3128
15 0 2.09217
15 41 18.1486
15 87 33.989
15 95 13.956
15 97 5.29538
15 144 19.5525
15 180 12.1742
16 0 14.6262
16 8 13.5932
16 73 4.97363
16 88 9.95592
16 137 8.73789
16 139 15.5196
16 144 5.53416
16 185 4.10748
16 191 14.0838
16 192 15.2703
17 0 26.4291
17 28 15.4119
17 115 2
17 154 10.5568
17 182 54.8827
18 0 5.41704
18 68 2
18 94 9.77431
18 115 11.0352
18 116 22.2439
18 118 13.4046
18 121 5.93229
18 140 11.1933
18 165 2
18 168 17.0883
18 188 10.2151
18 190 2
19 0 2.95676
19 9 18.7985
19 52 52.4926
19 104 25.6316
19 126 6.03662
19 146 23.2387
20 0 32.3615
20 12 17.9533
20 23 25.4023
20 86 9.54185
20 109 2
20 138 18.4015
20 171 2
20 173 13.3176
20 193 6.3324
21 0 17.2258
21 31 6.42946
21 52 17.762
21 71 3.88278
21 72 29.4895
21 91 4.46107
21 116 24.5994
21 185 27.8796
22 0 6.32209
22 2 22.6385
22 10 2
22 16 2
22 21 6.9813
22 68 16.5407
22 87 2
22 127 12.0532
22 141 3.36508
22 143 2
23 0 23.1196
23 4 7.6307
23 18 11.3764
23 22 7.70254
23 39 2
23 41 13.1417
23 68 15.3194
23 89 14.7329
23 99 2.53341
23 172 6.02869
23 173 12.3513
24 0 40.2321
24 118 4.50781
24 148 18.6441
24 180 26.6068
24 185 7.12172
25 0 15.1411
25 127 31.7594
25 138 26.0774
25 139 19.667
25 143 19.2521
25 168 6.70385
25 180 8.93534
26 0 197.051
26 191 232.427
27 0 2.02612
27 23 10.1621
27 40 10.439
27 78 6.21407
27 96 11.7571
27 99 9.5522
27 104 2
27 124 3.67324
27 135 10.1102
27 139 2.0285
27 140 13.5845
27 173 3.92688
28 0 8.21941
28 21 2.10482
28 22 19.1417
28 23 15.6649
28 52 4.82422
28 53 2
28 113 11.9559
28 120 9.93594
28 165 5.24059
28 168 9.8416
28 178 19.7648
28 191 8.66456
29 0 10.912
29 24 25.0652
29 44 2.36136
29 88 14.0241
29 134 24.1554
29 151 33.0651
29 177 29.7566
29 185 27.8469
30 0 18.4778
30 27 2.35524
30 36 4.66884
30 68 22.8828
30 109 26.1611
30 117 30.7538
30 133 24.6532
30 168 14.9686
30 174 2
31 0 11.308
31 8 5.59484
31 9 6.15942
31 48 6.99394
31 78 6.43271
31 79 6.10673
31 86 13.5081
31 112 5.57112
31 116 13.2137
31 120 18.5126
31 192 22.0046
32 0 21.6217
32 4 4.33614
32 15 7.45029
32 50 10.1213
32 60 5.16566
32 109 13.3542
32 115 5.13976
32 123 8.87063
32 143 16.6977
32 185 2.79456
33 0 11.1392
33 4 15.4682
33 71 9.93664
33 88 14.6817
33 119 17.8854
33 126 5.29585
33 128 16.4999
33 174 19.7867
34 0 11.432
34 31 12.5098
34 36 2.68825
34 41 14.5355
34 81 9.43103
34 102 7.50808
34 139 15.4939
34 153 16.2399
34 154 8.33406
34 173 6.90933
34 181 2.89457
34 192 6.33199
34 195 11.3901
35 0 11.7542
35 41 7.68348
35 89 41.698
35 116 8.29912
35 135 12.2461
36 0 38.3936
36 89 53.35
36 133 33.8794
36 159 3.5588
36 168 11.916
37 0 18.4574
37 12 18.6894
37 23 9.5619
37 117 14.8789
37 127 6.75698
37 135 2.62388
37 141 12.7195
37 180 13.9008
37 182 29.8041
38 0 17.706
38 8 4.13675
38 20 2.1596
38 52 5.65221
38 73 25.0295
38 78 11.6304
38 81 10.5688
38 104 20.3206
38 110 7.26071
38 143 18.7577
38 185 7.73816
39 0 12.0343
39 8 2
39 9 14.4401
39 21 9.37152
39 38 16.0399
39 86 10.749
39 113 10.6636
39 130 9.01203
39 168 13.2945
39 173 12.6756
39 174 13.7427
39 180 11.8867
40 0 7.55438
40 8 7.79415
40 12 10.4699
40 41 14.3774
40 91 24.561
40 135 33.5408
40 139 8.79138
40 168 4.48951
40 180 13.843
40 181 14.0923
40 192 7.32979
41 0 9.91527
41 21 20.6229
41 55 3.59129
41 116 17.2357
41 146 19.9347
41 171 26.2828
41 177 20.0638
41 196 24.2526
42 0 6.39526
42 12 17.2445
42 33 13.0371
42 55 11.9296
42 57 3.97293
42 120 2
42 147 2.16692
42 168 6.38092
42 191 2
42 192 3.47916
43 0 19.741
43 22 8.28741
43 38 14.3446
43 52 16.479
43 60 2.90861
43 68 5.73617
43 139 3.92501
43 154 26.3134
43 182 23.4756
44 0 23.4995
44 35 18.481
44 59 9.77313
44 75 29.7715
44 120 23.9609
44 187 28.9185
44 191 33.5175
45 0 24.667
45 35 23.2678
45 39 19.0668
45 42 22.0661
45 143 20.8332
45 160 8.23011
45 178 31.4656
46 0 9.37538
46 12 17.8106
46 24 11.6735
46 29 10.1482
46 116 10.8336
46 118 3.93775
46 120 17.4164
46 123 2.31254
46 139 3.08435
46 153 11.0079
46 155 10.4701
46 174 7.72933
46 192 10.8663
47 0 16.5224
47 29 13.078
47 80 11.9898
47 84 13.0302
47 116 28.8418
48 0 7.2974
48 29 10.3583
48 71 2
48 126 16.1409
48 144 39.2904
48 173 16.8099
48 191 5.2854
49 0 11.2102
49 4 9.23352
49 5 13.4019
49 21 16.8908
49 28 12.74
49 59 2
49 72 10.6484
49 90 6.51313
49 95 4.3877
49 139 17.5163
49 150 17.3443
49 157 10.3348
49 171 9.91165
49 173 7.58363
50 0 2.1805
50 6 6.15894
50 25 12.2889
50 32 7.61637
50 39 9.50659
50 44 6.05346
50 113 7.07725
50 125 9.15907
50 183 13.0957
51 0 15.5538
51 22 20.0492
51 113 13.5089
51 144 7.7974
51 151 16.8862
51 154 6.86767
51 177 23.527
52 0 14.6612
52 4 2.99189
52 28 15.594
52 67 2
52 87 12.8157
52 95 3.54969
52 115 2
52 120 15.5122
52 127 5.58764
52 144 3.72089
52 173 16.1848
52 176 9.61585
53 0 4.67144
53 2 14.7634
53 26 13.2884
53 29 3.16207
53 72 13.2122
53 75 2
53 94 22.161
53 103 4.82393
53 115 3.85603
53 117 13.3724
53 174 8.06911
54 0 15.0301
54 4 15.731
54 8 13.0631
54 41 13.47
54 55 17.3671
54 72 11.5895
54 88 17.0319
54 109 2.766
54 112 11.0268
54 120 13.0977
54 143 9.26022
54 154 7.48056
55 0 13.214
55 60 17.0888
55 72 6.59792
55 94 21.5345
55 104 4.65955
55 117 2
55 130 11.3035
55 148 9.56096
55 185 26.3902
56 0 14.6256
56 9 40.3886
56 84 8.81485
56 88 2.97571
56 109 16.2038
56 173 11.6594
57 0 16.0394
57 22 23.5211
57 29 18.4885
57 52 17.4666
57 143 5.91462
57 146 3.26726
57 157 3.09387
57 178 29.6003
58 0 4.26031
58 11 22.2265
58 72 19.7743
58 80 11.1596
58 116 31.899
58 141 46.4738
58 176 29.7298
59 0 33.1809
59 9 15.2144
59 21 21.4547
59 139 26.8898
59 157 28.8879
59 163 17.3959
60 0 25.6795
60 21 59.1325
60 32 4.27526
61 0 34.8475
61 4 5.55037
61 52 16.9026
61 68 17.8662
61 81 15.7612
61 82 3.18973
61 117 8.83844
61 134 24.8038
61 191 2.64883
62 0 14.5674
62 38 6.50732
62 47 17.7086
62 78 5.05701
62 80 2
62 116 17.8774
62 139 14.8474
62 143 15.7665
62 168 15.6397
62 191 15.799
63 0 19.6858
63 70 19.9971
63 127 24.1863
63 139 16.8033
63 143 17.7184
63 163 23.0224
63 168 10.2397
63 191 27.8713
64 0 7.14699
64 6 12.5317
64 8 19.1578
64 22 4.59418
64 35 11.5226
64 91 18.6622
64 161 7.81769
64 180 5.5086
64 192 15.4088
65 0 32.7128
65 9 26.4132
65 14 22.5227
65 134 21.5422
65 150 19.5184
65 151 2
65 191 19.6179
66 0 2.16995
66 2 2
66 8 20.0666
66 9 8.40401
66 12 2.02682
66 15 2.69819
66 22 16.5764
66 81 4.42395
66 122 16.2175
66 157 9.95662
67 0 31.2373
67 22 4.38033
67 73 6.29927
67 109 8.14855
67 120 18.0968
67 151 3.85846
67 153 11.2614
68 0 8.99979
68 29 17.0915
68 53 20.8974
68 71 15.8865
68 89 3.11199
68 112 22.2803
68 143 9.38828
68 154 7.74107
68 172 2
68 192 10.0503
69 0 9.62129
69 8 2
69 14 15.788
69 23 4.0421
69 29 2
69 33 2.67174
69 55 11.0455
69 138 19.7142
69 142 2
69 148 19.4356
69 168 3.55199
69 180 8.14011
70 0 14.0074
70 1 5.18432
70 9 9.93419
70 32 2
70 75 2
70 80 2.01117
70 101 10.8951
70 113 10.9578
70 116 8.56042
70 120 15.2485
70 143 11.3185
70 162 6.62584
70 168 6.95767
70 171 3.99411
70 187 3.15306
71 0 6.51614
71 5 28.8729
71 8 18.9362
71 38 33.6346
71 45 19.9887
71 139 25.0134
71 143 9.34807
71 151 12.3608
71 162 3.05616
72 0 21.1815
72 8 17.9375
72 27 4.01125
72 72 3.43653
72 117 12.5425
72 138 3.2309
72 140 2.10235
72 161 8.56384
72 174 3.89645
73 0 5.10528
73 4 7.7863
73 9 8.71937
73 47 20.3283
73 60 2
73 68 14.5561
73 71 11.9844
73 82 17.4561
73 143 2
73 148 18.75
73 157 2
73 181 2.14378
74 0 14.0056
74 4 8.98535
74 52 10.7283
74 88 2.28633
74 107 13.4061
74 116 9.42689
74 127 19.0531
74 142 7.5477
74 143 2
74 178 2
74 187 15.4893
75 0 30.8795
75 52 34.5772
75 84 33.3901
75 132 10.6623
75 133 8.23182
75 166 42.7229
75 173 23.0257
76 0 13.1928
76 35 3.92249
76 41 8.20318
76 78 5.72745
76 89 12.2003
76 110 10.2236
76 111 25.369
76 144 8.4714
76 178 7.8321
76 180 10.7933
76 181 6.89516
77 0 12.4778
77 29 2
77 33 16.5953
77 52 2
77 55 2
77 60 18.0575
77 80 8.14445
77 103 14.1737
77 145 10.5684
77 146 15.6907
77 151 2
78 0 11.2402
78 21 16.0919
78 51 2
78 89 2
78 116 16.4989
78 135 10.5503
78 143 2
78 155 11.3536
78 160 13.5768
78 168 13.7922
78 171 7.61996
79 0 9.46599
79 53 4.25668
79 94 23.4545
79 112 26.2303
79 118 27.4552
79 120 5.45866
79 182 9.07421
80 0 8.108
80 22 12.7122
80 26 19.8269
80 35 2
80 39 8.02054
80 47 4.79199
80 49 5.78318
80 84 19.5951
80 115 9.92926
80 118 11.9287
80 125 15.4297
80 149 4.73464
80 175 2
81 0 34.5028
81 127 2.80657
81 145 33.2761
81 171 24.6599
81 173 5.22044
81 178 13.9085
82 0 22.6317
82 12 7.02818
82 22 24.6953
82 30 10.5732
82 61 5.21712
82 68 6.99348
82 75 13.8473
82 139 16.4051
82 162 14.5679
83 0 4.25464
83 22 15.4885
83 52 7.52097
83 71 3.18795
83 135 16.4132
83 140 29.8112
83 152 7.31429
83 178 21.1792
83 190 2.16127
84 0 20.2148
84 26 16.4681
84 35 14.3706
84 52 7.31394
84 141 2.88716
84 172 28.6893
84 180 40.3023
85 0 15.5572
85 28 6.88801
85 30 29.8717
85 135 4.77072
85 143 2.93482
85 178 16.15
85 180 16.5667
85 187 8.43014
86 0 6.98324
86 12 8.99062
86 22 9.91148
86 31 7.50233
86 38 2.98942
86 39 17.4332
86 41 11.0434
86 72 11.7318
86 117 20.2809
86 135 14.6348
86 158 12.7157
86 177 13.3733
86 182 5.14536
87 0 13.8701
87 15 12.6032
87 38 5.6763
87 39 3.92337
87 52 4.42618
87 86 7.83266
87 145 10.7226
87 146 8.85531
87 182 5.08925
88 0 2
88 15 11.2305
88 27 2.43178
88 30 12.4009
88 39 9.22081
88 52 2
88 87 8.16687
88 100 8.3292
88 103 5.81134
88 120 6.52692
88 126 9.47532
88 138 10.1879
88 143 2.07855
88 144 3.76996
88 153 2
88 196 2
89 0 5.56009
89 8 2.26091
89 9 2
89 22 6.99119
89 29 14.4037
89 61 14.7077
89 99 2.51621
89 118 9.87216
89 146 2.61622
89 162 2
89 178 8.6309
89 180 2
90 0 19.5462
90 22 12.391
90 29 2
90 30 19.2713
90 39 5.55121
90 51 15.2024
90 60 2
90 61 2.14688
90 121 2
90 154 7.78362
90 196 8.12422
91 0 2
91 33 15.0201
91 75 22.6699
91 115 20.0386
91 116 10.4581
91 117 26.6405
91 118 16.8303
91 173 21.64
92 0 16.1632
92 24 14.901
92 58 8.71699
92 78 14.3519
92 89 19.7475
92 109 4.75834
92 120 3.88339
92 141 8.15241
92 168 20.0695
92 185 3.84434
93 0 2
93 8 10.2443
93 31 10.7626
93 107 20.2138
93 109 10.3621
93 120 10.1041
93 135 17.6614
93 139 20.3427
93 177 2
93 192 7.63822
94 0 10.905
94 59 39.4664
94 88 42.5873
94 115 2
94 171 26.5437
94 177 41.1786
94 191 21.9593
95 0 21.774
95 21 3.01037
95 71 18.7742
95 84 24.2869
95 168 4.20517
95 180 16.2361
95 185 22.4996
96 0 39.5354
96 11 52.8581
96 113 36.6148
96 138 16.6129
97 0 28.0901
97 135 31.6107
97 173 33.9936
97 176 43.7454
98 0 3.04758
98 12 5.70103
98 42 11.4262
98 68 14.7926
98 75 5.30542
98 88 9.55601
98 100 11.2786
98 105 8.62668
98 113 11.4532
98 116 3.40935
98 139 12.8254
98 162 10.4528
98 166 16.4802
98 196 16.2605
99 0 22.4161
99 10 4.90857
99 22 17.0157
99 116 6.75053
99 118 16.3005
99 120 18.5796
99 123 17.3071
99 137 15.3324
99 139 9.6519
99 181 7.45136
100 0 6.04463
100 39 10.7865
100 70 3.42501
100 72 8.82129
100 125 8.50995
100 134 7.49973
100 136 11.0313
100 143 11.8272
100 150 2
101 0 17.2506
101 9 2
101 10 11.6735
101 25 20.5741
101 38 15.1555
101 55 2
101 101 5.11084
101 116 5.86984
101 154 18.9685
101 168 9.50711
101 178 2.39955
101 182 2.12066
102 0 7.95364
102 31 27.6656
102 44 12.9665
102 55 39.7364
102 101 4.00645
103 0 12.1968
103 86 13.1482
103 91 23.7942
103 107 13.0644
103 143 21.6016
103 192 32.5578
104 0 5.47409
104 33 6.31126
104 52 14.7674
104 126 10.26
104 139 7.14671
104 144 36.6759
104 162 22.4726
104 193 10.2258
105 0 11.905
105 5 40.4661
105 11 11.9352
105 38 14.9333
105 172 35.0274
106 0 19.6931
106 8 5.87732
106 14 26.0209
106 19 15.7281
106 22 7.9308
106 26 7.41655
106 42 7.05656
106 44 20.783
106 87 15.193
106 135 16.7327
107 0 16.5911
107 1 3.4773
107 2 5.10053
107 21 8.2975
107 29 9.42817
107 52 4.13621
107 67 11.6422
107 88 8.78012
107 122 12.3508
107 143 7.93351
107 144 16.5465
107 173 11.4659
107 182 4.02201
108 0 2
108 22 5.80254
108 23 3.72238
108 38 6.18902
108 52 9.01129
108 143 20.4817
108 148 9.14001
108 162 5.46764
108 173 6.40713
108 178 11.463
109 0 11.7455
109 22 9.49499
109 31 18.4264
109 71 17.244
109 87 4.87155
109 137 2
109 181 22.9878
109 185 5.14236
110 0 15.5542
110 29 23.1136
110 31 14.8265
110 88 4.5863
110 125 8.58917
110 177 5.28471
110 180 3.64895
110 184 20.4404
111 0 20.8867
111 1 15.1486
111 57 24.272
111 120 26.6861
111 143 32.3682
111 196 30.8388
112 0 16.6855
112 22 12.4404
112 28 37.995
112 30 24.6004
112 109 9.67706
112 115 35.8458
113 0 34.8915
113 33 27.2157
113 59 2
113 78 15.654
113 88 32.3544
113 120 43.3879
114 0 4.22545
114 5 20.764
114 21 5.14511
114 29 12.6345
114 41 3.63956
114 69 6.89267
114 162 16.1589
114 178 4.03426
114 180 11.3782
115 0 8.11738
115 5 31.5481
115 55 21.0906
115 61 26.0156
115 162 25.043
115 163 2.56035
115 164 2.97539
115 180 10.6857
116 0 6.4239
116 4 2
116 5 18.7807
116 18 6.16011
116 51 23.9289
116 71 23.687
116 75 16.7332
116 133 9.40474
116 135 6.43527
116 171 11.4903
116 180 2.99631
117 0 18.925
117 23 4.45873
117 42 9.55405
117 48 8.98688
117 52 5.88812
117 60 8.9098
117 79 4.47976
117 81 9.73315
117 87 2
117 115 4.65681
117 133 11.2331
117 167 6.7527
117 176 12.449
117 181 8.13278
118 0 23.9287
118 21 7.68621
118 30 5.73115
118 31 2
118 115 7.44249
118 127 27.2184
118 139 27.2888
118 180 25.3247
119 0 14.1521
119 27 23.4297
119 104 11.775
119 115 16.2928
119 116 2
119 134 24.6994
119 138 9.8623
119 153 10.995
119 162 19.8181
120 0 12.0481
120 9 9.44252
120 22 15.9897
120 104 3.4221
120 112 32.3268
120 120 2
120 133 2
120 173 17.9124
120 180 5.1763
121 0 40.6948
121 47 16.7243
121 52 17.5877
121 99 7.73734
121 100 48.8085
121 156 24.1535
121 168 6.6619
122 0 14.964
122 29 38.826
122 31 11.783
122 162 21.3133
122 181 9.8949
123 0 20.7389
123 34 42.8223
123 78 4.40195
123 127 35.5154
123 135 43.7815
124 0 38.8152
124 2 3.45513
124 31 6.19959
124 34 2.30409
124 44 26.3317
124 55 19.4207
124 109 5.36491
124 146 37.0612
125 0 10.975
125 9 2.22884
125 78 8.44021
125 90 7.87587
125 116 37.4929
125 122 11.8057
125 139 10.7678
125 150 6.46601
125 174 3.84675
125 176 20.128
126 0 3.53409
126 37 5.66976
126 48 10.407
126 52 8.95119
126 95 2
126 99 14.8382
126 116 12.29
126 120 15.233
126 126 2
126 139 10.7549
126 143 7.89691
126 151 7.13049
126 178 11.5226
126 180 8.71499
127 0 32.3552
127 39 2
127 120 21.4501
127 139 45.0164
127 174 13.6723
128 0 4.06433
128 22 13.7919
128 38 25.4881
128 52 15.2382
128 75 2.43462
128 77 2
128 78 5.3346
128 112 7.21878
128 120 9.40151
128 123 16.4302
128 173 2
129 0 5.39423
129 28 39.0494
129 52 2
129 83 13.8691
129 178 23.2595
130 0 3.39538
130 30 19.3036
130 31 6.81525
130 127 4.87844
130 134 13.6605
130 139 10.3084
130 141 8.58257
130 156 8.65845
130 160 10.6863
130 168 20.1328
130 178 2
130 191 12.0391
131 0 17.1424
131 8 8.28442
131 10 9.40406
131 22 14.3493
131 26 12.0368
131 27 9.2863
131 41 12.618
131 115 2.79131
131 120 7.94866
131 135 11.0923
131 173 8.30895
131 185 17.2409
132 0 12.291
132 4 8.19386
132 44 19.5325
132 59 16.1937
132 61 13.6309
132 90 8.02763
132 142 21.8645
132 143 10.247
132 172 5.55727
132 190 2
133 0 20.7645
133 2 9.10338
133 22 19.4499
133 66 9.71345
133 88 5.95577
133 98 13.6731
133 120 8.34351
133 134 22.7288
133 148 10.2128
133 185 4.13346
133 192 11.1889
134 0 16.2565
134 27 4.16581
134 28 5.55218
134 30 8.57768
134 52 3.19117
134 68 17.1431
134 69 7.1843
134 72 4.42939
134 91 14.8016
134 104 3.28253
134 116 2.86808
134 121 6.35916
134 160 10.6639
134 180 8.921
135 0 20.7464
135 5 14.8595
135 47 4.85662
135 78 12.4156
135 88 2.49409
135 90 14.5258
135 103 4.89248
135 137 4.33342
136 0 9.2116
136 18 7.8349
136 36 2.98303
136 45 9.27225
136 65 3.36107
136 87 14.2273
136 113 8.51303
136 116 3.77204
136 140 14.1169
136 142 6.88917
136 150 2.06561
137 0 14.5699
137 30 2
137 52 6.98462
137 66 7.30448
137 78 19.9786
137 81 10.0411
137 87 17.5254
137 143 10.3689
137 174 8.37551
137 191 13.1938
138 0 19.8536
138 70 10.3762
138 75 26.9831
138 104 8.43525
138 114 35.315
138 177 20.9007
139 0 8.04458
139 44 31.4489
139 57 21.9897
139 81 2
139 143 14.9396
139 160 20.2119
139 181 25.4734
140 0 4.00145
140 9 5.90415
140 42 2.16287
140 55 18.4963
140 83 2
140 99 9.47036
140 110 21.6759
140 115 9.65327
140 162 23.1945
140 168 16.7513
141 0 86.05
141 86 12.6642
141 178 33.1345
142 0 19.0184
142 9 12.808
142 24 10.9484
142 39 10.1926
142 61 21.2291
142 149 14.4607
142 162 6.22283
142 164 3.34258
142 178 16.8368
143 0 2
144 0 15.3282
144 4 2
144 55 3.87398
144 61 16.545
144 68 11.9987
144 110 10.5249
144 143 8.78925
144 146 2.12198
144 155 10.2282
145 0 12.3223
145 10 9.99241
145 31 3.2579
145 59 20.6762
145 65 19.1848
145 80 21.8563
145 133 9.59039
145 155 7.53461
145 156 11.3712
145 168 18.6445
145 180 22.6726
145 185 4.88625
146 0 10.1159
146 11 11.7408
146 53 12.8992
146 88 17.3028
146 120 4.79659
146 122 19.8174
146 155 3.27467
146 180 10.9641
146 193 29.5276
146 198 33.1106
147 0 2
147 15 18.6896
147 53 2
147 81 13.1737
147 138 5.32772
147 160 10.9288
147 164 8.30845
147 168 12.0149
147 173 11.5194
148 0 30.6615
148 38 30.1018
148 53 28.818
148 87 13.9099
148 119 4.37941
148 182 28.8476
149 0 3.33283
149 4 2
149 35 10.2988
149 36 17.9458
149 48 14.8865
149 116 8.88254
149 120 8.6522
149 162 12.5345
149 164 3.62671
149 175 16.5386
149 181 12.4389
149 188 2
150 0 15.0087
150 34 20.5817
150 36 6.80447
150 50 15.7178
150 84 8.32936
150 137 16.7146
150 148 7.09222
150 162 11.206
150 168 4.04791
150 173 2
151 0 3.54042
151 20 21.9022
151 52 16.5794
151 56 8.5455
151 61 12.7003
151 107 23.0104
151 116 11.5235
151 134 24.8175
151 160 2
151 180 28.4582
152 0 13.0767
152 138 13.4157
152 162 21.6209
152 181 74.7815
153 0 15.2368
153 46 8.41067
153 48 25.1253
153 78 20.8154
153 116 8.35818
153 138 5.54969
153 160 12.3745
154 0 30.4677
154 52 14.3342
154 67 19.4764
154 113 4.4954
154 116 18.0071
154 127 18.8668
154 156 18.7066
154 178 22.5092
154 192 9.47243
155 0 17.7951
155 9 2
155 27 2
155 39 21.7144
155 115 3.09702
155 162 7.85398
155 172 10.7626
156 0 9.56642
156 9 4.95951
156 52 9.86784
156 109 5.93367
156 133 42.9684
156 187 26.3039
156 199 13.9857
157 0 16.1934
157 4 24.1872
157 9 24.965
157 29 11.3047
157 35 5.19298
157 68 10.7912
157 83 7.69882
157 112 9.5304
157 119 6.12614
157 155 13.7124
158 0 28.6198
158 139 30.1479
158 141 24.0834
158 147 33.824
158 189 2.26555
159 0 4.16074
159 20 28.7729
159 39 6.87002
159 55 3.33998
159 59 14.7722
159 60 21.6184
159 121 2
159 146 26.5939
159 162 5.86231
159 166 25.6257
160 0 20.514
160 2 24.4871
160 12 9.95203
160 57 20.9041
160 109 21.6008
160 115 12.8697
160 153 32.2065
160 182 2.14017
160 191 5.90578
161 0 16.117
161 4 15.3089
161 5 33.1135
161 138 25.7221
161 146 62.7694
162 0 3.33299
162 21 39.8786
162 35 14.1901
162 75 5.87917
162 137 5.43482
162 143 24.6656
162 185 6.81459
163 0 17.5107
163 41 13.0558
163 87 9.20901
163 116 2
163 122 23.0098
163 125 11.2839
163 148 5.04754
164 0 14.7444
164 12 25.8768
164 59 54.6265
164 78 8.58769
164 137 14.0634
165 0 33.7882
165 8 2.84982
165 34 23.5483
165 172 9.89763
165 174 9.70974
165 196 23.9857
166 0 11.1555
166 31 2
166 75 2.88114
166 84 11.3141
166 86 6.68059
166 107 5.76185
166 135 2.42815
166 145 2
166 168 6.6567
166 173 5.21164
166 177 24.0891
167 0 15.4826
167 22 7.44001
167 27 4.60726
167 35 5.62344
167 66 3.80738
167 68 10.6353
167 83 3.48801
167 86 4.46057
167 94 10.0786
167 119 13.5586
167 133 8.90426
167 135 4.60481
167 138 8.65022
167 171 3.10367
167 180 3.81762
168 0 34.6714
168 22 28.0482
168 27 10.1416
168 52 5.82567
168 123 30.2083
168 135 2
168 179 18.5869
169 0 2
169 24 4.77156
169 32 4.13189
169 61 16.4036
169 72 22.7432
169 88 9.69425
169 100 5.45854
169 106 14.9991
169 116 12.4779
169 191 2
169 192 13.5563
170 0 2
170 9 22.7686
170 31 11.1496
170 42 9.0174
170 79 14.3164
170 91 2
170 99 14.0767
170 134 11.5728
170 146 4.93157
170 168 17.6154
170 171 15.963
170 181 14.2588
171 0 7.3172
171 24 5.24247
171 41 21.9177
171 44 9.48073
171 104 7.67549
171 106 27.092
171 112 19.8241
171 180 5.44878
172 0 21.6303
172 4 9.02619
172 29 21.3487
172 41 8.05448
172 52 21.6979
172 72 3.26999
172 116 14.6971
172 153 17.124
173 0 12.2162
173 23 10.1546
173 35 12.8435
173 52 5.85231
173 55 8.99753
173 103 2
173 112 15.8052
173 117 10.7559
173 118 6.91937
173 132 19.2357
173 167 6.79971
173 192 17.2773
174 0 6.31701
174 9 11.5739
174 23 14.134
174 75 16.5366
174 84 16.5047
174 122 18.8235
174 146 14.6328
174 150 12.3519
174 153 21.325
174 171 10.7439
175 0 6.8179
175 21 10.7463
175 104 4.3491
175 135 2.92921
175 140 15.9789
175 144 2.24604
175 173 7.37217
176 0 2
176 23 4.85473
176 30 9.09071
176 35 8.29939
176 66 10.463
176 71 19.0093
176 108 21.7373
176 116 3.13316
176 122 16.1995
176 138 12.487
176 171 5.74649
176 172 13.3452
177 0 36.5243
177 125 22.2887
177 126 23.3555
177 146 7.53678
177 176 2
177 180 11.5344
177 191 35.1757
178 0 6.84784
178 1 8.31545
178 2 18.1331
178 10 21.0382
178 57 22.0295
178 75 16.3393
178 103 5.26302
178 122 8.04269
178 139 19.6593
178 148 17.0098
179 0 2
179 22 6.07514
179 27 13.5897
179 30 9.69794
179 38 13.127
179 40 6.60197
179 116 11.9191
179 174 13.2878
179 187 10.1594
180 0 6.35628
180 22 12.7527
180 47 4.13218
180 78 2
180 104 12.9907
180 107 17.7083
180 139 8.83844
180 147 5.39973
180 162 4.71825
180 177 8.75543
180 181 14.1636
180 185 7.31836
181 0 2
181 9 7.71358
181 36 6.45821
181 72 4.68566
181 113 7.48478
181 115 9.20734
181 119 14.0504
181 120 8.83176
181 140 11.0842
181 143 16.569
181 185 5.22394
182 0 5.33988
182 2 2
182 12 5.47206
182 22 17.3189
182 59 9.24148
182 61 16.2774
182 101 7.67711
182 107 7.04369
182 117 15.4877
182 128 3.4933
182 143 6.49261
182 147 8.75844
183 0 21.411
183 28 12.8163
183 52 38.18
183 112 6.33124
183 115 5.5306
183 140 22.4359
183 141 2.06983
183 168 2.24044
184 0 9.23204
184 15 10.1391
184 35 3.76926
184 41 5.44399
184 68 2.25507
184 77 10.9064
184 78 12.1644
184 83 2.20307
184 90 7.7363
184 101 7.30651
184 146 11.1484
184 147 3.63496
184 154 14.3773
184 168 4.17471
184 173 5.6853
184 184 4.83524
184 192 5.79343
185 0 16.4911
185 39 23.2598
185 115 3.93618
185 137 19.1671
185 138 29.2674
185 174 21.3124
185 191 46.6379
186 0 43.6207
186 22 35.5897
186 32 27.7064
186 156 21.7334
186 164 32.1213
187 0 12.7511
187 10 10.1065
187 15 7.15091
187 21 5.15916
187 22 7.43625
187 60 7.49601
187 112 9.97466
187 118 14.5302
187 124 12.0214
187 144 14.046
187 152 2
187 153 9.16233
187 157 18.8743
187 180 3.38336
188 0 2
188 6 7.3916
188 40 8.19229
188 52 11.4945
188 95 7.62926
188 104 9.40656
188 115 5.38463
188 116 7.16277
188 122 3.69458
188 138 9.43357
188 139 10.1344
188 146 14.3191
188 150 15.0796
188 173 4.83452
188 178 2.9898
189 0 4.77344
189 27 2.97419
189 41 14.0953
189 52 4.17482
189 57 27.6664
189 81 2
189 99 13.142
189 104 4.36901
189 117 2
189 156 10.5753
190 0 5.24153
190 6 17.2183
190 31 10.3586
190 60 10.6114
190 81 4.64871
190 90 8.51949
190 133 8.49316
191 0 11.5225
191 6 12.4256
191 15 7.92637
191 55 6.34438
191 59 8.3563
191 72 2
191 86 17.6481
191 107 9.17872
191 119 13.7861
191 135 4.82814
191 154 10.8415
191 171 9.49617
191 184 5.41834
192 0 21.7352
192 51 32.1028
192 143 6.20356
192 156 11.0564
192 168 3.886
192 174 12.1628
192 182 15.6632
193 0 4.18921
193 9 3.02661
193 11 11.6928
193 15 8.33265
193 29 3.74185
193 42 8.42639
193 57 17.0831
193 66 2
193 140 4.07631
193 177 10.3926
193 181 18.1077
194 0 13.4321
194 4 2
194 9 12.2653
194 10 4.45458
194 15 7.45858
194 21 16.2535
194 22 12.5353
194 24 20.4161
194 71 9.73519
194 143 13.9184
194 151 2.85483
195 0 46.523
195 5 16.2563
195 21 54.8158
195 29 28.4205
195 115 20.7877
196 0 12.1728
196 8 20.6492
196 9 7.96986
196 21 28.4362
196 28 15.8397
196 80 8.69631
196 113 19.8194
196 118 6.28491
197 0 30.494
197 4 10.7482
197 22 36.0324
197 59 7.14415
197 73 9.68024
197 77 9.88584
197 104 7.61315
198 0 7.68259
198 9 2
198 39 12.2794
198 47 7.85458
198 56 12.4208
198 72 7.16368
198 75 23.4161
198 147 31.969
198 172 2
199 0 8.63199
199 52 2
199 88 17.5017
199 116 12.7236
199 144 41.0154
199 192 25.9326
