100 100 800
1
1
1
1
1
1
1
1
1
1
1
1
1
1
1
1
1
1
1
1
1
1
1
1
1
1
1
1
1
1
1
1
1
1
1
1
1
1
1
1
1
1
1
1
1
1
1
1
1
1
1
1
1
1
1
1
1
1
1
1
1
1
1
1
1
1
1
1
1
1
1
1
1
1
1
1
1
1
1
1
1
1
1
1
1
1
1
1
1
1
1
1
1
1
1
1
1
1
1
1
0 0 5.81509
0 12 2
0 14 11.6588
0 48 13.1679
0 57 16.8767
0 73 25.7949
0 83 6.15038
0 90 28.5094
0 96 4.75032
1 0 6.79168
1 14 2.41632
1 31 4.96286
1 51 10.6565
1 55 10.736
1 57 28.7723
1 65 15.7562
1 72 6.32578
1 90 5.22406
1 96 6.95473
2 0 12.233
2 10 2
2 26 11.863
2 35 2
2 36 6.23942
2 37 2
2 39 7.74407
2 40 2.4125
2 48 11.589
2 51 4.43349
2 70 12.75
2 73 2.44191
2 81 14.045
2 96 8.3496
2 97 4.23415
3 0 25.588
3 1 8.2514
3 35 7.09935
3 38 18.7375
3 51 11.9279
3 64 25.6048
3 69 5.08679
3 73 29.2651
4 0 9.87731
4 14 2
4 20 10.7302
4 23 27.6567
4 35 6.50673
4 38 8.27869
4 48 16.4947
4 68 6.63671
4 71 21.1531
5 0 30.438
5 20 7.22727
5 51 5.78353
5 65 7.6923
5 69 17.3538
5 70 11.3011
5 89 19.5153
5 95 18.457
6 0 2
6 8 5.32079
6 12 9.26818
6 18 16.562
6 22 12.6377
6 29 10.4473
6 45 4.98036
6 49 6.32109
6 53 7.02402
6 69 11.3608
6 72 5.18373
6 73 3.1287
6 80 4.31601
6 85 7.28497
6 92 11.3695
7 0 10.3744
7 6 2
7 9 2.33944
7 12 2.825
7 17 6.37814
7 18 10.7285
7 64 15.2428
7 65 4.78648
7 70 11.7009
7 72 4.55173
7 73 15.2776
7 93 14.9125
8 0 8.49355
8 14 10.1169
8 20 6.85281
8 44 17.2654
8 49 11.8988
8 57 15.8991
8 74 4.06818
8 90 9.32444
8 95 2
8 97 14.9805
9 0 3.27169
9 12 18.8419
9 44 3.24958
9 57 8.37596
9 65 11.744
9 67 10.8197
9 74 21.4201
9 90 12.925
10 0 19.5604
10 15 9.43901
10 20 28.4318
10 45 14.5224
10 54 6.42689
10 70 14.9908
10 76 17.315
10 77 15.4805
11 0 29.9448
11 7 2.77762
11 19 12.3042
11 20 14.3807
11 22 8.27598
11 31 8.05224
11 54 10.0661
11 57 12.629
11 75 4.35899
12 0 8.40914
12 29 11.3889
12 51 22.3297
12 54 29.9929
12 69 18.4541
12 73 3.52987
12 83 34.1409
12 90 3.86847
13 0 9.09999
13 16 9.97656
13 31 22.9946
13 55 10.8626
13 69 14.2286
13 70 16.2228
13 74 17.301
13 90 2.98022
14 0 12.6438
14 10 18.7515
14 37 19.4643
14 40 8.94294
14 64 2
14 68 8.72273
14 70 20.8354
14 71 13.3846
14 89 29.609
14 98 6.96838
15 0 2
15 4 4.15926
15 5 8.2467
15 35 2
15 38 7.55602
15 40 5.4553
15 44 20.043
15 53 10.5935
15 72 20.1356
15 77 16.026
15 97 4.48476
16 0 13.7704
16 12 4.86901
16 39 14.243
16 53 26.8794
16 73 10.3906
16 93 21.25
17 0 7.02657
17 14 19.9573
17 16 9.56897
17 27 12.4892
17 41 25.2791
17 55 2
17 60 5.35055
17 67 19.4299
17 68 8.0795
18 0 18.9157
18 9 16.4748
18 27 4.28386
18 35 8.89593
18 39 9.03577
18 55 33.3742
18 65 3.85233
18 73 3.56651
19 0 12.4856
19 12 4.5906
19 15 16.6517
19 28 2.18529
19 39 15.5136
19 44 12.1814
19 57 17.4646
19 92 10.8188
19 95 13.7855
19 98 21.3746
20 0 13.0408
20 7 22.9354
20 16 19.5535
20 39 15.9145
20 48 26.0745
20 68 5.33125
20 89 21.329
21 0 28.9957
21 7 31.8516
21 12 37.2832
21 15 35.6431
21 65 10.376
21 69 36.9264
22 0 3.97184
22 14 18.8388
22 27 17.5159
22 35 16.3005
22 38 14.851
22 40 27.9696
22 76 8.14355
22 90 11.472
23 0 52.0657
23 20 15.1966
23 23 37.9168
23 27 16.3646
23 57 32.7443
23 88 27.2565
24 0 9.23746
24 9 11.1277
24 24 17.2172
24 31 5.94186
24 53 15.343
24 60 13.9458
24 65 11.5538
24 70 14.1955
24 73 6.88484
24 90 9.58454
25 0 41.9045
25 48 22.2986
25 70 24.1272
25 83 5.69312
26 0 10.4842
26 33 10.481
26 57 15.8077
26 59 17.6412
26 65 8.71035
26 73 2
26 80 2.21514
26 88 10.4218
27 0 6.98835
27 40 31.2559
27 48 13.3382
27 55 14.2506
27 56 21.301
27 72 2.95924
27 90 2
27 92 2
27 97 12.2795
28 0 7.11545
28 9 3.08948
28 27 10.6579
28 39 15.489
28 45 4.09271
28 51 4.94016
28 55 13.5128
28 67 2.59556
28 70 11.8107
28 89 16.164
29 0 11.71
29 14 27.3098
29 40 29.8944
29 59 11.743
29 69 3.18633
29 70 2.07043
29 86 9.90003
29 92 4.3082
29 97 4.91795
30 0 11.0452
30 6 9.22041
30 7 9.85383
30 14 19.2684
30 15 9.03644
30 20 5.77792
30 40 4.95139
30 47 15.2692
30 54 13.2767
30 68 2
30 74 6.30933
30 83 20.5649
31 0 16.9114
31 24 26.8192
31 39 22.0006
31 40 16.1185
31 73 27.8502
31 85 20.0651
31 89 29.9504
31 90 2
32 0 31.9745
32 10 7.6793
32 31 35.0219
32 38 7.77429
32 45 21.4868
32 59 29.3036
32 65 30.8437
33 0 4.41578
33 9 10.6617
33 11 2.15256
33 13 11.4021
33 16 14.5232
33 19 5.10763
33 27 10.9381
33 33 3.14834
33 39 8.99804
33 45 5.72974
33 47 2
33 69 3.60887
33 74 3.73386
33 83 12.0104
33 89 7.5271
34 0 3.39477
34 24 31.5439
34 33 15.0794
34 40 4.19138
34 65 4.55085
34 69 12.3975
34 74 2
35 0 2
35 20 2
35 27 2
35 39 9.83868
35 48 3.23495
35 55 14.5617
35 65 4.76339
35 70 17.9723
35 72 12.0073
35 82 5.26442
35 90 16.5524
36 0 22.6557
36 11 21.9128
36 39 6.99105
36 50 14.1613
36 70 4.23917
36 71 11.282
36 72 13.3759
36 73 2.06159
36 77 13.1247
36 89 6.45895
36 90 2
37 0 2.60075
37 11 12.83
37 20 12.4685
37 37 8.11414
37 38 2.69541
37 49 2
37 53 11.626
37 57 18.5076
37 66 3.93553
37 69 10.2246
37 92 27.0796
38 0 6.71087
38 7 14.4449
38 8 10.1653
38 14 5.45293
38 40 16.8655
38 43 3.78778
38 55 3.57312
38 65 20.7547
38 70 5.29044
38 74 2.54496
38 77 6.98366
38 83 23.2787
39 0 11.8496
39 18 40.3768
39 39 5.78819
39 47 34.0975
39 90 11.9785
40 0 2.1785
40 18 11.6683
40 33 22.5538
40 38 17.1999
40 39 8.28632
40 51 17.5237
40 53 5.13851
40 57 11.6884
40 69 8.16374
40 83 2
40 88 9.85514
41 0 24.6357
41 10 3.6521
41 14 17.0193
41 33 15.0887
41 39 9.35079
41 60 40.5565
41 73 14.566
42 0 4.45324
42 12 24.8597
42 14 29.7233
42 53 13.6342
42 73 9.55108
42 85 35.9694
42 92 17.8467
43 0 17.5172
43 7 8.265
43 20 2.67773
43 40 12.3667
43 62 6.04647
43 69 2.44279
43 70 5.19141
44 0 14.3417
44 24 4.38622
44 26 20.0744
44 30 30.2885
44 39 14.5165
44 70 2
44 71 12.0059
44 93 18.4157
45 0 5.60815
45 37 41.7788
45 39 10.4963
45 47 18.6489
45 88 18.1478
46 0 2
46 37 41.9879
46 54 30.7708
46 55 10.8967
46 77 10.5615
46 82 13.7205
46 89 36.6471
47 0 13.8221
47 4 16.2682
47 14 31.5234
47 17 20.7793
47 20 31.7351
47 62 15.0713
47 73 23.8063
47 88 8.77223
48 0 2
48 67 6.74514
48 89 66.3948
49 0 11.9626
49 15 12.9794
49 49 4.40319
49 51 14.8833
49 53 4.85925
49 57 16.6547
49 63 6.55748
49 65 10.79
49 73 4.54311
49 74 14.7839
49 76 5.41551
49 86 5.68464
49 95 2
50 0 2.19125
50 38 16.8651
50 57 5.45867
50 59 9.33774
50 70 11.7312
50 73 18.0862
50 88 2.07963
50 92 2.8162
51 0 2
51 12 3.77963
51 38 19.0623
51 41 20.1282
51 48 7.67689
51 54 9.66874
51 55 21.8297
51 56 10.9701
51 65 18.9194
51 97 2
52 0 26.495
52 14 39.1865
52 37 7.25328
52 55 2
52 70 46.4135
52 92 34.8384
53 0 22.0932
53 12 30.0692
53 35 20.3086
53 37 18.9149
53 57 21.016
53 58 14.7075
53 66 19.1564
54 0 7.92245
54 15 17.636
54 17 20.952
54 27 7.80598
54 48 7.52023
54 51 2
54 70 11.9522
54 72 12.3007
54 94 13.2781
55 0 13.8106
55 49 2.14403
55 56 27.3943
55 73 2
55 74 11.5862
55 89 17.6201
55 92 11.8916
55 95 14.4139
55 97 6.83356
56 0 11.6872
56 14 4.28602
56 24 2
56 28 6.10771
56 43 2
56 57 13.7525
56 62 2.59761
56 68 17.0551
56 70 10.5054
56 73 11.9586
56 76 25.141
56 97 7.27976
57 0 14.8504
57 14 20.799
57 28 12.4943
57 33 11.7093
57 47 24.1864
57 51 15.9786
57 73 19.6277
57 92 2.26451
57 97 2
57 98 2.04631
58 0 38.148
58 12 26.3848
58 18 6.5531
58 51 4.34556
58 57 26.3856
58 74 4.19404
58 96 22.6635
59 0 43.4258
59 70 76.8737
60 0 27.2722
60 8 5.06553
60 20 28.7383
60 31 15.0757
60 44 19.7907
60 57 14.4678
60 80 4.73587
61 0 7.53263
61 6 10.0476
61 8 13.7612
61 27 8.64632
61 50 2
61 53 11.9581
61 55 5.09329
61 56 8.5412
61 62 8.96294
61 65 2
61 70 7.18779
61 85 5.74962
61 92 4.1862
61 96 3.33037
61 97 8.36112
62 0 2
62 20 2
62 35 2
62 39 34.0866
62 40 16.3626
62 73 18.964
62 80 14.6179
62 89 24.6612
62 97 12.5315
63 0 10.068
63 10 15.1927
63 15 2.32258
63 20 11.6161
63 45 2
63 88 2
63 97 17.6081
64 0 5.00273
64 39 19.532
64 64 8.75175
64 73 28.7921
64 80 19.8
64 91 5.27245
64 98 19.0996
65 0 23.8317
65 27 24.3167
65 40 31.3361
65 53 31.7795
65 98 2.86688
66 0 11.4867
66 20 15.2978
66 34 3.23795
66 64 32.5302
66 69 7.30569
66 70 25.213
67 0 11.6681
67 7 32.2204
67 37 13.7492
67 50 21.0806
67 51 12.5504
67 58 8.75224
67 75 23.0284
68 0 17.7423
68 12 3.58313
68 37 4.67409
68 40 28.2079
68 53 17.2755
68 55 4.56078
68 65 14.2366
68 69 11.377
68 73 10.2337
68 93 2.10171
69 0 22.217
69 5 2.17699
69 20 3.20977
69 26 2.64442
69 35 12.9059
69 39 10.9796
69 45 10.7068
69 54 15.7425
69 73 2
69 76 6.62544
69 81 5.90054
69 83 12.6245
70 0 2
70 8 10.1501
70 11 16.2028
70 22 19.7803
70 34 12.2849
70 67 11.0429
70 75 5.1753
70 90 6.76585
70 92 8.28377
71 0 21.863
71 37 18.0569
71 51 11.7706
71 57 28.3618
71 62 23.1242
71 77 7.11271
71 85 18.3163
71 90 13.6985
72 0 8.31542
72 55 3.01658
72 59 13.3618
72 64 15.7295
72 83 2.14343
72 89 42.4069
73 0 35.8703
73 40 14.1051
73 69 35.6009
73 76 9.23177
73 78 20.3063
74 0 3.85346
74 31 15.2671
74 33 10.2945
74 34 15.1316
74 37 17.8082
74 40 4.69162
74 48 15.7031
74 54 12.4354
74 60 4.88382
74 64 3.42813
74 70 7.42865
74 72 3.04404
74 73 3.78625
75 0 8.23876
75 10 12.3773
75 18 5.94198
75 31 5.14082
75 38 15.1873
75 39 4.50998
75 44 2
75 59 3.73631
75 69 11.7016
75 70 2
75 74 7.64317
75 80 2
75 88 8.25338
75 92 11.8534
75 97 11.7055
76 0 5.25393
76 5 9.48113
76 14 2
76 15 12.5412
76 54 12.6854
76 55 4.59732
76 57 7.11381
76 62 2.34894
76 70 2
76 72 7.36298
76 73 6.6666
76 75 8.18144
76 77 11.2209
76 82 2.37802
76 85 15.4685
77 0 19.9929
77 30 7.1279
77 44 12.4007
77 45 2
77 71 2
77 72 19.2657
77 73 15.0378
77 74 29.8402
77 97 11.2187
78 0 8.00003
78 19 20.8788
78 20 8.74937
78 24 12.1986
78 38 9.15773
78 40 17.2698
78 57 5.5346
78 65 7.08622
78 73 10.7204
78 89 21.2204
79 0 20.7466
79 35 27.9875
79 55 14.6508
79 68 25.9475
79 74 31.9787
79 90 32.2308
80 0 26.3711
80 73 4.7189
80 78 75.0155
80 83 26.892
81 0 17.7836
81 14 18.1199
81 16 5.97747
81 18 2.46765
81 37 5.53005
81 45 11.5969
81 46 12.6387
81 57 13.2394
81 69 2.90771
81 73 6.42378
81 74 14.1252
81 83 16.484
82 0 30.5719
82 16 17.6521
82 24 5.44434
82 37 8.58626
82 55 10.0845
82 56 36.534
82 73 4.39159
82 89 22.9494
83 0 6.98405
83 12 9.29823
83 15 25.4234
83 45 2
83 57 7.51063
83 74 21.2534
83 83 27.5778
83 95 9.4307
84 0 10.7997
84 8 9.26178
84 28 8.85325
84 45 2.32743
84 49 16.482
84 51 13.4278
84 54 2
84 55 21.5784
84 57 10.8396
84 60 5.73302
85 0 7.0343
85 12 23.1437
85 20 2
85 37 9.04126
85 39 26.3374
85 56 18.3373
86 0 3.87275
86 8 7.3771
86 12 5.81265
86 14 22.2456
86 24 3.86281
86 28 6.55618
86 40 17.4586
86 51 18.5399
86 55 3.65484
86 64 9.73549
86 74 4.61392
86 76 8.63744
87 0 10.5253
87 12 2
87 14 14.7147
87 47 25.9537
87 64 27.8071
87 71 26.3748
87 82 10.9327
87 97 12.4128
88 0 32.9995
88 19 20.8269
88 40 11.7292
88 45 9.32861
88 72 36.5935
88 76 24.2087
89 0 35.9966
89 37 64.5978
89 43 7.0463
90 0 15.5836
90 2 4.36686
90 35 7.65155
90 40 6.51032
90 56 7.36986
90 62 8.38933
90 64 13.7078
90 80 9.95405
90 92 9.44365
91 0 12.5135
91 12 9.00477
91 20 5.7176
91 23 2
91 24 7.01931
91 27 10.5186
91 37 15.3623
91 57 3.74408
91 69 6.51164
91 70 2
91 73 11.3272
91 85 2
91 88 5.80819
91 96 2
92 0 20.9732
92 10 15.6733
92 20 2
92 37 25.4027
92 45 2
92 69 22.3944
92 70 17.9251
92 73 3.70031
92 92 11.7076
93 0 8.98439
93 7 2.65504
93 8 16.6413
93 39 6.8288
93 50 15.8956
93 57 29.547
93 64 25.3186
93 90 11.1642
94 0 10.4874
94 12 19.4256
94 18 7.54893
94 20 18.4916
94 57 3.52909
94 90 10.647
94 92 28.5837
94 98 7.96313
95 0 7.10091
95 10 4.9635
95 16 20.126
95 38 2.92168
95 39 16.181
95 40 19.1814
95 72 16.7018
95 73 17.146
95 92 22.6816
96 0 18.4015
96 10 18.0633
96 14 17.9799
96 24 7.71729
96 41 13.3799
96 69 5.74611
96 70 2
96 90 4.24538
96 97 20.5255
96 98 7.14051
97 0 7.14484
97 7 18.689
97 12 10.8282
97 14 11.2163
97 39 7.8439
97 49 9.45232
97 51 6.11603
97 54 5.84165
97 69 2
97 70 2
97 73 6.19168
97 76 9.51308
97 83 5.34021
97 88 10.8416
98 0 4.96535
98 7 11.0725
98 14 22.9111
98 35 3.55512
98 46 6.27244
98 55 25.5032
98 57 4.82618
98 62 5.52098
98 72 14.9934
98 73 17.7935
98 98 14.0308
99 0 4.29148
99 7 19.6563
99 9 36.9173
99 57 9.56191
99 69 12.7964
99 72 21.4132
99 95 12.3215
