200 200 1600
1
1
1
1
1
1
1
1
1
1
1
1
1
1
1
1
1
1
1
1
1
1
1
1
1
1
1
1
1
1
1
1
1
1
1
1
1
1
1
1
1
1
1
1
1
1
1
1
1
1
1
1
1
1
1
1
1
1
1
1
1
1
1
1
1
1
1
1
1
1
1
1
1
1
1
1
1
1
1
1
1
1
1
1
1
1
1
1
1
1
1
1
1
1
1
1
1
1
1
1
1
1
1
1
1
1
1
1
1
1
1
1
1
1
1
1
1
1
1
1
1
1
1
1
1
1
1
1
1
1
1
1
1
1
1
1
1
1
1
1
1
1
1
1
1
1
1
1
1
1
1
1
1
1
1
1
1
1
1
1
1
1
1
1
1
1
1
1
1
1
1
1
1
1
1
1
1
1
1
1
1
1
1
1
1
1
1
1
1
1
1
1
1
1
1
1
1
1
1
1
0 0 26.3474
0 33 24.6874
0 86 23.3713
0 173 3.69932
0 180 22.644
0 190 12.1849
0 198 4.89828
1 0 5.44194
1 33 2.77244
1 45 4.038
1 50 4.72076
1 76 11.007
1 100 2.0371
1 132 2
1 180 16.9946
1 181 8.15979
1 190 15.5042
2 0 7.46287
2 39 12.6041
2 40 10.8355
2 48 11.6878
2 91 18.3112
2 97 7.36838
2 108 10.8986
2 116 8.05161
2 146 14.8582
2 177 10.407
2 180 3.56192
2 190 21.4093
2 194 3.63259
3 0 7.10578
3 40 2
3 58 5.86769
3 64 7.39064
3 76 7.06043
3 79 8.42705
3 116 14.1819
3 139 13.3538
3 153 8.24304
3 158 5.05883
3 169 12.8487
3 198 21.5188
4 0 18.979
4 34 16.017
4 43 26.2006
4 47 12.0074
4 64 13.9129
4 103 10.0579
4 138 3.04499
4 141 22.2646
4 179 12.9576
4 189 11.5001
5 0 28.5481
5 58 14.3956
5 88 26.5716
5 91 11.0574
5 141 3.15607
5 155 16.0573
5 186 16.5865
5 193 2
6 0 31.0077
6 1 6.86722
6 108 32.4246
6 139 31.9133
6 158 19.6463
6 187 7.45842
7 0 2.87285
7 13 37.1238
7 28 36.6993
7 72 9.7149
7 85 2
7 88 4.60276
8 0 37.7927
8 1 14.1524
8 5 2
8 58 10.9287
8 78 25.9112
8 155 3.34465
8 158 15.3715
8 183 11.1356
9 0 4.62391
9 48 15.0092
9 63 15.4009
9 105 25.4012
9 106 27.6886
9 138 3.52591
9 139 6.33874
9 161 14.5811
10 0 29.0601
10 46 10.5689
10 47 20.0389
10 85 30.8409
10 110 10.664
10 139 19.5639
11 0 13.0714
11 9 18.4017
11 11 8.72749
11 88 7.36519
11 119 6.619
11 143 25.2023
11 150 2
11 154 13.5527
11 155 5.46519
11 161 8.05351
12 0 30.4152
12 23 2.27616
12 50 11.6638
12 76 2.44122
12 124 16.4852
12 166 21.1077
12 181 14.5597
12 198 19.6065
13 0 13.5928
13 6 10.4962
13 57 14.2512
13 78 17.8394
13 98 10.886
13 103 2
13 139 17.5795
13 164 15.0463
13 196 6.82145
13 198 29.14
14 0 2.81773
14 29 6.79177
14 34 7.05114
14 58 11.6661
14 82 2
14 105 9.33896
14 108 7.93182
14 122 7.10172
14 158 9.09104
14 161 2
14 191 4.24338
14 196 9.12437
15 0 12.7582
15 54 3.38849
15 58 22.1078
15 65 7.80366
15 77 2
15 108 19.849
15 112 28.7115
15 164 22.4698
15 168 20.0379
15 196 3.69151
16 0 13.7174
16 27 9.19099
16 54 16.9089
16 80 17.4967
16 103 3.40265
16 155 15.3547
16 167 11.5222
16 168 5.40141
16 195 12.3265
16 199 10.579
17 0 9.77651
17 48 32.5357
17 105 34.4627
17 106 43.9129
17 183 28.0008
17 196 32.5674
18 0 8.50599
18 12 18.5265
18 15 3.81929
18 16 22.1203
18 28 12.6682
18 77 16.873
18 82 13.9542
18 128 17.976
18 164 7.42468
19 0 15.758
19 3 32.0314
19 34 30.3837
19 50 6.14483
19 86 28.6803
19 95 2
19 141 7.58204
19 146 8.26966
20 0 14.0529
20 15 8.22052
20 69 22.4151
20 99 13.8771
20 106 27.1674
20 121 15.4302
20 154 17.7621
20 164 17.996
21 0 20.3735
21 13 7.20613
21 46 9.05302
21 54 2.31985
21 105 7.8968
21 141 15.3634
21 161 25.9396
21 179 6.88585
22 0 19.9019
22 13 36.4926
22 112 11.6146
22 183 59.8045
22 186 16.9414
23 0 8.02682
23 8 16.1552
23 17 7.99561
23 34 15.8188
23 40 18.258
23 52 22.6152
23 54 2.0515
23 83 12.9219
23 93 15.2558
23 138 2
23 146 12.077
24 0 10.4474
24 12 13.7498
24 13 2.29617
24 30 15.5482
24 47 2
24 74 9.7048
24 76 4.61267
24 104 7.15406
24 126 3.79828
24 157 16.1377
24 198 13.0387
25 0 14.6447
25 5 16.4268
25 15 4.13921
25 19 8.74983
25 35 13.0262
25 47 5.31172
25 49 15.9069
25 77 13.804
25 83 4.7845
25 96 19.0889
25 161 5.22124
25 186 5.03681
26 0 12.9742
26 15 7.96207
26 41 4.59373
26 46 27.7458
26 80 4.4565
26 96 4.94196
26 121 11.8391
26 138 11.4674
26 186 26.5999
27 0 3.81945
27 15 18.8792
27 78 10.6277
27 80 6.56353
27 83 9.1785
27 161 8.44877
27 162 5.98833
27 180 24.4917
27 183 19.0235
28 0 35.1069
28 40 18.4842
28 86 7.00428
28 91 14.5903
28 97 7.1948
28 105 5.141
28 138 11.5236
28 139 13.6545
28 164 27.933
28 198 14.4404
29 0 4.79063
29 1 5.41967
29 14 2
29 41 9.40233
29 42 4.61601
29 45 11.4408
29 46 17.0011
29 47 4.25717
29 55 10.9544
29 58 6.37624
29 78 7.19281
29 86 3.35502
29 103 9.0009
29 119 13.6904
30 0 16.5259
30 47 3.92022
30 88 30.9098
30 119 18.2707
30 142 7.86048
30 177 21.8021
30 179 6.61409
30 193 22.8482
30 196 5.99419
31 0 14.974
31 30 11.4966
31 88 18.7492
31 148 31.0288
31 162 37.9514
31 174 15.1202
32 0 2.75018
32 18 22.2768
32 86 9.10861
32 88 13.7389
32 103 7.14307
32 119 13.2706
32 128 4.99843
32 161 24.49
32 179 13.6335
32 196 9.75948
33 0 2
33 28 3.21572
33 30 12.2818
33 40 2
33 76 14.034
33 91 15.5536
33 106 20.0518
33 151 18.389
33 190 17.4903
33 193 5.83692
34 0 5.12877
34 47 12.0191
34 67 5.20778
34 79 11.3153
34 80 3.4018
34 138 11.1011
34 141 6.5565
34 151 14.33
34 154 18.8097
34 155 9.35832
34 177 16.3437
35 0 3.68763
35 14 13.4381
35 43 18.0102
35 74 10.5189
35 79 2.61054
35 83 5.92198
35 86 10.2452
35 91 3.68951
35 105 8.37401
35 112 2.05403
35 146 19.8215
35 196 17.9571
36 0 17.312
36 1 13.3866
36 15 6.39135
36 62 21.8791
36 78 8.08306
36 80 14.6842
36 84 7.16056
36 86 9.79244
36 99 5.22354
36 101 16.9268
36 119 9.92714
36 171 10.768
37 0 14.3535
37 13 18.5023
37 17 3.34416
37 40 6.80363
37 52 15.3609
37 56 18.3619
37 104 5.22953
37 112 7.87505
37 130 5.21868
37 137 15.1098
37 146 9.85235
37 164 10.6131
37 169 4.868
37 196 16.2163
38 0 5.5582
38 6 2.97931
38 8 2
38 40 5.52159
38 45 12.2447
38 58 11.3083
38 103 4.29628
38 139 8.00489
38 141 16.0995
38 164 21.734
38 177 5.72633
38 178 15.3309
38 186 12.0954
38 196 11.4449
39 0 7.10235
39 30 5.08511
39 46 21.1335
39 47 19.5995
39 57 22.4664
39 72 12.2847
39 164 18.0471
40 0 14.1741
40 47 13.1961
40 59 2
40 69 17.7522
40 74 6.88074
40 75 12.37
40 138 19.0051
40 139 13.4929
40 141 11.3537
40 155 9.12664
40 158 3.70497
40 164 5.92637
40 174 7.4415
41 0 4.08559
41 30 4.40267
41 47 15.0546
41 79 5.38914
41 139 8.47407
41 189 10.5453
42 0 3.92926
42 19 10.8277
42 82 22.8383
42 103 25.9293
42 184 15.9675
43 0 17.567
43 39 13.4132
43 40 30.7663
43 84 31.6488
43 128 20.7236
43 146 33.9768
44 0 4.38814
44 29 11.5458
44 58 16.6693
44 63 4.00886
44 113 18.0945
44 139 7.15737
44 154 9.1263
44 181 6.73516
44 184 2
45 0 17.1518
45 39 25.9966
45 58 9.09692
45 85 23.809
45 122 2
45 128 13.8114
45 146 11.616
45 166 11.2291
45 190 18.4515
46 0 9.33961
46 4 8.32189
46 23 2.62436
46 33 21.4833
46 38 28.0836
46 39 18.7311
46 99 30.1594
47 0 25.5962
47 44 23.8881
47 46 16.4959
47 48 2
47 75 3.42036
47 117 4.54469
47 151 5.98413
47 179 6.46504
47 183 6.50149
47 196 6.17938
48 0 7.27203
48 35 24.3862
48 37 6.15344
48 65 20.726
48 124 17.2558
48 153 18.9898
48 155 19.6572
48 180 14.9
48 181 18.3426
48 186 24.8491
49 0 2
49 3 18.1005
49 15 11.2933
49 19 8.46636
49 40 19.7
49 112 2.08352
49 131 9.80252
49 139 18.2996
49 151 11.7257
49 196 20.5004
50 0 23.7119
50 30 4.13975
50 59 8.58057
50 103 10.5614
50 138 11.9528
50 153 9.53812
50 155 9.26669
50 164 2
50 174 5.59454
50 179 5.04898
50 196 2.72549
51 0 21.4034
51 39 20.7217
51 74 25.4233
51 79 9.44507
51 128 8.89283
51 146 30.2281
51 181 24.5362
51 189 12.9041
52 0 3.37239
52 13 18.9191
52 22 2.18399
52 50 4.63247
52 59 9.14439
52 112 25.3431
52 158 24.2868
52 183 23.4008
53 0 14.5077
53 39 7.74167
53 55 19.2187
53 98 10.2412
53 99 15.7923
53 130 10.9289
53 139 3.65805
53 140 2.31657
53 173 16.6847
54 0 12.7718
54 34 8.16913
54 47 10.1532
54 57 2.80821
54 136 25.0953
54 143 13.5632
54 158 12.0027
54 179 34.9741
55 0 22.0954
55 34 3.02157
55 139 35.7998
55 141 2
55 149 15.1477
55 163 14.8303
55 180 9.63401
56 0 5.82459
56 15 9.67605
56 34 13.1042
56 40 2.26765
56 59 9.82882
56 128 2
56 139 5.04121
56 140 10.6989
56 154 4.40585
56 158 2
56 164 8.34037
56 179 12.812
56 190 2
56 199 15.5552
57 0 3.88269
57 41 4.86565
57 74 8.03811
57 137 32.359
57 155 26.9528
57 158 39.5539
58 0 18.8117
58 68 15.9861
58 76 2.31181
58 80 17.7614
58 83 17.7363
58 103 2
58 146 3.97364
58 153 8.69742
58 154 19.323
58 183 2
58 196 2
59 0 3.20676
59 5 14.0627
59 37 20.4345
59 88 21.8463
59 105 16.6739
59 106 29.7375
59 161 14.7272
59 198 26.1177
60 0 16.5688
60 56 2.98665
60 74 22.4671
60 88 11.0533
60 113 15.2973
60 138 26.4204
60 174 35.86
60 177 28.152
61 0 19.6059
61 5 4.59017
61 56 20.8476
61 57 23.3223
61 59 21.6544
61 79 7.7298
61 123 17.7182
61 139 11.7874
61 150 6.24608
61 193 2
62 0 9.47645
62 43 11.6038
62 58 29.1668
62 69 19.0464
62 91 50.2703
62 196 46.3004
63 0 16.2787
63 13 18.529
63 28 8.08579
63 91 10.5282
63 141 8.97851
63 179 22.82
63 181 14.555
63 189 14.9033
64 0 5.43013
64 20 6.53102
64 43 2
64 80 2
64 99 9.24617
64 140 12.294
64 155 3.79093
64 161 11.4797
64 163 26.5803
64 193 9.99753
65 0 2
65 33 13.799
65 41 24.4456
65 59 2.70279
65 86 2.10675
65 138 4.4299
65 139 6.12036
65 146 9.57002
65 183 13.6708
65 186 11.0722
65 196 13.0872
66 0 3.75421
66 22 16.4942
66 25 9.96898
66 34 7.02765
66 79 4.66065
66 86 20.2168
66 91 6.85537
66 98 15.7904
66 141 5.78258
66 158 3.08798
66 161 2
66 179 12.4747
67 0 20.8426
67 18 16.2671
67 40 13.9218
67 57 4.96134
67 69 21.9514
67 88 2
67 96 17.9252
67 123 9.73838
67 185 8.29251
67 196 16.9812
68 0 11.3499
68 48 16.4364
68 63 17.5272
68 76 12.6519
68 80 11.2643
68 86 7.49744
68 132 6.69022
68 139 12.454
68 158 17.4513
68 163 13.36
68 193 19.1806
69 0 41.3537
69 58 3.23811
69 86 2
69 106 7.43872
69 155 10.3277
69 189 16.0515
69 196 27.7282
70 0 14.5419
70 11 6.03472
70 15 13.5849
70 25 6.86867
70 52 7.72558
70 56 2.95598
70 99 2
70 185 12.5602
70 199 15.6907
71 0 3.68115
71 12 29.2309
71 48 24.2223
71 102 26.7709
71 138 18.1364
71 148 41.5956
72 0 10.8753
72 14 22.4647
72 23 2.2295
72 58 34.3203
72 76 20.9343
72 127 18.5515
72 128 3.193
72 186 3.87137
73 0 5.07814
73 12 24.3568
73 14 17.8193
73 61 10.2671
73 74 2.3487
73 98 11.3271
73 113 16.5404
73 139 17.0154
73 183 11.0157
74 0 19.1998
74 28 26.2521
74 30 4.21885
74 75 3.88899
74 76 5.5232
74 103 5.86
74 148 8.94071
74 155 17.59
74 164 20.9111
75 0 25.8745
75 45 22.0727
75 74 16.277
75 90 10.0327
75 119 32.4828
75 130 17.0428
75 183 3.83916
76 0 10.594
76 13 12.2296
76 34 15.0404
76 37 15.2762
76 39 11.877
76 63 15.5414
76 69 6.38997
76 83 2
76 97 6.17152
76 104 3.90066
76 135 4.95976
76 157 10.381
76 181 5.58995
77 0 27.1758
77 19 11.7321
77 47 24.2607
77 79 11.6446
77 86 29.4876
77 155 30.7036
78 0 8.25992
78 29 6.44367
78 37 4.6663
78 68 6.20706
78 74 2
78 75 2
78 138 18.3445
78 151 6.6843
78 155 7.22071
78 161 9.81898
78 179 2.4422
79 0 17.9518
79 13 33.4623
79 74 7.71464
79 98 21.1868
79 158 29.0141
79 164 14.347
80 0 17.2618
80 21 23.0925
80 78 44.0553
80 88 26.4584
80 187 10.954
81 0 33.2467
81 29 22.1592
81 76 18.0525
81 88 13.2545
81 130 29.7336
81 141 44.7942
82 0 28.579
82 33 9.32627
82 47 35.5226
82 86 42.287
82 88 4.09501
83 0 36.3919
83 66 31.4417
83 95 37.8094
83 97 6.05935
83 139 19.08
83 190 15.6276
84 0 8.61621
84 39 21.8824
84 65 21.653
84 79 36.4463
84 117 11.1669
84 139 21.6212
84 177 18.783
84 179 23.6069
84 186 13.356
85 0 30.7397
85 47 10.0869
85 56 31.7785
85 78 23.4842
85 139 2
85 141 17.7844
86 0 3.335
86 4 4.10909
86 18 2
86 34 17.2806
86 56 3.71317
86 155 29.8781
86 160 20.4827
86 166 11.3168
86 173 2
86 193 17.0019
87 0 3.18444
87 29 4.92167
87 60 7.45522
87 65 7.33794
87 69 18.6375
87 86 11.6806
87 113 21.4432
87 131 10.7565
87 164 10.7555
87 195 2
87 197 18.7526
88 0 2
88 28 27.11
88 29 2.70761
88 34 2
88 105 8.24909
88 183 11.96
88 196 2.36234
89 0 14.2196
89 37 9.6682
89 43 10.0418
89 54 4.85454
89 58 6.55137
89 80 9.05293
89 94 10.6286
89 108 19.5003
89 190 12.5007
89 196 17.8002
90 0 11.3421
90 14 21.4806
90 40 19.6776
90 67 13.8159
90 198 58.2347
91 0 18.7159
91 55 11.5268
91 119 2
91 154 31.5793
91 155 21.7027
91 164 18.0149
91 180 19.5947
91 196 9.38179
92 0 14.0829
92 33 3.35264
92 78 19.5952
92 88 4.25559
92 91 9.02901
92 137 20.0668
92 146 24.2021
92 155 20.3851
92 178 12.021
93 0 2
93 18 6.17751
93 28 11.0786
93 63 7.06
93 78 15.9048
93 88 11.1239
93 90 14.23
93 113 18.033
93 127 4.41966
93 154 8.95732
93 164 13.0905
93 165 12.3688
93 187 15.0038
93 194 17.1771
94 0 4.39
94 37 12.0019
94 43 2
94 52 8.90829
94 63 4.17029
94 76 3.18505
94 83 11.4242
94 124 12.2608
94 175 2.76085
94 177 6.32263
94 186 10.1823
94 187 9.18326
94 196 9.12681
94 199 9.3406
95 0 2
95 63 17.8235
95 75 4.24854
95 80 15.1692
95 82 3.09358
95 86 11.8165
95 97 4.67931
95 128 5.79258
95 138 17.2742
95 146 3.84406
95 183 12.8523
95 190 11.9631
96 0 16.1444
96 1 8.09552
96 12 2
96 33 9.73659
96 63 24.3312
96 113 15.8687
96 146 8.73486
96 161 12.5575
96 192 29.797
97 0 10.405
97 21 2
97 40 6.14745
97 49 2
97 63 5.42074
97 77 7.79827
97 88 4.32418
97 93 9.62057
97 103 21.9874
97 139 9.41954
97 148 17.4966
97 190 2.28364
98 0 21.9213
98 14 6.89257
98 29 8.30159
98 30 12.0285
98 34 5.86774
98 145 23.2401
98 154 9.71482
98 164 15.0483
98 183 4.88116
99 0 20.2354
99 6 12.9422
99 34 5.35316
99 59 19.2735
99 75 2
99 108 18.9335
99 138 14.2124
99 139 8.22842
99 154 13.4162
99 186 11.343
99 198 5.36101
100 0 60.7737
100 42 6.14839
100 46 41.5357
100 139 37.3078
100 158 4.74425
100 196 2.51097
101 0 27.8225
101 29 6.48148
101 51 21.0219
101 52 25.1769
101 98 18.5222
101 119 18.976
101 136 24.015
101 155 5.88893
101 198 19.6663
102 0 34.7074
102 1 21.487
102 30 13.3368
102 34 8.18381
102 83 12.0151
102 159 29.0081
102 186 8.31607
102 187 9.05954
102 198 22.7115
103 0 14.9839
103 30 13.3819
103 41 17.3707
103 80 15.2628
103 83 17.3673
103 101 10.9035
103 139 6.32142
103 154 18.0584
103 155 10.8139
103 174 4.88831
103 187 12.6148
104 0 2.03282
104 15 26.9227
104 75 11.5866
104 131 26.2354
104 137 19.7249
104 157 3.5965
104 184 26.9081
104 185 10.3057
105 0 6.27464
105 17 2.65457
105 66 20.4436
105 68 17.5654
105 85 16.135
105 96 4.04554
105 121 20.6506
105 124 18.4853
105 154 13.5117
105 198 10.1815
106 0 41.7081
106 96 9.76821
106 146 40.8892
106 158 14.9295
106 164 2
107 0 9.94763
107 43 3.33239
107 54 5.47818
107 103 2
107 127 22.9149
107 141 20.878
107 169 11.3871
107 196 11.8973
108 0 29.007
108 38 39.9925
108 43 15.2121
108 59 5.21356
108 91 7.15668
108 98 5.67455
108 99 5.06297
108 102 32.6835
108 139 26.1787
109 0 2
109 86 20.8159
109 88 7.04523
109 98 20.8135
109 119 9.89681
109 122 10.3629
109 139 3.86421
109 140 4.78798
109 183 10.4214
110 0 5.24137
110 6 9.72169
110 12 3.49483
110 13 13.076
110 40 16.6716
110 64 8.19488
110 86 11.5522
110 98 5.78261
110 103 27.1702
110 139 2.24025
110 178 2
111 0 2.74775
111 30 14.9288
111 33 12.2367
111 49 2.07069
111 50 8.34538
111 75 6.24774
111 86 2.08154
111 123 11.0254
111 124 7.74764
111 155 11.0129
111 158 11.139
111 179 18.916
112 0 2
112 14 10.3585
112 30 15.5893
112 37 5.86136
112 63 12.992
112 72 12.1828
112 75 13.1761
112 103 13.5124
112 116 12.3479
112 146 7.38926
112 148 18.2007
113 0 2
114 0 4.92902
114 26 9.8248
114 39 9.40953
114 79 7.59766
114 105 20.4219
114 141 27.019
115 0 34.0375
115 20 13.9235
115 43 7.39876
115 90 34.2977
115 125 9.53512
115 139 22.2313
115 189 22.7262
115 195 2
116 0 26.8871
116 6 3.14678
116 23 2
116 35 2
116 54 3.82799
116 80 2.19676
116 86 20.0832
116 91 4.42754
117 0 27.6275
117 43 14.1977
117 80 7.98845
117 138 16.9201
117 146 8.90032
117 151 15.0038
117 154 20.3079
117 155 14.9405
117 160 25.4388
117 164 18.074
117 190 2
118 0 13.2432
118 5 6.8599
118 9 3.73388
118 24 4.26706
118 59 6.28086
118 86 16.5562
118 103 6.19676
118 139 17.838
118 143 16.8298
118 158 2
118 181 8.91824
118 193 12.2431
118 198 9.97005
119 0 15.7416
119 19 19.3419
119 47 2
119 50 2.96094
119 60 25.4638
119 117 6.24303
119 161 6.66461
120 0 34.7363
120 52 54.8814
120 78 22.3926
120 138 49.7254
121 0 41.7766
121 12 37.7018
121 13 34.66
121 80 37.18
121 198 37.6167
122 0 18.5655
122 79 20.4348
122 91 2.06102
122 103 16.5266
122 106 23.0772
122 126 23.5942
122 139 17.3819
122 155 7.31062
122 161 19.8604
123 0 2.88311
123 29 21.79
123 63 8.91115
123 69 2.85265
123 75 5.93171
123 85 4.57453
123 91 2.61628
123 119 13.2313
123 140 6.29281
124 0 10.2862
124 17 8.1978
124 18 10.1852
124 64 9.06273
124 68 2.26078
124 97 6.87859
124 105 2
124 106 15.1099
124 124 10.5299
124 130 2.65183
124 146 4.24464
124 154 6.86506
124 178 14.9157
124 181 8.91924
124 190 3.24434
125 0 13.801
125 30 8.18167
125 80 15.6012
125 124 20.0762
125 128 18.4263
125 132 11.3153
125 170 4.46703
125 179 4.88356
125 186 4.32122
126 0 23.258
126 34 11.2624
126 40 24.7229
126 78 8.61915
126 124 8.18648
126 127 2
126 149 20.864
126 173 19.1771
126 183 11.49
127 0 2
127 75 21.317
127 80 49.878
127 86 33.2206
127 103 9.95402
128 0 13.5146
128 17 30.8084
128 90 4.2845
128 138 9.66314
128 146 2
128 187 35.4868
128 193 2.66235
128 194 17.8978
129 0 20.9846
129 9 14.8615
129 33 15.9905
129 86 6.45658
129 98 25.461
129 139 18.8026
129 146 7.58132
129 178 3.46708
130 0 21.8098
130 76 9.85857
130 82 2.33943
130 88 9.89432
130 113 2
130 141 13.2443
130 158 8.88638
130 159 6.6673
130 164 4.54887
130 190 11.3535
130 195 11.6147
130 198 17.2145
131 0 5.38517
131 8 8.6711
131 25 19.7589
131 35 5.34757
131 54 9.3213
131 68 18.6963
131 77 2
131 78 21.2803
131 80 14.7691
131 103 26.7437
132 0 10.7985
132 40 12.2505
132 42 12.9947
132 78 2
132 88 26.9594
132 106 16.9802
132 125 13.501
132 143 6.88365
132 148 2.18347
132 183 7.50913
132 190 18.2226
133 0 5.91371
133 19 2
133 80 33.06
133 94 5.36155
133 139 3.88306
133 197 16.5988
134 0 3.85779
134 46 23.1522
134 112 41.6495
134 139 24.7683
134 154 30.4466
134 161 2.77981
134 190 11.0262
135 0 6.67917
135 1 18.6338
135 2 12.9533
135 12 11.938
135 14 13.8356
135 23 29.2206
135 34 3.03445
135 98 9.39604
135 155 5.65793
136 0 10.6444
136 2 2.08709
136 54 2.42424
136 103 13.9082
136 121 8.34309
136 170 26.4879
136 183 2.31498
136 184 7.53949
136 186 5.06737
137 0 32.0216
137 83 41.144
137 139 45.4948
137 164 43.7889
138 0 18.2705
138 13 2
138 50 17.8809
138 93 2
138 109 13.1193
138 137 10.3031
138 146 5.56158
138 154 8.95984
138 183 2.06903
139 0 16.4411
139 25 3.36206
139 30 2.31699
139 52 21.7284
139 63 18.1
139 138 15.489
139 183 13.3922
139 189 6.1968
140 0 2
140 93 26.5059
140 139 23.7631
140 154 38.7898
140 181 37.9169
141 0 33.4964
141 47 16.7637
141 124 55.2627
141 193 22.7951
142 0 21.2083
142 4 16.4079
142 37 15.1617
142 45 3.95149
142 54 2.3557
142 86 2
142 88 6.12792
142 139 3.41858
142 162 2.35131
142 167 9.88902
142 183 10.8253
142 189 8.40295
143 0 19.4909
143 63 17.1357
143 76 38.2491
143 99 8.95892
143 167 10.5275
143 189 14.219
144 0 10.5289
144 30 7.67699
144 39 3.38304
144 77 6.38934
144 101 32.9228
144 113 5.21314
145 0 16.8795
145 14 10.5634
145 60 7.39636
145 91 7.00663
145 105 8.60532
145 138 12.2862
145 154 15.0443
145 161 19.1512
145 196 14.5396
146 0 6.84216
146 30 17.5482
146 54 8.43213
146 65 12.2653
146 103 14.8152
146 113 5.61305
146 125 14.1281
146 130 7.52007
146 164 8.82027
146 187 8.39354
146 196 16.8432
147 0 30.4893
147 29 5.26225
147 35 26.3997
147 38 14.3378
147 45 28.5196
147 80 21.2877
147 154 23.4286
147 179 6.2707
147 196 24.986
148 0 4.84716
148 5 3.65853
148 52 24.0547
148 63 17.1306
148 78 16.9659
148 138 10.6389
148 189 9.58426
148 190 22.5874
148 196 8.09704
149 0 3.48604
149 13 15.688
149 39 13.1267
149 58 5.45446
149 125 6.74465
149 136 8.02509
149 161 21.8132
149 183 2
149 186 10.4025
149 189 22.0272
149 190 23.4546
150 0 18.6592
150 17 9.76064
150 18 20.2436
150 33 16.5592
150 133 27.995
150 154 4.99624
150 155 5.96387
150 174 8.37708
150 179 6.33506
151 0 11.4609
151 47 8.64343
151 74 3.71065
151 113 18.1822
151 124 11.2486
151 128 13.0055
151 138 18.2376
151 145 9.01396
151 155 12.7807
151 158 18.1434
151 183 4.42372
151 192 9.11066
151 196 12.2258
152 0 13.6947
152 4 17.0655
152 11 11.0783
152 56 3.58772
152 64 11.3493
152 90 25.1397
152 139 27.7183
152 140 17.023
152 174 21.6371
153 0 14.1364
153 19 16.451
153 45 5.08036
153 76 8.55067
153 80 6.29199
153 99 16.9234
153 138 13.8669
153 140 3.75193
153 154 10.7931
153 174 2
153 176 5.95261
153 178 10.1074
154 0 8.39228
154 27 14.4131
154 29 2
154 43 9.68899
154 78 10.3249
154 98 2
154 113 14.0874
154 126 14.1071
154 139 2
154 170 7.24337
154 183 3.45001
154 186 15.053
154 199 4.22988
155 0 10.5764
155 22 3.74582
155 44 11.7931
155 56 12.806
155 74 21.1397
155 86 17.5384
155 99 5.4383
155 105 3.59248
155 138 6.54367
155 154 14.6754
155 171 2.24393
155 183 9.68433
156 0 11.1037
156 1 2
156 75 17.1698
156 96 31.295
157 0 16.5643
157 28 17.7145
157 52 12.3797
157 76 7.10796
157 86 17.1292
157 139 13.3507
157 141 8.36875
157 175 17.4338
157 178 20.3552
157 183 13.2664
158 0 17.6715
158 40 3.89167
158 86 27.9331
158 128 18.847
158 138 3.65599
158 161 19.1134
158 166 27.43
159 0 4.19316
159 15 24.171
159 47 2
159 58 4.83931
159 86 5.52766
159 138 13.6323
159 152 10.1367
159 159 2
159 180 15.8425
159 187 3.89914
159 189 17.6612
159 198 13.0221
160 0 2
160 63 10.5531
160 101 5.2166
160 106 10.5782
160 128 20.4891
160 169 5.72644
160 180 30.0996
161 0 13.5947
161 12 5.39166
161 33 17.3386
161 94 27.2505
161 139 15.7675
161 148 4.9196
161 155 19.4593
161 166 26.3599
161 184 8.02879
161 190 12.1938
162 0 10.2853
162 12 5.3129
162 35 8.69845
162 58 17.1157
162 64 3.04871
162 75 7.58962
162 80 25.1131
162 103 8.4745
162 139 14.7744
162 195 15.7613
163 0 15.9378
163 9 2
163 52 2.2283
163 54 6.86895
163 75 4.64943
163 86 13.8285
163 88 15.331
163 140 28.9349
163 172 24.2992
163 196 8.24722
164 0 3.11412
164 18 3.87001
164 47 19.7259
164 79 20.6483
164 88 2.42588
164 128 20.1601
164 139 3.22913
164 151 27.725
164 160 23.5835
164 183 25.5238
165 0 59.9624
165 13 57.1717
165 63 9.13158
165 102 73.0673
166 0 2
166 58 6.49115
166 79 8.7612
166 126 17.9947
166 138 14.3766
166 141 5.42671
166 146 15.2749
166 158 3.47243
167 0 3.50144
167 15 5.8567
167 29 3.28329
167 44 5.51154
167 58 14.0883
167 88 2
167 90 3.69969
167 99 4.96516
167 121 2.99948
167 170 11.5129
167 173 5.78057
167 179 14.2238
167 186 8.47434
167 196 2.286
167 198 4.40242
168 0 5.1185
168 6 2
168 13 3.88072
168 28 14.7359
168 45 22.6494
168 69 12.9194
168 164 16.826
168 166 19.2036
168 179 2
169 0 16.8871
169 12 2.95571
169 79 3.32902
169 80 2.25031
169 84 7.89488
169 88 9.58467
169 139 11.604
169 141 10.1905
169 164 4.33311
169 167 6.68505
169 173 10.3454
170 0 11.0053
170 30 2
170 59 2
170 86 2
170 103 23.2273
170 151 6.90933
170 161 14.2659
170 179 13.5665
171 0 9.95117
171 13 17.6901
171 39 20.0055
171 41 2.03328
171 65 4.88239
171 139 41.1641
171 147 25.9854
171 186 19.6533
172 0 10.3477
172 23 13.8795
172 37 12.8356
172 50 6.07245
172 58 15.5455
172 66 4.45752
172 74 28.26
172 91 21.5289
172 179 9.7318
173 0 40.413
173 20 30.1256
173 75 2.38686
173 77 35.2934
173 79 20.1559
173 96 22.9627
173 196 8.02706
174 0 22.9613
174 12 7.74472
174 99 11.0689
174 139 25.2138
174 161 14.9177
174 179 14.1253
175 0 8.34203
175 30 24.8896
175 72 9.8768
175 75 17.2023
175 82 4.24974
175 168 9.08355
175 193 15.8648
176 0 12.2491
176 1 4.66891
176 57 32.5773
176 98 16.527
176 132 22.327
176 136 12.7643
176 139 12.4675
177 0 31.3874
177 29 19.6543
177 30 43.9116
177 45 31.7306
177 60 18.6436
178 0 12.9804
178 50 53.5607
178 119 22.4369
178 128 13.514
178 169 19.5897
178 175 24.2718
179 0 5.15912
179 99 3.48437
179 114 17.1796
179 124 15.4701
179 126 6.48091
179 131 20.1472
179 141 9.92884
179 142 8.12653
179 158 14.1309
179 161 8.95831
179 190 25.1453
180 0 2
180 4 4.11551
180 13 3.38789
180 80 9.49283
180 103 5.42996
180 108 15.7071
180 140 4.29209
180 158 6.97069
180 190 26.374
180 196 11.6461
181 0 18.5369
181 59 5.83226
181 61 12.4158
181 63 3.29422
181 94 2.77991
181 97 3.33327
181 100 4.71317
181 103 11.1699
181 136 17.9856
181 168 6.35275
181 198 7.80013
182 0 15.1433
182 98 24.2981
182 155 19.1838
182 181 24.4814
182 189 12.2835
182 196 13.7086
183 0 2
183 34 3.68232
183 36 13.2644
183 46 9.66919
183 52 5.78375
183 56 7.09281
183 79 4.9646
183 93 11.6336
183 138 8.11037
183 154 20.794
184 0 8.62832
184 4 6.7689
184 8 2.30275
184 33 7.16378
184 68 7.93949
184 80 3.64032
184 85 3.45832
184 101 7.14552
184 106 11.9374
184 157 4.45743
184 164 2
184 196 14.8572
185 0 5.9137
185 33 9.62213
185 37 5.57779
185 56 14.9057
185 57 13.4149
185 72 12.4164
185 80 19.1544
185 101 10.6673
185 113 13.107
185 158 12.7916
185 186 18.4108
186 0 2
186 6 37.8225
186 74 16.3443
186 90 27.7213
186 155 7.2046
186 170 6.11975
186 183 20.2523
186 196 20.4745
187 0 9.13422
187 58 27.4576
187 69 19.7019
187 126 25.9413
187 143 27.9705
187 164 2
187 190 9.237
188 0 2.34305
188 9 6.56072
188 17 12.3481
188 25 9.78788
188 42 4.55988
188 54 7.86557
188 63 5.2313
188 86 2
188 138 6.57358
188 155 4.62735
188 183 9.06041
188 186 3.20168
188 196 15.2993
189 0 11.0811
189 4 16.5694
189 18 3.74691
189 29 3.50368
189 46 4.43003
189 47 6.18964
189 50 13.5176
189 52 11.3052
189 74 15.1278
189 91 2
189 106 2
189 138 10.0007
189 139 3.00806
189 183 12.1607
189 196 7.70553
190 0 7.83548
190 9 8.85933
190 34 2.77504
190 62 22.5461
190 75 25.2718
190 77 2
190 78 15.2705
190 86 2
190 128 11.1875
190 138 19.847
190 184 6.84729
191 0 20.9167
191 13 4.55316
191 79 2
191 80 13.63
191 83 2
191 99 16.4077
191 103 12.5976
191 138 15.6762
191 141 13.3344
191 154 9.15697
191 155 15.9352
191 164 2.73369
192 0 9.13904
192 40 5.70018
192 45 10.7267
192 48 10.9012
192 69 2.71379
192 158 23.5859
192 181 35.1848
193 0 16.4776
193 6 39.5833
193 56 14.2134
193 78 11.7684
193 85 20.2904
193 90 38.8629
193 116 2.37325
194 0 20.4242
194 8 15.6548
194 50 15.0393
194 58 29.8046
194 103 11.7392
194 105 39.9598
195 0 5.17612
195 103 29.5195
195 141 40.392
195 147 19.4629
195 151 24.9906
195 155 36.0063
195 179 2
196 0 11.9122
196 28 11.233
196 39 5.13642
196 47 2
196 54 12.1981
196 80 3.14412
196 104 12.9418
196 127 26.7657
196 164 15.071
196 178 6.63525
197 0 26.6037
197 27 14.0958
197 91 11.7151
197 93 9.73407
197 97 23.4701
197 138 28.3638
197 141 32.8149
198 0 22.9584
198 1 22.0772
198 52 6.83385
198 88 35.3702
198 138 11.0494
198 155 21.6375
198 169 19.1271
198 177 14.2002
199 0 17.793
199 22 5.1789
199 47 14.0178
199 55 10.765
199 115 12.572
199 138 21.2553
199 139 10.6322
199 140 10.3543
199 146 15.154
199 148 7.19086
199 181 7.46964
