150 150 1200
1
1
1
1
1
1
1
1
1
1
1
1
1
1
1
1
1
1
1
1
1
1
1
1
1
1
1
1
1
1
1
1
1
1
1
1
1
1
1
1
1
1
1
1
1
1
1
1
1
1
1
1
1
1
1
1
1
1
1
1
1
1
1
1
1
1
1
1
1
1
1
1
1
1
1
1
1
1
1
1
1
1
1
1
1
1
1
1
1
1
1
1
1
1
1
1
1
1
1
1
1
1
1
1
1
1
1
1
1
1
1
1
1
1
1
1
1
1
1
1
1
1
1
1
1
1
1
1
1
1
1
1
1
1
1
1
1
1
1
1
1
1
1
1
1
1
1
1
1
1
0 0 3.96099
0 8 2.70968
0 31 20.4214
0 35 15.1897
0 36 4.68707
0 63 7.13417
0 91 2
0 96 14.0583
0 130 14.0389
0 133 7.75456
1 0 2
1 6 18.3524
1 15 4.03995
1 26 6.08534
1 32 10.2903
1 90 6.08038
1 91 3.47356
1 94 10.2302
1 110 6.48589
1 119 2.12639
1 138 13.2809
1 139 2
2 0 15.3501
2 2 26.2165
2 44 21.6917
2 48 7.58911
2 61 9.78226
2 62 5.22889
2 67 10.3409
2 82 14.8952
2 91 9.57276
2 99 3.34819
2 117 8.82983
3 0 39.9755
3 10 16.3902
3 11 27.6495
3 41 2.22316
3 92 3.40552
3 118 17.1215
4 0 18.0047
4 8 2.54073
4 22 8.93228
4 42 4.53294
4 44 6.85376
4 54 21.8884
4 77 24.6946
4 78 5.33484
4 95 8.35955
4 148 11.9479
5 0 6.20044
5 22 19.0079
5 65 27.7634
5 67 19.7686
5 94 6.60232
5 110 17.6129
5 117 2
5 123 17.9821
5 143 6.23758
6 0 4.76291
6 40 66.9004
6 61 53.2594
7 0 21.2866
7 7 5.92597
7 18 8.46239
7 21 30.7936
7 28 13.0731
7 36 8.92197
7 78 2.78814
8 0 25.1407
8 8 29.6322
8 52 4.04587
8 59 48.2204
8 61 25.4758
8 118 11.9376
9 0 30.1227
9 3 30.0172
9 46 10.411
9 53 18.5418
9 117 38.1911
9 122 22.8174
10 0 51.9779
10 8 5.99381
10 9 4.7533
10 35 7.26063
10 133 9.45429
10 138 9.57262
11 0 13.4554
11 42 21.8136
11 78 16.8766
11 90 10.5436
11 91 53.1207
11 133 2
12 0 12.5176
12 1 13.2267
12 8 5.448
12 22 16.4436
12 29 18.6723
12 41 9.89755
12 48 7.2426
12 59 15.1875
12 72 3.73431
12 75 11.1254
12 141 2.34074
12 142 20.0514
13 0 24.8178
13 4 13.4234
13 32 11.4802
13 52 2.61154
13 59 11.2691
13 117 12.8261
13 124 6.3251
14 0 3.33281
14 1 13.8037
14 8 8.15223
14 9 5.96542
14 11 11.4655
14 17 5.96
14 22 2
14 35 8.49466
14 40 12.1033
14 44 2
14 52 3.49407
14 55 2.74719
14 92 11.6433
14 96 15.4564
14 107 2
14 122 10.4684
15 0 13.3726
15 3 17.6226
15 21 8.98457
15 67 20.5179
15 142 3.12275
15 145 28.1956
16 0 3.83616
16 22 13.3369
16 26 17.0071
16 33 30.7557
16 40 13.9194
16 49 9.3705
16 106 16.7157
16 110 21.6999
16 133 2.14784
17 0 15.3606
17 11 19.2771
17 18 10.4205
17 32 9.00226
17 75 2.10945
17 91 16.3219
17 94 25.7199
17 122 2
17 138 5.98922
18 0 4.03851
18 7 20.9598
18 10 6.19265
18 18 13.5612
18 29 5.08523
18 46 6.72033
18 53 16.9023
18 86 6.82562
18 91 4.52196
18 110 4.91004
18 133 4.30648
18 147 6.45547
19 0 9.14811
19 22 6.53912
19 25 4.84988
19 26 7.42068
19 40 7.79211
19 59 12.1834
19 61 11.3006
19 69 9.27638
19 73 11.053
19 90 8.71578
19 92 10.294
19 99 7.07915
19 112 11.0713
19 118 3.29052
19 130 9.0042
19 149 9.77191
20 0 15.3262
20 3 2
20 9 5.70874
20 15 19.9717
20 61 2
20 83 3.62286
20 110 11.0932
21 0 2
21 39 24.3264
21 40 2
21 48 11.1976
21 50 15.0766
21 83 16.2025
21 90 20.6591
21 99 9.12643
21 112 2
22 0 26.3608
22 7 10.1566
22 8 19.8108
22 16 20.633
22 48 5.3992
22 78 2
22 95 10.719
22 118 20.7667
23 0 13.2679
23 3 7.96467
23 11 19.4915
23 19 7.93587
23 45 16.7412
23 96 5.42936
23 116 9.39801
23 132 6.83741
23 133 8.09914
23 138 24.6569
24 0 24.2851
24 40 30.8921
24 41 9.20328
24 46 17.1063
24 47 33.8267
24 92 29.3379
24 107 2
24 138 17.5959
25 0 2.27765
25 3 12.5364
25 10 2
25 42 4.3437
25 90 21.4065
25 99 11.9335
25 136 9.59575
26 0 7.39757
26 7 10.4434
26 10 9.61743
26 12 6.57311
26 39 19.6264
26 45 16.1511
26 75 27.5504
26 122 4.73912
26 136 31.4615
27 0 10.2492
27 11 10.5
27 22 21.5504
27 36 26.1098
27 49 8.02201
27 90 28.0252
27 106 16.9187
27 138 2
28 0 10.1867
28 11 2
28 12 13.6107
28 23 9.14283
28 61 4.96938
28 87 12.8407
28 90 14.0691
28 96 5.85629
28 133 3.20049
29 0 12.7736
29 48 19.5866
29 58 20.9272
29 99 36.4895
29 111 2
29 114 4.55378
29 142 11.4265
30 0 18.391
30 3 10.4169
30 19 17.1044
30 46 12.7697
30 59 17.4151
30 61 23.8687
30 89 10.4679
30 90 2
30 92 3.65008
30 139 13.3659
31 0 25.061
31 45 5.71378
31 49 2
31 75 2
31 80 4.1797
31 90 19.7557
31 94 2.821
31 117 2
31 122 20.0584
31 136 20.0731
31 146 18.0189
32 0 3.5871
32 5 21.038
32 15 13.3586
32 19 7.21099
32 33 19.7515
32 35 7.55062
32 36 9.09782
32 61 16.7992
32 70 9.68252
32 78 10.505
32 92 15.9768
32 96 2
32 117 6.63765
33 0 6.69531
33 2 9.00672
33 3 4.44775
33 5 3.03539
33 34 12.8481
33 35 2
33 36 7.87647
33 44 4.24787
33 45 8.37426
33 56 5.00866
33 61 8.63319
33 71 3.47295
33 92 6.72222
33 110 2
33 131 13.2819
33 132 7.83543
33 136 7.87518
33 138 4.07084
34 0 20.1017
34 46 8.64199
34 56 9.67171
34 78 12.3961
34 126 2
35 0 2.25989
35 65 128.403
35 133 24.1411
36 0 20.3121
36 22 21.9235
36 36 8.58601
36 80 2
36 90 2.19466
36 110 30.2946
36 131 41.7355
36 147 17.738
37 0 9.19839
37 7 19.3733
37 40 14.3098
37 42 7.91173
37 43 2.04637
37 56 7.37361
37 73 14.8893
37 90 2
37 92 2.24155
37 126 5.65162
37 133 9.57596
37 141 11.0817
38 0 6.04584
38 8 48.6406
38 48 42.9825
38 110 24.5407
39 0 10.013
39 1 14.1554
39 11 25.8688
39 14 5.9494
39 28 14.409
39 61 13.3644
39 95 10.5906
39 117 8.69943
39 124 22.2926
40 0 10.7623
40 9 13.5349
40 18 5.66994
40 41 22.4744
40 65 10.0246
40 89 3.78846
40 96 16.3238
40 136 31.7461
40 147 2
41 0 39.7137
41 29 28.6779
41 33 8.46576
41 55 23.3747
41 92 11.0096
41 119 32.4886
41 125 20.4355
42 0 11.7607
42 5 5.55819
42 9 2.03821
42 26 4.45924
42 53 4.88113
42 59 7.39056
42 78 4.51669
42 81 6.70323
42 90 10.0928
42 91 6.80151
42 104 7.1942
42 123 3.31407
42 133 2
42 138 2
42 147 9.53325
43 0 41.2408
43 12 41.3036
43 88 42.6401
43 105 14.2654
44 0 4.83069
44 1 11.2604
44 5 7.49926
44 22 24.6137
44 26 3.66624
44 36 4.09647
44 63 12.0871
44 67 22.0939
44 90 20.0833
45 0 15.6065
45 9 36.7033
45 112 2
45 144 28.0051
46 0 16.75
46 18 2
46 26 13.1747
46 35 3.10699
46 49 10.8191
46 61 7.42822
46 77 9.88886
46 91 5.01543
46 96 19.5056
46 110 4.45907
46 138 18.9192
47 0 33.2436
47 53 14.019
47 110 48.1844
47 133 29.6948
47 138 55.9332
48 0 16.6083
48 12 6.07774
48 15 3.45346
48 36 14.4573
48 53 17.4971
48 67 17.018
48 116 6.97621
48 122 16.9374
48 130 17.8633
48 138 2
49 0 4.87213
49 3 9.93339
49 29 28.5901
49 80 2
49 91 21.2506
49 111 2
49 122 16.0093
49 126 19.5031
49 133 23.5494
50 0 5.79513
50 3 8.08043
50 9 12.934
50 36 7.92363
50 40 14.5284
50 48 2.20024
50 50 21.7792
50 59 14.9306
50 90 7.88838
50 116 6.8471
50 125 10.3255
50 132 8.35116
51 0 11.1241
51 18 13.3598
51 22 2
51 33 7.4007
51 56 22.9379
51 61 15.5217
51 91 20.2122
51 95 13.104
51 96 3.48077
51 102 6.58177
51 125 10.5324
51 136 12.4687
52 0 6.07699
52 1 26.2589
52 3 5.88277
52 7 7.49069
52 15 5.70307
52 22 2
52 24 2
52 35 5.12443
52 103 7.23516
52 136 13.6983
53 0 22.8641
53 3 8.51636
53 15 22.4325
53 40 20.2176
53 96 38.2878
53 118 25.1898
53 133 9.9445
54 0 5.83328
54 3 2.76666
54 8 18.1443
54 9 16.5234
54 22 11.3627
54 90 6.04422
54 95 2
54 123 9.53122
54 124 2.27844
54 130 11.7688
54 142 13.6165
54 143 3.37648
55 0 10.6983
55 7 15.7638
55 11 5.15635
55 26 2.15171
55 35 15.6197
55 36 10.4988
55 40 5.6926
55 42 16.745
55 61 7.56682
55 63 15.6071
55 82 10.8964
55 99 2
55 115 14.1228
55 117 6.46293
55 130 6.39215
56 0 3.09872
56 5 29.4847
56 19 30.4837
56 48 27.9959
56 82 28.547
56 83 9.19184
56 94 11.2866
56 125 31.5914
57 0 7.04257
57 12 16.7402
57 19 15.5823
57 35 2
57 40 11.7482
57 49 16.2104
57 52 2.08553
57 67 3.46906
57 75 3.9768
57 77 2
57 90 2.02913
57 96 6.7892
57 119 10.8131
58 0 7.97415
58 9 18.4715
58 10 11.0023
58 61 10.287
58 72 15.3582
58 77 9.02471
58 96 3.3908
58 106 13.1522
58 133 15.5736
58 142 11.8702
59 0 3.46621
59 22 19.1681
59 42 2
59 45 4.95174
59 63 6.84319
59 71 9.04475
59 84 5.50494
59 90 10.8489
59 92 12.1815
59 99 14.0235
59 126 2
59 128 21.225
60 0 5.07221
60 7 15.5586
60 40 22.146
60 48 21.2729
60 57 16.9683
60 67 23.4065
60 81 2.20826
60 91 12.677
60 133 15.2052
61 0 28.4221
61 8 22.4065
61 40 7.1901
61 65 20.8609
61 90 25.4714
61 110 5.39115
61 126 18.92
61 138 3.98613
62 0 9.47679
62 9 19.5436
62 21 14.4075
62 22 13.0584
62 40 27.3649
62 42 14.222
62 63 11.3522
62 64 13.088
62 86 2
62 96 18.8564
62 104 7.55158
63 0 7.79725
63 8 4.35325
63 22 7.34577
63 67 5.18742
63 76 2
63 90 6.85118
63 91 5.5019
63 106 11.8979
63 112 10.718
63 119 6.77306
63 123 14.48
63 127 11.8324
63 142 4.94811
64 0 6.23543
64 5 47.5233
64 8 24.4522
64 86 42.9474
64 110 14.6798
65 0 17.2825
65 3 31.7154
65 26 23.601
65 42 6.94288
65 57 9.3265
65 62 2.28592
65 96 10.1927
65 112 3.67473
65 132 24.7838
66 0 3.05262
66 8 3.25733
66 19 13.6129
66 29 23.6322
66 42 18.726
66 45 25.9661
66 96 21.6821
66 99 17.1742
67 0 10.3586
67 22 11.7491
67 45 13.0127
67 48 11.6121
67 53 15.8531
67 56 4.73772
67 62 9.05468
67 77 7.09255
67 83 8.42643
67 127 7.83637
67 138 2
67 143 11.7583
68 0 15.8187
68 8 7.05682
68 19 5.43306
68 36 14.2851
68 40 3.96977
68 48 6.99618
68 59 14.5702
68 65 17.2014
68 91 3.89328
68 122 5.52213
69 0 47.541
69 29 28.197
69 36 23.3374
69 40 15.2134
69 112 44.1658
70 0 14.8507
70 15 37.535
70 78 13.8965
70 82 27.6567
70 138 28.7834
71 0 19.928
71 8 25.4437
71 20 10.3424
71 22 16.4395
71 36 5.73238
71 83 17.5488
71 91 32.0883
72 0 7.6438
72 1 14.8588
72 9 9.11385
72 18 6.43525
72 36 15.8312
72 55 2.80935
72 70 12.2316
72 77 12.9011
72 96 8.83702
72 119 8.31674
72 133 20.7068
72 146 10.0043
73 0 4.66314
73 40 6.66994
73 53 2
73 57 11.2133
73 68 3.28631
73 83 13.9146
73 90 4.46795
73 102 6.54596
73 124 7.63619
73 125 14.4664
73 137 5.96791
74 0 56.033
74 116 41.544
74 138 36.7558
75 0 18.4148
75 1 2.73438
75 18 2.24679
75 42 11.1944
75 50 11.4846
75 65 2
75 67 2
75 86 10.1084
75 91 14.2178
75 96 17.0722
75 117 2
75 132 7.58708
75 136 7.43215
75 149 3.89706
76 0 8.59984
76 1 16.1875
76 15 16.9648
76 23 2.23193
76 24 17.1455
76 25 13.4051
76 39 3.31701
76 61 14.7873
76 91 16.0658
76 94 3.28598
76 110 7.36375
76 145 22.8377
76 146 2.39485
77 0 2
77 10 11.6736
77 15 3.00082
77 21 9.75193
77 22 22.7109
77 46 28.2118
77 56 2.84258
77 135 3.07477
77 136 6.362
78 0 3.12393
78 21 5.84337
78 36 31.0059
78 60 35.8179
78 91 7.34311
78 114 28.7592
79 0 23.3493
79 11 17.9875
79 33 17.0193
79 40 4.49068
79 41 3.65389
79 91 12.5807
79 99 9.97452
79 112 11.3194
79 146 3.89366
80 0 34.9918
80 15 34.7634
80 91 10.3946
80 118 8.53311
80 133 3.56727
80 141 17.5728
81 0 2
81 8 10.0674
81 19 2
81 60 17.5794
81 104 13.7478
81 142 8.14303
81 146 8.99749
82 0 14.0688
82 1 17.3115
82 9 20.4098
82 29 5.97891
82 36 35.6067
82 83 7.43848
82 128 31.1445
82 147 5.36673
83 0 2
84 0 44.5712
84 8 28.08
84 11 6.55227
84 50 4.35306
84 89 18.2755
84 122 28.495
84 129 28.6325
85 0 3.18678
85 3 17.2013
85 8 10.9157
85 9 17.3888
85 22 9.08945
85 40 7.17842
85 49 9.50548
85 67 12.8477
85 94 10.8976
85 133 21.2704
86 0 9.83509
86 7 16.6367
86 24 2
86 34 18.1383
86 40 7.73154
86 42 2
86 61 20.6437
86 67 19.6554
86 83 8.16877
86 136 8.94603
87 0 8.8127
87 3 13.5937
87 22 2
87 52 4.29085
87 63 20.6198
87 67 13.2336
87 91 4.913
87 141 6.78488
87 146 2
88 0 17.6316
88 11 20.9454
88 17 8.05725
88 20 15.5922
88 22 21.4147
88 25 2
88 33 4.27582
88 39 9.03348
88 102 10.7554
88 122 17.3004
89 0 21.98
89 8 2
89 9 8.10724
89 19 9.49101
89 33 16.0891
89 81 7.8595
89 122 19.2696
89 138 21.7264
90 0 7.6858
90 7 36.7068
90 8 3.5062
90 33 2
90 36 10.7878
90 80 32.2614
90 110 6.64393
90 117 5.73735
91 0 5.90524
91 8 5.86084
91 19 20.6334
91 33 10.7321
91 42 9.55063
91 53 12.5016
91 76 16.8797
91 110 2
91 124 6.63096
91 140 14.7095
91 146 12.6184
92 0 12.0356
92 1 5.07034
92 10 5.66132
92 40 2
92 44 9.58643
92 49 22.6615
92 86 2
92 91 13.7176
92 96 23.6518
92 136 2
92 141 21.959
93 0 4.90697
93 33 2.0432
93 41 15.401
93 52 14.8082
93 56 11.9364
93 91 10.9507
93 93 8.27755
93 99 20.5182
93 124 13.2472
93 126 11.3652
93 133 16.4006
93 146 8.32701
94 0 5.74203
94 29 10.0331
94 33 2
94 38 2
94 39 3.07434
94 40 31.394
94 42 2.47065
94 92 13.226
94 133 15.4492
95 0 23.2435
95 3 37.7168
95 90 31.7451
95 123 35.4143
95 130 3.78015
96 0 2
96 57 61.1388
96 112 9.17373
97 0 16.8847
97 7 17.9395
97 9 17.8725
97 14 2.89937
97 19 17.3974
97 63 22.8625
97 92 12.0766
97 96 14.9609
97 105 10.3793
97 118 9.50431
98 0 14.2975
98 8 11.8585
98 29 2.60878
98 35 3.57832
98 36 16.8343
98 42 18.1813
98 56 2
98 78 2
98 83 17.1525
98 86 2.81989
98 133 2
99 0 4.49038
99 18 14.0474
99 22 19.8975
99 24 3.89154
99 45 3.36855
99 73 3.17042
99 94 22.076
99 110 16.5586
99 128 12.8059
99 142 3.05313
100 0 2
100 3 6.70076
100 18 2
100 22 2.27941
100 40 7.03025
100 104 17.1743
100 125 2.57908
100 131 11.2301
101 0 16.9574
101 7 6.4027
101 22 27.9106
101 29 17.595
101 36 19.5173
101 75 12.4226
101 123 2
101 142 25.3361
101 148 10.7376
102 0 7.22641
102 26 28.248
102 34 17.4141
102 60 49.253
102 96 2
103 0 2
103 1 4.03238
103 7 10.5258
103 22 8.42669
103 46 21.8086
103 80 6.92159
103 90 11.5409
103 91 7.98943
103 96 15.7391
103 123 12.2239
104 0 11.6861
104 1 4.40958
104 3 19.837
104 8 12.9059
104 29 15.1431
104 33 10.3316
104 46 13.92
104 63 10.582
104 83 10.1655
104 110 12.4285
104 132 11.4071
104 133 14.9327
105 0 2.99778
105 11 19.0296
105 21 19.1798
105 22 2
105 67 16.0156
105 83 2
105 84 2
105 92 13.9688
105 104 6.38997
105 146 10.0395
106 0 17.8445
106 2 8.41931
106 8 7.41971
106 67 6.43871
106 90 11.7157
106 91 11.6799
106 96 3.45983
106 112 2
106 116 3.35657
106 138 18.8715
106 145 14.9392
107 0 24.9756
107 3 27.3695
107 8 8.01893
107 45 22.6084
107 94 4.67787
107 146 5.32722
108 0 21.0244
108 33 24.8811
108 37 9.12713
108 40 5.40114
108 77 26.5054
108 110 6.75777
108 126 18.5467
108 131 13.8976
108 132 21.6724
109 0 12.8091
109 1 17.9369
109 22 9.29693
109 67 11.3611
109 71 5.18308
109 78 29.9157
109 132 16.2424
109 149 2.85205
110 0 6.05482
110 40 6.15326
110 42 21.4465
110 92 17.9829
110 116 13.4593
110 125 22.3193
110 142 7.21882
110 146 26.9092
111 0 8.22377
111 2 30.3012
111 22 20.6198
111 33 12.0006
111 67 16.9652
111 118 23.3081
111 132 23.2391
111 138 17.3896
112 0 7.06148
112 1 27.8318
112 10 28.4559
112 18 18.711
112 53 4.44131
112 61 29.9208
112 96 9.7105
112 122 22.2479
112 146 16.1634
113 0 13.0016
113 11 14.7821
113 21 7.98292
113 61 36.789
113 116 27.379
113 117 13.9707
114 0 5.7337
114 35 20.2991
114 52 12.1659
114 61 19.2754
114 75 25.467
114 122 12.1698
114 129 9.86136
114 148 2
115 0 31.8179
115 21 15.2571
115 35 17.8751
115 71 25.5428
115 88 19.5691
115 117 20.4093
115 138 20.4297
116 0 22.4474
116 3 9.76958
116 29 18.3745
116 45 3.51268
116 56 9.12208
116 61 14.4094
116 65 7.94747
116 91 4.37544
116 99 21.8775
116 133 19.6998
116 138 3.12479
117 0 17.7176
117 3 29.3386
117 40 11.9483
117 43 40.958
117 70 15.7461
117 137 30.7715
118 0 33.0736
118 24 29.4575
118 33 8.47418
118 61 16.4681
118 89 2
118 96 6.44249
118 107 21.405
118 128 12.0979
119 0 24.7976
119 1 8.58604
119 7 10.9538
119 19 10.0225
119 40 16.5721
119 70 11.4875
119 83 19.7861
119 90 16.9722
119 93 15.0863
120 0 13.4669
120 1 35.527
120 22 4.36086
120 96 7.01722
120 97 6.88586
120 119 33.2261
120 132 33.7532
120 138 28.6019
121 0 28.3571
121 33 15.241
121 35 30.9335
121 50 35.4122
121 61 27.6645
121 138 7.43692
121 141 8.48045
122 0 6.99641
122 6 7.15344
122 21 5.4821
122 33 6.30842
122 36 11.9556
122 45 9.53551
122 56 5.43721
122 58 6.95259
122 61 15.4988
122 83 12.9318
122 90 13.6462
122 91 5.95258
122 112 7.53929
122 123 14.3525
122 129 2
122 138 6.37485
123 0 10.1314
123 3 18.2047
123 29 7.95851
123 46 13.5762
123 48 2.32159
123 59 3.26283
123 91 2
123 107 4.36378
123 109 8.83649
123 136 19.4627
123 138 7.17343
124 0 51.237
124 19 19.0196
124 48 20.3206
124 58 16.2982
124 83 29.5394
124 104 29.4606
124 112 26.1196
125 0 9.1385
125 22 18.6525
125 52 49.5862
125 73 37.8713
125 90 3.20189
125 92 31.2895
126 0 8.12703
126 1 12.8404
126 8 16.2007
126 15 9.98535
126 18 9.54008
126 22 18.4659
126 33 6.75514
126 56 2.01328
126 64 2
126 90 3.26847
126 95 2.13742
126 136 9.92559
127 0 2.95788
127 1 10.835
127 3 22.774
127 7 2.15193
127 8 15.2345
127 9 14.7346
127 18 18.4731
127 22 2
127 77 18.0303
127 118 6.363
127 138 7.79455
128 0 7.14116
128 7 2
128 8 2.61086
128 10 2
128 12 7.1192
128 19 5.00564
128 39 6.98898
128 40 5.31551
128 41 5.11203
128 44 3.61261
128 48 2.83866
128 61 2.56518
128 83 5.93814
128 84 4.81381
128 96 9.40766
128 103 4.7399
128 118 16.866
128 130 2
128 141 2
129 0 12.5454
129 11 11.3658
129 35 3.47925
129 40 18.2011
129 63 21.7597
129 68 4.64959
129 72 40.3014
129 96 21.9372
130 0 5.00432
130 7 32.3829
130 9 33.3749
130 18 6.8429
130 29 3.96546
130 53 12.2146
130 126 13.1646
131 0 44.3558
131 40 3.63199
131 42 48.7591
131 110 43.6116
131 142 37.6009
132 0 20.9132
132 17 7.15002
132 46 10.2326
132 50 6.78177
132 61 27.9557
132 63 5.09221
132 72 18.3867
132 122 13.2071
133 0 21.6179
133 7 10.1702
133 35 4.9353
133 36 16.2985
133 40 20.4574
133 46 11.4415
133 72 15.2921
133 90 3.76914
133 91 4.41957
133 94 2
133 126 11.2093
134 0 11.4243
134 11 10.5248
134 15 3.77382
134 46 6.1001
134 61 10.7183
134 67 4.13216
134 91 13.4024
134 131 12.1598
134 132 9.94758
134 133 5.52122
134 141 3.46387
134 148 7.559
135 0 28.3123
135 8 14.3862
135 19 22.3958
135 22 7.98664
135 60 18.2853
135 61 15.3137
135 114 6.77959
136 0 5.85024
136 5 19.1982
136 7 3.06608
136 12 8.80638
136 80 25.1007
136 91 9.61834
136 118 14.1136
136 132 24.9286
137 0 5.59888
137 8 19.0751
137 9 17.0005
137 91 2.63631
137 93 5.68657
137 132 12.8207
137 141 14.5281
137 146 3.53934
138 0 5.02812
138 14 11.3468
138 39 13.6834
138 41 8.3537
138 47 18.9352
138 76 2.38123
138 94 4.41719
138 96 3.44604
138 110 7.54853
138 111 2
138 126 13.4312
138 130 2.1406
138 138 17.01
139 0 9.73839
139 29 5.9155
139 41 17.6753
139 50 32.2426
139 61 12.9831
139 99 7.96279
140 0 8.21214
140 5 6.84733
140 7 17.9511
140 40 4.69365
140 67 14.2845
140 95 19.9937
140 100 13.6377
140 102 15.4016
140 116 6.63117
141 0 15.0919
141 11 5.94525
141 26 29.204
141 36 3.41639
141 42 2
141 67 23.8249
141 99 15.6927
141 110 11.764
142 0 8.67496
142 35 11.2587
142 44 14.4068
142 71 2.94666
142 118 17.6975
142 132 12.8556
142 133 12.1872
142 136 10.0636
142 138 4.90563
142 141 22.2387
143 0 28.4073
143 35 30.7352
143 39 45.3978
143 92 24.9348
143 145 11.7793
144 0 3.9562
144 75 7.53872
144 80 6.97169
144 95 10.3013
144 96 7.21732
144 131 15.1828
144 138 15.1885
144 148 2
145 0 19.0856
145 8 13.5299
145 21 5.80434
145 42 16.9815
145 49 7.30748
145 55 9.13804
145 105 25.6602
145 118 7.16643
145 132 4.76532
146 0 21.1523
146 36 6.62737
146 49 7.85125
146 83 3.43091
146 132 28.6901
146 136 23.9422
146 141 11.2322
146 146 8.69648
147 0 30.9186
147 2 28.4084
147 17 12.5046
147 22 11.7444
147 79 15.539
147 94 6.09272
147 139 31.4192
148 0 15.3715
148 33 2
148 42 2.16875
148 44 8.90177
148 53 19.1483
148 75 16.5254
148 90 28.6355
148 91 10.2211
148 99 16.1901
149 0 8.90147
149 9 5.65656
149 11 3.54946
149 12 2
149 29 3.53994
149 39 10.2769
149 48 14.3782
149 68 2.40487
149 70 6.32678
149 105 5.11742
149 117 6.49609
149 124 19.0814
149 138 11.3562
149 139 5.83067
