300 300 2400
1
1
1
1
1
1
1
1
1
1
1
1
1
1
1
1
1
1
1
1
1
1
1
1
1
1
1
1
1
1
1
1
1
1
1
1
1
1
1
1
1
1
1
1
1
1
1
1
1
1
1
1
1
1
1
1
1
1
1
1
1
1
1
1
1
1
1
1
1
1
1
1
1
1
1
1
1
1
1
1
1
1
1
1
1
1
1
1
1
1
1
1
1
1
1
1
1
1
1
1
1
1
1
1
1
1
1
1
1
1
1
1
1
1
1
1
1
1
1
1
1
1
1
1
1
1
1
1
1
1
1
1
1
1
1
1
1
1
1
1
1
1
1
1
1
1
1
1
1
1
1
1
1
1
1
1
1
1
1
1
1
1
1
1
1
1
1
1
1
1
1
1
1
1
1
1
1
1
1
1
1
1
1
1
1
1
1
1
1
1
1
1
1
1
1
1
1
1
1
1
1
1
1
1
1
1
1
1
1
1
1
1
1
1
1
1
1
1
1
1
1
1
1
1
1
1
1
1
1
1
1
1
1
1
1
1
1
1
1
1
1
1
1
1
1
1
1
1
1
1
1
1
1
1
1
1
1
1
1
1
1
1
1
1
1
1
1
1
1
1
1
1
1
1
1
1
1
1
1
1
1
1
1
1
1
1
1
1
1
1
1
1
1
1
1
1
1
1
1
1
0 0 2
0 10 19.4085
0 27 15.7528
0 47 4.51799
0 56 13.6191
0 77 11.3112
0 80 7.86119
0 100 15.5993
0 109 14.4132
0 124 14.9459
0 127 2
0 211 4.97174
0 290 6.27935
1 0 23.6119
1 18 18.7347
1 61 5.84357
1 152 16.9076
1 188 8.07445
1 195 8.38489
1 227 16.9726
1 254 4.33977
1 271 2
2 0 2
2 14 8.24602
2 22 9.07523
2 38 3.47273
2 87 8.73929
2 98 2.75881
2 99 9.92588
2 119 3.70446
2 152 8.68617
2 160 2.70017
2 162 13.5336
2 175 6.20566
2 200 10.7707
2 235 5.36504
2 246 22.9791
3 0 7.70183
3 56 34.3333
3 66 2
3 122 40.3386
3 144 25.5726
4 0 2
4 96 2
4 127 34.0382
4 139 13.2406
4 146 41.7089
4 223 17.1201
4 271 21.9935
5 0 24.5071
5 17 13.1989
5 49 19.8441
5 61 13.7808
5 97 4.01059
5 256 8.199
5 291 11.181
6 0 13.0922
6 14 17.9032
6 72 4.82013
6 81 17.5138
6 117 2
6 138 13.6124
6 152 10.7707
6 165 18.2624
6 230 13.371
6 271 2
7 0 23.2438
7 15 27.4617
7 66 14.7005
7 72 15.4417
7 144 24.6684
7 155 21.7722
7 222 15.3352
7 242 25.047
8 0 7.41253
8 14 10.2272
8 61 3.1676
8 126 15.4443
8 131 9.55403
8 185 15.0543
8 195 4.95267
8 213 2
8 225 7.24322
8 232 9.36729
8 242 4.24649
8 274 3.22425
8 281 2.12451
9 0 18.1594
9 7 9.52577
9 15 12.3315
9 54 25.3281
9 123 15.3167
9 248 24.5238
9 272 9.5409
9 291 20.0043
10 0 11.5161
10 14 9.4669
10 63 20.7265
10 94 5.48901
10 103 8.78078
10 113 16.5491
10 150 6.17055
10 162 12.7243
10 172 2.23527
10 176 2
10 202 7.74396
10 240 8.15776
10 298 4.51323
11 0 10.7606
11 17 15.514
11 52 32.0342
11 86 21.815
11 102 12.0117
11 103 15.7888
11 111 18.8145
11 148 18.9706
11 219 16.5226
11 227 18.9144
12 0 23.2051
12 81 35.2106
12 162 12.1184
12 212 18.9179
12 234 30.8146
12 274 7.14152
13 0 7.93752
13 16 31.049
13 40 30.0855
13 214 13.2438
13 219 2.71376
13 232 10.4224
13 270 2.36354
14 0 4.58396
14 17 12.5993
14 18 8.30075
14 20 18.1793
14 48 5.58087
14 56 13.1299
14 71 17.1956
14 82 30.2987
14 223 2
14 254 2.04247
14 257 8.96183
15 0 6.49159
15 66 16.9289
15 93 37.0548
15 227 8.02107
15 272 8.75174
16 0 2.38146
16 90 12.8267
16 155 16.9006
16 167 13.3238
16 200 17.4892
16 249 20.6774
16 269 12.6872
16 286 9.30133
16 294 26.4837
17 0 3.56444
17 25 6.36551
17 98 5.24384
17 99 6.40217
17 124 8.94146
17 140 13.6818
17 188 16.5084
17 209 15.8523
17 290 4.67633
18 0 36.0146
18 15 32.3132
18 38 7.68116
18 126 32.743
18 291 4.12289
19 0 13.6042
19 18 5.62882
19 57 12.0621
19 73 3.97061
19 134 10.4838
19 147 7.13631
19 163 16.3645
19 185 21.2276
19 195 13.1917
19 202 7.30174
19 242 20.669
19 267 4.27943
19 299 16.9212
20 0 3.77171
20 14 20.1233
20 26 9.02262
20 61 5.23842
20 84 7.98875
20 177 16.0401
20 188 23.4759
20 236 17.9092
20 250 3.33687
21 0 27.2402
21 8 43.2105
21 20 20.3345
21 148 46.2308
21 219 35.7725
21 261 21.5831
22 0 49.9501
22 187 2
22 204 34.4205
22 228 11.8871
22 250 2
23 0 32.8974
23 35 12.2401
23 66 14.5793
23 103 4.96398
23 147 2
23 225 16.1314
23 281 9.28169
23 291 19.0102
23 294 14.5172
24 0 12.1567
24 5 2.24358
24 24 2.5121
24 54 15.4655
24 123 19.4687
24 147 6.31814
24 194 22.044
24 289 2
25 0 2
25 40 15.022
25 57 3.96634
25 143 3.88458
25 161 29.1774
25 195 7.1728
25 232 38.3587
25 244 12.7202
26 0 13.1609
26 72 4.71717
26 80 12.2033
26 82 6.91758
26 100 6.67138
26 151 7.45259
26 204 22.5728
26 227 2.47551
27 0 9.21031
27 15 3.00079
27 27 14.4243
27 28 10.4678
27 97 5.91729
27 207 5.62049
27 234 23.278
27 295 21.8776
28 0 3.96322
28 26 34.3311
28 80 3.19107
28 147 6.933
28 193 12.6755
28 237 21.4892
28 296 23.9997
29 0 3.71668
29 56 4.99032
29 87 24.7739
29 124 19.7618
29 148 3.52814
29 284 36.8909
30 0 10.5909
30 52 16.8434
30 61 24.2637
30 66 15.4238
30 103 20.1182
30 193 13.4279
30 227 17.7847
30 258 17.2866
30 272 23.2132
31 0 41.2021
31 10 5.13315
31 82 22.8359
31 132 4.4857
31 161 10.0944
31 165 27.2071
31 181 8.60977
32 0 7.22933
32 48 11.4968
32 61 22.4002
32 84 6.43211
32 108 3.17197
32 148 13.5847
32 204 2
32 240 3.86735
32 259 17.0729
33 0 23.4216
33 23 2.06778
33 81 13.1217
33 83 37.5444
33 141 13.6854
33 195 5.48235
33 207 2.84444
33 297 23.4822
34 0 53.4421
34 25 17.6814
34 93 25.0835
34 121 27.327
34 184 43.5378
35 0 23.0488
35 52 11.5372
35 61 21.6523
35 95 2.15572
35 119 13.875
35 139 4.01264
35 264 3.2051
35 286 2.38395
36 0 2
36 1 10.6306
36 9 29.5398
36 90 24.6925
36 99 21.4084
36 109 13.2667
36 182 4.17092
36 194 9.70246
36 227 22.5579
37 0 6.92352
37 21 18.4021
37 82 15.285
37 97 14.4518
37 133 22.6477
37 139 26.9183
37 207 12.2947
37 292 12.1437
38 0 6.91743
38 5 13.3778
38 17 12.5629
38 63 2
38 109 2
38 147 26.9444
38 181 3.46
38 251 28.2157
38 260 3.28673
39 0 13.4699
39 105 12.3604
39 110 33.7025
39 181 13.8626
39 259 3.80408
39 260 9.22464
39 269 12.1263
39 283 11.5368
40 0 6.17005
40 5 9.75873
40 8 11.7145
40 27 11.6123
40 61 2.54806
40 105 10.5642
40 128 10.9215
40 146 22.4216
40 148 4.73447
40 167 2.79014
40 256 4.47071
40 269 9.80169
41 0 7.01069
41 61 26.7965
41 67 8.46748
41 97 2
41 103 12.5001
41 148 28.9504
41 151 33.4573
41 249 11.5413
42 0 30.2105
42 15 8.35358
42 79 2.82653
42 97 2
42 151 5.86714
42 272 16.6052
43 0 7.98466
43 26 8.95466
43 56 17.1146
43 80 4.6377
43 84 15.4369
43 231 2.70089
43 232 9.35703
43 242 20.0871
43 290 2.17811
43 291 2
44 0 10.544
44 7 20.4371
44 14 5.13671
44 15 2
44 77 16.7759
44 126 15.3087
44 167 12.4705
44 193 12.6282
44 253 7.89336
45 0 4.20755
45 7 2
45 25 16.9913
45 57 12.3132
45 61 21.5781
45 110 8.92563
45 132 10.8552
45 142 4.55943
45 195 21.0662
45 204 20.8157
46 0 10.2771
46 8 11.7127
46 41 16.8551
46 47 19.5987
46 80 3.07492
46 102 6.69297
46 139 5.42807
46 181 21.9552
46 184 3.04311
46 214 16.7789
46 285 2
46 291 7.06986
46 295 11.4088
47 0 11.4632
47 1 45.3346
47 5 33.2233
47 144 15.9298
47 286 44.3286
48 0 40.4547
48 103 53.0523
48 126 2.07879
48 214 36.3697
49 0 5.56554
49 14 2.87607
49 50 9.14716
49 72 11.1202
49 80 10.7655
49 175 14.7079
49 202 11.049
49 223 2.67032
49 242 17.289
49 273 15.7897
50 0 6.60288
50 30 18.2217
50 79 4.74827
50 90 5.13237
50 100 8.09954
50 136 2
50 151 2
50 189 11.0201
50 205 13.5566
50 246 13.7883
51 0 14.05
51 51 12.5016
51 56 5.01675
51 88 6.01037
51 118 10.0491
51 124 18.5037
51 141 3.48921
51 212 11.0413
51 232 13.616
51 235 4.66875
51 297 5.83119
52 0 11.5074
52 11 4.79451
52 57 3.66504
52 99 2.99995
52 197 19.3764
52 227 16.3242
52 276 20.3454
52 290 12.1465
52 292 2
53 0 4.38443
53 11 9.87723
53 18 10.8767
53 40 11.0299
53 63 2
53 80 9.90545
53 102 13.0468
53 213 27.4985
53 224 10.9066
53 287 18.7725
54 0 9.93627
54 27 5.67451
54 54 7.54853
54 77 12.3011
54 80 4.44987
54 127 5.40987
54 128 7.61971
54 137 13.2772
54 138 13.7298
54 141 6.98212
54 227 10.0386
54 240 6.99591
54 252 7.64937
55 0 5.07579
55 41 11.8123
55 48 2.31064
55 66 8.80531
55 151 9.54819
55 168 4.19052
55 191 15.9682
55 200 10.0366
55 242 8.17167
55 280 2
55 286 2
55 291 4.82522
56 0 16.2178
56 59 4.53797
56 89 35.1298
56 144 13.0307
56 146 7.77282
56 273 32.8488
56 286 10.8765
57 0 14.5374
57 60 28.1388
57 93 18.4179
57 151 9.1515
57 290 2
57 291 11.4212
58 0 2.81847
58 7 5.21234
58 15 25.1089
58 77 23.8672
58 161 15.3336
58 184 14.9172
58 232 4.29749
58 257 24.8805
59 0 8.4198
59 3 5.68361
59 5 16.5307
59 14 6.55512
59 29 2
59 33 3.29707
59 79 6.51465
59 95 8.14729
59 142 9.82729
59 146 7.05165
59 151 10.041
59 204 2.88756
59 211 14.0487
59 235 13.4028
59 281 5.78649
59 291 7.87487
60 0 23.4188
60 57 14.0965
60 90 4.66005
60 144 29.5886
60 151 9.34341
60 259 2
60 269 7.53925
60 295 36.332
61 0 10.0684
61 52 21.1983
61 60 23.4015
61 102 2.69939
61 224 23.1577
61 225 21.1076
61 232 6.46337
61 234 10.1789
61 246 16.2778
61 286 19.3582
62 0 2.73567
62 35 5.61187
62 54 29.1383
62 61 4.66914
62 63 25.7836
62 140 31.3064
62 269 2
62 292 3.30241
63 0 18.5078
63 7 6.31275
63 28 15.5369
63 29 4.743
63 30 3.96931
63 51 2
63 77 10.5666
63 80 2
63 94 7.96574
63 111 2.09693
63 134 6.92048
63 175 2
63 184 6.50949
63 227 5.21593
63 269 2.47303
63 291 2
64 0 31.0685
64 4 5.81533
64 141 21.0778
64 147 14.0278
64 148 4.81726
64 154 2
64 232 18.208
64 242 19.7256
65 0 3.39464
65 102 2
65 132 2.55019
65 167 33.4705
65 181 2.03088
65 195 20.7708
65 239 16.6151
65 256 22.5547
66 0 20.1327
66 1 4.23027
66 23 2
66 102 3.91236
66 109 19.7174
66 117 11.1558
66 189 24.7509
66 294 8.18938
67 0 16.0339
67 15 4.88872
67 23 11.8166
67 27 4.16711
67 35 13.0061
67 79 12.4278
67 80 8.24567
67 167 3.91978
67 200 2
67 209 12.5978
67 217 7.23328
67 221 13.6529
67 250 4.96234
67 270 9.72682
68 0 2
68 17 5.91424
68 26 12.1022
68 27 2
68 66 6.23658
68 82 5.60443
68 151 10.5105
68 175 6.33265
68 193 15.1947
68 246 2.57453
68 259 9.56586
68 290 11.208
68 291 14.9355
68 295 6.94715
69 0 24.282
69 27 7.57979
69 30 2
69 38 12.7625
69 197 6.50283
69 216 12.7171
69 246 17.4381
70 0 41.0862
70 5 41.4082
70 93 30.5792
70 110 18.7603
70 211 15.183
70 227 18.5355
71 0 5.49587
71 29 10.5029
71 63 2
71 72 2
71 89 12.4212
71 142 7.55531
71 155 2
71 242 9.53784
71 244 9.86187
71 263 2.8695
71 271 3.48963
71 273 8.03853
71 274 7.34641
71 286 7.13864
72 0 35.5995
72 15 14.9771
72 102 19.9127
72 132 9.00595
72 134 6.38069
72 151 16.4191
72 281 21.3502
73 0 4.64632
73 7 13.6036
73 35 3.4677
73 72 12.914
73 90 10.866
73 102 15.8113
73 111 10.7144
73 119 8.00748
73 147 5.89641
73 151 10.3745
73 162 5.58797
74 0 20.3812
74 82 18.603
74 105 18.3567
74 144 33.7351
74 214 32.8759
74 281 28.9302
74 291 22.4477
75 0 5.90333
75 45 6.9427
75 52 17.365
75 61 18.2079
75 84 9.91808
75 109 12.2273
75 189 6.42288
75 193 5.43878
75 214 10.6173
75 225 14.862
75 289 2.38522
75 290 3.4788
75 293 3.37322
76 0 9.51449
76 14 10.744
76 100 31.1514
76 140 4.38478
76 197 13.1356
76 204 4.60839
76 226 2
76 235 15.4684
77 0 7.21738
77 14 7.75162
77 35 19.7994
77 69 2.23999
77 110 2.53018
77 140 4.00064
77 236 16.8096
77 238 5.17706
77 242 3.23588
77 272 19.8034
77 298 12.8036
78 0 17.0032
78 21 3.67609
78 29 11.3188
78 56 17.2342
78 124 14.5458
78 180 5.49752
78 182 15.9638
78 188 15.5333
78 216 7.87956
78 271 16.6244
79 0 5.10757
79 10 11.2651
79 31 14.852
79 54 4.18928
79 78 3.04558
79 80 12.357
79 111 6.44289
79 147 14.2621
79 151 6.12585
79 193 2
79 194 10.4367
79 210 16.1813
79 223 8.87016
80 0 4.32812
80 10 3.45677
80 17 19.4817
80 39 7.3645
80 93 4.52062
80 98 7.85892
80 102 18.9198
80 185 17.4989
80 205 16.8489
80 293 14.3608
80 298 9.69453
81 0 3.2743
81 57 18.8673
81 90 12.9085
81 110 27.2953
81 156 16.5107
81 173 16.3099
81 189 18.3233
82 0 25.7187
82 101 25.53
82 147 2
82 208 6.20005
82 230 16.7941
82 232 7.84496
83 0 5.18449
83 24 7.4122
83 29 12.5738
83 56 24.988
83 86 2
83 124 19.0808
83 147 16.4684
83 226 24.1616
83 240 16.0944
83 271 6.48831
84 0 12.3646
84 11 10.9287
84 27 6.49392
84 61 13.964
84 71 15.2884
84 104 6.81134
84 161 11.258
84 162 13.7914
84 177 7.99486
84 246 7.53808
84 281 3.34585
84 297 10.4045
85 0 18.5755
85 14 12.9029
85 24 11.5111
85 82 12.6743
85 155 19.1107
85 162 7.14017
85 175 7.12633
85 179 13.5465
85 197 13.3953
85 207 19.5904
85 231 6.99049
85 237 11.569
85 273 10.8273
86 0 10.0109
86 5 20.8593
86 14 34.1015
86 97 10.2281
86 151 37.8801
86 219 4.4217
87 0 12.0703
87 7 24.1097
87 15 11.2882
87 57 2.50793
87 122 19.5702
87 124 2
87 139 11.8653
87 147 28.3758
87 227 10.1764
87 290 7.85578
88 0 19.4686
88 26 13.1314
88 32 6.88859
88 40 2
88 60 9.68425
88 98 5.6674
88 147 4.64733
88 150 16.493
88 162 9.41724
88 181 18.3431
88 195 11.5302
88 250 17.5792
88 271 14.7159
89 0 23.0401
89 71 4.89305
89 77 29.4195
89 82 25.8724
89 151 26.0947
89 152 24.1557
89 209 7.23628
89 234 4.94103
90 0 9.96235
90 26 6.35375
90 60 2
90 108 20.3938
90 124 6.66641
90 144 2
90 181 21.2527
90 291 3.5273
91 0 14.7343
91 24 16.4183
91 56 2
91 76 30.9865
91 89 12.0348
91 204 22.7012
91 220 27.0913
91 291 26.8262
92 0 32.9591
92 82 4.86109
92 98 22.2385
92 110 11.9495
92 147 2
92 187 32.1777
93 0 3.84266
93 23 2.00853
93 49 13.8687
93 66 2.43296
93 73 8.17262
93 102 13.5077
93 109 15.2963
93 132 2.29047
93 140 2
93 231 10.2283
93 233 3.67708
93 236 12.0226
93 259 2
94 0 9.5275
94 5 17.2926
94 81 18.7471
94 100 29.2878
94 122 16.2556
94 233 14.7132
94 271 35.1374
95 0 2
95 10 2.93444
95 52 10.5498
95 56 10.5748
95 72 11.0268
95 79 2.85915
95 94 5.24044
95 95 2
95 109 7.22718
95 124 4.39017
95 125 15.7204
95 141 16.2424
95 189 17.6281
95 227 18.6232
96 0 10.5117
96 27 24.6743
96 77 30.1163
96 142 2.27272
96 175 30.2114
96 181 7.89087
96 184 19.0983
96 291 14.1953
97 0 23.4908
97 36 7.64172
97 104 4.65384
97 129 15.3473
97 195 14.6767
97 204 11.5174
97 216 7.14446
97 232 2
97 233 10.4157
97 253 17.6755
98 0 19.2224
98 14 23.6044
98 23 2
98 38 14.7774
98 77 9.21096
98 105 4.45802
98 110 7.93592
98 122 3.15983
98 139 9.66781
98 146 2
98 151 9.61646
98 195 18.4709
99 0 2.13677
99 27 2
99 46 30.8146
99 96 8.96188
99 111 2
99 146 7.50549
99 183 13.3457
99 249 8.25334
100 0 13.3291
100 57 3.73718
100 61 9.55069
100 99 22.7206
100 117 15.9386
100 167 14.8026
100 214 27.4258
100 274 2
101 0 16.574
101 14 23.7957
101 82 14.1788
101 113 7.2415
101 145 2.671
101 175 11.359
101 211 4.45523
101 219 8.34058
101 240 22.6532
102 0 6.38808
102 38 4.80157
102 42 9.3005
102 106 6.18979
102 123 3.4409
102 146 13.4239
102 149 2.67136
102 195 3.69376
102 225 19.8531
102 227 11.5403
102 231 5.45316
103 0 45.3801
103 161 44.697
103 227 65.2002
103 291 49.1598
104 0 20.9487
104 17 24.3836
104 25 14.5046
104 86 20.2529
104 94 19.6731
104 102 19.9398
104 195 20.9683
105 0 2
105 21 4.06241
105 42 14.2154
105 66 26.3472
105 99 3.39005
105 113 9.84084
105 126 12.5553
105 230 6.34593
105 273 2
106 0 5.24941
106 15 9.84212
106 66 23.4986
106 81 2
106 82 7.05828
106 128 16.8377
106 168 22.6829
106 213 22.237
106 293 17.8388
106 298 2.6121
107 0 4.2391
107 30 12.7597
107 35 17.9873
107 77 2.0772
107 98 9.79267
107 195 15.0278
107 213 7.59236
107 273 19.0197
107 291 2.36222
108 0 13.7099
108 14 4.59854
108 35 6.27568
108 54 14.2151
108 57 3.0155
108 60 11.1825
108 98 5.01368
108 184 7.06145
108 253 11.7474
108 272 23.3168
108 274 11.0443
109 0 4.37274
109 1 2
109 7 9.87238
109 14 6.93961
109 15 5.404
109 18 2.91002
109 161 11.8168
109 168 4.14684
110 0 52.5671
110 65 52.2527
110 79 55.7828
110 111 20.4955
110 155 48.6558
111 0 31.9335
111 2 2
111 200 5.09847
111 214 20.6147
111 233 26.6896
111 254 20.7062
112 0 13.2706
112 17 7.61262
112 48 6.76608
112 209 33.1444
112 217 39.3206
112 267 4.43593
113 0 14.9905
113 67 36.3035
113 124 46.1391
113 207 6.03077
113 222 15.3825
113 291 15.8122
114 0 26.4492
114 39 17.9407
114 62 3.20991
114 104 3.38932
114 151 17.7973
114 219 2.46374
114 293 29.927
115 0 14.7066
115 6 4.22154
115 10 18.9665
115 24 12.2946
115 102 3.50755
115 160 4.29016
115 167 18.0246
115 184 13.0649
115 217 2.97057
116 0 23.0782
116 63 3.60917
116 82 17.7691
116 103 24.1723
116 195 3.36083
116 241 24.5687
117 0 21.9411
117 151 3.79708
117 193 30.621
117 195 46.6671
117 207 34.0458
118 0 2.51335
118 1 28.4338
118 131 4.79632
118 135 4.33745
118 184 28.5709
118 225 31.9506
118 227 11.3576
118 237 24.7616
119 0 4.33466
119 57 15.3827
119 80 10.6658
119 82 3.46494
119 109 14.7546
119 129 9.18341
119 137 2
119 139 2.6115
119 147 2
119 227 5.12893
119 256 9.5967
119 270 12.1058
119 273 6.65292
119 293 7.82082
119 297 6.9587
119 299 13.1871
120 0 4.10147
120 15 10.8301
120 52 34.0552
120 95 21.1908
120 97 2
120 141 21.7332
120 259 31.7494
120 290 34.2807
121 0 27.4017
121 14 12.8193
121 27 3.09441
121 103 2
121 124 2.06735
121 139 3.08116
121 151 21.9226
121 225 18.5812
121 242 13.356
121 249 18.4152
121 259 8.70763
121 292 4.67447
122 0 15.6946
122 100 15.6749
122 106 12.4368
122 122 7.73562
122 197 16.2481
122 203 11.5696
122 230 23.1663
122 259 15.7311
122 270 19.724
122 283 7.16375
122 286 11.9191
123 0 8.33958
123 5 9.75394
123 14 10.4749
123 15 9.19305
123 89 9.28237
123 110 2.33434
123 113 16.2431
123 119 13.1433
123 132 3.83172
123 184 7.64391
123 230 3.35682
123 232 9.20201
123 248 7.82369
124 0 5.34389
124 1 22.8789
124 56 6.57968
124 71 7.98142
124 77 4.49498
124 118 3.56036
124 193 7.29695
124 216 3.20718
124 234 11.694
125 0 5.88095
125 10 13.4236
125 42 6.98238
125 72 17.3888
125 97 14.4584
125 109 10.8961
125 197 16.951
125 232 2.44604
125 234 3.21251
125 259 13.3767
125 269 10.1475
126 0 10.2083
126 7 4.42789
126 60 17.3891
126 105 9.05477
126 131 10.1681
126 193 24.8142
126 209 9.69495
126 215 30.9063
127 0 2.24151
127 10 5.1698
127 18 6.77463
127 26 21.7111
127 80 14.3487
127 227 32.1311
127 231 3.43399
128 0 13.3143
128 14 17.5872
128 30 17.188
128 96 2
128 144 15.5526
128 209 4.201
128 215 5.76826
128 223 15.2616
128 236 11.2553
128 291 7.58734
129 0 25.7027
129 6 6.82603
129 117 2.03209
129 155 39.7007
129 181 8.5894
129 235 31.9977
129 283 4.6595
130 0 11.0771
130 54 7.58178
130 71 10.3118
130 108 26.8879
130 141 5.39355
130 151 13.4975
130 155 12.2058
130 209 19.4867
130 238 2
130 271 24.5576
131 0 30.3646
131 11 59.5617
131 233 26.3327
131 288 35.2198
132 0 29.4113
132 148 28.807
132 193 25.7256
132 211 16.2936
132 233 27.773
132 287 21.4425
133 0 5.1132
133 11 10.4894
133 66 8.32661
133 72 4.99151
133 78 5.20976
133 80 14.2965
133 102 17.7858
133 117 14.1083
133 140 2.05668
133 155 6.57111
134 0 2.36501
134 14 13.7104
134 15 2.22625
134 65 10.9785
134 79 7.48916
134 99 22.3066
134 103 15.9988
134 111 15.634
134 123 7.28574
134 154 3.4918
134 284 25.4373
135 0 3.91209
135 10 8.63735
135 15 6.97683
135 16 6.66698
135 61 3.9355
135 72 10.0772
135 98 3.95717
135 128 5.48031
135 144 21.132
135 149 7.81849
135 165 13.4951
135 195 12.4438
135 234 2
135 264 5.17497
136 0 45.4285
136 67 22.7486
136 97 26.5419
136 124 13.5287
136 147 13.1095
136 197 46.5988
137 0 16.8001
137 15 18.4669
137 30 20.6383
137 50 15.2582
137 106 7.20928
137 154 16.5069
137 175 7.67363
137 195 11.9645
137 223 12.4607
137 273 7.46143
138 0 4.4768
138 1 12.9816
138 12 11.978
138 14 4.76077
138 30 6.62073
138 56 16.8725
138 68 2.94457
138 108 10.8334
138 110 5.06256
138 127 13.4914
138 146 4.07092
138 147 8.47951
138 151 3.06646
138 167 2
138 218 5.68843
138 291 13.2407
139 0 17.8358
139 32 15.0017
139 39 5.09572
139 61 13.6019
139 104 11.6359
139 132 15.4029
139 184 2
139 185 6.34193
139 193 13.9753
139 246 10.3939
139 291 22.2397
140 0 6.29492
140 66 11.8911
140 103 16.2747
140 122 9.25238
140 124 7.87
140 135 6.62694
140 140 7.71589
140 147 8.59774
140 152 6.6179
140 175 7.05373
140 230 12.0286
140 252 3.74135
140 285 5.78067
140 297 13.0943
141 0 17.2749
141 63 26.6804
141 73 2.52383
141 132 24.2599
141 219 24.0138
141 237 7.02177
141 249 23.3851
141 270 14.244
142 0 2
142 7 21.9653
142 14 12.5598
142 54 25.361
142 98 21.909
142 147 5.29762
142 160 26.1601
142 184 8.11632
142 189 37.9584
143 0 6.71803
143 34 11.9114
143 78 11.95
143 102 22.5722
143 141 8.05432
143 167 27.878
143 205 17.0801
143 273 2.13941
143 299 15.7821
144 0 4.07994
144 11 2
144 66 6.31003
144 185 7.47754
144 214 33.7579
144 291 26.6032
145 0 8.68444
145 39 10.8382
145 80 18.3154
145 82 13.1251
145 127 16.8505
145 175 3.43426
145 184 16.6476
145 223 4.68803
145 232 16.2451
145 235 3.5316
145 264 2
145 290 10.8034
146 0 13.219
146 71 3.2489
146 79 4.69491
146 109 11.4802
146 137 3.5562
146 142 18.9732
146 162 10.2432
146 184 2.61413
146 211 3.31506
146 214 12.6957
146 264 5.10227
146 276 15.556
146 291 2
147 0 33.2811
147 27 3.40885
147 57 9.032
147 195 9.11607
147 249 46.6824
148 0 19.4094
148 13 29.077
148 109 5.65699
148 141 18.8672
148 165 51.764
148 248 14.3086
149 0 14.1356
149 80 2
149 95 36.0734
149 103 6.07453
149 130 29.1997
149 200 23.7165
149 291 11.9176
150 0 8.81932
150 15 20.1874
150 25 13.7631
150 26 9.60757
150 126 18.9195
150 138 2.0015
150 175 2
150 189 14.8502
150 222 8.56963
150 290 20.5727
151 0 13.8977
151 26 2
151 29 2.23089
151 30 3.39102
151 49 9.86034
151 103 2
151 156 3.56783
151 172 3.27557
151 254 3.292
151 273 9.61779
152 0 19.4442
152 7 21.2473
152 36 15.4841
152 93 2.69955
152 151 25.6145
152 219 30.2232
152 290 16.064
153 0 15.4708
153 5 6.42229
153 35 9.97362
153 49 31.0089
153 140 2
153 175 10.0541
153 189 2
153 204 25.0557
153 286 2
154 0 7.23574
154 15 3.234
154 84 37.2434
154 122 26.8061
154 141 42.4366
154 161 30.5733
154 193 3.99299
155 0 4.9475
155 21 30.5502
155 38 35.4139
155 135 32.8754
155 189 36.6153
155 271 10.164
156 0 6.47332
156 10 16.6215
156 17 20.8051
156 57 11.8248
156 80 16.6003
156 94 26.4273
156 152 22.0257
156 281 2
157 0 2
157 14 4.77476
157 26 17.6931
157 116 5.31552
157 126 9.60358
157 146 18.7309
157 175 11.5558
157 246 12.4228
157 264 5.06308
157 269 15.3743
158 0 17.5799
158 5 17.4484
158 47 2
158 71 6.02763
158 102 6.02456
158 118 10.4802
158 132 5.25146
158 139 12.2214
158 179 2
158 225 8.30553
159 0 3.09179
159 8 10.0794
159 15 4.33136
159 73 2
159 105 2.48418
159 141 8.46701
159 142 6.81894
159 200 4.67346
159 209 7.60222
159 210 3.20051
160 0 9.58512
160 21 28.8826
160 29 2.21945
160 79 7.21015
160 163 8.80455
160 195 5.01901
160 256 21.3886
161 0 26.0254
161 63 17.7167
161 109 21.9077
161 151 8.69274
161 175 16.3734
161 207 28.5624
161 237 24.93
161 299 15.471
162 0 25.0921
162 41 8.65636
162 82 13.5416
162 137 11.6043
162 152 4.58855
162 160 26.7867
162 173 7.94419
162 189 20.922
162 197 3.45535
162 216 34.4437
163 0 2
163 7 5.76942
163 17 2
163 21 13.6071
163 48 2
163 119 2.30236
163 130 2
163 152 15.8975
163 184 7.32644
163 226 13.5665
163 246 2
163 250 10.9125
164 0 6.11068
164 54 20.4483
164 61 5.01481
164 86 18.5728
164 110 16.8221
164 214 7.64101
164 271 21.6462
164 286 5.80894
164 288 23.1908
165 0 10.805
165 2 21.8731
165 30 4.70809
165 51 6.98761
165 61 9.68401
165 90 11.6345
165 101 17.0328
165 124 14.6416
165 193 12.3646
165 240 10.4864
165 273 2.30249
165 295 18.1016
166 0 29.1016
166 35 26.7624
166 200 3.18017
166 204 63.9677
166 248 6.97891
167 0 10.1561
167 1 22.8934
167 17 20.477
167 23 7.98717
167 79 11.649
167 94 5.7451
167 160 18.5304
167 167 12.6133
167 235 21.663
168 0 26.6301
168 8 3.1142
168 61 17.9826
168 146 13.8008
168 147 11.5817
168 151 4.50789
168 226 5.88703
168 291 2
169 0 32.9954
169 45 11.8154
169 124 3.90066
169 128 30.2629
169 207 14.6469
169 244 2
169 271 35.5751
170 0 22.6247
170 15 26.3331
170 79 5.67522
170 82 21.9643
170 146 23.6559
170 177 21.5759
170 231 10.3606
170 236 6.91801
170 291 2.90306
171 0 14.3604
171 80 12.4352
171 87 19.107
171 103 17.0606
171 175 2.19845
171 218 5.13508
171 238 2
171 246 8.7358
171 295 25.6724
172 0 11.7495
172 35 74.4301
172 173 55.0778
173 0 14.2812
173 7 5.49533
173 40 5.75784
173 90 6.22909
173 109 13.6987
173 122 20.1885
173 198 8.33416
173 261 11.7134
173 291 10.0434
174 0 11.469
174 15 8.12362
174 47 6.8893
174 80 17.1135
174 117 10.2669
174 126 17.5327
174 141 4.88574
174 147 2
174 152 9.00423
174 188 6.68716
174 227 20.9208
175 0 39.4265
175 14 35.0262
175 80 4.56353
175 98 6.52472
175 130 21.8467
175 147 2
175 185 10.9328
176 0 2
176 77 11.3026
176 105 13.5048
176 110 21.8822
176 147 19.7625
176 160 7.58683
176 167 11.3345
176 246 2
177 0 12.0623
177 63 19.0301
177 108 5.69857
177 117 22.1302
177 124 16.3018
177 148 9.29338
177 167 5.99087
177 200 3.31696
177 274 23.1972
178 0 12.3626
178 7 26.2616
178 80 5.52649
178 124 15.2725
178 161 4.43471
178 165 2
178 175 17.1176
178 177 9.50756
178 193 13.6515
178 209 7.87836
179 0 2
179 21 16.3142
179 57 2
179 73 9.96401
179 109 10.0275
179 139 8.09487
179 148 5.38077
179 189 7.27055
179 194 2
179 195 14.6975
179 232 13.4487
179 281 7.47928
179 290 13.7269
180 0 10.1191
180 71 16.6235
180 97 7.84049
180 102 10.3123
180 119 5.74527
180 130 11.3233
180 141 16.7852
180 152 13.5554
180 155 12.3423
180 229 13.5238
180 235 2.15977
180 238 2.65621
181 0 5.56952
181 4 10.6956
181 51 14.599
181 82 6.1734
181 146 8.70468
181 225 7.48177
181 253 11.5219
181 259 6.57079
181 270 5.93978
181 273 6.5602
182 0 2
182 184 19.6269
182 193 2
182 232 31.9676
182 251 4.45544
182 294 14.751
183 0 17.0809
183 17 26.3354
183 61 8.59832
183 106 28.113
183 195 25.1243
183 232 15.8393
183 288 15.2957
184 0 4.47593
184 30 2
184 126 12.8259
184 128 5.75452
184 147 17.6843
184 195 12.8551
184 200 11.624
184 211 2
184 270 7.56004
184 293 7.19312
185 0 6.54545
185 80 16.7032
185 82 2
185 145 6.28385
185 175 21.478
185 256 27.6838
186 0 8.61244
186 71 15.036
186 84 14.5485
186 96 15.4826
186 147 12.8287
186 189 25.552
186 195 2
186 200 9.4145
186 209 14.052
186 231 7.46609
186 281 10.0136
187 0 16.9573
187 7 22.1462
187 122 2.11565
187 204 10.1759
187 246 4.40144
187 298 54.7874
188 0 22.558
188 72 5.16517
188 82 9.66202
188 89 19.1264
188 128 31.3051
188 167 11.0727
188 219 7.93383
188 256 27.5137
189 0 18.1654
189 98 5.2393
189 147 2
189 200 26.3675
189 249 18.6726
189 267 15.529
189 291 2.27161
189 292 17.4279
190 0 10.4498
190 42 7.92029
190 48 7.74611
190 95 10.9256
190 105 18.6202
190 146 8.18554
190 166 14.9038
190 231 9.70925
190 232 23.8811
190 235 20.5752
191 0 16.7302
191 1 5.58484
191 5 8.25377
191 14 12.3341
191 63 7.68313
191 66 21.7269
191 102 2
191 112 2
191 147 5.12843
191 184 14.6661
191 249 21.0431
192 0 6.76956
192 15 24.7574
192 25 5.91208
192 56 15.8557
192 152 17.6389
192 175 11.2438
192 225 25.4815
193 0 2.88331
193 19 13.9283
193 27 9.69105
193 53 2.47807
193 79 4.10027
193 80 19.4803
193 103 17.183
193 124 20.9698
193 139 14.4178
193 189 5.08085
193 227 7.94672
194 0 2
194 51 20.8973
194 54 21.9701
194 104 9.44874
194 124 5.8363
194 141 20.773
194 173 5.1196
194 230 2
194 246 11.5278
194 271 2
194 288 16.3437
195 0 32.1964
195 87 11.0942
195 238 42.5492
195 249 30.024
196 0 2.76351
196 10 14.4331
196 23 9.66381
196 98 11.6712
196 132 2
196 155 17.2204
196 160 2
196 231 5.50542
196 256 14.1186
197 0 5.01399
197 18 2.60367
197 61 2
197 80 14.6847
197 95 8.08372
197 108 7.21092
197 177 5.35816
197 195 13.8195
197 285 11.5548
197 291 5.45634
197 298 2
198 0 20.2923
198 38 17.0369
198 52 20.8543
198 66 5.33036
198 82 11.9588
198 147 30.3037
198 240 18.0858
199 0 10.8991
199 5 4.50434
199 81 4.34883
199 98 27.0319
200 0 23.4147
200 80 2
200 82 15.6324
200 193 2
200 213 31.0343
200 225 33.2124
200 232 2
201 0 12.4754
201 35 12.7015
201 66 11.1035
201 72 9.75504
201 105 3.61729
201 124 7.87813
201 202 14.4406
201 204 10.4189
201 244 21.0094
201 269 2.29577
201 290 2
202 0 8.52567
202 10 2
202 25 15.6914
202 151 32.8322
202 195 2
202 231 8.67038
202 269 18.8462
202 288 19.3706
202 293 16.6475
203 0 5.07605
203 29 3.53424
203 30 7.92044
203 35 2
203 66 2.38627
203 77 2.71605
203 80 2
203 122 4.29614
203 126 5.77507
203 147 6.73635
203 161 7.56809
203 184 8.64082
203 215 8.7649
203 235 3.87415
203 241 11.8991
203 264 10.2853
203 271 4.51259
204 0 14.7039
204 26 2
204 30 10.1589
204 56 7.22096
204 72 4.11862
204 79 7.32514
204 100 2.46283
204 110 9.82037
204 121 19.6007
204 172 4.70464
204 207 5.9144
204 231 12.7573
204 281 13.4154
204 292 3.02545
204 298 6.09616
205 0 13.041
205 19 6.21182
205 38 8.50185
205 56 22.5759
205 72 6.99248
205 90 12.8517
205 198 15.1707
205 204 19.481
205 259 7.70428
205 264 2
206 0 2.93607
206 9 6.85477
206 56 13.2462
206 80 9.52287
206 93 22.8328
206 94 2.36312
206 106 11.4247
206 152 7.41641
206 165 4.96933
206 195 7.96668
206 202 9.91518
206 207 4.44319
206 253 12.6569
207 0 8.28283
207 4 4.8929
207 7 6.55794
207 46 16.0893
207 56 5.65485
207 66 2
207 80 13.4948
207 82 3.47004
207 90 4.80845
207 102 8.20529
207 144 12.5861
207 175 8.25877
207 193 7.27182
207 227 2
207 256 2.44908
207 283 8.09374
208 0 2.37222
208 9 2
208 16 15.6928
208 25 6.77738
208 26 11.9085
208 80 8.83755
208 90 11.4701
208 141 7.98364
208 176 8.7642
208 181 8.87253
208 211 2.5589
208 212 10.5013
208 216 3.12399
208 226 7.55828
208 274 7.63638
209 0 18.8926
209 105 9.11582
209 179 41.7012
209 194 40.9299
209 291 25.9585
210 0 34.7324
210 22 22.2334
210 165 34.8453
210 200 2
210 225 31.4379
211 0 9.81987
211 8 35.5411
211 11 2.34655
211 51 3.27157
211 141 21.6998
211 209 11.9725
211 250 7.15722
212 0 4.76169
212 5 22.2484
212 28 12.9402
212 35 5.51521
212 147 14.9476
212 149 20.127
212 237 9.41683
212 290 3.93306
212 291 9.88772
213 0 109.117
213 167 23.5151
213 299 94.9365
214 0 18.6605
214 102 3.53029
214 197 2
214 207 46.3295
214 209 9.2178
214 256 38.1823
215 0 22.5398
215 30 2.75347
215 102 3.38736
215 151 7.62658
215 219 10.3477
216 0 7.37241
216 25 2.18245
216 35 10.0271
216 76 3.68169
216 77 20.5138
216 84 2.39361
216 109 6.19085
216 147 4.4092
216 153 5.76964
216 197 20.0174
216 271 13.3424
217 0 2.11519
217 30 2.08238
217 98 2
217 105 2.10959
217 140 6.07965
217 142 11.5929
217 209 25.6259
217 231 5.95972
217 242 2.06918
217 253 14.4613
217 295 2.03589
218 0 2.74608
218 79 4.87232
218 80 8.58156
218 89 15.2017
218 110 12.6299
218 148 4.48306
218 162 19.1882
218 189 12.8868
218 246 11.3587
218 249 22.6962
218 256 13.0074
219 0 2
219 5 3.42261
219 20 8.03045
219 72 12.4537
219 79 2.26401
219 211 2
219 214 6.34613
219 224 2
219 256 3.94125
219 258 12.7838
219 284 15.6834
219 290 12.1122
220 0 3.69393
220 7 12.7332
220 27 2
220 57 2
220 140 14.7988
220 147 12.6343
220 195 12.7464
220 228 19.1981
220 238 9.35171
220 246 4.95818
220 249 5.85302
220 291 15.7601
221 0 25.9423
221 81 30.9777
221 123 24.0337
221 124 17.8792
221 162 15.6613
221 227 3.01493
221 250 20.4941
221 281 11.781
221 291 11.7277
222 0 8.60613
222 35 19.7616
222 50 12.478
222 80 9.03281
222 82 16.4644
222 151 11.791
222 231 15.3424
222 246 11.7794
222 281 6.95366
222 294 7.13054
222 299 8.67868
223 0 14.8251
223 23 9.15251
223 119 20.8709
223 177 11.5654
223 204 13.558
223 232 14.7952
223 270 3.40694
223 291 15.5126
223 295 9.3952
224 0 17.8792
224 102 15.8329
224 124 11.4202
224 147 8.22345
224 161 3.47701
224 167 3.96731
224 207 12.4488
224 218 12.7114
224 242 3.63776
224 281 6.43063
224 291 7.87506
225 0 19.3063
225 15 14.3702
225 30 4.76566
225 80 18.0336
225 88 14.5125
225 93 15.415
225 97 12.1684
225 181 16.7002
225 183 7.80482
225 223 2
225 283 12.3058
225 290 12.5432
226 0 32.319
226 30 12.0917
226 42 12.0838
226 66 2.3236
226 86 8.915
226 87 20.1629
226 97 14.3447
226 157 20.1834
227 0 33.1226
227 82 49.3181
227 106 30.4881
227 232 36.9121
227 281 20.4067
227 286 10.5749
228 0 22.9909
228 8 13.1484
228 10 19.2392
228 29 2.16748
228 47 19.2994
228 57 17.5633
228 98 9.95985
228 225 3.23022
228 273 2
229 0 22.5166
229 57 5.00476
229 66 5.95163
229 71 7.885
229 81 2
229 103 8.22261
229 173 6.87095
229 184 7.81791
229 256 2.79824
230 0 2
230 27 3.26645
230 39 20.841
230 72 2
230 105 10.4418
230 110 6.89471
230 137 9.8278
230 167 6.58858
230 193 7.77256
230 195 18.7411
230 238 3.97562
230 283 14.1553
231 0 6.70485
231 1 13.6226
231 18 15.8502
231 71 4.17898
231 88 5.82947
231 110 11.3507
231 116 16.7256
231 140 8.06751
231 172 7.5292
231 207 5.27189
231 231 8.5239
231 249 10.8652
231 259 4.00662
231 291 2
231 297 13.3304
232 0 30.5674
232 80 31.6927
232 147 6.07899
232 151 4.60404
232 222 24.0303
232 236 2
232 273 2
232 293 2.18087
233 0 18.5585
233 22 18.3214
233 79 19.0219
233 181 11.498
233 195 29.8274
233 223 2.87624
233 227 3.52656
233 291 24.9373
233 295 18.683
234 0 20.8417
234 124 19.3186
234 197 24.6238
234 212 9.72932
234 235 15.0168
234 242 10.2015
234 250 21.6237
234 254 28.1974
234 270 30.7231
235 0 25.3891
235 71 14.1195
235 242 21.9121
235 288 22.4336
235 290 44.6027
236 0 23.3283
236 56 5.74866
236 93 4.46129
236 105 25.704
236 148 24.9013
236 157 11.6655
236 182 15.3171
236 207 15.8423
236 287 25.8238
237 0 21.6426
237 1 15.598
237 15 15.368
237 77 14.2011
237 98 20.552
237 155 14.9637
237 165 12.1737
237 168 15.0944
237 193 14.8746
237 278 20.3432
238 0 16.4411
238 23 12.9165
238 39 11.9277
238 49 10.249
238 98 2.78296
238 149 14.8848
238 155 9.9437
238 195 19.4587
238 256 2
238 269 16.9817
238 294 18.5792
239 0 6.75574
239 41 34.4491
239 54 19.1143
239 94 10.8123
239 99 6.62766
239 124 26.6881
239 195 5.76393
239 222 2.68615
240 0 15.0574
240 16 6.22957
240 57 6.00417
240 141 4.98312
240 147 18.1148
240 151 14.4391
240 232 2.37573
240 256 22.1039
240 265 7.64375
241 0 16.1123
241 15 12.3597
241 27 23.4484
241 30 11.3604
241 36 9.71714
241 48 5.86292
241 96 9.27688
241 139 12.3628
241 162 10.9378
241 177 7.77042
241 207 7.49477
241 267 2
242 0 4.3529
242 7 17.9759
242 15 14.1991
242 62 8.83209
242 67 21.6263
242 143 10.1296
242 162 7.28109
242 184 26.7245
242 271 14.3774
243 0 3.99463
243 15 15.376
243 27 21.0059
243 42 14.8501
243 77 5.19203
243 79 11.4196
243 81 26.4836
243 89 5.77514
243 117 11.962
243 291 2
244 0 25.9374
244 109 20.6212
244 162 15.4291
244 204 17.2201
244 207 4.91364
244 256 5.87176
244 270 10.7512
244 281 4.1416
245 0 33.2217
245 15 27.9393
245 117 20.5055
245 129 13.4894
245 156 23.0388
245 162 15.8263
245 290 18.2377
246 0 23.3078
246 5 11.3117
246 41 2
246 66 21.5949
246 72 12.2486
246 88 10.9342
246 109 16.0475
246 110 9.0112
246 195 17.6397
246 207 14.5186
247 0 58.4835
247 66 15.6485
247 175 9.12854
248 0 8.50099
248 26 18.4571
248 46 13.1304
248 66 2
248 82 16.4543
248 110 8.15956
248 140 14.2952
248 147 9.69014
248 195 17.8078
248 254 18.0145
248 281 18.7738
249 0 9.23439
249 18 17.022
249 27 8.19741
249 79 2
249 132 7.96743
250 0 2
250 38 16.5255
250 54 12.9249
250 173 11.9784
250 195 25.0187
250 212 5.33068
250 253 2
250 287 34.2175
251 0 5.36491
251 26 4.06349
251 28 11.2049
251 110 15.7971
251 147 27.6723
251 163 7.39014
251 184 14.8353
251 294 17.3728
252 0 6.30191
252 113 25.013
252 123 33.184
252 126 25.9001
252 263 51.9195
253 0 16.5689
253 11 4.9161
253 40 3.86459
253 61 9.37088
253 62 13.4787
253 66 7.77024
253 82 12.7971
253 104 9.51802
253 246 4.0064
253 291 15.3182
254 0 14.0308
254 3 6.04038
254 27 10.4153
254 39 12.6951
254 144 4.61032
254 147 12.7985
254 152 14.472
254 165 29.5428
254 193 2
254 204 2.24245
254 250 13.9874
254 286 4.93844
255 0 23.4605
255 23 9.82722
255 131 5.71116
255 151 44.9577
255 181 24.7479
256 0 2.18917
256 10 14.204
256 89 9.35562
256 109 8.69785
256 129 12.362
256 164 12.9385
256 225 25.4606
256 269 17.419
256 281 4.99644
257 0 21.261
257 15 12.6221
257 65 15.027
257 72 6.24575
257 85 7.39595
257 124 16.3381
257 144 13.2381
257 225 4.71795
257 232 2
257 271 14.682
257 290 16.4227
258 0 2.37477
258 102 41.7142
258 124 32.8061
258 181 13.223
258 227 28.7601
258 271 16.8693
259 0 13.5959
259 5 45.1245
259 21 17.9389
259 24 30.3228
259 61 24.4992
259 98 11.0006
259 151 26.1689
260 0 20.1015
260 7 12.8701
260 24 2
260 27 11.8086
260 39 18.1476
260 54 9.43332
260 82 12.9097
260 102 2
260 103 15.1291
260 146 6.3622
260 152 2.93381
260 261 6.87039
261 0 9.00947
261 1 9.06195
261 6 17.2143
261 17 13.0047
261 126 3.98773
261 195 11.8196
261 200 7.71978
261 225 15.6299
261 251 15.9193
261 267 7.86559
262 0 40.7408
262 246 88.5377
263 0 23.3857
263 1 12.8433
263 139 22.2456
263 230 25.8436
263 253 24.0681
263 298 6.8314
264 0 2.22612
264 63 2
264 82 2.92613
264 109 2.10172
264 111 5.03836
264 126 6.07366
264 147 8.9823
264 151 6.36872
264 173 8.57491
264 174 12.1773
264 176 5.91442
264 182 5.22035
264 189 7.23175
264 204 9.39166
264 227 10.0959
265 0 2.21542
265 27 6.1848
265 90 2.63888
265 121 16.1519
265 130 16.8579
265 132 8.72347
265 139 4.78815
265 179 2.21701
265 246 2
265 290 2.04401
265 291 5.87706
266 0 2
266 9 12.641
266 18 2.4976
266 21 12.4875
266 99 2.54301
266 100 13.4502
266 110 4.21219
266 175 5.72309
266 177 5.68883
266 190 8.5361
266 205 9.94595
266 211 4.80605
266 226 2
266 240 7.18667
266 290 13.0546
267 0 15.7291
267 14 15.1595
267 90 2.26936
267 97 12.6058
267 109 2.68406
267 139 6.42076
267 155 4.88607
267 176 2
267 205 15.3289
267 223 5.16448
268 0 16.7882
268 15 14.8569
268 97 7.36978
268 124 22.3629
268 207 3.20349
268 232 30.5645
268 269 22.9587
268 286 29.7327
269 0 19.1035
269 54 9.69415
269 116 45.2531
269 175 16.8422
270 0 6.37941
270 121 14.4438
270 148 21.524
270 209 11.781
270 214 9.4834
270 231 20.2073
270 269 21.3228
270 279 2.33008
270 285 16.6193
271 0 2
271 15 14.3048
271 27 9.43067
271 102 12.5803
271 110 16.5549
271 128 13.3986
271 195 9.21919
271 227 12.3297
271 236 34.295
272 0 9.37924
272 16 9.77564
272 68 30.3542
272 72 4.80607
272 130 7.74043
272 184 13.4589
272 203 24.8846
272 232 9.44882
272 241 2
272 291 31.6376
273 0 8.18749
273 6 9.69645
273 10 2
273 121 7.90067
273 128 6.41761
273 147 7.32887
273 162 10.7009
273 172 3.62472
273 193 13.5879
273 194 5.4202
273 195 11.235
273 227 16.9206
273 273 4.25569
273 283 8.85645
274 0 7.36335
274 27 11.0595
274 30 10.7417
274 48 2
274 56 2.06645
274 90 7.26429
274 98 18.0541
274 106 5.01992
274 108 2
274 181 2
274 189 2
274 211 2.96385
274 267 12.2647
275 0 16.1462
275 8 23.4476
275 117 24.324
275 147 27.9954
275 271 52.7169
276 0 19.5806
276 97 19.3199
276 214 15.1123
276 276 24.2851
277 0 50.301
277 79 87.4049
277 147 9.05132
278 0 17.8132
278 73 25.5694
278 77 10.9662
278 86 15.655
278 141 7.41997
278 231 8.61288
278 292 11.7126
278 294 2
279 0 3.83452
279 140 41.5376
279 152 30.2946
279 190 38.6438
279 207 20.2062
279 216 14.0141
280 0 3.53278
280 23 2.85035
280 54 2
280 86 11.0451
280 117 21.9941
280 124 9.29946
280 139 13.909
280 142 22.4238
280 146 3.36713
280 151 13.8807
280 197 12.6348
280 238 3.59603
280 273 12.7414
281 0 10.7681
281 14 2
281 77 25.0624
281 98 20.8551
281 174 16.5234
281 177 6.99043
281 200 13.8022
281 211 12.9889
281 227 6.60563
281 230 3.01958
282 0 14.5786
282 10 5.79018
282 103 14.5382
282 139 32.1456
282 147 21.9708
282 162 17.8722
282 273 14.8858
283 0 27.8958
283 11 6.70741
283 66 16.2086
283 105 3.96703
283 124 10.1505
283 185 2
283 194 14.6834
283 274 18.0918
284 0 23.8256
284 15 18.8739
284 17 4.0512
284 77 10.3125
284 80 15.8023
284 94 5.56119
284 152 3.22553
284 246 5.32162
284 292 26.6575
284 293 17.1285
284 294 13.2452
285 0 2
285 26 24.5797
285 92 16.1057
285 93 16.5944
285 132 22.6781
285 148 4.63543
285 175 15.7142
285 195 10.2636
285 204 11.5333
285 246 18.5038
285 285 3.87146
286 0 8.6385
286 25 6.37027
286 80 5.10771
286 87 6.53527
286 232 28.3491
286 242 6.94791
286 281 13.0508
287 0 20.6809
287 15 15.3363
287 46 6.62419
287 95 13.4605
287 98 28.4306
287 122 25.3937
287 141 2.23439
287 193 6.67851
288 0 17.6275
288 11 2
288 27 8.20241
288 29 10.1601
288 66 4.04418
288 77 7.43726
288 89 17.1461
288 139 16.0813
288 190 13.7269
288 200 14.6984
288 242 24.811
288 297 7.42804
289 0 7.10313
289 27 7.11122
289 36 13.0236
289 86 10.0253
289 107 2
289 109 10.0203
289 175 22.5294
289 214 9.78786
290 0 9.07267
290 56 2
290 61 17.5273
290 63 45.8767
290 105 26.1977
290 139 7.95546
291 0 37.611
291 4 22.3687
291 234 2
291 242 18.9402
292 0 12.1616
292 18 7.8468
292 97 35.2615
292 190 21.7997
292 214 18.7714
292 232 13.624
292 246 31.6022
293 0 11.3447
293 10 14.6597
293 27 10.9042
293 29 23.4007
293 105 7.52214
293 121 2
293 160 13.5093
293 175 22.6714
293 285 10.1509
293 286 8.1424
293 290 11.1905
294 0 7.00112
294 67 13.8859
294 124 35.2123
294 139 28.2976
294 148 8.51818
294 158 23.3261
294 256 25.8483
295 0 2.05616
295 14 6.87425
295 60 15.5068
295 61 23.6724
295 80 5.02249
295 175 14.7688
295 226 6.7695
295 242 2
296 0 10.9346
296 15 26.2034
296 66 18.1719
296 103 9.18234
296 131 3.92544
296 207 9.10036
296 227 11.2505
296 246 21.0337
297 0 12.9733
297 21 7.45114
297 103 14.2184
297 146 15.177
297 162 19.3741
297 246 5.2862
297 286 13.1842
298 0 13.3868
298 14 10.3687
298 111 26.3817
298 141 13.1339
298 144 24.7703
298 211 3.07246
298 246 41.5165
299 0 3.82076
299 11 28.2297
299 15 26.211
299 77 16.0426
299 85 2.19357
299 102 10.1719
299 190 23.524
299 218 17.5357
299 238 18.6116
