100 100 800
1
1
1
1
1
1
1
1
1
1
1
1
1
1
1
1
1
1
1
1
1
1
1
1
1
1
1
1
1
1
1
1
1
1
1
1
1
1
1
1
1
1
1
1
1
1
1
1
1
1
1
1
1
1
1
1
1
1
1
1
1
1
1
1
1
1
1
1
1
1
1
1
1
1
1
1
1
1
1
1
1
1
1
1
1
1
1
1
1
1
1
1
1
1
1
1
1
1
1
1
0 0 2
0 7 2.0194
0 14 10.1249
0 23 5.29064
0 33 14.8064
0 37 4.66193
0 39 19.6305
0 43 3.62005
1 0 8.78567
1 2 5.21778
1 23 6.27701
1 25 3.55075
1 31 17.719
1 37 7.72094
1 45 10.0821
1 81 6.68076
1 92 5.56638
1 94 9.17569
2 0 2
2 7 17.6506
2 23 11.7436
2 33 9.47422
2 41 6.2737
2 50 19.0987
2 66 15.2294
2 72 8.18002
2 85 10.4654
2 95 14.5969
3 0 10.5133
3 8 7.55584
3 23 4.33026
3 32 2
3 41 13.76
3 45 10.0141
3 68 5.9139
3 71 23.1859
4 0 15.1751
4 24 21.9602
4 39 18.321
4 77 41.8031
4 80 2
5 0 14.8449
5 2 2
5 7 5.26806
5 14 10.7344
5 25 6.95137
5 37 2
5 39 2.36265
5 48 10.7436
5 49 12.4715
5 50 7.66096
5 59 2
5 65 8.44152
5 75 6.94807
6 0 17.7803
6 35 10.8795
6 66 36.7754
6 78 3.62411
6 81 7.3321
7 0 9.67949
7 10 10.1363
7 23 2.28899
7 25 2
7 26 16.0484
7 30 5.59343
7 38 12.4672
7 45 10.6093
7 51 5.1867
7 71 2
7 86 2.18281
7 87 11.0954
7 92 9.39484
7 93 4.04541
7 94 2
8 0 17.5474
8 25 5.73767
8 37 36.7243
8 51 24.7808
8 66 37.2013
8 71 2.17184
8 72 30.9997
8 76 15.8012
9 0 6.54613
9 2 4.26349
9 8 3.2365
9 20 10.5185
9 23 12.4951
9 25 2.74913
9 28 7.77627
9 39 12.6711
9 41 2
9 66 11.1575
9 73 2
9 75 4.85627
9 81 4.75384
10 0 11.3427
10 1 19.2351
10 26 8.4602
10 30 3.02693
10 33 13.7975
10 48 14.176
10 51 4.7439
10 60 19.2573
10 87 5.32892
10 95 3.20581
11 0 6.46165
11 6 18.2291
11 28 3.62983
11 37 7.85028
11 44 9.97732
11 45 8.87606
11 48 2
11 49 3.13428
11 50 11.0175
11 56 2
11 66 4.19654
11 78 3.03264
12 0 7.98033
12 11 22.6999
12 25 11.1082
12 28 15.0836
12 35 19.006
12 44 2
12 80 12.433
12 81 14.9602
12 93 7.05784
13 0 10.6453
13 9 8.75024
13 25 2.03117
13 28 17.2395
13 37 20.8511
13 76 11.6582
13 80 22.9814
13 81 15.232
13 85 8.40206
13 95 4.37476
14 0 10.8851
14 7 8.72618
14 39 11.9163
14 41 2
14 84 40.3856
14 94 16.134
15 0 2
15 9 11.1653
15 13 32.1647
15 25 5.51529
15 28 5.02113
15 31 6.25055
15 39 11.8351
15 62 20.7291
15 87 2.17127
16 0 2
16 28 17.1876
16 33 21.6252
16 35 28.8987
16 44 30.7455
16 62 15.9148
16 71 21.6623
16 86 2
17 0 10.9376
17 1 10.5811
17 2 2
17 17 8.52005
17 28 15.0695
17 35 4.60302
17 36 4.74567
17 45 9.2165
17 60 12.2037
17 63 7.18845
17 70 4.08839
17 77 12.8538
17 87 15.02
18 0 4.01131
18 6 5.72181
18 7 6.7584
18 10 4.71065
18 25 6.7419
18 40 12.16
18 44 11.6184
18 48 8.91601
18 51 2
18 60 12.7448
18 75 2
19 0 17.9304
19 8 7.69147
19 19 2.68514
19 24 5.27272
19 45 15.4692
19 50 2
19 66 20.3023
19 84 10.7149
19 98 9.08079
20 0 12.3616
20 6 8.64008
20 12 17.9785
20 28 21.7038
20 78 10.5933
20 94 2
21 0 2.79311
21 25 23.9317
21 32 3.27211
21 41 39.2747
21 45 6.16997
22 0 6.40006
22 20 12.9983
22 24 26.1661
22 45 34.6973
22 95 43.8322
22 98 40.4034
23 0 24.9295
23 2 7.07619
23 6 16.8584
23 24 2.27341
23 31 12.8249
23 41 7.69117
23 49 14.6582
23 52 7.37335
23 99 7.84729
24 0 4.97631
24 6 8.24012
24 9 25.7859
24 41 24.3182
24 44 12.8687
24 70 2
24 81 3.49492
24 85 10.8042
24 96 4.11864
24 99 2.92237
25 0 9.74695
25 15 11.9478
25 23 21.0337
25 25 18.2999
25 28 2
25 37 13.0705
25 53 15.1654
25 56 2
25 93 14.8041
25 97 2
26 0 3.97129
26 15 15.7229
26 16 20.1493
26 25 7.21708
26 26 2.21379
26 45 13.5988
26 52 7.92585
26 74 3.827
26 77 5.57494
26 87 2.23963
26 98 17.8091
26 99 4.84377
27 0 12.7286
27 7 2.99117
27 9 5.49628
27 28 2
27 37 8.77245
27 41 2
27 44 11.7002
27 60 11.9955
27 66 18.4364
27 73 10.7666
27 78 9.85161
27 87 5.72183
27 95 9.90802
28 0 4.76533
28 2 2
28 6 16.4871
28 25 2
28 28 4.33531
28 34 2.19394
28 39 2
28 42 8.45836
28 44 8.65437
28 49 15.3717
28 51 3.75177
28 62 4.0254
28 71 3.50473
28 76 2.51692
28 78 5.59007
28 95 5.56347
29 0 8.17061
29 8 2.94069
29 15 6.25974
29 20 8.10745
29 25 13.7078
29 28 2
29 33 9.13307
29 41 12.6167
29 51 9.67169
29 60 2
29 78 11.9188
29 79 8.80743
29 80 6.99626
29 84 2
30 0 30.7351
30 6 25.5103
30 62 6.1708
30 63 3.18931
30 66 20.3466
30 71 20.3686
30 78 2
30 85 22.754
31 0 12.1623
31 23 6.24067
31 27 2.55932
31 28 6.05037
31 49 16.3606
31 60 4.33153
31 65 5.06761
31 74 2
31 85 8.49872
31 87 9.69087
31 91 4.03699
32 0 12.1145
32 28 10.9406
32 37 29.6958
32 77 15.7322
32 78 16.1749
32 81 31.0442
33 0 9.55221
33 28 13.7625
33 39 20.7389
33 41 15.8174
33 62 20.9474
33 70 32.9597
34 0 2
34 4 7.31165
34 6 15.8754
34 9 8.34939
34 41 4.99112
34 60 11.8873
34 71 12.7057
34 80 7.90459
34 81 13.672
34 84 12.36
34 95 3.51322
35 0 14.8843
35 26 3.58053
35 28 7.17772
35 45 2.67058
35 73 2.17445
35 81 9.88741
35 85 9.35226
35 93 9.93115
35 95 2.07652
36 0 4.52991
36 6 17.4232
36 22 2.23888
36 23 5.7326
36 28 9.98052
36 44 9.74135
36 51 2.22391
36 63 15.2418
36 71 6.01067
36 81 4.21629
37 0 22.7313
37 2 12.6456
37 4 11.9527
37 6 5.52113
37 20 17.0188
37 25 13.7966
37 28 18.6001
37 50 2
37 61 5.18242
37 82 10.3361
38 0 55.5625
38 28 42.2412
38 45 43.2262
38 62 17.49
38 97 13.1201
39 0 10.2817
39 9 16.9364
39 12 23.9165
39 27 12.7465
39 36 2
39 39 15.5535
39 41 24.7837
39 49 8.87218
39 70 19.1538
39 85 17.0402
40 0 6.99367
40 6 7.04741
40 13 38.6269
40 25 7.49789
40 37 4.44086
40 63 8.55162
40 67 12.2784
40 82 24.4418
40 94 24.256
41 0 11.4305
41 1 15.5962
41 15 13.4959
41 23 11.0089
41 33 9.41338
41 37 15.5717
41 44 4.78978
41 45 7.13817
41 67 17.4704
41 77 16.8862
42 0 12.6008
42 1 21.3029
42 22 15.7868
42 23 28.4212
42 34 8.90884
42 35 10.8089
42 51 22.9401
42 77 13.9827
42 81 3.93045
43 0 20.4551
43 6 17.9086
43 37 17.4599
43 39 22.8883
43 63 4.0926
43 76 8.62038
43 87 18.1598
44 0 4.37107
44 23 10.6424
44 25 6.04128
44 30 4.19082
44 49 5.29684
44 78 17.7508
44 84 2
44 94 20.3625
45 0 4.11703
45 6 12.8029
45 9 2
45 11 11.8523
45 25 7.04336
45 28 20.4268
45 31 5.61434
45 33 16.1415
45 51 20.8873
45 66 3.11778
46 0 13.8876
46 8 18.5075
46 44 35.9296
46 61 23.6142
46 63 7.42759
46 78 8.29712
46 85 2
46 87 4.91211
46 88 23.8362
46 96 7.6896
47 0 8.10423
47 1 8.90148
47 24 9.18857
47 25 18.2619
47 51 13.8459
47 56 7.49658
47 76 9.65072
47 77 5.16476
48 0 19.9664
48 28 4.21796
48 33 26.3444
48 81 21.0149
48 82 19.7246
49 0 2
49 9 21.728
49 15 6.85528
49 23 5.92558
49 42 14.4519
49 45 15.9226
49 60 12.0558
49 70 24.093
49 78 13.3381
49 85 13.8332
49 92 6.07404
49 93 8.44759
50 0 7.02868
50 6 20.037
50 25 19.7544
50 28 34.7764
50 35 40.2894
50 45 9.20491
51 0 2
51 6 12.3158
51 14 2.07049
51 23 17.3488
51 25 2.42693
51 26 12.8415
51 39 15.3477
51 45 7.21083
51 62 4.6819
51 66 14.1435
51 81 9.61044
51 84 20.9192
52 0 30.2082
52 5 7.35531
52 38 31.1859
52 71 8.05365
52 76 21.2756
53 0 12.5554
53 8 17.699
53 23 12.4597
53 25 4.25491
53 34 17.0465
53 35 7.26752
53 49 14.1781
53 72 11.9862
53 77 25.8487
53 85 19.031
53 88 5.58386
54 0 5.09716
54 2 27.5035
54 8 16.377
54 25 37.9168
54 45 15.1207
54 62 5.58597
54 78 2
55 0 3.28944
55 19 12.1187
55 20 11.1094
55 48 7.55474
55 71 10.4933
55 75 8.72957
55 81 6.2455
55 93 19.0834
55 96 2
56 0 7.3812
56 2 16.8904
56 11 9.15379
56 25 10.6021
56 27 12.6848
56 77 7.95137
56 78 16.1398
56 91 15.9002
56 99 18.775
57 0 19.0921
57 35 31.4502
57 50 9.56974
57 71 37.2299
57 76 36.9297
57 88 15.8858
58 0 10.1288
58 6 46.6899
58 45 13.9725
58 60 33.693
58 77 6.16503
58 88 35.5195
59 0 9.66751
59 20 11.7929
59 41 14.4194
59 70 19.7137
59 77 2
59 78 36.7343
59 83 20.8439
60 0 2.71515
60 9 2.56807
60 28 5.39748
60 44 5.51708
60 45 4.16141
60 48 11.0749
60 62 6.50593
60 76 21.9561
60 77 13.3891
60 90 2.64937
60 93 3.58052
61 0 12.5109
61 2 16.7616
61 22 9.2236
61 61 12.8984
61 63 2.47988
61 67 18.3908
61 77 11.2907
61 81 22.2219
61 87 22.1993
61 90 7.19315
61 92 16.089
62 0 20.4792
62 8 2
62 26 27.2699
62 37 7.7207
62 56 18.9079
62 62 10.9428
62 78 25.2054
62 81 4.14849
62 95 17.2333
63 0 8.09667
63 1 10.2459
63 25 16.0114
63 26 3.84867
63 30 19.5785
63 37 4.93256
63 60 22.9768
63 66 22.2623
63 78 13.145
63 95 6.99996
63 98 19.076
64 0 5.09628
64 1 2.01964
64 26 17.3609
64 28 8.68253
64 37 10.0075
64 43 21.2257
64 51 7.97422
64 75 8.60909
64 81 14.4767
64 87 18.3735
64 94 8.13711
65 0 4.80328
65 8 4.51439
65 23 18.9911
65 26 6.31546
65 40 2.45904
65 53 8.64416
65 66 14.831
65 85 2
66 0 58.1217
66 7 37.7446
66 28 16.9459
66 51 6.63836
66 62 2.34857
66 92 27.4653
67 0 13.9763
67 2 9.53463
67 25 20.3485
67 31 2
67 39 2.23
67 45 18.1741
67 49 2.19934
67 60 6.56412
67 62 3.95371
67 73 10.4199
67 96 15.2694
68 0 17.1037
68 7 16.7097
68 14 8.23134
68 25 6.87371
68 39 15.4932
68 40 14.7937
68 49 20.5859
68 81 18.5573
68 87 10.7687
68 97 16.5866
69 0 18.9774
69 7 41.6343
69 28 19.1767
69 48 7.56058
69 51 34.1254
70 0 3.0974
70 6 22.0949
70 7 2.00397
70 11 2
70 23 11.8507
70 25 24.5858
70 33 16.3733
70 60 18.9011
70 78 2
70 96 17.9404
71 0 2.44813
71 6 18.4339
71 9 30.3255
71 23 2
71 37 21.1817
71 60 10.0829
71 65 18.5833
71 67 18.0167
71 88 20.9037
71 98 14.3785
72 0 18.9403
72 6 14.3916
72 20 2.7296
72 24 6.88159
72 28 15.4984
72 30 9.34
72 41 9.19336
72 45 3.96006
72 51 7.06214
72 81 11.6438
72 83 8.90831
73 0 33.4801
73 1 6.18752
73 2 28.4062
73 9 30.9434
73 47 35.8377
74 0 2
74 15 16.2294
74 23 6.03127
74 28 12.404
74 40 5.20435
74 43 5.89291
74 50 20.0374
74 60 8.88409
74 71 17.2303
74 77 6.42892
75 0 2
75 25 18.4821
75 28 6.91981
75 40 3.10268
75 51 2.77966
75 56 15.6614
75 58 13.1176
75 71 12.0385
75 86 12.8941
75 88 26.3156
75 92 24.1953
76 0 3.78446
76 3 2
76 38 2
76 41 34.1525
76 71 33.688
76 75 3.5664
77 0 25.6879
77 30 3.3795
77 49 40.9509
77 51 5.82945
78 0 13.3425
78 2 35.5356
78 11 23.5414
78 28 14.533
78 30 22.1919
78 37 14.0188
78 42 24.9558
78 66 2
79 0 5.39695
79 2 9.44084
79 39 30.128
79 49 15.6832
79 62 10.4176
79 67 15.5459
79 77 24.5933
79 93 33.7803
80 0 17.3407
80 2 12.8589
80 25 3.71225
80 26 6.28024
80 28 6.07588
80 51 11.5888
80 60 18.9833
80 67 9.78297
80 73 4.44459
80 75 6.4196
80 81 9.96272
80 86 22.5133
80 96 2
81 0 23.9176
81 7 2.9548
81 43 21.6133
81 75 2
81 77 27.2895
81 95 15.9065
82 0 2
82 11 12.9746
82 23 2.60187
82 25 10.7514
82 28 16.8648
82 37 12.7837
82 51 2.04611
82 64 3.93821
82 73 7.73796
82 81 4.60206
83 0 27.7577
83 3 15.6007
83 6 19.3477
83 41 12.2494
83 42 16.9486
83 51 15.2139
83 67 12.0249
83 71 10.3437
83 72 2.01225
83 95 18.9667
84 0 40.1719
84 33 27.3311
84 38 9.00449
84 49 4.12194
84 66 13.5485
84 77 21.2823
85 0 23.9133
85 6 10.7399
85 10 11.928
85 13 15.7979
85 50 5.27288
85 62 8.49902
85 71 12.6805
85 80 6.91106
86 0 27.8247
86 4 17.1546
86 22 2
86 37 41.7417
86 45 49.536
87 0 32.1584
87 2 2.04493
87 10 18.3436
87 32 29.8624
87 50 11.8628
87 51 12.7737
87 62 10.7591
87 83 19.9448
87 85 23.1837
88 0 44.0484
88 10 23.2736
88 23 28.7734
88 45 7.37114
88 51 29.1999
88 56 23.6218
88 93 6.10843
89 0 19.8863
89 23 44.4968
89 34 24.5484
89 66 19.3097
89 76 23.3439
89 81 8.94723
90 0 25.2059
90 1 8.27514
90 4 21.81
90 7 8.30796
90 13 12.6016
90 25 2
90 65 23.0501
90 70 21.7313
91 0 29.5568
91 31 3.54256
91 36 20.5468
91 37 5.69319
91 39 19.1027
91 44 2
91 64 23.0368
91 81 9.07958
91 87 8.3156
92 0 2
92 7 19.9807
92 19 29.8428
92 51 32.5552
92 77 15.5058
92 88 45.729
93 0 4.68148
93 28 18.4034
93 40 22.9639
93 41 2
93 51 6.65645
93 65 16.1076
93 66 42.206
93 87 11.393
94 0 6.5097
94 1 5.84146
94 23 7.01678
94 33 13.1815
94 37 13.7009
94 39 8.64808
94 41 14.7256
94 61 2.50449
94 62 5.42933
94 76 16.2284
94 81 2.59947
94 87 2
94 95 20.2113
95 0 18.0366
95 4 4.87508
95 23 4.30027
95 35 20.4252
95 51 21.4647
95 66 16.4541
95 71 25.2018
95 78 14.8535
96 0 13.9664
96 11 5.09221
96 30 30.2563
96 34 14.4713
96 37 4.30413
96 42 23.0187
96 67 2.73359
96 78 10.4395
96 81 13.1655
97 0 42.6851
97 38 32.9926
97 44 14.5259
97 49 29.4129
97 60 3.40809
97 87 12.305
98 0 80.8973
98 35 69.2852
98 45 49.3897
99 0 7.17791
99 2 16.6011
99 8 9.54599
99 20 19.0951
99 33 14.6092
99 71 26.2622
99 73 10.3555
99 77 10.426
99 78 12.2955
