50 50 400
1
1
1
1
1
1
1
1
1
1
1
1
1
1
1
1
1
1
1
1
1
1
1
1
1
1
1
1
1
1
1
1
1
1
1
1
1
1
1
1
1
1
1
1
1
1
1
1
1
1
0 0 2.98499
0 2 10.2421
0 9 2
0 10 8.70889
0 12 3.7276
0 13 5.88415
0 15 6.63036
0 23 17.7974
0 29 16.4562
0 32 2
0 33 5.5412
0 39 2
1 0 4.09537
1 8 9.56155
1 11 17.6354
1 14 7.44923
1 15 19.5364
1 19 15.5644
1 26 3.83117
1 33 7.64721
1 35 11.0153
1 43 12.9231
1 48 2.82336
2 0 15.0921
2 5 5.75339
2 14 17.9702
2 17 15.5949
2 18 7.75266
2 24 2
2 29 17.1262
2 32 8.08169
2 33 2.59681
2 39 25.2658
2 48 13.6951
3 0 15.5212
3 2 21.0434
3 5 13.5665
3 15 7.6117
3 17 3.01332
3 29 21.7977
3 38 9.22039
3 39 11.4243
3 45 2
3 48 13.3705
4 0 30.2685
4 2 3.39669
4 8 25.4169
4 15 2.12841
4 29 4.46664
4 42 11.716
4 44 27.6496
4 48 24.3419
5 0 13.1114
5 17 5.11258
5 18 17.3746
5 24 9.72074
5 25 6.79937
5 32 7.82053
5 33 4.35892
5 42 7.89389
5 43 5.85674
6 0 4.976
6 6 7.47147
6 18 13.7569
6 25 19.7356
6 26 5.26753
6 27 2
6 32 2
6 34 12.624
6 43 22.275
6 47 11.7393
7 0 12.4468
7 8 23.1194
7 17 7.90262
7 26 15.1121
7 35 29.2556
7 39 22.0316
8 0 28.1775
8 14 22.2877
8 32 14.1864
8 38 8.815
8 39 8.75261
8 43 5.40794
8 48 28.875
9 0 6.07217
9 8 22.2119
9 12 14.321
9 17 40.1778
9 29 8.77854
9 42 9.03348
9 48 2.24418
10 0 37.3698
10 9 33.1742
10 15 7.5703
10 24 6.70839
10 25 15.161
10 30 36.7093
10 42 14.135
11 0 5.33191
11 8 9.12314
11 12 5.80787
11 29 2
11 30 11.1602
11 32 19.6952
11 43 19.9449
11 48 13.0786
12 0 10.7852
12 9 5.86706
12 10 10.6871
12 15 14.8282
12 16 14.2783
12 18 9.3972
12 24 7.82801
12 32 16.6449
12 48 3.66913
13 0 7.18362
13 13 12.6551
13 15 20.3781
13 17 16.7585
13 22 18.794
13 24 12.7831
13 36 3.19796
13 41 20.1007
13 48 12.2168
14 0 2
14 9 32.8897
14 10 33.8181
14 17 23.0124
14 27 12.3406
14 47 5.55573
15 0 8.65803
15 8 11.8049
15 18 22.082
15 20 10.7875
15 32 31.7344
15 34 15.6303
15 39 13.8551
15 42 21.0332
16 0 61.3735
16 15 10.5606
16 18 51.5478
16 34 18.6431
16 48 19.4755
17 0 24.7978
17 8 16.2091
17 12 31.292
17 16 30.9479
17 29 32.5084
17 41 4.75051
17 48 30.251
18 0 9.84342
18 15 3.43747
18 20 12.5133
18 21 5.4558
18 25 24.3029
18 29 2
18 38 6.47142
18 42 5.31924
18 46 4.38102
19 0 10.5936
19 8 15.2952
19 13 8.33247
19 15 12.3204
19 26 15.5453
19 30 21.7162
19 35 2.14064
19 38 17.7812
19 43 10.2333
19 48 9.80457
20 0 18.5487
20 1 19.9758
20 13 8.43423
20 18 30.2445
20 27 29.2536
20 42 11.3341
20 44 38.055
21 0 2
21 8 12.3385
21 18 24.5647
21 24 14.5915
21 25 18.7969
21 29 33.7717
22 0 2
22 8 19.4465
22 11 12.0652
22 14 23.5066
22 17 20.0897
22 20 2
22 25 14.9879
22 29 3.40956
22 32 2.26334
22 45 18.1543
22 48 18.9248
23 0 9.84744
23 1 7.08041
23 8 6.32841
23 10 5.87118
23 13 8.99275
23 27 7.103
23 35 14.866
23 39 5.57512
23 42 14.4214
23 48 7.75162
24 0 4.32234
24 18 22.2965
24 21 11.312
24 25 2
24 26 2
24 29 6.52654
24 32 12.4831
24 38 8.38196
24 39 20.9983
24 43 19.2045
25 0 14.1449
25 6 15.3701
25 10 24.0978
25 24 12.6475
25 25 16.3619
25 29 8.03294
25 34 3.93872
25 35 22.1098
25 40 5.54443
26 0 2
26 9 29.9952
26 14 8.22729
26 17 20.588
26 20 15.4895
26 29 4.61373
26 30 9.16696
26 36 6.03758
26 48 24.4971
27 0 5.30528
27 14 10.2096
27 18 15.8594
27 30 10.8352
27 38 10.8865
27 43 27.4602
27 45 41.7207
28 0 110.993
28 15 50.4033
28 43 8.4804
29 0 28.492
29 8 40.1959
29 16 14.3312
29 18 24.8435
29 30 16.0426
30 0 2.57731
30 8 10.1107
30 13 7.63434
30 15 4.92932
30 18 6.87583
30 25 11.621
30 32 21.3568
30 43 20.0611
30 48 8.35057
31 0 20.3671
31 8 2
31 17 8.94226
31 18 15.2866
31 24 13.1826
31 29 15.922
31 30 19.582
31 32 2
31 43 2
31 48 8.06606
32 0 9.6481
32 10 2.80568
32 20 13.9437
32 24 29.4842
32 25 15.699
32 34 30.7265
32 42 6.20939
32 47 11.4795
33 0 5.75521
33 2 15.6093
33 8 11.1977
33 10 5.38005
33 18 4.73975
33 24 15.1038
33 29 7.68849
33 32 15.5768
33 39 11.3716
33 42 4.5313
33 43 10.2046
33 44 2
34 0 22.6628
34 15 4.23635
34 18 4.33442
34 25 2
34 27 7.55252
34 30 9.63839
34 34 23.3541
34 48 7.11796
35 0 2.24535
35 1 16.5259
35 5 30.6743
35 16 17.9464
35 17 6.18935
35 18 11.0535
35 25 6.66794
35 40 17.4427
35 42 18.6624
36 0 6.79021
36 8 4.53189
36 11 11.306
36 12 7.21628
36 18 5.24094
36 25 3.47038
36 32 9.22273
36 40 16.746
36 43 9.80173
36 47 13.695
36 48 22.8345
37 0 6.06329
37 1 3.64833
37 11 13.1666
37 25 2
37 29 2
37 31 5.2815
37 32 15.523
37 42 19.4697
37 43 4.72587
38 0 10.9201
38 25 23.9515
38 27 28.4835
38 34 12.375
38 39 5.49441
38 43 16.7026
39 0 10.4039
39 8 10.0636
39 9 15.3215
39 18 11.3087
39 25 13.7143
39 32 19.9709
39 33 12.7789
39 34 24.4649
39 48 5.41122
40 0 18.6387
40 10 14.5499
40 13 10.3839
40 15 16.3519
40 25 2
40 29 18.0372
40 30 14.6664
40 40 10.8432
40 47 16.7827
40 48 13.891
41 0 3.22957
41 10 14.3792
41 12 2
41 15 4.87529
41 16 4.41429
41 18 11.2089
41 22 22.0175
41 25 19.4386
41 27 11.2503
42 0 11.4111
42 1 11.9618
42 2 2.88627
42 8 20.2103
42 9 9.41255
42 10 5.58839
42 12 2
42 13 9.3029
42 15 13.9235
42 20 9.19871
42 24 20.7593
42 32 7.28665
43 0 2.05423
43 6 3.70962
43 10 5.87485
43 20 34.1935
43 29 29.1357
43 35 15.0401
43 39 12.8959
44 0 6.52867
44 3 14.1977
44 4 8.09131
44 6 14.0939
44 8 6.23654
44 10 6.31445
44 11 16.0744
44 12 6.9391
44 15 6.46643
44 16 8.214
44 17 3.69843
44 27 5.76688
44 32 13.2301
44 43 3.83897
45 0 15.2451
45 9 6.40873
45 10 15.625
45 15 5.11026
45 18 12.2514
45 25 5.90005
45 29 3.51208
45 32 2.26307
45 43 6.25454
46 0 22.1963
46 9 9.96275
46 14 7.87774
46 25 13.3442
46 29 20.7394
46 32 7.02299
46 34 2.06062
46 35 3.6088
46 42 18.6941
47 0 3.03019
47 1 24.8469
47 8 6.34944
47 12 17.1146
47 13 3.94427
47 15 12.3287
47 18 15.6536
47 30 2
47 33 2
47 48 17.2667
48 0 14.2408
48 1 7.59327
48 5 12.2657
48 11 7.56727
48 12 2.90047
48 13 2
48 15 14.5845
48 16 9.41693
48 25 13.038
48 29 4.98093
48 30 3.50112
48 33 9.28123
48 39 10.1302
48 42 7.05031
48 43 2
49 0 2.62616
49 8 2
49 10 5.05705
49 27 24.7011
49 29 12.303
49 32 10.8933
49 34 16.7357
