100 100 800
1
1
1
1
1
1
1
1
1
1
1
1
1
1
1
1
1
1
1
1
1
1
1
1
1
1
1
1
1
1
1
1
1
1
1
1
1
1
1
1
1
1
1
1
1
1
1
1
1
1
1
1
1
1
1
1
1
1
1
1
1
1
1
1
1
1
1
1
1
1
1
1
1
1
1
1
1
1
1
1
1
1
1
1
1
1
1
1
1
1
1
1
1
1
1
1
1
1
1
1
0 0 3.5427
0 9 29.0326
0 43 17.2392
0 44 22.7584
0 56 14.9056
0 59 23.4463
0 73 24.0293
0 74 4.03894
1 0 2
1 4 7.27589
1 12 6.53372
1 14 13.3508
1 22 16.832
1 26 14.2042
1 27 13.1116
1 35 3.46159
1 51 13.2968
1 63 3.11404
1 75 12.4472
1 85 6.22881
1 90 5.26585
2 0 18.5879
2 30 8.65391
2 41 18.2691
2 42 12.1744
2 44 26.1607
2 52 13.8132
2 56 31.367
2 58 14.5907
2 91 9.33002
3 0 33.1456
3 16 3.44888
3 20 17.1993
3 45 10.2509
3 52 14.7137
3 57 14.9019
3 73 2
3 84 4.47309
4 0 21.1619
4 10 6.46295
4 22 4.97837
4 36 18.8816
4 52 15.9554
4 61 11.2642
4 63 7.09407
4 82 12.9211
4 85 4.66289
4 94 5.4808
5 0 4.13797
5 8 5.67512
5 31 12.3911
5 38 19.3161
5 63 21.4112
5 85 7.87948
5 91 4.00226
5 94 22.4221
6 0 17.4802
6 9 3.15445
6 18 19.6167
6 27 14.5077
6 37 18.2566
6 38 11.5701
6 56 3.87041
6 74 21.1007
6 93 11.0314
7 0 28.3855
7 3 20.1502
7 16 8.83772
7 28 7.84421
7 37 11.7114
7 53 13.0591
7 78 12.9306
7 85 2.1516
7 90 2.15392
8 0 14.7276
8 8 5.25107
8 12 20.6961
8 13 15.3395
8 37 17.3425
8 38 3.21119
8 60 6.62436
8 61 8.71672
8 63 15.7267
8 75 5.863
9 0 4.02383
9 3 22.5496
9 27 8.84072
9 28 11.9031
9 57 18.5685
9 61 2.84138
9 64 14.4966
9 68 2.29913
9 75 17.1319
9 91 3.42886
10 0 2
10 8 6.59951
10 11 9.85401
10 12 12.2988
10 22 10.1167
10 31 19.8
10 37 15.1453
10 51 17.7693
10 64 7.78421
10 66 6.37103
10 81 5.01275
10 99 8.13158
11 0 3.84525
11 45 26.7772
11 56 40.4189
11 69 22.2541
11 78 3.58648
12 0 14.1501
12 8 11.3321
12 31 12.6713
12 37 8.77386
12 41 15.3947
12 49 16.8335
12 64 5.08866
12 75 17.3957
12 78 29.6906
12 90 28.8544
13 0 2
13 4 11.3245
13 5 24.2668
13 11 20.7829
13 13 3.14584
13 16 14.1481
13 23 16.7761
13 37 15.9733
13 58 14.4563
13 61 10.6382
13 64 2.33313
13 72 24.9876
14 0 5.46951
14 8 2.16299
14 11 3.47702
14 20 16.0881
14 28 6.43993
14 31 12.9875
14 37 2
14 49 2.33919
14 50 13.4012
14 56 11.3563
14 58 7.05825
14 64 5.15627
14 77 11.6797
14 85 2.19081
14 86 9.60406
14 90 8.4733
15 0 5.58102
15 13 12.3126
15 27 21.9908
15 45 37.6929
15 55 16.1388
15 59 13.4279
15 68 26.0889
16 0 21.8484
16 23 15.3522
16 28 22.1279
16 31 3.94326
16 34 11.0717
16 37 21.7224
16 42 6.35061
16 45 3.4667
16 85 13.7768
16 90 10.7872
17 0 21.5178
17 10 14.8534
17 17 12.8686
17 22 24.1399
17 40 3.43675
17 71 8.19711
17 73 6.91895
17 82 8.40976
17 87 2
17 90 20.4231
17 91 3.00102
18 0 31.4124
18 8 7.62093
18 10 3.50095
18 50 2
18 64 25.8453
19 0 4.7683
19 7 32.4603
19 10 17.7808
19 11 4.10957
19 12 13.728
19 16 10.0939
19 27 16.4871
19 84 17.8602
19 99 13.1656
20 0 4.06607
20 7 27.7712
20 28 21.7506
20 37 7.50341
20 39 2.49382
20 40 23.321
20 57 15.0256
20 85 7.70049
21 0 16.1586
21 12 22.54
21 28 6.14851
21 31 15.6285
21 34 23.2189
21 38 18.3531
21 40 9.40533
21 70 10.3547
21 73 11.6249
21 75 18.8395
22 0 7.25832
22 7 21.6812
22 10 17.1491
22 14 6.23613
22 16 16.3006
22 34 22.1086
22 38 12.0801
22 42 19.1502
22 43 15.5268
22 73 12.0118
22 81 13.3906
22 90 2.81052
22 91 2
23 0 11.6955
23 8 19.778
23 21 6.60404
23 37 6.26418
23 38 19.2552
23 58 21.9664
23 64 12.9607
23 75 2
23 85 12.257
24 0 6.80672
24 8 2.60139
24 12 4.68892
24 17 6.74622
24 21 12.3271
24 24 13.0356
24 28 15.5861
24 34 9.60422
24 44 22.3749
24 55 15.4789
24 74 14.8048
25 0 66.9231
25 3 17.4191
25 38 31.6553
25 85 17.0215
26 0 7.8674
26 3 8.7082
26 10 3.18667
26 22 6.44627
26 27 2
26 28 4.03995
26 31 5.63518
26 35 5.40823
26 38 6.76894
26 43 2
26 49 8.03628
26 58 2
26 59 2
26 64 3.84148
26 66 11.6133
26 70 4.48912
26 77 2
26 90 5.59661
27 0 2
27 8 11.7936
27 10 6.45208
27 36 23.7153
27 43 6.38163
27 44 13.7047
27 54 13.072
27 55 7.47749
27 75 19.5256
27 99 15.2925
28 0 6.10849
28 8 10.4428
28 20 15.194
28 22 17.1885
28 28 2.96515
28 52 25.6826
28 58 6.21885
28 70 10.8736
28 72 23.5261
28 99 2
29 0 7.24585
29 3 16.9221
29 8 5.99431
29 22 28.4014
29 37 4.99899
29 63 39.1082
29 64 11.1818
29 82 13.1617
29 90 11.6791
30 0 17.6577
30 11 11.9124
30 37 4.60355
30 58 15.9517
30 76 52.8445
31 0 3.98034
31 26 5.74105
31 33 5.71873
31 44 27.8118
31 56 7.87641
31 66 24.7364
31 75 13.0039
32 0 7.89877
32 8 4.99717
32 20 14.2126
32 24 21.8981
32 43 24.2304
32 56 8.92422
32 61 20.9443
32 63 2
32 90 2
32 91 11.6899
33 0 9.09529
33 10 4.55655
33 13 10.4206
33 38 3.87433
33 56 20.9549
33 58 21.3038
33 64 17.0246
33 75 21.2986
33 91 18.5502
34 0 66.4627
34 63 31.1901
34 83 30.4449
35 0 5.1093
35 9 13.7617
35 13 18.4679
35 28 5.97633
35 31 4.1151
35 37 3.37862
35 41 2.32179
35 50 2
35 66 2
35 70 9.45284
35 90 17.5054
35 99 3.16919
36 0 20.156
36 38 12.7374
36 39 20.5284
36 42 16.472
36 52 20.1027
36 75 15.7132
36 78 8.30893
36 85 22.0878
37 0 13.4476
37 8 10.8604
37 9 12.7096
37 16 6.87851
37 27 2.26157
37 28 3.1755
37 55 15.0884
37 56 12.1893
37 65 6.05163
37 74 5.46926
37 76 2
37 77 2.37148
37 86 7.5861
38 0 27.4836
38 4 22.4766
38 7 31.0949
38 24 11.08
38 38 14.0613
38 57 2.72975
38 59 7.94281
38 85 14.0048
39 0 14.4196
39 12 8.97398
39 13 6.77475
39 27 20.0224
39 35 24.3033
39 38 4.9839
39 49 13.4654
39 58 16.4892
39 60 7.66838
39 70 13.818
39 74 2
39 82 12.9424
40 0 32.6745
40 8 14.5284
40 37 25.2881
40 38 4.60234
40 61 41.5462
40 72 10.8812
40 73 13.9585
40 93 19.3905
41 0 43.3406
41 4 60.0968
41 8 4.24918
41 57 36.1697
42 0 10.687
42 3 9.3106
42 4 12.3282
42 13 8.31703
42 16 7.95176
42 22 11.1869
42 23 17.296
42 29 3.21589
42 35 8.31107
42 59 4.26456
42 70 3.7085
42 75 12.3579
42 91 2.67455
43 0 2.27284
43 8 9.0166
43 14 7.09624
43 37 2
43 60 14.1252
43 61 15.9934
43 64 21.055
43 65 22.356
43 71 10.9268
43 78 11.2528
43 82 18.2907
43 84 14.8399
44 0 17.0671
44 38 14.644
44 58 15.9146
44 61 17.1621
44 65 2.63463
44 75 20.813
44 90 12.2945
44 91 17.3967
44 93 16.7606
45 0 14.9699
45 10 11.2415
45 12 36.3747
45 39 20.3915
45 59 14.5307
45 75 18.7019
45 90 2
45 91 2
46 0 4.83286
46 3 6.74798
46 5 18.2444
46 16 3.7293
46 21 13.5468
46 23 9.03507
46 56 11.2216
46 78 14.9964
46 88 10.1719
46 90 15.1324
46 91 9.41121
47 0 8.36034
47 8 8.56954
47 10 2
47 16 17.0637
47 22 16.0542
47 37 15.3527
47 50 6.17862
47 58 16.132
47 61 5.23589
47 74 26.3625
47 99 10.5504
48 0 2
48 11 8.08691
48 16 17.1985
48 30 15.5918
48 37 2
48 38 15.3643
48 57 10.7456
48 63 2.40193
48 64 12.3386
48 93 6.79541
49 0 18.0897
49 4 5.93506
49 8 20.2563
49 10 5.80477
49 12 12.9329
49 34 13.0211
49 56 11.9412
49 66 23.151
49 70 5.69288
49 93 14.8014
50 0 25.859
50 11 2
50 16 7.72783
50 17 20.8037
50 56 10.0226
50 59 16.1743
50 73 7.88422
50 82 18.8676
50 85 15.2842
50 91 8.20878
51 0 22.7017
51 8 19.2072
51 58 3.63497
51 59 6.0066
51 63 7.74155
51 85 11.7426
51 91 5.3804
52 0 2
53 0 11.3884
53 10 13.162
53 22 2
53 35 11.449
53 48 5.71522
53 58 8.49258
53 69 3.3251
53 70 5.60595
53 73 2.11102
53 76 18.2977
53 84 8.04293
53 90 17.7636
53 91 3.51237
54 0 20.8809
54 7 67.0161
54 17 63.3178
54 21 32.5187
55 0 25.9188
55 7 5.97024
55 13 11.4331
55 21 2
55 58 35.1569
55 74 13.3468
55 78 13.6622
55 85 11.8557
56 0 11.6432
56 10 29.7751
56 39 46.56
56 51 55.2414
56 90 34.2126
57 0 17.1262
57 21 16.9367
57 24 14.4115
57 35 17.2904
57 53 2.80223
57 56 16.0978
57 64 31.9643
57 75 15.9176
57 90 7.52315
58 0 11.7038
58 37 9.70246
58 42 18.9585
58 52 4.10538
58 70 33.1967
58 91 14.1569
58 98 16.2407
59 0 10.1928
59 8 14.8208
59 12 4.77112
59 24 16.141
59 44 8.96635
59 60 15.0795
59 72 9.7234
59 84 8.17903
59 85 5.499
59 99 16.2299
60 0 2
60 27 13.9807
60 37 18.4778
60 41 30.5763
60 70 6.54294
60 73 43.7472
60 90 21.638
61 0 19.7829
61 8 26.9223
61 16 2
61 71 5.40718
61 75 3.29494
61 90 2
61 98 3.54215
61 99 9.43231
62 0 9.86606
62 28 5.11784
62 32 22.8459
62 35 22.7658
62 42 13.5857
62 50 11.6306
62 65 16.9416
62 90 7.70263
63 0 11.4594
63 12 14.6823
63 16 8.97557
63 26 7.15764
63 57 16.8741
63 58 20.6195
63 90 3.16738
64 0 4.23191
64 8 17.3957
64 22 18.9358
64 23 2
64 38 13.3848
64 39 4.32067
64 56 2
64 60 11.7199
64 64 9.08322
64 75 3.35512
64 91 7.96199
64 96 11.2929
65 0 9.37793
65 7 7.33057
65 16 18.578
65 34 24.5088
65 56 3.16958
65 58 23.3542
65 81 23.4002
65 85 18.0802
65 90 20.2036
65 91 12.1137
66 0 13.7807
66 31 16.6014
66 39 3.34779
66 45 30.2532
66 48 11.4474
66 56 17.3615
66 63 4.32759
66 64 7.57409
66 69 3.07451
66 78 16.0617
66 99 5.54838
67 0 11.0765
67 12 11.8614
67 16 33.4602
67 38 13.7268
67 39 2
67 40 32.4502
67 73 25.43
67 90 18.0578
68 0 18.7178
68 28 22.3693
68 33 21.5634
68 38 11.6587
68 48 21.1283
68 55 15.3561
68 73 2
68 75 11.3251
68 94 2.88784
69 0 16.6676
69 7 8.34462
69 22 12.8418
69 41 16.7058
69 42 3.0624
69 49 10.2709
69 75 11.0092
69 78 18.9539
69 85 15.9392
69 90 13.8089
69 91 19.6386
69 99 9.50432
70 0 12.5764
70 17 20.7651
70 31 17.6595
70 38 20.114
70 58 2.44766
70 60 12.904
70 74 23.3575
70 76 13.7558
71 0 2
71 8 23.787
71 11 13.2502
71 36 9.8772
71 37 7.81989
71 51 11.6174
71 61 15.6922
71 93 2.25925
72 0 3.26641
72 11 18.1796
72 37 23.3693
72 45 26.9601
72 50 14.9488
72 65 13.2412
72 70 2.11632
72 88 17.2742
72 93 18.1865
73 0 5.08659
73 8 23.1319
73 12 3.24359
73 44 20.5297
73 50 15.9951
73 56 16.3874
73 57 15.4224
73 59 7.7312
73 94 7.67637
74 0 6.62955
74 3 19.3023
74 5 10.2675
74 8 26.6558
74 28 2
74 42 9.78853
74 61 11.2366
74 69 17.5306
74 91 6.40964
75 0 21.2894
75 23 34.5629
75 24 12.0958
75 30 10.3352
75 38 60.4632
76 0 9.42134
76 3 7.67843
76 8 6.2068
76 11 12.2743
76 36 7.42632
76 38 10.4649
76 45 3.62716
76 56 9.79707
76 61 2
76 67 12.3542
76 70 4.23958
77 0 15.7883
77 5 2.90147
77 12 5.41354
77 31 23.3713
77 37 14.1094
77 45 2
77 48 9.28059
77 60 10.1295
77 73 26.2352
77 75 6.559
78 0 4.87763
78 8 9.72302
78 28 5.33338
78 38 21.5256
78 43 2
78 63 2
78 70 5.92359
78 73 21.5672
78 77 13.118
78 93 10.6031
79 0 27.0272
79 16 9.74084
79 37 40.6911
79 44 12.8467
79 55 18.4797
79 78 46.558
80 0 36.3765
80 8 30.5911
80 10 62.7421
80 53 44.276
80 93 8.09925
81 0 17.9413
81 8 13.4541
81 28 5.26962
81 56 15.7173
81 58 7.01427
81 60 22.1689
81 64 2
81 74 3.64733
81 82 19.9289
82 0 20.3047
82 2 10.5478
82 8 27.9463
82 9 22.5617
82 66 11.3561
82 75 27.9461
82 82 2
82 90 16.9959
82 93 8.33387
83 0 3.61783
83 5 6.58869
83 8 2.46641
83 22 13.0103
83 30 5.6567
83 33 5.75255
83 36 8.12969
83 38 13.6828
83 49 16.8909
83 51 8.23661
83 82 18.3113
83 90 2
84 0 17.6061
84 11 40.7586
84 59 35.5419
84 61 9.58535
84 72 36.043
84 89 6.14855
84 91 8.12486
85 0 18.5072
85 8 8.39608
85 26 19.0339
85 37 7.12764
85 38 7.9212
85 68 5.44128
85 73 25.1074
86 0 11.6763
86 2 52.158
86 12 13.0061
86 32 12.2161
86 34 18.0069
86 35 24.8896
87 0 38.4916
87 36 42.2983
87 37 23.9443
87 48 14.9113
87 74 43.6772
88 0 5.94094
88 1 12.6489
88 3 12.6111
88 18 12.7347
88 27 11.022
88 30 18.7693
88 37 10.3219
88 43 3.42077
88 56 2
88 75 17.9421
88 98 2
89 0 11.5951
89 4 19.7655
89 16 16.1453
89 30 3.61483
89 34 12.7863
89 42 23.8931
89 45 5.9397
89 58 9.62111
89 63 5.63653
89 81 19.981
89 85 3.68894
90 0 2
90 8 6.72676
90 12 6.02286
90 16 15.2529
90 31 10.1422
90 38 11.6091
90 50 2.07047
90 65 6.77331
90 70 12.6901
90 73 18.8093
90 90 13.2103
91 0 2.3294
91 56 5.54946
91 74 13.561
91 78 24.1119
91 81 14.3796
91 90 17.0406
91 91 3.07187
92 0 2.87172
92 10 21.2237
92 16 9.18833
92 27 20.4682
92 55 2
92 60 10.3421
92 75 4.87188
92 85 16.1584
92 88 9.96182
92 98 27.0432
93 0 12.4478
93 17 10.2519
93 27 2.34791
93 31 2
93 57 10.0703
93 73 29.1671
93 82 20.8906
93 98 24.8799
94 0 22.3629
94 2 11.5703
94 3 12.4163
94 33 2
94 65 4.0081
94 82 28.9593
94 91 20.9045
94 99 22.557
95 0 24.5535
95 23 6.88462
95 31 2
95 44 30.3957
95 57 12.983
95 59 8.57286
95 82 20.0477
95 85 9.92111
96 0 15.2701
96 8 4.86848
96 11 5.56224
96 14 29.3423
96 37 16.1228
96 51 21.227
96 58 8.19361
96 61 16.6526
97 0 28.9566
97 12 6.73894
97 13 39.6322
97 55 4.99127
97 58 33.9787
97 69 2
98 0 22.1034
98 10 2
98 12 6.23591
98 16 17.5121
98 26 7.98977
98 35 7.05886
98 65 13.485
98 88 8.73661
99 0 2.9785
99 7 17.3596
99 13 10.2319
99 37 7.22283
99 43 6.78921
99 56 18.7644
99 63 7.90944
99 64 22.4552
99 74 15.8893
99 78 3.87876
99 91 5.14004
