250 250 2000
1
1
1
1
1
1
1
1
1
1
1
1
1
1
1
1
1
1
1
1
1
1
1
1
1
1
1
1
1
1
1
1
1
1
1
1
1
1
1
1
1
1
1
1
1
1
1
1
1
1
1
1
1
1
1
1
1
1
1
1
1
1
1
1
1
1
1
1
1
1
1
1
1
1
1
1
1
1
1
1
1
1
1
1
1
1
1
1
1
1
1
1
1
1
1
1
1
1
1
1
1
1
1
1
1
1
1
1
1
1
1
1
1
1
1
1
1
1
1
1
1
1
1
1
1
1
1
1
1
1
1
1
1
1
1
1
1
1
1
1
1
1
1
1
1
1
1
1
1
1
1
1
1
1
1
1
1
1
1
1
1
1
1
1
1
1
1
1
1
1
1
1
1
1
1
1
1
1
1
1
1
1
1
1
1
1
1
1
1
1
1
1
1
1
1
1
1
1
1
1
1
1
1
1
1
1
1
1
1
1
1
1
1
1
1
1
1
1
1
1
1
1
1
1
1
1
1
1
1
1
1
1
1
1
1
1
1
1
1
1
1
1
1
1
1
1
1
1
1
1
0 0 7.25389
0 35 12.6559
0 57 23.7332
0 73 9.67085
0 134 2
0 143 10.9701
0 155 14.8715
0 169 22.8453
0 170 19.3607
0 234 10.9952
1 0 16.4497
1 51 19.8548
1 52 13.6071
1 105 2
1 130 6.93735
1 139 5.10757
1 162 17.1211
1 200 9.01801
1 204 20.0856
1 222 20.7244
2 0 5.29867
2 46 16.6338
2 47 11.6487
2 76 19.0141
2 122 23.9859
2 155 9.63861
2 204 13.7453
2 210 12.4646
2 211 29.6149
2 212 15.7485
3 0 20.3581
3 123 29.6425
3 184 12.374
3 210 28.6623
3 235 3.13124
3 240 28.5018
3 249 31.7113
4 0 28.3434
4 33 27.2709
4 84 2.13548
4 95 12.9306
4 105 8.5393
4 119 16.2233
4 195 11.894
4 247 15.6066
5 0 10.5991
5 27 12.9614
5 55 5.96259
5 102 13.6137
5 142 10.2711
5 170 2.06712
5 182 3.36567
5 206 10.5239
5 218 10.5375
6 0 2
6 5 4.18423
6 9 12.2636
6 32 19.3659
6 112 10.6735
6 169 23.4608
6 206 11.5925
6 223 4.51613
6 238 16.979
7 0 23.2606
7 32 3.59922
7 105 2.86018
7 106 9.16875
7 123 21.0156
7 144 14.9536
7 160 7.63748
7 172 18.8912
7 202 33.2917
7 236 15.466
8 0 6.11925
8 1 3.45672
8 9 4.34116
8 77 4.85798
8 98 9.02758
8 108 10.2283
8 122 2.67818
8 189 16.2054
8 190 9.87002
8 191 2
8 197 10.5377
8 210 9.82494
8 212 2
8 243 3.94588
9 0 16.4889
9 79 23.4209
9 108 6.30726
9 126 22.2711
9 158 9.79579
9 167 21.4707
9 235 6.13658
9 240 37.2758
10 0 13.5529
10 106 13.0143
10 108 17.6321
10 135 23.8212
10 144 9.94388
10 175 6.93854
10 176 32.5386
10 189 7.64293
11 0 5.18736
11 31 8.77928
11 32 5.83314
11 38 11.1603
11 47 17.6569
11 123 8.76823
11 143 5.48555
11 200 13.32
11 209 13.613
11 227 16.7447
11 235 23.4974
12 0 9.50141
12 25 2.05189
12 31 9.90604
12 54 3.71729
12 77 18.7288
12 109 2.77237
12 132 16.3457
12 159 11.8295
12 239 11.3553
13 0 14.4862
13 27 4.15986
13 47 8.83688
13 65 18.1169
13 116 4.24949
13 154 17.4062
13 168 10.9643
13 179 8.16379
13 206 10.2719
13 215 7.30525
14 0 12.4198
14 9 3.11866
14 46 17.3101
14 54 17.4916
14 60 6.65281
14 112 2
14 176 17.8697
14 210 23.5849
14 212 6.97989
15 0 29.7749
15 98 21.499
15 137 13.0269
15 150 28.6947
15 176 8.53634
15 241 30.8463
16 0 23.7278
16 9 29.7113
16 96 11.7305
16 106 30.3241
16 143 40.1816
16 177 17.7905
16 194 8.99737
17 0 16.3404
17 31 9.50282
17 94 16.0611
17 146 24.0296
17 169 30.8381
17 170 23.6601
17 178 5.54315
17 205 21.4817
18 0 9.76802
18 66 23.4768
18 123 3.63369
18 202 26.6085
18 204 33.2367
18 227 38.2355
19 0 2
19 31 23.6278
19 84 23.9444
19 98 2
19 106 2
19 117 2
19 118 11.104
19 137 4.40658
19 169 9.20816
19 170 7.46071
19 235 2
20 0 21.8176
20 35 11.5782
20 50 8.23554
20 73 16.9726
20 97 12.2443
20 144 2
20 182 4.75316
20 191 17.5482
21 0 11.1936
21 51 27.1368
21 73 89.5837
21 83 43.6267
22 0 16.0022
22 31 10.0837
22 38 12.6766
22 47 13.8265
22 126 2
22 145 11.561
22 150 18.1404
22 154 12.311
22 176 14.3613
22 221 10.9693
22 247 2.23145
23 0 14.2228
23 51 12.9303
23 67 10.6763
23 109 12.1512
23 122 21.1204
23 172 15.2285
23 176 9.58951
23 205 3.92022
24 0 3.84267
24 31 2.06502
24 39 11.1764
24 41 2.13197
24 46 3.45848
24 91 8.2551
24 106 12.2344
24 109 12.5294
24 145 4.7356
24 162 10.7677
24 167 10.8606
24 195 6.18565
24 226 10.9663
25 0 14.8353
25 20 2
25 27 5.67112
25 46 2
25 55 2
25 71 20.8546
25 123 15.1383
25 178 25.3666
25 195 14.6832
25 202 7.16542
26 0 13.4678
26 7 5.70986
26 51 20.8121
26 55 13.1137
26 68 12.1172
26 116 16.8541
26 142 15.7077
26 168 2.96118
26 200 11.5337
26 204 2.45991
26 211 13.8695
26 215 6.45801
26 230 14.9071
26 243 8.79392
27 0 45.0611
27 52 28.9843
27 91 57.534
27 145 27.4113
27 202 11.6125
28 0 2.91025
28 76 2
28 81 4.8873
28 108 7.38872
28 142 6.08803
28 143 21.356
28 144 3.21553
28 170 26.6099
28 182 8.57954
29 0 18.8547
29 31 11.232
29 109 14.4587
29 116 12.9175
29 160 31.1105
29 178 2
29 247 11.5983
30 0 3.71002
30 31 25.3926
30 91 24.8227
30 117 21.4796
30 132 28.6098
30 155 2.20915
30 190 41.5694
31 0 2
31 19 20.6795
31 29 21.9215
31 80 5.6634
31 108 2
31 110 10.7354
31 145 2
31 158 5.73415
31 184 21.1625
31 241 10.062
32 0 27.2318
32 67 52.2078
32 94 16.3062
32 212 17.8502
33 0 33.6863
33 87 6.73382
33 91 7.21632
33 105 2
33 190 7.94112
33 207 26.1639
34 0 20.6394
34 19 5.61708
34 31 24.4191
34 43 28.3581
34 68 14.5515
34 135 5.67657
34 157 14.7685
34 202 19.3989
34 221 16.7945
34 224 18.3666
35 0 4.21968
35 7 5.17062
35 11 9.02579
35 19 12.649
35 50 16.7172
35 55 6.92017
35 71 5.2075
35 83 9.70286
35 102 12.2268
35 157 7.94267
35 212 10.7906
35 221 14.1099
35 222 14.1108
36 0 19.5867
36 43 33.9112
36 58 34.3077
36 67 28.4414
36 68 15.3727
36 130 21.6302
36 140 10.3982
37 0 13.6989
37 27 55.2408
37 204 15.3481
37 225 50.4758
38 0 34.464
38 25 52.2234
38 87 2.04087
38 105 46.1874
38 123 46.9108
39 0 2
39 33 8.50841
39 41 8.54341
39 45 13.7844
39 51 5.10361
39 55 16.8371
39 58 2
39 83 3.45941
39 92 9.09653
39 102 5.49945
39 105 8.23084
39 157 4.76723
39 165 10.4423
39 168 8.97222
39 176 2.25519
39 193 9.0878
39 215 14.2733
40 0 35.0721
40 49 31.7113
40 69 3.49521
40 134 30.2246
40 189 38.6934
41 0 16.765
41 50 12.1082
41 84 12.1728
41 109 9.30962
41 119 11.7092
41 176 25.8088
41 189 17.2794
41 219 17.815
41 224 10.8416
42 0 20.3699
42 37 17.0663
42 81 3.74463
42 84 2
42 87 2
42 148 11.9937
42 191 11.3422
42 229 9.64534
42 236 13.4019
43 0 14.6832
43 5 26.5301
43 46 21.4775
43 56 3.87054
43 69 7.32662
43 108 2.65857
43 146 2
43 236 13.6498
44 0 36.0567
44 26 2
44 215 2
44 230 16.3104
44 240 42.0248
45 0 93.4144
45 32 20.1436
45 106 18.5065
45 245 2.80908
46 0 3.17726
46 18 13.6137
46 19 5.1718
46 27 9.27211
46 33 14.5355
46 43 6.45913
46 77 14.5113
46 118 17.8519
46 168 18.7927
46 178 3.62551
46 224 22.6615
46 237 2
47 0 2.1519
47 27 2.67843
47 46 7.71871
47 47 6.18194
47 75 11.6235
47 78 3.54377
47 83 14.7565
47 91 5.78912
47 95 11.864
47 143 19.8998
47 168 12.2423
47 186 12.2073
48 0 17.132
48 32 10.9144
48 39 9.2335
48 71 5.43969
48 73 12.8455
48 77 20.4272
48 100 8.60524
48 129 2.79058
48 194 15.1542
48 216 14.4502
48 244 6.23711
49 0 13.0729
49 55 4.08119
49 77 12.9143
49 95 5.52566
49 143 6.5455
49 150 7.15705
49 153 14.6236
49 170 13.9816
49 184 2.46625
49 194 9.48774
50 0 40.7688
50 87 15.2806
50 190 27.1447
50 193 6.53158
50 197 52.855
50 216 19.7394
51 0 2.2106
51 27 16.8921
51 59 14.4936
51 73 17.3152
51 116 28.5081
51 117 4.16215
51 208 5.24719
51 240 18.8377
52 0 18.759
52 1 19.9082
52 35 16.5577
52 39 18.8619
52 41 4.39622
52 46 7.37608
52 55 24.3283
52 67 36.4015
52 76 6.42345
53 0 15.8027
53 27 29.618
53 71 2
53 73 11.7864
53 128 27.004
53 185 21.6417
54 0 15.8369
54 20 15.3686
54 51 14.2763
54 66 14.2884
54 67 2.09085
54 97 11.251
54 106 10.7092
54 169 2.67867
54 175 20.4936
54 182 5.55973
54 212 22.9221
55 0 10.0046
55 5 11.7864
55 32 2
55 77 13.5212
55 91 2.69626
55 98 9.39348
55 110 16.0124
55 116 12.2781
55 143 2
55 187 2
55 191 7.46976
55 225 11.9889
55 235 12.2934
56 0 8.32721
56 23 19.9296
56 55 14.5871
56 105 11.21
56 106 13.1992
56 150 16.9044
56 155 6.71677
56 211 17.5802
56 225 15.5655
56 240 7.20712
56 249 4.97022
57 0 5.03074
57 26 6.68388
57 49 9.57983
57 78 18.5042
57 81 8.19432
57 126 20.6914
57 155 6.36552
57 212 6.13081
58 0 2.97412
58 19 8.5087
58 43 20.256
58 126 18.1971
58 191 28.2708
58 193 2
58 234 28.8415
58 240 32.2126
59 0 8.27953
59 66 9.09642
59 68 16.0514
59 81 28.0267
59 84 30.9655
59 123 2
59 143 18.8249
59 221 20.1066
60 0 7.35551
60 7 7.71137
60 144 35.6711
60 160 16.61
60 168 4.8026
60 236 35.5393
61 0 14.4349
61 51 7.75064
61 108 11.1373
61 116 2.51493
61 126 6.12488
61 128 16.3972
61 148 22.4621
61 168 7.98448
61 172 6.8865
61 175 8.37985
61 219 11.6149
62 0 34.6193
62 31 27.5677
62 44 9.9316
62 71 12.8824
62 190 36.5849
62 202 25.6051
62 203 14.6279
62 234 27.9252
63 0 41.3596
63 47 18.09
63 55 16.1753
63 105 4.90324
63 143 5.61421
63 149 12.0654
63 208 16.7772
63 211 10.1815
64 0 8.31322
64 9 2
64 102 6.43008
64 148 12.8301
64 151 15.9003
64 177 14.528
64 196 9.09255
65 0 16.9304
65 32 17.6631
65 37 28.6197
65 46 21.5113
65 130 24.9617
65 146 2
65 204 18.5273
65 218 6.54875
66 0 13.2952
66 9 12.8926
66 73 31.9422
66 91 27.0941
66 142 8.61109
66 215 8.95242
66 234 34.4862
67 0 11.2743
67 75 21.9404
67 76 23.1151
67 105 26.603
67 106 2.15302
67 143 2
67 152 7.40809
67 212 14.1755
67 224 7.61978
68 0 29.0528
68 2 7.37965
68 67 9.7294
68 99 19.8533
68 100 13.6609
68 109 5.99759
68 115 18.1564
68 143 11.0389
68 144 18.8785
68 187 2.09399
69 0 6.32358
69 49 16.2906
69 51 3.19344
69 105 20.0682
69 109 10.8971
69 157 6.2922
69 190 3.20395
69 212 4.21191
69 245 15.6289
70 0 18.4657
70 9 15.7741
70 16 7.39917
70 26 19.691
70 27 4.85031
70 37 14.5026
70 98 8.82388
70 148 8.65529
70 173 7.14222
70 191 7.63737
70 204 3.97559
71 0 16.917
71 13 35.9628
71 23 28.2378
71 67 35.0775
71 238 35.8599
72 0 22.4688
72 46 13.4784
72 51 18.7599
72 54 6.10058
72 55 9.59622
72 67 2.32617
72 77 6.08839
72 177 5.95903
72 225 2
72 248 2.9952
73 0 9.28714
73 37 10.5823
73 90 4.0673
73 128 26.9123
73 137 12.0654
73 154 16.238
73 160 27.497
73 190 19.3084
73 200 14.0439
74 0 35.6328
74 27 23.9883
74 32 20.6936
74 109 10.9985
74 142 4.0523
74 155 18.7708
74 202 13.9153
74 235 24.0372
74 249 12.9245
75 0 11.508
75 23 2
75 27 18.8896
75 32 8.2732
75 67 2
75 68 16.0535
75 81 5.8213
75 91 2
75 126 2.52993
75 143 2
75 176 5.19539
75 191 12.9289
75 211 9.00446
75 221 6.42128
76 0 10.6071
76 27 9.53328
76 78 11.1697
76 84 17.3127
76 102 2.34993
76 124 2.71771
76 143 18.833
76 146 2.1916
76 211 3.99051
76 241 2
77 0 12.5361
77 55 16.8935
77 103 10.5745
77 110 6.77385
77 144 58.4064
78 0 3.68726
78 102 7.27359
78 118 41.9602
78 145 3.7373
78 187 37.4034
78 204 5.88218
79 0 17.3049
79 46 13.9567
79 63 22.8395
79 69 23.4581
79 160 16.2617
79 168 24.2499
79 215 14.0807
80 0 18.7249
80 36 31.3603
80 46 15.0356
80 79 2
80 154 12.1734
80 162 9.17764
80 210 29.1017
80 235 4.11926
80 247 14.0256
81 0 15.3792
81 31 22.6886
81 68 12.4114
81 80 51.2263
81 94 27.8352
82 0 2.88546
82 13 5.82576
82 27 19.0724
82 32 6.37994
82 37 2.29713
82 86 23.7067
82 105 7.60901
82 117 2
82 131 13.4659
82 168 21.9684
83 0 2
83 32 17.1751
83 37 9.2176
83 60 2
83 111 13.2132
83 141 10.3538
83 176 13.3519
83 178 2
83 211 8.18006
83 219 14.6273
83 230 18.3146
83 234 22.2802
84 0 23.1161
84 96 11.2237
84 108 2.54421
84 132 17.8078
84 172 13.95
84 208 2
84 216 2
84 232 19.5205
85 0 14.2535
85 31 14.6031
85 47 19.7646
85 50 17.8565
85 76 8.06783
85 100 5.13516
85 136 8.10226
85 149 27.0096
86 0 9.58989
86 19 16.8702
86 66 18.7884
86 85 19.8781
86 95 2.13996
86 107 17.1935
86 123 18.6227
87 0 17.4671
87 32 13.2624
87 67 4.67481
87 68 2
87 84 19.2826
87 124 9.75282
87 162 6.01559
87 170 10.8682
87 180 12.9948
87 189 14.4577
87 211 13.9463
87 215 17.6664
87 227 4.52204
88 0 5.94259
88 31 6.01087
88 37 16.2591
88 47 5.02941
88 54 9.13953
88 55 15.1546
88 105 2.1609
88 128 2
88 131 18.8228
88 169 2.01276
88 176 4.29973
88 218 10.2425
88 237 16.1766
89 0 16.6921
89 98 2
89 120 5.32973
89 135 16.9149
89 137 23.7067
89 143 21.857
89 146 4.21615
89 147 27.5945
89 234 4.66648
90 0 10.483
90 1 10.011
90 12 6.69031
90 22 5.55424
90 27 12.0491
90 44 8.03182
90 67 2
90 68 2
90 73 6.46562
90 76 15.1791
90 106 10.1215
90 119 12.965
90 244 8.20663
91 0 2.3509
91 5 7.06072
91 23 18.7318
91 31 2
91 46 7.33588
91 48 11.8362
91 51 6.59653
91 62 8.80976
91 84 10.9792
91 108 10.7649
91 111 3.22816
91 142 8.24843
91 146 3.95264
91 148 14.1967
91 150 10.3709
91 210 10.7847
91 248 8.75259
92 0 13.8838
92 20 29.3356
92 136 29.2718
92 231 24.6236
93 0 10.6144
93 3 3.63726
93 31 14.5778
93 32 8.15893
93 54 2
93 59 3.02045
93 159 19.3129
93 177 2.88727
93 202 12.2862
93 221 9.03876
93 230 3.56756
93 247 30.9956
94 0 3.44629
94 110 19.4379
94 117 10.4871
94 143 22.1482
94 150 36.1401
94 202 18.5049
95 0 13.5787
95 69 7.62163
95 86 15.7777
95 134 8.86846
95 144 2
95 147 8.93624
95 202 3.74537
95 239 8.00664
95 243 17.4128
96 0 16.7148
96 48 13.3974
96 51 13.0418
96 177 5.4819
96 187 23.2277
96 240 10.6425
97 0 8.91006
97 7 11.2761
97 27 19.9807
97 68 13.6558
97 77 15.3207
97 106 2
97 112 5.96419
97 124 12.8968
97 129 2.06159
97 143 11.8076
97 145 2
97 204 10.2517
97 215 8.94307
97 234 5.14147
97 235 20.7746
98 0 17.4855
98 80 29.3854
98 105 23.6863
98 108 52.9396
98 196 42.2831
98 234 21.1209
99 0 7.02856
99 97 13.1828
99 142 36.0421
99 143 12.4168
99 146 7.32129
99 155 25.5957
99 175 11.3075
100 0 2.62115
100 31 10.8906
100 48 14.5439
100 55 6.67577
100 58 10.7917
100 119 14.6783
100 150 2.86669
100 211 2.11834
100 224 13.5293
101 0 25.3552
101 1 24.4258
101 37 8.73647
101 61 19.8478
101 146 8.11757
101 169 12.5417
101 208 13.3542
101 224 5.16907
101 239 13.6224
101 241 10.1047
102 0 12.2023
102 24 2
102 29 12.2241
102 32 23.666
102 43 9.23226
102 105 15.1351
102 116 12.7676
102 124 23.22
102 154 21.8179
102 215 5.05471
103 0 19.1144
103 27 18.4427
103 51 2
103 55 2.85903
103 80 31.9361
103 112 5.35215
103 126 2.17621
103 168 19.1896
104 0 5.09529
104 92 21.2474
104 106 18.3062
104 116 20.2779
104 160 4.09898
104 216 10.3234
104 224 37.6915
105 0 6.65246
105 50 2
105 108 10.6231
105 134 3.06102
105 142 5.25923
105 143 2
105 157 11.5356
105 204 21.8172
106 0 25.5897
106 27 4.02426
106 31 24.8331
106 46 5.91577
106 77 2
106 110 25.158
106 129 25.7014
106 146 2
107 0 19.8918
107 27 2.37993
107 38 6.20971
107 54 9.51831
107 196 8.38742
107 202 11.5756
107 236 36.6859
108 0 19.3442
108 55 20.316
108 76 27.956
108 80 16.0928
108 84 34.9228
108 196 4.78968
108 197 5.95793
108 224 23.838
109 0 5.90526
109 67 9.18113
109 73 4.38202
109 106 10.5946
109 116 2
109 124 15.446
109 143 2
109 155 8.839
109 168 3.65886
109 231 4.47316
109 238 9.63332
109 247 8.14676
110 0 9.52865
110 26 17.9594
110 73 6.93023
110 75 21.4339
110 112 12.0326
110 142 14.6131
110 194 10.7322
110 224 2.92192
110 244 3.09499
111 0 6.58898
111 140 13.8801
111 144 18.164
111 177 9.78641
111 187 22.2468
111 202 6.96286
111 204 31.5304
111 227 16.5246
111 239 29.359
112 0 15.1915
112 58 10.6674
112 64 41.4574
112 169 26.1176
112 196 54.4746
113 0 10.4726
113 1 2
113 27 16.2482
113 36 13.1756
113 67 17.0814
113 108 14.3628
113 137 21.6535
113 204 17.1583
113 212 17.0912
113 235 2.01606
114 0 6.00358
114 46 8.76984
114 51 8.6429
114 73 10.3041
114 81 2.47544
114 86 15.9644
114 119 15.4915
114 182 2
114 211 18.1958
114 224 2.02188
115 0 10.5546
115 94 16.2043
115 106 4.25734
115 130 18.105
115 145 15.0095
115 202 15.9315
115 219 14.2418
115 227 6.66561
115 231 18.3027
116 0 2
116 19 24.4095
116 60 16.923
116 91 20.7431
116 155 4.04359
116 195 17.4992
116 196 25.2925
116 211 7.83043
117 0 17.0707
117 41 10.0585
117 49 9.87957
117 94 18.9896
117 145 15.3726
117 150 16.2655
117 182 19.5137
117 187 16.8782
117 229 4.80646
117 244 6.33446
118 0 15.6418
118 102 23.3177
118 108 8.84192
118 134 7.17766
118 135 26.6584
118 141 22.65
118 154 10.5262
118 173 20.0814
119 0 20.3168
119 27 8.06623
119 84 3.03028
119 133 34.3791
119 160 49.3009
120 0 3.78724
120 5 20.5145
120 32 7.72664
120 44 19.8095
120 51 20.3298
120 67 2
120 106 20.1478
120 170 23.6514
121 0 2
121 1 30.8005
121 31 19.5891
121 68 15.9182
121 124 7.14565
121 178 13.3226
121 180 7.35471
121 191 23.9777
122 0 15.4554
122 13 13.7455
122 22 10.3822
122 76 14.2899
122 98 7.41446
122 150 6.96979
122 161 13.4921
122 182 4.18124
122 219 13.209
122 231 7.0105
123 0 22.0276
123 5 24.0178
123 37 12.6211
123 46 5.24966
123 84 22.5909
123 146 11.9518
123 148 28.9161
123 230 2
123 234 5.10188
124 0 27.6243
124 50 19.5804
124 58 23.4889
124 95 26.9004
124 108 8.94808
124 144 26.0761
124 191 9.53338
124 212 17.6753
124 215 12.5048
125 0 20.6263
125 68 6.49278
125 134 37.3655
125 154 4.43419
125 204 47.1009
125 230 37.5709
126 0 4.24605
126 27 5.77087
126 46 8.53552
126 81 4.5652
126 84 12.4891
126 86 3.92718
126 122 6.81235
126 123 2
126 130 3.70605
126 146 2.04791
126 147 9.00692
126 191 11.3555
126 234 2.56059
127 0 14.588
127 5 7.60736
127 46 10.4852
127 56 8.0429
127 148 11.864
127 158 31.2689
127 218 8.2914
127 229 6.43035
128 0 17.9112
128 9 15.8695
128 143 5.70594
128 155 11.6852
128 173 8.36771
128 208 20.789
129 0 29.2508
129 33 37.5958
129 44 4.58803
129 67 2.53445
129 142 46.742
129 240 20.9319
130 0 11.804
130 13 8.6516
130 31 5.25612
130 65 10.4915
130 67 2.11165
130 98 10.2541
130 119 17.7247
130 144 2
130 170 2
130 182 12.3624
130 193 9.00754
130 195 12.133
130 221 10.6902
131 0 3.66181
131 32 4.809
131 33 8.56269
131 36 11.951
131 45 10.3617
131 51 10.7968
131 105 8.09831
131 108 3.25756
131 136 10.7469
131 143 10.4228
131 152 2.92596
131 163 5.6995
131 204 15.0841
131 239 3.71575
132 0 24.2084
132 26 2
132 31 19.3669
132 45 22.3291
132 67 16.6397
132 98 12.7362
132 105 3.965
132 123 16.4923
132 144 12.4686
133 0 2.58491
133 35 10.2438
133 68 8.70498
133 73 12.4924
133 90 11.1289
133 106 14.9726
133 123 7.98247
133 154 9.59518
133 190 4.09307
134 0 18.6745
134 16 20.2773
134 46 7.669
134 54 19.0026
134 105 24.1156
134 136 12.5494
134 221 23.3293
135 0 5.68609
135 2 9.74572
135 58 5.99339
135 81 13.081
135 86 6.90501
135 103 16.7637
135 119 2
135 176 9.84108
135 182 3.87347
135 215 13.1078
136 0 15.2039
136 49 26.0366
136 67 16.1165
136 68 2
136 84 15.3993
136 108 26.893
136 143 35.5409
136 176 2.80481
136 230 15.3035
137 0 18.2004
137 27 20.5229
137 55 16.023
137 109 23.3481
137 123 10.0888
137 145 8.17995
137 204 29.8407
137 240 16.2908
138 0 8.12878
138 22 18.9638
138 67 5.18697
138 76 4.6174
138 102 5.09964
138 145 25.2241
138 170 13.5155
138 180 15.6539
138 236 12.7535
139 0 13.9959
139 27 5.17248
139 31 7.50514
139 92 6.76635
139 132 6.47497
139 135 14.6946
139 166 15.1864
139 172 9.62266
139 183 11.5471
139 211 17.1314
140 0 12.4244
140 26 12.5833
140 32 19.7739
140 98 19.5812
140 122 16.2755
140 230 31.805
140 238 32.9961
141 0 24.8465
141 16 18.0647
141 33 4.94025
141 36 2
141 68 4.41751
141 75 10.7094
141 80 4.2795
141 106 15.2579
141 151 6.93556
141 181 19.3132
142 0 4.13723
142 3 11.7494
142 5 12.0931
142 58 6.18729
142 84 15.5312
142 86 8.49894
142 105 15.9205
142 108 5.96643
142 118 7.79736
142 134 3.21856
142 145 9.40685
142 170 7.83989
142 241 2.87491
143 0 8.38851
143 26 3.1872
143 37 8.17135
143 60 11.6923
143 76 2
143 117 2
143 121 2
143 145 3.99257
143 158 2.18937
143 215 7.6701
143 218 10.9243
143 231 5.01733
143 235 2
143 241 10.4299
144 0 7.85062
144 5 9.49792
144 23 3.99735
144 31 2
144 32 8.92773
144 34 6.25005
144 47 2
144 76 2.18963
144 85 8.9163
144 92 7.70867
144 94 10.696
144 106 4.82814
144 145 7.92861
144 187 11.342
145 0 2
145 12 12.0185
145 17 11.7863
145 89 11.4844
145 92 5.2801
145 119 2
145 144 2.20306
145 176 19.663
145 187 11.2513
145 190 2
145 195 12.3492
145 202 13.1757
146 0 2
146 31 16.7781
146 49 9.19232
146 67 7.59918
146 80 6.43822
146 142 5.00923
146 159 12.8361
146 168 9.9822
146 185 6.85087
146 191 2.09141
147 0 11.1509
147 3 27.7417
147 46 5.25608
147 86 42.7683
147 98 43.3901
147 141 14.452
148 0 19.8703
148 32 31.4429
148 38 14.9418
148 224 8.73935
148 235 10.4181
149 0 15.6641
149 75 18.4277
149 85 28.7773
149 117 17.2291
149 123 16.7823
149 124 16.2052
149 196 36.4235
150 0 25.0265
150 31 16.3557
150 91 17.3668
150 105 2
150 109 2
150 146 6.72407
150 161 10.9512
150 170 8.98121
150 197 5.82527
150 206 12.9837
151 0 12.0159
151 22 35.7006
151 75 24.4878
151 95 9.42433
151 144 3.81618
151 227 12.8402
151 244 5.76931
152 0 65.9545
152 5 30.0982
152 106 31.5324
152 160 28.198
153 0 28.8032
153 19 24.3166
153 43 19.2382
153 94 39.2287
153 106 3.03647
153 112 6.20568
153 137 22.0741
154 0 11.2355
154 46 8.51921
154 73 2.06032
154 76 10.1959
154 84 2
154 94 2
154 124 15.2566
154 150 11.0779
154 191 7.21402
154 211 7.11451
154 224 3.36874
154 241 8.97114
155 0 15.9297
155 1 7.32749
155 26 10.0448
155 27 21.4061
155 32 24.898
155 122 32.6645
155 130 8.33364
155 188 11.2066
155 244 12.4034
156 0 23.0359
156 72 2
156 76 23.1357
156 87 30.6608
156 94 5.67339
156 116 20.8086
156 204 16.4482
156 212 2.30171
157 0 14.0844
157 37 7.71036
157 55 4.63051
157 63 24.9323
157 106 8.99316
157 138 7.33813
157 156 14.5001
157 172 12.0682
157 177 2.78799
158 0 2
158 60 63.1524
158 68 13.1295
158 144 6.68956
158 175 56.4538
159 0 19.1214
159 5 19.2648
159 32 17.7107
159 86 24.6932
159 129 8.62585
159 160 3.7139
159 173 17.4737
159 232 22.1949
160 0 5.05518
160 9 21.989
160 67 12.0306
160 124 17.1341
160 137 6.15328
160 155 13.1658
160 219 12.8564
160 230 33.9808
161 0 23.3735
161 27 23.9435
161 54 10.7068
161 59 2
161 178 7.21369
161 244 4.59906
162 0 4.4054
162 5 2
162 45 32.5889
162 55 12.0574
162 64 4.80059
162 135 31.2596
163 0 12.8244
163 32 9.23821
163 100 40.5634
163 128 8.14323
163 176 34.6637
164 0 14.8882
164 31 2.4147
164 52 11.8175
164 65 19.0726
164 91 15.8644
164 102 15.2348
164 105 14.175
164 136 23.7286
164 144 6.25892
164 161 9.11037
164 204 7.02061
164 212 3.56226
165 0 2
165 50 37.6227
165 89 25.7099
165 116 12.012
165 146 29.6517
165 156 2
165 204 11.4175
166 0 9.97569
166 19 22.1408
166 32 9.8868
166 58 3.42419
166 63 13.0839
166 109 20.6048
166 145 15.4881
166 177 4.74893
166 190 15.5437
166 235 13.1986
167 0 22.8884
167 1 18.2895
167 23 25.4609
167 47 2.62178
167 51 21.896
167 83 3.53204
167 87 3.64138
167 89 18.4463
167 108 17.7055
167 206 12.6455
168 0 9.81012
168 68 30.5482
168 109 12.9105
168 121 19.2524
168 224 16.2135
168 243 11.4371
169 0 4.50326
169 27 18.0436
169 83 9.54868
169 105 19.9075
169 106 21.527
169 125 26.478
169 141 4.22425
169 144 8.67151
169 204 4.34919
170 0 11.1004
170 66 6.62181
170 104 3.85368
170 105 31.752
170 155 14.9959
170 182 5.28
170 212 8.58403
170 249 10.7218
171 0 63.8379
171 35 2.47474
171 147 22.0372
171 177 19.2852
172 0 5.02113
172 39 9.88388
172 45 5.6426
172 109 19.2832
172 113 5.22782
172 119 2.135
172 153 4.33095
172 155 2.98644
172 162 5.1057
172 184 8.24205
172 219 2
172 235 5.54421
173 0 3.46442
173 27 4.96458
173 37 9.93697
173 48 10.0893
173 52 8.6425
173 76 10.2716
173 91 2
173 116 10.5944
173 142 18.8345
173 182 4.85363
173 190 16.693
173 240 2
174 0 5.83632
174 26 4.18125
174 45 13.6523
174 104 8.98034
174 111 18.8676
174 119 5.99497
174 124 2
174 142 3.87225
174 175 17.3671
174 248 17.8702
175 0 8.72027
175 16 3.60391
175 19 2
175 22 21.7687
175 37 19.3468
175 108 8.62642
175 146 11.0085
175 168 24.7846
175 210 2.57974
176 0 14.2075
176 5 21.51
176 9 10.3207
176 57 9.1946
176 97 2.9638
176 98 10.3115
176 143 7.78216
176 146 10.6796
176 185 2
176 211 2.74492
176 212 2.91977
176 238 16.4655
177 0 17.7733
177 33 2
177 58 4.05345
177 98 15.4661
177 109 26.3398
177 117 4.68728
177 204 5.28825
177 215 6.24727
177 249 12.2635
178 0 2
178 36 10.0106
178 43 7.06656
178 44 3.76431
178 51 2.55206
178 52 7.90259
178 56 3.95946
178 59 4.2957
178 73 14.0667
178 97 6.14931
178 134 6.23716
178 145 4.96494
178 155 9.68224
178 200 9.66555
178 202 4.52713
178 212 4.37854
179 0 17.5311
179 66 2.14819
179 86 15.6065
179 91 2
179 105 21.9683
179 143 4.21944
179 146 9.85819
179 150 14.8567
179 155 4.1242
179 156 15.6874
179 224 14.2872
180 0 4.00983
180 22 9.9271
180 31 18.0528
180 51 12.4866
180 73 18.7542
180 99 16.7846
180 143 28.8105
180 169 3.2824
180 204 26.4928
180 249 18.4006
181 0 9.6754
181 5 13.4838
181 46 6.40945
181 55 14.0659
181 100 4.6597
181 116 2.56165
181 119 16.4335
181 136 7.05918
181 142 20.3882
181 176 9.51818
181 194 14.1128
181 208 3.9894
181 241 2
182 0 15.6783
182 23 3.91921
182 67 10.006
182 68 13.6478
182 109 19.4962
182 204 10.7917
182 206 10.9713
182 230 17.2949
182 237 30.3625
183 0 26.5715
183 19 10.0278
183 32 9.12323
183 72 14.1817
183 116 9.63015
183 161 4.5149
183 200 27.6068
183 231 12.3554
184 0 17.1207
184 37 13.6981
184 38 17.5341
184 51 23.9596
184 109 28.3099
184 155 21.7428
184 187 17.4063
184 219 7.731
185 0 2.6223
185 48 8.24147
185 68 17.6996
185 75 13.4668
185 83 11.7239
185 92 13.4215
185 122 6.12079
185 130 7.33916
185 144 18.5069
185 155 8.94673
185 170 11.5806
185 176 3.47316
185 207 3.98623
186 0 39.7557
186 19 12.8025
186 22 18.2575
186 69 25.2098
186 170 55.406
187 0 15.7199
187 55 2.69032
187 73 24.115
187 78 20.9559
187 127 16.4176
187 145 11.6058
187 162 12.9889
187 168 2
187 204 5.53788
188 0 7.55933
188 37 6.26757
188 94 2
188 101 2
188 118 12.4186
188 119 9.22147
188 150 7.47738
188 163 8.63127
188 168 8.68006
188 173 10.4921
188 185 15.069
188 203 7.0415
188 235 2.77334
189 0 19.0224
189 88 2
189 102 17.5304
189 170 9.75395
189 187 16.6638
189 224 16.856
189 227 21.3947
190 0 11.8269
190 31 23.7292
190 68 2
190 73 19.5992
190 75 9.0329
190 105 8.06344
190 123 10.7019
190 146 8.03895
190 177 5.95528
190 202 12.8268
190 207 4.17425
191 0 6.17869
191 31 6.81361
191 41 4.47256
191 45 8.68093
191 55 14.0437
191 94 6.1395
191 160 6.52001
191 195 21.247
191 219 15.0387
191 227 9.93722
191 238 5.05898
192 0 12.8384
192 56 6.70529
192 69 18.54
192 72 20.4332
192 98 9.36256
192 103 7.92295
192 104 2
192 105 7.70522
192 153 7.26941
192 158 8.09875
192 204 18.5168
193 0 5.06575
193 19 6.40058
193 76 22.5363
193 97 12.3956
193 191 6.75769
193 204 10.267
193 206 2.56761
193 236 7.6702
193 249 9.50527
194 0 8.43754
194 31 3.16358
194 50 5.44913
194 106 17.6623
194 170 8.64364
194 177 2
194 184 9.84617
194 211 12.3515
194 215 2
194 227 16.7702
194 231 2.06141
195 0 13.3649
195 31 10.8981
195 32 6.70206
195 41 20.2842
195 50 9.32339
195 52 6.66788
195 75 11.5365
195 129 9.33169
195 133 13.2094
195 136 12.7494
195 168 2.12062
195 170 6.08163
195 215 6.91444
196 0 5.33238
196 52 2
196 97 8.07057
196 116 6.98043
196 132 18.617
196 141 2
196 143 2
196 144 4.07056
197 0 13.7612
197 22 16.6207
197 58 16.1839
197 60 28.5654
197 106 2
197 143 15.3856
197 176 8.90735
197 177 3.64838
198 0 26.9182
198 31 42.1719
198 121 19.9085
198 126 54.3173
198 154 2.84968
198 204 10.4826
199 0 8.68677
199 13 2
199 19 15.0028
199 55 9.59474
199 81 9.99267
199 97 8.87349
199 145 6.5647
199 154 12.0452
199 161 2
199 215 13.8676
200 0 3.0573
200 17 2.37697
200 31 15.7265
200 57 5.0539
200 83 10.616
200 123 8.48494
200 142 2.57435
200 143 11.8192
200 148 17.589
200 195 9.61427
200 204 5.35297
200 242 4.65116
201 0 2
201 27 3.09157
201 46 9.18284
201 75 10.7631
201 105 19.4904
201 142 13.3813
201 235 3.8679
201 240 13.1554
202 0 8.94768
202 31 20.2233
202 55 7.50692
202 58 2
202 77 17.416
202 105 10.9828
202 111 3.46255
202 122 21.9187
202 167 21.5624
202 172 18.9568
203 0 71.5893
203 128 77.5223
203 142 96.5382
204 0 4.21073
204 84 19.8446
204 143 7.98227
204 173 28.1476
204 191 3.04344
204 210 25.7345
205 0 8.83613
205 16 3.08274
205 37 7.00333
205 75 8.11267
205 76 11.0011
205 84 2.89369
205 100 7.60703
205 107 9.26377
205 108 20.759
205 119 11.4313
205 236 6.16196
205 249 4.01688
206 0 16.686
206 73 12.627
206 85 26.2273
206 196 85.1631
207 0 12.7369
207 7 17.262
207 9 19.0926
207 31 20.996
207 108 2
207 110 16.3322
207 189 6.53867
207 215 26.6711
207 249 32.8585
208 0 5.25093
208 27 9.51145
208 68 14.71
208 73 2
208 95 31.1278
208 126 19.9209
208 211 14.1793
209 0 8.35264
209 27 24.8919
209 38 27.1732
209 73 18.1882
210 0 2
210 66 12.8475
210 86 11.1561
210 129 10.6888
210 145 16.8236
210 155 20.2396
210 173 3.8179
210 178 6.62236
210 187 4.98909
210 235 20.2479
211 0 27.5315
211 5 10.9127
211 17 5.4095
211 55 14.8798
211 68 27.0355
211 95 9.46237
211 105 12.8499
211 106 31.0683
211 116 31.7066
212 0 5.56834
212 3 6.81868
212 32 2
212 87 15.4478
212 111 4.89453
212 116 13.7551
212 177 19.7573
212 211 5.58049
212 230 3.51799
212 241 2
212 247 9.23561
212 249 13.0774
213 0 39.8106
213 63 47.5534
213 94 6.54682
213 119 6.85381
213 225 32.8901
214 0 9.36367
214 19 17.9648
214 87 11.7194
214 102 3.67034
214 138 8.31467
214 154 2
214 189 9.69451
214 191 13.0863
214 193 2.07498
214 204 17.3175
214 221 15.1633
214 249 8.13273
215 0 23.7107
215 32 30.9676
215 50 7.81876
215 63 13.189
215 105 12.705
215 108 18.3537
215 128 22.144
216 0 3.15648
216 94 20.7793
216 104 6.21128
216 138 14.9134
216 155 5.21425
216 162 9.24025
216 170 20.1236
216 190 4.23903
216 192 6.52095
216 215 19.6514
216 249 12.7442
217 0 2
217 31 13.343
217 67 16.7433
217 106 16.6936
217 143 6.57901
217 145 3.33233
217 239 12.0112
217 240 15.6879
217 247 2.8407
218 0 21.5704
218 19 11.6313
218 87 44.652
218 143 29.4948
218 215 15.8166
219 0 8.85985
219 7 29.2055
219 124 5.72657
219 146 15.2476
219 155 12.4855
219 212 13.5379
219 221 20.5279
220 0 10.9236
220 36 3.08626
220 68 10.8853
220 80 12.7504
220 97 7.93997
220 109 18.1863
220 111 9.76177
220 122 14.5554
220 123 11.6244
220 169 22.5569
220 236 17.4716
220 247 8.18305
221 0 18.9087
221 5 7.02522
221 46 18.3487
221 95 2.2915
221 109 7.04366
221 143 10.4661
221 170 8.35801
221 194 14.5156
221 196 11.3065
222 0 17.6379
222 41 22.8009
222 92 33.2491
222 94 5.36746
222 138 13.8237
222 170 23.7667
222 204 25.5319
222 238 23.2617
222 244 14.6663
223 0 23.9692
223 46 11.0782
223 97 2
223 144 5.97485
223 173 10.6883
223 189 21.0127
223 212 2
223 220 11.0775
223 232 9.89709
223 240 9.0404
223 249 16.4155
224 0 2
224 1 15.8256
224 65 19.7462
224 87 31.0961
224 105 8.90801
224 109 7.82885
224 145 6.63353
224 240 2.36768
225 0 2
225 46 11.5348
225 66 7.86063
225 121 31.3371
225 140 20.7555
225 143 24.7264
225 168 20.0152
225 185 25.9181
225 224 21.9024
226 0 8.26698
226 19 10.2142
226 73 8.15466
226 106 10.4903
226 142 6.74634
226 211 17.8875
226 229 10.3734
226 241 7.5304
227 0 19.4676
227 27 17.3568
227 108 2.44028
227 141 2
227 142 15.303
227 159 5.1531
227 194 2.14617
227 204 2
227 211 5.62289
227 218 5.01533
227 247 18.6925
228 0 8.24014
228 106 29.9942
228 109 8.27499
228 126 19.9745
228 133 3.80523
228 212 28.2705
228 235 2.97515
228 241 7.62973
228 248 6.15197
229 0 2
229 5 8.99847
229 13 6.96266
229 56 11.0079
229 66 14.372
229 81 4.87592
229 144 11.2874
229 146 15.809
229 147 2.09782
229 151 5.64714
229 172 2.91247
229 185 11.2757
229 187 3.25209
229 236 2
229 249 14.2571
230 0 17.5414
230 5 26.4801
230 32 22.1873
230 61 14.3559
230 62 2
230 116 19.3027
230 143 3.69207
230 145 12.6476
230 146 23.6606
230 195 10.5786
231 0 20.0475
231 46 7.82352
231 84 10.36
231 100 9.63531
231 128 19.6533
231 129 19.8498
231 132 2
231 141 13.91
231 157 22.8005
231 204 15.2474
231 218 17.8416
232 0 39.7947
232 52 5.77546
232 75 20.1265
232 80 34.5223
232 219 5.86491
232 234 18.6861
233 0 19.4752
233 32 12.391
233 51 8.32114
233 64 16.7721
233 109 13
233 123 18.4296
233 145 7.63426
233 191 5.76289
233 204 6.41059
234 0 8.82089
234 75 10.2202
234 80 13.3255
234 92 18.0394
234 108 10.574
234 116 14.5282
234 126 13.0308
234 136 4.62953
234 143 13.5028
234 155 4.28652
234 174 12.3836
234 224 6.50999
234 247 11.0703
235 0 12.3643
235 26 2
235 51 4.63522
235 60 6.94932
235 68 14.4066
235 155 11.8419
235 173 13.0153
235 182 3.57121
235 191 14.6799
235 196 13.6123
235 216 8.00105
235 240 6.81479
236 0 16.9638
236 64 2
236 72 12.9001
236 73 11.013
236 84 9.36303
236 92 9.4227
236 96 2.27278
236 98 5.51872
236 150 2.31502
236 154 5.74537
236 176 3.17707
236 185 8.45181
237 0 11.5217
237 5 36.3384
237 37 2
237 51 2.2261
237 105 15.2732
237 148 23.7986
237 153 29.0225
237 200 16.451
238 0 3.02027
238 55 7.03624
238 74 4.54404
238 118 9.50339
238 134 15.6789
238 138 4.9339
238 143 10.3544
238 150 2.24782
238 169 13.34
238 232 9.51021
238 239 12.7345
238 240 12.1644
238 241 2
238 242 4.43671
238 247 2.70032
239 0 15.9611
239 3 2
239 45 16.3868
239 81 10.581
239 143 6.81638
239 169 15.3613
239 173 6.16107
239 176 23.167
239 206 13.6823
240 0 12.0253
240 38 19.8668
240 88 4.5679
240 116 20.6775
240 121 25.5127
240 215 8.59428
240 235 16.3135
241 0 9.07535
241 16 13.5931
241 19 8.23524
241 68 3.00727
241 81 22.7377
241 108 8.13374
241 112 8.70219
241 145 18.9971
241 155 13.5999
241 247 2
242 0 17.2884
242 47 16.5067
242 124 14.7149
242 149 9.72812
242 177 25.6077
242 213 15.2518
242 218 19.2536
242 241 2.32279
243 0 13.58
243 5 2
243 46 9.75248
243 50 3.21994
243 51 17.6349
243 52 14.9161
243 87 21.7397
243 144 2.30179
243 182 7.10885
243 189 2
243 196 19.8086
244 0 14.2342
244 19 10.4971
244 32 16.7329
244 106 25.042
244 173 2
244 178 20.4729
244 215 18.8886
244 237 22.824
245 0 24.5557
245 19 14.2114
245 68 2
245 76 4.545
245 105 4.61801
245 121 2
245 122 18.8317
245 134 15.6068
245 248 21.2844
246 0 8.29665
246 81 7.22183
246 98 15.8946
246 139 8.30019
246 142 4.29693
246 153 22.5429
246 155 6.88173
246 173 2.00003
246 178 13.4878
246 205 2.9526
246 229 2.89439
247 0 8.20376
247 26 6.59361
247 32 18.6035
247 103 10.0875
247 116 3.65707
247 144 10.6301
247 169 13.6185
247 177 5.45093
247 203 3.63559
247 204 2
247 205 9.18671
247 236 6.52677
248 0 23.1234
248 1 18.829
248 76 2
248 104 3.31699
248 133 9.79282
248 173 13.6673
248 177 12.9901
248 204 2.36742
248 214 24.1426
248 215 16.1511
249 0 13.9839
249 46 13.8564
249 86 5.91647
249 87 24.8694
249 118 10.7618
249 134 13.317
249 135 4.61827
249 143 8.26602
249 169 15.2593
249 204 15.9131
