150 150 1200
1
1
1
1
1
1
1
1
1
1
1
1
1
1
1
1
1
1
1
1
1
1
1
1
1
1
1
1
1
1
1
1
1
1
1
1
1
1
1
1
1
1
1
1
1
1
1
1
1
1
1
1
1
1
1
1
1
1
1
1
1
1
1
1
1
1
1
1
1
1
1
1
1
1
1
1
1
1
1
1
1
1
1
1
1
1
1
1
1
1
1
1
1
1
1
1
1
1
1
1
1
1
1
1
1
1
1
1
1
1
1
1
1
1
1
1
1
1
1
1
1
1
1
1
1
1
1
1
1
1
1
1
1
1
1
1
1
1
1
1
1
1
1
1
1
1
1
1
1
1
0 0 19.9197
0 28 15.5226
0 55 10.7204
0 58 9.38537
0 65 14.4389
0 85 2
0 113 10.1454
0 114 2
0 133 12.2985
0 134 7.75425
0 138 2.65389
0 140 16.4679
0 147 3.4112
1 0 2.39333
1 11 2
1 12 4.21323
1 18 6.52754
1 21 5.32586
1 23 16.6058
1 64 16.2633
1 120 9.67814
1 135 3.41282
2 0 19.4837
2 4 26.1418
2 14 10.0631
2 35 21.1665
2 43 8.04471
2 96 32.1178
2 145 2
3 0 26.8215
3 62 14.4512
3 67 12.7637
3 74 6.6185
3 116 18.217
3 123 15.3442
3 143 34.6926
4 0 23.5306
4 3 7.86408
4 9 14.4265
4 93 31.0182
4 96 17.0085
4 97 5.03914
4 103 8.94366
4 120 20.8063
4 125 30.7967
4 127 6.57196
5 0 13.0089
5 8 2.25307
5 14 4.43265
5 22 18.6528
5 40 16.2444
5 44 18.0452
5 81 28.509
5 124 2
6 0 3.35624
6 9 2
6 14 18.824
6 21 24.2956
6 39 19.0753
6 59 13.9468
6 67 18.2216
6 72 8.3551
6 135 20.7427
6 147 2.30739
7 0 15.9769
7 9 7.04726
7 11 16.8986
7 88 8.85368
7 95 21.1057
7 108 21.1515
7 121 15.9567
7 129 17.0377
7 148 2
8 0 16.1124
8 28 27.2472
8 37 20.1248
8 54 16.4343
8 58 12.5636
8 76 5.08034
8 86 17.0848
8 97 9.15851
8 135 19.0948
9 0 15.6861
9 7 9.59264
9 26 16.4033
9 29 28.0614
9 57 29.7648
9 120 12.98
9 148 7.5708
10 0 7.43236
10 22 10.6011
10 25 8.27737
10 35 9.04527
10 47 13.383
10 63 13.6383
10 95 12.14
10 109 30.7322
10 125 15.5461
11 0 11.8547
11 9 4.59928
11 20 20.6246
11 21 9.55249
11 22 28.4146
11 58 8.42017
11 96 15.9451
11 149 22.1576
12 0 25.2751
12 20 30.5392
12 51 14.8331
12 62 11.046
12 86 7.63109
12 96 5.50615
12 120 2
12 136 16.9471
12 149 22.3057
13 0 14.363
13 14 5.21136
13 41 23.0934
13 52 2.76532
13 76 12.309
13 82 18.8345
13 101 16.4205
13 147 4.42214
14 0 22.8282
14 7 5.10357
14 65 26.086
14 73 14.342
14 109 17.7676
14 114 13.3526
14 120 16.2528
15 0 3.1611
15 3 12.3122
15 21 3.20679
15 26 10.4856
15 32 12.0217
15 33 27.2274
15 35 12.7412
15 58 9.05906
15 95 18.3185
15 113 9.79637
15 136 2
15 146 4.939
16 0 15.7691
16 26 2.1235
16 29 3.16422
16 75 13.8805
16 78 5.89691
16 79 31.6867
16 86 4.29281
16 95 7.59642
16 136 12.9591
17 0 8.68605
17 14 5.79773
17 62 10.603
17 97 16.928
17 127 7.55136
17 135 10.2808
17 137 18.8378
17 143 18.5966
17 147 13.9312
18 0 5.34438
18 33 35.1057
18 57 11.8791
18 68 20.7288
18 86 11.8529
18 88 21.5665
18 97 5.94508
18 112 18.3096
18 120 4.17015
18 146 17.5111
19 0 6.37176
19 58 17.5512
19 65 13.7742
19 74 7.92616
19 76 2.05473
19 82 10.46
19 109 14.2476
19 147 13.4158
20 0 10.4869
20 4 5.47772
20 58 33.3807
20 125 30.9444
20 149 11.8182
21 0 39.21
21 29 7.32148
21 32 9.24374
21 86 37.2347
21 112 9.15736
21 146 22.9449
22 0 2
22 13 52.5224
22 44 34.786
22 74 37.6618
22 108 28.5623
23 0 19.6273
23 40 2.42015
23 57 14.7992
23 67 12.7102
23 120 17.0034
23 124 14.4698
23 127 9.80538
23 143 2
23 147 6.84458
23 149 22.8421
24 0 18.6579
24 12 8.49808
24 13 12.4572
24 14 4.15671
24 40 6.1242
24 41 14.8935
24 44 24.2158
24 78 2.28275
24 96 11.8777
24 108 19.8421
24 149 13.84
25 0 3.66595
25 52 33.8471
25 67 2
25 92 5.66836
25 106 10.1868
25 111 2.27701
25 114 23.968
25 120 39.4227
26 0 4.48045
26 21 8.16497
26 22 27.2901
26 33 18.209
26 44 16.2539
26 51 9.28301
26 104 5.36794
26 125 29.8728
26 144 12.6785
27 0 3.92745
27 42 15.0637
27 45 9.95082
27 51 6.93408
27 62 11.0168
27 70 13.0081
27 74 4.06991
27 85 12.104
27 97 17.0066
27 108 12.2491
27 128 18.7899
27 137 5.1656
27 148 4.60795
28 0 8.3481
28 2 4.78621
28 20 3.55701
28 79 11.5829
28 83 13.6029
28 84 8.53873
28 92 12.1573
28 99 8.67667
28 102 5.40575
28 114 2
28 124 9.90897
28 127 4.05426
29 0 29.5212
29 92 10.5872
29 105 2.1689
29 124 34.8118
29 135 35.503
29 137 7.5169
29 138 18.5079
29 143 21.785
30 0 10.2032
30 13 5.11539
30 99 2
30 101 6.86818
30 119 38.7137
30 124 15.0276
30 147 14.2684
31 0 10.6685
31 42 17.5448
31 67 23.1532
31 76 8.42121
31 100 15.6196
31 116 2
31 143 10.7457
31 146 17.6617
32 0 8.2401
32 10 8.71566
32 14 8.38557
32 20 8.12277
32 38 7.74638
32 40 10.4411
32 88 6.17604
32 103 6.09996
32 114 3.54586
32 121 11.0932
32 125 8.06725
32 136 11.0601
32 137 3.14886
33 0 16.5325
33 8 4.30416
33 28 20.6267
33 46 2
33 105 5.07662
33 107 24.1658
33 124 30.5323
33 147 3.62136
33 149 18.4535
34 0 7.96917
34 11 19.2287
34 20 9.66007
34 85 2
34 88 6.77686
34 111 7.80072
34 120 31.3475
35 0 15.2532
35 10 14.6968
35 14 13.0319
35 78 25.5208
35 88 22.4616
35 108 13.0269
36 0 11.0802
36 9 10.1809
36 10 32.3571
36 21 9.48378
36 86 6.20242
36 125 10.8254
36 127 2
36 139 18.4761
37 0 4.65012
37 10 16.7564
37 35 5.04686
37 42 14.0344
37 56 2
37 58 3.96556
37 61 4.77775
37 65 12.9828
37 93 6.9282
37 95 5.25229
37 106 8.22854
37 120 3.82294
37 121 14.374
37 124 10.5095
37 127 8.17675
37 143 2
38 0 7.96512
38 14 4.28018
38 24 10.718
38 25 3.95612
38 51 24.75
38 63 10.6373
38 82 16.962
38 113 20.8919
38 124 22.4222
39 0 2.29617
39 14 22.331
39 21 8.89297
39 33 14.8975
39 86 2.14737
39 117 4.46468
39 124 5.39048
39 126 10.0457
39 129 14.5384
40 0 10.0635
40 11 24.3456
40 26 3.44561
40 39 21.9548
40 64 2
41 0 3.33177
41 40 22.691
41 58 21.093
41 76 12.9713
41 88 8.59822
41 137 11.5523
41 146 16.6788
42 0 10.5703
42 14 11.3937
42 26 16.4334
42 28 5.03205
42 32 5.1828
42 57 17.3166
42 62 14.0059
42 68 5.89414
42 69 9.59983
42 72 3.88487
42 88 9.31898
42 95 9.24644
42 96 6.83012
42 125 8.0577
42 131 4.10803
43 0 16.2845
43 10 10.734
43 25 2
43 43 4.77321
43 63 9.10191
43 67 28.7079
43 85 11.4599
43 92 32.8608
43 129 3.18175
44 0 10.4831
44 86 13.284
44 114 34.3227
44 124 38.0724
44 127 41.5098
44 137 35.142
45 0 11.5784
45 24 15.9459
45 26 8.69401
45 82 8.96446
45 88 10.5978
45 99 16.5481
45 125 4.72448
45 126 4.7941
46 0 12.1572
46 10 26.5085
46 44 2.80645
46 84 21.8436
46 99 2.08269
46 108 29.1287
46 143 22.3256
47 0 5.59325
47 26 11.6743
47 41 5.53373
47 65 16.2801
47 87 6.65572
47 88 13.4126
47 92 12.1573
47 100 11.1356
47 116 6.99886
47 124 5.92389
47 133 10.7241
47 139 4.54872
48 0 2.25591
48 14 11.16
48 30 14.0726
48 58 20.2605
48 81 6.67304
48 86 6.20415
48 98 2
48 100 8.2817
48 122 14.7496
48 126 11.5403
48 149 21.8423
49 0 8.69301
49 29 6.3351
49 32 26.1675
49 34 14.7886
49 61 17.8161
49 86 6.21564
49 147 2
49 149 7.87025
50 0 9.70465
50 18 14.2843
50 29 7.8353
50 32 21.0795
50 42 2
50 61 14.816
50 63 10.6255
50 70 8.88222
50 78 5.96773
50 95 16.8653
50 130 4.69256
50 148 2
51 0 20.3456
51 2 2
51 58 14.8844
51 67 27.5579
51 76 22.5834
51 95 17.2704
52 0 2.557
52 18 3.12645
52 28 7.75309
52 31 2.20752
52 33 9.51624
52 42 9.84355
52 47 5.59182
52 63 11.1523
52 76 15.3335
52 96 4.55792
52 105 10.5686
52 118 2
52 124 3.8088
52 130 2.72278
52 134 3.54268
52 149 11.6277
53 0 15.8079
53 20 19.0602
53 32 6.29045
53 49 7.87156
53 54 21.9855
53 75 18.8537
53 81 10.8212
53 86 21.6657
53 130 7.76314
53 147 3.90452
54 0 2
54 29 9.82768
54 44 31.1239
54 76 18.0502
54 86 8.32054
54 116 3.27151
54 119 2.75179
54 124 4.9838
54 145 3.0458
55 0 3.01047
55 33 21.1498
55 62 38.5039
55 95 20.2465
55 120 16.3607
56 0 14.3117
56 9 7.34253
56 22 22.2058
56 28 19.3044
56 61 33.289
56 97 14.5715
56 98 7.22809
56 130 16.1959
57 0 7.14373
57 13 19.4904
57 26 14.3697
57 28 23.8886
57 111 14.6849
57 114 17.9973
57 135 28.1018
57 139 11.0246
58 0 39.7138
58 7 29.6292
58 26 23.3125
58 29 7.33318
58 58 15.5518
58 72 36.6494
58 95 18.4931
58 143 10.9915
59 0 16.2211
59 3 21.2131
59 62 23.2037
59 63 20.8163
59 78 8.40057
59 105 13.5983
59 109 17.2526
59 115 10.8875
59 123 6.9206
59 148 17.1161
60 0 26.8
60 23 8.87226
60 59 22.7402
60 83 20.5046
60 92 4.85049
60 123 30.0204
60 135 8.95699
60 143 8.49624
60 147 24.9592
61 0 11.1918
61 54 25.4862
61 58 21.3009
61 63 9.7946
61 70 14.9654
61 92 8.7703
61 114 21.2179
61 124 7.77459
61 131 12.6302
61 140 6.23
62 0 14.5318
62 30 48.3414
62 44 9.29747
62 88 56.682
62 131 22.0566
63 0 17.2609
63 12 3.77359
63 14 13.6281
63 43 27.6999
63 109 28.0774
63 120 5.26906
64 0 12.4528
64 22 10.7492
64 28 3.38857
64 29 2.57621
64 57 19.0893
64 86 12.5994
64 114 2.53396
64 119 9.67933
64 127 10.3871
64 136 2.05161
64 144 20.1395
64 146 15.5379
65 0 11.5088
65 14 5.62631
65 29 36.3834
65 95 33.2225
65 146 30.695
66 0 8.88205
66 30 19.1974
66 55 25.4316
66 78 25.6951
66 86 4.1413
66 124 27.2095
66 129 4.50225
67 0 6.61097
67 21 2
67 49 4.96822
67 69 4.7866
67 76 4.35391
67 86 8.6313
67 97 5.89887
67 121 8.43125
67 125 2.22038
67 135 3.30135
68 0 9.99093
68 22 5.6411
68 51 2
68 88 29.5242
68 104 9.91514
68 129 30.9549
68 143 44.1584
69 0 18.2371
69 9 6.24668
69 10 3.6201
69 12 22.5243
69 42 12.1146
69 97 9.6187
69 114 2
69 124 17.9238
69 144 3.28961
69 145 3.14526
70 0 20.0334
70 4 11.4391
70 18 2.42665
70 19 16.687
70 21 14.1534
70 75 23.1972
70 86 20.7192
70 88 17.2431
71 0 9.44324
71 28 3.86184
71 47 25.5112
71 57 19.2819
71 58 2.71248
71 88 8.84557
71 111 9.68657
71 140 9.05363
71 147 14.0221
72 0 14.8553
72 54 16.6068
72 58 28.1598
72 97 23.7291
72 101 24.6988
72 114 18.9276
73 0 28.7837
73 40 16.5553
73 44 16.141
73 81 3.87259
73 85 2
73 86 23.5439
73 136 5.00329
73 147 7.47213
74 0 2
74 28 11.79
74 33 33.035
74 47 34.2354
74 61 2.19994
74 124 20.2906
74 131 16.992
74 144 2
75 0 11.0153
75 10 4.43527
75 11 8.85149
75 12 2
75 14 5.38083
75 18 3.21802
75 26 8.49406
75 41 9.17347
75 44 6.18424
75 54 5.6221
75 84 2
75 86 18.1939
75 97 6.30152
76 0 2.94389
76 34 2
76 62 20.5243
76 76 5.35985
76 92 25.0694
76 95 13.7432
76 106 22.3431
76 126 3.67248
76 127 2
76 146 23.3578
77 0 7.86208
77 8 23.1948
77 34 15.1286
77 58 2.64187
77 84 5.529
77 98 7.34747
77 117 22.4436
77 137 4.31537
77 143 13.3224
78 0 2
78 14 2
78 26 16.2457
78 33 6.44052
78 43 8.12631
78 52 11.7621
78 95 2
78 99 11.2474
78 111 2.45762
78 116 7.42966
78 130 6.05393
79 0 19.6902
79 4 15.7698
79 22 21.652
79 41 2
79 54 9.20959
79 62 3.90876
79 65 20.0816
79 66 22.319
79 67 9.10423
79 74 5.40247
79 98 14.737
79 147 17.5222
80 0 22.1637
80 30 9.91901
80 43 27.9034
80 102 10.9391
80 120 2
80 131 17.6232
80 146 39.3401
81 0 2.15572
81 12 27.3031
81 13 47.6315
81 63 17.3873
81 95 24.3058
82 0 24.8907
82 14 21.5819
82 46 46.737
82 47 48.1339
82 131 2.80982
83 0 13.437
83 42 5.65274
83 81 4.39137
83 83 10.3102
83 86 5.27378
83 95 20.4066
83 96 11.1255
83 124 19.9146
83 137 6.1108
83 141 22.6107
84 0 2
84 7 20.7021
84 103 7.67134
84 109 8.40046
84 114 12.2481
84 140 20.6114
85 0 2.45413
85 9 4.22867
85 23 16.0207
85 24 11.9869
85 26 7.66912
85 39 12.7142
85 57 2.74198
85 63 2
85 73 5.80352
85 76 2
85 97 6.84205
85 145 16.5966
86 0 2.18902
86 29 19.2199
86 35 14.5562
86 75 5.51726
86 84 19.7902
86 85 6.07685
86 101 9.42364
86 123 21.5412
87 0 4.44266
87 6 30.7495
87 9 29.4453
87 64 2
87 97 26.6499
87 111 9.93571
87 113 7.75651
87 145 2
88 0 23.0532
88 6 5.86467
88 19 35.7068
88 30 9.04126
88 58 26.8686
88 85 20.6489
88 96 7.45887
88 124 26.4105
89 0 13.9701
89 14 13.9924
89 49 4.48168
89 57 7.58153
89 67 9.59875
89 76 6.02771
89 79 4.9473
89 97 4.77055
89 120 5.11569
89 123 9.78489
89 137 8.67536
89 147 11.2764
90 0 16.7292
90 20 7.6216
90 36 12.0583
90 52 18.9111
90 63 9.57976
90 67 4.11799
90 116 4.34699
90 135 19.6785
90 146 8.00437
90 147 12.6475
90 148 2.69491
91 0 3.70747
91 2 6.21489
91 9 12.9844
91 14 3.36312
91 76 14.341
91 82 10.2424
91 100 21.991
91 101 15.1651
91 108 9.01091
91 125 6.75292
91 145 9.78211
91 146 19.6442
91 148 16.6571
92 0 32.0408
92 4 8.31025
92 19 23.1691
92 32 9.00609
92 36 7.7484
92 70 30.7741
93 0 15.9154
93 21 6.35753
93 54 16.7946
93 81 2.37827
93 97 14.0417
93 120 3.54196
93 130 12.6757
93 147 7.5932
94 0 25.3242
94 14 6.51409
94 32 6.12386
94 42 17.9635
94 57 36.5224
94 84 27.5878
94 86 17.582
94 147 7.91823
95 0 21.9506
95 54 35.0812
95 58 5.59083
95 63 31.4696
95 95 31.3833
95 120 6.63577
95 147 2.54054
96 0 22.022
96 12 12.9191
96 33 15.0876
96 59 9.79023
96 62 3.47875
96 81 7.53246
96 84 12.5411
96 88 3.10209
96 95 20.5385
96 115 19.1209
96 119 8.40618
97 0 30.2478
97 22 29.9792
97 62 13.5703
97 63 17.5097
97 88 29.4626
97 101 29.7132
97 106 6.46421
98 0 2.84277
98 4 20.833
98 13 2
98 33 14.7489
98 58 8.12996
98 67 8.85147
98 86 4.35414
98 87 8.4882
98 97 16.6726
98 114 12.7591
98 122 14.6444
98 124 8.91439
98 149 8.80644
99 0 35.9344
99 8 12.3912
99 12 46.1625
99 133 64.3951
99 140 25.2248
100 0 7.18087
100 10 18.2127
100 19 6.22632
100 42 2
100 58 19.2077
100 62 11.8883
100 86 8.8957
100 97 8.69635
100 99 12.026
100 120 11.494
100 130 8.76517
101 0 5.86062
101 5 12.9232
101 28 19.2049
101 79 15.4247
101 81 18.4731
101 86 20.7524
101 88 7.03351
101 109 8.93664
101 113 14.2673
101 121 17.0702
101 131 15.0239
102 0 16.7144
102 9 6.24946
102 51 16.9307
102 76 15.8199
102 79 25.056
102 82 8.7444
102 104 19.4932
102 131 7.66864
103 0 8.68428
103 9 11.4046
103 58 12.9354
103 59 3.63208
103 64 6.02992
103 81 2
103 86 12.1167
103 92 5.03143
103 96 15.6538
104 0 16.6415
104 9 16.2896
104 21 19.3591
104 26 12.6523
104 55 10.7886
104 88 17.1227
104 96 4.83773
104 114 5.0351
104 130 2
104 144 7.11378
104 148 4.9276
104 149 15.0045
105 0 13.9604
105 12 2
105 22 2
105 42 5.2273
105 70 13.2187
105 86 4.99032
105 106 21.8187
105 108 2
105 114 18.6818
105 117 2
105 125 21.3452
105 133 9.36618
106 0 27.5727
106 13 18.0585
106 22 3.29288
106 54 27.5663
106 63 5.32674
106 88 5.80706
106 91 20.0749
106 102 17.6235
106 120 7.18098
106 140 2
107 0 11.4587
107 7 27.4925
107 10 17.7124
107 30 20.0372
107 35 14.3927
107 43 19.7329
107 81 14.0996
107 114 21.3357
107 145 14.0492
107 147 3.16427
108 0 19.7132
108 9 15.3787
108 28 15.922
108 37 8.87173
108 49 19.3246
108 58 18.6723
108 69 17.0993
108 109 13.5817
108 124 9.2708
109 0 22.0202
109 9 4.64349
109 21 8.38275
109 26 15.5579
109 28 13.4945
109 30 2
109 38 16.0728
109 76 2
109 84 5.26515
109 109 8.55074
109 114 10.7418
109 124 2.31063
109 127 11.424
109 149 11.8978
110 0 28.1467
110 10 24.8322
110 14 19.0741
110 28 2.04391
110 62 10.882
110 68 19.5729
110 86 2.57558
111 0 2
111 22 8.70365
111 26 16.1051
111 62 3.29319
111 63 10.479
111 86 12.9719
111 120 11.8769
111 127 10.0286
112 0 9.8121
112 2 2.98274
112 14 6.72121
112 22 12.8024
112 28 4.34745
112 32 14.653
112 57 6.01901
112 58 11.2644
112 62 18.4181
112 63 13.3238
112 76 10.7543
112 81 2.20044
112 138 10.8183
113 0 20.5454
113 14 12.9334
113 21 4.97152
113 26 8.03587
113 29 14.7065
113 32 5.85207
113 58 12.9894
113 96 6.78577
113 116 21.6092
113 137 13.7329
113 143 19.7018
114 0 33.9578
114 32 43.3688
114 75 22.3829
114 85 45.5079
114 147 3.26465
115 0 2
115 3 46.8616
115 30 18.0255
115 55 25.9162
115 79 44.9584
115 147 32.6152
116 0 26.0345
116 63 29.1009
116 64 12.4534
116 76 13.6042
116 114 2
116 124 22.1895
117 0 9.66017
117 10 2
117 62 14.7505
117 63 7.78887
117 85 2.54899
117 86 10.1522
117 88 17.2243
117 102 16.1341
117 124 2.32058
117 127 13.5775
117 139 3.23274
117 146 10.2002
118 0 6.03471
118 22 7.36271
118 28 12.8292
118 29 12.2495
118 30 11.4118
118 58 5.60644
118 63 19.5092
118 74 15.5173
118 85 7.43491
118 99 5.15962
118 103 17.9726
118 111 2
118 147 14.2062
119 0 15.659
119 34 9.62953
119 44 21.7584
119 62 3.36644
119 84 18.9062
119 86 8.82752
119 88 7.69785
119 105 2
119 142 11.5009
119 143 9.15966
119 147 23.9764
120 0 6.63649
120 9 16.0351
120 62 2.78141
120 64 4.23395
120 98 19.0177
120 114 16.948
120 123 5.40474
120 127 16.999
120 135 14.2774
120 137 10.7979
120 144 14.9049
120 149 2.49896
121 0 5.98254
121 9 9.31583
121 11 4.04853
121 12 17.86
121 20 20.8495
121 21 3.35993
121 23 15.3167
121 67 2.45908
121 68 9.41642
121 76 10.5896
121 78 3.44019
121 115 3.78752
121 143 15.0837
122 0 25.7629
122 7 13.6636
122 13 4.8244
122 14 2.00233
122 21 20.7718
122 68 18.4537
122 75 23.2874
122 86 2.05976
122 114 2
122 123 15.3707
122 133 9.46908
123 0 2.18894
123 26 14.8604
123 29 12.6808
123 58 28.4672
123 62 2.4026
123 84 7.02614
123 136 13.895
124 0 27.1501
124 25 9.68867
124 38 38.2912
124 88 24.0564
124 124 21.1957
125 0 6.62903
125 11 15.5373
125 21 20.5683
125 63 11.4555
125 81 5.09407
125 88 10.0538
125 100 13.2094
125 120 2.67701
126 0 13.4854
126 9 11.833
126 33 20.0548
126 36 5.85061
126 64 17.2906
126 76 11.2498
126 82 6.70028
126 86 20.1325
126 88 10.5992
126 99 9.92046
126 136 6.96622
127 0 54.6153
127 8 65.3304
127 20 74.406
127 85 12.3545
128 0 18.66
128 20 9.0914
128 26 24.2398
128 41 20.2851
128 65 21.2912
128 86 16.2419
128 100 7.88045
128 124 6.94329
129 0 5.12369
129 14 3.13398
129 62 2.63432
129 85 2
129 86 9.08126
129 96 26.9443
129 97 6.09206
129 114 7.00592
129 124 11.4475
129 130 9.39598
129 142 3.0973
129 146 3.74001
130 0 16.6953
130 10 36.1123
130 13 15.4093
130 19 2
130 40 37.2487
130 97 2.27058
130 98 3.01966
130 133 24.8734
130 148 18.4147
131 0 3.25723
131 10 15.8528
131 33 26.2735
131 41 10.4354
131 73 2.76779
131 84 4.66601
131 86 20.7169
131 88 11.4718
131 119 3.29083
131 121 6.05904
132 0 197.214
132 62 23.9907
133 0 34.2558
133 12 3.66689
133 49 14.6398
133 114 27.3466
133 117 33.9109
133 124 24.3649
133 143 21.3305
134 0 8.45378
134 4 3.54836
134 7 13.014
134 21 4.35286
134 28 25.4031
134 40 6.65943
134 96 11.9577
134 118 14.7114
134 124 9.25679
134 127 19.2516
134 133 8.7781
135 0 28.812
135 7 14.957
135 24 18.5599
135 30 45.1629
135 47 24.6779
135 101 37.9937
136 0 13.6874
136 7 10.1573
136 14 3.28063
136 64 7.09195
136 78 2.13196
136 95 3.32436
136 101 11.3224
136 105 2
136 122 2
136 125 17.4205
136 131 10.6593
136 149 19.9654
137 0 14.7627
137 21 55.4352
137 86 19.4373
137 111 39.5764
137 124 31.3226
137 145 29.8736
138 0 8.61839
138 28 16.3231
138 54 2
138 111 28.3928
138 124 4.6289
138 139 21.5051
139 0 2
139 54 2
139 58 44.3992
139 86 15.7698
139 105 16.609
139 130 9.87532
139 137 12.3764
139 147 2
140 0 11.1969
140 10 13.7966
140 37 11.5252
140 92 5.148
140 101 9.27175
140 114 17.5041
140 119 14.111
140 136 9.58982
140 138 28.4425
140 147 16.8598
141 0 16.385
141 14 19.2217
141 75 14.0964
141 87 14.2953
141 88 12.5896
141 91 2
141 124 9.70453
141 129 13.8446
141 147 13.5192
141 148 8.44834
142 0 7.55704
142 12 9.53051
142 28 12.0196
142 32 19.7828
142 45 10.6266
142 62 2
142 63 8.38152
142 76 15.1584
142 108 2
142 124 4.34075
142 125 14.6203
142 130 11.1948
142 147 14.5805
143 0 7.2699
143 20 28.2597
143 25 14.2444
143 28 20.5399
143 58 15.9058
143 68 25.3439
143 95 3.92925
143 99 6.42276
143 101 4.41724
144 0 23.4289
144 9 12.7765
144 14 14.0728
144 21 12.184
144 68 9.44744
144 80 2
144 88 21.7212
144 95 21.2673
144 97 14.8706
145 0 9.57763
145 7 17.8521
145 10 16.3964
145 12 14.69
145 74 6.95013
145 86 12.7351
145 88 7.82462
145 91 16.7057
145 114 4.31964
145 122 14.3435
145 125 17.5196
146 0 21.827
146 33 4.11917
146 51 19.9277
146 52 4.8396
146 62 8.89238
146 69 6.64183
146 88 2.73134
146 97 7.10467
146 122 6.35577
146 130 14.2448
146 146 14.908
147 0 9.51899
147 9 5.22921
147 37 13.887
147 40 22.2545
147 42 2
147 49 9.40676
147 86 19.9506
147 96 16.903
147 116 7.79669
147 130 19.787
148 0 4.52626
148 11 11.3518
148 29 2
148 86 20.3446
148 88 2
148 96 9.07813
148 113 6.15052
148 119 5.61504
148 135 14.0292
149 0 4.26997
149 29 17.5015
149 35 17.8265
149 54 9.88266
149 58 5.69593
149 88 2
149 95 3.22525
149 99 12.4114
149 147 4.95654
