250 250 2000
1
1
1
1
1
1
1
1
1
1
1
1
1
1
1
1
1
1
1
1
1
1
1
1
1
1
1
1
1
1
1
1
1
1
1
1
1
1
1
1
1
1
1
1
1
1
1
1
1
1
1
1
1
1
1
1
1
1
1
1
1
1
1
1
1
1
1
1
1
1
1
1
1
1
1
1
1
1
1
1
1
1
1
1
1
1
1
1
1
1
1
1
1
1
1
1
1
1
1
1
1
1
1
1
1
1
1
1
1
1
1
1
1
1
1
1
1
1
1
1
1
1
1
1
1
1
1
1
1
1
1
1
1
1
1
1
1
1
1
1
1
1
1
1
1
1
1
1
1
1
1
1
1
1
1
1
1
1
1
1
1
1
1
1
1
1
1
1
1
1
1
1
1
1
1
1
1
1
1
1
1
1
1
1
1
1
1
1
1
1
1
1
1
1
1
1
1
1
1
1
1
1
1
1
1
1
1
1
1
1
1
1
1
1
1
1
1
1
1
1
1
1
1
1
1
1
1
1
1
1
1
1
1
1
1
1
1
1
1
1
1
1
1
1
1
1
1
1
1
1
0 0 54.3425
0 52 24.3036
0 72 8.64357
0 94 20.0625
0 156 9.4546
0 167 11.6453
0 208 9.81329
1 0 7.39485
1 38 10.8139
1 61 5.54934
1 85 25.9668
1 129 22.2381
1 165 11.5259
1 198 8.37931
1 215 19.3986
2 0 36.2161
2 104 10.8162
2 118 12.1786
2 120 17.2652
2 219 31.5013
2 235 20.0165
2 236 36.7616
3 0 6.4731
3 33 19.4043
3 36 19.4268
3 93 2
3 103 10.6903
3 147 23.5854
3 151 12.8773
3 212 16.3465
3 221 17.2254
3 240 16.3465
4 0 58.8201
4 24 41.4555
4 56 45.0212
4 169 35.6889
5 0 20.9183
5 19 16.6107
5 24 4.23791
5 94 15.8555
5 114 2
5 118 2
5 160 15.0697
5 165 9.3114
5 179 16.784
5 185 7.38222
5 192 10.9484
5 206 5.11948
6 0 14.8853
6 19 31.085
6 76 2
6 119 27.8845
6 126 32.9718
6 170 27.7515
6 195 2.51555
7 0 5.47825
7 72 31.6309
7 124 28.2907
7 136 48.4788
7 137 35.9193
8 0 42.4083
8 36 26.1917
8 109 19.248
8 166 18.1595
8 201 10.2459
8 206 29.9367
9 0 4.08938
9 17 7.93191
9 24 8.0895
9 55 2.21071
9 66 13.8032
9 70 10.0314
9 71 5.83247
9 72 4.4071
9 117 2.08017
9 120 4.68192
9 142 8.8078
9 157 4.08836
9 172 6.81939
9 178 2.9563
9 179 2
9 186 2
9 203 2.67728
9 228 2
10 0 6.82652
10 19 2
10 24 15.54
10 36 3.38017
10 47 16.2967
10 52 10.4147
10 64 10.3585
10 112 7.16023
10 149 11.8118
10 154 8.91121
10 206 20.4908
10 221 9.54391
10 239 2
11 0 15.6736
11 24 33.4819
11 33 23.8008
11 136 15.5916
11 212 21.8825
11 216 23.4624
11 233 11.4184
12 0 4.15513
12 20 30.1264
12 153 50.8734
12 155 37.6691
12 165 39.1219
13 0 5.57157
13 38 7.68825
13 70 3.10437
13 157 9.30813
13 187 2.05906
13 192 23.3528
13 196 24.5494
13 218 2.21581
13 242 12.399
13 247 10.1027
14 0 24.6117
14 60 15.49
14 140 29.0344
14 151 27.3944
14 185 14.8684
15 0 16.4357
15 66 16.6013
15 112 18.1609
15 126 10.6966
15 147 16.6859
15 153 2
15 179 22.9849
15 187 12.2849
15 192 2.69277
15 213 17.0705
16 0 2.28523
16 9 16.7471
16 47 20.9775
16 81 2.90458
16 99 21.8329
16 114 24.5273
16 136 3.54854
16 140 16.2768
16 142 19.5371
16 194 12.0893
16 239 2
17 0 7.41743
17 36 18.9322
17 82 20.7499
17 93 20.7224
17 102 17.0662
17 129 15.8251
17 163 24.0349
17 190 7.55619
17 206 19.5402
18 0 8.28629
18 60 14.7398
18 91 8.4611
18 149 11.8016
18 174 11.8515
18 178 13.8709
18 185 7.86983
18 190 6.7275
18 240 14.0486
18 242 12.5957
19 0 5.35515
19 11 11.6809
19 13 12.8564
19 111 19.1405
19 116 9.05262
19 152 3.88148
19 157 8.03551
19 163 14.9418
19 206 11.9073
19 210 2.0024
19 249 17.4883
20 0 24.1408
20 8 21.8122
20 24 11.3757
20 60 8.00281
20 98 31.264
20 103 12.3613
20 233 3.70316
21 0 14.1874
21 82 14.6231
21 87 8.43106
21 93 20.119
21 117 2
21 142 16.0184
21 167 2.26817
21 180 8.11034
21 187 5.0322
21 207 19.815
22 0 2
22 47 21.8313
22 66 17.972
22 72 9.42295
22 97 4.25565
22 98 16.2805
22 103 6.08274
22 104 7.62182
22 156 3.27963
22 177 10.8745
22 186 2
22 198 12.9737
23 0 6.39932
23 10 16.8656
23 32 3.44561
23 82 14.6091
23 88 2.25135
23 100 15.3294
23 112 20.4624
23 114 2
23 155 3.21916
23 167 7.2386
23 209 4.20978
23 249 11.0142
24 0 5.85297
24 5 9.16145
24 98 25.3089
24 100 16.9864
24 119 25.9429
24 165 13.9625
25 0 9.40107
25 7 9.95672
25 46 7.71477
25 89 14.7946
25 98 8.34124
25 104 3.68783
25 112 2.66064
25 154 17.7422
25 173 10.5905
25 192 12.5981
26 0 4.6952
26 20 4.75488
26 51 22.0427
26 55 6.02639
26 147 7.05413
26 151 10.7562
26 163 29.3736
26 195 7.46066
26 207 10.2151
26 233 6.60289
26 247 11.5206
27 0 29.1263
27 83 21.2904
27 96 4.80273
27 103 2.33577
27 111 12.2838
27 117 6.70109
27 153 2.98074
27 174 2.46037
27 177 3.02376
27 186 5.09837
27 236 21.2153
28 0 13.5613
28 9 19.9743
28 26 4.15441
28 126 20.3078
28 136 31.3277
28 152 32.1475
28 178 26.5817
29 0 20.4014
29 24 6.80132
29 26 14.1643
29 49 26.4892
29 52 18.0552
29 119 6.99799
29 172 25.7104
29 187 2.46735
29 202 5.98025
29 228 21.3764
29 236 4.60917
30 0 6.1238
30 24 11.5004
30 32 12.69
30 66 15.5502
30 86 19.0025
30 111 17.1613
30 120 23.1312
30 157 10.0545
30 172 15.7438
30 230 2
31 0 8.59323
31 46 12.7729
31 95 13.5039
31 97 2
31 124 7.35815
31 138 18.8812
31 162 16.3431
31 177 11.1229
31 221 6.20487
31 247 15.8568
32 0 2.73801
32 4 12.9328
32 24 13.4906
32 27 6.13028
32 120 19.5137
32 137 6.44786
32 147 3.47799
32 157 10.9156
32 159 11.6451
32 162 15.0354
32 211 6.05599
32 223 17.675
32 235 12.8243
33 0 19.9222
33 12 10.9345
33 47 18.5636
33 94 2
33 103 17.585
33 111 20.7596
33 143 8.46178
33 150 10.6558
33 188 8.09932
33 226 2.19226
34 0 23.56
34 103 14.4925
34 161 55.9487
34 174 34.0482
34 247 16.7002
35 0 25.4748
35 142 8.46475
35 174 2.63026
35 187 31.199
36 0 5.12135
36 11 3.41576
36 24 32.7438
36 44 2
36 95 34.0699
36 102 17.8247
37 0 20.1161
37 48 25.3566
37 117 15.8038
37 137 32.8553
37 174 35.2772
37 203 22.0034
38 0 6.47792
38 72 2
38 93 24.8492
38 95 2.26962
38 117 17.5025
38 144 2.10302
38 180 3.90104
38 189 6.88133
38 206 11.1569
39 0 13.0806
39 43 3.56679
39 67 19.8143
39 88 2
39 98 21.305
39 116 14.4176
39 198 11.8287
40 0 5.37846
40 8 10.2659
40 11 2
40 23 2.05277
40 26 15.5245
40 49 16.755
40 60 8.81554
40 85 2.3313
40 100 15.6864
40 142 7.72229
40 149 11.9263
40 210 2
40 231 19.9422
40 247 7.39545
41 0 10.5822
41 4 2
41 36 11.5092
41 60 9.25203
41 61 15.3773
41 72 14.5043
41 138 6.81421
41 228 17.6184
41 235 9.33078
42 0 12.8081
42 8 10.0584
42 13 13.9781
42 46 15.3102
42 52 16.6082
42 55 15.541
42 61 18.6402
42 72 11.2497
42 120 10.7119
42 156 3.90705
43 0 2.11017
43 92 26.3531
43 93 13.5192
43 102 2.27803
43 111 16.2687
43 163 22.5374
43 210 31.4164
43 237 17.2373
44 0 13.0859
44 6 2
44 142 25.166
44 163 3.41447
44 196 20.141
44 208 42.3113
44 216 2.72844
45 0 8.27213
45 9 19.3028
45 49 5.17476
45 50 10.4847
45 60 22.3104
45 103 14.0661
45 114 6.32313
45 117 7.72993
45 126 14.9955
45 137 7.01055
45 169 16.9079
45 192 2
45 233 13.7712
46 0 20.1828
46 5 7.25647
46 13 3.52904
46 112 7.45654
46 115 7.29322
46 116 9.08844
46 117 15.7477
46 153 8.50347
46 154 3.99044
46 157 4.2865
46 186 11.3101
46 206 13.5878
46 233 2
46 247 13.2366
47 0 6.02728
47 43 35.776
47 73 6.73854
47 147 39.392
48 0 19.5187
48 24 21.4305
48 60 11.7242
48 92 2.43542
48 115 10.729
48 138 15.6407
48 162 12.5615
48 178 19.8656
48 206 28.5189
49 0 5.90224
49 11 13.7197
49 26 2.06297
49 37 10.9355
49 52 3.64549
49 86 22.0573
49 88 6.0327
49 118 2
49 125 10.5922
49 138 8.08798
49 145 7.17882
49 195 4.7871
49 198 6.51243
49 239 9.10862
49 249 8.90846
50 0 18.2347
50 19 3.17018
50 46 2.89421
50 92 2.54668
50 116 4.94595
50 152 8.121
50 155 2
50 162 19.6899
50 209 26.6417
50 242 14.5989
51 0 5.16958
51 9 22.339
51 72 17.9921
51 103 7.71143
51 119 2.27981
51 156 2
51 157 6.59482
51 162 4.94916
51 187 7.30425
51 206 2
51 233 22.6576
52 0 2.60328
52 11 5.53174
52 23 26.6626
52 26 10.4279
52 70 16.9573
52 116 13.2621
52 129 15.3792
52 142 4.39478
52 215 9.8793
53 0 23.8402
53 22 14.5652
53 40 9.12881
53 92 2.15728
53 98 20.0159
53 103 33.2848
53 116 23.1485
53 239 26.5545
54 0 5.15034
54 9 12.9453
54 33 5.4557
54 61 12.8114
54 72 17.1878
54 144 12.7216
54 146 14.0906
54 163 10.8862
54 188 13.4765
54 194 2
54 228 3.25904
54 233 6.64999
54 247 4.79121
55 0 21.7192
55 46 5.16486
55 52 21.1121
55 119 22.9968
55 168 22.1601
55 212 16.2195
56 0 3.14839
56 60 10.8918
56 72 6.26231
56 120 20.306
56 136 20.0188
56 146 6.70915
56 154 12.0082
56 174 2
56 177 5.58371
56 213 25.6532
57 0 2.76401
57 10 20.0232
57 24 21.9152
57 72 14.3873
57 200 22.8249
57 206 7.40487
57 212 14.9466
57 244 2
58 0 13.983
58 12 6.30372
58 64 26.8512
58 67 4.65332
58 106 24.0267
58 117 26.2642
58 242 23.4643
58 247 7.98646
59 0 8.21977
59 47 50.1121
59 171 40.8091
59 179 53.4551
59 212 35.742
60 0 3.41309
60 8 17.6288
60 60 13.6284
60 77 7.83829
60 82 15.2117
60 91 8.29506
60 155 16.7057
60 157 5.78881
60 198 9.69487
60 210 29.3032
61 0 8.7334
61 7 10.7159
61 8 2.43559
61 11 4.98099
61 24 9.33642
61 33 2
61 41 6.11975
61 52 3.83845
61 103 2
61 104 6.41606
61 119 2
61 120 5.91691
61 144 12.2892
61 147 2.20652
61 163 12.1376
61 177 2
61 198 2
61 219 2
61 233 5.04832
62 0 36.9116
62 47 32.8013
62 154 16.1768
62 156 2.21797
62 160 24.6749
62 171 4.59976
62 239 36.1929
63 0 103.491
63 24 69.3752
64 0 11.4756
64 7 7.3499
64 12 11.5206
64 49 12.5733
64 72 19.1993
64 91 8.75874
64 121 7.85132
64 136 14.5762
64 138 2
64 160 8.11298
64 172 10.9811
64 185 8.95252
64 206 6.37465
64 247 4.88763
65 0 37.0475
65 42 36.6914
65 92 10.4016
65 180 2.48352
65 213 63.5901
66 0 7.32834
66 7 5.29523
66 99 24.4033
66 111 10.143
66 119 12.1075
66 155 5.34323
66 187 7.51008
66 236 7.76488
67 0 11.1522
67 12 11.6596
67 13 16.4608
67 24 19.964
67 186 4.61451
67 228 10.5625
67 244 5.30505
67 247 37.4107
68 0 31.9156
68 53 3.26096
68 72 18.2855
68 91 27.9669
68 104 20.2321
68 156 29.7923
69 0 9.53084
69 7 4.31334
69 34 7.16654
69 61 18.1693
69 88 8.52951
69 92 9.92241
69 99 9.04862
69 163 14.7789
69 177 5.32071
69 185 2.61381
69 203 16.646
69 213 5.97628
69 215 13.3537
69 235 2
69 236 11.3043
70 0 20.6727
70 136 31.5204
70 147 18.9613
70 156 16.9606
70 167 22.179
70 186 16.2689
70 210 23.2956
70 239 11.4467
71 0 18.1512
71 15 29.5517
71 20 27.2032
71 133 17.8538
71 152 15.1322
71 189 9.24791
71 201 9.0489
71 247 18.3104
72 0 8.72784
72 44 35.5682
72 119 3.20998
72 198 10.3611
72 229 3.92849
72 230 11.2876
72 236 28.9044
73 0 17.0388
73 13 25.2422
73 26 44.666
73 167 31.1536
73 233 36.7376
73 236 14.8618
74 0 21.987
74 38 15.8402
74 41 16.0378
74 64 11.7622
74 137 2
74 147 15.8888
74 192 13.0286
74 242 20.5901
75 0 15.0275
75 8 4.82732
75 10 18.327
75 94 30.7322
75 120 5.10066
75 137 2
75 173 14.1863
75 185 16.8616
76 0 6.35995
76 24 19.9175
76 116 17.5162
76 147 9.39901
76 151 17.074
76 153 2
76 167 20.373
76 187 21.1756
76 215 11.9341
77 0 8.56627
77 19 12.4461
77 24 4.41832
77 42 8.67831
77 49 17.654
77 78 8.58547
77 103 2
77 114 12.1479
77 120 10.1702
77 142 2
77 185 14.7221
77 196 9.47103
77 203 11.6446
78 0 15.5693
78 23 21.8835
78 66 3.39663
78 123 10.5565
78 124 12.5811
78 182 14.3597
78 190 24.2638
78 208 4.675
78 239 2
78 245 21.5577
79 0 2
79 7 3.28614
79 8 11.3176
79 126 6.25043
79 137 13.0152
79 149 12.5343
79 174 6.52969
79 180 16.2182
79 188 11.843
79 191 12.9892
79 192 7.01769
79 200 12.2732
79 202 14.9588
79 213 7.63984
79 238 5.60899
80 0 3.53425
80 8 2.5526
80 13 16.2793
80 73 22.1874
80 78 2
80 138 18.0879
80 148 20.461
80 157 10.2665
80 180 25.3721
81 0 6.75983
81 7 3.66712
81 33 8.82132
81 57 4.356
81 82 8.25312
81 95 9.71913
81 103 18.3011
81 125 12.4786
81 152 2
81 156 4.59402
81 186 3.00518
81 215 13.5709
81 225 3.2474
81 227 2.23553
81 239 6.21726
82 0 9.9407
82 76 7.2074
82 103 19.9513
82 119 15.8921
82 137 22.4281
82 148 15.9147
82 150 15.7124
82 174 5.20175
82 198 10.4798
82 247 16.0433
83 0 8.94222
83 22 37.1671
83 236 57.5159
84 0 24.089
84 8 17.7972
84 22 10.4251
84 24 2
84 104 16.2575
84 149 3.00204
84 156 20.4008
84 208 4.50205
84 212 23.4704
85 0 22.7815
85 108 36.1248
85 155 29.9094
85 233 36.0074
85 236 25.0559
86 0 4.79099
86 8 10.8448
86 9 17.048
86 33 2.23206
86 52 12.2163
86 77 5.71777
86 96 2.85288
86 98 5.32238
86 120 3.37047
86 160 18.1412
86 179 14.5417
86 192 4.73158
86 219 11.5703
87 0 2
87 12 3.42755
87 24 3.38182
87 26 4.46673
87 97 4.96965
87 103 6.50641
87 114 2
87 118 3.79339
87 144 2.12414
87 148 9.92189
87 153 3.99673
87 157 13.5318
87 209 8.56659
87 213 2
87 223 5.98999
87 236 4.77894
88 0 8.67584
88 34 21.9803
88 138 20.0517
88 140 12.5849
88 174 16.6889
88 180 12.9716
88 187 16.7123
88 196 9.09631
88 212 19.3635
89 0 6.95341
89 27 5.42036
89 44 8.93063
89 74 9.54598
89 82 8.8541
89 90 12.3303
89 102 5.6754
89 115 4.80239
89 117 7.42351
89 153 10.9108
89 157 2
89 163 7.41171
89 167 6.58377
89 187 2
89 193 7.64024
89 213 8.99632
89 225 6.88376
89 233 8.2852
89 247 10.1871
90 0 14.0365
90 14 9.79073
90 24 5.49961
90 102 5.32443
90 116 12.8287
90 137 4.4031
90 152 2.20392
90 156 14.4194
90 177 11.1328
90 179 9.02067
90 210 7.2053
90 248 21.5729
91 0 2
91 43 4.04261
91 74 19.3598
91 172 20.9655
91 189 34.3971
91 236 49.2418
92 0 12.2351
92 5 14.1127
92 65 27.5711
92 97 10.7116
92 146 11.0034
92 157 16.8008
92 159 16.1097
92 206 8.29171
92 245 15.5116
93 0 6.71406
93 24 11.8306
93 36 6.23263
93 45 2
93 60 12.259
93 93 15.6308
93 94 6.85289
93 98 2.74258
93 112 6.35724
93 124 4.3053
93 155 7.43409
93 162 19.6242
93 178 4.64613
93 215 6.1003
94 0 27.8866
94 4 13.0663
94 104 14.2378
94 119 30.6175
94 213 28.3169
94 227 31.5971
95 0 27.7968
95 24 17.9799
95 26 28.6649
95 124 11.5883
95 129 12.1529
95 172 22.4038
95 187 18.8321
95 237 10.3269
96 0 4.44151
96 7 23.7546
96 8 10.568
96 119 8.48631
96 120 18.3759
96 185 8.65796
96 236 11.708
96 238 14.27
96 239 9.18501
96 247 13.5057
97 0 16.3399
97 7 3.20754
97 8 2.9261
97 12 13.2636
97 72 20.878
97 77 20.054
97 103 22.1597
97 148 11.073
97 155 9.75053
97 185 2
98 0 48.1309
98 87 10.0149
98 98 7.06199
98 103 32.9811
98 115 6.15347
98 153 8.31483
98 210 2.04523
98 239 4.36594
99 0 8.00334
99 7 14.4033
99 33 2.81555
99 85 2
99 100 27.9571
99 124 24.017
99 165 24.5464
99 172 2.26653
100 0 6.8222
100 26 3.46862
100 119 7.16912
100 142 8.30843
100 162 20.1484
100 180 12.0853
100 185 7.03933
100 206 18.8403
100 207 7.1587
100 213 7.38
100 239 5.08721
101 0 2.73056
101 5 31.0629
101 8 67.8185
101 26 12.2421
101 233 66.1012
102 0 8.91882
102 8 15.891
102 26 15.1917
102 71 12.6104
102 87 9.6132
102 115 14.4749
102 120 8.53502
102 151 3.60244
102 157 4.75427
102 209 16.2884
102 242 7.85549
103 0 16.6612
103 133 35.7003
103 136 7.90617
103 155 10.7237
103 169 10.351
103 179 29.3238
103 228 7.25636
104 0 18.1605
104 52 4.4207
104 104 6.00385
104 116 18.4595
104 148 2
104 236 29.0407
104 242 7.13746
105 0 28.1959
105 8 2
105 52 2
105 87 36.3316
105 116 22.5785
105 175 5.6506
105 233 30.1857
106 0 23.5573
106 39 13.4119
106 52 18.7037
106 92 10.1458
106 103 2
106 107 5.34366
106 116 20.2511
106 157 13.3519
106 161 2
107 0 3.41275
107 71 6.47272
107 114 11.4142
107 135 8.7887
107 138 6.34302
107 142 3.51176
107 143 6.83501
107 149 17.9089
107 156 2.25086
107 162 9.23149
107 178 3.06897
107 202 10.4048
107 221 8.84883
107 228 8.6967
107 240 18.2356
108 0 19.9662
108 50 10.9826
108 82 4.07208
108 154 4.45616
108 159 29.8348
108 239 29.9465
109 0 31.0954
109 47 24.5794
109 95 27.5911
109 100 32.7732
109 159 39.4396
109 179 12.2422
110 0 2
110 60 20.9376
110 103 27.0863
110 116 27.1883
110 121 10.1409
110 129 30.2748
110 163 2
111 0 11.616
111 7 2.68577
111 23 10.878
111 70 5.99561
111 81 15.4526
111 98 16.3187
111 116 19.3679
111 190 2
111 210 17.5895
111 218 16.6761
111 231 21.8426
112 0 15.2068
112 47 11.6397
112 52 9.4047
112 54 6.92952
112 67 4.53333
112 138 5.28712
112 147 8.25763
112 152 16.673
112 156 25.9972
112 173 8.79293
112 208 12.637
112 221 17.8895
113 0 2.38129
113 41 52.6178
113 48 15.0205
113 52 19.4685
113 55 14.1308
113 210 16.8465
114 0 6.00305
114 8 2
114 44 6.58016
114 47 6.29648
114 52 3.68742
114 63 8.80786
114 119 8.98682
114 123 14.1481
114 125 2.49323
114 126 2
114 163 8.47574
114 177 2.33412
114 178 10.708
114 198 17.7029
114 215 3.21292
115 0 5.61133
115 8 9.70008
115 60 2
115 103 12.5185
115 118 19.7423
115 138 6.60957
115 153 13.2816
115 170 14.7755
115 211 2.58097
115 228 6.54208
115 236 15.4779
116 0 5.50005
116 142 69.729
116 147 16.4558
116 172 3.07599
116 211 4.77953
117 0 4.00068
117 72 2
117 93 13.0819
117 117 8.83618
117 160 16.8441
117 163 19.2027
117 179 10.6663
117 195 9.97332
117 198 7.87788
118 0 7.78753
118 7 6.89871
118 72 19.4561
118 76 30.7394
118 126 20.1527
118 155 10.208
118 172 2.00454
118 193 14.9505
119 0 16.8786
119 8 5.00795
119 24 20.0683
119 95 16.884
119 98 8.8983
119 119 2
119 133 18.4299
119 221 2
119 239 22.4149
120 0 3.2259
120 8 12.6536
120 22 13.9309
120 83 20.7664
120 137 6.25843
120 140 9.09366
120 152 2
120 187 3.73935
120 216 5.42466
121 0 17.885
121 26 14.2123
121 36 24.0768
121 47 2
121 67 27.1342
121 82 20.3715
121 192 8.77969
122 0 8.11061
122 36 2
122 98 13.6109
122 103 13.5437
122 119 11.7174
122 156 2
122 236 27.6229
122 242 2.73079
123 0 14.3184
123 7 16.0484
123 11 10.5863
123 41 6.76511
123 44 12.3748
123 55 5.57834
123 118 2.25352
123 120 13.4392
123 125 11.0442
123 149 7.58639
123 157 3.5715
123 236 2.53298
123 247 2
124 0 14.4337
124 24 63.4318
124 163 7.0836
124 172 17.7426
124 198 20.6568
125 0 2
125 4 32.4913
125 7 14.2754
125 115 6.93391
125 154 15.0542
125 215 7.66896
126 0 3.20025
126 15 11.624
126 26 7.68822
126 55 13.1073
126 77 11.7481
126 83 12.0941
126 93 11.6121
126 111 7.48428
126 118 8.66802
126 147 7.6412
126 187 6.52244
126 190 8.38063
126 198 4.67352
126 230 4.04394
126 236 12.4581
127 0 7.83981
127 9 16.6919
127 87 2
127 118 16.3377
127 146 18.1758
127 174 10.1084
127 179 11.2751
127 188 6.43602
127 190 10.0713
127 198 20.2785
127 203 2.55871
127 228 12.212
128 0 12.7158
128 4 3.59091
128 24 2.83419
128 26 2
128 43 5.82238
128 60 9.14641
128 79 2
128 156 13.3553
128 179 16.0014
128 180 9.36588
128 186 9.01719
128 189 3.92177
128 192 2.01882
128 198 11.2445
128 233 18.1418
129 0 3.28498
129 93 9.13824
129 94 21.9073
129 103 2
129 149 26.2456
129 207 16.9106
129 221 6.81066
129 233 10.8874
129 236 18.287
130 0 6.05568
130 7 11.3704
130 8 12.0521
130 60 4.19227
130 88 2
130 125 12.2203
130 140 6.80679
130 142 12.0518
130 156 5.29149
130 172 12.3639
130 197 23.0659
130 229 14.0403
130 247 10.1377
131 0 20.1245
131 98 16.3389
131 192 30.6775
131 218 42.3428
131 240 42.5598
132 0 8.04421
132 22 3.98868
132 52 17.7591
132 64 12.9953
132 133 21.1201
132 138 35.4639
132 210 2.95054
133 0 8.3584
133 5 12.684
133 8 3.34766
133 67 3.47971
133 103 2
133 114 2.2296
133 118 3.91121
133 142 2
133 147 2.11118
133 148 2.48806
133 155 11.2883
133 174 2
133 177 2
133 193 4.06512
133 198 3.30458
134 0 16.5946
134 7 3.16683
134 24 10.1852
134 55 13.0874
134 87 17.0735
134 97 13.1413
134 142 3.68765
134 208 2.13039
135 0 15.4498
135 10 21.6483
135 41 20.9773
135 60 23.0432
135 120 2.29663
135 122 19.8308
135 140 5.34421
135 156 8.06512
135 164 17.7363
136 0 16.1304
136 9 7.2067
136 92 2
136 104 12.3439
136 120 4.55436
136 136 4.83931
136 142 7.92269
136 154 2.84667
136 155 14.0402
136 174 7.92816
136 190 6.05785
136 206 15.054
136 215 13.6434
136 223 2.21912
137 0 5.36778
137 103 19.157
137 138 23.969
137 156 5.89267
137 210 42.3424
137 236 13.7533
138 0 2.2609
138 52 7.78119
138 88 13.3712
138 142 3.56427
138 148 13.1372
138 154 14.6919
138 164 24.7696
138 208 5.53262
138 233 18.9828
138 236 19.2101
139 0 9.69183
139 60 24.1147
139 163 15.9727
139 169 12.6465
139 206 17.0378
139 228 3.93194
139 236 6.32847
139 249 30.2251
140 0 7.17823
140 13 7.871
140 52 8.13736
140 124 11.2509
140 153 14.4995
140 156 14.9964
140 194 4.49861
140 198 7.81914
140 203 14.9338
140 215 11.8073
140 221 15.6324
140 225 6.49611
141 0 13.7655
141 7 5.68915
141 12 2.78367
141 23 3.36984
141 33 9.12744
141 41 4.04616
141 72 10.2933
141 87 11.2482
141 92 15.1879
141 100 9.24851
141 116 9.52452
141 136 2.32663
141 142 13.7575
141 153 2.54079
141 178 5.8477
141 182 2
142 0 11.0573
142 19 2
142 98 2.05622
142 117 3.54658
142 119 7.17267
142 142 5.76078
142 154 19.5581
142 156 9.60534
142 182 20.5155
142 198 7.60728
142 219 2
142 236 5.51818
143 0 22.239
143 13 17.0155
143 19 13.7921
143 76 14.9726
143 128 7.98648
143 221 30.2189
143 223 10.0698
143 242 21.9597
144 0 3.26703
144 5 13.8152
144 7 8.10088
144 8 27.9803
144 26 24.3094
144 88 11.0896
144 98 6.57696
144 103 19.8792
144 112 19.7737
144 192 8.90607
145 0 15.1256
145 72 14.0356
145 76 22.8604
145 103 9.52998
145 124 24.1946
145 155 4.11613
145 169 28.0935
145 211 14.7205
145 236 20.1134
146 0 12.7922
146 7 3.39017
146 48 14.8271
146 55 11.3907
146 147 6.56399
146 152 6.7848
146 212 24.8938
146 233 15.016
147 0 6.23038
147 16 17.1888
147 45 14.9403
147 137 21.1389
147 170 3.91131
147 208 13.8091
147 233 2
148 0 11.4469
148 8 8.70659
148 45 2
148 85 2
148 138 3.82899
148 142 10.8376
148 186 9.94697
148 227 10.7114
148 248 15.7772
149 0 15.0861
149 13 2
149 26 4.7283
149 47 10.4079
149 95 22.5461
149 103 9.6949
149 111 13.4973
149 142 3.76325
149 154 9.02861
149 185 12.6231
149 210 2
150 0 10.4276
150 22 7.71981
150 24 2
150 55 8.93177
150 111 3.48651
150 123 11.5075
150 154 9.62936
150 179 15.834
150 182 15.7253
150 202 21.2378
150 210 4.48183
150 247 2.79147
151 0 14.001
151 7 8.03503
151 99 11.2583
151 125 2
151 156 18.9098
151 177 9.86249
151 190 5.51275
151 203 9.72606
151 210 5.0443
151 226 3.05992
151 239 10.1725
152 0 14.1137
152 13 3.49708
152 23 9.85938
152 24 20.4706
152 48 11.6414
152 58 5.22945
152 89 11.6334
152 93 20.3594
152 143 4.47074
152 159 2
153 0 22.2079
153 10 7.64516
153 49 36.7903
153 72 11.7164
153 100 16.7658
153 206 20.7096
153 229 26.5759
154 0 26.0504
154 55 18.0999
154 95 6.58688
154 126 8.06167
154 179 4.16636
154 192 2
155 0 18.4111
155 24 6.28499
155 59 6.88162
155 72 28.8027
155 112 28.9358
155 149 4.30193
155 173 20.238
155 236 3.05882
156 0 6.17687
156 48 5.63758
156 52 26.9886
156 120 35.3207
156 153 13.5971
156 198 27.4082
157 0 7.48063
157 103 8.7098
157 149 25.9242
157 187 17.5168
157 190 4.8063
157 198 11.9883
157 236 23.7987
158 0 10.7985
158 60 7.21382
158 72 4.4713
158 103 2.66195
158 118 18.0948
158 124 11.7151
158 134 6.53459
158 149 10.6452
158 162 4.53729
158 188 13.1264
158 216 11.1797
158 228 12.7939
158 233 11.4234
158 249 13.0653
159 0 13.9525
159 13 24.7896
159 23 18.5275
159 55 18.6068
159 82 9.90811
159 125 2.29416
159 228 21.4556
159 244 9.06937
160 0 3.81079
160 24 14.7241
160 57 7.1155
160 66 11.7213
160 73 4.94459
160 88 12.683
160 138 19.7562
160 149 5.16673
160 167 5.38238
160 190 13.3361
161 0 12.8542
161 72 2.19927
161 107 17.4141
161 115 20.0631
161 129 23.3061
161 137 13.1031
161 142 2
161 152 8.09018
161 192 13.2039
162 0 11.7075
162 55 9.7505
162 60 10.2906
162 76 3.41844
162 92 2
162 119 4.26417
162 137 11.4997
162 142 5.53564
162 155 6.76741
162 156 2.3361
162 174 3.90435
162 192 17.7583
162 206 3.16888
162 215 2.04086
162 236 6.79959
163 0 7.48272
163 24 10.9281
163 38 2.15113
163 117 3.9186
163 119 14.4612
163 120 25.9301
163 134 14.5143
163 154 5.20065
163 163 2
163 169 9.1369
163 182 24.485
163 198 19.4305
164 0 11.278
164 41 10.3179
164 46 8.39945
164 49 18.7203
164 72 6.34139
164 115 28.9919
164 152 17.448
164 198 13.1043
165 0 10.8961
165 1 33.0595
165 165 20.2548
165 202 51.4758
166 0 8.1318
166 2 10.8622
166 13 18.2675
166 72 3.02498
166 111 3.19871
166 142 4.04708
166 167 18.8681
166 185 2.45325
166 216 9.45329
166 233 6.57741
166 236 14.3756
166 242 6.44669
166 247 13.8784
167 0 19.4043
167 24 6.47048
167 60 9.40891
167 94 27.2648
167 124 13.7401
167 140 13.2131
167 206 11.5471
167 219 5.78699
167 237 17.8913
168 0 64.8592
168 117 143.563
169 0 10.1184
169 24 29.658
169 39 5.2889
169 70 24.3179
169 172 28.8615
169 215 24.0359
170 0 13.9086
170 98 140.574
171 0 2
171 24 2.71404
171 60 18.7873
171 72 12.6318
171 112 9.85997
171 129 19.6301
171 138 18.0489
171 180 8.54419
171 219 3.94878
171 233 11.983
172 0 23.3332
172 12 10.1557
172 37 6.1045
172 49 3.17188
172 61 13.916
172 65 5.69428
172 79 2
172 85 11.419
172 169 6.13351
172 183 2
172 227 19.0811
173 0 2.35325
173 72 15.401
173 121 15.0928
173 150 6.02984
173 172 4.04866
173 185 24.6751
173 186 19.0114
173 229 10.7777
173 247 11.043
174 0 6.90555
174 52 17.4306
174 93 11.0552
174 112 6.47845
174 120 16.4106
174 167 13.907
175 0 42.5469
175 72 16.9437
175 82 11.4799
175 97 13.4978
175 177 11.4574
175 188 29.1052
175 193 24.6362
176 0 21.5045
176 52 14.2766
176 72 8.91913
176 85 14.0125
176 98 15.9829
176 124 4.24969
176 180 18.6849
176 197 14.3171
176 236 7.7455
177 0 18.4388
177 52 14.698
177 93 7.9426
177 102 4.73981
177 103 24.0516
177 192 28.965
177 206 20.8137
177 231 21.676
178 0 2.6711
178 24 14.561
178 26 8.93315
178 44 3.58928
178 56 3.08783
178 60 14.6828
178 71 11.0263
178 129 15.1853
178 169 8.98678
178 186 7.25606
178 198 2.2538
178 206 11.3851
178 212 2
179 0 8.1076
179 13 31.1006
179 67 15.3844
179 112 42.6536
179 146 5.71628
179 148 12.0409
179 153 7.31608
180 0 4.36103
180 13 2
180 93 13.1757
180 111 13.8206
180 115 2
180 178 12.4258
180 180 16.6528
180 190 8.40624
180 223 18.027
180 225 11.0721
181 0 15.4858
181 38 23.2134
181 95 16.9561
181 103 9.38328
181 171 11.972
181 185 22.4386
181 187 8.11611
181 190 13.8696
181 196 14.5007
182 0 14.8869
182 52 2
182 72 19.7079
182 112 6.34717
182 122 10.1416
182 149 12.4397
182 157 15.8536
182 215 21.7405
182 218 20.18
183 0 22.4031
183 91 14.3631
183 120 6.13335
183 152 15.0381
183 153 7.95906
183 156 6.42387
183 179 2
183 204 4.35026
183 228 21.1198
183 247 3.32928
184 0 32.7827
184 42 18.1871
184 114 2
184 126 2.18324
184 138 24.8636
184 142 2
184 149 18.9234
185 0 9.94295
185 21 6.22514
185 82 5.82884
185 136 9.39905
185 193 16.9823
185 194 17.1009
185 230 11.2375
186 0 9.89382
186 7 6.01183
186 64 14.9555
186 68 14.9616
186 70 26.5574
186 111 5.51567
186 117 6.2589
186 194 6.718
186 219 16.2289
187 0 12.323
187 49 15.3999
187 60 29.0178
187 93 23.5079
187 142 42.6121
187 152 15.6475
187 229 6.56292
188 0 32.0902
188 60 28.348
188 67 16.3176
188 129 22.4758
188 210 34.2698
188 223 43.3631
189 0 3.44007
189 116 9.903
189 119 9.85456
189 126 10.2581
189 134 12.3047
189 153 16.3464
189 161 15.9061
189 192 28.5023
189 215 21.3613
189 219 2
190 0 4.27979
190 6 25.1094
190 7 27.7981
190 24 7.29846
190 97 2
190 117 14.832
190 121 23.3602
190 126 10.852
190 210 18.2726
190 235 2.1645
191 0 18.9201
191 9 30.3864
191 13 6.77063
191 44 2
191 103 2
191 124 21.0529
191 213 35.9296
192 0 35.4217
192 52 10.8628
192 103 46.9507
192 186 9.48865
192 239 47.7092
193 0 18.932
193 55 2.76097
193 82 2
193 86 5.03199
193 98 21.7907
193 133 14.5582
193 142 2.11404
193 153 4.27265
193 200 17.5921
194 0 31.2033
194 12 12.4732
194 41 11.2505
194 60 34.1711
194 148 13.566
194 149 2.4595
194 220 7.16038
195 0 22.2363
195 24 15.1562
195 93 2.53071
195 117 8.56134
195 129 2
195 178 20.7696
195 187 6.17229
195 208 19.2886
195 219 11.2049
196 0 6.04015
196 27 18.7452
196 111 2
196 120 7.19121
196 145 13.5413
196 192 10.6215
196 206 12.7401
196 229 5.03983
197 0 15.3398
197 2 2
197 52 2
197 60 2
197 87 15.399
197 103 18.2509
197 112 8.0489
197 120 16.13
197 139 8.06789
197 174 8.83104
197 190 15.1662
197 229 17.4258
198 0 19.8202
198 52 11.7468
198 72 13.8686
198 76 13.9258
198 98 13.0945
198 142 13.6748
198 155 2
198 185 12.1412
199 0 16.8108
199 52 16.8505
199 72 8.34847
199 116 4.77797
199 120 14.6115
199 124 4.95597
199 164 2
199 187 11.4668
199 213 4.62125
199 228 19.4468
200 0 4.57705
200 4 6.16219
200 26 3.04545
200 27 5.46459
200 36 5.54419
200 66 11.1966
200 121 9.71548
200 187 6.73279
200 206 4.99217
200 211 2.4673
200 213 2
200 236 2
201 0 10.2688
201 117 22.5954
201 120 20.3992
201 126 9.05321
201 144 20.0047
201 152 12.1814
201 163 10.4352
201 188 7.56073
201 190 4.20249
202 0 9.65691
202 11 6.62337
202 26 8.39732
202 55 11.1432
202 61 2.17089
202 68 17.8098
202 140 9.57523
202 187 12.2707
202 218 7.37507
202 223 7.33907
202 227 8.14445
202 236 8.47203
203 0 15.7731
203 6 26.0151
203 24 9.99892
203 118 16.9793
203 142 23.4572
203 210 4.50792
204 0 4.90128
204 38 8.20237
204 72 11.0527
204 79 7.7654
204 100 8.08298
204 112 7.04514
204 120 24.136
204 162 4.54313
204 167 19.9465
204 227 20.155
204 233 5.80159
204 242 4.48563
205 0 26.0542
205 24 13.4048
205 76 15.9274
205 117 21.8175
205 164 3.6211
205 172 25.3259
205 187 10.8235
206 0 9.4077
206 1 12.3192
206 26 9.9362
206 47 16.9719
206 52 3.14758
206 140 15.0298
206 145 15.0622
206 155 9.62934
206 156 3.29391
206 163 8.89318
206 172 9.26282
206 193 17.819
206 215 6.56916
207 0 23.7774
207 47 20.2209
207 60 24.1543
207 126 25.4531
207 140 25.502
207 247 21.1085
208 0 20.9065
208 24 11.6336
208 55 34.0459
208 117 14.4317
208 192 17.0387
208 198 2
208 239 34.7853
209 0 19.4068
209 11 24.5539
209 52 31.667
209 111 2
209 157 5.80443
209 161 18.8211
210 0 7.25654
210 47 13.7798
210 115 4.00429
210 124 15.1277
210 129 3.10212
210 140 12.1664
210 189 5.66757
210 206 5.09187
210 216 3.14051
210 223 2.57702
210 239 26.7739
211 0 22.8166
211 6 2
211 24 2.98518
211 39 24.282
211 60 7.62271
211 93 4.95943
212 0 8.18214
212 47 3.24054
212 60 28.213
212 78 8.71293
212 97 17.9205
212 142 5.56135
212 228 17.8674
212 229 5.96441
213 0 3.88709
213 7 45.3306
213 52 39.2975
213 133 32.9828
213 145 24.5121
214 0 5.03078
214 60 7.90401
214 173 16.5579
214 178 15.6495
214 179 18.3241
214 187 2
214 192 8.37671
215 0 21.4746
215 114 64.3685
215 122 53.9094
216 0 14.0488
216 87 20.6614
216 137 32.1635
216 170 31.6942
216 208 2.1112
216 223 23.6166
216 236 28.3513
217 0 7.12279
217 8 8.44663
217 24 3.0414
217 52 13.3598
217 55 19.0261
217 134 2.10857
217 138 2
217 156 19.7854
217 163 14.0212
217 209 2
218 0 13.0766
218 6 8.5936
218 13 7.7472
218 94 6.76177
218 116 4.82221
218 120 8.76435
218 138 5.89748
218 198 2
218 206 12.701
218 209 10.8709
218 215 3.06908
218 230 7.1912
218 233 5.4632
219 0 29.5208
219 75 26.0835
219 97 22.8803
219 103 11.7052
219 165 13.278
219 167 51.6374
220 0 20.4306
220 7 42.8389
220 73 4.36471
220 180 30.6259
220 186 7.73036
220 235 17.1548
221 0 17.5968
221 8 6.15821
221 76 2.93408
221 92 17.459
221 118 24.5248
221 150 33.9689
221 179 25.8227
222 0 5.89849
222 14 21.7217
222 72 14.4034
222 120 39.999
222 143 17.5362
222 154 12.759
222 244 17.3257
223 0 7.3706
223 37 9.26283
223 74 9.22452
223 97 25.1954
223 103 3.79275
223 114 27.0263
223 140 16.5626
224 0 8.11867
224 19 6.60276
224 22 12.1049
224 23 13.7438
224 42 4.57671
224 87 14.0063
224 157 7.7423
224 167 3.44851
224 195 11.5256
225 0 6.46963
225 4 12.7563
225 23 14.0494
225 26 16.0388
225 72 26.3618
225 82 4.32391
225 93 3.64497
225 142 18.7713
225 179 12.3085
225 192 16.3014
225 213 8.67611
226 0 31.7368
226 98 38.0907
226 140 39.7033
226 213 18.5137
227 0 12.1955
227 11 16.8109
227 87 9.76762
227 114 16.589
227 120 28.1047
227 155 6.07981
227 197 6.63753
227 227 11.3445
227 233 5.12248
227 236 2.01913
227 242 7.32238
228 0 17.8866
228 7 30.9521
228 37 17.2922
228 44 23.0601
228 49 28.3866
228 132 19.4744
228 157 9.56071
228 182 3.65203
228 187 20.7868
228 247 2
229 0 15.4655
229 24 6.18891
229 82 8.10643
229 97 2
229 114 27.2179
229 154 7.98086
229 174 19.3932
229 186 10.4215
229 192 14.7944
229 223 15.8386
229 236 8.11285
230 0 8.00612
230 12 9.88251
230 19 24.7206
230 55 4.12849
230 75 20.3794
230 95 34.4219
230 221 22.128
230 233 3.98655
231 0 37.3866
231 46 16.0733
231 72 20.9794
231 117 5.90376
231 138 31.7177
231 142 12.7016
231 219 16.3546
232 0 28.3665
232 24 14.8443
232 72 19.616
232 100 14.3193
232 119 35.5513
232 148 28.7511
232 233 34.8094
233 0 5.5036
233 13 11.6903
233 37 3.1913
233 60 9.31595
233 124 14.1545
233 152 6.31329
233 157 9.39319
233 173 2
233 179 8.43315
233 187 7.76935
233 210 12.5501
233 228 2.54976
234 0 26.3939
234 53 3.37858
234 95 16.3641
234 103 9.30206
234 117 19.6637
234 144 18.2785
234 167 20.4611
234 221 7.19106
235 0 27.3655
235 24 4.70012
235 92 22.9834
235 185 2
235 212 13.6712
235 236 13.7596
236 0 58.4104
236 72 219.076
237 0 18.0936
237 47 9.76826
237 71 9.02098
237 72 10.1306
237 76 10.2153
237 91 11.4978
237 103 9.26303
237 149 4.48417
237 150 5.96077
237 154 11.896
237 229 7.73348
237 233 6.23227
237 239 7.16798
237 242 5.00582
238 0 2
238 10 2
238 66 4.64483
238 90 20.0243
238 94 3.0121
238 97 8.8548
238 115 5.85997
238 142 6.8328
238 165 11.3142
238 180 21.7492
239 0 16.4043
239 24 9.78634
239 72 12.2022
239 112 8.6238
239 120 5.16378
239 148 13.2101
239 219 11.6434
239 228 4.15683
239 233 13.5183
239 249 8.45764
240 0 44.0205
240 143 19.0338
240 144 17.8328
240 172 14.3271
240 208 17.9402
240 236 9.57603
240 244 13.6978
241 0 24.3632
241 12 4.17669
241 22 14.889
241 52 2
241 65 5.5289
241 117 2
241 192 9.30362
241 219 16.4892
241 235 16.8753
242 0 25.85
242 149 39.9377
242 160 18.6571
242 213 14.744
242 219 44.7181
242 221 7.92652
243 0 21.3633
243 116 4.08575
243 157 25.8759
243 163 32.1317
243 164 2.35735
243 180 10.7709
243 210 24.6944
243 249 20.532
244 0 13.9698
244 72 24.2437
244 91 5.77165
244 103 8.54473
244 129 21.5747
244 179 23.0712
244 210 6.37938
245 0 9.96286
245 7 2.47734
245 26 2
245 39 18.1945
245 56 7.8499
245 60 2.81298
245 61 4.9522
245 172 2
246 0 5.59008
246 45 3.29419
246 72 17.7038
246 116 2
246 127 6.6256
246 150 12.6673
246 156 9.87566
246 158 17.8549
246 169 2
246 190 24.1082
246 215 7.60021
246 239 21.6312
247 0 11.0473
247 33 12.9779
247 56 7.73127
247 120 21.3709
247 131 4.67219
247 137 2
247 156 20.9211
247 167 10.3915
247 187 16.461
247 196 3.38109
248 0 11.1941
248 8 17.8712
248 19 14.9453
248 129 13.8331
248 133 7.20398
248 147 5.90186
248 163 2.13853
248 212 19.8443
248 225 2
249 0 21.3456
249 67 3.44605
249 144 2
249 182 32.9787
249 201 24.7641
249 213 25.0308
249 244 28.2118
