200 200 1600
1
1
1
1
1
1
1
1
1
1
1
1
1
1
1
1
1
1
1
1
1
1
1
1
1
1
1
1
1
1
1
1
1
1
1
1
1
1
1
1
1
1
1
1
1
1
1
1
1
1
1
1
1
1
1
1
1
1
1
1
1
1
1
1
1
1
1
1
1
1
1
1
1
1
1
1
1
1
1
1
1
1
1
1
1
1
1
1
1
1
1
1
1
1
1
1
1
1
1
1
1
1
1
1
1
1
1
1
1
1
1
1
1
1
1
1
1
1
1
1
1
1
1
1
1
1
1
1
1
1
1
1
1
1
1
1
1
1
1
1
1
1
1
1
1
1
1
1
1
1
1
1
1
1
1
1
1
1
1
1
1
1
1
1
1
1
1
1
1
1
1
1
1
1
1
1
1
1
1
1
1
1
1
1
1
1
1
1
1
1
1
1
1
1
1
1
1
1
1
1
0 0 13.4838
0 7 10.6627
0 17 11.9316
0 41 8.76635
0 49 10.734
0 66 7.72766
0 86 11.6456
0 89 2
0 120 16.3922
0 161 13.3579
0 164 10.9144
0 183 2
0 193 9.76391
1 0 26.2549
1 19 31.0267
1 26 23.0908
1 56 29.939
1 95 15.3829
1 129 24.058
1 139 7.73293
2 0 18.7799
2 22 25.3378
2 83 2.443
2 85 4.62961
2 148 8.57248
2 174 24.3617
2 180 6.93977
3 0 7.99098
3 11 14.0107
3 53 7.94809
3 71 2.39854
3 87 12.7817
3 124 5.15253
3 153 3.23884
3 156 7.98669
3 180 7.07043
3 199 18.0016
4 0 18.8261
4 10 20.2509
4 13 36.58
4 45 3.23519
4 89 25.3519
4 170 28.1145
5 0 6.83326
5 7 16.1556
5 13 2.75046
5 17 14.3183
5 52 2
5 72 5.99819
5 84 3.95632
5 94 17.5591
5 95 5.19709
5 96 2
5 109 7.16076
5 176 3.41628
5 178 2
5 194 4.92608
6 0 29.073
6 6 29.7911
6 14 3.03022
6 25 23.2435
6 95 5.08025
6 123 2
6 166 12.89
6 170 15.1288
6 182 7.0619
7 0 3.69993
7 11 16.0747
7 13 4.0981
7 19 11.6774
7 121 23.828
7 132 5.567
7 160 16.1166
7 170 15.3099
7 188 7.84149
8 0 9.15292
8 17 2
8 78 3.16458
8 82 13.3316
8 102 12.6706
8 120 7.37983
8 134 11.2401
8 150 7.52565
8 153 11.7374
8 159 2.20461
8 163 4.17413
8 169 8.2024
8 170 5.1496
9 0 16.8245
9 33 17.3343
9 40 6.63275
9 107 16.5789
9 120 2
9 133 16.2822
9 148 2
9 163 20.263
10 0 11.2175
10 10 6.39
10 12 5.02933
10 22 4.62237
10 25 2
10 79 10.7424
10 98 13.3622
10 107 23.1737
10 169 15.0969
10 180 2.91042
10 182 21.6687
10 193 11.8141
11 0 17.9527
11 22 6.83436
11 43 29.0839
11 44 2
11 46 15.5509
11 83 2.64706
11 103 4.54731
11 108 17.0865
11 121 18.9041
12 0 43.8563
12 13 10.1639
12 69 28.1594
12 192 47.6275
12 193 49.7243
13 0 2
13 69 2
13 80 2.10267
13 93 8.19624
13 117 9.92087
13 120 15.3316
13 124 12.5282
13 176 27.3729
14 0 11.9366
14 17 14.1208
14 41 25.0513
14 56 7.50416
14 69 7.59137
14 72 5.96776
14 82 4.79502
14 84 2.71244
14 147 7.03976
14 161 19.0857
14 183 5.48214
15 0 17.1066
15 46 4.12297
15 54 13.1794
15 63 14.4765
15 69 14.9765
15 81 2.93233
15 93 8.15977
15 120 4.30563
15 121 17.2482
15 192 8.95294
15 196 13.0731
16 0 20.0679
16 71 39.9619
16 81 7.60359
16 85 22.7591
16 120 7.00413
16 144 23.9047
16 173 7.67393
17 0 2.35801
17 61 28.9279
17 86 11.0904
17 129 57.5612
17 176 48.6106
18 0 29.0639
18 88 31.915
18 93 20.1817
18 148 10.1435
18 153 15.3764
18 161 24.3752
19 0 21.193
19 7 6.27898
19 19 9.05326
19 30 2
19 80 18.9175
19 102 2.75212
19 109 13.0847
19 146 9.33248
19 161 13.6595
19 169 2
19 182 2
20 0 17.5454
20 13 10.3372
20 44 11.9817
20 65 4.08031
20 120 2.81206
20 124 2.04973
20 161 20.4517
20 170 21.8302
20 171 7.50751
20 185 14.6042
21 0 5.39762
21 16 17.6559
21 50 5.93171
21 52 37.3676
21 103 3.57104
21 161 22.2186
21 192 25.689
22 0 2.19718
22 17 5.14092
22 22 11.8371
22 35 4.10064
22 67 4.50065
22 85 16.0011
22 102 2
22 122 9.48539
22 145 11.9234
22 155 4.25619
22 170 21.5861
22 174 11.8327
22 176 3.21476
22 190 3.88405
23 0 2
23 25 12.7523
23 69 12.9442
23 81 9.25191
23 103 27.5625
23 120 16.95
23 153 21.1068
23 163 9.99922
24 0 7.53025
24 17 13.7063
24 43 20.9634
24 69 3.39446
24 102 27.2404
24 132 4.19108
24 173 15.2008
24 182 21.7268
24 188 17.9641
25 0 23.3288
25 13 14.7916
25 47 30.2136
25 67 11.615
25 80 24.1229
25 83 28.9594
25 197 2
26 0 9.57575
26 23 2
26 30 2.5111
26 60 10.5653
26 61 6.56079
26 65 12.0662
26 92 4.95692
26 103 4.39518
26 121 4.41134
26 123 5.76832
26 133 2
26 145 4.25641
26 182 7.36041
26 183 6.04695
27 0 2.12759
27 16 15.2683
27 47 20.5788
27 94 10.6893
27 116 11.2938
27 134 23.961
27 180 2
27 182 2
28 0 6.05736
28 22 37.936
28 103 42.6747
28 116 7.88994
28 117 27.0555
28 161 8.58491
28 182 20.792
29 0 8.62958
29 7 4.01836
29 19 2
29 26 18.9075
29 38 2
29 55 2
29 65 4.91326
29 107 2
29 121 2
29 124 12.9442
29 174 3.68313
29 178 2
29 197 4.36612
30 0 12.7533
30 16 4.19868
30 28 2
30 39 7.99179
30 54 8.11987
30 69 11.3634
30 77 14.4322
30 85 16.6916
30 97 4.06869
30 122 10.0957
30 162 17.7031
30 169 9.88501
30 191 13.5596
31 0 15.9735
31 44 12.9483
31 80 21.0904
31 84 11.6431
31 177 22.4465
32 0 32.7681
32 17 35.4986
32 80 13.6728
32 133 38.3273
32 180 9.02268
33 0 7.03636
33 3 11.1936
33 7 4.48742
33 20 14.7448
33 23 3.32428
33 80 22.2466
33 122 10.5316
33 153 10.579
33 176 20.8164
34 0 13.5912
34 90 5.71931
34 102 37.4445
34 142 39.0876
34 150 33.9022
34 182 34.2786
35 0 15.9326
35 45 10.9743
35 46 18.9321
35 88 7.18842
35 90 9.29313
35 102 7.19463
35 140 25.1489
35 176 17.8542
35 198 12.9212
36 0 28.609
36 66 11.4968
36 98 4.10548
36 136 3.84738
36 145 12.7908
36 195 13.9449
37 0 25.3166
37 13 5.71052
37 22 6.32939
37 41 4.59576
37 70 12.5388
37 101 2
37 124 2
37 169 10.2053
37 183 6.98247
37 191 15.9001
37 194 23.0552
37 196 3.87546
38 0 11.3232
38 5 11.9371
38 39 14.5441
38 103 36.1269
38 162 17.4432
38 183 2.15033
39 0 13.6139
39 10 25.1806
39 23 40.5547
39 65 2
39 85 13.5621
39 161 32.8868
40 0 12.6577
40 42 19.3652
40 84 2
40 124 30.144
40 162 46.5193
40 196 9.54403
41 0 10.4188
41 45 6.27284
41 50 17.3428
41 77 2
41 85 5.03632
41 90 14.3408
41 113 9.69542
41 120 17.343
41 138 12.6429
41 187 4.49415
41 190 15.7521
42 0 5.80153
42 16 2
42 19 2
42 50 8.97052
42 55 5.49258
42 61 7.88801
42 88 11.3788
42 93 12.197
42 109 2.63087
42 120 3.14777
42 121 8.84288
42 133 11.7473
42 156 2.30269
42 169 18.1124
42 173 2.02775
43 0 11.2148
43 19 7.76742
43 23 11.6787
43 45 9.98896
43 60 17.1711
43 90 4.90512
43 122 2.00608
43 125 17.3666
43 153 19.4439
43 183 3.73993
43 190 14.3268
44 0 9.97899
44 16 7.72096
44 17 12.6457
44 72 9.98923
44 104 11.2783
44 150 16.0262
44 174 17.861
45 0 4.63241
45 3 14.9292
45 18 15.1248
45 23 17.3372
45 26 5.06354
45 45 3.22948
45 63 18.6417
45 84 10.4663
45 115 5.94574
45 163 2.05059
45 170 2
45 199 7.05529
46 0 50.2522
46 63 7.76328
46 72 21.9175
46 124 24.3854
46 132 6.50679
46 170 2
46 187 9.91788
47 0 5.49635
47 49 12.4007
47 57 9.28302
47 60 17.0241
47 69 3.37373
47 90 26.2819
47 107 6.5334
47 116 16.4641
47 170 22.3525
47 180 18.0394
47 186 18.1108
48 0 2.15083
48 45 11.3499
48 107 5.40964
48 120 10.7434
48 123 17.679
48 148 4.98503
48 163 15.4448
48 186 23.6065
48 191 11.6242
48 194 4.10889
49 0 7.96962
49 12 9.42019
49 19 4.102
49 21 6.71189
49 37 11.4099
49 41 2.14032
49 43 2
49 45 13.3822
49 54 2
49 80 8.41956
49 101 17.1752
49 107 17.3421
49 125 2
49 170 4.72254
50 0 9.95879
50 3 24.1253
50 10 12.5819
50 14 15.3293
50 16 13.1417
50 19 18.9352
50 81 7.78371
50 90 9.4107
50 94 17.462
50 126 5.49712
50 177 16.6212
51 0 11.4932
51 11 2
51 49 21.5361
51 50 7.22262
51 66 26.1246
51 81 25.226
51 90 18.9805
51 170 26.052
52 0 3.63358
52 28 21.8088
52 50 3.35806
52 81 2
52 115 18.0422
52 120 12.2307
52 121 10.3824
52 134 14.7462
52 146 12.1224
52 173 2.79305
52 180 17.6707
53 0 9.71052
53 21 7.41872
53 28 14.9734
53 54 10.9782
53 86 2.43367
53 90 13.1138
53 105 23.517
53 135 5.47504
53 156 21.125
54 0 6.437
54 17 6.68823
54 50 9.37703
54 52 5.68902
54 53 11.6195
54 89 17.0029
54 94 12.2237
54 113 7.76205
54 187 5.64392
55 0 13.3243
55 84 19.4803
55 102 13.0658
55 115 25.0406
55 120 2
55 121 13.7045
55 142 22.9643
55 173 3.27291
56 0 2
56 14 12.782
56 19 25.0408
56 43 16.7986
56 55 19.5026
56 60 17.1078
56 103 5.6213
56 163 12.3124
56 176 7.96078
56 193 2
57 0 24.2032
57 21 17.4528
57 45 36.712
57 69 23.046
57 84 37.9701
57 150 3.60501
58 0 7.82652
58 4 10.4568
58 13 19.7975
58 69 14.654
58 81 5.07822
58 91 19.7166
58 112 6.73952
58 120 2.34592
58 156 6.52488
58 182 16.9525
58 183 25.1063
59 0 28.9718
59 67 43.1238
59 103 18.0241
59 145 38.7141
60 0 33.223
60 43 29.4508
60 69 2
60 81 9.7991
60 102 7.44156
60 158 25.3005
61 0 18.3645
61 13 15.7525
61 19 27.275
61 44 28.5056
61 165 6.60392
61 170 26.1285
61 173 6.47488
61 182 9.80435
61 194 34.5271
62 0 3.62924
62 17 14.4873
62 22 2
62 103 14.9627
62 132 7.11696
62 161 11.3095
62 173 23.0162
62 180 24.8061
63 0 5.93597
63 13 4.21754
63 50 11.4201
63 69 14.6237
63 124 7.80231
63 166 18.6628
63 169 9.04943
63 176 16.8499
63 187 23.1321
64 0 53.8877
64 7 6.47051
64 13 16.5825
64 19 7.17187
64 45 17.8094
64 147 21.195
64 180 17.6735
65 0 26.1707
65 140 57.5694
65 183 43.8553
66 0 21.4044
66 23 10.1373
66 72 14.6683
66 124 21.8361
66 153 5.62773
66 174 14.7001
66 182 2.10432
67 0 5.21461
67 1 12.8991
67 7 8.51912
67 49 8.37369
67 61 11.2554
67 102 4.75343
67 132 2
67 148 2.09835
67 150 14.5299
67 159 18.1307
67 193 9.95516
68 0 44.0904
68 46 17.6525
68 81 3.52764
68 82 14.0711
69 0 23.6896
69 20 12.1257
69 99 11.4455
69 102 15.4955
69 115 24.6446
69 164 17.389
69 196 12.7737
70 0 2
70 1 12.607
70 32 2
70 42 2
70 44 9.20613
70 45 13.0798
70 93 15.3849
70 94 8.45178
70 102 4.63706
70 121 8.82738
70 122 2
70 174 10.468
70 182 6.48154
71 0 8.29823
71 3 2
71 33 11.0259
71 47 19.2577
71 84 24.0118
71 115 20.793
71 132 26.0374
71 174 11.1712
72 0 11.856
72 11 12.7751
72 85 7.99613
72 87 30.8579
72 117 15.1518
72 127 24.7816
72 179 6.03553
72 185 11.9022
72 197 5.23318
73 0 18.437
73 21 21.763
73 45 11.8987
73 67 28.3796
73 107 44.4062
73 132 42.4865
73 136 36.6094
74 0 5.42308
74 1 4.85445
74 7 2
74 14 4.41361
74 86 25.2241
74 120 11.886
74 122 14.5803
74 126 7.97078
74 180 15.4996
74 183 7.48618
75 0 23.7504
75 18 15.027
75 91 4.09302
75 116 2
75 125 5.92113
75 134 12.4829
75 156 16.2733
75 179 11.0791
75 187 3.69902
76 0 2.95272
76 16 30.6046
76 28 2.34234
76 61 12.9466
76 65 2.61704
76 90 4.71679
76 120 23.3243
76 156 23.2601
77 0 33.276
77 47 2
77 81 2
77 86 11.8117
77 113 6.24422
77 120 10.1143
77 125 7.39045
77 161 21.9681
78 0 12.73
78 34 13.2242
78 42 19.6608
78 50 13.8363
78 84 20.7997
78 103 8.15892
78 120 13.9163
78 122 17.2479
78 138 4.50202
78 153 13.7239
78 180 10.8543
79 0 19.7919
79 21 9.74831
79 66 26.3254
79 84 3.14707
79 102 27.0605
79 146 30.843
79 170 15.186
80 0 10.3161
80 21 2.68851
80 67 10.1749
80 81 22.0887
80 103 7.45886
80 109 2
80 113 6.3086
80 115 3.82162
80 139 8.62896
81 0 18.2879
81 7 5.66664
81 43 17.9071
81 51 15.026
81 84 2.62372
81 90 19.5748
81 95 26.9466
81 153 7.03552
81 170 22.636
82 0 10.1081
82 17 6.80321
82 43 17.5967
82 53 2
82 103 4.26201
82 120 6.57959
82 121 6.32936
82 145 17.6105
82 148 10.0033
82 182 21.9238
82 183 4.43322
83 0 2
83 17 2
83 89 8.44075
83 120 2
83 129 7.14815
83 132 11.703
83 153 9.97616
83 161 13.675
83 166 2
83 169 3.60275
83 182 2
84 0 9.79113
84 63 11.4162
84 65 30.7473
84 69 8.73951
84 72 3.80344
84 148 9.8806
84 167 28.4816
84 170 13.3793
85 0 2
85 66 28.8431
85 105 41.1912
85 135 53.1241
86 0 33.109
86 69 11.5065
86 92 27.6347
86 134 30.2029
86 150 5.86599
87 0 2.15808
87 17 12.3047
87 44 18.0752
87 67 11.051
87 144 19.2704
87 150 15.7227
87 152 12.5756
87 185 34.5645
88 0 43.2509
88 19 12.156
88 43 14.1916
88 90 23.78
88 134 13.9445
88 170 15.6041
88 183 20.5231
89 0 37.5047
89 65 39.7188
89 94 2.93524
89 102 20.7543
89 124 18.5405
89 171 2
90 0 11.8424
90 19 9.09019
90 23 21.2784
90 30 3.71086
90 132 18.4111
90 133 9.8138
90 163 10.2649
90 194 21.8592
91 0 6.65474
91 1 2
91 71 27.377
91 84 2
91 101 22.5568
91 148 10.0621
91 161 13.9237
92 0 24.3424
92 17 23.1976
92 23 7.48844
92 43 15.0335
92 91 26.7774
92 97 6.63837
92 124 11.0663
92 175 10.7319
92 178 9.22152
92 199 5.82311
93 0 10.4296
93 26 12.4586
93 41 3.22819
93 52 6.65452
93 61 6.64888
93 94 6.50762
93 97 16.945
93 120 14.1826
93 123 5.70905
93 145 7.01316
93 173 4.51679
94 0 5.13311
94 22 2
94 65 17.7079
94 81 3.28796
94 85 9.3526
94 87 7.35936
94 102 16.7172
94 120 18.2888
94 180 5.06592
94 186 21.6133
95 0 2
95 16 12.4818
95 21 2
95 35 9.78701
95 40 9.15486
95 69 2
95 85 7.35527
95 90 10.4946
95 134 9.88064
95 153 11.1147
95 163 2.05305
95 176 5.08712
95 180 8.50527
95 182 9.13385
95 185 4.79299
95 186 2.15847
95 197 12.9372
96 0 32.2623
96 21 27.0792
96 60 36.1727
96 102 20.4224
96 174 28.5036
96 188 9.99577
97 0 11.8489
97 28 9.12748
97 43 13.342
97 95 16.1431
97 115 16.7365
97 170 15.4319
97 174 9.4981
97 186 36.9227
98 0 2
98 28 2.23244
98 63 24.6584
98 98 14.9624
98 99 17.5378
98 117 9.97384
98 156 24.917
98 169 11.2443
98 180 9.24444
99 0 24.9192
99 1 3.79437
99 17 9.03035
99 47 22.1628
99 69 6.80381
99 103 16.8271
99 150 25.3661
99 197 14.473
100 0 15.5335
100 7 11.9373
100 27 10.7872
100 43 22.9363
100 124 4.36002
100 135 9.74576
100 145 16.8117
100 149 10.644
100 185 3.26597
101 0 8.06557
101 13 5.98324
101 20 7.79319
101 65 13.262
101 89 29.2214
101 90 10.9647
101 120 5.8098
101 146 23.8819
101 177 2
102 0 2
102 3 2
102 19 2
102 22 2
102 86 12.9727
102 94 6.22139
102 110 13.6805
102 153 15.9272
102 164 11.7021
102 166 7.41229
102 176 9.0775
102 186 16.4331
102 190 2.48588
103 0 16.6491
103 71 15.3162
103 85 28.233
103 86 2
103 88 20.8533
103 110 14.6775
103 126 29.3369
103 180 24.2798
104 0 2
104 14 3.45349
104 35 12.4394
104 95 2
104 135 10.9321
104 156 6.71575
104 176 32.7516
104 191 14.847
105 0 6.21371
105 83 38.8293
105 88 23.6334
105 122 14.4744
105 150 29.2922
106 0 2
106 120 24.2511
106 157 6.5321
106 178 22.4667
106 180 20.172
106 186 42.2748
107 0 13.1694
107 14 6.47077
107 60 17.3795
107 80 20.6036
107 85 14.524
107 99 25.554
107 102 14.5424
107 190 15.314
108 0 42.7612
108 80 30.5955
108 95 15.5937
108 152 2.79269
108 153 16.2364
108 165 14.9139
108 182 8.99818
109 0 12.882
109 12 5.17584
109 18 3.90762
109 121 3.58142
109 148 24.1974
109 151 9.27698
109 163 17.6544
109 182 7.59205
109 191 16.7486
109 196 13.8404
109 197 18.2849
110 0 16.2438
110 7 17.2539
110 43 8.87422
110 94 3.46067
110 103 14.8744
110 153 14.6652
110 182 10.7128
110 187 9.79445
111 0 4.08491
111 21 7.25528
111 55 21.4175
111 66 5.69454
111 84 10.2846
111 85 17.2852
112 0 8.9589
112 13 10.3856
112 16 2
112 43 7.23384
112 82 8.43112
112 92 7.05071
112 117 3.37313
112 145 3.87964
112 150 11.5623
112 154 8.94058
112 157 3.22084
112 170 4.2625
112 187 6.26714
112 190 5.19709
113 0 12.9151
113 18 8.97613
113 43 8.12847
113 50 2
113 84 16.9663
113 110 2
113 115 12.7592
113 120 7.31987
113 133 22.4945
113 159 16.5899
113 162 2
113 186 2
114 0 2.86711
114 14 14.3765
114 40 18.2276
114 102 35.009
114 150 14.3705
114 174 16.3507
114 176 3.13716
114 183 16.7881
115 0 24.7201
115 17 14.3724
115 49 20.9811
115 69 2.27029
115 77 10.8616
115 107 4.85434
115 115 2.65094
115 146 11.2923
115 147 13.6287
115 161 14.4624
115 170 3.23252
116 0 5.02116
116 11 8.86799
116 17 2
116 23 13.2372
116 28 3.76027
116 43 7.90437
116 47 14.9971
116 60 7.21914
116 81 9.86536
116 125 5.26263
116 133 3.26422
116 161 8.88541
116 169 2.17584
116 170 8.51856
116 177 11.9362
116 187 7.70573
117 0 9.11765
117 42 19.1502
117 66 9.61201
117 85 2.79917
117 116 2
117 120 6.77449
117 136 2.99526
117 145 16.5709
117 169 11.1446
117 182 7.53484
117 185 7.39559
118 0 12.356
118 57 7.14751
118 61 41.6617
118 82 18.3481
118 146 19.6235
118 156 20.1982
118 198 27.8335
119 0 12.0844
119 80 24.3478
119 86 30.1351
119 145 32.0904
119 192 69.9224
120 0 15.631
120 95 3.39476
120 102 47.74
120 124 11.4469
120 174 19.3014
120 191 3.13117
121 0 7.59607
121 16 19.1623
121 19 8.53155
121 28 2.73865
121 51 4.57745
121 53 3.25293
121 63 17.3916
121 89 10.9493
121 91 4.8614
121 102 7.33962
121 125 3.54879
121 138 4.26052
121 162 8.544
121 178 5.19163
121 186 13.5533
121 196 15.5903
122 0 32.7275
122 90 7.17506
122 93 35.6349
122 102 29.2526
122 186 44.2144
122 193 2.96111
123 0 33.076
123 84 13.6858
123 113 5.47378
123 121 2.14997
123 140 12.5874
123 174 21.5221
123 180 12.0358
123 193 6.84221
124 0 13.6833
124 29 2
124 69 13.4458
124 80 12.7087
124 81 7.83139
124 94 17.5726
124 95 2
124 102 6.05737
124 113 9.38392
124 140 4.23575
124 176 14.0526
124 180 8.48975
124 187 12.1338
125 0 19.245
125 13 42.9014
125 16 28.7969
125 159 32.9543
125 191 35.3927
126 0 10.3742
126 19 19.5241
126 35 9.07651
126 44 12.8751
126 69 6.95767
126 116 33.2606
126 133 10.3486
126 145 17.0356
126 174 2
126 194 23.7104
127 0 2
127 13 17.1137
127 18 16.6681
127 23 18.178
127 42 14.5782
127 47 21.4189
127 84 9.44313
127 85 13.9772
127 92 12.4241
127 153 16.5756
127 170 18.0015
127 190 14.0607
128 0 23.7126
128 1 12.8205
128 91 3.56999
128 92 6.74225
128 120 6.9738
128 148 24.6648
128 161 16.7042
128 163 8.0766
128 170 17.9801
128 191 10.2417
129 0 2
129 95 10.4622
129 103 28.9028
129 126 15.7524
129 145 4.33839
129 161 10.4692
129 170 30.7318
129 182 11.5176
129 186 12.4928
130 0 15.4284
130 11 12.5855
130 19 15.5434
130 95 22.443
130 113 11.7089
130 146 18.0131
130 193 19.8914
131 0 14.8544
131 3 19.4193
131 88 33.5679
131 95 17.0455
131 139 3.98847
131 192 9.62173
132 0 4.37433
132 13 17.3162
132 49 11.2764
132 85 23.392
132 102 4.56618
132 115 7.67253
132 198 27.5618
133 0 28.1689
133 19 15.8004
133 71 28.5944
133 120 31.2806
133 132 28.5218
133 133 5.21415
133 157 14.4068
134 0 7.1619
134 1 15.2993
134 43 12.6773
134 47 13.4486
134 80 18.0947
134 90 8.96795
134 113 2.0968
134 133 10.5324
134 170 2.21262
134 180 17.1155
134 192 8.46511
134 198 13.1822
135 0 14.3643
135 3 35.1819
135 21 11.8439
135 47 31.8978
135 103 11.7624
135 107 17.6131
135 157 15.4198
135 166 2.36194
135 169 23.1982
136 0 34.31
136 19 31.6977
136 99 3.07707
136 150 19.5937
136 170 21.6986
136 174 21.0484
137 0 2.81149
137 16 2
137 50 11.963
137 86 9.57919
137 106 12.7113
137 113 3.57049
137 120 10.9008
137 122 8.30059
137 176 15.8374
137 180 14.9795
137 193 15.8887
138 0 11.2407
138 23 23.1115
138 51 2.47716
138 83 17.1336
138 97 21.0176
138 148 22.2963
138 182 8.11852
138 192 17.5053
138 198 8.26691
139 0 3.28036
139 18 15.1145
139 82 24.642
139 90 31.0272
139 95 12.891
139 102 28.9017
139 138 10.9265
140 0 9.40874
140 35 21.2144
140 55 4.16646
140 82 2.21086
140 97 5.22374
140 153 3.69294
140 156 8.93905
140 196 17.8453
141 0 6.9309
141 49 31.3664
141 80 10.0479
141 85 21.3036
141 88 5.96855
141 109 5.73057
141 120 17.9092
141 148 4.79695
141 180 7.48209
142 0 15.3569
142 44 4.20459
142 50 12.8281
142 68 8.915
142 69 25.4186
142 95 17.351
142 96 18.3399
142 120 12.0193
142 187 12.3349
143 0 10.1654
143 1 19.8831
143 17 28.5647
143 29 12.2836
143 81 13.0607
143 120 7.62943
143 121 14.3179
143 148 2.30913
143 176 7.71379
144 0 127.705
144 17 22.1426
144 103 88.5013
145 0 20.3971
145 16 6.13445
145 102 25.477
145 122 11.3758
145 156 35.0636
145 182 13.2347
146 0 18.2873
146 102 12.4397
146 167 21.4041
146 170 34.607
146 175 3.68873
146 183 5.96449
146 188 25.1849
147 0 6.06731
147 43 32.1869
147 44 42.1805
147 120 45.9139
147 148 32.3079
147 182 2.57577
148 0 2.01716
148 23 21.3555
148 61 2.9701
148 88 21.0874
148 99 22.0567
148 135 29.6209
149 0 4.0176
149 12 6.47087
149 45 15.9583
149 50 11.6836
149 81 20.7716
149 85 20.4861
149 99 3.38459
149 121 10.1722
149 132 2
149 153 11.7421
149 169 6.46753
149 191 16.4935
150 0 10.5672
150 61 16.0827
150 85 23.8225
150 120 2.96493
150 163 13.8601
150 170 5.72465
150 173 24.6904
150 185 13.9389
150 192 4.23737
151 0 13.2388
151 3 7.58214
151 7 22.3051
151 23 14.8669
151 53 7.04598
151 69 4.88023
151 90 8.26675
151 132 2.48578
151 161 14.7563
151 170 14.6567
152 0 22.6826
152 17 8.31389
152 28 9.02007
152 45 4.0552
152 51 2.54977
152 56 12.2148
152 110 9.74912
152 121 2.17549
152 126 11.9988
152 135 10.9564
152 148 10.6959
152 191 15.0171
153 0 23.2623
153 23 27.5155
153 34 2.80061
153 93 31.3654
153 113 18.9579
153 120 8.08795
153 173 22.6759
154 0 11.8751
154 1 6.90531
154 21 5.6437
154 76 5.75944
154 85 13.5527
154 93 2.60182
154 94 4.38445
154 115 9.57249
154 126 8.01674
154 130 2
154 174 15.1217
154 180 12.4384
154 183 11.5378
154 194 15.1665
155 0 21.82
155 28 21.7973
155 43 26.5684
155 72 17.3591
155 132 10.275
155 159 26.7481
155 183 4.63884
155 188 2.61546
156 0 4.86808
156 22 9.61133
156 23 17.3653
156 28 19.153
156 43 18.8259
156 67 11.3935
156 90 7.96038
156 99 7.76705
156 121 14.9075
156 122 15.0904
156 156 3.75493
156 182 7.14304
156 192 4.3971
157 0 40.099
157 17 18.2159
157 43 5.03067
157 81 14.7354
157 170 40.1958
157 182 2.09321
158 0 32.8843
158 28 24.1722
158 47 33.4991
158 69 34.7806
158 170 26.1018
158 182 12.4835
159 0 5.96402
159 19 7.43234
159 23 13.972
159 85 13.3932
159 103 2.85306
159 136 13.2865
159 145 16.0431
159 153 12.865
159 158 6.56717
159 187 17.2267
160 0 28.026
160 69 2.95747
160 71 17.9744
160 82 5.93233
160 107 12.8059
160 110 11.4919
160 180 34.496
161 0 7.08738
161 14 10.7198
161 55 2
161 66 22.3879
161 95 2
161 121 26.3865
161 150 3.43345
161 161 6.98452
161 174 15.4028
161 180 18.3054
162 0 22.425
162 5 10.2032
162 43 22.5581
162 44 20.5898
162 120 3.64188
162 150 14.7955
162 153 3.73379
162 159 14.9252
162 164 16.7133
162 169 2
163 0 16.8774
163 47 24.8699
163 65 10.9702
163 85 19.2534
163 132 28.8399
163 170 13.6083
163 190 36.4572
164 0 2.54338
164 27 14.2789
164 45 20.1855
164 146 3.27078
164 158 33.5125
164 176 21.1187
164 182 3.69435
164 183 18.0622
164 196 11.8026
165 0 2
165 3 11.7483
165 12 2
165 18 11.5899
165 50 20.7408
165 60 29.3708
165 102 8.82617
165 113 19.9588
165 197 16.954
166 0 16.7117
166 13 7.07856
166 61 12.5693
166 65 13.3489
166 80 4.2968
166 95 2.05351
166 104 2.58457
166 105 4.02481
166 113 2.03768
166 124 21.2927
166 146 19.1983
166 182 5.56633
167 0 3.94826
167 50 10.1504
167 72 17.3359
167 91 12.423
167 115 4.77969
167 116 2
167 132 16.1257
167 134 9.61732
167 145 17.0569
167 148 12.8728
167 156 6.58857
168 0 9.74307
168 23 7.27819
168 31 22.9051
168 41 2
168 89 5.65981
168 136 2
168 144 4.10475
168 169 23.0958
168 183 13.1861
169 0 17.7555
169 37 2.88181
169 42 2.17088
169 44 12.5212
169 99 8.10038
169 120 15.2465
169 153 7.86625
169 176 24.1671
170 0 9.52043
170 52 2
170 89 5.8305
170 93 16.6007
170 106 2
170 120 21.228
170 136 16.1587
170 166 2.76745
170 170 13.7146
171 0 7.26858
171 17 6.59408
171 19 3.23123
171 22 4.6429
171 43 6.00119
171 62 10.4344
171 82 4.99778
171 88 12.7782
171 92 10.8666
171 102 13.786
171 113 14.4189
171 161 11.7457
171 166 14.749
172 0 3.72895
172 23 6.30084
172 43 12.5968
172 85 4.75309
172 121 19.918
172 134 15.5635
172 148 9.7362
172 173 14.5588
172 182 19.5957
173 0 13.1794
173 28 29.0136
173 41 15.7039
173 54 42.0758
173 80 16.6481
173 91 3.00776
173 120 14.7528
173 180 10.7589
174 0 2.0315
174 41 14.051
174 43 13.6907
174 51 8.57483
174 83 17.1602
174 89 8.20705
174 90 22.4332
174 93 15.7461
174 120 2
174 159 12.6696
174 174 2.56305
175 0 8.03688
175 7 2
175 13 15.7167
175 17 10.6541
175 19 5.43451
175 32 8.72747
175 66 9.34286
175 69 12.1119
175 80 11.0679
175 94 12.6955
175 128 16.5325
175 146 2
175 153 8.45387
175 158 10.2191
176 0 40.4901
176 14 42.3244
176 17 10.0272
176 50 53.4314
176 110 2
177 0 6.6604
177 43 7.11528
177 60 10.8656
177 99 5.80318
177 103 5.65119
177 117 7.11645
177 126 4.01969
177 153 3.29214
177 156 5.4199
177 176 5.03861
177 178 8.30325
177 179 7.60299
177 180 10.6531
177 182 18.038
177 189 6.38005
178 0 4.86228
178 19 9.01523
178 23 2
178 43 21.3575
178 56 2
178 69 10.4646
178 92 15.4121
178 120 3.30802
178 128 10.0441
178 156 20.4
179 0 16.3989
179 16 27.3867
179 124 29.899
179 150 23.443
179 173 2.61782
179 198 2.10421
180 0 11.9972
180 51 8.20919
180 126 15.562
180 136 6.62021
180 140 4.01768
180 147 23.3233
180 166 13.2313
180 169 2.96582
180 170 4.5965
180 176 9.42837
180 199 21.3603
181 0 14.1984
181 13 18.0213
181 57 17.7572
181 69 2
181 90 2
181 103 5.75538
181 120 3.91557
181 153 19.7222
181 161 31.0139
181 174 10.0566
182 0 10.8997
182 3 2
182 43 17.0082
182 85 2
182 102 3.31762
182 109 18.8667
182 120 7.70707
182 124 5.64677
182 150 19.2835
182 188 2
183 0 11.2737
183 13 13.4987
183 21 5.28925
183 42 19.9264
183 89 2.09953
183 107 3.24565
183 113 2.51701
183 115 19.7238
183 170 3.77376
184 0 12.5049
184 18 7.96105
184 20 14.8911
184 89 19.5785
184 102 14.6236
184 133 8.24987
184 145 18.7823
184 146 2
184 163 7.69953
185 0 12.7575
185 18 13.6707
185 29 10.0163
185 72 6.75345
185 90 4.43715
185 97 9.23346
185 102 21.0513
185 120 13.3317
185 122 16.0283
185 174 12.4469
185 191 25.5653
186 0 2
186 21 17.8182
186 41 9.74443
186 71 5.36396
186 80 12.3425
186 93 16.7296
186 102 19.3109
186 120 14.5193
186 125 18.5664
186 132 5.21091
186 176 2
187 0 15.5862
187 83 23.0999
187 99 33.4889
187 109 6.99046
187 120 12.1947
187 170 17.6197
187 183 3.82928
188 0 2
188 13 4.85181
188 21 6.03491
188 32 4.54677
188 90 19.4068
188 93 14.7776
188 95 15.2568
188 145 7.71727
188 153 5.2077
188 161 15.3101
188 165 19.9929
188 192 22.8936
189 0 26.3994
189 17 2
189 38 10.1689
189 43 4.68749
189 60 16.6438
189 67 14.3798
189 85 6.93826
189 90 16.7717
189 156 2.04567
189 181 4.56569
189 187 12.1983
190 0 3.31598
190 102 9.75404
190 109 7.35113
190 120 10.864
190 170 27.261
190 174 10.3573
190 176 10.115
190 180 13.5746
190 187 24.5803
190 197 13.5311
191 0 15.4732
191 1 4.92201
191 20 14.4667
191 21 17.1444
191 43 7.97792
191 120 9.6433
191 122 21.3065
191 132 22.4171
191 136 8.38774
191 166 6.36921
191 186 14.5327
192 0 19.4018
192 13 9.8662
192 18 16.1819
192 26 7.09437
192 28 8.90735
192 110 14.3954
192 120 9.26141
192 143 22.0396
192 150 2.32582
192 166 11.7112
192 182 9.06998
193 0 6.82381
193 1 8.28903
193 17 28.3454
193 28 23.0608
193 55 17.6596
193 102 14.1162
193 115 14.5492
193 194 7.62603
194 0 4.6175
194 13 2.02099
194 50 9.08396
194 61 15.6246
194 78 2.75251
194 81 12.7682
194 125 7.96373
194 153 17.8932
194 170 14.7854
194 182 22.3071
195 0 6.09891
195 19 16.7261
195 67 9.75045
195 93 3.01195
195 115 8.97733
195 120 13.4352
195 122 12.4057
195 143 33.6393
195 145 25.3285
196 0 13.479
196 19 7.64117
196 25 2.63574
196 43 15.0438
196 47 4.51475
196 80 12.874
196 95 4.65217
196 109 28.5307
196 120 2
196 166 14.0416
197 0 10.8673
197 40 2
197 48 8.4328
197 66 2.93994
197 102 6.71289
197 167 13.7049
197 183 25.5347
197 190 3.02085
198 0 21.8289
198 44 2
198 45 17.5442
198 85 5.339
198 86 20.4288
198 120 12.6154
198 126 21.4783
198 162 2
198 166 5.15677
198 173 3.66842
198 182 19.179
199 0 10.4343
199 28 12.9629
199 51 13.8881
199 80 19.133
199 90 8.14143
199 102 11.434
199 111 6.08561
199 153 12.3781
199 166 7.13798
199 170 2.03731
199 192 4.94221
