100 100 800
1
1
1
1
1
1
1
1
1
1
1
1
1
1
1
1
1
1
1
1
1
1
1
1
1
1
1
1
1
1
1
1
1
1
1
1
1
1
1
1
1
1
1
1
1
1
1
1
1
1
1
1
1
1
1
1
1
1
1
1
1
1
1
1
1
1
1
1
1
1
1
1
1
1
1
1
1
1
1
1
1
1
1
1
1
1
1
1
1
1
1
1
1
1
1
1
1
1
1
1
0 0 2
0 8 8.85401
0 27 7.63962
0 31 9.99773
0 34 10.6541
0 61 16.6983
0 73 21.9423
0 82 23.6545
0 83 5.36288
0 94 15.5286
1 0 12.253
1 7 13.4369
1 8 3.84544
1 34 34.3244
1 47 13.9734
1 50 11.6217
1 63 5.56781
1 76 8.19488
1 82 2
1 93 2.00858
2 0 7.29485
2 8 5.30895
2 25 6.18482
2 30 33.2355
2 38 35.2657
2 43 3.4322
2 73 17.3274
2 96 27.7424
3 0 12.1698
3 12 18.731
3 29 6.63416
3 46 19.9414
3 50 17.4382
3 57 12.6882
3 73 18.7039
4 0 24.3896
4 7 10.7575
4 14 24.0733
4 31 2.50371
4 66 21.0392
4 68 8.20876
4 78 19.5708
4 88 15.5533
4 89 9.90305
4 99 8.43797
5 0 26.0453
5 3 19.9235
5 8 28.4564
5 51 15.9326
5 56 42.8868
5 77 19.1993
5 83 2
6 0 13.3475
6 13 11.6908
6 17 4.2452
6 27 13.1792
6 38 9.64533
6 46 2
6 51 13.6519
6 60 4.79313
6 73 2
6 85 2
6 94 6.13073
7 0 21.8562
7 5 13.8463
7 8 2.15608
7 12 12.3709
7 26 20.8021
7 49 2
7 70 2.01124
7 85 9.67329
7 94 7.34801
7 99 3.51757
8 0 14.4322
8 13 13.8644
8 20 8.25878
8 30 23.9089
8 50 25.5909
8 60 26.7914
8 65 19.4227
8 94 11.3413
9 0 4.16949
9 11 18.5834
9 22 16.6164
9 23 21.7343
9 24 6.81044
9 53 13.7681
9 68 2
9 75 3.80331
9 93 13.8439
9 96 20.4645
10 0 2.08789
10 5 10.8879
10 15 18.6438
10 16 9.97005
10 32 8.76115
10 38 14.7302
10 47 3.54617
10 55 14.962
10 58 10.3227
10 74 3.91382
11 0 12.2045
11 5 7.08176
11 34 15.0988
11 38 2
11 68 9.11546
11 73 11.296
11 76 20.4368
11 88 7.08808
11 98 18.8842
12 0 16.3219
12 8 9.6975
12 24 7.38806
12 30 5.63771
12 34 14.1081
12 38 3.07015
12 51 7.8588
12 65 13.6949
12 75 2.18822
12 81 2
12 93 12.4769
13 0 3.16826
13 9 4.52549
13 32 14.174
13 38 36.4808
13 57 15.0079
13 75 4.6072
13 94 7.69016
14 0 60.7387
14 12 62.5599
14 38 61.3639
15 0 3.48096
15 12 17.1977
15 14 24.6103
15 30 9.06154
15 68 30.4497
15 74 16.0063
15 75 2
15 98 9.28976
16 0 10.4841
16 13 27.3984
16 25 12.1296
16 30 12.3289
16 32 15.9181
16 34 17.783
16 44 16.4133
16 61 13.5676
16 68 4.82842
16 94 10.4096
17 0 23.3692
17 8 3.52233
17 24 39.804
17 52 11.187
17 94 7.60543
18 0 17.2833
18 7 14.7368
18 8 13.2271
18 20 22.9783
18 52 14.8264
18 54 12.7101
18 56 7.03392
18 60 2
18 78 11.4619
19 0 2
19 14 23.9418
19 32 26.4012
19 38 22.5254
19 46 30.8162
19 58 13.4252
19 60 31.3633
19 79 22.7785
20 0 9.71131
20 14 19.7862
20 15 6.53657
20 24 32.0231
20 34 8.88308
20 43 2
20 82 4.75737
20 94 16.3644
21 0 6.71396
21 5 12.252
21 8 11.428
21 21 4.58312
21 30 10.8572
21 31 3.99298
21 39 8.89487
21 42 9.60573
21 47 6.20027
21 54 6.3557
21 66 14.6238
21 95 17.0446
22 0 2.02236
22 1 2
22 5 5.26979
22 8 8.80711
22 11 12.3684
22 33 6.29925
22 38 3.98097
22 46 2
22 51 4.30655
22 58 2.85773
22 76 10.3039
22 84 13.8195
22 96 3.17031
23 0 2
23 47 5.64163
23 48 15.2246
23 79 16.9855
23 82 26.063
23 83 5.09903
23 85 2
23 88 32.0479
24 0 19.4061
24 9 17.1852
24 16 11.0477
24 30 4.27322
24 61 7.93468
24 65 9.88235
24 68 9.97982
24 73 11.2586
24 83 2
25 0 10.2033
25 5 2.9536
25 38 11.6337
25 46 12.4652
25 47 3.50094
25 52 7.06406
25 53 8.03405
25 59 6.11508
25 76 19.5429
25 82 11.8615
25 88 13.8939
26 0 4.47714
26 6 12.6714
26 20 11.3126
26 30 12.9161
26 31 10.1763
26 32 18.4021
26 34 11.0686
26 36 2
26 38 2
26 52 9.94077
26 61 12.1084
26 89 11.0386
26 94 2
26 95 9.27346
27 0 20.0421
27 7 22.2029
27 34 22.8043
27 43 7.88344
27 50 22.1996
27 53 24.805
27 68 19.6757
27 87 2
27 96 23.2001
28 0 2.19076
28 23 2.89719
28 30 2
28 47 14.9333
28 48 2.01779
28 50 19.7631
28 54 3.03773
28 56 3.6603
28 66 11.9553
28 67 7.37
28 68 12.5459
28 83 9.98673
29 0 7.67412
29 8 3.60812
29 12 2
29 34 5.4967
29 48 8.70499
29 66 15.0152
29 78 22.2811
29 84 2
29 94 3.88727
30 0 2
30 5 2
30 8 6.53585
30 15 13.3449
30 35 2
30 38 6.67355
30 49 14.4154
30 50 20.8825
30 58 32.2965
30 83 12.3224
31 0 25.7514
31 5 6.36586
31 8 17.7171
31 30 13.6563
31 68 19.0941
31 73 14.0988
31 82 24.4698
31 94 6.57683
31 98 17.577
32 0 2
32 7 2.88905
32 8 2
32 21 5.89931
32 31 4.62451
32 53 24.6598
32 58 3.8482
32 94 8.26839
32 96 2.40105
33 0 15.6658
33 1 8.85481
33 5 2.68514
33 34 25.727
33 38 10.5291
33 43 20.8218
33 47 16.2947
33 50 6.61937
33 57 2
33 58 7.73047
33 68 9.14761
34 0 32.4942
34 31 30.1431
34 58 22.9084
34 61 22.8475
34 88 9.68052
34 91 19.3093
34 94 45.4008
35 0 17.9105
35 7 30.4398
35 30 10.6637
35 46 17.0682
35 50 13.1428
35 60 5.3339
35 77 3.86872
35 96 2
36 0 103.868
36 38 124.578
37 0 4.19951
37 1 5.81556
37 11 5.93953
37 12 13.0721
37 32 15.9144
37 47 12.9513
37 63 15.7433
37 73 12.6576
37 76 18.1423
37 84 15.1644
37 93 12.0153
37 95 9.89416
37 96 7.43875
38 0 7.3614
38 8 14.9599
38 23 25.4872
38 30 21.0244
38 43 16.22
38 84 10.9915
38 94 15.7801
38 96 3.67305
39 0 72.1493
39 55 45.6129
39 58 6.0649
39 94 56.4009
40 0 17.9112
40 17 11.5266
40 26 2
40 41 6.88875
40 45 2
40 50 18.4651
40 58 18.2071
41 0 24.6783
41 8 19.5257
41 21 7.40928
41 23 8.31524
41 38 21.6958
41 47 3.35937
41 89 21.7576
42 0 3.45176
42 8 22.235
42 24 9.49516
42 45 12.659
42 46 13.7677
42 76 19.157
42 94 20.8013
43 0 21.1409
43 12 7.26846
43 38 26.0706
43 51 3.89509
43 53 18.8184
43 61 4.33595
43 93 6.05274
44 0 5.10051
44 4 8.1017
44 8 12.6183
44 26 9.66914
44 35 6.13481
44 38 3.20216
44 46 17.0498
44 63 18.896
44 67 11.4042
44 68 8.99732
44 73 12.4032
44 78 14.2784
44 85 8.1418
44 88 3.2933
45 0 13.1011
45 8 14.8666
45 30 2.07064
45 47 13.4596
45 54 2
45 61 6.73024
45 68 4.60197
45 73 7.9069
45 78 9.75868
45 81 4.92906
45 83 7.3884
45 88 8.40694
45 98 12.4856
46 0 8.51014
46 8 21.4135
46 20 6.40733
46 31 33.7602
46 39 13.6655
46 64 7.16723
46 98 14.8932
46 99 6.77425
47 0 15.8591
47 8 7.85526
47 15 12.1231
47 20 27.2028
47 50 25.4921
47 65 3.54957
47 78 8.93969
47 89 7.81281
48 0 8.08623
48 13 26.6638
48 15 10.8217
48 17 10.2225
48 46 27.5955
48 52 28.5099
48 56 30.2031
48 58 17.8747
49 0 32.3722
49 8 7.37631
49 35 27.4698
49 38 9.19618
49 39 20.5633
49 46 12.1073
49 94 12.9999
50 0 22.1191
50 35 42.1003
50 38 10.3695
50 58 18.2098
50 73 21.073
50 94 27.655
51 0 33.1488
51 5 5.46777
51 7 23.5252
51 12 16.1497
51 25 4.91255
51 38 14.124
51 42 21.1068
51 63 13.0601
51 94 15.656
52 0 2
52 8 28.8989
52 13 17.4248
52 14 14.1951
52 35 10.7096
52 39 3.02396
52 49 12.7322
52 50 14.1401
52 58 3.06572
52 60 7.00298
52 90 9.16622
53 0 6.33111
53 8 10.4445
53 19 14.3764
53 30 18.4132
53 34 9.34022
53 56 9.32664
53 68 13.1988
53 74 16.1551
53 82 14.9527
53 87 6.81563
53 96 10.9507
54 0 8.88085
54 26 13.7138
54 31 2.51121
54 38 13.6835
54 46 6.15709
54 50 4.35645
54 54 9.19613
54 58 19.205
54 68 2.90933
54 74 23.5349
54 76 7.83678
55 0 13.6338
55 16 12.1468
55 17 14.4123
55 22 12.3752
55 24 11.277
55 34 2
55 55 2
55 58 5.0005
55 73 14.3219
55 76 2.33621
55 78 9.27839
55 92 3.4989
55 94 17.5814
56 0 16.1411
56 7 6.37107
56 10 11.0197
56 32 7.85116
56 35 11.372
56 38 10.9814
56 50 2
56 65 24.3931
56 94 6.46925
57 0 2
57 9 3.73821
57 26 15.9534
57 34 8.0223
57 40 6.69096
57 45 10.0047
57 51 7.98173
57 60 2
57 83 16.633
58 0 6.31387
58 38 32.9731
58 47 10.0268
58 58 14.5326
58 65 18.3328
58 68 26.8911
59 0 65.0363
59 15 7.85834
59 25 59.461
59 34 62.2087
60 0 14.9707
60 12 22.5694
60 33 6.83355
60 44 12.5308
60 52 4.10705
60 63 11.7475
60 65 4.39672
60 76 14.8895
60 78 26.8561
60 91 20.5101
61 0 2.61166
61 7 20.8448
61 8 9.14986
61 38 2.59654
61 46 9.38708
61 58 18.91
61 76 9.29166
61 77 6.47073
61 87 13.5291
61 88 4.58295
62 0 2
62 5 3.18697
62 30 11.8765
62 43 6.78751
62 60 13.9955
62 70 2
62 75 5.14121
62 76 2.46158
62 82 12.9691
62 88 2
63 0 10.1669
63 8 6.79032
63 20 19.1417
63 23 16.26
63 31 23.375
63 46 9.75232
63 50 8.71701
63 58 16.2229
63 65 10.552
63 82 9.74158
63 88 10.0105
64 0 8.80564
64 12 15.4429
64 16 2
64 19 17.5934
64 38 8.92366
64 50 2.13443
64 57 5.85787
64 67 15.5009
64 73 11.5792
64 78 9.55244
64 94 13.0154
64 98 10.4467
65 0 54.3899
65 22 45.0143
65 46 26.9568
65 51 18.2101
65 65 63.2363
66 0 2.39327
66 11 14.9637
66 17 13.1737
66 24 2
66 30 14.6871
66 35 7.43167
66 38 7.93335
66 50 5.84782
66 51 5.13713
66 57 13.884
66 78 5.22456
66 98 9.17032
67 0 7.63132
67 12 19.2769
67 21 10.3428
67 31 5.67248
67 46 13.8529
67 53 7.61974
67 56 4.29917
67 60 17.0348
67 70 18.0924
67 88 21.3919
67 89 22.267
67 91 2
68 0 14.9601
68 4 19.0723
68 5 4.08885
68 8 18.6453
68 9 17.9433
68 30 20.2021
68 31 7.91579
68 38 24.9261
68 48 17.6115
68 67 19.0294
68 68 2
69 0 8.35897
69 20 13.9348
69 24 37.343
69 31 39.1503
69 65 18.5708
69 68 2
69 70 21.7778
69 88 26.799
70 0 10.5768
70 8 2
70 49 14.9465
70 54 16.5839
70 55 7.3913
70 83 33.3738
70 85 8.939
70 93 7.33137
71 0 2
71 30 2
71 35 9.44846
71 38 2
71 50 8.65728
71 52 11.7581
71 53 15.0137
71 58 3.00958
71 66 3.73689
71 76 5.75763
71 79 8.43279
71 87 22.0029
71 89 2
71 96 8.77545
72 0 7.98743
72 35 13.2061
72 38 36.1204
72 68 30.5635
72 99 17.7327
73 0 2
73 8 22.9413
73 24 20.4353
73 30 20.9409
73 31 24.6797
73 46 17.437
73 68 10.1225
73 76 17.7937
74 0 11.2735
74 8 12.1313
74 19 9.29181
74 20 13.5667
74 35 25.1818
74 58 13.6568
74 98 10.6633
75 0 4.12364
75 6 12.6155
75 34 13.2544
75 67 20.5295
75 68 8.12737
75 88 6.55721
75 94 21.3643
76 0 13.1634
76 21 6.93814
76 31 12.3033
76 38 7.30348
76 47 7.7515
76 50 10.0067
76 57 10.9613
76 64 19.4689
76 68 20.1145
76 78 18.1159
76 88 15.3784
77 0 14.5158
77 7 8.11298
77 20 23.7079
77 32 14.1491
77 43 3.40774
77 57 13.7884
77 73 12.88
78 0 6.05023
78 12 18.7195
78 21 33.6909
78 47 13.2837
78 58 19.9546
78 66 4.05171
78 73 24.2626
78 94 9.53793
79 0 22.7471
79 4 6.363
79 8 26.1265
79 29 2
79 46 20.5071
79 78 15.5616
79 83 16.0058
80 0 10.4072
80 11 12.6205
80 29 12.183
80 38 8.63308
80 61 26.3873
80 94 4.72368
81 0 4.23895
81 5 20.0423
81 22 24.1503
81 49 16.3354
81 59 19.3054
81 78 17.5454
81 80 22.2245
82 0 4.9117
82 21 40.6935
82 26 23.9304
82 35 27.3538
82 76 27.9307
82 78 4.48371
82 92 18.0207
83 0 11.1975
83 8 15.1683
83 12 9.82208
83 15 6.98948
83 26 2.04569
83 30 8.74779
83 38 9.49227
83 48 2
83 56 3.83418
83 78 10.9162
83 80 8.60616
83 82 14.7628
83 88 5.48014
83 96 2
84 0 15.096
84 8 18.8186
84 14 7.45615
84 32 3.74753
84 34 13.9315
84 46 7.82534
84 50 11.9398
84 54 23.027
84 73 10.6917
84 76 2
84 85 6.48131
84 98 2
85 0 14.4515
85 11 2
85 15 2
85 23 4.15768
85 35 28.9698
85 38 23.3855
85 57 8.19422
85 68 9.00526
86 0 26.5848
86 43 56.5654
86 66 7.75794
86 70 59.6971
86 88 45.6207
87 0 37.9599
87 38 10.2832
87 56 41.6286
87 76 31.7357
87 99 33.8341
88 0 8.56869
88 8 5.07319
88 19 23.3955
88 24 19.7188
88 34 2.58377
88 38 10.0684
88 50 16.659
88 54 10.7854
88 83 8.93298
88 93 11.7032
88 96 2
89 0 5.15655
89 16 2
89 24 13.7744
89 34 15.2235
89 38 35.2415
89 58 10.6018
89 75 2
90 0 18.1664
90 10 3.62373
90 16 31.4152
90 47 18.8742
90 53 5.85298
90 73 15.4873
90 76 26.8709
91 0 14.0157
91 52 3.03474
91 54 2.901
91 55 6.15653
91 91 15.0849
91 99 5.42783
92 0 27.0616
92 1 13.2762
92 21 12.7489
92 38 13.6269
92 60 26.0571
92 97 18.7919
92 98 41.7216
93 0 2.93406
93 16 12.9294
93 17 22.1016
93 34 10.0744
93 38 4.19048
93 51 9.70646
93 53 15.9859
93 88 6.41437
94 0 5.10921
94 12 18.5219
94 61 31.4558
94 63 11.0004
94 78 6.36977
94 80 18.5702
94 82 14.7176
94 88 14.7363
94 94 18.4675
95 0 12.3734
95 8 2.06273
95 19 30.0622
95 30 6.78795
95 38 2.92139
95 68 7.51487
95 79 6.23461
95 90 22.182
95 94 19.3886
96 0 11.367
96 6 24.2741
96 8 44.0571
96 29 33.2116
96 33 12.2698
96 51 21.7178
97 0 21.7101
97 8 6.66168
97 23 6.97253
97 61 21.8936
97 73 2
97 78 7.12939
97 87 16.7437
97 93 8.03407
97 94 2.03871
97 98 14.5734
98 0 12.6886
98 16 8.33027
98 31 11.6175
98 38 22.526
98 47 23.4024
98 76 29.884
98 94 11.1514
99 0 12.3771
99 17 39.5515
99 50 3.29485
99 51 7.15704
99 58 10.2006
99 68 16.8053
99 76 27.2268
