50 50 607
1
1
1
1
1
1
1
1
1
1
1
1
1
1
1
1
1
1
1
1
1
1
1
1
1
1
1
1
1
1
1
1
1
1
1
1
1
1
1
1
1
1
1
1
1
1
1
1
1
1
0 2 87.2555
0 3 50.3677
0 15 29.9118
0 17 140.567
0 21 60.2682
0 22 8.38814
0 24 125.241
0 27 4.88972
0 30 39.7897
0 33 20.1502
0 34 101.894
0 35 9.04476
0 48 38.7319
1 2 77.1336
1 15 31.5118
1 17 117.934
1 20 36.7178
1 24 82.7963
1 27 6.8209
1 31 37.781
1 33 36.4875
1 39 21.1239
1 47 67.2567
1 48 60.4172
1 49 77.8915
2 5 56.8148
2 6 88.5744
2 10 26.1728
2 18 24.0004
2 28 48.4387
2 32 38.6798
2 42 33.8103
2 43 47.6743
2 44 27.8478
2 45 60.8066
2 46 92.6371
3 8 43.9253
3 10 30.1369
3 28 37.422
3 29 87.6039
3 37 72.7331
3 38 49.5207
3 44 46.5794
3 45 61.9083
4 2 116.874
4 3 53.7023
4 15 42.5896
4 17 132.974
4 21 41.9493
4 22 12.7701
4 24 92.2251
4 27 7.03026
4 30 42.0391
4 33 29.8576
4 34 70.0881
4 35 16.329
4 48 84.9692
5 5 50.6422
5 6 94.3423
5 10 18.1388
5 18 18.1599
5 28 36.4302
5 32 35.1074
5 42 54.3451
5 43 55.7786
5 44 55.5425
5 45 51.1772
5 46 76.4331
6 5 55.4707
6 6 99.1414
6 8 46.3754
6 10 23.1805
6 16 39.1012
6 25 107.091
6 28 49.0223
6 32 40.5448
6 37 60.3912
6 43 30.2933
7 2 69.2322
7 15 31.8563
7 17 120.252
7 20 53.5327
7 24 75.0144
7 27 6.25859
7 31 42.8102
7 33 30.403
7 39 25.9253
7 47 61.0894
7 48 61.2241
7 49 104.355
8 4 92.1873
8 12 101.967
8 18 21.784
8 29 66.6069
8 36 74.1437
8 38 46.1939
8 41 92.571
8 42 61.0208
8 44 46.8724
8 45 49.0127
8 46 66.962
9 4 52.4494
9 8 24.3733
9 12 92.8711
9 16 59.0346
9 25 86.6489
9 29 49.4998
9 36 99.6264
9 37 59.0554
9 38 69.978
9 41 76.5339
10 2 94.6629
10 3 51.1077
10 15 29.1382
10 17 79.9763
10 21 54.1021
10 22 9.38613
10 24 95.3264
10 27 6.79818
10 30 37.152
10 33 21.5167
10 34 74.9158
10 35 9.49454
10 48 57.9259
11 4 111.371
11 5 55.8165
11 6 68.4346
11 12 100.179
11 16 60.6161
11 18 18.7845
11 25 50.7813
11 32 46.4625
11 36 59.9192
11 41 91.444
11 42 54.2913
11 43 42.5131
11 46 95.1616
12 0 53.6752
12 1 77.9193
12 3 42.6428
12 7 36.0673
12 9 77.1717
12 11 40.0098
12 13 40.3764
12 14 109.692
12 19 69.8466
12 21 69.5931
12 22 16.342
12 23 63.7514
12 26 128.798
12 30 53.4653
12 34 79.8332
12 35 12.7661
12 40 55.9346
13 8 67.331
13 10 23.311
13 28 55.4953
13 29 68.4706
13 37 34.6698
13 38 68.8522
13 44 35.4972
13 45 50.1136
14 2 65.889
14 15 35.473
14 17 97.3309
14 20 54.1004
14 24 96.1876
14 27 3.41834
14 31 28.4689
14 33 51.4877
14 39 13.0104
14 47 87.1858
14 48 49.0577
14 49 102.473
15 2 64.6172
15 11 23.4041
15 13 67.8701
15 14 74.2849
15 15 30.0974
15 19 51.2053
15 20 40.6076
15 22 14.6434
15 23 55.8573
15 26 70.1117
15 27 8.92105
15 31 45.8932
15 33 32.9607
15 34 71.6113
15 48 51.7457
16 0 38.5037
16 1 72.5617
16 7 47.262
16 9 102.262
16 11 39.6385
16 13 61.3035
16 14 133.53
16 19 85.5011
16 20 70.2573
16 23 62.0798
16 26 97.7261
16 31 39.8112
16 39 22.3811
16 40 53.2488
16 47 79.2343
16 49 96.2047
17 0 71.715
17 1 73.7395
17 7 41.4042
17 9 43.4178
17 11 36.9335
17 13 38.8563
17 14 101.157
17 19 49.0845
17 20 50.9087
17 23 67.4208
17 26 98.1846
17 31 40.9809
17 39 26.9016
17 40 53.364
17 47 100.608
17 49 104.927
18 4 87.1732
18 12 92.4732
18 18 20.0805
18 29 74.9159
18 36 73.1335
18 38 49.5007
18 41 79.0906
18 42 55.9734
18 44 34.9308
18 45 62.5423
18 46 105.305
19 5 56.5281
19 6 114.433
19 8 59.0494
19 10 14.7484
19 16 79.7171
19 25 73.522
19 28 34.6241
19 32 30.9584
19 37 51.0586
19 43 42.7649
20 0 103.375
20 1 63.2509
20 3 27.6411
20 7 49.2887
20 9 53.6181
20 17 88.648
20 21 58.3175
20 24 69.0644
20 30 51.5592
20 35 17.305
20 39 28.9461
20 40 35.4731
20 47 113.275
20 49 87.8138
21 4 65.5277
21 5 44.793
21 6 72.2265
21 12 83.3739
21 16 45.7951
21 18 30.3556
21 25 73.8855
21 32 49.0521
21 36 57.3566
21 41 86.2798
21 42 75.8572
21 43 39.481
21 46 104.371
22 4 82.9468
22 5 47.6523
22 6 74.6101
22 12 102.965
22 16 72.233
22 18 15.6526
22 25 87.92
22 32 37.7931
22 36 95.6905
22 41 112.339
22 42 48.9329
22 43 42.8475
22 46 85.8048
23 4 81.7793
23 5 45.5646
23 6 65.1838
23 12 106.115
23 16 81.1345
23 18 20.091
23 25 83.56
23 32 44.779
23 36 79.9758
23 41 96.8187
23 42 72.4424
23 43 49.3532
23 46 77.9033
24 5 37.4636
24 6 92.315
24 10 21.8243
24 18 21.9266
24 28 45.8487
24 32 25.3126
24 42 34.7524
24 43 40.5926
24 44 38.1655
24 45 58.0627
24 46 29.8
25 4 56.0297
25 12 109.974
25 18 18.8924
25 29 59.907
25 36 85.5958
25 38 44.8454
25 41 73.5501
25 42 75.2738
25 44 45.8723
25 45 51.3745
25 46 107.952
26 4 97.6521
26 12 109.045
26 18 15.0415
26 29 94.7068
26 36 74.7105
26 38 37.6468
26 41 92.7717
26 42 52.1384
26 44 46.9623
26 45 82.7398
26 46 78.6163
27 5 61.2436
27 6 93.4278
27 10 16.0453
27 18 18.1279
27 28 71.3787
27 32 30.4165
27 42 88.3724
27 43 44.0943
27 44 43.3847
27 45 45.0319
27 46 43.16
28 0 87.9922
28 1 82.731
28 3 58.5083
28 7 50.0249
28 9 64.1074
28 17 116.915
28 21 38.1306
28 24 82.4356
28 30 46.6767
28 35 14.4128
28 39 18.4192
28 40 48.61
28 47 77.6993
28 49 119.197
29 5 54.5754
29 6 58.4146
29 8 59.95
29 10 16.9962
29 16 66.66
29 25 131.587
29 28 64.3966
29 32 32.3185
29 37 69.755
29 43 50.674
30 4 92.5201
30 8 56.4124
30 12 69.5097
30 16 40.6883
30 25 107.001
30 29 65.2459
30 36 96.875
30 37 71.1209
30 38 57.8516
30 41 83.3699
31 4 91.7672
31 5 37.9219
31 6 81.9492
31 12 94.5884
31 16 47.6143
31 18 27.4864
31 25 85.606
31 32 37.6287
31 36 78.9243
31 41 90.9539
31 42 47.4477
31 43 65.8543
31 46 56.6114
32 0 61.5917
32 1 65.644
32 3 53.6264
32 7 26.8939
32 9 100.62
32 11 47.0715
32 13 82.1622
32 14 113.561
32 19 64.074
32 21 53.8203
32 22 14.9135
32 23 66.724
32 26 124.614
32 30 52.0838
32 34 87.8402
32 35 16.0926
32 40 50.5415
33 0 86.0247
33 1 65.181
33 3 45.181
33 7 51.5986
33 9 108.343
33 11 52.8996
33 13 58.9599
33 14 118.691
33 19 72.0743
33 21 42.9661
33 22 17.6731
33 23 70.0568
33 26 78.6804
33 30 73.1399
33 34 77.5286
33 35 12.0214
33 40 45.9186
34 2 50.1335
34 3 40.1022
34 15 30.8673
34 17 117.428
34 21 55.9379
34 22 13.0117
34 24 104.067
34 27 6.52246
34 30 61.8966
34 33 40.5438
34 34 72.3582
34 35 7.5701
34 48 41.9119
35 4 85.1697
35 8 43.6756
35 12 111.439
35 16 35.6834
35 25 64.9113
35 29 71.8818
35 36 49.2387
35 37 67.5426
35 38 42.7337
35 41 91.0158
36 4 96.6105
36 5 48.1058
36 6 92.0473
36 12 103.821
36 16 57.0354
36 18 14.784
36 25 131.628
36 32 43.9146
36 36 70.1722
36 41 66.6842
36 42 26.8648
36 43 43.6748
36 46 64.2719
37 5 46.0221
37 6 57.1692
37 8 49.8201
37 10 20.2273
37 16 68.9046
37 25 80.6433
37 28 58.6244
37 32 45.9726
37 37 73.8046
37 43 37.3981
38 2 72.8518
38 3 42.0494
38 15 33.3732
38 17 133.325
38 21 55.6752
38 22 9.16515
38 24 93.4088
38 27 4.42781
38 30 32.9746
38 33 25.8879
38 34 63.4084
38 35 16.6645
38 48 56.8226
39 4 79.6981
39 12 80.402
39 18 15.9589
39 29 67.5774
39 36 98.9935
39 38 30.8838
39 41 54.5886
39 42 81.0066
39 44 43.4342
39 45 44.8505
39 46 91.7612
40 8 39.4692
40 10 21.6093
40 28 48.6615
40 29 65.628
40 37 71.396
40 38 63.9376
40 44 44.6252
40 45 54.8605
41 4 83.9649
41 5 49.9035
41 6 100.183
41 12 112.275
41 16 49.1769
41 18 16.5346
41 25 94.0962
41 32 40.2079
41 36 73.6104
41 41 56.4626
41 42 16.438
41 43 41.2881
41 46 94.9733
42 4 89.2677
42 8 44.1592
42 12 111.539
42 16 53.1207
42 25 82.6022
42 29 71.6833
42 36 71.3573
42 37 72.7776
42 38 76.0473
42 41 58.1284
43 5 65.5762
43 6 83.071
43 10 16.5828
43 18 29.9711
43 28 34.1518
43 32 41.2799
43 42 86.5126
43 43 58.3251
43 44 44.5217
43 45 59.3405
43 46 76.0894
44 2 74.6753
44 11 13.5948
44 13 64.8419
44 14 116.442
44 15 35.7153
44 19 56.7277
44 20 51.3227
44 22 12.0885
44 23 40.5259
44 26 92.9456
44 27 5.02416
44 31 52.1832
44 33 40.8484
44 34 49.1272
44 48 43.7395
45 0 74.615
45 1 81.5063
45 7 45.5145
45 9 50.6833
45 11 57.943
45 13 74.9501
45 14 161.995
45 19 76.174
45 20 46.2992
45 23 81.6105
45 26 96.686
45 31 28.9515
45 39 18.5684
45 40 49.8245
45 47 67.0176
45 49 101.355
46 2 64.3305
46 3 34.843
46 15 38.8237
46 17 116.681
46 21 64.5738
46 22 12.2322
46 24 55.6887
46 27 5.1157
46 30 42.7046
46 33 33.8615
46 34 56.678
46 35 22.5784
46 48 58.1888
47 2 95.5259
47 11 32.5177
47 13 43.76
47 14 135.976
47 15 26.4059
47 19 37.5763
47 20 38.6825
47 22 16.1113
47 23 48.3869
47 26 79.9803
47 27 5.35096
47 31 36.2256
47 33 34.1516
47 34 127.892
47 48 58.528
48 8 57.0927
48 10 11.8288
48 28 48.5193
48 29 70.5235
48 37 84.4123
48 38 77.1979
48 44 52.2196
48 45 52.4591
49 8 47.1307
49 10 24.9986
49 28 66.3136
49 29 73.129
49 37 60.489
49 38 52.4613
49 44 25.1334
49 45 61.8083
