150 150 5651
1
1
1
1
1
1
1
1
1
1
1
1
1
1
1
1
1
1
1
1
1
1
1
1
1
1
1
1
1
1
1
1
1
1
1
1
1
1
1
1
1
1
1
1
1
1
1
1
1
1
1
1
1
1
1
1
1
1
1
1
1
1
1
1
1
1
1
1
1
1
1
1
1
1
1
1
1
1
1
1
1
1
1
1
1
1
1
1
1
1
1
1
1
1
1
1
1
1
1
1
1
1
1
1
1
1
1
1
1
1
1
1
1
1
1
1
1
1
1
1
1
1
1
1
1
1
1
1
1
1
1
1
1
1
1
1
1
1
1
1
1
1
1
1
1
1
1
1
1
1
0 10 19.5179
0 11 90.4444
0 12 87.9279
0 15 51.8476
0 17 41.983
0 22 108.559
0 24 22.6143
0 25 95.7376
0 46 46.359
0 47 62.6412
0 50 23.2644
0 60 13.6236
0 66 101.847
0 76 21.3388
0 77 12.4755
0 78 26.3545
0 84 73.3675
0 85 114.017
0 88 38.6778
0 89 105.519
0 90 7.96636
0 92 38.9146
0 93 3.65671
0 97 48.7991
0 99 20.9533
0 102 64.5378
0 104 49.9523
0 105 47.2637
0 106 34.4105
0 119 3.60375
0 131 2.04718
0 134 47.3325
0 145 17.6869
0 147 13.5876
1 1 37.4005
1 4 34.385
1 13 24.8325
1 16 6.35658
1 26 82.7724
1 34 12.6573
1 36 94.0083
1 39 13.4496
1 40 40.8185
1 41 23.6519
1 45 38.2228
1 51 68.4471
1 53 9.48982
1 62 116.617
1 68 59.3674
1 71 44.409
1 72 18.8419
1 74 101.358
1 80 54.1723
1 82 98.739
1 83 10.3485
1 86 4.70846
1 87 75.4335
1 107 84.1207
1 111 99.3025
1 112 90.162
1 115 44.7641
1 122 46.6129
1 125 27.2093
1 126 52.0075
1 130 80.5328
1 132 71.9174
1 133 22.0079
1 138 104.871
1 140 45.4298
1 149 103.904
2 10 21.6047
2 11 89.7526
2 12 47.9926
2 15 81.7103
2 17 29.4018
2 22 96.2214
2 24 26.6644
2 25 87.9837
2 46 44.9374
2 47 36.7223
2 50 15.032
2 60 19.3507
2 66 75.1888
2 76 28.3239
2 77 16.9402
2 78 17.7168
2 84 64.0235
2 85 52.0985
2 88 49.4157
2 89 77.4219
2 90 6.95133
2 92 43.5325
2 93 4.92944
2 97 26.2072
2 99 21.7295
2 102 57.9779
2 104 40.1842
2 105 41.3081
2 106 32.5082
2 119 2.01484
2 131 2.6871
2 134 60.6102
2 145 17.5458
2 147 11.6844
3 0 11.0702
3 3 110.115
3 5 29.7529
3 9 5.27283
3 10 24.2172
3 14 18.097
3 15 99.3427
3 17 33.7851
3 18 128.812
3 20 89.3966
3 21 67.9074
3 27 51.2276
3 31 54.6923
3 32 81.4222
3 33 42.2323
3 37 34.5819
3 46 46.4795
3 47 63.0505
3 49 16.3401
3 50 13.8722
3 55 123.053
3 56 6.58641
3 66 80.8289
3 69 109.019
3 73 2
3 75 89.9121
3 85 83.3418
3 97 47.0145
3 99 14.155
3 100 47.7105
3 101 43.3315
3 102 50.8753
3 104 48.8678
3 108 67.7779
3 113 54.0959
3 114 3.51419
3 119 2.1514
3 128 108.118
3 131 3.73591
3 136 55.2266
3 137 112.335
3 139 22.766
3 143 22.0659
4 4 39.9858
4 6 18.0275
4 13 20.6152
4 19 68.2188
4 23 16.8376
4 34 33.5955
4 36 105.109
4 38 10.2097
4 51 92.6287
4 52 79.1781
4 53 12.4068
4 59 49.6304
4 62 112.006
4 64 96.5423
4 67 47.8745
4 68 90.4698
4 72 11.2358
4 74 98.797
4 79 12.3668
4 82 116.099
4 86 5.74809
4 94 68.869
4 96 41.7393
4 98 64.7634
4 112 135.41
4 118 10.3333
4 120 111.455
4 121 15.7457
4 122 37.2023
4 123 34.8278
4 124 13.2459
4 125 24.5934
4 127 48.1855
4 130 53.284
4 133 28.9618
4 138 73.3684
4 149 85.5922
5 4 30.1935
5 6 8.22547
5 13 18.0258
5 19 43.9715
5 23 15.4334
5 34 32.6028
5 36 86.2784
5 38 8.09998
5 51 70.9449
5 52 84.0591
5 53 12.6162
5 59 48.1335
5 62 128.922
5 64 61.6705
5 67 37.5084
5 68 65.6861
5 72 17.5364
5 74 102.206
5 79 14.9132
5 82 99.7706
5 86 4.67601
5 94 33.0395
5 96 27.3985
5 98 47.0178
5 112 85.1976
5 118 11.7967
5 120 139.988
5 121 18.8551
5 122 56.2477
5 123 28.11
5 124 19.2305
5 125 21.8563
5 127 59.0546
5 130 76.8714
5 133 19.386
5 138 66.2491
5 149 103.86
6 5 29.9063
6 7 11.8528
6 9 7.33246
6 11 94.498
6 12 73.4073
6 15 110.323
6 18 108.439
6 20 128.126
6 25 89.4899
6 27 107.972
6 29 44.132
6 31 41.1241
6 32 81.7324
6 33 48.9222
6 37 55.77
6 42 24.5025
6 46 32.8206
6 47 50.6427
6 48 74.5037
6 54 92.2653
6 55 89.376
6 56 8.53108
6 60 18.2065
6 66 66.3197
6 73 2.26999
6 75 40.6448
6 78 32.6565
6 85 80.1202
6 89 117.265
6 90 6.76051
6 105 30.1247
6 108 62.364
6 109 49.7267
6 114 4.62485
6 117 8.72908
6 119 4.19942
6 128 67.2249
6 134 55.6037
6 135 132.242
6 136 45.1272
6 137 69.645
6 143 34.7039
6 145 10.1257
6 146 113.852
6 147 6.47544
7 10 22.3674
7 11 155.992
7 12 92.0977
7 15 89.4411
7 17 37.8743
7 22 101.393
7 24 28.3126
7 25 64.7305
7 46 47.5319
7 47 72.4671
7 50 13.3741
7 60 15.1202
7 66 65.4997
7 76 58.371
7 77 15.525
7 78 17.5951
7 84 63.0021
7 85 62.9015
7 88 62.4851
7 89 92.3488
7 90 8.90562
7 92 30.4946
7 93 4.61972
7 97 51.6494
7 99 13.1259
7 102 44.6404
7 104 40.904
7 105 43.531
7 106 22.3404
7 119 3.27009
7 131 3.66904
7 134 61.6001
7 145 9.35269
7 147 11.2282
8 1 27.0474
8 2 87.8237
8 8 72.4601
8 16 6.43293
8 26 84.3884
8 30 47.016
8 39 28.515
8 40 81.5418
8 41 28.3749
8 44 25.0505
8 45 35.182
8 57 93.1318
8 58 84.4813
8 63 102.612
8 65 37.9926
8 70 119.629
8 71 30.3909
8 80 47.4084
8 83 9.59085
8 87 42.1407
8 103 72.6432
8 107 94.7438
8 110 109.081
8 111 102.326
8 115 67.5459
8 116 63.1979
8 126 44.5948
8 129 10.2477
8 132 39.0827
8 140 39.1548
8 141 79.8951
8 144 74.1114
9 5 29.2475
9 7 9.40648
9 9 9.73351
9 11 127.893
9 12 95.5038
9 15 70.7861
9 18 104.434
9 20 96.5719
9 25 136.292
9 27 93.8989
9 29 22.7111
9 31 52.5948
9 32 78.9422
9 33 46.5131
9 37 56.5483
9 42 18.7182
9 46 38.2088
9 47 64.0705
9 48 88.0465
9 54 55.5826
9 55 119.422
9 56 8.35473
9 60 26.8798
9 66 110.375
9 73 2.17603
9 75 44.5355
9 78 38.6534
9 85 85.8231
9 89 74.1092
9 90 7.5216
9 105 38.0468
9 108 53.1588
9 109 66.8925
9 114 3.72874
9 117 7.13
9 119 3.51891
9 128 86.5879
9 134 75.9271
9 135 58.961
9 136 62.5325
9 137 83.6864
9 143 46.7385
9 145 18.7926
9 146 71.0869
9 147 14.2828
10 1 56.2045
10 2 82.6894
10 8 51.3067
10 16 4.8492
10 26 117.243
10 30 52.3897
10 39 31.7703
10 40 33.9868
10 41 35.9315
10 44 77.4517
10 45 25.7581
10 57 80.4442
10 58 124.785
10 63 105.71
10 65 18.1394
10 70 71.4057
10 71 38.2725
10 80 20.1987
10 83 8.40819
10 87 49.6772
10 103 53.1606
10 107 95.206
10 110 136.648
10 111 59.9085
10 115 54.88
10 116 60.8335
10 126 36.8011
10 129 10.6157
10 132 64.1656
10 140 37.8086
10 141 102.712
10 144 64.7803
11 0 9.13808
11 3 98.6074
11 10 8.78107
11 14 14.5321
11 17 24.5618
11 21 34.8627
11 22 109.123
11 24 32.9222
11 28 32.9128
11 35 96.7746
11 43 43.3061
11 49 22.306
11 50 16.8679
11 61 48.0728
11 69 121.153
11 76 26.2317
11 77 15.2356
11 81 22.9169
11 84 55.4973
11 88 26.9073
11 91 101.45
11 92 36.9484
11 93 3.89817
11 95 10.4159
11 97 31.2884
11 99 8.9181
11 100 41.8262
11 101 41.8443
11 102 68.7645
11 104 32.5955
11 106 26.7723
11 113 72.014
11 131 3.19984
11 139 13.3462
11 142 12.1614
11 148 17.5295
12 5 28.7918
12 7 5.56342
12 9 8.58712
12 11 93.4158
12 12 49.5295
12 15 123.266
12 18 47.208
12 20 60.3941
12 25 99.751
12 27 109.056
12 29 27.2218
12 31 52.6052
12 32 62.8168
12 33 41.0568
12 37 55.8888
12 42 37.4343
12 46 35.8736
12 47 47.6182
12 48 71.3121
12 54 114.589
12 55 46.6581
12 56 5.58409
12 60 23.2759
12 66 112.142
12 73 2
12 75 73.811
12 78 22.6725
12 85 78.5454
12 89 100.189
12 90 6.46779
12 105 29.226
12 108 46.894
12 109 42.5123
12 114 3.53256
12 117 8.92977
12 119 2.89146
12 128 95.7217
12 134 45.1638
12 135 112.861
12 136 61.6301
12 137 91.7913
12 143 41.3771
12 145 15.6477
12 146 110.274
12 147 12.3679
13 4 32.2324
13 6 17.9432
13 13 18.8577
13 19 42.0111
13 23 13.0141
13 34 31.122
13 36 89.5417
13 38 9.01463
13 51 53.4726
13 52 89.1807
13 53 9.07585
13 59 72.1583
13 62 111.978
13 64 88.8952
13 67 59.0079
13 68 37.8991
13 72 25.7666
13 74 96.8136
13 79 14.3671
13 82 92.8732
13 86 5.59767
13 94 57.5277
13 96 32.2137
13 98 83.8957
13 112 81.6308
13 118 9.0855
13 120 106.772
13 121 13.4173
13 122 75.7804
13 123 28.9377
13 124 17.7341
13 125 30.3557
13 127 40.9048
13 130 50.1119
13 133 36.0439
13 138 103.77
13 149 83.4565
14 7 10.6756
14 11 119.804
14 12 81.1541
14 22 103.206
14 24 38.6274
14 25 74.1493
14 28 46.6619
14 29 41.2424
14 35 123.692
14 42 26.6579
14 43 64.5309
14 48 69.3204
14 54 96.6823
14 60 17.2962
14 61 9.79841
14 76 32.4744
14 77 14.1252
14 78 29.2334
14 81 47.2761
14 84 52.2493
14 88 50.118
14 89 99.1061
14 90 7.16577
14 91 45.0781
14 92 41.0623
14 93 3.37491
14 95 10.6878
14 105 53.9145
14 106 31.0467
14 109 46.8614
14 117 8.40885
14 134 50.8974
14 135 93.4569
14 142 15.5647
14 145 11.4202
14 146 102.86
14 147 11.2654
14 148 26.8983
15 1 38.482
15 4 11.8828
15 13 27.2793
15 16 7.83921
15 26 117.864
15 34 44.8659
15 36 60.4873
15 39 29.0558
15 40 43.5603
15 41 15.1995
15 45 45.9426
15 51 91.9929
15 53 10.8043
15 62 92.1641
15 68 77.1522
15 71 42.4568
15 72 22.4626
15 74 130.991
15 80 37.25
15 82 97.3024
15 83 10.7438
15 86 6.45902
15 87 59.6765
15 107 97.639
15 111 101.03
15 112 104.745
15 115 54.8875
15 122 67.8613
15 125 28.2621
15 126 34.8723
15 130 71.4852
15 132 48.103
15 133 32.9208
15 138 78.5191
15 140 36.1954
15 149 86.5333
16 7 9.60532
16 11 53.7314
16 12 76.9079
16 22 83.9041
16 24 20.7731
16 25 80.6304
16 28 44.4852
16 29 32.2335
16 35 108.969
16 42 22.9477
16 43 48.9865
16 48 67.7553
16 54 121.741
16 60 21.1397
16 61 36.0448
16 76 31.205
16 77 20.3166
16 78 29.9758
16 81 33.8245
16 84 57.4739
16 88 54.5119
16 89 120.766
16 90 5.28815
16 91 67.9252
16 92 43.3523
16 93 3.4876
16 95 21.6809
16 105 46.8947
16 106 36.4862
16 109 55.6862
16 117 5.98632
16 134 43.8474
16 135 103.739
16 142 14.5184
16 145 18.3989
16 146 93.5357
16 147 12.7633
16 148 26.5152
17 5 45.1476
17 9 9.91362
17 10 22.2293
17 17 24.9811
17 18 74.3469
17 20 86.9503
17 29 48.5407
17 35 99.808
17 47 58.6645
17 48 62.061
17 49 23.7365
17 50 14.1236
17 54 90.4463
17 55 94.567
17 66 63.2432
17 69 128.15
17 75 103.052
17 78 20.6616
17 81 49.5827
17 84 48.9127
17 90 4.18637
17 91 92.4888
17 92 30.8174
17 97 43.2076
17 100 53.4121
17 108 36.9449
17 114 3.1278
17 128 40.8476
17 131 3.24273
17 142 17.3355
17 145 20.1127
17 147 8.21264
18 4 36.149
18 8 64.4353
18 13 30.105
18 16 6.41806
18 23 18.2373
18 34 32.1905
18 36 78.7895
18 40 44.1368
18 41 43.6025
18 51 67.5436
18 53 10.7113
18 58 118.447
18 59 42.153
18 62 86.9747
18 63 29.4189
18 64 78.5622
18 65 37.1582
18 68 94.7999
18 72 16.8808
18 74 70.8763
18 79 9.82991
18 94 66.0276
18 96 39.5426
18 98 69.8095
18 103 41.6711
18 110 74.7489
18 118 7.86953
18 120 128.499
18 124 18.7908
18 127 61.0342
18 140 41.2183
18 144 34.0586
18 149 106.102
19 0 8.22986
19 3 32.601
19 7 14.1465
19 11 116.091
19 12 85.21
19 14 21.1591
19 15 87.8204
19 21 48.636
19 22 100.48
19 24 36.2099
19 25 89.8102
19 27 100.584
19 28 42.1109
19 31 59.0275
19 32 89.3078
19 33 55.6743
19 37 51.1605
19 42 16.8777
19 43 43.274
19 46 34.3527
19 56 6.96839
19 60 13.5393
19 61 47.9419
19 73 2
19 76 43.7159
19 77 16.7183
19 85 53.3316
19 88 55.902
19 89 101.737
19 93 4.17388
19 95 9.27595
19 99 14.9153
19 101 54.0075
19 102 53.3277
19 104 44.2344
19 105 32.4451
19 106 23.4831
19 109 58.9291
19 113 95.8937
19 117 13.3561
19 119 2.61645
19 134 52.568
19 135 100.174
19 136 43.4592
19 137 58.7292
19 139 15.7873
19 143 31.7734
19 146 56.79
19 148 30.3647
20 4 23.2055
20 6 17.0698
20 13 30.4384
20 19 30.6047
20 23 14.6137
20 34 36.22
20 36 45.0405
20 38 6.7195
20 51 85.5665
20 52 75.9956
20 53 7.93907
20 59 43.8082
20 62 105.448
20 64 62.1826
20 67 55.0977
20 68 91.8384
20 72 19.1562
20 74 80.2107
20 79 14.6075
20 82 65.4635
20 86 5.66922
20 94 46.3854
20 96 19.2215
20 98 68.7019
20 112 51.6982
20 118 9.4536
20 120 110.394
20 121 15.0588
20 122 73.8704
20 123 30.5831
20 124 19.4065
20 125 32.2575
20 127 54.3677
20 130 40.2109
20 133 15.5879
20 138 105.475
20 149 107.373
21 1 26.3684
21 4 28.3351
21 13 32.4928
21 16 5.08229
21 26 91.5881
21 34 39.4829
21 36 99.5904
21 39 23.8069
21 40 65.6576
21 41 36.2316
21 45 36.5478
21 51 55.9795
21 53 8.149
21 62 105.164
21 68 75.6479
21 71 42.2776
21 72 26.11
21 74 53.5993
21 80 62.2899
21 82 108.744
21 83 10.8948
21 86 4.0537
21 87 40.7849
21 107 78.5031
21 111 70.7442
21 112 44.6489
21 115 38.6408
21 122 52.7084
21 125 22.9218
21 126 20.8544
21 130 36.9385
21 132 42.152
21 133 28.061
21 138 66.6979
21 140 46.0476
21 149 83.589
22 3 83.8865
22 9 7.21269
22 11 125.863
22 14 17.0778
22 21 68.4688
22 22 83.7972
22 24 32.0206
22 32 56.7005
22 43 42.2242
22 46 39.6772
22 48 56.1363
22 49 26.1164
22 50 9.68779
22 60 21.4887
22 66 90.8291
22 78 29.383
22 81 57.1954
22 85 66.6129
22 88 64.175
22 89 101.97
22 92 25.2492
22 93 4.90269
22 95 14.4228
22 99 17.6819
22 104 54.4749
22 105 36.7342
22 108 42.1879
22 113 101.33
22 117 5.72069
22 135 101.738
22 136 55.8565
22 137 67.4648
22 139 13.6013
22 142 14.7212
23 0 6.1039
23 3 91.6596
23 7 8.72735
23 11 56.2315
23 12 78.528
23 14 19.4731
23 15 96.931
23 21 43.5431
23 22 85.6651
23 24 38.6181
23 25 162.425
23 27 86.2096
23 28 54.7671
23 31 49.0228
23 32 62.4312
23 33 36.8459
23 37 51.5661
23 42 20.7497
23 43 38.4809
23 46 46.5189
23 56 7.89462
23 60 14.6411
23 61 44.3525
23 73 2.09933
23 76 44.4173
23 77 10.8894
23 85 69.8583
23 88 45.5846
23 89 89.7332
23 93 5.60343
23 95 16.4506
23 99 16.3188
23 101 57.3449
23 102 49.6673
23 104 47.3073
23 105 39.6998
23 106 28.9218
23 109 56.9949
23 113 64.5948
23 117 8.1091
23 119 3.24351
23 134 57.9215
23 135 73.6471
23 136 80.667
23 137 117.834
23 139 13.2744
23 143 21.8202
23 146 104.064
23 148 33.9314
24 2 65.1734
24 6 4.90584
24 8 48.8836
24 19 74.95
24 23 11.9385
24 30 62.9577
24 38 8.87539
24 44 66.8364
24 52 97.1567
24 57 125.596
24 58 56.4674
24 59 64.4481
24 63 112.94
24 64 67.8868
24 65 44.3432
24 67 39.1721
24 70 69.8486
24 79 8.78488
24 94 53.4722
24 96 34.935
24 98 98.6074
24 103 28.2596
24 110 102.316
24 116 33.0799
24 118 13.5561
24 120 81.5651
24 121 13.969
24 123 27.6898
24 124 24.8946
24 127 56.0576
24 129 11.0051
24 141 50.4647
24 144 62.7753
25 7 7.414
25 11 113.879
25 12 98.3577
25 22 109.713
25 24 18.094
25 25 87.5076
25 28 34.7216
25 29 54.9506
25 35 77.1028
25 42 25.3631
25 43 50.8563
25 48 70.1433
25 54 53.9534
25 60 22.2204
25 61 56.5522
25 76 51.6924
25 77 13.8203
25 78 22.9091
25 81 35.6618
25 84 74.8469
25 88 56.3713
25 89 62.7422
25 90 8.65108
25 91 88.3742
25 92 32.608
25 93 4.209
25 95 13.8856
25 105 43.1531
25 106 37.045
25 109 65.853
25 117 7.15027
25 134 39.8657
25 135 62.5417
25 142 14.6569
25 145 13.6604
25 146 78.0256
25 147 13.1044
25 148 29.0066
26 1 43.4085
26 2 94.8887
26 6 17.0375
26 8 21.675
26 13 23.9602
26 16 5.61855
26 19 50.5372
26 23 14.3744
26 34 28.1911
26 39 27.4022
26 40 53.0613
26 44 67.9517
26 45 34.1185
26 51 80.7839
26 52 64.6582
26 57 82.1746
26 58 82.3753
26 59 56.6198
26 64 85.8562
26 67 32.9701
26 70 92.192
26 71 43.9724
26 74 46.7815
26 83 16.544
26 94 62.357
26 103 25.2282
26 107 49.1933
26 111 81.8596
26 115 53.1451
26 116 27.6141
26 118 12.7275
26 123 25.8461
26 130 55.7377
26 133 20.8883
26 138 115.96
26 140 32.6684
26 141 73.6819
26 144 81.5824
27 4 40.2885
27 8 54.2425
27 13 22.5925
27 16 4.69581
27 23 7.7644
27 34 36.4481
27 36 81.0316
27 40 57.285
27 41 31.6423
27 51 66.3467
27 53 6.41722
27 58 78.8531
27 59 49.4422
27 62 68.024
27 63 115.722
27 64 102.991
27 65 32.2526
27 68 89.5298
27 72 18.4052
27 74 97.1404
27 79 9.17737
27 94 55.9809
27 96 44.1654
27 98 65.2828
27 103 70.1723
27 110 118.653
27 118 11.5439
27 120 90.9587
27 124 19.178
27 127 66.1847
27 140 58.3602
27 144 57.9174
27 149 113.946
28 0 8.41888
28 3 98.6649
28 10 27.5033
28 14 21.3084
28 17 42.3251
28 21 48.8551
28 22 75.7717
28 24 25.1626
28 28 66.5566
28 35 85.473
28 43 48.6103
28 49 15.4019
28 50 9.21998
28 61 44.4689
28 69 69.3053
28 76 45.8712
28 77 15.3373
28 81 54.7424
28 84 53.6714
28 88 38.4707
28 91 78.2969
28 92 33.0459
28 93 3.818
28 95 14.9853
28 97 51.8256
28 99 18.6758
28 100 26.1322
28 101 47.078
28 102 85.3225
28 104 55.2549
28 106 29.5816
28 113 95.5747
28 131 3.26864
28 139 23.1712
28 142 9.01338
28 148 16.2191
29 2 82.5834
29 6 17.2228
29 8 44.7206
29 19 31.0554
29 23 11.0489
29 30 59.7346
29 38 10.8269
29 44 35.9314
29 52 69.8916
29 57 55.7485
29 58 73.1514
29 59 35.8745
29 63 89.8589
29 64 73.2184
29 65 44.7008
29 67 27.2334
29 70 112.71
29 79 19.5472
29 94 46.6299
29 96 50.4504
29 98 81.1753
29 103 48.6629
29 110 98.1347
29 116 32.4123
29 118 12.7252
29 120 136.574
29 121 15.2287
29 123 49.391
29 124 12.904
29 127 82.9395
29 129 8.73131
29 141 74.9751
29 144 43.0118
30 0 5.68988
30 3 95.3879
30 5 52.421
30 7 8.08092
30 9 11.3662
30 14 10.5545
30 18 104.84
30 20 97.9696
30 21 35.8666
30 27 136.194
30 28 42.485
30 29 35.9965
30 31 71.5633
30 32 98.3445
30 33 50.6481
30 35 48.706
30 37 41.312
30 42 24.4534
30 43 48.5181
30 48 106.703
30 49 17.2557
30 54 85.934
30 55 59.3912
30 56 5.4239
30 61 46.1948
30 69 105.822
30 73 2
30 75 35.2549
30 81 26.9115
30 91 57.8034
30 95 16.8601
30 100 40.9856
30 101 40.9177
30 108 58.461
30 109 68.8531
30 113 68.8662
30 114 5.2688
30 117 5.79534
30 128 84.7286
30 135 85.1353
30 136 70.2301
30 137 96.145
30 139 19.628
30 142 17.2399
30 143 32.6745
30 146 115.764
30 148 13.4304
31 3 83.833
31 9 8.39476
31 11 88.5119
31 14 25.3556
31 21 70.8291
31 22 99.083
31 24 24.8034
31 32 62.1699
31 43 61.5149
31 46 39.1753
31 48 72.9223
31 49 22.7535
31 50 24.6442
31 60 14.9962
31 66 97.4094
31 78 28.5248
31 81 46.3548
31 85 70.557
31 88 52.3069
31 89 54.0746
31 92 32.6522
31 93 3.03166
31 95 9.41094
31 99 19.6018
31 104 71.5333
31 105 48.2954
31 108 49.1586
31 113 110.107
31 117 6.83503
31 135 117.636
31 136 71.6257
31 137 73.9847
31 139 26.5725
31 142 14.0527
32 0 9.67086
32 3 82.7253
32 7 9.80404
32 11 105.709
32 12 65.9771
32 14 20.5448
32 15 83.131
32 21 62.0165
32 22 109.156
32 24 21.4945
32 25 88.4795
32 27 134.62
32 28 42.6377
32 31 61.024
32 32 49.9301
32 33 30.7998
32 37 52.0949
32 42 23.9802
32 43 56.251
32 46 41.5779
32 56 6.71771
32 60 19.9795
32 61 23.4987
32 73 2
32 76 40.8744
32 77 14.1147
32 85 76.7841
32 88 23.5149
32 89 72.229
32 93 4.10476
32 95 12.6133
32 99 22.4589
32 101 62.9149
32 102 74.4745
32 104 45.5927
32 105 45.9853
32 106 28.9674
32 109 45.5412
32 113 73.037
32 117 9.06345
32 119 2.28369
32 134 72.8947
32 135 58.3708
32 136 79.5682
32 137 64.9625
32 139 21.4002
32 143 47.0435
32 146 97.093
32 148 19.9829
33 2 115.508
33 6 22.346
33 8 59.6333
33 19 37.8768
33 23 15.7003
33 30 48.7237
33 38 7.7937
33 44 37.9334
33 52 73.0729
33 57 63.5595
33 58 80.9369
33 59 44.0097
33 63 106.018
33 64 108.171
33 65 38.4155
33 67 69.7868
33 70 75.0114
33 79 14.187
33 94 63.8592
33 96 48.7354
33 98 70.1532
33 103 53.1053
33 110 126.062
33 116 70.6964
33 118 7.69355
33 120 68.0252
33 121 13.9971
33 123 36.6448
33 124 19.6047
33 127 30.6806
33 129 12.363
33 141 56.0631
33 144 56.6655
34 5 27.438
34 7 8.76699
34 9 9.60011
34 11 65.8193
34 12 100.917
34 15 115.523
34 18 115.63
34 20 130.419
34 25 77.2025
34 27 88.6923
34 29 47.8244
34 31 81.5243
34 32 66.1673
34 33 35.0728
34 37 37.1813
34 42 18.9666
34 46 27.6457
34 47 52.3265
34 48 93.3101
34 54 98.7002
34 55 103.966
34 56 6.58912
34 60 16.9636
34 66 108.966
34 73 2.3467
34 75 63.5083
34 78 16.1475
34 85 35.6083
34 89 52.301
34 90 8.76864
34 105 50.2465
34 108 51.9216
34 109 57.4578
34 114 4.52819
34 117 9.76379
34 119 2.20605
34 128 32.3074
34 134 47.4297
34 135 112.334
34 136 25.7102
34 137 97.3691
34 143 41.2081
34 145 16.5616
34 146 115.098
34 147 9.93645
35 5 32.2476
35 9 12.0787
35 10 17.3377
35 17 36.8263
35 18 110.055
35 20 114.532
35 29 27.3227
35 35 72.858
35 47 48.4035
35 48 72.2749
35 49 30.0782
35 50 21.5119
35 54 81.258
35 55 100.054
35 66 86.9963
35 69 122.349
35 75 75.5157
35 78 32.6713
35 81 35.6958
35 84 65.2435
35 90 8.64464
35 91 66.4418
35 92 33.2888
35 97 24.6269
35 100 39.5541
35 108 55.2586
35 114 4.3237
35 128 71.9975
35 131 3.66196
35 142 12.4067
35 145 14.6733
35 147 14.429
36 4 36.9226
36 6 10.8432
36 13 18.0182
36 19 87.7313
36 23 22.2303
36 34 29.1352
36 36 58.7572
36 38 7.59789
36 51 58.7423
36 52 60.2806
36 53 7.66836
36 59 57.8853
36 62 132.951
36 64 54.6989
36 67 87.7463
36 68 86.9096
36 72 24.1563
36 74 96.8636
36 79 14.7859
36 82 124.666
36 86 5.22972
36 94 29.3825
36 96 20.012
36 98 37.4975
36 112 95.423
36 118 8.49837
36 120 124.91
36 121 15.0518
36 122 69.5974
36 123 26.0362
36 124 22.6957
36 125 32.2044
36 127 57.6459
36 130 78.8606
36 133 31.3522
36 138 33.9904
36 149 88.2554
37 1 34.9415
37 2 65.7534
37 6 20.9275
37 8 63.583
37 13 29.2545
37 16 4.41075
37 19 38.9999
37 23 12.8402
37 34 35.5214
37 39 22.3366
37 40 48.4285
37 44 58.074
37 45 24.1184
37 51 101.44
37 52 56.4774
37 57 71.3117
37 58 91.0122
37 59 59.6478
37 64 81.2583
37 67 69.6721
37 70 107.689
37 71 28.4168
37 74 75.0585
37 83 10.2297
37 94 80.6594
37 103 67.1195
37 107 97.5109
37 111 110.255
37 115 57.7648
37 116 32.1728
37 118 14.0865
37 123 36.3729
37 130 78.2336
37 133 22.3202
37 138 68.2029
37 140 37.973
37 141 64.5559
37 144 66.5447
38 4 27.3697
38 26 97.9953
38 30 68.4482
38 36 103.075
38 38 6.59603
38 41 19.6964
38 53 6.91706
38 62 80.6434
38 63 88.6591
38 65 45.4781
38 68 92.9058
38 72 12.6296
38 79 15.3724
38 80 36.3799
38 82 68.9934
38 86 4.80166
38 87 53.2715
38 96 28.017
38 98 75.912
38 110 99.322
38 112 155.621
38 120 112.826
38 121 16.4371
38 122 79.8699
38 124 11.2373
38 125 25.5244
38 126 44.3508
38 127 20.1587
38 129 10.5781
38 132 51.4383
38 149 89.254
39 10 25.1585
39 11 100.043
39 12 84.805
39 15 100.846
39 17 32.7913
39 22 86.9484
39 24 32.7243
39 25 43.9632
39 46 37.6236
39 47 65.9931
39 50 18.103
39 60 15.9495
39 66 94.6546
39 76 42.7922
39 77 22.9667
39 78 33.6476
39 84 63.2755
39 85 53.5542
39 88 33.6543
39 89 102.775
39 90 7.85311
39 92 56.2114
39 93 2.54646
39 97 47.2368
39 99 18.5268
39 102 58.8381
39 104 55.3262
39 105 32.2748
39 106 9.88357
39 119 2.55292
39 131 2.71952
39 134 45.6577
39 145 13.9639
39 147 14.8263
40 4 24.0117
40 16 5.16246
40 19 62.7528
40 39 31.5099
40 44 60.3489
40 45 36.2294
40 57 92.7997
40 58 79.73
40 64 61.9263
40 67 48.1153
40 72 29.2074
40 79 13.4171
40 80 46.7749
40 82 91.6627
40 87 71.2522
40 94 60.1535
40 96 30.9359
40 103 66.004
40 111 101.045
40 112 146.987
40 116 43.0864
40 118 11.9737
40 123 39.4744
40 124 19.4352
40 127 54.4927
40 129 8.60905
40 132 49.3241
40 141 55.12
40 149 109.332
41 4 27.0637
41 6 18.8938
41 13 19.8114
41 19 49.2398
41 23 4.43147
41 34 44.5756
41 36 83.6744
41 38 6.46965
41 51 99.1326
41 52 86.6678
41 53 7.31828
41 59 46.2503
41 62 112.414
41 64 109.273
41 67 32.8732
41 68 122.944
41 72 19.4371
41 74 84.997
41 79 17.0712
41 82 72.0127
41 86 7.91832
41 94 59.6795
41 96 42.1738
41 98 93.3005
41 112 101.256
41 118 10.5147
41 120 142.027
41 121 21.2058
41 122 82.3858
41 123 42.0529
41 124 15.1295
41 125 25.7548
41 127 56.8805
41 130 46.2837
41 133 32.4837
41 138 62.3782
41 149 62.4051
42 0 5.45334
42 3 81.8846
42 7 8.74258
42 11 122.228
42 12 74.5803
42 14 12.9091
42 15 37.9434
42 21 49.8754
42 22 85.7568
42 24 29.8744
42 25 59.8491
42 27 101.877
42 28 52.0748
42 31 49.3282
42 32 96.8635
42 33 55.9065
42 37 49.5162
42 42 13.4337
42 43 60.398
42 46 31.0146
42 56 5.6927
42 60 18.222
42 61 40.4032
42 73 2
42 76 26.5655
42 77 24.6615
42 85 70.957
42 88 66.1632
42 89 90.6177
42 93 4.74264
42 95 8.51105
42 99 11.4088
42 101 59.4295
42 102 68.7045
42 104 47.7786
42 105 40.5643
42 106 23.4004
42 109 56.758
42 113 78.3809
42 117 7.52221
42 119 3.46362
42 134 55.7997
42 135 111.767
42 136 97.7726
42 137 98.895
42 139 21.8544
42 143 34.6019
42 146 79.7801
42 148 33.0258
43 3 93.4714
43 9 8.27312
43 11 66.256
43 14 13.5114
43 21 69.1616
43 22 91.7044
43 24 24.6835
43 32 28.4207
43 43 55.1588
43 46 39.7868
43 48 102.379
43 49 38.2004
43 50 22.971
43 60 19.7076
43 66 86.8013
43 78 31.499
43 81 45.1659
43 85 64.6877
43 88 58.4298
43 89 123.467
43 92 32.2462
43 93 3.52458
43 95 15.0235
43 99 12.589
43 104 62.6025
43 105 43.5906
43 108 60.2088
43 113 72.9228
43 117 9.16733
43 135 124.607
43 136 41.7458
43 137 88.989
43 139 16.0934
43 142 13.7784
44 0 7.68551
44 3 90.8929
44 5 41.0159
44 9 9.30882
44 10 16.8598
44 14 16.8048
44 15 130.317
44 17 49.8326
44 18 81.5175
44 20 89.39
44 21 53.4778
44 27 49.966
44 31 47.2263
44 32 76.95
44 33 35.6088
44 37 56.8381
44 46 35.7208
44 47 46.2671
44 49 14.1209
44 50 22.1746
44 55 66.2893
44 56 6.06531
44 66 97.0665
44 69 76.6626
44 73 2.21673
44 75 92.2122
44 85 74.5777
44 97 57.5044
44 99 17.8728
44 100 37.4601
44 101 77.5328
44 102 33.6293
44 104 40.6019
44 108 21.6703
44 113 96.9054
44 114 3.26517
44 119 3.54189
44 128 79.119
44 131 3.34751
44 136 50.5978
44 137 89.1304
44 139 19.6897
44 143 22.4971
45 1 46.0702
45 2 132.132
45 6 16.9461
45 8 68.505
45 13 22.9772
45 16 4.23081
45 19 58.1593
45 23 17.4003
45 34 36.7288
45 39 14.8459
45 40 64.4395
45 44 69.2663
45 45 39.0013
45 51 72.3321
45 52 73.1527
45 57 86.4666
45 58 90.3989
45 59 76.7562
45 64 121.62
45 67 41.8897
45 70 94.0286
45 71 46.235
45 74 76.8254
45 83 9.73173
45 94 59.0059
45 103 56.6261
45 107 57.5324
45 111 51.1886
45 115 56.6232
45 116 54.3112
45 118 10.9844
45 123 22.7897
45 130 94.5759
45 133 22.0749
45 138 54.4837
45 140 45.3789
45 141 77.1433
45 144 85.9285
46 3 89.1961
46 9 9.39969
46 11 142.073
46 14 14.4564
46 21 52.2452
46 22 78.2726
46 24 21.9225
46 32 68.19
46 43 46.2406
46 46 41.2031
46 48 56.2408
46 49 27.1887
46 50 16.7902
46 60 16.3715
46 66 74.6315
46 78 24.0705
46 81 37.0872
46 85 75.0413
46 88 54.4386
46 89 108.658
46 92 33.5883
46 93 2.97512
46 95 12.5908
46 99 16.6572
46 104 60.6739
46 105 22.674
46 108 47.3959
46 113 89.7655
46 117 6.96406
46 135 107.479
46 136 76.4638
46 137 108.152
46 139 14.4224
46 142 13.1661
47 4 39.6986
47 8 54.896
47 13 19.9616
47 16 5.44123
47 23 12.4417
47 34 34.5013
47 36 76.0203
47 40 39.8554
47 41 21.2104
47 51 74.3935
47 53 8.19306
47 58 67.7
47 59 52.8749
47 62 108.528
47 63 119.019
47 64 110.059
47 65 31.9788
47 68 74.086
47 72 20.9557
47 74 72.7267
47 79 17.5469
47 94 63.2965
47 96 33.1906
47 98 93.6344
47 103 64.5036
47 110 89.0542
47 118 6.8074
47 120 86.9236
47 124 13.4791
47 127 35.5028
47 140 41.4085
47 144 66.6444
47 149 95.1037
48 5 44.2982
48 7 9.80672
48 9 8.15721
48 11 84.3864
48 12 53.1741
48 15 101.065
48 18 82.2214
48 20 72.9349
48 25 94.7028
48 27 80.9563
48 29 28.5017
48 31 44.7811
48 32 75.8791
48 33 40.5037
48 37 52.9053
48 42 16.9919
48 46 46.4366
48 47 67.4941
48 48 49.5156
48 54 74.279
48 55 77.9187
48 56 4.5834
48 60 21.2679
48 66 86.2152
48 73 2
48 75 72.4059
48 78 32.2637
48 85 77.068
48 89 91.6935
48 90 9.07136
48 105 21.7149
48 108 80.0851
48 109 45.0626
48 114 4.28539
48 117 10.1836
48 119 3.46736
48 128 64.4748
48 134 59.3397
48 135 110.101
48 136 71.3873
48 137 91.4147
48 143 40.9268
48 145 14.787
48 146 27.4312
48 147 17.7378
49 7 7.39791
49 11 34.0134
49 12 72.541
49 22 126.95
49 24 31.0613
49 25 135.158
49 28 41.234
49 29 28.8818
49 35 114.362
49 42 26.09
49 43 30.3916
49 48 84.4665
49 54 59.7814
49 60 19.5812
49 61 43.236
49 76 49.399
49 77 24.8218
49 78 18.7966
49 81 51.0503
49 84 54.8242
49 88 52.4336
49 89 42.3404
49 90 6.57891
49 91 56.6017
49 92 30.9301
49 93 4.10893
49 95 13.0369
49 105 43.2994
49 106 26.7052
49 109 33.0133
49 117 9.68647
49 134 77.9849
49 135 103.018
49 142 14.4365
49 145 16.588
49 146 100.892
49 147 14.6966
49 148 13.1403
50 0 8.71984
50 3 92.0904
50 10 36.2634
50 14 18.0522
50 17 32.7847
50 21 50.9303
50 22 111.151
50 24 35.4033
50 28 53.3954
50 35 84.7453
50 43 36.3437
50 49 29.5816
50 50 18.9025
50 61 39.3225
50 69 136.565
50 76 25.6156
50 77 17.9535
50 81 46.235
50 84 65.2741
50 88 52.7919
50 91 56.7069
50 92 39.4502
50 93 4.27089
50 95 10.83
50 97 47.8224
50 99 20.5034
50 100 33.856
50 101 44.3435
50 102 62.7239
50 104 27.7628
50 106 18.7609
50 113 55.7558
50 131 3.0138
50 139 21.7349
50 142 10.339
50 148 30.4002
51 4 24.1387
51 8 56.3893
51 13 25.3388
51 16 7.18714
51 23 12.5435
51 34 45.3871
51 36 72.3921
51 40 57.0905
51 41 31.5626
51 51 58.2224
51 53 12.7494
51 58 100.391
51 59 39.1905
51 62 60.5576
51 63 82.7052
51 64 77.12
51 65 31.3665
51 68 79.196
51 72 23.1328
51 74 122.136
51 79 13.3846
51 94 69.0981
51 96 44.6666
51 98 61.4854
51 103 57.6523
51 110 107.754
51 118 11.763
51 120 109.989
51 124 16.9552
51 127 49.1441
51 140 35.8576
51 144 27.6904
51 149 80.2689
52 1 31.2988
52 2 89.0794
52 6 15.1153
52 8 60.2545
52 13 23.2738
52 16 5.92335
52 19 39.5243
52 23 10.0117
52 34 49.0279
52 39 25.7198
52 40 69.0597
52 44 45.0392
52 45 49.6441
52 51 91.9482
52 52 61.9419
52 57 107.067
52 58 105.698
52 59 66.3628
52 64 69.5346
52 67 64.0409
52 70 106.282
52 71 14.8778
52 74 23.8585
52 83 8.06098
52 94 84.295
52 103 59.0453
52 107 97.0339
52 111 68.7018
52 115 53.1085
52 116 42.8822
52 118 8.80894
52 123 19.745
52 130 75.8875
52 133 32.6439
52 138 92.6105
52 140 38.5539
52 141 57.2803
52 144 53.415
53 10 12.2409
53 11 96.6708
53 12 55.9433
53 15 123.239
53 17 49.2438
53 22 70.6298
53 24 25.1966
53 25 115.399
53 46 41.6565
53 47 45.2554
53 50 24.0103
53 60 26.3198
53 66 87.048
53 76 29.348
53 77 20.1695
53 78 28.7332
53 84 59.0567
53 85 93.2632
53 88 64.947
53 89 111.444
53 90 9.46791
53 92 35.0169
53 93 4.51555
53 97 49.2371
53 99 19.1199
53 102 38.7298
53 104 63.0657
53 105 36.9432
53 106 38.8241
53 119 2.80594
53 131 2.53242
53 134 37.0901
53 145 18.2181
53 147 14.3892
54 1 44.6126
54 2 144.044
54 6 21.9742
54 19 51.1229
54 26 130.406
54 30 47.2979
54 38 12.897
54 39 27.427
54 44 51.7083
54 45 35.2349
54 52 65.4961
54 57 107.565
54 67 33.4736
54 70 51.1338
54 71 43.6665
54 80 35.1515
54 82 93.0056
54 83 9.94687
54 86 4.20444
54 87 58.0198
54 107 108.05
54 111 98.5542
54 112 108.956
54 115 53.9845
54 116 43.0119
54 121 16.1441
54 122 84.9186
54 123 35.5381
54 125 17.6686
54 126 43.6321
54 129 11.3875
54 130 70.1039
54 132 75.4165
54 133 27.8231
54 138 72.0054
54 141 73.6516
55 4 18.8584
55 26 123.167
55 30 56.4426
55 36 68.2046
55 38 7.83219
55 41 41.8506
55 53 10.3095
55 62 66.0183
55 63 74.4419
55 65 31.398
55 68 106.74
55 72 6.81245
55 79 15.5293
55 80 42.6686
55 82 73.6269
55 86 4.13026
55 87 35.9114
55 96 30.8453
55 98 82.7406
55 110 71.5792
55 112 78.6525
55 120 118.308
55 121 18.5164
55 122 63.0196
55 124 18.8554
55 125 28.2113
55 126 61.8879
55 127 70.2914
55 129 10.627
55 132 50.9821
55 149 92.3483
56 1 42.6889
56 2 96.5587
56 6 9.29656
56 8 53.7927
56 13 13.5944
56 23 17.321
56 26 108.572
56 30 56.7727
56 34 28.3002
56 36 43.8872
56 38 7.34497
56 40 49.1994
56 41 22.5454
56 51 102.192
56 52 62.7353
56 53 13.6264
56 59 47.851
56 62 146.698
56 63 83.8136
56 65 24.9718
56 68 97.8119
56 70 86.362
56 71 41.2346
56 74 90.1489
56 83 11.5416
56 86 4.70498
56 98 53.932
56 107 74.706
56 110 60.6583
56 115 51.9277
56 120 80.498
56 121 11.7428
56 122 38.3683
56 125 37.5281
56 126 39.8605
56 130 86.6941
56 133 21.5826
56 138 101.091
56 140 42.996
56 144 86.0023
57 2 72.4993
57 6 27.7126
57 8 60.9805
57 19 73.5135
57 23 18.0891
57 30 56.6398
57 38 8.33092
57 44 18.2465
57 52 100.294
57 57 52.9848
57 58 124.61
57 59 53.3694
57 63 109.521
57 64 71.7091
57 65 24.4957
57 67 76.3964
57 70 70.7702
57 79 20.2643
57 94 45.2344
57 96 28.708
57 98 96.7714
57 103 57.3519
57 110 56.675
57 116 48.6408
57 118 10.6406
57 120 93.6313
57 121 9.86332
57 123 44.1629
57 124 11.3377
57 127 55.2193
57 129 11.0808
57 141 97.9744
57 144 71.6142
58 2 86.141
58 6 17.2492
58 8 44.3016
58 19 51.6106
58 23 10.8838
58 30 47.2527
58 38 10.7825
58 44 47.6953
58 52 96.7804
58 57 107.137
58 58 105.734
58 59 46.6881
58 63 86.708
58 64 114.432
58 65 30.0722
58 67 56.6835
58 70 127.159
58 79 14.8946
58 94 65.9345
58 96 26.7133
58 98 78.2909
58 103 37.8306
58 110 95.0885
58 116 45.8577
58 118 11.0608
58 120 85.5027
58 121 11.683
58 123 24.2604
58 124 22.8094
58 127 36.0109
58 129 11.8063
58 141 88.6185
58 144 64.5152
59 1 35.4505
59 2 113.916
59 6 19.2709
59 8 70.3834
59 13 32.2247
59 23 8.93367
59 26 100.901
59 30 86.2124
59 34 44.4557
59 36 85.0944
59 38 11.8625
59 40 69.4908
59 41 24.6922
59 51 79.5008
59 52 63.5156
59 53 9.77754
59 59 47.9832
59 62 61.7355
59 63 102.134
59 65 36.3453
59 68 100.944
59 70 75.6947
59 71 52.9773
59 74 79.7891
59 83 14.1591
59 86 4.06054
59 98 52.7289
59 107 65.1008
59 110 114.838
59 115 61.4992
59 120 127.887
59 121 15.8285
59 122 38.8476
59 125 10.5669
59 126 35.4627
59 130 73.3425
59 133 30.0329
59 138 52.3602
59 140 27.6819
59 144 88.8246
60 0 8.53493
60 3 101.896
60 7 11.3842
60 11 97.9615
60 12 89.2993
60 14 20.647
60 15 133.862
60 21 47.5405
60 22 52.531
60 24 32.1477
60 25 136.406
60 27 68.8676
60 28 14.8931
60 31 52.3502
60 32 51.4695
60 33 52.4779
60 37 33.7621
60 42 19.3109
60 43 58.6444
60 46 21.7594
60 56 9.65777
60 60 12.9984
60 61 49.9207
60 73 2
60 76 30.5339
60 77 21.3508
60 85 108.183
60 88 57.2434
60 89 91.77
60 93 4.23492
60 95 6.66359
60 99 20.5068
60 101 49.6281
60 102 37.5024
60 104 74.0602
60 105 41.3705
60 106 26.511
60 109 63.7055
60 113 64.6077
60 117 6.9085
60 119 2.59555
60 134 56.6922
60 135 123.491
60 136 85.9451
60 137 105.866
60 139 22.442
60 143 44.2065
60 146 86.0654
60 148 30.4186
61 0 6.76383
61 3 69.901
61 5 57.9581
61 9 7.35065
61 10 17.7729
61 14 15.7442
61 15 96.8287
61 17 33.9965
61 18 88.9936
61 20 136.362
61 21 45.6839
61 27 124.906
61 31 40.8549
61 32 93.0789
61 33 31.0256
61 37 35.9532
61 46 24.148
61 47 57.1163
61 49 27.2161
61 50 16.9266
61 55 92.8028
61 56 7.16331
61 66 94.8048
61 69 116.579
61 73 2.17592
61 75 103.48
61 85 73.7477
61 97 35.097
61 99 16.8691
61 100 31.3406
61 101 33.2891
61 102 48.2859
61 104 45.0656
61 108 50.867
61 113 103.151
61 114 3.11837
61 119 3.25186
61 128 66.8711
61 131 2.65575
61 136 80.776
61 137 106.948
61 139 17.5238
61 143 38.3446
62 1 42.7253
62 2 90.6652
62 6 15.4947
62 8 69.0972
62 13 15.9087
62 23 13.091
62 26 128.761
62 30 44.9925
62 34 37.7158
62 36 96.0517
62 38 9.57667
62 40 76.0225
62 41 12.9223
62 51 76.9803
62 52 64.1629
62 53 9.55979
62 59 51.7674
62 62 84.4673
62 63 57.5685
62 65 44.9823
62 68 117.579
62 70 70.1278
62 71 39.1468
62 74 70.2063
62 83 7.21479
62 86 5.65175
62 98 65.1166
62 107 50.7203
62 110 146.199
62 115 68.699
62 120 76.5244
62 121 14.2178
62 122 71.752
62 125 36.668
62 126 33.2311
62 130 72.4394
62 133 39.4044
62 138 82.5924
62 140 31.3704
62 144 64.5862
63 0 8.88542
63 5 18.6698
63 7 11.9909
63 10 27.7835
63 12 104.676
63 15 55.2774
63 17 40.6034
63 18 88.3198
63 20 80.9217
63 25 55.1986
63 27 90.3743
63 28 67.5704
63 29 20.1598
63 31 50.4734
63 33 46.3237
63 35 45.7121
63 37 57.5514
63 42 29.7141
63 47 60.8901
63 54 126.353
63 55 90.8851
63 56 5.92229
63 61 57.2165
63 69 115.502
63 73 2
63 75 54.0519
63 76 48.3952
63 77 10.9707
63 84 63.1361
63 90 4.48817
63 91 102.013
63 97 48.0977
63 100 21.1104
63 101 51.2301
63 102 69.5654
63 106 48.5383
63 109 70.0226
63 114 4.05983
63 119 2.66798
63 128 43.3931
63 131 3.85189
63 134 36.4922
63 143 27.3796
63 145 12.1373
63 146 80.8591
63 147 12.2525
63 148 30.6112
64 4 37.1888
64 26 120.924
64 30 53.4091
64 36 111.887
64 38 7.97589
64 41 35.1379
64 53 8.87679
64 62 117.739
64 63 89.2639
64 65 50.1502
64 68 107.196
64 72 22.7182
64 79 14.4575
64 80 41.3905
64 82 95.9689
64 86 2.68556
64 87 52.1548
64 96 34.5289
64 98 91.1629
64 110 101.599
64 112 92.458
64 120 85.5143
64 121 10.6363
64 122 74.5816
64 124 15.6709
64 125 34.2994
64 126 47.4285
64 127 84.3792
64 129 11.6133
64 132 44.894
64 149 92.4307
65 0 8.12827
65 3 117.174
65 5 39.0424
65 7 7.07462
65 9 9.50785
65 14 14.8536
65 18 112.749
65 20 123.089
65 21 51.4333
65 27 90.548
65 28 56.6767
65 29 23.7861
65 31 54.7614
65 32 64.6855
65 33 31.8815
65 35 102.259
65 37 40.7114
65 42 19.2586
65 43 61.1853
65 48 106.945
65 49 24.6304
65 54 52.6116
65 55 124.784
65 56 5.04677
65 61 49.3248
65 69 79.4544
65 73 2.19614
65 75 96.6484
65 81 49.8913
65 91 105.583
65 95 10.497
65 100 25.7053
65 101 34.1115
65 108 75.7158
65 109 49.4205
65 113 72.3909
65 114 4.60206
65 117 7.06094
65 128 75.4722
65 135 56.8115
65 136 67.0711
65 137 73.9851
65 139 20.4235
65 142 8.21247
65 143 28.7088
65 146 53.8739
65 148 23.4423
66 0 5.03919
66 3 78.9344
66 7 8.28129
66 11 49.7093
66 12 91.6176
66 14 22.9441
66 15 102.332
66 21 56.2982
66 22 104.105
66 24 28.6161
66 25 117.836
66 27 95.9549
66 28 38.4463
66 31 54.7868
66 32 98.5529
66 33 28.4488
66 37 45.3375
66 42 14.5411
66 43 63.1161
66 46 41.5352
66 56 9.05115
66 60 15.2234
66 61 32.6764
66 73 2
66 76 27.0198
66 77 18.7627
66 85 61.8672
66 88 61.324
66 89 97.7919
66 93 4.68698
66 95 14.741
66 99 16.2122
66 101 9.80486
66 102 59.8467
66 104 41.1145
66 105 35.755
66 106 31.6412
66 109 48.2488
66 113 49.4526
66 117 8.81832
66 119 3.30183
66 134 72.8406
66 135 98.7222
66 136 74.4889
66 137 62.7293
66 139 21.1926
66 143 54.0292
66 146 78.19
66 148 21.5675
67 1 36.2788
67 2 100.09
67 6 16.642
67 8 34.9097
67 13 28.9084
67 23 8.10065
67 26 134.256
67 30 49.7155
67 34 19.5138
67 36 74.8396
67 38 7.88312
67 40 57.1435
67 41 25.6646
67 51 56.9613
67 52 86.738
67 53 13.364
67 59 46.0911
67 62 71.0011
67 63 41.4943
67 65 23.5465
67 68 81.3184
67 70 66.9968
67 71 45.6659
67 74 116.116
67 83 11.4022
67 86 4.99973
67 98 54.2422
67 107 109.043
67 110 100.387
67 115 38.8148
67 120 67.3665
67 121 16.8713
67 122 51.7927
67 125 27.2088
67 126 34.4271
67 130 64.6827
67 133 41.6704
67 138 60.9763
67 140 45.2289
67 144 99.7715
68 5 38.7699
68 7 7.40247
68 9 7.36283
68 11 80.0669
68 12 62.5879
68 15 114.05
68 18 100.211
68 20 60.1762
68 25 53.7022
68 27 107.932
68 29 41.4528
68 31 40.2557
68 32 81.7009
68 33 58.5382
68 37 54.7798
68 42 24.805
68 46 31.3646
68 47 30.6101
68 48 78.3983
68 54 118.897
68 55 95.5048
68 56 5.78477
68 60 15.5466
68 66 61.6288
68 73 2
68 75 84.5661
68 78 14.5852
68 85 72.7152
68 89 86.0234
68 90 8.14783
68 105 51.5476
68 108 46.1723
68 109 64.8915
68 114 4.19952
68 117 4.34304
68 119 2.82584
68 128 63.0314
68 134 47.181
68 135 87.4711
68 136 83.6443
68 137 53.2294
68 143 21.7022
68 145 15.7929
68 146 43.1366
68 147 13.2428
69 0 11.3073
69 3 80.7075
69 10 17.1407
69 14 17.4631
69 17 43.6724
69 21 41.6489
69 22 102.014
69 24 21.102
69 28 41.8104
69 35 72.4893
69 43 18.6143
69 49 17.7166
69 50 22.6613
69 61 37.2539
69 69 85.2225
69 76 42.0928
69 77 11.2495
69 81 42.6005
69 84 53.5716
69 88 28.7861
69 91 70.7061
69 92 26.2961
69 93 3.52049
69 95 15.7981
69 97 45.0598
69 99 16.8715
69 100 21.0886
69 101 44.9534
69 102 69.5199
69 104 64.7438
69 106 22.1007
69 113 70.9929
69 131 3.27071
69 139 24.247
69 142 13.6245
69 148 21.6003
70 0 7.23179
70 3 66.6099
70 10 14.5841
70 14 24.0496
70 17 43.5011
70 21 61.5271
70 22 103.53
70 24 25.9148
70 28 46.4827
70 35 119.668
70 43 41.995
70 49 26.4685
70 50 15.0604
70 61 42.2034
70 69 70.9308
70 76 36.0616
70 77 22.7798
70 81 39.6812
70 84 52.8072
70 88 61.557
70 91 47.609
70 92 19.2137
70 93 4.45169
70 95 11.7933
70 97 33.0028
70 99 16.8407
70 100 36.2872
70 101 29.8806
70 102 43.6182
70 104 71.5402
70 106 23.0095
70 113 126.839
70 131 3.24427
70 139 23.0628
70 142 12.6815
70 148 30.6697
71 1 24.3937
71 2 85.9696
71 6 19.5317
71 19 34.8037
71 26 67.3659
71 30 45.4426
71 38 9.43093
71 39 16.7338
71 44 60.0458
71 45 19.7947
71 52 88.8935
71 57 110.994
71 67 47.7857
71 70 72.101
71 71 43.4001
71 80 46.7379
71 82 118.091
71 83 8.58422
71 86 4.38166
71 87 58.0674
71 107 110.086
71 111 90.1403
71 112 126.298
71 115 57.5005
71 116 55.4377
71 121 13.0067
71 122 85.0427
71 123 48.6943
71 125 20.8736
71 126 41.2423
71 129 8.73783
71 130 61.7739
71 132 82.4101
71 133 31.3749
71 138 59.7251
71 141 69.7715
72 4 38.5207
72 6 24.9062
72 13 24.072
72 19 69.3061
72 23 7.90562
72 34 30.0112
72 36 83.0451
72 38 9.7512
72 51 32.6856
72 52 55.4921
72 53 8.15541
72 59 57.0015
72 62 106.68
72 64 94.8967
72 67 73.4315
72 68 87.9969
72 72 25.8584
72 74 130.456
72 79 21.3673
72 82 45.7027
72 86 5.74092
72 94 40.4738
72 96 46.0632
72 98 63.0566
72 112 84.7492
72 118 8.1934
72 120 59.5999
72 121 15.5349
72 122 79.0475
72 123 46.6529
72 124 16.6296
72 125 29.6839
72 127 60.3084
72 130 76.1059
72 133 39.9275
72 138 89.9217
72 149 74.3495
73 1 51.475
73 4 8.11944
73 13 27.2578
73 16 6.00649
73 26 121.346
73 34 22.1566
73 36 52.993
73 39 17.1932
73 40 65.0616
73 41 30.0777
73 45 61.5768
73 51 79.093
73 53 12.7777
73 62 76.066
73 68 63.2458
73 71 50.6016
73 72 23.4774
73 74 48.2185
73 80 50.7202
73 82 131.629
73 83 8.4832
73 86 5.69707
73 87 47.6641
73 107 97.5687
73 111 62.1797
73 112 81.8305
73 115 62.146
73 122 58.3814
73 125 32.7923
73 126 42.1145
73 130 71.0594
73 132 42.9486
73 133 24.879
73 138 95.5487
73 140 34.9492
73 149 60.7054
74 1 40.3824
74 4 27.8467
74 13 35.6139
74 16 5.54738
74 26 84.7334
74 34 48.6726
74 36 58.6288
74 39 29.6614
74 40 55.5821
74 41 40.6604
74 45 36.4226
74 51 60.1137
74 53 8.05735
74 62 98.8871
74 68 92.8012
74 71 38.3322
74 72 18.5646
74 74 69.0265
74 80 40.8766
74 82 78.1139
74 83 4.63012
74 86 5.88141
74 87 57.8687
74 107 94.5694
74 111 106.959
74 112 130.762
74 115 51.1218
74 122 71.2935
74 125 24.8339
74 126 47.5716
74 130 57.2004
74 132 54.1215
74 133 26.7969
74 138 55.0039
74 140 36.2536
74 149 84.7858
75 1 43.8293
75 2 70.1502
75 8 52.656
75 16 6.48687
75 26 136.063
75 30 26.7584
75 39 30.6642
75 40 45.7115
75 41 19.3946
75 44 58.4946
75 45 33.5528
75 57 69.6379
75 58 64.407
75 63 72.7145
75 65 42.9697
75 70 81.1457
75 71 40.7611
75 80 36.1693
75 83 10.7103
75 87 25.824
75 103 39.3457
75 107 87.7829
75 110 133.295
75 111 46.5912
75 115 62.4701
75 116 33.7033
75 126 45.6249
75 129 9.22131
75 132 51.1059
75 140 42.1207
75 141 112.775
75 144 82.4806
76 0 10.0131
76 5 23.6777
76 7 9.79961
76 10 23.3966
76 12 82.9967
76 15 81.531
76 17 32.1987
76 18 62.2241
76 20 102.875
76 25 119.938
76 27 62.8308
76 28 35.8408
76 29 37.5733
76 31 65.4317
76 33 49.4944
76 35 82.1239
76 37 42.9925
76 42 21.6541
76 47 40.4782
76 54 65.4185
76 55 66.8622
76 56 5.75591
76 61 43.4261
76 69 116.773
76 73 2
76 75 85.4808
76 76 44.2001
76 77 15.0144
76 84 49.3456
76 90 6.21613
76 91 54.6718
76 97 48.3261
76 100 27.8011
76 101 55.8753
76 102 94.7661
76 106 26.2185
76 109 59.468
76 114 4.28128
76 119 3.5599
76 128 64.3413
76 131 3.71999
76 134 73.913
76 143 44.0225
76 145 19.9531
76 146 81.5795
76 147 11.5107
76 148 15.3058
77 0 9.79716
77 5 29.9621
77 7 8.19024
77 10 25.8929
77 12 76.9711
77 15 89.1622
77 17 49.8378
77 18 100.164
77 20 89.2372
77 25 95.4143
77 27 70.5839
77 28 51.9554
77 29 46.7419
77 31 61.2862
77 33 40.18
77 35 73.0365
77 37 55.6095
77 42 21.7166
77 47 47.7322
77 54 113.396
77 55 89.0418
77 56 6.44109
77 61 33.5345
77 69 75.2215
77 73 2
77 75 69.4468
77 76 47.9873
77 77 21.4568
77 84 46.8991
77 90 8.39216
77 91 59.6002
77 97 40.1534
77 100 36.2709
77 101 59.0169
77 102 79.3789
77 106 42.4845
77 109 64.0728
77 114 3.80315
77 119 3.09327
77 128 62.3871
77 131 2.8603
77 134 91.4734
77 143 34.7455
77 145 9.60123
77 146 78.2864
77 147 13.9317
77 148 24.0046
78 4 23.865
78 8 68.9027
78 13 17.5273
78 16 5.50538
78 23 17.1831
78 34 21.3249
78 36 42.1755
78 40 73.5592
78 41 35.1951
78 51 65.6106
78 53 11.9845
78 58 19.1552
78 59 25.7223
78 62 111.248
78 63 122.354
78 64 106.963
78 65 34.7426
78 68 83.5019
78 72 13.8492
78 74 89.3058
78 79 15.5702
78 94 31.5458
78 96 51.843
78 98 18.0445
78 103 49.9523
78 110 109.468
78 118 6.91556
78 120 87.1114
78 124 15.3174
78 127 61.4745
78 140 55.0891
78 144 73.7948
78 149 41.3543
79 4 35.5789
79 6 12.8457
79 13 25.0092
79 19 63.4448
79 23 20.1476
79 34 29.816
79 36 74.281
79 38 6.47759
79 51 49.3276
79 52 97.8238
79 53 14.3942
79 59 41.4552
79 62 130.913
79 64 51.3977
79 67 77.3079
79 68 63.0327
79 72 23.2825
79 74 76.8769
79 79 17.5081
79 82 70.3459
79 86 5.76146
79 94 48.8998
79 96 24.5209
79 98 91.6913
79 112 77.6171
79 118 8.10735
79 120 116.21
79 121 11.374
79 122 40.6062
79 123 45.4607
79 124 20.3818
79 125 31.3511
79 127 44.2183
79 130 62.6399
79 133 31.8693
79 138 105.787
79 149 117.389
80 0 7.43792
80 3 91.6878
80 7 10.6523
80 11 133.834
80 12 85.0595
80 14 18.8305
80 15 86.6947
80 21 62.8747
80 22 121.356
80 24 37.2858
80 25 96.4616
80 27 100.996
80 28 41.2652
80 31 73.9463
80 32 77.5163
80 33 45.7624
80 37 62.0715
80 42 22.7432
80 43 39.4229
80 46 28.9255
80 56 5.30805
80 60 20.6718
80 61 41.7557
80 73 2.20978
80 76 31.3566
80 77 14.0171
80 85 51.1707
80 88 56.3496
80 89 70.4715
80 93 3.25001
80 95 15.0839
80 99 20.9561
80 101 56.551
80 102 55.4745
80 104 57.4711
80 105 38.8583
80 106 24.8333
80 109 52.7942
80 113 28.9738
80 117 10.1766
80 119 2.97758
80 134 60.7133
80 135 133.13
80 136 80.543
80 137 52.1227
80 139 24.1022
80 143 48.4934
80 146 90.2434
80 148 28.7923
81 5 32.3842
81 7 5.00255
81 9 8.86276
81 11 69.3247
81 12 65.0784
81 15 99.2643
81 18 67.005
81 20 139.956
81 25 97.0308
81 27 104.557
81 29 44.173
81 31 47.3801
81 32 83.0694
81 33 31.1759
81 37 64.4451
81 42 27.2172
81 46 36.5334
81 47 68.0214
81 48 99.1689
81 54 57.4101
81 55 97.1949
81 56 8.55479
81 60 13.4013
81 66 132.681
81 73 2.38439
81 75 78.1404
81 78 33.2486
81 85 53.8262
81 89 109.111
81 90 5.7801
81 105 46.7121
81 108 56.7778
81 109 53.9799
81 114 4.26507
81 117 8.66341
81 119 3.63216
81 128 66.0707
81 134 32.1806
81 135 114.025
81 136 64.6321
81 137 76.6728
81 143 39.7708
81 145 14.0153
81 146 91.685
81 147 13.3871
82 4 38.1099
82 6 16.8752
82 13 26.142
82 19 70.8843
82 23 19.3272
82 34 28.2542
82 36 85.3216
82 38 9.03654
82 51 75.2864
82 52 109.172
82 53 12.842
82 59 39.1587
82 62 74.5149
82 64 76.4359
82 67 50.0949
82 68 66.0233
82 72 26.5147
82 74 96.8763
82 79 17.3589
82 82 108.723
82 86 5.42338
82 94 44.0041
82 96 47.5728
82 98 80.5119
82 112 129.905
82 118 9.55195
82 120 138.979
82 121 14.4804
82 122 43.2153
82 123 43.6249
82 124 21.662
82 125 25.4306
82 127 32.7075
82 130 59.8416
82 133 28.811
82 138 70.843
82 149 116.436
83 0 6.66075
83 3 116.392
83 5 35.2458
83 9 8.32757
83 10 24.6702
83 14 21.9699
83 15 121.925
83 17 27.5374
83 18 54.2678
83 20 103.364
83 21 47.8001
83 27 106.28
83 31 72.267
83 32 68.6129
83 33 37.596
83 37 28.0861
83 46 41.3533
83 47 52.0055
83 49 36.341
83 50 19.1434
83 55 61.2344
83 56 8.346
83 66 77.03
83 69 84.6377
83 73 2.54501
83 75 80.4823
83 85 97.5694
83 97 37.1155
83 99 18.5025
83 100 31.07
83 101 65.1893
83 102 51.0439
83 104 55.4861
83 108 73.3108
83 113 83.0526
83 114 3.9978
83 119 2.95409
83 128 114.062
83 131 3.11069
83 136 66.1742
83 137 61.5443
83 139 26.7049
83 143 29.3867
84 3 81.3786
84 9 5.63184
84 11 57.5297
84 14 20.3215
84 21 32.2496
84 22 88.8786
84 24 24.1712
84 32 70.7322
84 43 52.2228
84 46 22.5393
84 48 79.9639
84 49 24.8213
84 50 22.7143
84 60 20.5884
84 66 79.3451
84 78 16.8066
84 81 68.315
84 85 69.3981
84 88 47.8199
84 89 86.8469
84 92 27.0371
84 93 5.03853
84 95 14.7505
84 99 13.9618
84 104 46.3698
84 105 55.5311
84 108 91.986
84 113 91.6476
84 117 7.49744
84 135 109.493
84 136 66.5108
84 137 106.747
84 139 14.2209
84 142 14.1354
85 3 82.9316
85 9 8.67128
85 11 82.5591
85 14 20.1016
85 21 41.4879
85 22 105.378
85 24 18.2648
85 32 54.4867
85 43 39.9136
85 46 32.4323
85 48 81.5671
85 49 24.6196
85 50 17.3075
85 60 19.1789
85 66 67.4723
85 78 30.2793
85 81 36.8799
85 85 109.78
85 88 51.2418
85 89 83.9358
85 92 25.6741
85 93 4.17042
85 95 15.6785
85 99 18.798
85 104 44.8498
85 105 31.481
85 108 48.1948
85 113 90.75
85 117 7.45154
85 135 96.3873
85 136 72.6485
85 137 50.2821
85 139 18.5903
85 142 15.057
86 4 34.2879
86 26 63.1313
86 30 38.8688
86 36 77.7434
86 38 8.77143
86 41 22.4249
86 53 10.1357
86 62 114.647
86 63 70.9732
86 65 33.3498
86 68 72.0702
86 72 16.821
86 79 12.637
86 80 42.6347
86 82 114.649
86 86 4.73461
86 87 99.1925
86 96 30.7346
86 98 78.1927
86 110 111.065
86 112 89.2004
86 120 114.594
86 121 12.8996
86 122 64.0611
86 124 21.8133
86 125 34.1877
86 126 45.4024
86 127 68.5478
86 129 8.58997
86 132 41.3404
86 149 49.8676
87 5 26.3871
87 7 6.07753
87 9 7.74914
87 11 137.624
87 12 79.7286
87 15 45.002
87 18 131.296
87 20 76.6873
87 25 112.172
87 27 80.385
87 29 20.5977
87 31 74.3159
87 32 107.358
87 33 43.0829
87 37 31.8524
87 42 19.2776
87 46 35.143
87 47 40.6313
87 48 37.7856
87 54 104.595
87 55 81.0803
87 56 6.09529
87 60 14.4116
87 66 70.72
87 73 2.1108
87 75 105.59
87 78 36.8243
87 85 61.1684
87 89 109.463
87 90 5.24453
87 105 49.9815
87 108 39.0304
87 109 64.1386
87 114 3.37939
87 117 8.06787
87 119 3.21897
87 128 54.3045
87 134 39.0325
87 135 102.987
87 136 51.0622
87 137 60.6568
87 143 33.6728
87 145 12.8768
87 146 110.909
87 147 18.0167
88 3 83.3909
88 9 8.18857
88 11 100.734
88 14 16.8732
88 21 59.65
88 22 102.938
88 24 26.2598
88 32 56.4691
88 43 42.84
88 46 45.1256
88 48 99.499
88 49 27.9471
88 50 14.3035
88 60 21.2785
88 66 87.5088
88 78 34.6923
88 81 54.9086
88 85 74.934
88 88 48.5811
88 89 85.4548
88 92 17.0468
88 93 3.95494
88 95 12.7766
88 99 21.0112
88 104 36.0473
88 105 38.4329
88 108 60.5344
88 113 93.651
88 117 8.59475
88 135 143.932
88 136 82.0732
88 137 74.3586
88 139 13.8173
88 142 9.82657
89 0 7.56322
89 3 113.236
89 10 18.6585
89 14 16.2117
89 17 31.9914
89 21 61.0469
89 22 66.2881
89 24 29.1965
89 28 49.4436
89 35 144.342
89 43 64.3394
89 49 14.0441
89 50 10.4637
89 61 33.7748
89 69 108.553
89 76 4.82103
89 77 18.324
89 81 58.0757
89 84 55.7705
89 88 47.2736
89 91 40.1655
89 92 26.9396
89 93 3.78611
89 95 14.7052
89 97 27.5467
89 99 17.1304
89 100 27.9727
89 101 49.2845
89 102 42.5109
89 104 35.0733
89 106 33.7097
89 113 90.0895
89 131 2.42853
89 139 25.7474
89 142 14.9757
89 148 25.6755
90 1 24.7844
90 2 109.332
90 6 18.4595
90 19 75.7621
90 26 35.15
90 30 71.7243
90 38 8.72187
90 39 23.8944
90 44 56.1785
90 45 31.0321
90 52 102.175
90 57 122.547
90 67 47.4304
90 70 57.7506
90 71 29.486
90 80 40.0955
90 82 108.349
90 83 9.39173
90 86 5.97405
90 87 67.6827
90 107 120.043
90 111 83.4838
90 112 156.095
90 115 44.311
90 116 39.3435
90 121 19.1929
90 122 80.4761
90 123 48.6397
90 125 25.4834
90 126 37.5376
90 129 10.4546
90 130 92.0348
90 132 68.824
90 133 16.0063
90 138 34.6884
90 141 116.917
91 0 10.4968
91 3 78.3008
91 5 31.8018
91 7 8.0649
91 9 10.163
91 14 11.3609
91 18 137.612
91 20 83.1684
91 21 64.2663
91 27 88.2249
91 28 40.8372
91 29 41.9197
91 31 34.8495
91 32 93.1258
91 33 44.6098
91 35 114.45
91 37 48.5963
91 42 20.0429
91 43 53.6146
91 48 75.9339
91 49 23.573
91 54 91.8819
91 55 123.242
91 56 7.8915
91 61 21.7828
91 69 125.011
91 73 2
91 75 76.1315
91 81 57.5763
91 91 85.9573
91 95 14.948
91 100 35.2304
91 101 38.2472
91 108 61.7099
91 109 66.518
91 113 69.1223
91 114 4.38811
91 117 5.91345
91 128 44.1265
91 135 98.4957
91 136 67.6359
91 137 97.5383
91 139 18.8649
91 142 16.4968
91 143 38.1961
91 146 92.9182
91 148 28.4605
92 0 9.16506
92 3 92.7281
92 5 23.9199
92 7 6.38641
92 9 9.39817
92 14 14.9814
92 18 116.469
92 20 48.8759
92 21 42.6102
92 27 95.1785
92 28 31.3545
92 29 37.5838
92 31 43.3329
92 32 66.269
92 33 48.1055
92 35 77.0309
92 37 53.3415
92 42 18.8613
92 43 60.9915
92 48 70.7869
92 49 34.2591
92 54 137.372
92 55 95.8955
92 56 5.76018
92 61 39.0685
92 69 92.8516
92 73 2
92 75 60.469
92 81 34.1933
92 91 75.5098
92 95 16.1812
92 100 35.4154
92 101 48.7314
92 108 57.33
92 109 35.1857
92 113 40.8008
92 114 3.96483
92 117 7.79633
92 128 55.8112
92 135 114.339
92 136 84.6274
92 137 53.2053
92 139 14.9771
92 142 13.2758
92 143 49.5168
92 146 69.2296
92 148 17.1608
93 4 26.4624
93 16 8.06746
93 19 47.9405
93 39 33.1838
93 44 68.0203
93 45 24.0335
93 57 86.4645
93 58 107.16
93 64 89.9231
93 67 54.5038
93 72 16.3908
93 79 11.9202
93 80 36.4156
93 82 86.1587
93 87 43.0441
93 94 75.3087
93 96 27.663
93 103 32.2806
93 111 81.0667
93 112 138.138
93 116 54.8014
93 118 11.5767
93 123 32.7988
93 124 22.9259
93 127 41.1175
93 129 9.36599
93 132 68.9472
93 141 40.1743
93 149 73.1387
94 4 30.1088
94 16 4.92037
94 19 84.3358
94 39 32.9239
94 44 47.7462
94 45 51.5617
94 57 77.8343
94 58 75.5407
94 64 96.5433
94 67 61.7523
94 72 20.7312
94 79 11.1644
94 80 39.1787
94 82 127.044
94 87 58.6004
94 94 34.5023
94 96 36.117
94 103 52.2897
94 111 111.62
94 112 158.285
94 116 40.3722
94 118 8.90789
94 123 26.3156
94 124 22.2478
94 127 47.5758
94 129 11.6107
94 132 38.4635
94 141 63.7896
94 149 96.9382
95 1 40.3549
95 2 105.172
95 8 58.171
95 16 6.68113
95 26 85.6402
95 30 64.0872
95 39 32.7663
95 40 55.0182
95 41 16.1831
95 44 58.9101
95 45 42.8503
95 57 67.6272
95 58 119.875
95 63 125.758
95 65 38.0181
95 70 18.1591
95 71 36.55
95 80 53.5147
95 83 11.6396
95 87 38.152
95 103 45.5326
95 107 74.7943
95 110 98.1271
95 111 56.2426
95 115 42.8364
95 116 56.0917
95 126 50.6719
95 129 7.27728
95 132 78.4233
95 140 40.0018
95 141 66.0249
95 144 60.968
96 1 34.8414
96 2 92.8356
96 6 21.3287
96 8 78.9154
96 13 14.4572
96 23 12.6835
96 26 108.077
96 30 68.1514
96 34 57.373
96 36 80.3117
96 38 6.63131
96 40 72.7122
96 41 32.383
96 51 82.9902
96 52 74.6392
96 53 9.56443
96 59 40.3766
96 62 125.633
96 63 55.9739
96 65 53.1769
96 68 115.077
96 70 84.379
96 71 25.7329
96 74 93.2491
96 83 10.7895
96 86 7.76711
96 98 62.9279
96 107 101.255
96 110 62.1393
96 115 27.5182
96 120 116.54
96 121 12.4661
96 122 59.7602
96 125 30.7432
96 126 41.9648
96 130 72.4648
96 133 35.2829
96 138 93.3376
96 140 19.0795
96 144 67.472
97 0 6.53999
97 3 79.2663
97 5 23.1989
97 9 5.47677
97 10 16.0046
97 14 12.4775
97 15 92.8475
97 17 26.3648
97 18 95.1906
97 20 142.769
97 21 55.7764
97 27 86.9661
97 31 57.0078
97 32 81.4056
97 33 39.8485
97 37 85.3692
97 46 43.4463
97 47 62.0922
97 49 14.702
97 50 23.6484
97 55 75.17
97 56 7.88103
97 66 71.893
97 69 85.4504
97 73 2
97 75 72.8
97 85 42.5922
97 97 57.5273
97 99 19.6093
97 100 35.074
97 101 44.2995
97 102 31.482
97 104 33.9396
97 108 79.6831
97 113 101.804
97 114 3.36006
97 119 3.08589
97 128 68.1012
97 131 2.44106
97 136 64.6117
97 137 64.7034
97 139 19.8416
97 143 41.3168
98 1 22.6845
98 2 65.6141
98 6 20.7005
98 8 62.1632
98 13 15.9043
98 16 5.09477
98 19 53.6082
98 23 8.80021
98 34 39.811
98 39 30.868
98 40 53.092
98 44 42.7652
98 45 38.4407
98 51 69.0662
98 52 68.9253
98 57 23.8872
98 58 92.634
98 59 52.5886
98 64 75.8146
98 67 58.2963
98 70 87.6242
98 71 42.6663
98 74 90.3563
98 83 8.80766
98 94 71.1854
98 103 68.4643
98 107 82.5855
98 111 51.1243
98 115 47.7859
98 116 71.5021
98 118 10.0039
98 123 25.4829
98 130 61.5737
98 133 32.7651
98 138 69.6498
98 140 40.1027
98 141 66.6321
98 144 77.7312
99 5 33.4075
99 7 7.74169
99 9 9.80771
99 11 61.8808
99 12 74.5618
99 15 65.7928
99 18 76.8379
99 20 128.181
99 25 134.73
99 27 122.579
99 29 33.3302
99 31 63.9006
99 32 78.7021
99 33 20.6459
99 37 58.08
99 42 27.0433
99 46 48.392
99 47 26.7497
99 48 68.3537
99 54 66.3233
99 55 103.596
99 56 6.23062
99 60 24.3306
99 66 66.5442
99 73 2
99 75 58.6047
99 78 28.0126
99 85 87.935
99 89 69.7948
99 90 8.69796
99 105 32.7542
99 108 64.0187
99 109 56.871
99 114 4.48039
99 117 9.03409
99 119 2.79223
99 128 58.0422
99 134 50.6022
99 135 122.013
99 136 80.7577
99 137 94.3604
99 143 29.3698
99 145 11.9011
99 146 115.013
99 147 11.5268
100 5 29.5159
100 7 11.6926
100 9 10.2186
100 11 81.254
100 12 93.9553
100 15 73.1558
100 18 56.5872
100 20 62.4792
100 25 90.9138
100 27 67.896
100 29 45.5289
100 31 40.0735
100 32 99.5449
100 33 42.2049
100 37 78.3255
100 42 20.4826
100 46 44.5269
100 47 56.3744
100 48 42.3995
100 54 39.7801
100 55 77.1946
100 56 4.65414
100 60 19.9784
100 66 93.1646
100 73 2
100 75 53.2756
100 78 29.0226
100 85 55.5944
100 89 141.503
100 90 8.05976
100 105 38.6065
100 108 55.2058
100 109 79.4366
100 114 3.4092
100 117 8.4869
100 119 2.72063
100 128 95.4349
100 134 32.028
100 135 87.3674
100 136 33.0859
100 137 97.2894
100 143 38.3947
100 145 9.63128
100 146 109.298
100 147 6.76111
101 1 42.6122
101 2 108.519
101 8 72.0867
101 16 7.60784
101 26 102.656
101 30 51.0672
101 39 19.9208
101 40 38.0318
101 41 26.1875
101 44 52.8013
101 45 23.6291
101 57 94.7659
101 58 74.5821
101 63 129.371
101 65 29.6987
101 70 63.2274
101 71 32.0502
101 80 45.94
101 83 10.8093
101 87 63.7614
101 103 73.3827
101 107 79.8293
101 110 112.605
101 111 58.6094
101 115 30.0601
101 116 39.5603
101 126 44.8959
101 129 13.4008
101 132 32.6937
101 140 52.9812
101 141 86.0966
101 144 62.0359
102 1 25.0845
102 2 83.9417
102 6 23.997
102 19 59.1354
102 26 93.968
102 30 31.9916
102 38 7.21497
102 39 24.9585
102 44 39.6651
102 45 45.8091
102 52 70.7237
102 57 101.499
102 67 50.2277
102 70 102.213
102 71 40.6645
102 80 37.368
102 82 100.359
102 83 13.8472
102 86 4.72648
102 87 82.5354
102 107 87.0324
102 111 71.2617
102 112 99.7303
102 115 56.3344
102 116 17.2137
102 121 16.3682
102 122 73.7654
102 123 34.1222
102 125 17.9014
102 126 35.5378
102 129 7.11688
102 130 77.4455
102 132 50.9252
102 133 29.7291
102 138 98.7613
102 141 108.106
103 5 44.8028
103 7 11.9934
103 9 8.34275
103 11 91.5412
103 12 108.44
103 15 100.66
103 18 63.2003
103 20 63.0515
103 25 133.173
103 27 110.07
103 29 33.8872
103 31 67.8235
103 32 95.3858
103 33 23.2585
103 37 62.0991
103 42 21.0408
103 46 40.2038
103 47 76.9849
103 48 66.9444
103 54 89.1039
103 55 91.1342
103 56 8.267
103 60 22.3645
103 66 35.3998
103 73 2
103 75 75.478
103 78 22.3553
103 85 56.9333
103 89 85.7415
103 90 8.08278
103 105 27.5424
103 108 55.5146
103 109 43.9286
103 114 2.67828
103 117 7.99686
103 119 3.34515
103 128 52.0288
103 134 45.5174
103 135 106.098
103 136 49.9574
103 137 28.0276
103 143 31.6877
103 145 18.2496
103 146 78.9092
103 147 10.4869
104 1 47.952
104 2 90.8766
104 6 8.61236
104 8 40.0662
104 13 39.232
104 23 15.4043
104 26 123.447
104 30 44.2949
104 34 44.0107
104 36 58.9942
104 38 7.47081
104 40 72.9492
104 41 19.4845
104 51 96.5891
104 52 67.7861
104 53 8.62831
104 59 60.022
104 62 89.55
104 63 79.823
104 65 22.4931
104 68 67.4432
104 70 91.3667
104 71 28.4343
104 74 75.9854
104 83 11.5178
104 86 4.66118
104 98 55.7934
104 107 109.785
104 110 112.508
104 115 57.2568
104 120 60.313
104 121 15.4796
104 122 59.0056
104 125 20.7622
104 126 53.9537
104 130 74.604
104 133 29.619
104 138 75.8605
104 140 47.6753
104 144 76.6415
105 4 39.9677
105 16 7.94654
105 19 85.791
105 39 31.674
105 44 60.2866
105 45 34.3055
105 57 95.4963
105 58 119.264
105 64 84.2008
105 67 38.9037
105 72 24.4926
105 79 17.1284
105 80 40.7869
105 82 88.6377
105 87 79.204
105 94 55.7703
105 96 39.8163
105 103 66.2797
105 111 129.246
105 112 109.863
105 116 37.8412
105 118 9.8819
105 123 24.6229
105 124 22.7076
105 127 47.5465
105 129 8.30854
105 132 52.7096
105 141 76.2931
105 149 123.918
106 1 34.6555
106 2 107.17
106 6 16.6397
106 19 72.5538
106 26 161.667
106 30 48.1147
106 38 7.42221
106 39 27.4003
106 44 60.7288
106 45 59.1539
106 52 75.2546
106 57 71.5907
106 67 52.1248
106 70 71.2038
106 71 52.7874
106 80 44.8046
106 82 83.8075
106 83 7.81933
106 86 3.96219
106 87 39.6165
106 107 75.2632
106 111 50.0127
106 112 107.612
106 115 74.3427
106 116 16.3022
106 121 16.6514
106 122 88.8871
106 123 32.834
106 125 37.8692
106 126 57.848
106 129 8.20488
106 130 53.4282
106 132 58.1354
106 133 34.4208
106 138 105.562
106 141 72.1928
107 1 43.9098
107 2 101.902
107 8 60.4666
107 16 7.8097
107 26 101.942
107 30 47.0221
107 39 31.7984
107 40 67.7854
107 41 29.5825
107 44 57.1341
107 45 47.2962
107 57 61.5912
107 58 79.4531
107 63 39.5386
107 65 29.7823
107 70 92.9162
107 71 41.8225
107 80 57.6901
107 83 9.24003
107 87 31.8466
107 103 50.7849
107 107 114.29
107 110 89.6905
107 111 73.6427
107 115 51.5103
107 116 44.3615
107 126 42.5923
107 129 9.43301
107 132 61.7425
107 140 32.1272
107 141 42.4044
107 144 66.6984
108 4 29.3242
108 8 47.8409
108 13 21.995
108 16 8.21208
108 23 9.48393
108 34 36.2577
108 36 85.5191
108 40 72.4473
108 41 26.7955
108 51 77.8457
108 53 10.7562
108 58 97.3665
108 59 49.3884
108 62 74.0434
108 63 64.1564
108 64 86.1023
108 65 29.0492
108 68 90.0057
108 72 27.9933
108 74 77.8863
108 79 16.8248
108 94 80.6073
108 96 31.7421
108 98 66.2091
108 103 76.7431
108 110 112.591
108 118 13.2334
108 120 68.0009
108 124 17.3177
108 127 53.2622
108 140 25.516
108 144 44.1227
108 149 97.7337
109 1 34.8804
109 4 35.325
109 13 27.9742
109 16 7.27838
109 26 130.087
109 34 29.4592
109 36 67.6678
109 39 37.1546
109 40 58.6662
109 41 17.5504
109 45 40.6297
109 51 86.7057
109 53 8.01151
109 62 138.373
109 68 89.8807
109 71 48.936
109 72 19.2576
109 74 76.544
109 80 35.3179
109 82 79.127
109 83 13.2298
109 86 4.08775
109 87 46.3596
109 107 75.2287
109 111 79.8773
109 112 115.598
109 115 44.0564
109 122 79.1173
109 125 35.3285
109 126 54.0021
109 130 75.2432
109 132 53.666
109 133 33.9492
109 138 75.1982
109 140 43.7031
109 149 91.5603
110 1 26.8744
110 2 63.4775
110 6 22.4488
110 19 84.6928
110 26 83.4788
110 30 60.1377
110 38 9.12827
110 39 24.274
110 44 43.4021
110 45 41.1098
110 52 81.7578
110 57 57.9267
110 67 59.0714
110 70 72.9896
110 71 46.7363
110 80 40.9751
110 82 71.1944
110 83 9.94726
110 86 4.46126
110 87 51.5985
110 107 72.8537
110 111 80.529
110 112 99.0867
110 115 68.6167
110 116 59.0973
110 121 16.2597
110 122 81.9528
110 123 43.494
110 125 29.4172
110 126 46.5669
110 129 6.15442
110 130 81.5869
110 132 52.691
110 133 30.922
110 138 66.9548
110 141 50.9385
111 0 6.70565
111 5 32.4039
111 7 8.54186
111 10 23.081
111 12 78.7502
111 15 61.0922
111 17 43.8654
111 18 73.4904
111 20 99.7957
111 25 55.8474
111 27 120.017
111 28 56.0114
111 29 44.4445
111 31 59.1744
111 33 38.9297
111 35 84.325
111 37 41.4115
111 42 19.021
111 47 40.1814
111 54 104.204
111 55 69.728
111 56 7.75228
111 61 33.3793
111 69 76.6667
111 73 2.32041
111 75 87.3755
111 76 9.9181
111 77 17.6689
111 84 61.076
111 90 7.03043
111 91 31.4597
111 97 24.1936
111 100 48.1544
111 101 50.2992
111 102 56.4023
111 106 35.5567
111 109 59.9585
111 114 3.21546
111 119 3.50135
111 128 31.9584
111 131 2.98875
111 134 53.6736
111 143 30.0351
111 145 18.0026
111 146 117.28
111 147 8.96442
111 148 15.7287
112 0 10.5993
112 3 115.242
112 7 6.27203
112 11 93.4902
112 12 109.448
112 14 20.1553
112 15 63.0434
112 21 47.3433
112 22 73.5562
112 24 37.5316
112 25 90.4485
112 27 100.925
112 28 31.8848
112 31 58.9014
112 32 67.5369
112 33 55.2456
112 37 44.1413
112 42 15.8678
112 43 37.4792
112 46 35.9398
112 56 9.23002
112 60 22.9853
112 61 34.4602
112 73 2.1823
112 76 30.6501
112 77 15.4893
112 85 85.5871
112 88 38.7157
112 89 77.974
112 93 4.31954
112 95 16.9029
112 99 19.7168
112 101 36.538
112 102 74.0901
112 104 35.1663
112 105 32.99
112 106 20.0429
112 109 53.3451
112 113 70.9592
112 117 5.90905
112 119 3.26395
112 134 56.0619
112 135 108.806
112 136 59.0595
112 137 85.2092
112 139 11.2111
112 143 43.4549
112 146 82.6858
112 148 19.1791
113 1 31.1502
113 2 63.9281
113 8 59.5555
113 16 5.70443
113 26 89.6926
113 30 44.5578
113 39 27.8028
113 40 67.1796
113 41 24.5614
113 44 56.1435
113 45 58.0067
113 57 54.8907
113 58 77.3793
113 63 133.993
113 65 23.8053
113 70 62.1986
113 71 49.6207
113 80 25.5799
113 83 11.3337
113 87 53.0048
113 103 37.7665
113 107 64.3255
113 110 118.891
113 111 59.0699
113 115 43.6652
113 116 36.3452
113 126 33.046
113 129 8.20165
113 132 55.0659
113 140 19.4343
113 141 75.9957
113 144 59.2609
114 1 40.3597
114 2 71.5779
114 8 20.9188
114 16 6.13603
114 26 80.8515
114 30 47.3259
114 39 46.4111
114 40 43.4503
114 41 31.3264
114 44 61.107
114 45 45.53
114 57 93.7805
114 58 76.2619
114 63 85.7243
114 65 27.6817
114 70 76.1897
114 71 52.4112
114 80 28.0529
114 83 11.213
114 87 45.5501
114 103 69.6974
114 107 113.494
114 110 60.6031
114 111 76.2399
114 115 72.3568
114 116 34.7514
114 126 50.7774
114 129 6.99608
114 132 11.6461
114 140 32.7479
114 141 57.7118
114 144 59.4094
115 4 22.522
115 6 20.8926
115 13 26.8239
115 19 85.7178
115 23 20.3719
115 34 39.4233
115 36 65.1128
115 38 9.02803
115 51 53.9615
115 52 77.6683
115 53 6.92187
115 59 35.0902
115 62 113.452
115 64 96.6345
115 67 46.0526
115 68 71.4311
115 72 16.5014
115 74 61.9228
115 79 12.7167
115 82 80.0016
115 86 4.87605
115 94 35.0703
115 96 45.5147
115 98 80.1705
115 112 114.27
115 118 10.5998
115 120 144.526
115 121 12.4626
115 122 42.5834
115 123 15.8569
115 124 24.344
115 125 14.0418
115 127 65.3048
115 130 101.727
115 133 25.1818
115 138 87.7844
115 149 99.3722
116 4 29.7958
116 26 114.012
116 30 57.9879
116 36 86.618
116 38 7.99256
116 41 31.8569
116 53 11.364
116 62 59.4865
116 63 90.6802
116 65 32.9559
116 68 58.7953
116 72 18.6748
116 79 12.3205
116 80 49.5359
116 82 122.049
116 86 6.84344
116 87 79.6806
116 96 32.5039
116 98 79.2026
116 110 99.2798
116 112 124.103
116 120 92.6217
116 121 13.3037
116 122 129.345
116 124 11.6951
116 125 28.5722
116 126 45.0229
116 127 49.0953
116 129 9.21948
116 132 61.9351
116 149 60.4449
117 0 5.84859
117 3 76.1327
117 10 17.5124
117 14 17.5489
117 17 42.1067
117 21 48.4388
117 22 96.6498
117 24 19.9421
117 28 49.3681
117 35 81.963
117 43 56.4451
117 49 20.6877
117 50 18.9234
117 61 38.1594
117 69 75.4529
117 76 34.5994
117 77 18.9367
117 81 44.7784
117 84 24.5563
117 88 50.6083
117 91 70.8593
117 92 33.7014
117 93 3.47649
117 95 11.8928
117 97 22.2014
117 99 24.1131
117 100 22.4307
117 101 62.1521
117 102 66.929
117 104 45.3481
117 106 26.6383
117 113 82.0101
117 131 3.40123
117 139 23.3772
117 142 11.1716
117 148 23.2329
118 1 46.6604
118 2 76.8666
118 6 20.467
118 8 62.4608
118 13 28.2098
118 23 13.2852
118 26 77.4296
118 30 66.3824
118 34 34.0135
118 36 40.761
118 38 9.67364
118 40 82.0292
118 41 31.474
118 51 119.284
118 52 62.8626
118 53 9.15825
118 59 49.817
118 62 76.0035
118 63 126.688
118 65 39.0103
118 68 85.6558
118 70 81.0687
118 71 40.4583
118 74 92.4128
118 83 14.3413
118 86 5.31939
118 98 47.3014
118 107 152.448
118 110 117.336
118 115 44.6486
118 120 55.7712
118 121 18.1439
118 122 48.0396
118 125 37.8522
118 126 40.9007
118 130 82.538
118 133 35.9625
118 138 40.8502
118 140 41.1773
118 144 26.5111
119 10 14.6954
119 11 127.867
119 12 90.5755
119 15 112.503
119 17 42.3512
119 22 73.0083
119 24 23.5169
119 25 140.07
119 46 37.7654
119 47 59.0386
119 50 24.9545
119 60 13.1168
119 66 111.171
119 76 25.2722
119 77 19.3893
119 78 31.7851
119 84 46.493
119 85 49.1766
119 88 43.9455
119 89 118.732
119 90 8.5506
119 92 38.0326
119 93 4.59773
119 97 56.525
119 99 19.6808
119 102 39.1209
119 104 75.3953
119 105 47.2212
119 106 31.3155
119 119 2.67789
119 131 2
119 134 61.0782
119 145 15.1009
119 147 14.9792
120 0 5.80538
120 3 73.7596
120 5 35.0601
120 9 9.93445
120 10 22.5103
120 14 16.1397
120 15 68.316
120 17 40.594
120 18 60.3958
120 20 147.736
120 21 37.9199
120 27 115.255
120 31 47.8383
120 32 57.1774
120 33 40.4526
120 37 47.9686
120 46 32.5492
120 47 58.8709
120 49 25.525
120 50 22.7512
120 55 59.5065
120 56 4.91158
120 66 115.799
120 69 103.55
120 73 2.2546
120 75 58.1083
120 85 20.4174
120 97 55.2135
120 99 14.0679
120 100 51.2607
120 101 31.7003
120 102 65.8359
120 104 60.8152
120 108 66.5953
120 113 49.9283
120 114 5.22896
120 119 3.06676
120 128 76.3339
120 131 3.15855
120 136 70.3496
120 137 130.191
120 139 19.0626
120 143 48.5517
121 0 8.78876
121 3 79.8877
121 10 14.965
121 14 21.7017
121 17 41.8283
121 21 47.5363
121 22 57.7198
121 24 24.9498
121 28 47.1067
121 35 125.144
121 43 42.9402
121 49 30.4043
121 50 26.9206
121 61 39.2957
121 69 98.3875
121 76 63.5859
121 77 17.5019
121 81 37.978
121 84 71.1584
121 88 59.2112
121 91 55.2585
121 92 41.6052
121 93 4.3218
121 95 11.1465
121 97 42.8423
121 99 14.2492
121 100 37.3687
121 101 51.0619
121 102 66.6064
121 104 55.8118
121 106 24.2344
121 113 85.6919
121 131 3.77423
121 139 22.6321
121 142 20.9162
121 148 24.1162
122 5 24.0768
122 9 9.36689
122 10 20.8232
122 17 39.6161
122 18 94.6722
122 20 112.682
122 29 43.9394
122 35 76.296
122 47 71.6396
122 48 41.5222
122 49 22.3654
122 50 24.1271
122 54 52.4964
122 55 91.2662
122 66 117.093
122 69 88.7989
122 75 40.0567
122 78 22.5206
122 81 45.0866
122 84 39.8201
122 90 4.85711
122 91 66.0346
122 92 40.9883
122 97 51.6519
122 100 54.4368
122 108 46.0381
122 114 4.29823
122 128 69.6666
122 131 2.6644
122 142 9.60832
122 145 16.1153
122 147 13.5427
123 1 47.8479
123 2 113.058
123 6 27.846
123 8 51.1356
123 13 18.8616
123 23 16.7715
123 26 97.6973
123 30 70.054
123 34 33.4818
123 36 56.0655
123 38 6.50101
123 40 78.0255
123 41 21.9492
123 51 82.706
123 52 51.6153
123 53 7.26517
123 59 50.7999
123 62 76.5133
123 63 56.4726
123 65 17.8786
123 68 64.6501
123 70 78.6119
123 71 35.514
123 74 65.1656
123 83 11.859
123 86 3.02347
123 98 59.0428
123 107 91.4058
123 110 94.4614
123 115 56.1252
123 120 103.788
123 121 16.8259
123 122 57.2892
123 125 23.7369
123 126 44.3077
123 130 70.1418
123 133 34.2323
123 138 86.2691
123 140 26.5276
123 144 54.7011
124 0 8.03255
124 5 32.7684
124 7 8.74294
124 10 19.8443
124 12 45.176
124 15 79.562
124 17 39.9956
124 18 119.01
124 20 119.872
124 25 91.6323
124 27 114.514
124 28 53.8433
124 29 40.2906
124 31 39.2356
124 33 54.5715
124 35 92.469
124 37 73.4636
124 42 7.41855
124 47 51.9961
124 54 64.0925
124 55 121.898
124 56 5.71444
124 61 38.2903
124 69 99.9209
124 73 2
124 75 112.872
124 76 53.0853
124 77 20.761
124 84 46.4867
124 90 5.53163
124 91 80.3075
124 97 26.5599
124 100 43.5854
124 101 46.7035
124 102 47.7563
124 106 27
124 109 60.3672
124 114 4.88279
124 119 2.6809
124 128 55.4797
124 131 2.65422
124 134 48.6466
124 143 39.1637
124 145 19.3619
124 146 67.8824
124 147 12.3214
124 148 20.1895
125 1 34.7939
125 2 61.4326
125 6 17.7419
125 19 47.0183
125 26 117.08
125 30 68.7657
125 38 7.46962
125 39 33.437
125 44 47.3892
125 45 58.3606
125 52 70.3759
125 57 70.9344
125 67 61.9019
125 70 93.682
125 71 42.2467
125 80 40.1115
125 82 73.5123
125 83 9.05246
125 86 5.75387
125 87 48.9645
125 107 108.526
125 111 94.9499
125 112 105.898
125 115 9.65353
125 116 81.26
125 121 10.5197
125 122 57.2297
125 123 37.0533
125 125 34.7126
125 126 69.2876
125 129 9.45916
125 130 61.1906
125 132 55.53
125 133 22.5134
125 138 54.8821
125 141 66.4838
126 4 27.1968
126 16 5.1485
126 19 66.0096
126 39 28.274
126 44 81.2795
126 45 28.6195
126 57 70.5322
126 58 106.862
126 64 77.4745
126 67 63.4375
126 72 25.2067
126 79 11.6464
126 80 55.9173
126 82 114.201
126 87 66.3303
126 94 50.6398
126 96 38.6615
126 103 41.8156
126 111 64.1468
126 112 125.365
126 116 43.1118
126 118 8.79372
126 123 37.4799
126 124 22.0681
126 127 36.463
126 129 10.3228
126 132 39.7798
126 141 105.588
126 149 94.6034
127 0 12.5417
127 3 85.5571
127 7 10.9625
127 11 99.0756
127 12 48.7017
127 14 13.1673
127 15 96.867
127 21 42.3961
127 22 84.5833
127 24 30.0344
127 25 108.215
127 27 115.558
127 28 50.6335
127 31 55.6179
127 32 69.7893
127 33 48.7355
127 37 45.8193
127 42 22.6308
127 43 60.3983
127 46 40.3495
127 56 7.87779
127 60 15.9829
127 61 49.6614
127 73 2
127 76 41.6744
127 77 27.9133
127 85 95.0446
127 88 44.8595
127 89 130.115
127 93 2.6744
127 95 15.9666
127 99 10.4
127 101 39.0616
127 102 63.8098
127 104 40.0286
127 105 27.353
127 106 30.1891
127 109 58.4974
127 113 76.0089
127 117 7.86013
127 119 2.65731
127 134 59.7518
127 135 104.829
127 136 84.7012
127 137 87.0627
127 139 28.2237
127 143 44.7442
127 146 88.4287
127 148 26.3448
128 4 12.8298
128 16 7.73402
128 19 62.8622
128 39 29.6334
128 44 50.0446
128 45 39.8852
128 57 81.891
128 58 45.8762
128 64 92.6567
128 67 63.7524
128 72 18.4945
128 79 18.2863
128 80 31.9172
128 82 78.834
128 87 41.4169
128 94 93.0269
128 96 33.5538
128 103 36.971
128 111 91.7103
128 112 54.9751
128 116 56.1992
128 118 8.42265
128 123 36.6824
128 124 16.2953
128 127 43.2532
128 129 9.18767
128 132 67.4466
128 141 93.7236
128 149 85.4859
129 0 9.22315
129 3 78.3308
129 5 20.0312
129 9 7.72708
129 10 23.0481
129 14 23.3249
129 15 51.5514
129 17 45.5557
129 18 72.0162
129 20 73.9982
129 21 53.4103
129 27 55.9421
129 31 58.3162
129 32 56.4362
129 33 19.0787
129 37 60.5032
129 46 32.7261
129 47 42.2688
129 49 23.6382
129 50 19.5467
129 55 113.16
129 56 10.4524
129 66 111.956
129 69 76.8889
129 73 2.1027
129 75 68.2549
129 85 54.2244
129 97 47.4354
129 99 20.1617
129 100 33.8418
129 101 34.7512
129 102 39.4706
129 104 81.3633
129 108 39.8812
129 113 105.289
129 114 3.06392
129 119 3.22311
129 128 46.8349
129 131 3.39195
129 136 67.3746
129 137 99.6074
129 139 23.7356
129 143 50.3926
130 2 66.8562
130 6 12.4858
130 8 56.0453
130 19 72.6789
130 23 17.6356
130 30 59.6879
130 38 9.89215
130 44 71.7237
130 52 95.6378
130 57 78.6361
130 58 96.0041
130 59 45.8135
130 63 103.476
130 64 119.615
130 65 22.1936
130 67 54.7061
130 70 108.448
130 79 11.5458
130 94 38.9619
130 96 40.1632
130 98 41.1977
130 103 40.8245
130 110 94.3254
130 116 54.2938
130 118 10.3799
130 120 110.661
130 121 18.4796
130 123 20.2344
130 124 19.9762
130 127 50.9153
130 129 11.1321
130 141 93.7738
130 144 77.1063
131 4 18.3744
131 8 53.3941
131 13 35.19
131 16 4.67245
131 23 20.2806
131 34 33.2227
131 36 62.382
131 40 49.8818
131 41 27.2792
131 51 77.4554
131 53 5.90832
131 58 127.298
131 59 56.2754
131 62 72.4435
131 63 94.8256
131 64 67.5195
131 65 37.9302
131 68 63.941
131 72 23.9616
131 74 74.0762
131 79 13.9687
131 94 76.9391
131 96 20.8858
131 98 66.5329
131 103 35.1497
131 110 57.6879
131 118 11.9459
131 120 87.877
131 124 21.4805
131 127 51.6153
131 140 40.7874
131 144 55.4266
131 149 93.1193
132 4 39.3325
132 6 11.8325
132 13 28.609
132 19 78.8553
132 23 11.3292
132 34 37.4949
132 36 63.0009
132 38 7.40541
132 51 69.2354
132 52 104.202
132 53 13.0442
132 59 62.1188
132 62 107.081
132 64 55.8251
132 67 60.4975
132 68 71.3949
132 72 26.783
132 74 98.5175
132 79 12.5463
132 82 74.7848
132 86 5.65887
132 94 40.1058
132 96 37.4225
132 98 84.1859
132 112 85.6503
132 118 8.57614
132 120 89.2354
132 121 16.7063
132 122 91.8646
132 123 41.9496
132 124 20.6844
132 125 26.861
132 127 46.2893
132 130 106.879
132 133 28.0586
132 138 85.5565
132 149 78.1095
133 10 23.662
133 11 65.078
133 12 67.1626
133 15 146.421
133 17 24.9313
133 22 105.592
133 24 29.7264
133 25 126.612
133 46 45.1396
133 47 54.6687
133 50 15.8994
133 60 23.1551
133 66 106.306
133 76 51.7388
133 77 19.7526
133 78 24.4268
133 84 46.9594
133 85 53.0293
133 88 38.1997
133 89 83.5555
133 90 5.7688
133 92 25.4796
133 93 3.25755
133 97 60.1786
133 99 16.6846
133 102 63.8682
133 104 44.7093
133 105 34.808
133 106 37.8749
133 119 3.28623
133 131 3.33747
133 134 63.0108
133 145 13.648
133 147 14.6238
134 7 8.39273
134 11 72.7594
134 12 91.4547
134 22 77.0745
134 24 20.5246
134 25 69.6807
134 28 47.3105
134 29 20.8827
134 35 23.8522
134 42 27.1326
134 43 53.5586
134 48 101.016
134 54 83.0194
134 60 15.3303
134 61 48.9545
134 76 40.9899
134 77 15.0841
134 78 40.8199
134 81 41.7914
134 84 49.1501
134 88 39.3067
134 89 60.1969
134 90 7.50413
134 91 65.3284
134 92 40.1604
134 93 3.69695
134 95 13.1876
134 105 32.8969
134 106 21.3726
134 109 67.7908
134 117 7.26629
134 134 63.841
134 135 55.3635
134 142 18.9961
134 145 14.9112
134 146 117.708
134 147 12.4478
134 148 12.9626
135 1 31.1333
135 4 37.3678
135 13 25.3803
135 16 5.83078
135 26 94.368
135 34 32.4144
135 36 72.5837
135 39 22.0326
135 40 56.6289
135 41 24.3883
135 45 30.4737
135 51 99.3297
135 53 12.5484
135 62 36.5917
135 68 88.933
135 71 46.3574
135 72 21.1824
135 74 129.161
135 80 42.0269
135 82 106.653
135 83 8.91342
135 86 6.26774
135 87 90.8607
135 107 108.853
135 111 81.9426
135 112 84.495
135 115 56.6786
135 122 31.6345
135 125 21.0088
135 126 31.7028
135 130 66.4382
135 132 54.441
135 133 22.3812
135 138 90.6546
135 140 40.7355
135 149 83.6958
136 4 26.9976
136 8 24.8184
136 13 23.4499
136 16 5.92381
136 23 13.9915
136 34 36.4407
136 36 61.4741
136 40 51.7452
136 41 21.3719
136 51 76.1065
136 53 7.41056
136 58 90.7725
136 59 36.544
136 62 127.685
136 63 69.1338
136 64 79.7071
136 65 42.0202
136 68 68.1614
136 72 15.5521
136 74 73.802
136 79 16.9841
136 94 44.3776
136 96 28.0028
136 98 92.2985
136 103 32.3817
136 110 78.1124
136 118 11.4492
136 120 148.734
136 124 21.9931
136 127 60.9459
136 140 22.8109
136 144 55.4582
136 149 71.5318
137 4 28.6832
137 16 6.45329
137 19 53.3197
137 39 33.2774
137 44 37.4595
137 45 40.9406
137 57 73.0005
137 58 57.7373
137 64 73.9538
137 67 76.3762
137 72 18.897
137 79 14.7236
137 80 37.5253
137 82 79.4917
137 87 51.2419
137 94 75.7431
137 96 48.5345
137 103 65.0652
137 111 118.927
137 112 83.1343
137 116 59.0699
137 118 10.4767
137 123 28.5046
137 124 10.8523
137 127 63.4495
137 129 11.6165
137 132 57.4115
137 141 48.2373
137 149 76.2633
138 1 43.2999
138 4 19.6976
138 13 19.9686
138 16 6.93709
138 26 93.8798
138 34 28.7944
138 36 72.3903
138 39 15.6346
138 40 78.8871
138 41 24.5328
138 45 33.1578
138 51 37.9664
138 53 9.03177
138 62 87.1612
138 68 96.5489
138 71 57.275
138 72 17.5147
138 74 144.773
138 80 33.1317
138 82 51.9786
138 83 4.04721
138 86 5.68415
138 87 75.1321
138 107 110.691
138 111 101.45
138 112 96.7314
138 115 32.9594
138 122 52.676
138 125 28.1628
138 126 48.411
138 130 56.7852
138 132 44.9574
138 133 35.0911
138 138 106.129
138 140 40.0617
138 149 116.876
139 4 22.9835
139 8 26.7001
139 13 16.2761
139 16 5.18355
139 23 21.3492
139 34 32.1595
139 36 59.9622
139 40 86.9339
139 41 35.0264
139 51 52.7246
139 53 7.6087
139 58 81.5212
139 59 38.7834
139 62 122.316
139 63 87.6863
139 64 73.8219
139 65 32.2035
139 68 93.4254
139 72 17.2277
139 74 96.4357
139 79 13.496
139 94 39.9395
139 96 28.1697
139 98 72.4582
139 103 61.4069
139 110 87.1364
139 118 6.3593
139 120 101.049
139 124 25.4683
139 127 33.0246
139 140 54.8737
139 144 63.1945
139 149 83.9051
140 4 28.6879
140 6 18.8863
140 13 12.9091
140 19 67.6714
140 23 16.8403
140 34 48.24
140 36 48.9529
140 38 8.27312
140 51 49.8783
140 52 68.4391
140 53 11.7458
140 59 43.7899
140 62 115.416
140 64 111.795
140 67 57.2951
140 68 77.4955
140 72 14.9858
140 74 67.5397
140 79 16.7886
140 82 91.0599
140 86 5.64813
140 94 54.9369
140 96 39.2745
140 98 53.7651
140 112 125.231
140 118 7.0301
140 120 72.5475
140 121 18.0155
140 122 63.9681
140 123 38.9764
140 124 8.04378
140 125 39.5324
140 127 34.6866
140 130 96.3025
140 133 30.4961
140 138 87.3354
140 149 117.149
141 1 54.6821
141 4 25.0844
141 13 25.2949
141 16 7.12101
141 26 85.9848
141 34 44.7904
141 36 87.9941
141 39 20.6001
141 40 64.7646
141 41 36.3684
141 45 38.8368
141 51 108.902
141 53 9.74237
141 62 94.8346
141 68 79.7714
141 71 52.9126
141 72 24.0489
141 74 93.1296
141 80 29.704
141 82 56.3654
141 83 11.8835
141 86 4.6833
141 87 39.5047
141 107 55.1031
141 111 81.3781
141 112 86.5248
141 115 61.8318
141 122 60.0706
141 125 25.4346
141 126 42.4531
141 130 75.8545
141 132 55.0445
141 133 24.4049
141 138 118.159
141 140 52.6424
141 149 114.473
142 4 36.1225
142 6 11.664
142 13 28.9256
142 19 59.5851
142 23 15.8476
142 34 42.1083
142 36 64.7636
142 38 6.33428
142 51 77.5057
142 52 75.0176
142 53 10.3609
142 59 54.6911
142 62 85.421
142 64 72.9293
142 67 34.7554
142 68 59.1772
142 72 28.3734
142 74 108.739
142 79 18.783
142 82 83.9487
142 86 6.86153
142 94 74.6738
142 96 49.0955
142 98 77.6728
142 112 83.1849
142 118 6.4996
142 120 104.453
142 121 13.469
142 122 65.605
142 123 28.4713
142 124 12.865
142 125 22.3994
142 127 42.1737
142 130 54.3606
142 133 12.8569
142 138 104.632
142 149 85.5826
143 0 6.24238
143 5 38.4179
143 7 10.5691
143 10 33.8965
143 12 51.6114
143 15 90.0267
143 17 37.6325
143 18 128.444
143 20 64.0283
143 25 100.823
143 27 94.3747
143 28 58.1424
143 29 26.9474
143 31 44.5448
143 33 34.7829
143 35 96.4899
143 37 40.8972
143 42 17.4292
143 47 40.6096
143 54 88.4102
143 55 81.1271
143 56 10.7209
143 61 48.3352
143 69 87.5622
143 73 2.14876
143 75 72.2766
143 76 45.6983
143 77 21.3816
143 84 48.9126
143 90 8.31885
143 91 64.4153
143 97 49.2724
143 100 56.6459
143 101 49.0484
143 102 55.7653
143 106 21.0646
143 109 33.241
143 114 4.83771
143 119 2.26081
143 128 37.3486
143 131 2.94907
143 134 72.5815
143 143 30.0076
143 145 18.5824
143 146 67.3543
143 147 11.0018
143 148 14.7913
144 3 103.377
144 9 7.47124
144 11 107.428
144 14 16.8534
144 21 56.5601
144 22 112.402
144 24 32.2463
144 32 99.0766
144 43 31.07
144 46 34.8065
144 48 57.4385
144 49 25.1992
144 50 22.244
144 60 18.7632
144 66 95.4776
144 78 21.7278
144 81 56.3192
144 85 57.3566
144 88 60.8556
144 89 129.729
144 92 19.9968
144 93 4.04177
144 95 19.7652
144 99 20.727
144 104 53.9227
144 105 31.4297
144 108 73.5066
144 113 94.4246
144 117 5.6741
144 135 104.848
144 136 71.5177
144 137 100.1
144 139 18.9693
144 142 8.02903
145 5 31.586
145 7 8.77437
145 9 10.3935
145 11 84.5104
145 12 64.2155
145 15 120.815
145 18 107.66
145 20 42.0918
145 25 79.8059
145 27 87.283
145 29 40.0742
145 31 49.3208
145 32 68.023
145 33 59.9824
145 37 56.7235
145 42 27.9813
145 46 38.0079
145 47 75.7865
145 48 70.5398
145 54 84.9519
145 55 78.1537
145 56 7.60938
145 60 16.6258
145 66 100.463
145 73 2
145 75 59.0154
145 78 29.985
145 85 60.7151
145 89 108.493
145 90 6.6064
145 105 36.6
145 108 75.3442
145 109 62.5636
145 114 4.14702
145 117 6.41602
145 119 3.0064
145 128 93.5739
145 134 49.6746
145 135 83.5269
145 136 62.5428
145 137 76.2823
145 143 38.0137
145 145 21.2999
145 146 78.2156
145 147 13.3849
146 4 34.6525
146 16 6.92584
146 19 65.8027
146 39 25.5809
146 44 55.0136
146 45 30.8341
146 57 68.5252
146 58 104.905
146 64 71.9793
146 67 69.8194
146 72 21.8939
146 79 11.3607
146 80 37.4815
146 82 85.9723
146 87 65.775
146 94 47.4308
146 96 49.3498
146 103 71.5257
146 111 91.4273
146 112 122.132
146 116 74.0212
146 118 11.4618
146 123 39.8688
146 124 18.3288
146 127 73.4103
146 129 9.18332
146 132 64.2236
146 141 107.932
146 149 87.0297
147 7 10.004
147 11 97.7641
147 12 138.26
147 22 125.982
147 24 19.2497
147 25 96.0817
147 28 25.3938
147 29 24.3545
147 35 159.746
147 42 16.6856
147 43 48.0992
147 48 75.788
147 54 54.9231
147 60 13.6979
147 61 32.0768
147 76 39.3697
147 77 19.1624
147 78 35.264
147 81 45.1287
147 84 67.903
147 88 46.3641
147 89 37.39
147 90 5.94793
147 91 76.7151
147 92 32.0804
147 93 5.01033
147 95 16.5421
147 105 38.9997
147 106 30.8689
147 109 54.9617
147 117 9.73126
147 134 61.9258
147 135 68.8481
147 142 13.5845
147 145 15.1146
147 146 77.9625
147 147 16.5534
147 148 31.9465
148 7 11.4343
148 11 84.1943
148 12 64.5107
148 22 118.632
148 24 28.7255
148 25 93.1231
148 28 29.6627
148 29 41.8163
148 35 49.7244
148 42 30.9441
148 43 33.1943
148 48 77.3419
148 54 77.0261
148 60 22.232
148 61 46.5265
148 76 37.1388
148 77 21.2755
148 78 26.6202
148 81 37.7131
148 84 49.9719
148 88 78.3426
148 89 115.739
148 90 9.74079
148 91 66.351
148 92 35.269
148 93 5.22097
148 95 16.0485
148 105 50.0775
148 106 15.3728
148 109 55.2196
148 117 7.58375
148 134 58.1657
148 135 103.059
148 142 13.0074
148 145 19.2663
148 146 86.1378
148 147 9.43656
148 148 29.8978
149 10 17.2255
149 11 79.2405
149 12 133.476
149 15 128.618
149 17 37.2326
149 22 112.739
149 24 15.5723
149 25 78.918
149 46 38.8819
149 47 45.613
149 50 23.0062
149 60 10.6546
149 66 90.2939
149 76 46.9348
149 77 21.3514
149 78 29.9452
149 84 34.7137
149 85 85.2637
149 88 61.6404
149 89 81.5265
149 90 5.77418
149 92 38.725
149 93 5.07419
149 97 26.3374
149 99 20.0994
149 102 49.1864
149 104 44.1739
149 105 44.8722
149 106 31.1777
149 119 3.37961
149 131 2.92879
149 134 45.9413
149 145 14.0643
149 147 11.0154
