150 150 5606
1
1
1
1
1
1
1
1
1
1
1
1
1
1
1
1
1
1
1
1
1
1
1
1
1
1
1
1
1
1
1
1
1
1
1
1
1
1
1
1
1
1
1
1
1
1
1
1
1
1
1
1
1
1
1
1
1
1
1
1
1
1
1
1
1
1
1
1
1
1
1
1
1
1
1
1
1
1
1
1
1
1
1
1
1
1
1
1
1
1
1
1
1
1
1
1
1
1
1
1
1
1
1
1
1
1
1
1
1
1
1
1
1
1
1
1
1
1
1
1
1
1
1
1
1
1
1
1
1
1
1
1
1
1
1
1
1
1
1
1
1
1
1
1
1
1
1
1
1
1
0 4 96.5273
0 13 86.4865
0 14 85.7499
0 16 24.7774
0 19 18.8049
0 26 106.437
0 28 84.6288
0 31 2.89425
0 33 46.3172
0 36 50.7679
0 40 7.18979
0 42 28.1802
0 54 62.6863
0 57 50.4335
0 62 98.5978
0 66 51.1035
0 69 44.035
0 71 27.7955
0 72 117.116
0 77 60.7376
0 79 72.2407
0 80 58.6792
0 87 83.8658
0 89 45.172
0 90 109.073
0 92 6.15252
0 93 93.0501
0 98 10.5817
0 100 40.859
0 101 25.3366
0 103 22.4254
0 104 73.4712
0 106 51.5048
0 108 35.6278
0 111 92.1053
0 112 69.641
0 115 17.9174
0 119 37.2116
0 122 56.5593
0 128 8.42518
0 142 62.8365
0 144 9.63261
0 145 16.5901
0 148 79.7936
1 5 6.91688
1 7 18.3079
1 10 15.2788
1 13 79.4938
1 14 84.5939
1 25 80.5111
1 28 63.8097
1 39 118.421
1 42 31.6733
1 44 34.449
1 54 71.2781
1 57 96.2017
1 60 74.2642
1 63 58.2575
1 66 59.3741
1 79 111.014
1 80 63.162
1 85 41.9794
1 87 85.8263
1 90 87.0867
1 94 61.7054
1 97 132.24
1 106 33.9727
1 108 41.7071
1 110 3.5741
1 115 18.9523
1 122 50.2942
1 127 15.9135
1 129 52.7238
1 134 86.1372
1 137 12.4609
1 142 73.0684
1 144 9.22122
2 2 34.3225
2 9 89.8187
2 11 42.786
2 12 51.066
2 18 36.2048
2 21 89.0753
2 24 57.3936
2 29 76.7376
2 30 5.80428
2 41 54.1448
2 43 87.2061
2 45 23.4081
2 47 30.5493
2 48 24.6146
2 49 16.5898
2 50 89.5306
2 51 62.0233
2 52 81.3255
2 55 84.9828
2 56 19.6644
2 64 102.352
2 65 46.1381
2 84 94.4034
2 86 27.0333
2 91 97.2116
2 105 117.68
2 109 19.0922
2 113 69.6388
2 116 37.0945
2 117 55.873
2 121 88.5552
2 124 75.5205
2 130 119.957
2 143 111.167
2 147 60.6624
3 3 91.001
3 5 7.91
3 6 45.8087
3 7 15.2866
3 10 38.1489
3 23 100.176
3 25 62.5699
3 37 53.6513
3 38 11.4455
3 39 88.8634
3 44 34.7341
3 53 27.2535
3 60 38.4751
3 63 42.6882
3 75 18.9024
3 81 26.138
3 85 58.4511
3 94 53.8259
3 97 92.8257
3 102 105.601
3 110 4.20926
3 114 52.7922
3 118 8.53613
3 120 26.1757
3 123 48.5992
3 125 21.944
3 127 14.9785
3 129 35.5958
3 132 53.6498
3 133 73.3403
3 134 74.1673
3 136 33.9431
3 137 16.8482
3 138 19.0071
4 4 93.6245
4 13 106.532
4 14 131.83
4 16 17.7357
4 19 27.8128
4 26 109.986
4 28 82.1304
4 31 2.91573
4 33 31.5817
4 36 35.8352
4 40 4.45854
4 42 29.4912
4 54 69.8358
4 57 113.59
4 62 127.383
4 66 21.7598
4 69 38.7497
4 71 13.3353
4 72 106.392
4 77 46.2963
4 79 106.894
4 80 56.0385
4 87 38.4694
4 89 45.082
4 90 82.3508
4 92 3.5682
4 93 80.9574
4 98 17.3901
4 100 32.8234
4 101 28.0471
4 103 24.6004
4 104 38.7837
4 106 57.0328
4 108 26.846
4 111 82.5814
4 112 47.3642
4 115 38.2438
4 119 51.8514
4 122 70.4528
4 128 7.84636
4 142 53.2171
4 144 9.29629
4 145 11.4547
4 148 84.6671
5 3 89.1752
5 4 98.8684
5 6 48.3806
5 16 14.5191
5 19 22.0416
5 23 107.896
5 26 87.6859
5 31 2.48565
5 33 53.9034
5 36 40.5701
5 37 48.2675
5 38 8.12687
5 40 4.36493
5 53 27.002
5 62 90.3311
5 69 57.3586
5 71 27.3026
5 72 119.568
5 75 18.4883
5 77 46.6982
5 81 37.2742
5 89 47.9703
5 92 4.17836
5 93 75.0828
5 98 19.9012
5 100 41.4828
5 101 25.6884
5 102 82.3523
5 103 18.7576
5 104 62.4832
5 111 96.007
5 112 59.6596
5 114 34.933
5 118 8.71923
5 119 83.9219
5 120 33.2019
5 123 22.9959
5 125 22.4962
5 128 8.70394
5 132 52.3106
5 133 99.4583
5 136 69.0067
5 138 28.1606
5 145 13.3577
5 148 86.1282
6 3 98.2907
6 4 101.228
6 6 88.5683
6 16 23.0993
6 19 22.2539
6 23 96.4244
6 26 72.5065
6 31 3.55372
6 33 26.3753
6 36 35.396
6 37 42.9018
6 38 7.29123
6 40 4.7526
6 53 25.3248
6 62 53.3275
6 69 55.9194
6 71 21.4209
6 72 88.0319
6 75 26.2434
6 77 65.337
6 81 63.9629
6 89 86.1725
6 92 3.67317
6 93 74.8185
6 98 7.98945
6 100 33.7889
6 101 21.2456
6 102 81.6271
6 103 21.9426
6 104 48.5392
6 111 117.899
6 112 60.1186
6 114 40.0974
6 118 8.22452
6 119 74.6942
6 120 26.6552
6 123 43.0167
6 125 27.5746
6 128 8.81838
6 132 51.3966
6 133 75.0021
6 136 58.7464
6 138 28.5563
6 145 11.351
6 148 92.7475
7 4 74.4076
7 5 9.92511
7 13 99.645
7 19 28.526
7 23 47.7804
7 25 89.7331
7 26 82.2758
7 31 3.47683
7 37 50.6933
7 38 8.16232
7 40 4.67562
7 42 35.7004
7 44 41.0146
7 53 29.6965
7 60 54.3937
7 62 119.113
7 63 20.8377
7 69 68.499
7 71 17.793
7 77 60.6218
7 81 38.4739
7 89 48.8161
7 90 52.9276
7 92 4.59096
7 97 66.9042
7 101 13.6451
7 103 26.9993
7 104 56.7974
7 108 34.5596
7 115 14.9471
7 118 10.9327
7 122 80.8671
7 132 42.562
7 134 60.5868
7 136 42.0525
7 142 54.6294
7 144 10.7902
7 145 15.5489
7 148 82.0176
8 1 10.5704
8 2 38.5001
8 8 21.3199
8 15 61.5307
8 17 110.935
8 18 81.0211
8 20 53.4115
8 21 83.4301
8 22 67.8597
8 24 112.192
8 27 70.9896
8 30 6.86888
8 35 49.3368
8 43 95.5244
8 45 25.0702
8 46 42.3854
8 47 65.765
8 49 12.3884
8 50 53.4821
8 52 128.448
8 55 96.1098
8 59 67.8165
8 61 18.7569
8 65 63.8429
8 67 22.4767
8 70 5.94966
8 74 124.501
8 78 52.4629
8 82 98.2018
8 83 49.3518
8 96 51.475
8 99 52.7838
8 105 89.7395
8 107 18.575
8 109 18.5074
8 113 70.6655
8 116 34.4426
8 121 119.133
8 126 16.6327
8 130 56.1565
8 131 49.1645
8 135 12.659
8 146 9.19755
8 149 22.0536
9 1 7.42976
9 2 37.3954
9 8 30.5718
9 15 71.9358
9 17 112.779
9 18 74.1707
9 20 78.8407
9 21 121.121
9 22 53.8174
9 24 109.498
9 27 71.9161
9 30 3.81294
9 35 99.426
9 43 107.178
9 45 30.1384
9 46 51.4102
9 47 52.561
9 49 19.9528
9 50 57.7443
9 52 86.9039
9 55 89.056
9 59 89.6197
9 61 19.829
9 65 72.1802
9 67 30.4573
9 70 4.62542
9 74 135.306
9 78 73.0674
9 82 102.625
9 83 72.2403
9 96 47.6719
9 99 89.777
9 105 73.5678
9 107 21.7661
9 109 15.2552
9 113 67.881
9 116 20.9248
9 121 100.437
9 126 12.5987
9 130 53.8719
9 131 47.9716
9 135 10.697
9 146 12.4664
9 149 3.26774
10 4 151.242
10 13 92.3613
10 14 103.632
10 16 21.7271
10 19 27.6291
10 26 80.1317
10 28 61.9956
10 31 2.72569
10 33 54.2898
10 36 54.4646
10 40 5.44993
10 42 20.5648
10 54 118.424
10 57 54.8508
10 62 82.7607
10 66 33.8926
10 69 43.506
10 71 12.9811
10 72 126.071
10 77 63.7781
10 79 83.8711
10 80 55.4479
10 87 89.1077
10 89 97.3885
10 90 98.9898
10 92 3.514
10 93 65.7487
10 98 17.101
10 100 31.5131
10 101 21.5751
10 103 25.4875
10 104 43.7358
10 106 35.9419
10 108 37.9096
10 111 53.2806
10 112 37.4654
10 115 24.3573
10 119 58.2191
10 122 79.766
10 128 12.8688
10 142 52.9398
10 144 10.599
10 145 10.575
10 148 43.6464
11 0 35.0733
11 1 15.1748
11 2 43.1109
11 8 30.3115
11 9 83.1386
11 18 53.6034
11 20 56.6751
11 22 30.5548
11 24 70.315
11 27 58.6502
11 34 102.182
11 41 36.888
11 48 12.1045
11 50 88.4455
11 52 123.942
11 55 84.7511
11 58 24.4047
11 59 107.393
11 61 30.3555
11 65 63.0922
11 70 8.52661
11 76 103.395
11 78 44.6973
11 82 87.25
11 83 45.8911
11 84 85.6482
11 86 28.0374
11 91 80.4639
11 96 28.4031
11 99 75.0265
11 113 86.9849
11 117 88.154
11 124 34.9463
11 131 55.0962
11 139 99.7075
11 140 32.9417
11 141 23.6371
11 147 35.1035
12 4 105.077
12 5 7.91219
12 10 35.0686
12 13 57.3269
12 14 105.932
12 16 19.6927
12 26 70.9816
12 28 63.0378
12 33 52.4156
12 36 43.2736
12 38 7.19593
12 42 31.8521
12 57 48.1665
12 60 33.8246
12 63 44.7123
12 75 21.6367
12 79 108.953
12 80 79.7994
12 90 84.1011
12 93 92.5445
12 98 17.5009
12 100 25.4603
12 102 105.116
12 104 58.4302
12 106 43.6732
12 115 26.9437
12 119 71.9842
12 122 101.504
12 128 8.84175
12 132 48.0425
12 133 70.2216
12 134 82.9099
12 137 17.0147
12 138 21.7603
12 144 5.80435
13 0 26.3413
13 9 32.4805
13 11 51.6851
13 12 65.8897
13 29 84.1821
13 32 72.0369
13 34 90.4893
13 41 50.0156
13 48 32.0409
13 51 107.531
13 56 19.3149
13 58 48.8255
13 64 96.6345
13 68 14.2142
13 73 42.5917
13 76 75.7628
13 84 77.621
13 86 29.5915
13 88 51.6876
13 91 47.4481
13 95 26.9143
13 117 90.8309
13 124 60.3858
13 139 93.683
13 140 31.3118
13 141 24.582
13 143 104.519
13 147 38.7995
14 0 26.2931
14 9 46.9297
14 11 47.2506
14 12 94.5229
14 29 74.4385
14 32 106.9
14 34 110.534
14 41 50.7971
14 48 29.835
14 51 123.425
14 56 20.0436
14 58 32.3357
14 64 55.1107
14 68 28.8821
14 73 34.8218
14 76 38.7349
14 84 50.1574
14 86 19.4481
14 88 53.9205
14 91 98.8912
14 95 75.1452
14 117 47.8743
14 124 59.6614
14 139 66.5585
14 140 26.4838
14 141 36.8596
14 143 72.5894
14 147 54.9714
15 2 56.2957
15 9 78.028
15 11 83.151
15 12 70.3555
15 18 92.3197
15 21 50.4688
15 24 79.5893
15 29 79.0043
15 30 7.03334
15 41 67.3973
15 43 77.7049
15 45 27.5231
15 47 57.0673
15 48 26.8929
15 49 13.6748
15 50 88.6424
15 51 97.238
15 52 80.5519
15 55 73.1223
15 56 14.7939
15 64 80.4636
15 65 76.3217
15 84 48.0615
15 86 21.9285
15 91 105.326
15 105 88.4774
15 109 13.466
15 113 70.569
15 116 43.93
15 117 85.6728
15 121 120.911
15 124 52.9782
15 130 57.1774
15 143 59.4023
15 147 62.5504
16 5 7.0427
16 7 19.9501
16 10 42.9737
16 13 83.1222
16 14 81.6895
16 25 85.4788
16 28 109.866
16 39 62.0863
16 42 29.1144
16 44 48.0776
16 54 39.797
16 57 69.4679
16 60 53.92
16 63 59.3887
16 66 70.8944
16 79 52.3668
16 80 69.0253
16 85 31.7872
16 87 89.8966
16 90 71.3388
16 94 38.7769
16 97 83.6287
16 106 52.3894
16 108 23.0977
16 110 3.25023
16 115 26.1265
16 122 61.8192
16 127 13.3185
16 129 33.379
16 134 79.4146
16 137 9.77564
16 142 89.6077
16 144 7.03465
17 2 41.0763
17 15 86.0628
17 17 95.7384
17 22 36.4614
17 30 5.55093
17 34 107.929
17 41 51.1878
17 45 34.3822
17 46 37.4921
17 48 29.8862
17 50 88.028
17 56 17.6775
17 59 111.875
17 61 36.947
17 65 76.694
17 68 23.5713
17 70 5.30535
17 76 80.8441
17 78 60.6789
17 82 84.6957
17 91 105.756
17 95 91.6986
17 109 17.0898
17 116 47.7127
17 130 90.3751
17 140 29.0127
17 143 50.9281
17 146 8.45243
17 147 54.4358
17 149 21.1193
18 0 31.0979
18 1 9.87697
18 8 28.0946
18 15 71.4127
18 17 78.9968
18 20 76.4416
18 22 52.6416
18 27 73.6468
18 32 60.7891
18 34 81.4136
18 35 73.7361
18 46 51.5262
18 58 32.0097
18 59 70.118
18 61 35.2316
18 67 24.7001
18 68 20.6956
18 70 5.42222
18 73 33.9484
18 74 112.669
18 76 56.2348
18 78 61.1022
18 82 78.747
18 83 50.641
18 88 44.5391
18 95 135.378
18 96 34.7673
18 99 83.8943
18 107 14.2039
18 126 13.8241
18 131 40.415
18 135 9.34263
18 139 89.727
18 140 25.4364
18 141 29.6804
18 146 7.25589
18 149 16.3237
19 0 21.0387
19 1 9.69326
19 8 24.3222
19 9 55.4184
19 11 51.1723
19 12 54.7996
19 18 35.9528
19 20 77.2951
19 21 79.9023
19 24 96.6095
19 27 95.4451
19 29 85.8417
19 32 77.8273
19 35 129.095
19 43 86.8388
19 47 41.9853
19 49 17.6283
19 51 52.0976
19 52 85.237
19 55 86.1439
19 58 33.6844
19 64 105.675
19 67 30.4928
19 73 30.1949
19 74 119.77
19 83 17.51
19 84 74.5588
19 86 28.3524
19 88 38.2751
19 96 58.4812
19 99 53.6365
19 105 101.828
19 107 23.0369
19 113 72.5133
19 117 58.6349
19 121 120.696
19 124 78.196
19 126 24.1755
19 131 40.1517
19 135 9.43848
19 139 71.6771
19 141 16.1998
20 3 60.3609
20 5 11.2036
20 6 82.572
20 7 28.4306
20 10 20.905
20 23 92.4548
20 25 90.493
20 37 48.9902
20 38 12.7118
20 39 86.9242
20 44 30.2184
20 53 27.7645
20 60 46.1613
20 63 19.196
20 75 28.614
20 81 36.6061
20 85 44.5385
20 94 45.5926
20 97 83.3539
20 102 92.8463
20 110 4.78822
20 114 37.6181
20 118 13.9568
20 120 59.2945
20 123 34.3546
20 125 28.317
20 127 18.2577
20 129 36.0352
20 132 62.1217
20 133 66.4165
20 134 47.1102
20 136 46.0118
20 137 8.72793
20 138 20.2411
21 4 90.3579
21 5 9.23692
21 10 38.1647
21 13 96.6256
21 14 97.5851
21 16 22.2608
21 26 94.5565
21 28 86.6315
21 33 32.001
21 36 41.0873
21 38 6.68358
21 42 29.4531
21 57 80.8734
21 60 48.6891
21 63 45.1177
21 75 17.7304
21 79 124.92
21 80 69.8392
21 90 68.6002
21 93 50.6721
21 98 14.8133
21 100 28.968
21 102 96.8789
21 104 83.1479
21 106 68.6918
21 115 31.7718
21 119 82.7004
21 122 80.716
21 128 9.56533
21 132 51.5273
21 133 79.4546
21 134 73.0091
21 137 5.63172
21 138 15.9041
21 144 5.99051
22 4 130.374
22 5 7.2132
22 10 51.9013
22 13 59.5949
22 14 99.8343
22 16 21.0962
22 26 146.44
22 28 94.3014
22 33 42.9898
22 36 65.6603
22 38 8.4056
22 42 48.057
22 57 65.7632
22 60 66.9572
22 63 49.0527
22 75 21.5953
22 79 52.4365
22 80 85.4473
22 90 96.5622
22 93 65.4904
22 98 12.9756
22 100 44.6985
22 102 80.6261
22 104 56.4707
22 106 68.4318
22 115 32.7912
22 119 36.2564
22 122 98.5014
22 128 8.96606
22 132 63.5129
22 133 68.2547
22 134 71.6584
22 137 15.9356
22 138 22.0565
22 144 9.2107
23 3 75.6705
23 4 69.6117
23 7 13.699
23 14 109.029
23 19 20.4267
23 23 108.653
23 25 97.6644
23 26 150.888
23 31 2.99386
23 37 32.7885
23 38 10.436
23 40 5.12332
23 54 54.3341
23 57 81.5631
23 60 70.5614
23 63 57.2233
23 71 24.5692
23 75 22.9855
23 80 59.1242
23 81 58.3247
23 85 54.2338
23 89 39.9034
23 90 82.7901
23 94 49.7249
23 97 84.4012
23 103 26.9256
23 106 51.5131
23 108 23.8227
23 111 102.919
23 115 28.2725
23 120 31.002
23 122 99.3217
23 125 27.3401
23 133 99.9932
23 136 52.0229
23 137 8.18015
23 144 7.21344
23 145 12.259
24 0 25.0246
24 9 50.4058
24 11 58.9321
24 12 101.072
24 29 101.729
24 32 78.2326
24 34 26.3877
24 41 33.8495
24 48 10.6291
24 51 109.876
24 56 12.0748
24 58 37.9781
24 64 85.4699
24 68 22.9823
24 73 42.0981
24 76 64.5909
24 84 70.0277
24 86 28.1422
24 88 26.0988
24 91 63.8252
24 95 89.9672
24 117 78.9831
24 124 49.3041
24 139 58.2379
24 140 21.0793
24 141 29.4994
24 143 80.3845
24 147 41.3823
25 4 121.5
25 5 10.6179
25 10 23.6522
25 13 66.9111
25 14 61.4093
25 16 24.9044
25 26 93.866
25 28 49.5751
25 33 36.913
25 36 52.1229
25 38 7.98486
25 42 18.2152
25 57 76.9123
25 60 75.0302
25 63 40.4863
25 75 20.7603
25 79 56.2041
25 80 58.6768
25 90 64.8346
25 93 69.6333
25 98 10.4594
25 100 26.4965
25 102 53.4053
25 104 80.0025
25 106 45.8783
25 115 20.9922
25 119 100.503
25 122 68.1117
25 128 7.44895
25 132 38.4857
25 133 75.2597
25 134 67.3337
25 137 14.7009
25 138 30.3824
25 144 10.9179
26 2 17.8504
26 15 59.941
26 17 81.7624
26 22 52.8408
26 30 8.06491
26 34 80.0766
26 41 58.4697
26 45 41.6342
26 46 54.0545
26 48 20.4807
26 50 54.3295
26 56 20.2841
26 59 62.0739
26 61 56.1893
26 65 66.5815
26 68 17.9465
26 70 7.02688
26 76 83.9087
26 78 59.2078
26 82 38.8332
26 91 78.6726
26 95 91.7719
26 109 16.4813
26 116 40.9941
26 130 88.6983
26 140 38.7022
26 143 77.5618
26 146 9.46856
26 147 34.711
26 149 18.4022
27 3 70.2469
27 4 114.932
27 7 15.4016
27 14 156.083
27 19 26.6701
27 23 75.1601
27 25 99.1082
27 26 116.408
27 31 3.30648
27 37 18.9632
27 38 14.1354
27 40 5.50418
27 54 78.6953
27 57 71.0309
27 60 77.9168
27 63 50.5031
27 71 23.5861
27 75 27.0362
27 80 59.64
27 81 42.2978
27 85 39.3876
27 89 2
27 90 63.7465
27 94 51.1019
27 97 99.5387
27 103 24.1509
27 106 46.1903
27 108 37.6652
27 111 91.2919
27 115 21.6368
27 120 29.3578
27 122 78.8532
27 125 24.6922
27 133 79.3556
27 136 33.0444
27 137 9.75185
27 144 6.5158
27 145 15.7844
28 5 7.5525
28 7 14.103
28 10 19.1566
28 13 84.5857
28 14 134.034
28 25 75.8619
28 28 67.3054
28 39 80.2783
28 42 42.3801
28 44 36.9265
28 54 81.807
28 57 76.2396
28 60 63.8339
28 63 39.3354
28 66 34.9894
28 79 91.9401
28 80 47.3945
28 85 43.9303
28 87 134.59
28 90 89.7876
28 94 34.2558
28 97 81.2293
28 106 26.1013
28 108 27.5576
28 110 5.05981
28 115 29.2614
28 122 69.1446
28 127 16.3466
28 129 42.5492
28 134 50.6429
28 137 8.856
28 142 89.0599
28 144 9.61925
29 0 40.4849
29 9 51.867
29 11 51.3033
29 12 94.9957
29 29 85.3252
29 32 122.426
29 34 72.6641
29 41 45.3498
29 48 28.5301
29 51 78.0257
29 56 18.8317
29 58 35.2872
29 64 42.2932
29 68 15.5859
29 73 39.9389
29 76 58.2903
29 84 84.7533
29 86 20.0588
29 88 36.3739
29 91 129.694
29 95 102.387
29 117 65.6007
29 124 69.3092
29 139 47.0184
29 140 35.382
29 141 28.2996
29 143 68.9013
29 147 33.2356
30 3 128.057
30 4 52.9083
30 7 18.7386
30 14 114.335
30 19 24.5841
30 23 66.1941
30 25 108.989
30 26 62.0034
30 31 3.79561
30 37 67.4629
30 38 11.5252
30 40 5.99135
30 54 105.841
30 57 85.7091
30 60 60.1702
30 63 40.6719
30 71 15.7012
30 75 19.2485
30 80 60.1557
30 81 11.8013
30 85 51.5387
30 89 60.0936
30 90 99.613
30 94 49.2331
30 97 107.541
30 103 13.1556
30 106 65.5025
30 108 32.8132
30 111 129.905
30 115 22.7013
30 120 30.7319
30 122 55.3506
30 125 18.1749
30 133 47.0588
30 136 55.0201
30 137 12.2312
30 144 9.10096
30 145 10.0698
31 4 106.003
31 13 89.0824
31 14 74.8901
31 16 15.07
31 19 22.9111
31 26 110.747
31 28 66.5506
31 31 3.90287
31 33 32.4578
31 36 24.8662
31 40 5.21372
31 42 35.3491
31 54 92.9181
31 57 68.0916
31 62 113.703
31 66 22.2124
31 69 40.4911
31 71 15.5752
31 72 89.645
31 77 42.9562
31 79 71.9576
31 80 73.5478
31 87 113.622
31 89 43.6797
31 90 94.5186
31 92 4.52562
31 93 36.6721
31 98 18.9471
31 100 37.035
31 101 21.5258
31 103 36.0765
31 104 76.1954
31 106 46.0251
31 108 36.9318
31 111 87.604
31 112 65.5515
31 115 18.1758
31 119 83.7335
31 122 31.6101
31 128 8.55567
31 142 73.5949
31 144 6.46749
31 145 12.0501
31 148 60.0239
32 0 21.0657
32 9 54.0633
32 11 41.2402
32 12 86.2523
32 29 85.5423
32 32 137.578
32 34 73.062
32 41 45.1428
32 48 24.4551
32 51 73.0008
32 56 16.8674
32 58 33.2791
32 64 101.227
32 68 16.7965
32 73 40.4566
32 76 59.4863
32 84 77.9784
32 86 23.8495
32 88 41.4564
32 91 79.4875
32 95 67.1059
32 117 102.169
32 124 35.1777
32 139 95.4483
32 140 33.7076
32 141 39.3096
32 143 91.3564
32 147 60.7265
33 2 32.1571
33 9 50.4788
33 15 80.9935
33 18 56.2491
33 20 41.574
33 21 69.4872
33 22 74.8241
33 27 46.8396
33 29 76.8368
33 30 5.6796
33 32 89.8591
33 35 69.9834
33 45 21.3588
33 46 28.4082
33 48 21.1714
33 52 78.014
33 55 77.7531
33 59 133.57
33 65 92.5521
33 73 30.7664
33 76 83.172
33 78 81.6989
33 86 25.3417
33 99 76.2676
33 105 89.3836
33 107 19.6342
33 109 13.8922
33 113 60.1582
33 116 56.2921
33 130 103.056
33 135 9.4789
33 140 30.8409
33 146 5.16861
33 147 45.284
34 0 20.2605
34 1 9.17591
34 8 36.6219
34 11 42.9392
34 12 98.9705
34 17 67.0101
34 24 77.8586
34 34 70.0246
34 41 48.7321
34 43 56.5928
34 47 44.488
34 49 19.9081
34 50 65.8952
34 51 119.528
34 56 19.9913
34 58 26.0947
34 61 46.7509
34 64 100.516
34 67 22.6519
34 68 18.9662
34 70 4.8922
34 74 119.233
34 82 87.8254
34 83 49.9735
34 84 40.0275
34 88 35.8735
34 91 93.5183
34 95 80.6352
34 96 55.795
34 117 79.3774
34 121 57.3916
34 124 58.4995
34 126 19.9705
34 131 40.5591
34 139 87.3625
34 141 19.5022
34 143 56.0015
34 149 18.7645
35 4 87.3656
35 13 94.1567
35 14 84.6527
35 16 21.819
35 19 32.936
35 26 109.981
35 28 98.619
35 31 3.42508
35 33 39.0764
35 36 55.1331
35 40 2.79357
35 42 32.9557
35 54 89.4977
35 57 90.986
35 62 108.382
35 66 45.4544
35 69 42.8479
35 71 17.9111
35 72 79.0192
35 77 39.7836
35 79 99.0855
35 80 41.9056
35 87 64.546
35 89 82.526
35 90 61.7981
35 92 2.91695
35 93 56.6448
35 98 15.8035
35 100 34.7992
35 101 17.7365
35 103 27.1275
35 104 40.1251
35 106 58.7986
35 108 34.7731
35 111 101.153
35 112 53.0852
35 115 42.1915
35 119 82.9863
35 122 74.9935
35 128 8.32765
35 142 50.7266
35 144 8.99372
35 145 9.81758
35 148 80.4882
36 3 102.922
36 4 89.3207
36 6 110.34
36 16 14.2104
36 19 26.4796
36 23 70.9115
36 26 76.5593
36 31 3.14547
36 33 55.2786
36 36 45.8637
36 37 47.3446
36 38 9.35955
36 40 3.40336
36 53 39.7247
36 62 108.855
36 69 42.0766
36 71 22.69
36 72 88.3903
36 75 22.2892
36 77 49.7227
36 81 59.8242
36 89 105.252
36 92 3.57552
36 93 37.3683
36 98 12.0988
36 100 40.8198
36 101 26.7232
36 102 93.6516
36 103 18.7306
36 104 62.084
36 111 88.7796
36 112 59.8091
36 114 36.9158
36 118 7.59248
36 119 93.0235
36 120 41.8097
36 123 36.6115
36 125 21.1944
36 128 5.03765
36 132 63.9426
36 133 57.4716
36 136 65.2001
36 138 25.9448
36 145 15.1173
36 148 77.8405
37 0 30.5687
37 1 11.7949
37 8 19.7822
37 15 71.7634
37 17 109.319
37 20 97.1569
37 22 52.2093
37 27 35.9612
37 32 123.438
37 34 78.325
37 35 86.442
37 46 47.6154
37 58 51.8035
37 59 117.782
37 61 22.3609
37 67 29.1439
37 68 19.918
37 70 5.52162
37 73 32.5224
37 74 126.447
37 76 53.2453
37 78 46.1287
37 82 56.3835
37 83 37.1309
37 88 47.9098
37 95 61.7388
37 96 76.0737
37 99 79.9973
37 107 23.8723
37 126 20.7802
37 131 36.9941
37 135 5.44735
37 139 88.6923
37 140 24.2995
37 141 26.972
37 146 9.24824
37 149 19.1557
38 2 15.0816
38 9 58.8079
38 11 26.8532
38 12 78.5328
38 18 79.3372
38 21 56.9632
38 24 84.5975
38 29 70.0954
38 30 7.08495
38 41 33.804
38 43 105.099
38 45 40.2243
38 47 41.3315
38 48 11.4177
38 49 20.1325
38 50 62.4551
38 51 98.5284
38 52 87.8217
38 55 75.4435
38 56 17.5194
38 64 64.4966
38 65 73.086
38 84 58.4633
38 86 26.8716
38 91 118.567
38 105 80.41
38 109 12.2096
38 113 107.986
38 116 43.7514
38 117 57.7138
38 121 86.0064
38 124 73.1961
38 130 93.9451
38 143 75.4355
38 147 40.3823
39 5 8.02651
39 7 16.9434
39 10 51.6297
39 13 139.126
39 14 120.725
39 25 83.5293
39 28 78.1414
39 39 84.6516
39 42 26.6653
39 44 32.6444
39 54 51.0773
39 57 109.802
39 60 65.1906
39 63 67.0048
39 66 42.7153
39 79 76.7838
39 80 64.158
39 85 53.6132
39 87 61.2439
39 90 81.9149
39 94 55.2912
39 97 64.425
39 106 42.446
39 108 43.2596
39 110 4.17366
39 115 18.2744
39 122 80.1011
39 127 21.4301
39 129 29.0308
39 134 50.6862
39 137 13.2387
39 142 78.6328
39 144 6.37129
40 4 83.116
40 13 83.5581
40 14 76.4855
40 16 20.3124
40 19 28.949
40 26 53.4836
40 28 74.9741
40 31 2.90522
40 33 54.4911
40 36 44.9706
40 40 4.36383
40 42 33.388
40 54 102.76
40 57 87.6407
40 62 123.437
40 66 34.1343
40 69 41.4724
40 71 31.6572
40 72 89.6396
40 77 14.2823
40 79 70.2927
40 80 44.3314
40 87 110.525
40 89 76.422
40 90 88.6174
40 92 4.88293
40 93 84.2974
40 98 16.9911
40 100 43.9879
40 101 19.5696
40 103 33.4756
40 104 51.1439
40 106 56.3807
40 108 39.518
40 111 120.611
40 112 59.6444
40 115 27.1881
40 119 86.998
40 122 57.0631
40 128 10.6344
40 142 47.7451
40 144 6.46667
40 145 15.7586
40 148 113.383
41 1 10.7108
41 2 46.5178
41 8 25.5161
41 15 84.7945
41 17 87.2221
41 18 28.8256
41 20 64.3959
41 21 90.1328
41 22 65.5329
41 24 76.9611
41 27 52.4809
41 30 6.27624
41 35 102.689
41 43 98.115
41 45 33.0872
41 46 50.6531
41 47 96.6286
41 49 15.4442
41 50 77.3369
41 52 98.6319
41 55 101.437
41 59 141.309
41 61 20.9387
41 65 48.328
41 67 32.1459
41 70 6.14532
41 74 94.0188
41 78 77.7496
41 82 86.004
41 83 57.1939
41 96 55.7301
41 99 76.2756
41 105 60.342
41 107 12.0194
41 109 12.1408
41 113 85.1465
41 116 59.3505
41 121 88.6736
41 126 9.81434
41 130 92.5048
41 131 39.215
41 135 7.05964
41 146 8.55212
41 149 18.1178
42 0 24.0569
42 1 13.895
42 8 34.5039
42 15 66.5088
42 17 88.071
42 20 72.2191
42 22 57.8204
42 27 37.0883
42 32 107.669
42 34 87.0221
42 35 76.239
42 46 34.7657
42 58 21.3866
42 59 71.083
42 61 54.8594
42 67 39.807
42 68 15.0047
42 70 4.74526
42 73 27.9369
42 74 132.228
42 76 39.5244
42 78 97.6976
42 82 71.7487
42 83 54.7629
42 88 46.8147
42 95 77.6538
42 96 53.3136
42 99 63.4143
42 107 19.5768
42 126 18.2006
42 131 36.9115
42 135 9.85913
42 139 81.317
42 140 20.3485
42 141 35.4931
42 146 4.87533
42 149 27.5256
43 0 22.0675
43 9 47.5326
43 11 70.8435
43 12 93.1256
43 29 83.0049
43 32 78.7012
43 34 67.2957
43 41 23.361
43 48 18.9459
43 51 126.873
43 56 23.3072
43 58 22.4537
43 64 79.4489
43 68 11.825
43 73 41.8743
43 76 53.1541
43 84 94.5013
43 86 19.102
43 88 33.3602
43 91 104.906
43 95 58.7292
43 117 22.7118
43 124 40.5621
43 139 75.2214
43 140 29.1186
43 141 29.126
43 143 56.4723
43 147 42.632
44 3 60.7794
44 4 100.882
44 6 70.6855
44 16 23.9877
44 19 23.0928
44 23 78.0956
44 26 121.61
44 31 3.27021
44 33 39.4066
44 36 32.8138
44 37 42.3455
44 38 8.42884
44 40 5.28998
44 53 36.2327
44 62 64.5818
44 69 41.8137
44 71 23.769
44 72 72.7646
44 75 24.3738
44 77 62.097
44 81 40.2582
44 89 51.8406
44 92 2.87287
44 93 87.7416
44 98 18.1037
44 100 22.5917
44 101 18.2906
44 102 94.2206
44 103 28.2279
44 104 39.21
44 111 75.7403
44 112 45.7538
44 114 45.4661
44 118 12.015
44 119 65.2375
44 120 38.5938
44 123 27.6904
44 125 24.1426
44 128 8.71985
44 132 54.3543
44 133 90.6168
44 136 58.0347
44 138 27.5917
44 145 13.0484
44 148 90.3445
45 0 26.876
45 1 15.6791
45 8 27.4737
45 15 74.2571
45 17 78.5112
45 20 77.2402
45 22 71.9619
45 27 68.5051
45 32 70.0017
45 34 93.2
45 35 98.4006
45 46 58.5358
45 58 26.6157
45 59 105.097
45 61 47.6644
45 67 27.8282
45 68 25.1467
45 70 5.71683
45 73 43.5274
45 74 133.526
45 76 52.6163
45 78 50.1568
45 82 115.208
45 83 41.3036
45 88 41.4282
45 95 68.4573
45 96 58.8667
45 99 65.3701
45 107 24.1978
45 126 23.6664
45 131 44.2028
45 135 10.2488
45 139 106.623
45 140 18.5152
45 141 31.8373
45 146 11.2595
45 149 26.9974
46 3 53.0196
46 4 77.5632
46 7 16.8793
46 14 62.5258
46 19 28.2117
46 23 89.4789
46 25 112.28
46 26 118.892
46 31 2.05758
46 37 37.1114
46 38 12.9278
46 40 5.14557
46 54 74.1318
46 57 72.8256
46 60 58.5306
46 63 44.023
46 71 22.4077
46 75 23.5596
46 80 70.7016
46 81 58.158
46 85 50.2371
46 89 47.9205
46 90 82.9427
46 94 68.881
46 97 67.4873
46 103 36.5551
46 106 62.0193
46 108 17.4566
46 111 69.3657
46 115 23.9898
46 120 34.8393
46 122 27.5409
46 125 23.5144
46 133 74.7134
46 136 50.1167
46 137 11.3883
46 144 9.45518
46 145 13.3427
47 3 62.0548
47 6 68.2266
47 7 19.965
47 19 27.4231
47 23 76.9189
47 25 45.4961
47 31 3.72915
47 37 30.7467
47 39 75.1882
47 40 5.46889
47 44 33.4824
47 53 25.8656
47 54 99.8466
47 62 67.3536
47 66 37.2289
47 69 62.5683
47 71 32.7958
47 72 79.9576
47 77 60.9788
47 81 35.4786
47 85 73.0312
47 87 102.188
47 89 51.4332
47 92 4.81602
47 94 56.5074
47 97 103.352
47 101 16.4762
47 103 24.1947
47 108 23.3508
47 110 4.23145
47 111 75.0739
47 112 80.3002
47 114 45.0215
47 118 9.72166
47 120 39.3621
47 123 25.1002
47 125 20.0065
47 127 13.9421
47 129 35.6609
47 136 44.1914
47 142 50.8785
47 145 12.5308
47 148 69.3717
48 3 87.0561
48 5 7.88055
48 6 73.7696
48 7 31.4275
48 10 15.6698
48 23 97.7575
48 25 98.1659
48 37 27.3412
48 38 10.1533
48 39 96.4394
48 44 19.7383
48 53 32.78
48 60 60.1098
48 63 36.4797
48 75 33.2351
48 81 45.0043
48 85 42.7874
48 94 43.877
48 97 76.7164
48 102 54.9814
48 110 3.74033
48 114 47.3855
48 118 12.5774
48 120 15.1034
48 123 24.583
48 125 18.3869
48 127 15.2533
48 129 21.4343
48 132 45.6721
48 133 70.9693
48 134 70.5898
48 136 56.6689
48 137 13.6262
48 138 30.8508
49 4 135.437
49 5 7.6794
49 13 82.3432
49 19 22.453
49 23 108.118
49 25 72.9478
49 26 82.6301
49 31 3.66781
49 37 40.2746
49 38 7.5021
49 40 5.95704
49 42 21.6448
49 44 28.1533
49 53 36.2501
49 60 60.1924
49 62 96.2413
49 63 38.5329
49 69 58.7253
49 71 20.3447
49 77 60.2842
49 81 35.7309
49 89 64.5191
49 90 56.2261
49 92 3.08239
49 97 58.866
49 101 15.722
49 103 28.1338
49 104 71.4803
49 108 30.4069
49 115 30.4597
49 118 9.85354
49 122 69.6656
49 132 60.4313
49 134 62.3589
49 136 37.7423
49 142 54.256
49 144 11.9797
49 145 15.2675
49 148 83.9876
50 3 60.9764
50 4 103.855
50 7 17.467
50 14 115.829
50 19 27.2296
50 23 111.459
50 25 72.0056
50 26 92.9492
50 31 3.04353
50 37 44.748
50 38 11.3552
50 40 4.84806
50 54 32.0601
50 57 86.1794
50 60 50.0464
50 63 64.9356
50 71 17.3371
50 75 18.5832
50 80 49.1774
50 81 27.7829
50 85 51.3276
50 89 62.4696
50 90 78.6263
50 94 61.3363
50 97 99.2383
50 103 32.2101
50 106 55.6775
50 108 24.6086
50 111 104.854
50 115 34.6449
50 120 27.3581
50 122 84.1258
50 125 25.3734
50 133 61.0956
50 136 34.1727
50 137 13.1106
50 144 8.94458
50 145 12.8393
51 3 68.3414
51 6 63.0734
51 7 12.1441
51 19 22.7087
51 23 109.76
51 25 92.3023
51 31 2.97614
51 37 42.3241
51 39 99.5077
51 40 5.35923
51 44 29.8148
51 53 36.591
51 54 111.388
51 62 99.8368
51 66 32.8467
51 69 46.7552
51 71 18.6067
51 72 109.753
51 77 50.9628
51 81 51.6138
51 85 78.6224
51 87 84.1944
51 89 51.1574
51 92 3.99907
51 94 56.8256
51 97 80.119
51 101 22.2635
51 103 34.1482
51 108 34.9242
51 110 4.25581
51 111 108.735
51 112 62.3986
51 114 33.9437
51 118 8.79546
51 120 33.6003
51 123 14.5128
51 125 19.9393
51 127 9.52481
51 129 42.1926
51 136 52.7415
51 142 84.8279
51 145 9.92673
51 148 56.3355
52 3 44.3295
52 5 11.7689
52 6 14.1873
52 7 16.1373
52 10 35.9124
52 23 97.7538
52 25 106.328
52 37 40.157
52 38 5.94183
52 39 96.5056
52 44 21.7614
52 53 31.9459
52 60 61.1229
52 63 71.1759
52 75 23.0228
52 81 50.9018
52 85 43.5591
52 94 61.934
52 97 95.8491
52 102 117.428
52 110 4.09436
52 114 47.0788
52 118 10.8142
52 120 27.7427
52 123 29.3263
52 125 19.0611
52 127 17.9032
52 129 38.2412
52 132 41.2027
52 133 43.5014
52 134 83.7696
52 136 50.6635
52 137 16.8189
52 138 23.6807
53 0 21.9882
53 1 11.5455
53 2 32.1046
53 8 29.6632
53 9 23.8614
53 18 71.409
53 20 47.9541
53 22 81.668
53 24 64.6928
53 27 82.5509
53 34 73.3519
53 41 45.6774
53 48 24.638
53 50 81.1525
53 52 114.361
53 55 83.2809
53 58 43.5388
53 59 124.298
53 61 58.2803
53 65 62.209
53 70 4.915
53 76 30.782
53 78 82.6869
53 82 83.3061
53 83 53.5293
53 84 56.1232
53 86 28.0373
53 91 108.369
53 96 77.1366
53 99 67.7411
53 113 94.7203
53 117 69.7971
53 124 76.3827
53 131 46.8863
53 139 64.0293
53 140 18.6681
53 141 29.616
53 147 35.1019
54 2 38.2902
54 9 61.0469
54 11 54.0513
54 12 91.2384
54 18 63.1672
54 21 79.555
54 24 77.3276
54 29 51.7298
54 30 7.70328
54 41 40.8351
54 43 73.6719
54 45 26.8596
54 47 53.1097
54 48 27.4109
54 49 15.4147
54 50 66.9547
54 51 54.6862
54 52 83.5137
54 55 56.6263
54 56 27.2364
54 64 78.6772
54 65 97.2827
54 84 91.5173
54 86 27.9034
54 91 90.3717
54 105 118.228
54 109 17.872
54 113 87.1075
54 116 21.9271
54 117 72.1463
54 121 109.016
54 124 72.3606
54 130 85.8352
54 143 93.2114
54 147 40.5252
55 0 22.6828
55 9 43.6661
55 11 57.2006
55 12 82.8645
55 29 60.7904
55 32 91.5124
55 34 65.6607
55 41 52.6148
55 48 31.714
55 51 55.4574
55 56 14.6142
55 58 32.6355
55 64 78.569
55 68 16.3004
55 73 29.5181
55 76 78.3935
55 84 72.7246
55 86 21.838
55 88 32.3497
55 91 78.6221
55 95 104.171
55 117 77.3153
55 124 55.2164
55 139 90.8783
55 140 27.5435
55 141 16.526
55 143 72.456
55 147 54.2579
56 0 20.9148
56 9 60.1379
56 11 32.2778
56 12 67.0172
56 29 46.729
56 32 83.3693
56 34 115.916
56 41 47.375
56 48 26.9929
56 51 140.706
56 56 18.8291
56 58 47.3989
56 64 61.3054
56 68 26.2465
56 73 46.3817
56 76 48.5582
56 84 71.1385
56 86 35.8
56 88 49.0609
56 91 125.026
56 95 91.6501
56 117 43.3992
56 124 80.6959
56 139 81.3045
56 140 22.7895
56 141 20.7177
56 143 115.88
56 147 47.234
57 5 10.5389
57 7 15.0033
57 10 31.5497
57 13 72.6417
57 14 79.884
57 25 99.0973
57 28 87.3069
57 39 63.1119
57 42 38.5407
57 44 24.3923
57 54 90.3634
57 57 77.5864
57 60 72.7961
57 63 51.168
57 66 43.4303
57 79 105.957
57 80 41.8412
57 85 73.9935
57 87 105.983
57 90 80.8679
57 94 51.3719
57 97 115.421
57 106 45.3226
57 108 45.3147
57 110 3.7532
57 115 28.8583
57 122 76.3096
57 127 16.2208
57 129 26.064
57 134 69.4227
57 137 18.665
57 142 86.1212
57 144 8.02945
58 2 51.358
58 15 101.375
58 17 85.7279
58 22 65.2448
58 30 7.23295
58 34 66.8537
58 41 59.7995
58 45 29.4837
58 46 61.1807
58 48 18.6533
58 50 104.39
58 56 20.181
58 59 74.1746
58 61 30.8005
58 65 88.0245
58 68 20.5573
58 70 5.73693
58 76 57.5624
58 78 60.7392
58 82 73.4417
58 91 68.8675
58 95 111.007
58 109 11.2236
58 116 28.6947
58 130 65.6396
58 140 33.9125
58 143 68.3366
58 146 9.02685
58 147 39.3149
58 149 17.3491
59 3 73.9314
59 6 49.0092
59 7 18.5606
59 19 28.7888
59 23 109.789
59 25 85.5329
59 31 3.86249
59 37 32.2137
59 39 92.7048
59 40 5.65694
59 44 35.9036
59 53 30.0321
59 54 78.3932
59 62 134.872
59 66 45.6157
59 69 47.8289
59 71 31.9814
59 72 82.0541
59 77 67.2757
59 81 52.2257
59 85 71.4015
59 87 24.6944
59 89 84.2693
59 92 4.57295
59 94 48.5245
59 97 102.634
59 101 22.6182
59 103 29.9937
59 108 42.7655
59 110 4.15408
59 111 74.2003
59 112 54.8115
59 114 51.7749
59 118 14.8259
59 120 26.1674
59 123 42.4224
59 125 29.3252
59 127 16.401
59 129 17.2027
59 136 69.3748
59 142 68.4961
59 145 15.5421
59 148 59.2149
60 4 113.943
60 5 9.10424
60 10 41.2719
60 13 116.328
60 14 146.362
60 16 22.7813
60 26 92.9164
60 28 49.6822
60 33 41.604
60 36 46.0458
60 38 6.90436
60 42 40.6284
60 57 73.0746
60 60 61.6559
60 63 70.8195
60 75 22.2261
60 79 85.3306
60 80 76.8704
60 90 93.2093
60 93 56.083
60 98 21.9768
60 100 34.97
60 102 128.559
60 104 59.9696
60 106 59.3366
60 115 33.0993
60 119 52.2361
60 122 72.9891
60 128 8.90587
60 132 70.4526
60 133 63.0471
60 134 58.765
60 137 10.1441
60 138 35.8635
60 144 6.61061
61 0 32.2252
61 1 14.0186
61 2 43.3176
61 8 22.5313
61 9 82.9405
61 18 87.2147
61 20 58.856
61 22 28.6119
61 24 86.3136
61 27 62.943
61 34 30.8939
61 41 43.9578
61 48 28.3339
61 50 91.486
61 52 61.9047
61 55 61.0746
61 58 17.7948
61 59 103.735
61 61 42.9585
61 65 94.7415
61 70 5.83685
61 76 61.93
61 78 50.7836
61 82 81.4247
61 83 65.9426
61 84 79.0288
61 86 40.8274
61 91 99.2882
61 96 61.9377
61 99 55.994
61 113 51.325
61 117 50.353
61 124 85.1866
61 131 51.0143
61 139 66.9774
61 140 29.0083
61 141 27.1127
61 147 47.4979
62 3 80.985
62 6 61.5921
62 7 12.5915
62 19 24.792
62 23 40.3252
62 25 52.3972
62 31 2
62 37 45.2222
62 39 73.7534
62 40 5.79003
62 44 31.9129
62 53 16.7983
62 54 20.9851
62 62 65.1428
62 66 31.3803
62 69 43.6425
62 71 26.4563
62 72 120.647
62 77 39.906
62 81 39.3037
62 85 65.0377
62 87 118.68
62 89 68.2351
62 92 3.41664
62 94 39.2409
62 97 90.8011
62 101 24.1191
62 103 26.2494
62 108 25.8773
62 110 3.88955
62 111 108.618
62 112 51.8484
62 114 56.2948
62 118 16.2044
62 120 27.0702
62 123 50.6508
62 125 20.1495
62 127 18.7329
62 129 39.0895
62 136 51.9723
62 142 88.3676
62 145 15.0553
62 148 94.7569
63 3 84.1166
63 6 80.3471
63 7 23.0154
63 19 34.0579
63 23 120.439
63 25 72.9872
63 31 3.40181
63 37 27.7715
63 39 65.0561
63 40 4.54028
63 44 27.9084
63 53 33.7045
63 54 53.811
63 62 118.315
63 66 50.9098
63 69 61.1174
63 71 9.41897
63 72 58.348
63 77 56.0051
63 81 42.5806
63 85 71.6626
63 87 97.8374
63 89 46.9245
63 92 4.65682
63 94 51.4723
63 97 103.311
63 101 23.4464
63 103 14.6308
63 108 36.7483
63 110 2.79825
63 111 100.388
63 112 69.5067
63 114 31.7592
63 118 9.57901
63 120 23.0344
63 123 32.1712
63 125 21.0811
63 127 8.02934
63 129 29.6614
63 136 59.1324
63 142 77.9322
63 145 4.61519
63 148 55.2394
64 4 139.138
64 5 8.8716
64 10 18.053
64 13 151.764
64 14 86.1329
64 16 23.343
64 26 88.6239
64 28 84.2185
64 33 43.9808
64 36 35.4722
64 38 9.38522
64 42 28.8242
64 57 52.6096
64 60 47.3329
64 63 52.4556
64 75 30.8516
64 79 111.503
64 80 57.9263
64 90 95.4716
64 93 78.5072
64 98 17.7526
64 100 31.694
64 102 64.9933
64 104 56.5357
64 106 57.2757
64 115 27.0853
64 119 56.4961
64 122 55.2088
64 128 6.07317
64 132 63.0548
64 133 114.34
64 134 41.9418
64 137 15.8646
64 138 20.6192
64 144 5.34643
65 4 58.5267
65 5 8.89418
65 10 37.9938
65 13 85.7074
65 14 74.149
65 16 11.5991
65 26 33.1168
65 28 54.3576
65 33 49.9782
65 36 48.4387
65 38 10.7988
65 42 40.7656
65 57 78.4932
65 60 56.8183
65 63 61.0277
65 75 21.0881
65 79 122.989
65 80 66.772
65 90 65.0575
65 93 66.3151
65 98 8.91438
65 100 21.306
65 102 107.141
65 104 48.6286
65 106 53.6115
65 115 20.0038
65 119 82.3934
65 122 56.9946
65 128 12.8875
65 132 55.0095
65 133 55.9711
65 134 78.3317
65 137 10.5894
65 138 21.0675
65 144 10.7066
66 0 26.4123
66 1 11.1319
66 8 32.8661
66 11 37.5561
66 12 79.1752
66 17 50.1655
66 24 76.4098
66 34 88.0769
66 41 34.2035
66 43 103.057
66 47 44.0114
66 49 8.16278
66 50 55.495
66 51 93.7377
66 56 14.1078
66 58 37.7307
66 61 42.4495
66 64 94.8257
66 67 27.3571
66 68 15.6411
66 70 6.65915
66 74 111.279
66 82 59.2782
66 83 57.5542
66 84 47.5984
66 88 46.7217
66 91 78.6107
66 95 94.4291
66 96 58.3938
66 117 55.9821
66 121 115.393
66 124 51.2078
66 126 20.5456
66 131 39.371
66 139 92.2979
66 141 25.9305
66 143 69.9022
66 149 17.731
67 2 52.4745
67 9 42.185
67 11 51.0848
67 12 73.9683
67 18 54.6437
67 21 109.498
67 24 54.4077
67 29 77.3623
67 30 6.22124
67 41 35.8735
67 43 89.1079
67 45 33.1972
67 47 67.266
67 48 16.2786
67 49 10.5081
67 50 94.262
67 51 127.941
67 52 80.2974
67 55 82.6881
67 56 11.4573
67 64 63.4469
67 65 78.4193
67 84 57.6347
67 86 24.7257
67 91 123.181
67 105 73.9729
67 109 17.0689
67 113 121.607
67 116 28.8953
67 117 63.6718
67 121 82.7351
67 124 65.738
67 130 107.142
67 143 88.2743
67 147 76.678
68 0 30.5269
68 1 14.4668
68 8 17.4555
68 15 100.026
68 17 97.3597
68 20 28.8811
68 22 59.6068
68 27 51.2454
68 32 86.5181
68 34 110.367
68 35 127.569
68 46 60.6713
68 58 37.0351
68 59 97.9245
68 61 36.0769
68 67 29.3415
68 68 12.8892
68 70 6.40323
68 73 49.0454
68 74 82.6745
68 76 75.065
68 78 52.8408
68 82 65.189
68 83 42.6236
68 88 39.894
68 95 91.281
68 96 48.634
68 99 21.927
68 107 20.3171
68 126 13.2814
68 131 47.5088
68 135 12.6449
68 139 79.6299
68 140 31.2753
68 141 29.3581
68 146 8.42637
68 149 22.7662
69 0 25.691
69 1 10.5678
69 8 24.6586
69 9 62.5458
69 11 56.5904
69 12 63.421
69 18 29.2072
69 20 52.2665
69 21 94.0362
69 24 87.4503
69 27 52.0449
69 29 136.929
69 32 88.8533
69 35 88.2439
69 43 73.936
69 47 29.7877
69 49 14.0106
69 51 148.015
69 52 47.2081
69 55 72.9416
69 58 31.3097
69 64 87.5849
69 67 25.3453
69 73 19.6847
69 74 101.58
69 83 36.6357
69 84 75.325
69 86 28.8392
69 88 48.7021
69 96 52.6526
69 99 58.4719
69 105 77.1652
69 107 20.8598
69 113 94.604
69 117 81.0266
69 121 103.684
69 124 63.2962
69 126 16.4978
69 131 34.9876
69 135 8.14766
69 139 54.5735
69 141 43.2336
70 3 85.8559
70 5 12.8883
70 6 87.4343
70 7 12.7541
70 10 35.8407
70 23 99.2324
70 25 99.0047
70 37 45.7152
70 38 7.20395
70 39 62.6994
70 44 41.8794
70 53 30.7631
70 60 68.9027
70 63 63.3447
70 75 14.1302
70 81 34.1727
70 85 67.1476
70 94 50.9172
70 97 70.1534
70 102 49.6647
70 110 3.71617
70 114 35.9434
70 118 11.082
70 120 28.2925
70 123 36.1217
70 125 24.5034
70 127 14.7476
70 129 41.2968
70 132 50.5337
70 133 71.5289
70 134 61.681
70 136 63.2417
70 137 12.6051
70 138 31.5234
71 4 99.4912
71 5 9.39939
71 13 67.677
71 19 15.8883
71 23 73.8628
71 25 96.9526
71 26 82.9835
71 31 3.1635
71 37 48.8535
71 38 11.0231
71 40 4.54163
71 42 24.9302
71 44 26.123
71 53 18.9284
71 60 43.7545
71 62 139.841
71 63 25.2526
71 69 37.2736
71 71 19.1922
71 77 49.2011
71 81 40.4261
71 89 89.7343
71 90 72.8343
71 92 3.21581
71 97 94.647
71 101 18.8311
71 103 26.5208
71 104 35.7794
71 108 24.0407
71 115 19.8991
71 118 11.613
71 122 64.3592
71 132 63.239
71 134 67.4222
71 136 53.1734
71 142 97.9947
71 144 7.76529
71 145 10.2873
71 148 104.782
72 2 23.1611
72 9 72.791
72 11 66.014
72 12 74.9112
72 18 69.1999
72 21 81.9615
72 24 64.0017
72 29 89.7081
72 30 4.82602
72 41 35.168
72 43 62.5514
72 45 23.539
72 47 35.2981
72 48 16.4623
72 49 16.2253
72 50 61.7261
72 51 99.1516
72 52 94.2257
72 55 80.0628
72 56 17.3685
72 64 74.2453
72 65 71.1518
72 84 50.7859
72 86 15.192
72 91 120.59
72 105 79.378
72 109 14.9798
72 113 75.0102
72 116 33.0386
72 117 92.8903
72 121 70.9567
72 124 81.2963
72 130 69.4177
72 143 109.41
72 147 21.9292
73 3 70.2556
73 4 128.053
73 6 49.9679
73 16 14.356
73 19 27.5723
73 23 98.4294
73 26 97.2905
73 31 3.12551
73 33 54.3843
73 36 63.7529
73 37 45.5884
73 38 10.4323
73 40 5.98081
73 53 37.2673
73 62 133.11
73 69 71.1528
73 71 15.5393
73 72 96.995
73 75 19.1612
73 77 45.5033
73 81 31.4632
73 89 75.8551
73 92 4.32737
73 93 80.8033
73 98 16.4175
73 100 44.2782
73 101 15.1173
73 102 119.562
73 103 21.1688
73 104 58.2301
73 111 112.708
73 112 46.6886
73 114 43.8169
73 118 8.11294
73 119 87.6649
73 120 33.6331
73 123 41.8026
73 125 16.3516
73 128 7.19827
73 132 44.1108
73 133 94.1442
73 136 42.728
73 138 23.0348
73 145 12.7267
73 148 71.5783
74 2 29.1693
74 9 54.3257
74 11 51.2392
74 12 88.4267
74 18 65.1887
74 21 71.4695
74 24 71.7139
74 29 66.7288
74 30 6.81434
74 41 39.1452
74 43 69.7683
74 45 36.8728
74 47 61.9407
74 48 17.4658
74 49 15.6702
74 50 82.3721
74 51 108.543
74 52 84.824
74 55 83.7265
74 56 15.1038
74 64 86.2626
74 65 60.8086
74 84 88.4996
74 86 22.9254
74 91 83.342
74 105 69.3328
74 109 8.89187
74 113 57.6143
74 116 42.664
74 117 103.926
74 121 82.8559
74 124 57.8843
74 130 122.868
74 143 82.4701
74 147 26.994
75 0 30.1164
75 1 11.1725
75 8 26.4885
75 15 80.3297
75 17 63.7814
75 20 66.4666
75 22 86.0302
75 27 42.6407
75 32 79.4275
75 34 123.385
75 35 134.67
75 46 44.9759
75 58 39.2428
75 59 96.2639
75 61 52.6537
75 67 25.5822
75 68 17.3068
75 70 4.54855
75 73 38.8683
75 74 82.3611
75 76 62.1588
75 78 85.3669
75 82 96.6579
75 83 41.7587
75 88 48.6312
75 95 57.4318
75 96 47.9459
75 99 91.158
75 107 16.4157
75 126 22.9909
75 131 49.7915
75 135 6.5936
75 139 45.8859
75 140 16.1018
75 141 28.8463
75 146 7.56844
75 149 19.6684
76 3 71.3621
76 4 77.415
76 7 21.9582
76 14 25.895
76 19 26.7965
76 23 133.207
76 25 76.7445
76 26 101.538
76 31 2.84673
76 37 45.1177
76 38 11.216
76 40 5.52943
76 54 90.4546
76 57 113.213
76 60 55.4118
76 63 53.946
76 71 19.6395
76 75 23.5004
76 80 84.6167
76 81 66.1098
76 85 50.1792
76 89 82.1022
76 90 66.2827
76 94 46.9291
76 97 116.475
76 103 10.0725
76 106 46.8911
76 108 26.8048
76 111 94.0347
76 115 28.7481
76 120 35.1659
76 122 90.9743
76 125 27.3574
76 133 68.7744
76 136 71.8059
76 137 15.1965
76 144 8.90227
76 145 8.58488
77 0 14.5948
77 1 13.1966
77 8 30.5507
77 15 72.8945
77 17 91.0163
77 20 52.6105
77 22 54.8946
77 27 67.6911
77 32 101.035
77 34 95.5005
77 35 109.756
77 46 60.8075
77 58 27.6173
77 59 70.539
77 61 39.086
77 67 33.4352
77 68 17.0533
77 70 5.27359
77 73 41.8768
77 74 107.45
77 76 77.9473
77 78 95.3244
77 82 60.8711
77 83 42.4148
77 88 28.999
77 95 109.447
77 96 46.6929
77 99 104.259
77 107 10.7713
77 126 16.6044
77 131 37.738
77 135 9.76109
77 139 102.632
77 140 38.6019
77 141 34.877
77 146 6.36349
77 149 5.27561
78 2 25.823
78 9 70.1472
78 11 49.4151
78 12 79.3525
78 18 49.8672
78 21 47.6339
78 24 95.1841
78 29 66.0574
78 30 5.30441
78 41 49.0877
78 43 63.0434
78 45 33.959
78 47 51.4686
78 48 28.5164
78 49 11.3309
78 50 79.5047
78 51 94.1627
78 52 80.9429
78 55 109.282
78 56 15.1725
78 64 92.9956
78 65 66.5961
78 84 65.4671
78 86 30.9311
78 91 89.1723
78 105 85.4966
78 109 12.162
78 113 41.0546
78 116 42.6714
78 117 53.9835
78 121 99.9298
78 124 71.2083
78 130 106.837
78 143 98.4274
78 147 48.9377
79 1 11.746
79 2 45.0171
79 8 32.9727
79 15 82.8499
79 17 106.75
79 18 73.6024
79 20 53.4497
79 21 84.9108
79 22 63.3568
79 24 83.8629
79 27 59.1798
79 30 6.24019
79 35 92.8387
79 43 96.0664
79 45 35.3194
79 46 56.497
79 47 69.9513
79 49 8.50762
79 50 77.577
79 52 7.5217
79 55 68.2995
79 59 68.8332
79 61 34.3699
79 65 65.3737
79 67 35.2307
79 70 6.0702
79 74 94.0598
79 78 83.4717
79 82 102.175
79 83 54.5713
79 96 54.4059
79 99 91.2099
79 105 127.653
79 107 22.3565
79 109 23.4912
79 113 74.4088
79 116 34.7586
79 121 77.3742
79 126 21.3201
79 130 87.6749
79 131 46.925
79 135 10.3266
79 146 7.22165
79 149 24.7534
80 0 17.5549
80 1 9.31915
80 8 25.9973
80 9 55.2435
80 11 46.7039
80 12 93.651
80 18 33.3183
80 20 74.063
80 21 88.6624
80 24 80.1376
80 27 38.6985
80 29 88.6676
80 32 112.317
80 35 104.431
80 43 94.361
80 47 55.4459
80 49 15.4466
80 51 98.2447
80 52 107.494
80 55 86.7767
80 58 32.0957
80 64 73.0892
80 67 41.1145
80 73 18.2801
80 74 101.33
80 83 63.041
80 84 67.9795
80 86 33.8547
80 88 55.1909
80 96 40.9973
80 99 57.3342
80 105 65.0212
80 107 18.8875
80 113 55.1264
80 117 59.6254
80 121 91.86
80 124 66.4341
80 126 15.5095
80 131 56.6624
80 135 7.45488
80 139 113.858
80 141 28.7559
81 11 35.0145
81 12 82.3853
81 15 44.059
81 17 84.7195
81 21 88.1277
81 29 94.3794
81 30 7.21719
81 32 80.7979
81 35 114.693
81 43 60.1672
81 45 19.6877
81 46 44.8091
81 47 59.3987
81 49 11.8265
81 51 68.5724
81 56 22.8461
81 64 63.1802
81 67 34.6986
81 68 21.6793
81 73 39.3558
81 74 104.21
81 88 38.9261
81 95 68.2339
81 105 95.1832
81 107 15.1038
81 109 12.6658
81 116 34.7419
81 121 18.7638
81 126 23.2
81 130 61.2314
81 135 5.44466
81 143 90.0828
81 146 8.0692
81 149 18.2402
82 0 26.8407
82 1 11.732
82 8 14.8111
82 9 85.4973
82 11 47.264
82 12 59.0511
82 18 61.9547
82 20 52.6075
82 21 89.695
82 24 78.1943
82 27 60.7476
82 29 89.285
82 32 124.758
82 35 99.0943
82 43 91.36
82 47 63.0223
82 49 14.9156
82 51 116.048
82 52 76.1246
82 55 99.4356
82 58 25.2048
82 64 98.5574
82 67 28.0413
82 73 42.6854
82 74 108.618
82 83 39.818
82 84 73.319
82 86 24.2985
82 88 45.3648
82 96 62.4011
82 99 70.6038
82 105 64.9352
82 107 17.5216
82 113 84.7811
82 117 72.8259
82 121 125.815
82 124 67.4193
82 126 16.4222
82 131 64.1037
82 135 10.801
82 139 62.3783
82 141 20.3193
83 4 133.256
83 5 10.2904
83 13 72.3681
83 19 22.2544
83 23 97.2215
83 25 98.5796
83 26 43.0302
83 31 3.25657
83 37 48.7332
83 38 6.30297
83 40 5.18336
83 42 51.4962
83 44 38.2434
83 53 45.7216
83 60 60.3588
83 62 71.0481
83 63 73.2714
83 69 44.7213
83 71 20.0645
83 77 49.6556
83 81 31.3967
83 89 71.797
83 90 89.5152
83 92 5.28509
83 97 102.926
83 101 15.9859
83 103 19.1581
83 104 68.89
83 108 21.4333
83 115 30.7997
83 118 10.7187
83 122 60.1513
83 132 73.5046
83 134 93.9668
83 136 53.731
83 142 65.6466
83 144 6.97149
83 145 10.9791
83 148 101.392
84 0 31.0629
84 9 35.5762
84 11 31.8616
84 12 52.1284
84 29 84.5352
84 32 63.9786
84 34 66.475
84 41 35.6743
84 48 27.2661
84 51 104.773
84 56 11.6368
84 58 33.3489
84 64 78.1334
84 68 21.8385
84 73 28.9303
84 76 52.089
84 84 90.1931
84 86 16.2969
84 88 50.0147
84 91 85.5409
84 95 87.941
84 117 73.358
84 124 70.2188
84 139 55.5637
84 140 20.3311
84 141 20.1499
84 143 76.6761
84 147 58.0056
85 3 72.1973
85 6 60.1481
85 7 20.5302
85 19 16.3814
85 23 96.0134
85 25 79.5765
85 31 2.3438
85 37 29.4494
85 39 74.6605
85 40 4.93826
85 44 39.2018
85 53 33.4044
85 54 95.2276
85 62 136.533
85 66 48.9428
85 69 41.0761
85 71 23.8969
85 72 94.9804
85 77 38.7913
85 81 43.4972
85 85 71.3016
85 87 75.3973
85 89 90.9711
85 92 3.15
85 94 32.313
85 97 71.4076
85 101 13.3425
85 103 24.0544
85 108 20.2495
85 110 3.87355
85 111 73.5417
85 112 52.522
85 114 51.2131
85 118 14.9046
85 120 40.0111
85 123 47.0761
85 125 17.577
85 127 17.8392
85 129 37.8616
85 136 36.2626
85 142 64.097
85 145 7.3545
85 148 71.1998
86 4 74.1195
86 5 10.9533
86 10 48.0357
86 13 91.2931
86 14 109.427
86 16 15.7473
86 26 115.332
86 28 91.7476
86 33 44.4162
86 36 28.864
86 38 9.54163
86 42 31.7065
86 57 60.9014
86 60 56.9429
86 63 91.8011
86 75 12.9593
86 79 48.8801
86 80 63.9483
86 90 82.9895
86 93 86.2493
86 98 12.3466
86 100 30.138
86 102 51.696
86 104 57.5019
86 106 37.7138
86 115 18.1095
86 119 55.4547
86 122 86.0695
86 128 11.832
86 132 65.4945
86 133 32.5064
86 134 65.2026
86 137 12.6375
86 138 29.7576
86 144 10.7532
87 0 15.8054
87 1 10.0203
87 2 31.4711
87 8 36.0722
87 9 66.6694
87 18 92.3217
87 20 53.1783
87 22 55.3366
87 24 107.166
87 27 68.231
87 34 90.133
87 41 36.3514
87 48 16.2827
87 50 47.7689
87 52 108.336
87 55 60.8676
87 58 29.6132
87 59 81.721
87 61 18.334
87 65 68.9729
87 70 4.80562
87 76 48.185
87 78 51.3756
87 82 40.0313
87 83 48.9245
87 84 96.2796
87 86 26.2751
87 91 82.1635
87 96 52.3175
87 99 71.5349
87 113 81.596
87 117 77.3357
87 124 91.9656
87 131 20.8915
87 139 54.8243
87 140 29.9706
87 141 34.3145
87 147 26.8674
88 3 108.946
88 5 10.2846
88 6 62.8687
88 7 24.0338
88 10 20.7275
88 23 88.3496
88 25 107.921
88 37 53.2378
88 38 10.0232
88 39 95.2848
88 44 35.6824
88 53 25.5024
88 60 53.9332
88 63 55.7056
88 75 16.1651
88 81 49.8514
88 85 47.7043
88 94 62.57
88 97 116.742
88 102 91.7669
88 110 3.93641
88 114 57.4953
88 118 9.12999
88 120 35.9809
88 123 36.3495
88 125 22.3461
88 127 17.6084
88 129 23.2831
88 132 26.6677
88 133 82.1787
88 134 46.0886
88 136 40.3952
88 137 11.9977
88 138 29.0083
89 0 22.9348
89 9 60.1508
89 11 50.1067
89 12 73.2527
89 29 76.362
89 32 79.5834
89 34 67.8284
89 41 38.9683
89 48 21.7184
89 51 84.419
89 56 20.3833
89 58 45.8067
89 64 68.6652
89 68 12.1556
89 73 34.4442
89 76 68.4978
89 84 58.6669
89 86 22.5645
89 88 41.7652
89 91 117.284
89 95 74.1497
89 117 80.5565
89 124 76.9272
89 139 62.2482
89 140 28.9014
89 141 29.7561
89 143 49.2308
89 147 33.9362
90 2 34.511
90 9 47.7909
90 11 95.0893
90 12 71.5519
90 18 78.0213
90 21 97.1366
90 24 122.67
90 29 110.832
90 30 5.46712
90 41 61.4557
90 43 90.4752
90 45 31.8589
90 47 58.5293
90 48 22.6613
90 49 14.8139
90 50 68.8097
90 51 97.7927
90 52 88.8057
90 55 90.8831
90 56 22.5918
90 64 33.1599
90 65 58.6097
90 84 78.9452
90 86 22.5685
90 91 105.833
90 105 89.344
90 109 14.5373
90 113 66.2426
90 116 38.4857
90 117 88.278
90 121 92.1584
90 124 37.2508
90 130 68.3784
90 143 58.8211
90 147 42.8351
91 3 82.5898
91 4 184.094
91 7 25.9419
91 14 100.978
91 19 27.1057
91 23 93.3833
91 25 90.2182
91 26 75.9173
91 31 3.05146
91 37 32.5126
91 38 11.5265
91 40 5.74012
91 54 100.956
91 57 92.3878
91 60 56.497
91 63 53.5282
91 71 12.1452
91 75 14.6943
91 80 40.2287
91 81 45.769
91 85 78.3213
91 89 58.6727
91 90 80.0696
91 94 76.0621
91 97 88.8996
91 103 20.5614
91 106 50.6411
91 108 28.3668
91 111 73.8433
91 115 25.5123
91 120 29.2995
91 122 94.5247
91 125 19.11
91 133 62.3623
91 136 50.7647
91 137 13.8023
91 144 10.9761
91 145 12.3019
92 3 65.9214
92 6 56.5839
92 7 12.3953
92 19 15.798
92 23 102.277
92 25 74.0345
92 31 3.39829
92 37 36.9589
92 39 81.9815
92 40 4.59553
92 44 27.7595
92 53 35.1373
92 54 82.7194
92 62 51.2038
92 66 33.3388
92 69 44.1084
92 71 16.1813
92 72 96.0191
92 77 31.0753
92 81 33.7544
92 85 61.0392
92 87 72.5407
92 89 87.1209
92 92 2.5563
92 94 29.7125
92 97 64.7941
92 101 27.9768
92 103 36.1819
92 108 28.0009
92 110 4.69786
92 111 60.9432
92 112 33.6569
92 114 43.1056
92 118 11.9367
92 120 4.06391
92 123 16.1121
92 125 27.6704
92 127 21.2024
92 129 33.0759
92 136 66.8328
92 142 80.7075
92 145 13.2738
92 148 74.8161
93 0 16.4165
93 9 101.247
93 11 49.1639
93 12 42.7664
93 29 93.1953
93 32 129.868
93 34 92.6676
93 41 44.9785
93 48 23.2107
93 51 144.839
93 56 17.5506
93 58 42.2631
93 64 76.4363
93 68 19.8082
93 73 22.7973
93 76 68.6564
93 84 53.5106
93 86 25.1794
93 88 30.2566
93 91 101.979
93 95 73.7319
93 117 78.2402
93 124 72.6496
93 139 104.474
93 140 17.342
93 141 33.2168
93 143 70.8451
93 147 63.7234
94 3 77.6283
94 4 120.634
94 6 75.6958
94 16 23.809
94 19 23.1515
94 23 53.0586
94 26 100.002
94 31 2.86276
94 33 32.2017
94 36 46.8398
94 37 49.5742
94 38 8.16992
94 40 4.82939
94 53 24.4705
94 62 103.124
94 69 45.0281
94 71 25.9629
94 72 108.686
94 75 17.6284
94 77 63.9288
94 81 23.3144
94 89 102.519
94 92 4.06144
94 93 109.023
94 98 11.7417
94 100 50.1966
94 101 17.8044
94 102 105.262
94 103 25.131
94 104 44.8659
94 111 101.4
94 112 65.2477
94 114 40.5436
94 118 8.75616
94 119 63.7583
94 120 31.1454
94 123 31.3295
94 125 19.5911
94 128 10.2859
94 132 68.9122
94 133 65.0093
94 136 32.0462
94 138 23.6155
94 145 13.958
94 148 86.269
95 3 90.6324
95 4 98.2471
95 7 13.4582
95 14 116.137
95 19 23.856
95 23 69.6211
95 25 87.479
95 26 115.628
95 31 2.8147
95 37 45.8042
95 38 7.83637
95 40 5.19012
95 54 97.0676
95 57 97.1369
95 60 86.1309
95 63 68.9142
95 71 19.1104
95 75 24.3276
95 80 60.8914
95 81 51.1349
95 85 78.788
95 89 39.8943
95 90 77.7975
95 94 48.9239
95 97 86.2592
95 103 27.0202
95 106 47.3419
95 108 31.682
95 111 77.5509
95 115 25.6371
95 120 35.4648
95 122 59.3194
95 125 15.9979
95 133 72.1363
95 136 44.0994
95 137 10.0486
95 144 6.7545
95 145 9.24748
96 0 20.4136
96 1 10.6928
96 8 33.0075
96 15 51.3211
96 17 70.0603
96 20 86.8455
96 22 62.513
96 27 77.7283
96 32 104.125
96 34 72.9721
96 35 73.5346
96 46 52.5383
96 58 36.102
96 59 86.7022
96 61 38.5811
96 67 25.5418
96 68 11.6583
96 70 5.66514
96 73 52.3043
96 74 91.8434
96 76 65.8053
96 78 62.882
96 82 105.647
96 83 48.6238
96 88 41.4024
96 95 91.8976
96 96 49.1642
96 99 64.7059
96 107 14.9448
96 126 5.64834
96 131 22.5224
96 135 5.21496
96 139 75.1001
96 140 26.0837
96 141 28.1856
96 146 3.77797
96 149 18.9108
97 4 61.0839
97 13 76.4229
97 14 77.8403
97 16 19.3378
97 19 28.6809
97 26 59.2901
97 28 77.9231
97 31 2.32003
97 33 29.9638
97 36 41.4843
97 40 3.79431
97 42 23.0743
97 54 80.6989
97 57 52.3641
97 62 131.477
97 66 47.3456
97 69 49.0961
97 71 24.4099
97 72 74.2253
97 77 49.8475
97 79 53.0795
97 80 91.0733
97 87 95.7745
97 89 80.1828
97 90 96.1057
97 92 4.05626
97 93 45.2618
97 98 13.9456
97 100 36.2981
97 101 17.5467
97 103 25.615
97 104 70.8022
97 106 37.0043
97 108 42.5763
97 111 84.8031
97 112 66.1232
97 115 27.6316
97 119 58.1293
97 122 47.7717
97 128 11.9846
97 142 71.3704
97 144 9.90807
97 145 11.4535
97 148 68.5137
98 0 27.3311
98 1 11.6234
98 8 30.9092
98 15 55.4655
98 17 103.746
98 20 75.0535
98 22 61.5467
98 27 49.5911
98 32 65.527
98 34 59.1573
98 35 83.9287
98 46 58.8598
98 58 30.751
98 59 109.542
98 61 42.2702
98 67 32.9267
98 68 25.573
98 70 6.2792
98 73 39.5709
98 74 91.5119
98 76 54.2879
98 78 66.4139
98 82 72.527
98 83 39.9608
98 88 46.8011
98 95 104.518
98 96 67.8972
98 99 59.0475
98 107 20.7587
98 126 17.6149
98 131 52.8723
98 135 11.3639
98 139 104.066
98 140 24.3842
98 141 30.5975
98 146 4.34915
98 149 25.9233
99 3 105.161
99 4 84.1913
99 7 10.3162
99 14 89.7717
99 19 16.3958
99 23 111.465
99 25 146.591
99 26 128.415
99 31 3.23105
99 37 36.0232
99 38 9.05108
99 40 4.63541
99 54 94.1358
99 57 72.6954
99 60 69.0117
99 63 51.2854
99 71 13.9425
99 75 16.783
99 80 45.1183
99 81 41.9637
99 85 54.5258
99 89 78.4127
99 90 95.1764
99 94 52.9505
99 97 76.8661
99 103 19.0775
99 106 42.3444
99 108 36.6319
99 111 95.7332
99 115 24.0954
99 120 31.2497
99 122 60.5397
99 125 8.18732
99 133 87.6332
99 136 42.061
99 137 13.4484
99 144 9.275
99 145 13.7735
100 0 13.773
100 1 11.9077
100 8 25.158
100 15 71.2596
100 17 85.4194
100 20 51.7061
100 22 64.7521
100 27 71.2205
100 32 76.2773
100 34 38.0996
100 35 102.472
100 46 56.3398
100 58 22.5804
100 59 101.431
100 61 49.3145
100 67 27.821
100 68 13.9454
100 70 5.19351
100 73 39.7276
100 74 87.9191
100 76 51.6607
100 78 95.4996
100 82 71.906
100 83 41.7435
100 88 50.1224
100 95 113.643
100 96 64.369
100 99 88.8331
100 107 20.9484
100 126 20.6641
100 131 47.2305
100 135 9.81007
100 139 77.2474
100 140 16.1646
100 141 21.5288
100 146 6.67647
100 149 17.0896
101 4 99.547
101 5 10.266
101 13 105.615
101 19 28.4938
101 23 119.898
101 25 80.0443
101 26 42.0331
101 31 3.55755
101 37 50.068
101 38 11.5795
101 40 5.24072
101 42 34.9974
101 44 18.7081
101 53 33.6202
101 60 70.4044
101 62 105.088
101 63 66.2378
101 69 29.0762
101 71 19.4336
101 77 37.8805
101 81 43.8725
101 89 37.4354
101 90 108.892
101 92 5.06352
101 97 78.9719
101 101 23.7985
101 103 15.8757
101 104 68.2275
101 108 35.8296
101 115 24.3682
101 118 15.1808
101 122 68.8802
101 132 35.2318
101 134 76.6339
101 136 45.3294
101 142 85.4157
101 144 9.7224
101 145 17.0974
101 148 72.6071
102 3 87.7338
102 6 66.7347
102 7 12.7544
102 10 37.029
102 14 42.1228
102 16 13.8407
102 28 78.2607
102 33 33.4754
102 36 75.0915
102 39 67.8041
102 54 69.3792
102 57 119.542
102 66 34.8135
102 72 79.3339
102 75 10.6916
102 79 96.7077
102 80 63.9143
102 85 63.9362
102 87 76.112
102 93 78.1418
102 94 51.4339
102 98 21.7606
102 100 31.564
102 102 87.7919
102 106 41.1001
102 110 2.90268
102 111 97.1444
102 112 48.8538
102 114 28.8473
102 119 81.7451
102 120 38.3674
102 123 22.9612
102 125 24.7322
102 127 23.0253
102 128 6.79944
102 129 21.8058
102 133 53.4498
102 137 15.0437
102 138 32.0734
103 3 71.2532
103 6 80.9932
103 7 28.8481
103 19 15.0246
103 23 105.795
103 25 83.3052
103 31 3.17773
103 37 38.0105
103 39 46.3401
103 40 4.73069
103 44 42.1653
103 53 4.16945
103 54 102.208
103 62 108.288
103 66 31.0556
103 69 68.0771
103 71 29.1074
103 72 75.1733
103 77 61.925
103 81 52.6294
103 85 44.9481
103 87 93.038
103 89 45.8007
103 92 4.91297
103 94 46.7811
103 97 107.291
103 101 9.76346
103 103 34.2761
103 108 26.2922
103 110 4.12339
103 111 64.7544
103 112 60.2554
103 114 48.4568
103 118 9.83695
103 120 25.9407
103 123 40.5834
103 125 34.8349
103 127 17.5983
103 129 26.73
103 136 48.3549
103 142 39.6525
103 145 9.95462
103 148 49.9978
104 2 37.5928
104 9 64.7663
104 15 70.6591
104 18 39.7174
104 20 69.364
104 21 70.8293
104 22 86.0792
104 27 70.9828
104 29 102.563
104 30 6.34853
104 32 117.666
104 35 98.8473
104 45 35.0484
104 46 40.3517
104 48 15.1358
104 52 53.1758
104 55 54.637
104 59 104.96
104 65 94.2508
104 73 47.5761
104 76 48.9723
104 78 79.5454
104 86 22.5404
104 99 90.5745
104 105 91.0653
104 107 20.8483
104 109 10.7744
104 113 73.762
104 116 30.4833
104 130 90.9617
104 135 12.1548
104 140 34.4211
104 146 9.39149
104 147 33.7784
105 0 18.2011
105 1 11.3149
105 2 34.9648
105 8 32.2769
105 9 55.1526
105 18 68.6614
105 20 52.5731
105 22 41.6115
105 24 81.4112
105 27 71.1984
105 34 85.8205
105 41 42.4273
105 48 31.7723
105 50 46.6684
105 52 53.5666
105 55 63.1941
105 58 27.3193
105 59 78.3379
105 61 58.2935
105 65 44.736
105 70 7.03636
105 76 78.9077
105 78 61.4526
105 82 74.7984
105 83 41.8273
105 84 93.439
105 86 43.5131
105 91 101.01
105 96 29.7988
105 99 60.5186
105 113 66.6686
105 117 26.6477
105 124 57.6594
105 131 53.7782
105 139 48.1151
105 140 21.7465
105 141 41.3596
105 147 67.2784
106 4 102.241
106 5 8.35534
106 10 35.983
106 13 136.069
106 14 98.6115
106 16 13.3047
106 26 108.187
106 28 45.6978
106 33 47.7677
106 36 59.7876
106 38 9.98737
106 42 34.2324
106 57 64.1193
106 60 51.499
106 63 48.8412
106 75 29.4741
106 79 104.567
106 80 72.5797
106 90 64.4432
106 93 61.0047
106 98 12.4378
106 100 37.2788
106 102 72.6527
106 104 53.6596
106 106 50.5873
106 115 27.7692
106 119 124.416
106 122 83.6752
106 128 8.46945
106 132 44.9033
106 133 94.9799
106 134 47.7952
106 137 12.2308
106 138 25.6069
106 144 6.52086
107 0 17.2088
107 9 70.1392
107 11 52.731
107 12 83.5723
107 29 147.157
107 32 105.858
107 34 70.9581
107 41 38.7773
107 48 20.9181
107 51 101.687
107 56 6.5274
107 58 53.9929
107 64 100.85
107 68 22.5119
107 73 39.0166
107 76 58.4803
107 84 77.3
107 86 22.5328
107 88 46.0899
107 91 61.194
107 95 116.248
107 117 49.0745
107 124 78.6843
107 139 107.626
107 140 28.0304
107 141 37.1041
107 143 64.8509
107 147 65.2217
108 5 10.5741
108 6 68.7426
108 10 42.9659
108 13 98.2685
108 16 15.4887
108 28 51.1073
108 33 33.1948
108 36 54.2296
108 39 59.1064
108 42 43.8465
108 44 24.4751
108 53 36.4574
108 62 99.6477
108 66 38.6039
108 69 60.7142
108 72 57.6628
108 77 61.6585
108 79 89.0826
108 87 62.4341
108 92 2.93182
108 93 81.1631
108 98 25.3004
108 100 43.0131
108 101 17.2532
108 102 59.8351
108 104 46.3147
108 110 3.92574
108 112 44.6028
108 114 50.2102
108 118 13.0989
108 119 49.2688
108 123 49.1736
108 127 22.0619
108 128 8.58088
108 129 19.2964
108 132 58.1935
108 134 65.2652
108 138 32.4614
108 142 64.1068
108 148 69.5967
109 4 84.7809
109 13 75.8065
109 14 72.7331
109 16 16.4314
109 19 20.2018
109 26 140.362
109 28 96.2919
109 31 2.77327
109 33 48.5614
109 36 55.5513
109 40 2.935
109 42 44.4102
109 54 95.7974
109 57 53.0293
109 62 68.159
109 66 46.4286
109 69 51.1906
109 71 19.7703
109 72 97.2949
109 77 39.6596
109 79 67.7051
109 80 47.0332
109 87 67.0139
109 89 66.1377
109 90 80.6309
109 92 3.88873
109 93 38.6467
109 98 20.7244
109 100 45.1706
109 101 13.6798
109 103 20.2915
109 104 27.5861
109 106 44.8374
109 108 28.3403
109 111 101.271
109 112 45.7899
109 115 41.6069
109 119 82.7577
109 122 78.0266
109 128 9.49737
109 142 78.3358
109 144 10.9881
109 145 14.8298
109 148 93.1025
110 5 7.50289
110 7 17.6238
110 10 41.4549
110 13 61.8852
110 14 109.568
110 25 151.933
110 28 66.5984
110 39 85.8265
110 42 37.8837
110 44 30.0459
110 54 75.0031
110 57 79.542
110 60 58.6163
110 63 40.4194
110 66 51.5567
110 79 92.6546
110 80 52.3399
110 85 53.9546
110 87 116.779
110 90 60.0559
110 94 42.0154
110 97 66.7912
110 106 46.4959
110 108 16.4288
110 110 3.40443
110 115 28.5259
110 122 87.4104
110 127 19.8279
110 129 36.5181
110 134 69.4141
110 137 12.5734
110 142 94.7085
110 144 9.21716
111 2 38.5934
111 15 75.3752
111 17 105.528
111 22 45.5735
111 30 6.02756
111 34 74.0503
111 41 40.3486
111 45 37.3593
111 46 57.3775
111 48 20.2005
111 50 74.7076
111 56 14.3454
111 59 111.898
111 61 55.0751
111 65 56.5725
111 68 20.5009
111 70 4.51135
111 76 79.6186
111 78 55.9203
111 82 90.4157
111 91 143.388
111 95 65.8167
111 109 12.3799
111 116 48.6376
111 130 67.4507
111 140 20.5423
111 143 38.2923
111 146 7.7214
111 147 33.5101
111 149 15.5594
112 3 83.9699
112 6 64.2076
112 7 21.1816
112 10 19.3826
112 14 133.84
112 16 27.4049
112 28 68.1063
112 33 58.6842
112 36 26.3893
112 39 67.3666
112 54 92.4542
112 57 60.0453
112 66 36.9418
112 72 45.3614
112 75 34.5039
112 79 77.2152
112 80 58.1785
112 85 73.1317
112 87 63.3188
112 93 91.8136
112 94 45.0464
112 98 16.2789
112 100 43.5301
112 102 84.691
112 106 52.3557
112 110 3.3358
112 111 89.0257
112 112 65.8288
112 114 46.1633
112 119 26.5709
112 120 13.577
112 123 38.5182
112 125 20.1951
112 127 18.322
112 128 9.6775
112 129 37.9142
112 133 68.5557
112 137 7.56906
112 138 28.1286
113 0 32.6451
113 1 13.1841
113 8 20.0571
113 9 81.8901
113 11 83.8528
113 12 74.0131
113 18 79.3883
113 20 97.1624
113 21 93.3259
113 24 66.7926
113 27 65.9256
113 29 111.284
113 32 89.9036
113 35 114.967
113 43 62.984
113 47 55.6218
113 49 13.5439
113 51 79.7197
113 52 97.2383
113 55 67.9709
113 58 37.6871
113 64 99.18
113 67 32.6592
113 73 22.2957
113 74 136.003
113 83 64.4465
113 84 65.4312
113 86 37.1428
113 88 35.6752
113 96 48.3102
113 99 66.3058
113 105 23.1765
113 107 25.1981
113 113 70.2979
113 117 53.3711
113 121 69.3974
113 124 63.1898
113 126 21.1766
113 131 38.0662
113 135 6.17987
113 139 89.5236
113 141 35.5584
114 4 104.007
114 5 6.91951
114 10 38.2254
114 13 105.506
114 14 80.4374
114 16 16.0695
114 26 130.921
114 28 98.4163
114 33 35.9234
114 36 44.6139
114 38 6.51214
114 42 35.7672
114 57 74.8533
114 60 73.7771
114 63 73.0282
114 75 29.8904
114 79 99.212
114 80 47.8814
114 90 74.4944
114 93 64.5943
114 98 11.6938
114 100 40.0767
114 102 75.2631
114 104 59.0458
114 106 36.3256
114 115 16.3453
114 119 51.0938
114 122 59.9013
114 128 11.1963
114 132 53.1481
114 133 66.644
114 134 55.1113
114 137 12.4534
114 138 35.7122
114 144 11.3277
115 0 23.9594
115 1 15.3218
115 8 34.9223
115 9 67.2247
115 11 55.0062
115 12 71.0442
115 18 54.1274
115 20 48.122
115 21 71.8397
115 24 97.8315
115 27 62.4285
115 29 82.9429
115 32 63.5732
115 35 64.5453
115 43 96.0904
115 47 50.4079
115 49 14.8193
115 51 102.415
115 52 79.8656
115 55 82.0341
115 58 50.4323
115 64 114.219
115 67 32.5204
115 73 29.1594
115 74 52.0427
115 83 40.6818
115 84 103.646
115 86 24.1337
115 88 59.5185
115 96 51.7278
115 99 81.522
115 105 64.9962
115 107 18.9196
115 113 99.9462
115 117 76.1225
115 121 112.793
115 124 76.2601
115 126 17.5815
115 131 11.6516
115 135 8.96151
115 139 70.3115
115 141 37.4087
116 2 23.0465
116 9 67.8386
116 15 90.6607
116 18 97.9912
116 20 77.2533
116 21 44.4665
116 22 66.352
116 27 67.6278
116 29 86.4599
116 30 3.88228
116 32 60.6812
116 35 93.8799
116 45 31.9876
116 46 75.5759
116 48 19.5762
116 52 49.9828
116 55 92.4385
116 59 58.3626
116 65 57.8752
116 73 29.2232
116 76 85.7985
116 78 106.285
116 86 28.2925
116 99 78.0258
116 105 40.3595
116 107 23.416
116 109 15.868
116 113 82.4513
116 116 30.1905
116 130 83.1946
116 135 6.61432
116 140 30.9266
116 146 8.3592
116 147 44.063
117 3 70.7312
117 6 53.1048
117 7 14.0546
117 19 16.0759
117 23 84.4528
117 25 105.897
117 31 2.31228
117 37 49.5482
117 39 55.4909
117 40 4.93321
117 44 36.8871
117 53 26.9283
117 54 124.732
117 62 70.7948
117 66 46.6644
117 69 43.6718
117 71 18.0048
117 72 60.4107
117 77 61.6731
117 81 36.395
117 85 68.7247
117 87 125.925
117 89 58.7567
117 92 4.30386
117 94 62.9497
117 97 76.4315
117 101 23.4487
117 103 20.999
117 108 34.1866
117 110 3.44906
117 111 82.6287
117 112 59.6287
117 114 44.275
117 118 11.753
117 120 29.2502
117 123 29.169
117 125 24.4483
117 127 14.4068
117 129 21.1396
117 136 37.5248
117 142 80.7742
117 145 10.0105
117 148 82.7858
118 0 21.9083
118 1 7.00933
118 8 15.8872
118 9 51.1105
118 11 36.0794
118 12 57.4803
118 18 47.0482
118 20 65.0203
118 21 97.3171
118 24 96.6559
118 27 64.5169
118 29 100.621
118 32 109.377
118 35 84.2462
118 43 78.0654
118 47 57.1982
118 49 16.1679
118 51 95.5942
118 52 100.204
118 55 51.9648
118 58 55.1815
118 64 67.2845
118 67 37.8763
118 73 37.6943
118 74 86.7208
118 83 46.1595
118 84 104.402
118 86 36.5102
118 88 45.2076
118 96 50.676
118 99 49.7722
118 105 87.5398
118 107 19.5686
118 113 64.4013
118 117 42.6238
118 121 117.478
118 124 45.9984
118 126 22.3945
118 131 42.3949
118 135 12.8437
118 139 97.3735
118 141 26.2175
119 4 90.5006
119 13 92.2393
119 14 99.2918
119 16 16.1583
119 19 28.6047
119 26 116.761
119 28 86.9237
119 31 3.02255
119 33 34.7685
119 36 58.2499
119 40 4.32502
119 42 39.4596
119 54 58.7434
119 57 44.7281
119 62 123.77
119 66 39.2581
119 69 50.2378
119 71 23.8722
119 72 96.7985
119 77 49.7033
119 79 80.4421
119 80 50.444
119 87 82.18
119 89 63.5952
119 90 82.6239
119 92 3.938
119 93 102.281
119 98 13.1744
119 100 32.1264
119 101 29.4475
119 103 18.4156
119 104 36.1269
119 106 46.978
119 108 26.7446
119 111 98.1148
119 112 59.8527
119 115 32.7594
119 119 57.3229
119 122 63.6853
119 128 10.1239
119 142 64.3503
119 144 8.39693
119 145 13.5411
119 148 83.0605
120 2 27.8777
120 15 54.764
120 17 70.317
120 22 38.4493
120 30 5.32708
120 34 87.9913
120 41 51.0664
120 45 25.8716
120 46 38.4514
120 48 36.5823
120 50 75.5642
120 56 17.1226
120 59 49.6922
120 61 47.8229
120 65 80.0996
120 68 10.9957
120 70 3.84569
120 76 76.0305
120 78 66.2211
120 82 82.926
120 91 84.799
120 95 122.583
120 109 16.7872
120 116 34.1821
120 130 104.092
120 140 18.6491
120 143 59.3608
120 146 7.48561
120 147 27.9649
120 149 14.8259
121 5 8.76859
121 7 20.8839
121 10 44.2048
121 13 91.2007
121 14 108.175
121 25 7.70571
121 28 71.3271
121 39 60.6776
121 42 14.1674
121 44 25.906
121 54 68.4687
121 57 51.8894
121 60 86.4289
121 63 65.3618
121 66 30.3177
121 79 70.1939
121 80 84.9306
121 85 59.7538
121 87 48.7751
121 90 65.9034
121 94 47.3851
121 97 63.9798
121 106 46.6127
121 108 38.4623
121 110 3.28628
121 115 19.9358
121 122 63.9822
121 127 14.1847
121 129 38.0169
121 134 61.5858
121 137 9.92085
121 142 76.9828
121 144 9.61166
122 3 95.1831
122 4 61.0586
122 6 56.045
122 16 20.4997
122 19 33.758
122 23 124.603
122 26 82.2417
122 31 2.14865
122 33 50.5145
122 36 47.2886
122 37 55.9559
122 38 6.84206
122 40 4.14408
122 53 31.3541
122 62 80.9186
122 69 51.3153
122 71 23.4617
122 72 112.186
122 75 19.4547
122 77 59.3797
122 81 29.473
122 89 59.9647
122 92 6.42295
122 93 96.0924
122 98 21.2784
122 100 18.3689
122 101 18.3861
122 102 66.1369
122 103 36.3477
122 104 59.2388
122 111 66.9251
122 112 52.8531
122 114 43.7183
122 118 10.0214
122 119 92.4709
122 120 26.6543
122 123 32.886
122 125 24.1929
122 128 10.431
122 132 53.5358
122 133 71.6744
122 136 64.9284
122 138 32.5792
122 145 17.7693
122 148 88.6836
123 2 35.603
123 9 61.1652
123 15 44.2036
123 18 53.3924
123 20 74.8165
123 21 106.963
123 22 68.1942
123 27 51.1033
123 29 70.8831
123 30 5.85976
123 32 91.0067
123 35 76.4916
123 45 41.1741
123 46 45.4269
123 48 23.498
123 52 120.494
123 55 83.2766
123 59 62.8448
123 65 88.1437
123 73 42.7378
123 76 69.0719
123 78 74.4034
123 86 35.1011
123 99 80.3386
123 105 107.182
123 107 24.8537
123 109 16.2812
123 113 91.9865
123 116 40.1152
123 130 90.631
123 135 7.67307
123 140 31.5719
123 146 9.39057
123 147 52.8258
124 0 18.2796
124 1 9.19525
124 8 38.9625
124 9 91.2806
124 11 37.7507
124 12 93.6359
124 18 59.5745
124 20 93.8227
124 21 87.8987
124 24 89.5555
124 27 67.7088
124 29 113.94
124 32 79.2986
124 35 136.186
124 43 88.1383
124 47 54.1442
124 49 16.1513
124 51 106.44
124 52 105.964
124 55 36.4258
124 58 39.3033
124 64 51.7223
124 67 34.8686
124 73 25.9397
124 74 122.234
124 83 47.8205
124 84 79.0373
124 86 24.271
124 88 31.2059
124 96 37.1286
124 99 55.5097
124 105 97.5024
124 107 20.1918
124 113 53.2254
124 117 73.9367
124 121 76.2122
124 124 56.4378
124 126 23.7157
124 131 40.3684
124 135 9.57258
124 139 109.005
124 141 28.622
125 0 33.2149
125 1 9.56469
125 8 35.4337
125 11 57.068
125 12 115.55
125 17 132.939
125 24 107.701
125 34 66.0769
125 41 51.1491
125 43 82.1098
125 47 61.9396
125 49 16.1951
125 50 78.8633
125 51 90.8668
125 56 13.6019
125 58 32.2164
125 61 23.1329
125 64 113.742
125 67 37.2863
125 68 23.1652
125 70 5.33131
125 74 61.4206
125 82 82.769
125 83 57.9068
125 84 112.001
125 88 52.7298
125 91 96.7724
125 95 108.89
125 96 44.5233
125 117 51.6214
125 121 123.99
125 124 62.758
125 126 20.0569
125 131 48.6073
125 139 70.2641
125 141 29.5096
125 143 99.5946
125 149 14.9108
126 4 83.0976
126 13 107.606
126 14 104.976
126 16 21.6846
126 19 35.2375
126 26 115.589
126 28 110.874
126 31 3.41916
126 33 37.6648
126 36 31.4997
126 40 6.10781
126 42 47.1517
126 54 93.3865
126 57 84.4302
126 62 141.48
126 66 48.2584
126 69 29.9336
126 71 14.6701
126 72 81.1654
126 77 71.6694
126 79 104.856
126 80 56.6189
126 87 90.3539
126 89 58.7733
126 90 98.1789
126 92 4.26369
126 93 67.9279
126 98 13.0194
126 100 41.6232
126 101 23.9947
126 103 28.5713
126 104 34.2698
126 106 30.6891
126 108 31.2269
126 111 58.2568
126 112 63.9854
126 115 33.0034
126 119 94.7652
126 122 64.8065
126 128 8.47693
126 142 82.5838
126 144 9.32748
126 145 14.0252
126 148 78.607
127 0 25.5543
127 1 9.84368
127 8 33.567
127 11 31.0573
127 12 35.1927
127 17 103.318
127 24 107.776
127 34 40.169
127 41 47.1964
127 43 84.4154
127 47 44.2104
127 49 19.7383
127 50 72.526
127 51 106.037
127 56 14.2927
127 58 42.8438
127 61 37.8169
127 64 37.6725
127 67 37.927
127 68 16.622
127 70 5.72001
127 74 121.799
127 82 77.5685
127 83 42.4689
127 84 56.7084
127 88 36.8178
127 91 111.97
127 95 61.476
127 96 55.2477
127 117 88.4894
127 121 92.0516
127 124 57.1943
127 126 11.0923
127 131 35.7769
127 139 72.2229
127 141 30.2453
127 143 98.8536
127 149 16.4468
128 0 15.367
128 1 12.1597
128 8 24.8775
128 11 76.3735
128 12 87.1635
128 17 65.3142
128 24 123.726
128 34 80.0932
128 41 23.7068
128 43 72.8472
128 47 56.307
128 49 9.76685
128 50 69.4771
128 51 93.2449
128 56 13.9976
128 58 35.2831
128 61 48.2578
128 64 90.6828
128 67 31.0484
128 68 11.7818
128 70 6.46637
128 74 72.6919
128 82 112.868
128 83 62.3616
128 84 61.5253
128 88 46.8898
128 91 103.792
128 95 93.9303
128 96 48.8413
128 117 61.0858
128 121 102.208
128 124 53.0632
128 126 17.806
128 131 33.1869
128 139 41.4407
128 141 24.8175
128 143 114.907
128 149 12.9057
129 0 30.1415
129 1 9.54934
129 8 30.3016
129 15 80.9
129 17 77.1546
129 20 73.0057
129 22 50.4675
129 27 55.523
129 32 95.593
129 34 92.2776
129 35 52.6945
129 46 44.1178
129 58 44.6598
129 59 112.307
129 61 32.1431
129 67 29.6772
129 68 19.6295
129 70 5.06183
129 73 48.2871
129 74 82.1004
129 76 79.4838
129 78 48.7674
129 82 121.921
129 83 39.3613
129 88 56.2928
129 95 78.3547
129 96 38.9498
129 99 68.8443
129 107 18.2448
129 126 17.1696
129 131 49.2899
129 135 10.2305
129 139 93.2824
129 140 26.2694
129 141 28.5745
129 146 7.95123
129 149 18.7067
130 11 74.3793
130 12 65.7782
130 15 66.6816
130 17 81.1778
130 21 51.939
130 29 103.2
130 30 7.304
130 32 98.6081
130 35 78.2894
130 43 42.9049
130 45 27.3258
130 46 54.685
130 47 58.3799
130 49 15.3376
130 51 108.271
130 56 12.1736
130 64 123.241
130 67 17.4227
130 68 18.2049
130 73 48.1422
130 74 121.411
130 88 43.7537
130 95 98.5834
130 105 90.9682
130 107 20.6622
130 109 10.5341
130 116 54.1451
130 121 79.4051
130 126 19.3035
130 130 72.3855
130 135 9.14444
130 143 103.464
130 146 10.6415
130 149 14.3796
131 3 76.4938
131 4 74.0703
131 6 83.0891
131 16 22.8261
131 19 23.2504
131 23 104.863
131 26 93.4606
131 31 3.17231
131 33 34.5398
131 36 34.1739
131 37 46.4569
131 38 11.1039
131 40 4.31944
131 53 28.0404
131 62 97.4991
131 69 56.3091
131 71 22.8763
131 72 128.595
131 75 29.6167
131 77 68.6985
131 81 41.9638
131 89 50.7322
131 92 4.30303
131 93 63.6479
131 98 20.7693
131 100 42.8862
131 101 22.353
131 102 76.7862
131 103 16.9198
131 104 62.087
131 111 77.9407
131 112 52.6755
131 114 37.3641
131 118 10.324
131 119 100.176
131 120 27.1558
131 123 31.3378
131 125 20.4006
131 128 7.20624
131 132 75.7912
131 133 72.1339
131 136 65.2576
131 138 32.4484
131 145 10.6178
131 148 87.7454
132 3 77.3511
132 6 68.6052
132 7 26.3747
132 10 45.4195
132 14 93.0851
132 16 20.2253
132 28 94.683
132 33 44.6319
132 36 53.186
132 39 69.9595
132 54 108.507
132 57 49.6194
132 66 38.7678
132 72 32.8495
132 75 14.2447
132 79 98.6067
132 80 40.3761
132 85 72.1673
132 87 94.5346
132 93 77.6537
132 94 54.8221
132 98 17.3484
132 100 38.7876
132 102 98.7222
132 106 32.6357
132 110 4.9055
132 111 82.0389
132 112 57.2657
132 114 56.7658
132 119 91.7631
132 120 31.3646
132 123 48.5404
132 125 9.38753
132 127 11.376
132 128 7.39992
132 129 23.791
132 133 74.9611
132 137 13.6042
132 138 27.225
133 3 70.3448
133 4 72.4498
133 6 78.5618
133 16 23.9596
133 19 19.9293
133 23 88.5364
133 26 68.8958
133 31 3.75188
133 33 42.8556
133 36 47.5649
133 37 45.1033
133 38 7.59666
133 40 3.59399
133 53 26.877
133 62 90.8008
133 69 70.9496
133 71 14.076
133 72 76.6707
133 75 18.1234
133 77 56.9238
133 81 55.774
133 89 63.5901
133 92 3.52478
133 93 84.0386
133 98 17.0896
133 100 16.9813
133 101 11.5902
133 102 70.4791
133 103 26.1799
133 104 43.5471
133 111 99.6487
133 112 36.628
133 114 52.9331
133 118 13.4346
133 119 87.5149
133 120 24.4177
133 123 29.9987
133 125 16.7445
133 128 6.1218
133 132 47.1881
133 133 52.9375
133 136 68.331
133 138 20.0719
133 145 13.7257
133 148 64.6183
134 1 10.2881
134 2 36.6735
134 8 30.1764
134 15 93.0678
134 17 95.7372
134 18 86.6682
134 20 52.8788
134 21 85.2609
134 22 60.9012
134 24 114.849
134 27 52.9987
134 30 6.50129
134 35 87.5129
134 43 89.9374
134 45 38.4803
134 46 50.6972
134 47 35.3094
134 49 11.9776
134 50 86.6458
134 52 127.475
134 55 114.52
134 59 80.4039
134 61 61.4102
134 65 51.4412
134 67 32.3671
134 70 5.38408
134 74 99.0403
134 78 69.8543
134 82 96.4226
134 83 48.87
134 96 56.3373
134 99 60.9305
134 105 122.38
134 107 17.9734
134 109 13.3338
134 113 74.9487
134 116 22.6975
134 121 52.5346
134 126 11.4882
134 130 84.9353
134 131 53.2819
134 135 9.68859
134 146 10.5183
134 149 20.4636
135 0 19.6698
135 1 10.4443
135 8 22.7597
135 15 98.4334
135 17 98.2636
135 20 77.1797
135 22 69.7436
135 27 67.5146
135 32 77.5913
135 34 69.5397
135 35 91.6118
135 46 44.5933
135 58 68.6477
135 59 93.5258
135 61 56.8451
135 67 31.9331
135 68 20.3665
135 70 4.35988
135 73 48.3823
135 74 49.136
135 76 89.3293
135 78 76.3873
135 82 96.3977
135 83 40.6251
135 88 27.6956
135 95 118.428
135 96 39.2418
135 99 36.4559
135 107 13.0463
135 126 19.1703
135 131 64.5889
135 135 4.14102
135 139 100.168
135 140 16.3666
135 141 28.0789
135 146 6.35804
135 149 24.2025
136 3 85.899
136 4 161.74
136 7 25.5684
136 14 111.079
136 19 26.6714
136 23 68.4702
136 25 54.0566
136 26 104.161
136 31 2.78446
136 37 44.6789
136 38 8.24349
136 40 6.67837
136 54 60.574
136 57 73.6116
136 60 51.0712
136 63 53.8985
136 71 16.6438
136 75 21.98
136 80 46.8721
136 81 37.2152
136 85 65.5927
136 89 62.9778
136 90 43.819
136 94 53.9536
136 97 90.3599
136 103 20.9529
136 106 42.0544
136 108 28.6307
136 111 64.3077
136 115 24.2712
136 120 36.9418
136 122 55.8744
136 125 9.98656
136 133 68.0525
136 136 57.1423
136 137 6.64474
136 144 5.66316
136 145 13.8925
137 3 80.6152
137 6 64.3866
137 7 20.6254
137 19 16.1273
137 23 45.3394
137 25 99.5077
137 31 3.68499
137 37 34.3608
137 39 75.2741
137 40 4.4954
137 44 25.4297
137 53 22.5643
137 54 80.4216
137 62 103.323
137 66 73.8286
137 69 71.1188
137 71 22.5665
137 72 97.42
137 77 38.6015
137 81 36.752
137 85 66.9567
137 87 107.676
137 89 48.1726
137 92 4.60292
137 94 53.4952
137 97 97.4527
137 101 15.1628
137 103 32.9592
137 108 31.544
137 110 4.84636
137 111 131.122
137 112 49.7894
137 114 42.4332
137 118 7.88212
137 120 21.0037
137 123 37.0106
137 125 20.9844
137 127 17.2041
137 129 12.1426
137 136 36.6144
137 142 45.807
137 145 16.618
137 148 94.6658
138 5 6.54453
138 7 24.8329
138 10 31.8789
138 13 127.095
138 14 106.58
138 25 73.0405
138 28 77.429
138 39 44.5149
138 42 32.2145
138 44 24.4347
138 54 66.5679
138 57 57.6744
138 60 24.0614
138 63 40.0157
138 66 22.3603
138 79 76.0427
138 80 82.6387
138 85 60.0914
138 87 75.4782
138 90 97.158
138 94 54.266
138 97 101.292
138 106 49.0758
138 108 38.6085
138 110 4.05362
138 115 26.9478
138 122 84.6621
138 127 18.6597
138 129 34.9309
138 134 102.649
138 137 6.45148
138 142 106.809
138 144 6.84613
139 4 97.2612
139 5 7.13249
139 13 103.628
139 19 28.7081
139 23 104.6
139 25 102.027
139 26 151.668
139 31 4.01341
139 37 54.0433
139 38 8.1936
139 40 4.16768
139 42 38.1624
139 44 34.403
139 53 31.8622
139 60 63.8566
139 62 64.7407
139 63 63.5464
139 69 49.7724
139 71 23.2092
139 77 58.5128
139 81 55.4288
139 89 75.2837
139 90 62.9488
139 92 4.2697
139 97 125.893
139 101 22.0208
139 103 36.546
139 104 56.6483
139 108 15.1004
139 115 27.5968
139 118 9.00057
139 122 56.3417
139 132 46.314
139 134 82.8448
139 136 53.45
139 142 67.5298
139 144 9.68031
139 145 12.3209
139 148 62.3293
140 0 26.1768
140 9 46.1672
140 11 64.7595
140 12 50.8761
140 29 77.3755
140 32 74.1982
140 34 65.5505
140 41 43.3482
140 48 27.3303
140 51 116.342
140 56 13.9106
140 58 36.1214
140 64 63.6529
140 68 21.5122
140 73 41.4539
140 76 60.4463
140 84 53.6178
140 86 28.8513
140 88 22.8264
140 91 74.9893
140 95 105.536
140 117 59.9822
140 124 50.6922
140 139 92.0454
140 140 25.57
140 141 31.6276
140 143 70.9495
140 147 36.6333
141 2 38.4653
141 15 58.4488
141 17 80.7648
141 22 47.7113
141 30 5.86494
141 34 52.5717
141 41 52.7967
141 45 27.5034
141 46 43.1587
141 48 19.8969
141 50 84.163
141 56 21.6306
141 59 148.372
141 61 42.3714
141 65 74.2836
141 68 19.9869
141 70 5.40172
141 76 52.3081
141 78 87.5913
141 82 80.9502
141 91 84.5894
141 95 97.2826
141 109 15.9965
141 116 41.5989
141 130 64.8583
141 140 28.1437
141 143 82.619
141 146 7.19584
141 147 41.4625
141 149 21.6958
142 3 51.1673
142 4 103.6
142 6 76.66
142 16 20.4011
142 19 20.7729
142 23 103.876
142 26 57.1828
142 31 3.75875
142 33 39.8434
142 36 30.6627
142 37 58.8146
142 38 9.72367
142 40 3.67119
142 53 30.6198
142 62 103.248
142 69 53.8846
142 71 20.6295
142 72 64.9433
142 75 22.2991
142 77 34.1807
142 81 53.4788
142 89 58.7761
142 92 4.72031
142 93 89.4861
142 98 10.9229
142 100 46.5184
142 101 23.0682
142 102 67.0774
142 103 25.9976
142 104 68.9071
142 111 105.758
142 112 71.7936
142 114 43.7572
142 118 10.3689
142 119 68.6941
142 120 24.791
142 123 38.4304
142 125 20.752
142 128 10.0839
142 132 79.5392
142 133 44.4558
142 136 23.1736
142 138 30.2494
142 145 7.21896
142 148 81.2696
143 11 57.3995
143 12 73.5987
143 15 78.1395
143 17 73.7252
143 21 75.0701
143 29 99.0497
143 30 6.62654
143 32 103.101
143 35 121.394
143 43 69.1728
143 45 23.1627
143 46 53.5917
143 47 43.9554
143 49 16.5881
143 51 49.9589
143 56 18.2613
143 64 99.6307
143 67 37.7461
143 68 17.8011
143 73 17.8583
143 74 92.9692
143 88 40.2799
143 95 109.593
143 105 83.3086
143 107 18.1266
143 109 17.3871
143 116 37.6098
143 121 82.3576
143 126 15.1008
143 130 61.2593
143 135 5.23904
143 143 75.294
143 146 8.41233
143 149 6.80473
144 5 7.01443
144 6 74.4564
144 10 53.3232
144 13 54.1468
144 16 14.4221
144 28 96.8035
144 33 38.7701
144 36 39.0007
144 39 56.2691
144 42 38.1215
144 44 35.4958
144 53 24.7421
144 62 68.018
144 66 45.135
144 69 41.8782
144 72 68.1468
144 77 29.6385
144 79 101.345
144 87 57.576
144 92 5.61019
144 93 61.9961
144 98 17.0389
144 100 48.7234
144 101 22.9021
144 102 80.9054
144 104 67.0427
144 110 3.57378
144 112 42.2314
144 114 55.1888
144 118 14.9242
144 119 72.203
144 123 38.2158
144 127 10.6204
144 128 6.44887
144 129 34.873
144 132 40.9128
144 134 97.9296
144 138 22.0051
144 142 104.155
144 148 101.877
145 2 39.3648
145 15 59.4999
145 17 71.3538
145 22 60.959
145 30 6.15865
145 34 92.2126
145 41 26.3828
145 45 29.3469
145 46 60.3851
145 48 25.0174
145 50 67.6786
145 56 21.3885
145 59 102.37
145 61 59.7802
145 65 50.6897
145 68 11.4082
145 70 5.14352
145 76 71.9428
145 78 73.5987
145 82 71.5488
145 91 115.698
145 95 73.5129
145 109 10.0018
145 116 39.5456
145 130 122.035
145 140 25.4797
145 143 76.2294
145 146 4.54322
145 147 40.7952
145 149 12.8413
146 0 24.8019
146 1 8.8473
146 2 38.6493
146 8 33.8998
146 9 63.5305
146 18 71.1518
146 20 35.6517
146 22 49.2104
146 24 89.1164
146 27 56.6579
146 34 120.002
146 41 60.6968
146 48 19.5151
146 50 95.1965
146 52 54.5562
146 55 77.3462
146 58 26.9827
146 59 65.7526
146 61 47.0807
146 65 105.606
146 70 6.41578
146 76 36.782
146 78 87.6445
146 82 98.3685
146 83 45.3806
146 84 60.6461
146 86 32.6686
146 91 114.139
146 96 47.9386
146 99 69.0466
146 113 103.134
146 117 78.5042
146 124 71.3631
146 131 37.6579
146 139 100.479
146 140 12.5995
146 141 33.8992
146 147 45.5325
147 2 36.6158
147 9 47.5913
147 15 71.1368
147 18 88.4974
147 20 68.2178
147 21 66.5991
147 22 54.9841
147 27 70.2076
147 29 69.5559
147 30 4.69864
147 32 136.601
147 35 97.0945
147 45 12.746
147 46 42.8619
147 48 14.8028
147 52 84.7533
147 55 66.9595
147 59 103.081
147 65 88.5513
147 73 38.974
147 76 45.6235
147 78 98.7556
147 86 37.5298
147 99 71.0593
147 105 91.9891
147 107 13.7578
147 109 15.712
147 113 62.8887
147 116 34.3502
147 130 101.146
147 135 7.81507
147 140 37.179
147 146 5.98867
147 147 58.0974
148 4 71.2311
148 13 88.9423
148 14 119.407
148 16 13.9195
148 19 22.4717
148 26 122.416
148 28 81.1535
148 31 2.34263
148 33 32.3169
148 36 41.1135
148 40 3.52612
148 42 37.166
148 54 85.7894
148 57 78.1352
148 62 84.6726
148 66 58.6007
148 69 60.9682
148 71 20.3037
148 72 41.5638
148 77 41.7953
148 79 96.7303
148 80 67.5992
148 87 81.0937
148 89 33.1763
148 90 87.731
148 92 3.02549
148 93 77.9385
148 98 19.7706
148 100 31.2279
148 101 21.545
148 103 17.6905
148 104 58.6428
148 106 60.8995
148 108 26.4895
148 111 48.3358
148 112 44.2331
148 115 28.6856
148 119 49.2669
148 122 56.8257
148 128 3.60261
148 142 95.7012
148 144 11.481
148 145 12.9245
148 148 73.8391
149 3 65.6129
149 5 7.46726
149 6 77.7278
149 7 16.2336
149 10 29.6317
149 23 52.9784
149 25 89.4671
149 37 41.3952
149 38 8.89001
149 39 54.4284
149 44 38.3964
149 53 29.2977
149 60 66.0934
149 63 43.7052
149 75 17.0059
149 81 42.8153
149 85 58.9272
149 94 51.8649
149 97 140.858
149 102 38.8978
149 110 4.04066
149 114 42.6327
149 118 14.1614
149 120 29.292
149 123 27.8922
149 125 19.9794
149 127 20.0367
149 129 39.8348
149 132 58.62
149 133 59.3156
149 134 100.251
149 136 70.4873
149 137 12.9804
149 138 27.9662
