100 100 2514
1
1
1
1
1
1
1
1
1
1
1
1
1
1
1
1
1
1
1
1
1
1
1
1
1
1
1
1
1
1
1
1
1
1
1
1
1
1
1
1
1
1
1
1
1
1
1
1
1
1
1
1
1
1
1
1
1
1
1
1
1
1
1
1
1
1
1
1
1
1
1
1
1
1
1
1
1
1
1
1
1
1
1
1
1
1
1
1
1
1
1
1
1
1
1
1
1
1
1
1
0 0 54.8898
0 4 11.4499
0 5 52.3898
0 13 49.1835
0 19 10.723
0 27 64.4532
0 33 2.17928
0 36 60.9846
0 38 11.8393
0 42 28.5452
0 44 48.51
0 54 52.6846
0 63 73.2706
0 70 112.031
0 72 13.3353
0 73 19.4548
0 77 48.5658
0 86 60.3771
0 87 3.60886
0 88 74.5692
0 96 21.6488
0 99 19.9403
1 0 89.55
1 14 38.4989
1 16 56.0427
1 27 112.119
1 30 63.2416
1 33 2
1 35 46.8387
1 38 12.8044
1 39 53.0418
1 42 52.3531
1 43 70.3591
1 44 40.9662
1 54 85.2441
1 56 10.3914
1 68 3.97951
1 72 12.223
1 73 30.3356
1 77 29.174
1 80 47.5455
1 86 33.5971
1 99 30.5818
2 3 140.135
2 6 15.6107
2 8 3.69873
2 12 26.6611
2 17 87.8808
2 20 34.0543
2 22 37.8335
2 25 80.2327
2 28 63.0532
2 29 11.1041
2 32 32.5675
2 34 17.3653
2 46 4.66809
2 47 87.7933
2 48 98.7177
2 50 8.00364
2 51 7.67832
2 58 5.10854
2 62 44.4235
2 64 83.6891
2 65 102.415
2 67 49.0723
2 69 23.6791
2 71 35.6785
2 75 59.2034
2 79 101.959
2 81 28.2418
2 89 47.0534
3 2 22.4447
3 6 12.6601
3 7 60.588
3 18 55.6556
3 20 21.5671
3 21 32.2628
3 22 17.1628
3 24 34.242
3 28 59.0795
3 31 20.5943
3 37 29.2851
3 40 43.2096
3 45 60.3305
3 46 3.10553
3 47 94.1408
3 50 8.80056
3 51 10.2253
3 55 20.0571
3 58 6.51845
3 61 89.0209
3 65 72.4035
3 67 25.6296
3 69 21.9124
3 81 53.2376
3 82 12.5813
3 89 68.4715
3 90 56.6686
3 92 23.4875
3 93 35.0951
3 95 31.6987
3 98 74.1469
4 0 72.256
4 5 54.3486
4 10 77.3382
4 19 11.3856
4 26 56.5742
4 35 25.8098
4 36 31.7752
4 38 8.59792
4 42 26.1813
4 57 13.0728
4 59 70.8952
4 60 30.9393
4 66 17.0301
4 83 32.5682
4 85 60.7036
4 88 43.1884
4 96 33.4624
4 97 99.6112
4 99 33.3589
5 1 26.7158
5 3 121.05
5 8 7.35575
5 9 27.7929
5 11 96.8099
5 12 30.8437
5 15 27.0736
5 17 62.0183
5 25 75.844
5 29 10.2801
5 32 26.7482
5 34 14.6076
5 41 87.3388
5 48 49.2999
5 52 29.2237
5 53 37.4505
5 62 97.1518
5 64 92.8224
5 71 65.0991
5 74 21.3296
5 75 67.7902
5 76 19.1376
5 79 112.879
5 91 8.29942
5 94 91.5731
6 2 23.5398
6 6 9.1359
6 7 55.4071
6 18 27.0107
6 20 34.2524
6 21 37.1812
6 22 31.4003
6 24 48.8672
6 28 51.9124
6 31 14.4921
6 37 14.1356
6 40 39.9292
6 45 98.0619
6 46 4.232
6 47 109.571
6 50 8.4496
6 51 7.75982
6 55 13.69
6 58 3.66831
6 61 69.926
6 65 101.629
6 67 35.8302
6 69 19.7456
6 81 74.245
6 82 17.8942
6 89 75.3579
6 90 55.8026
6 92 28.9041
6 93 40.3628
6 95 29.0952
6 98 46.1326
7 0 86.3613
7 14 65.8605
7 16 25.6174
7 27 80.5885
7 30 87.7593
7 33 2.10074
7 35 43.9707
7 38 13.3113
7 39 81.8655
7 42 35.7364
7 43 72.0965
7 44 53.4361
7 54 59.5019
7 56 9.39712
7 68 8.21927
7 72 7.46077
7 73 20.0536
7 77 42.6554
7 80 77.6412
7 86 37.1781
7 99 31.2437
8 7 45.5715
8 8 7.60532
8 12 31.4953
8 15 25.0847
8 20 28.9146
8 21 27.7092
8 22 31.8527
8 24 41.7808
8 25 30.0353
8 28 43.8901
8 29 19.6196
8 31 17.0014
8 32 24.3954
8 34 17.8617
8 37 26.2832
8 46 4.18749
8 47 92.9851
8 48 91.6547
8 52 65.7981
8 53 29.2575
8 61 73.4435
8 62 55.9687
8 64 51.9933
8 71 51.1997
8 74 30.9729
8 79 83.2268
8 82 11.3871
8 89 64.7122
8 90 88.6834
8 92 35.8115
8 93 19.934
8 98 51.5105
9 1 30.4966
9 2 33.1255
9 7 97.2412
9 9 28.6081
9 11 124.233
9 15 20.4006
9 18 13.5469
9 21 33.2444
9 24 31.8413
9 31 17.4142
9 37 10.7355
9 40 53.4917
9 41 108.133
9 45 106.618
9 52 79.0751
9 53 41.8247
9 55 18.0693
9 61 94.657
9 74 41.41
9 76 26.1055
9 82 10.4578
9 90 58.8238
9 91 14.6246
9 92 60.2333
9 93 35.838
9 94 76.3222
9 95 13.6726
9 98 52.1488
10 1 19.0074
10 3 132.565
10 8 6.6634
10 11 95.3001
10 15 21.1343
10 24 27.0243
10 28 50.2238
10 29 14.631
10 31 13.3662
10 41 96.4239
10 46 5.34445
10 62 60.1482
10 69 27.7519
10 71 68.6918
10 75 68.4131
10 81 54.1898
10 90 43.8928
10 91 18.3653
10 93 20.0776
10 95 25.3404
11 4 10.988
11 13 57.8028
11 14 44.835
11 16 50.0603
11 23 46.0884
11 27 75.0992
11 30 61.8998
11 33 2.08384
11 39 89.4772
11 43 63.9406
11 44 19.4874
11 49 38.7376
11 54 59.1913
11 56 9.21444
11 63 68.2857
11 68 9.45087
11 70 111.13
11 72 15.0658
11 73 20.9823
11 77 11.644
11 78 37.2597
11 80 50.3532
11 84 119.078
11 86 66.8298
11 87 3.52597
12 0 60.0808
12 5 40.9491
12 10 66.0197
12 19 9.86462
12 26 22.8639
12 35 52.9103
12 36 44.6867
12 38 12.3835
12 42 53.3207
12 57 14.9133
12 59 57.7195
12 60 26.0393
12 66 10.6316
12 83 62.0187
12 85 62.8325
12 88 86.9205
12 96 18.6275
12 97 108.843
12 99 22.3704
13 1 28.7023
13 2 30.8454
13 7 56.6256
13 9 31.7054
13 11 104.437
13 15 26.42
13 18 32.0022
13 21 35.5837
13 24 38.1275
13 31 20.6327
13 37 23.7095
13 40 28.8534
13 41 113.446
13 45 77.9238
13 52 60.9309
13 53 17.2868
13 55 11.2021
13 61 70.7464
13 74 41.7974
13 76 16.4975
13 82 12.2571
13 90 47.959
13 91 12.0853
13 92 28.4466
13 93 43.162
13 94 97.8
13 95 20.8812
13 98 53.1865
14 0 47.4017
14 4 10.6528
14 5 48.9973
14 13 46.857
14 14 53.0744
14 26 68.7352
14 27 103.426
14 35 74.7903
14 36 35.049
14 54 49.1117
14 56 9.62734
14 59 61.2391
14 68 11.2477
14 70 63.2223
14 72 9.17169
14 77 34.9296
14 80 82.6841
14 83 16.5711
14 85 79.2079
14 86 67.2454
14 88 94.3283
15 3 118.584
15 6 13.4371
15 8 4.93889
15 12 38.076
15 17 97.5588
15 20 38.6696
15 22 26.7833
15 25 78.1455
15 28 51.897
15 29 13.7016
15 32 33.5575
15 34 13.6602
15 46 5.21948
15 47 120.101
15 48 99.8423
15 50 7.93573
15 51 14.781
15 58 4.75742
15 62 100.348
15 64 103.259
15 65 90.3947
15 67 19.7753
15 69 18.3631
15 71 38.8451
15 75 68.4391
15 79 124.166
15 81 52.0002
15 89 54.8383
16 2 32.2919
16 6 14.4198
16 7 75.809
16 9 30.8623
16 12 36.1627
16 17 83.9607
16 18 39.9603
16 20 34.8303
16 21 42.0913
16 22 39.0579
16 25 95.0449
16 32 41.7166
16 34 19.4459
16 37 25.1038
16 40 33.9314
16 45 103.057
16 47 133.848
16 48 116.356
16 50 13.0876
16 51 15.2579
16 52 86.3102
16 53 22.8559
16 55 17.7277
16 58 4.38954
16 61 70.3348
16 64 96.3189
16 65 89.8243
16 67 36.6813
16 74 36.3122
16 76 27.0773
16 79 107.396
16 82 13.6566
16 89 53.7162
16 92 38.8077
16 94 45.8619
16 98 68.8691
17 0 60.2339
17 14 53.8243
17 16 51.7803
17 27 72.5303
17 30 44.2716
17 33 2.08839
17 35 63.4645
17 38 13.7245
17 39 62.6184
17 42 43.4548
17 43 82.2036
17 44 43.1922
17 54 64.3519
17 56 6.93107
17 68 9.51419
17 72 13.2979
17 73 31.2895
17 77 42.4296
17 80 65.6567
17 86 48.7082
17 99 37.0075
18 3 94.0574
18 6 8.2728
18 8 5.03847
18 12 24.5496
18 17 52.5095
18 20 43.7986
18 22 32.2985
18 25 102.719
18 28 63.6067
18 29 20.7558
18 32 41.7503
18 34 10.1235
18 46 3.80567
18 47 43.6325
18 48 59.3356
18 50 11.0676
18 51 15.3328
18 58 4.00026
18 62 78.8421
18 64 69.0235
18 65 79.5091
18 67 38.5844
18 69 19.3298
18 71 76.169
18 75 53.4327
18 79 110.437
18 81 60.3351
18 89 51.9445
19 10 86.855
19 14 38.9806
19 16 52.33
19 23 42.5656
19 26 51.1474
19 30 49.6672
19 35 55.3101
19 39 39.2925
19 43 88.2299
19 49 33.054
19 56 6.78752
19 57 15.098
19 59 53.1496
19 60 31.1235
19 66 14.9317
19 68 8.96486
19 78 25.6335
19 80 75.3005
19 83 63.4435
19 84 114.969
19 85 77.3398
19 97 83.0767
20 10 59.9514
20 16 62.5079
20 19 7.12386
20 23 43.8798
20 30 82.1275
20 33 2
20 38 13.695
20 39 64.3229
20 42 64.0326
20 43 91.3425
20 44 47.6564
20 49 37.2727
20 57 14.9295
20 60 30.7714
20 63 56.735
20 66 11.5427
20 73 16.0541
20 78 37.6966
20 84 109.449
20 87 2.97447
20 96 16.3146
20 97 95.0319
20 99 28.6153
21 10 66.0671
21 14 61.9341
21 16 71.1745
21 23 51.5382
21 26 58.5896
21 30 70.8316
21 35 45.0466
21 39 63.5797
21 43 87.0382
21 49 29.5859
21 56 11.6336
21 57 11.8234
21 59 42.5928
21 60 30.6196
21 66 5.43196
21 68 10.4964
21 78 52.4756
21 80 90.5686
21 83 33.7453
21 84 89.7219
21 85 84.6919
21 97 112.655
22 1 8.83408
22 3 104.796
22 8 5.21769
22 11 96.4732
22 15 11.9541
22 24 49.812
22 28 44.1319
22 29 13.6864
22 31 17.6647
22 41 75.0984
22 46 2.57444
22 62 108.597
22 69 22.2476
22 71 44.3539
22 75 53.5402
22 81 36.3529
22 90 57.7297
22 91 9.7567
22 93 39.1718
22 95 30.2482
23 7 84.5098
23 8 5.76607
23 12 28.3204
23 15 23.6185
23 20 41.425
23 21 41.7154
23 22 27.1918
23 24 52.6013
23 25 63.2687
23 28 36.8689
23 29 12.4949
23 31 16.1147
23 32 43.4501
23 34 12.7201
23 37 16.4965
23 46 3.51628
23 47 77.4394
23 48 49.6326
23 52 102.969
23 53 36.2832
23 61 82.4055
23 62 72.0824
23 64 78.8356
23 71 36.6757
23 74 37.2131
23 79 67.3562
23 82 3.11068
23 89 57.239
23 90 54.8493
23 92 35.7216
23 93 27.5528
23 98 75.624
24 2 26.8524
24 6 13.4306
24 7 65.7464
24 9 19.9396
24 12 30.8878
24 17 82.8902
24 18 34.4063
24 20 36.6468
24 21 36.1724
24 22 34.9418
24 25 60.0357
24 32 35.2586
24 34 14.8706
24 37 39.9343
24 40 45.9983
24 45 95.5667
24 47 101.755
24 48 70.5676
24 50 8.54829
24 51 10.7387
24 52 51.2739
24 53 27.3324
24 55 27.0666
24 58 5.16681
24 61 51.5009
24 64 57.348
24 65 87.4507
24 67 28.5188
24 74 38.7875
24 76 13.1478
24 79 96.6173
24 82 14.9923
24 89 41.5287
24 92 38.6251
24 94 75.3886
24 98 54.8483
25 0 86.7014
25 14 65.455
25 16 50.4291
25 27 93.0278
25 30 92.5087
25 33 2
25 35 39.8204
25 38 11.59
25 39 44.2005
25 42 34.9174
25 43 74.2728
25 44 22.8782
25 54 39.2296
25 56 9.57895
25 68 10.8937
25 72 10.9256
25 73 23.0695
25 77 41.6108
25 80 66.1937
25 86 93.2021
25 99 24.9178
26 10 99.7875
26 14 70.9974
26 16 51.7676
26 23 69.7708
26 26 51.3008
26 30 62.4818
26 35 59.8374
26 39 71.6236
26 43 73.5083
26 49 34.1289
26 56 12.0128
26 57 11.6128
26 59 60.1516
26 60 18.7558
26 66 14.1908
26 68 8.96851
26 78 56.0775
26 80 51.7188
26 83 39.8921
26 84 94.0506
26 85 64.1077
26 97 76.4745
27 0 66.3447
27 4 9.93337
27 5 53.3344
27 13 37.284
27 14 51.7775
27 26 34.9862
27 27 114.269
27 35 48.0414
27 36 36.7208
27 54 48.0826
27 56 7.3243
27 59 69.3868
27 68 9.19438
27 70 102.531
27 72 10.3258
27 77 49.8232
27 80 53.0574
27 83 40.603
27 85 73.9396
27 86 61.6836
27 88 121.007
28 0 52.2254
28 5 58.9456
28 10 69.7302
28 19 10.3771
28 26 67.241
28 35 59.4306
28 36 59.0741
28 38 10.5707
28 42 42.809
28 57 16.1758
28 59 68.2269
28 60 30.0505
28 66 6.22469
28 83 53.2977
28 85 69.0996
28 88 91.2287
28 96 16.7918
28 97 97.4462
28 99 26.4459
29 1 27.4077
29 3 117.108
29 8 5.95455
29 11 117.951
29 15 25.8152
29 24 50.0401
29 28 37.4435
29 29 17.6882
29 31 12.6345
29 41 107.492
29 46 4.00246
29 62 71.3497
29 69 22.9714
29 71 95.7249
29 75 40.4493
29 81 41.5036
29 90 55.2002
29 91 15.9512
29 93 36.8064
29 95 20.5305
30 4 7.40397
30 13 53.377
30 14 47.2548
30 16 61.6304
30 23 51.046
30 27 65.1197
30 30 87.9793
30 33 2
30 39 46.1792
30 43 105.688
30 44 40.5022
30 49 40.1756
30 54 100.487
30 56 9.84895
30 63 88.5182
30 68 9.20206
30 70 68.5267
30 72 12.9565
30 73 33.6329
30 77 39.7742
30 78 65.3125
30 80 51.7843
30 84 154.137
30 86 51.377
30 87 3.14898
31 4 11.4765
31 13 58.6103
31 14 35.6735
31 16 63.8749
31 23 56.757
31 27 77.3876
31 30 74.2402
31 33 2.36152
31 39 47.6018
31 43 46.8962
31 44 30.9778
31 49 37.5197
31 54 48.8374
31 56 9.67494
31 63 72.783
31 68 14.2104
31 70 45.7594
31 72 10.4023
31 73 29.2471
31 77 33.7412
31 78 71.635
31 80 45.2017
31 84 77.9221
31 86 63.1017
31 87 3.82438
32 0 85.8655
32 5 56.7256
32 10 91.5607
32 19 12.2007
32 26 36.8478
32 35 46.7134
32 36 61.8488
32 38 11.919
32 42 58.0979
32 57 12.5503
32 59 72.2571
32 60 38.46
32 66 11.6357
32 83 64.0781
32 85 84.0318
32 88 57.7548
32 96 20.0953
32 97 60.6785
32 99 33.3212
33 0 83.5469
33 5 49.2436
33 10 49.9752
33 19 12.5661
33 26 91.1328
33 35 41.7846
33 36 58.4315
33 38 15.107
33 42 32.2236
33 57 15.7602
33 59 29.8086
33 60 22.6618
33 66 13.0368
33 83 32.1978
33 85 86.5185
33 88 82.1971
33 96 25.5393
33 97 83.4776
33 99 31.1852
34 1 23.7358
34 3 115.334
34 8 6.27602
34 9 24.4136
34 11 51.3145
34 12 25.8287
34 15 36.8057
34 17 82.1883
34 25 74.7648
34 29 11.5266
34 32 32.5575
34 34 11.9721
34 41 81.1306
34 48 112.534
34 52 113.548
34 53 50.243
34 62 67.6975
34 64 31.4013
34 71 64.6511
34 74 48.0373
34 75 43.8986
34 76 7.26243
34 79 93.0134
34 91 11.2489
34 94 83.0399
35 2 23.9298
35 6 13.4135
35 7 79.8583
35 18 31.5993
35 20 37.781
35 21 35.4503
35 22 31.3112
35 24 42.4229
35 28 51.7691
35 31 12.6737
35 37 24.3688
35 40 33.7855
35 45 105.546
35 46 3.69697
35 47 99.5213
35 50 8.5538
35 51 11.2908
35 55 17.3303
35 58 6.08636
35 61 127.063
35 65 34.959
35 67 33.8407
35 69 28.9261
35 81 25.4853
35 82 15.1342
35 89 63.6644
35 90 72.0726
35 92 29.9954
35 93 47.849
35 95 31.1627
35 98 65.0989
36 0 64.1249
36 4 12.4401
36 5 75.6099
36 13 62.9747
36 19 8.34896
36 27 129.116
36 33 2.08289
36 36 50.294
36 38 11.6166
36 42 48.2003
36 44 31.9787
36 54 41.3713
36 63 60.2288
36 70 115.57
36 72 12.4729
36 73 30.0097
36 77 24.685
36 86 22.9662
36 87 2.68054
36 88 71.7399
36 96 20.4836
36 99 37.198
37 3 95.1143
37 6 15.5791
37 8 6.83416
37 12 26.0585
37 17 85.385
37 20 15.7265
37 22 29.0897
37 25 73.6534
37 28 37.3906
37 29 9.60786
37 32 40.7744
37 34 17.6265
37 46 4.6287
37 47 111.237
37 48 91.3096
37 50 8.63844
37 51 12.255
37 58 5.3841
37 62 47.2592
37 64 54.9307
37 65 103.922
37 67 32.4286
37 69 22.4675
37 71 70.6212
37 75 51.1851
37 79 61.3901
37 81 53.4706
37 89 70.5011
38 1 25.6858
38 3 130.061
38 8 7.60266
38 11 117.658
38 15 38.231
38 24 45.2954
38 28 43.0606
38 29 19.5261
38 31 19.4214
38 41 89.7131
38 46 4.05798
38 62 47.7384
38 69 27.8567
38 71 57.209
38 75 55.0206
38 81 53.4582
38 90 87.823
38 91 18.1036
38 93 37.8011
38 95 19.7681
39 0 62.1784
39 14 78.9307
39 16 47.0638
39 27 100.806
39 30 91.8936
39 33 2.51157
39 35 44.0598
39 38 20.3562
39 39 57.8072
39 42 31.3117
39 43 49.9964
39 44 38.8583
39 54 87.9108
39 56 10.0888
39 68 7.16669
39 72 12.529
39 73 23.308
39 77 36.5783
39 80 71.5128
39 86 61.2309
39 99 27.4987
40 10 81.6527
40 14 59.2253
40 16 60.5862
40 23 25.7935
40 26 61.0489
40 30 89.0344
40 35 56.0307
40 39 60.5677
40 43 106.218
40 49 55.5042
40 56 11.4711
40 57 12.9252
40 59 46.8361
40 60 20.0139
40 66 9.51262
40 68 9.99208
40 78 56.9808
40 80 84.2322
40 83 46.8683
40 84 96.2224
40 85 88.3327
40 97 68.2659
41 2 16.3789
41 6 16.2954
41 7 65.066
41 9 23.3354
41 12 29.7743
41 17 90.6468
41 18 33.7456
41 20 21.5084
41 21 56.3053
41 22 30.6138
41 25 53.4646
41 32 35.2368
41 34 18.7817
41 37 24.5089
41 40 72.5208
41 45 94.1116
41 47 107.78
41 48 106.944
41 50 10.3796
41 51 15.6775
41 52 75.142
41 53 22.9827
41 55 18.0946
41 58 6.44834
41 61 90.1423
41 64 103.48
41 65 95.7864
41 67 27.5555
41 74 14.8319
41 76 16.0049
41 79 97.231
41 82 13.1421
41 89 43.7444
41 92 42.8019
41 94 91.3064
41 98 65.9171
42 2 25.4886
42 6 13.3208
42 7 68.5904
42 9 33.696
42 12 35.8049
42 17 94.4968
42 18 50.3791
42 20 30.2301
42 21 55.176
42 22 22.679
42 25 59.9452
42 32 36.318
42 34 12.6233
42 37 30.6898
42 40 46.3883
42 45 83.8166
42 47 95.9782
42 48 67.2708
42 50 10.6385
42 51 17.6263
42 52 56.6797
42 53 32.9817
42 55 15.4247
42 58 4.59011
42 61 127.255
42 64 71.845
42 65 81.8347
42 67 31.7431
42 74 35.5769
42 76 19.7941
42 79 98.1978
42 82 16.2223
42 89 65.0462
42 92 51.0933
42 94 74.2472
42 98 32.2518
43 2 19.5108
43 6 9.15166
43 7 66.7568
43 18 51.8494
43 20 30.5955
43 21 60.7335
43 22 33.3904
43 24 52.0049
43 28 55.6049
43 31 17.3398
43 37 26.8458
43 40 54.4424
43 45 76.7952
43 46 2.50808
43 47 51.1467
43 50 7.7346
43 51 20.8827
43 55 17.6118
43 58 5.67165
43 61 57.0671
43 65 105.375
43 67 29.5676
43 69 23.7796
43 81 68.7136
43 82 9.88931
43 89 38.8333
43 90 65.4588
43 92 47.5261
43 93 31.4402
43 95 27.8526
43 98 39.1374
44 4 14.1509
44 13 40.2964
44 14 61.4888
44 16 39.071
44 23 66.9493
44 27 93.9163
44 30 84.2423
44 33 2.02533
44 39 38.9913
44 43 88.8287
44 44 53.1138
44 49 40.7839
44 54 51.6637
44 56 8.17427
44 63 50.1083
44 68 12.6196
44 70 55.1482
44 72 13.2537
44 73 10.8134
44 77 29.7629
44 78 52.2492
44 80 61.5923
44 84 114.602
44 86 74.3741
44 87 4.16253
45 2 30.7376
45 6 15.317
45 7 66.071
45 18 49.9946
45 20 32.5787
45 21 53.0277
45 22 23.486
45 24 59.3366
45 28 43.6638
45 31 21.6422
45 37 26.2302
45 40 55.0455
45 45 97.1894
45 46 3.66725
45 47 87.2791
45 50 11.3591
45 51 13.7694
45 55 14.8061
45 58 4.14234
45 61 51.8638
45 65 86.3168
45 67 41.0473
45 69 24.8682
45 81 76.6993
45 82 18.5227
45 89 30.4277
45 90 96.7433
45 92 36.4515
45 93 25.7271
45 95 28.7188
45 98 63.72
46 10 83.7949
46 16 65.3878
46 19 9.76761
46 23 29.6182
46 30 73.3034
46 33 2.03208
46 38 13.4728
46 39 62.3753
46 42 34.4422
46 43 95.4286
46 44 39.2782
46 49 26.1215
46 57 9.53989
46 60 29.4989
46 63 71.2426
46 66 18.7795
46 73 25.9632
46 78 68.9245
46 84 124.235
46 87 2.83945
46 96 24.6999
46 97 92.0714
46 99 16.0209
47 1 23.3491
47 2 23.7122
47 7 33.8266
47 9 21.975
47 11 26.3243
47 15 34.2291
47 18 25.0668
47 21 56.466
47 24 35.5948
47 31 13.7886
47 37 23.1215
47 40 58.3582
47 41 91.7614
47 45 86.5889
47 52 60.7287
47 53 25.5037
47 55 16.6603
47 61 72.0942
47 74 34.5478
47 76 15.4787
47 82 14.3894
47 90 60.7641
47 91 17.1057
47 92 40.9712
47 93 20.3753
47 94 85.0749
47 95 14.8803
47 98 46.1387
48 0 87.5191
48 5 45.6648
48 10 72.9268
48 19 10.0203
48 26 45.7332
48 35 55.6119
48 36 51.953
48 38 10.8072
48 42 50.6468
48 57 8.85581
48 59 62.8809
48 60 30.3831
48 66 11.5229
48 83 71.1797
48 85 87.9068
48 88 82.3599
48 96 19.1043
48 97 113.773
48 99 27.1754
49 3 126.841
49 6 14.5479
49 8 4.63405
49 12 15.4948
49 17 89.7414
49 20 31.6762
49 22 20.9545
49 25 69.0526
49 28 46.8529
49 29 14.383
49 32 42.6432
49 34 13.0235
49 46 4.09505
49 47 101.821
49 48 87.8984
49 50 10.6284
49 51 17.3105
49 58 5.42722
49 62 70.0586
49 64 81.3947
49 65 84.4432
49 67 42.6857
49 69 23.305
49 71 68.4977
49 75 39.7642
49 79 105.21
49 81 71.5865
49 89 47.8928
50 1 31.5517
50 3 113.334
50 8 5.6689
50 11 105.793
50 15 26.4245
50 24 43.1807
50 28 57.6088
50 29 17.5998
50 31 8.52451
50 41 112.396
50 46 2.6591
50 62 121.388
50 69 34.6685
50 71 55.3435
50 75 54.34
50 81 73.5386
50 90 86.8026
50 91 11.1847
50 93 34.5334
50 95 26.1088
51 2 16.6499
51 6 10.747
51 7 78.5061
51 18 23.8163
51 20 42.3414
51 21 45.3656
51 22 12.9973
51 24 38.0323
51 28 50.5397
51 31 21.243
51 37 36.4246
51 40 51.9835
51 45 119.014
51 46 3.2323
51 47 77.5271
51 50 9.12003
51 51 14.529
51 55 21.4164
51 58 5.15397
51 61 50.4806
51 65 50.7532
51 67 27.298
51 69 18.9225
51 81 88.2325
51 82 15.3187
51 89 41.971
51 90 70.5679
51 92 55.7164
51 93 42.0819
51 95 33.1046
51 98 60.2187
52 1 23.4426
52 3 70.9776
52 8 6.95838
52 11 112.945
52 15 21.4991
52 24 36.7895
52 28 65.6514
52 29 16.0167
52 31 16.332
52 41 113.703
52 46 2.98173
52 62 81.0812
52 69 18.6285
52 71 51.1102
52 75 60.0827
52 81 51.4954
52 90 50.5113
52 91 11.604
52 93 37.0085
52 95 30.4997
53 3 109.424
53 6 18.6767
53 8 6.79536
53 12 30.8699
53 17 88.0756
53 20 30.4393
53 22 30.5396
53 25 104.804
53 28 53.4123
53 29 22.2105
53 32 25.8187
53 34 14.1859
53 46 4.06514
53 47 62.8678
53 48 89.6561
53 50 9.599
53 51 15.2361
53 58 6.26082
53 62 82.353
53 64 70.4029
53 65 50.0579
53 67 22.1902
53 69 22.8732
53 71 52.1221
53 75 62.37
53 79 94.4537
53 81 44.4869
53 89 45.4489
54 0 80.6912
54 14 34.9745
54 16 66.6595
54 27 87.7455
54 30 85.2852
54 33 2.13923
54 35 68.4816
54 38 13.9138
54 39 25.956
54 42 63.9466
54 43 42.4169
54 44 28.8966
54 54 50.8984
54 56 4.91321
54 68 9.14709
54 72 19.1339
54 73 23.1675
54 77 32.1057
54 80 70.7413
54 86 58.7576
54 99 15.7274
55 4 9.8732
55 5 69.0963
55 10 71.5468
55 13 60.9827
55 19 13.0968
55 23 49.9492
55 26 53.6287
55 36 62.2112
55 49 39.2524
55 57 17.6926
55 59 59.2804
55 60 23.1197
55 63 66.8359
55 66 11.1412
55 70 102.212
55 78 41.2408
55 83 36.0058
55 84 50.803
55 85 95.405
55 87 3.50456
55 88 104.597
55 96 23.8176
55 97 56.5155
56 10 88.0801
56 14 49.7935
56 16 35.0132
56 23 59.3164
56 26 86.2574
56 30 95.8627
56 35 61.1565
56 39 18.8938
56 43 72.6453
56 49 31.7741
56 56 11.2125
56 57 14.1323
56 59 68.8737
56 60 34.2343
56 66 11.5769
56 68 11.0944
56 78 53.4991
56 80 95.4267
56 83 36.2008
56 84 111.854
56 85 73.4924
56 97 71.2936
57 10 84.5152
57 14 71.226
57 16 45.0465
57 23 54.693
57 26 39.4871
57 30 90.3234
57 35 60.6312
57 39 47.1691
57 43 66.9636
57 49 32.8853
57 56 10.9392
57 57 11.51
57 59 43.195
57 60 33.4163
57 66 14.5251
57 68 10.5999
57 78 65.3624
57 80 86.7307
57 83 44.2647
57 84 83.6676
57 85 116.608
57 97 100.268
58 2 23.2653
58 6 10.9531
58 7 69.325
58 18 40.0939
58 20 39.5666
58 21 48.3573
58 22 25.6016
58 24 44.798
58 28 46.2468
58 31 15.2855
58 37 28.9263
58 40 60.8379
58 45 91.8314
58 46 4.62059
58 47 76.0574
58 50 13.0372
58 51 12.2377
58 55 18.0556
58 58 5.09269
58 61 100.853
58 65 88.721
58 67 31.9302
58 69 29.7467
58 81 58.5046
58 82 12.1726
58 89 22.762
58 90 60.5615
58 92 35.4974
58 93 33.0988
58 95 29.5343
58 98 46.6204
59 3 71.6934
59 6 12.906
59 8 7.40506
59 12 28.8681
59 17 83.0732
59 20 31.5202
59 22 27.8071
59 25 89.7954
59 28 54.8311
59 29 14.4317
59 32 26.8577
59 34 14.6696
59 46 4.26736
59 47 79.2862
59 48 53.2007
59 50 9.66655
59 51 16.7093
59 58 6.14634
59 62 61.7089
59 64 106.139
59 65 102.064
59 67 37.359
59 69 23.3368
59 71 54.0737
59 75 50.5409
59 79 111.347
59 81 61.6903
59 89 53.0075
60 2 21.122
60 6 13.8197
60 7 65.0285
60 18 28.2461
60 20 44.2697
60 21 32.049
60 22 32.356
60 24 60.1682
60 28 63.7622
60 31 19.6252
60 37 21.4088
60 40 60.0106
60 45 110.359
60 46 3.99048
60 47 113.745
60 50 13.6956
60 51 12.9685
60 55 18.8405
60 58 4.93878
60 61 87.5239
60 65 99.5825
60 67 22.1157
60 69 18.4437
60 81 65.6319
60 82 5.02162
60 89 69.9924
60 90 54.3408
60 92 36.2589
60 93 38.7921
60 95 28.2299
60 98 61.7451
61 4 12.0845
61 13 48.9847
61 14 28.9177
61 16 44.8481
61 23 64.0951
61 27 68.3403
61 30 64.1066
61 33 2
61 39 61.7832
61 43 93.5269
61 44 41.6175
61 49 43.4448
61 54 41.3298
61 56 7.82123
61 63 37.094
61 68 9.61033
61 70 142.85
61 72 8.54306
61 73 29.3344
61 77 30.0817
61 78 42.1339
61 80 84.5767
61 84 106.265
61 86 64.4452
61 87 2.63956
62 0 81.4103
62 14 53.3319
62 16 57.6991
62 27 89.3936
62 30 65.9445
62 33 2.1925
62 35 30.6635
62 38 13.3484
62 39 67.7418
62 42 10.3091
62 43 87.9488
62 44 47.5532
62 54 49.1579
62 56 10.5213
62 68 9.7173
62 72 12.3908
62 73 24.3112
62 77 35.4767
62 80 48.4465
62 86 59.8948
62 99 21.0586
63 0 58.1227
63 14 36.231
63 16 54.4034
63 27 88.8515
63 30 85.5261
63 33 2
63 35 44.4927
63 38 13.7036
63 39 38.8133
63 42 43.7211
63 43 150.517
63 44 55.2004
63 54 53.619
63 56 7.27485
63 68 9.52168
63 72 13.097
63 73 19.7218
63 77 32.175
63 80 95.3014
63 86 59.2304
63 99 28.7855
64 0 81.7554
64 5 57.0109
64 10 72.3897
64 19 11.2511
64 26 55.4472
64 35 38.0573
64 36 46.7437
64 38 10.7815
64 42 33.861
64 57 11.0759
64 59 47.2096
64 60 37.1249
64 66 13.3585
64 83 38.0241
64 85 66.2092
64 88 74.6714
64 96 18.4102
64 97 64.5758
64 99 16.0017
65 0 58.006
65 4 15.7842
65 5 66.7919
65 13 61.2068
65 19 8.01679
65 27 136.633
65 33 2
65 36 24.6084
65 38 11.2311
65 42 55.6919
65 44 34.9514
65 54 60.8549
65 63 68.3551
65 70 92.973
65 72 15.8627
65 73 37.174
65 77 28.4136
65 86 57.4447
65 87 2.33871
65 88 74.0493
65 96 14.7647
65 99 11.9073
66 2 22.8576
66 6 12.7545
66 7 65.0581
66 9 20.5992
66 12 31.4173
66 17 125.43
66 18 47.5181
66 20 28.989
66 21 65.2811
66 22 30.5664
66 25 69.9007
66 32 44.581
66 34 12.5947
66 37 15.7384
66 40 46.3474
66 45 124.442
66 47 67.1803
66 48 56.2408
66 50 9.45052
66 51 8.04996
66 52 71.666
66 53 46.4693
66 55 20.2207
66 58 5.25513
66 61 68.2346
66 64 93.234
66 65 106.904
66 67 40.0474
66 74 30.6551
66 76 21.7942
66 79 53.6546
66 82 14.8736
66 89 61.7447
66 92 46.7207
66 94 97.1444
66 98 63.1309
67 10 94.6327
67 16 48.9563
67 19 12.2444
67 23 56.4954
67 30 61.8898
67 33 2.29533
67 38 10.5517
67 39 53.4871
67 42 48.7107
67 43 67.7581
67 44 64.3902
67 49 38.1147
67 57 4.19912
67 60 27.6914
67 63 44.7035
67 66 12.4451
67 73 16.9363
67 78 53.9244
67 84 93.9189
67 87 2.7717
67 96 20.8683
67 97 106.616
67 99 33.0002
68 0 56.383
68 5 52.0296
68 10 61.9142
68 19 11.3732
68 26 53.8785
68 35 54.7235
68 36 49.3126
68 38 14.2123
68 42 53.3597
68 57 10.4545
68 59 44.0486
68 60 27.7371
68 66 14.5667
68 83 60.617
68 85 125.469
68 88 128.817
68 96 19.0281
68 97 92.2533
68 99 24.5104
69 0 91.0139
69 14 45.9287
69 16 49.4784
69 27 120.068
69 30 76.7062
69 33 2.07164
69 35 46.5066
69 38 9.63183
69 39 74.3793
69 42 74.0192
69 43 107.936
69 44 39.3699
69 54 54.7972
69 56 7.51487
69 68 11.3937
69 72 14.5985
69 73 34.3727
69 77 39.4138
69 80 82.0983
69 86 67.3292
69 99 22.5313
70 10 82.1003
70 14 59.9614
70 16 41.1907
70 23 47.7739
70 26 43.5276
70 30 78.1922
70 35 48.3234
70 39 49.8769
70 43 93.6876
70 49 19.04
70 56 7.25816
70 57 12.567
70 59 54.6465
70 60 32.6521
70 66 13.6254
70 68 9.39594
70 78 39.8374
70 80 60.1735
70 83 49.3679
70 84 83.4758
70 85 81.7741
70 97 86.9104
71 0 78.5812
71 4 14.4468
71 5 24.5254
71 13 48.6118
71 14 46.9894
71 26 44.9445
71 27 48.4083
71 35 37.1003
71 36 49.903
71 54 76.3255
71 56 8.6824
71 59 45.8134
71 68 6.12649
71 70 85.6392
71 72 13.5811
71 77 53.7013
71 80 33.3781
71 83 29.6709
71 85 85.9976
71 86 60.7706
71 88 50.8716
72 4 14.1841
72 5 44.0595
72 10 72.9449
72 13 59.0868
72 19 7.56364
72 23 65.482
72 26 35.6524
72 36 55.1596
72 49 40.1824
72 57 14.1504
72 59 54.0988
72 60 29.3364
72 63 59.2103
72 66 16.2912
72 70 51.3858
72 78 51.0046
72 83 19.4264
72 84 96.4735
72 85 66.6562
72 87 2.97874
72 88 102.52
72 96 20.6003
72 97 54.8714
73 2 21.3358
73 6 12.8241
73 7 47.0338
73 18 39.857
73 20 33.5135
73 21 36.6157
73 22 38.1953
73 24 56.5272
73 28 62.8828
73 31 15.0771
73 37 28.7849
73 40 55.7104
73 45 132.17
73 46 3.52435
73 47 86.5685
73 50 9.92121
73 51 12.5823
73 55 25.1321
73 58 5.45396
73 61 65.4903
73 65 68.3239
73 67 32.0016
73 69 21.5931
73 81 65.4102
73 82 12.9784
73 89 39.6971
73 90 52.9613
73 92 43.6306
73 93 40.8216
73 95 18.315
73 98 39.01
74 1 23.2285
74 2 21.2983
74 3 127.787
74 6 11.5639
74 9 23.5667
74 11 85.964
74 17 106.329
74 18 27.625
74 40 35.6128
74 41 102.734
74 45 104.502
74 50 11.4459
74 51 15.2909
74 55 15.9658
74 58 5.22244
74 65 100.604
74 67 25.6644
74 69 19.8771
74 75 38.9745
74 76 16.9216
74 81 67.1162
74 91 12.2707
74 94 50.54
74 95 25.316
75 1 22.6421
75 3 82.1259
75 8 2.41093
75 11 94.0429
75 15 36.9261
75 24 28.003
75 28 59.6256
75 29 10.9896
75 31 15.905
75 41 89.3504
75 46 2.84271
75 62 80.2779
75 69 28.3705
75 71 40.4257
75 75 21.7103
75 81 79.1849
75 90 35.9082
75 91 8.51889
75 93 20.1383
75 95 28.7645
76 2 24.2467
76 6 10.5067
76 7 75.9636
76 18 45.2485
76 20 36.5682
76 21 33.2759
76 22 15.7112
76 24 35.4648
76 28 59.332
76 31 10.9823
76 37 33.5689
76 40 48.2941
76 45 94.5817
76 46 4.84987
76 47 37.4413
76 50 8.51554
76 51 20.4028
76 55 20.0947
76 58 5.21667
76 61 107.384
76 65 74.3803
76 67 27.2685
76 69 21.3505
76 81 84.2704
76 82 13.1259
76 89 75.3264
76 90 70.5648
76 92 41.886
76 93 46.7628
76 95 35.7036
76 98 38.39
77 4 12.6197
77 13 48.4869
77 14 52.3327
77 16 66.2842
77 23 49.3131
77 27 91.71
77 30 47.0233
77 33 2
77 39 71.159
77 43 68.9733
77 44 33.9564
77 49 49.4403
77 54 65.7219
77 56 11.5537
77 63 76.425
77 68 5.34284
77 70 115.09
77 72 18.2177
77 73 25.3365
77 77 32.6006
77 78 50.2561
77 80 60.3175
77 84 67.8898
77 86 60.6387
77 87 3.66158
78 10 52.9961
78 14 47.9537
78 16 17.799
78 23 51.8753
78 26 56.1045
78 30 76.4843
78 35 49.3766
78 39 61.6994
78 43 78.5243
78 49 31.6783
78 56 8.95438
78 57 13.8606
78 59 59.6184
78 60 24.399
78 66 11.715
78 68 12.4445
78 78 28.3415
78 80 68.7814
78 83 47.4983
78 84 43.1417
78 85 99.2734
78 97 75.1413
79 3 95.2586
79 6 12.8695
79 8 4.21266
79 12 33.5785
79 17 87.5319
79 20 18.4777
79 22 30.8518
79 25 86.4641
79 28 60.8003
79 29 16.0514
79 32 38.3705
79 34 15.0985
79 46 3.41533
79 47 82.121
79 48 114.324
79 50 6.63718
79 51 10.1382
79 58 3.64812
79 62 49.9885
79 64 103.434
79 65 73.4649
79 67 44.9108
79 69 22.32
79 71 53.6625
79 75 49.0261
79 79 89.2272
79 81 94.4117
79 89 91.8388
80 1 26.0665
80 2 25.3858
80 7 70.6394
80 9 25.2847
80 11 87.559
80 15 24.2725
80 18 15.7329
80 21 52.2555
80 24 41.2864
80 31 17.476
80 37 24.649
80 40 57.9261
80 41 47.4272
80 45 90.8859
80 52 76.0986
80 53 53.9299
80 55 18.8546
80 61 49.4294
80 74 31.208
80 76 19.7722
80 82 13.5018
80 90 35.2383
80 91 16.2466
80 92 65.8179
80 93 34.5688
80 94 85.0698
80 95 21.1123
80 98 41.902
81 0 59.7371
81 14 53.462
81 16 47.4685
81 27 124.663
81 30 42.7273
81 33 2
81 35 44.9277
81 38 12.6781
81 39 32.5575
81 42 52.7743
81 43 74.4195
81 44 63.0147
81 54 62.5673
81 56 4.15626
81 68 8.97237
81 72 9.20085
81 73 37.9682
81 77 37.3206
81 80 67.8317
81 86 69.6915
81 99 23.9076
82 4 14.9467
82 5 47.5215
82 10 109.478
82 13 60.8517
82 19 10.7219
82 23 59.3212
82 26 51.4234
82 36 49.0578
82 49 41.4448
82 57 10.3992
82 59 62.1236
82 60 15.9987
82 63 23.8617
82 66 9.02621
82 70 90.0711
82 78 44.2725
82 83 47.337
82 84 96.2012
82 85 70.89
82 87 2.96905
82 88 75.2996
82 96 18.7468
82 97 99.7963
83 2 28.2987
83 6 9.05484
83 7 73.3992
83 9 27.1031
83 12 26.0011
83 17 81.8236
83 18 39.3358
83 20 39.1837
83 21 38.2568
83 22 18.3118
83 25 67.659
83 32 50.0229
83 34 16.8065
83 37 30.511
83 40 48.1094
83 45 99.4936
83 47 108.204
83 48 65.8308
83 50 7.2432
83 51 13.2855
83 52 71.962
83 53 47.5937
83 55 11.2905
83 58 4.51388
83 61 96.0261
83 64 74.4912
83 65 71.359
83 67 27.2221
83 74 33.5753
83 76 19.9633
83 79 122.879
83 82 12.0355
83 89 73.3229
83 92 41.583
83 94 47.6931
83 98 50.3119
84 1 15.005
84 2 18.5588
84 7 62.8471
84 9 22.326
84 11 89.5173
84 15 31.467
84 18 18.0195
84 21 56.0883
84 24 60.1275
84 31 10.498
84 37 31.8841
84 40 61.1019
84 41 75.8492
84 45 81.3293
84 52 85.8537
84 53 39.7263
84 55 15.7779
84 61 128.853
84 74 28.0832
84 76 11.3841
84 82 12.4545
84 90 71.6916
84 91 15.6126
84 92 54.0472
84 93 23.6192
84 94 64.6615
84 95 23.92
84 98 41.9747
85 4 15.5731
85 13 65.1526
85 14 53.6091
85 16 46.3479
85 23 65.6248
85 27 120.747
85 30 50.8821
85 33 2.28686
85 39 49.4509
85 43 79.5469
85 44 37.5305
85 49 22.4787
85 54 69.1546
85 56 8.19316
85 63 76.3507
85 68 8.72542
85 70 80.197
85 72 15.2105
85 73 20.3857
85 77 44.05
85 78 54.6035
85 80 57.8567
85 84 96.0267
85 86 36.428
85 87 3.39064
86 1 20.0025
86 2 23.0857
86 3 121.631
86 6 12.4041
86 9 22.4051
86 11 99.5946
86 17 71.8715
86 18 33.618
86 40 47.2179
86 41 131.777
86 45 112.614
86 50 8.18321
86 51 10.6446
86 55 17.6255
86 58 3.74631
86 65 48.3427
86 67 26.0033
86 69 24.1213
86 75 46.7697
86 76 15.9518
86 81 60.0055
86 91 12.7803
86 94 105.44
86 95 40.3342
87 2 29.4096
87 6 6.29735
87 7 69.3262
87 9 31.8858
87 12 26.1351
87 17 100.225
87 18 28.5444
87 20 30.1151
87 21 43.4026
87 22 21.0209
87 25 77.2943
87 32 36.1092
87 34 16.4687
87 37 27.2586
87 40 48.9429
87 45 94.3418
87 47 90.038
87 48 93.7902
87 50 6.0968
87 51 9.39135
87 52 99.8131
87 53 50.9437
87 55 18.4082
87 58 6.62643
87 61 84.3012
87 64 69.6741
87 65 93.2043
87 67 27.3519
87 74 40.2368
87 76 12.043
87 79 102.325
87 82 9.19023
87 89 44.4349
87 92 44.598
87 94 92.852
87 98 51.1527
88 4 11.7639
88 13 59.7363
88 14 49.5564
88 16 56.7042
88 23 35.8126
88 27 91.3774
88 30 54.7958
88 33 2.1737
88 39 49.7097
88 43 74.8041
88 44 46.6866
88 49 15.363
88 54 78.8161
88 56 9.47532
88 63 52.2644
88 68 15.0462
88 70 86.2375
88 72 10.7807
88 73 25.004
88 77 32.2484
88 78 58.6804
88 80 57.3091
88 84 90.8775
88 86 42.5995
88 87 2.90085
89 0 61.1875
89 4 9.68208
89 5 40.4541
89 13 73.7187
89 19 8.30837
89 27 43.4592
89 33 2.44123
89 36 61.0896
89 38 8.65037
89 42 58.6347
89 44 56.0421
89 54 90.8922
89 63 66.8404
89 70 72.1192
89 72 10.2532
89 73 18.2551
89 77 35.7042
89 86 84.7693
89 87 3.33155
89 88 104.198
89 96 15.1514
89 99 21.819
90 2 23.5449
90 6 17.4381
90 7 41.8981
90 18 27.0046
90 20 46.2434
90 21 42.7491
90 22 33.7589
90 24 31.8034
90 28 43.8094
90 31 13.0116
90 37 16.4023
90 40 44.1887
90 45 93.6713
90 46 3.43098
90 47 84.6962
90 50 11.1171
90 51 8.43378
90 55 20.6362
90 58 5.71941
90 61 49.3407
90 65 82.0999
90 67 23.5591
90 69 16.5712
90 81 68.2276
90 82 6.20656
90 89 62.0206
90 90 42.8555
90 92 58.0127
90 93 31.946
90 95 26.6571
90 98 55.9721
91 0 79.3002
91 4 10.3303
91 5 53.8203
91 13 48.4599
91 14 39.1112
91 26 50.4694
91 27 91.6083
91 35 60.8438
91 36 43.2365
91 54 68.4449
91 56 5.01304
91 59 50.9408
91 68 8.43617
91 70 86.4207
91 72 11.3178
91 77 55.9593
91 80 81.1426
91 83 50.6991
91 85 90.0076
91 86 61.1704
91 88 65.3704
92 3 117.964
92 6 13.077
92 8 5.85582
92 12 42.6294
92 17 97.2077
92 20 43.0156
92 22 26.5624
92 25 81.7164
92 28 57.252
92 29 10.789
92 32 46.8034
92 34 13.0759
92 46 3.93938
92 47 76.0694
92 48 87.1854
92 50 7.1923
92 51 11.524
92 58 2.9963
92 62 93.1188
92 64 117.333
92 65 80.2993
92 67 26.2927
92 69 18.9158
92 71 51.5016
92 75 60.8258
92 79 86.4514
92 81 37.9045
92 89 35.7533
93 1 22.928
93 3 100.432
93 8 5.12095
93 11 107.084
93 15 27.6536
93 24 47.7763
93 28 48.6111
93 29 15.8784
93 31 11.0858
93 41 89.4028
93 46 5.03935
93 62 69.2459
93 69 27.2554
93 71 52.83
93 75 40.5175
93 81 32.3052
93 90 73.679
93 91 8.14122
93 93 24.6178
93 95 34.6872
94 10 86.5607
94 16 49.3935
94 19 11.6544
94 23 64.6247
94 30 99.8432
94 33 2
94 38 12.0632
94 39 68.3574
94 42 31.8521
94 43 71.3249
94 44 50.5703
94 49 40.4477
94 57 8.2015
94 60 20.6384
94 63 68.6862
94 66 9.67719
94 73 29.4062
94 78 66.8318
94 84 112.584
94 87 3.04178
94 96 12.9673
94 97 89.32
94 99 34.4466
95 10 73.4716
95 16 68.7342
95 19 9.24272
95 23 71.7709
95 30 62.1197
95 33 2
95 38 7.38899
95 39 57.4235
95 42 42.1001
95 43 68.8221
95 44 42.0833
95 49 45.194
95 57 6.4679
95 60 15.1006
95 63 45.9437
95 66 16.1465
95 73 20.157
95 78 52.2468
95 84 72.9832
95 87 2.52666
95 96 12.2287
95 97 85.1861
95 99 42.2964
96 1 28.3398
96 3 92.8026
96 8 5.01809
96 11 66.5118
96 15 34.3625
96 24 20.0486
96 28 53.2304
96 29 10.0461
96 31 13.6117
96 41 63.0286
96 46 2.23078
96 62 74.4789
96 69 25.999
96 71 36.2992
96 75 34.0837
96 81 69.5019
96 90 68.7194
96 91 10.168
96 93 26.5367
96 95 17.0815
97 1 23.7405
97 3 90.0079
97 8 4.82059
97 9 16.2489
97 11 102.511
97 12 30.2515
97 15 35.8502
97 17 99.7536
97 25 71.938
97 29 18.9436
97 32 26.4874
97 34 17.9173
97 41 71.1982
97 48 62.7973
97 52 53.7342
97 53 23.2106
97 62 85.1171
97 64 55.3339
97 71 70.7192
97 74 32.1228
97 75 46.5142
97 76 18.4236
97 79 101.261
97 91 11.9222
97 94 51.2232
98 7 51.9035
98 8 6.68604
98 12 16.5363
98 15 19.7066
98 20 19.3443
98 21 34.6015
98 22 35.3947
98 24 50.2967
98 25 83.1068
98 28 77.1501
98 29 16.2874
98 31 8.84294
98 32 42.3193
98 34 8.67055
98 37 24.2506
98 46 4.89724
98 47 119.61
98 48 81.4061
98 52 79.5078
98 53 35.009
98 61 82.0884
98 62 77.0137
98 64 70.4204
98 71 48.5206
98 74 45.5462
98 79 136.315
98 82 14.5103
98 89 73.1959
98 90 65.7127
98 92 55.1522
98 93 20.2952
98 98 71.2172
99 2 16.0216
99 6 15.2295
99 7 71.3243
99 9 27.6052
99 12 42.0629
99 17 83.7995
99 18 39.2133
99 20 19.6293
99 21 36.3946
99 22 23.0895
99 25 49.3342
99 32 30.411
99 34 15.3009
99 37 25.0116
99 40 62.433
99 45 143.961
99 47 103.122
99 48 120.079
99 50 8.53106
99 51 12.2129
99 52 65.1783
99 53 36.7613
99 55 18.6257
99 58 5.7225
99 61 52.2497
99 64 113.68
99 65 88.5821
99 67 28.9953
99 74 23.0941
99 76 17.4554
99 79 115.694
99 82 15.7068
99 89 70.1059
99 92 34.1307
99 94 78.2237
99 98 71.1077
