50 50 628
1
1
1
1
1
1
1
1
1
1
1
1
1
1
1
1
1
1
1
1
1
1
1
1
1
1
1
1
1
1
1
1
1
1
1
1
1
1
1
1
1
1
1
1
1
1
1
1
1
1
0 2 29.5933
0 4 104.891
0 5 38.3944
0 6 14.7889
0 8 24.1854
0 16 89.1506
0 21 37.5827
0 23 75.4444
0 28 115.389
0 31 38.2529
0 34 38.9368
0 38 68.1558
0 45 95.8274
0 49 23.8136
1 1 3.82839
1 7 54.3254
1 13 9.24586
1 14 5.15816
1 17 58.5299
1 19 18.8796
1 25 45.2146
1 30 45.7405
1 33 18.0631
1 35 34.3068
1 36 30.9756
1 39 154.257
1 42 59.8779
1 46 19.9616
2 2 64.7014
2 4 113.933
2 11 65.0063
2 18 86.6308
2 21 36.4144
2 22 61.7518
2 24 41.1719
2 28 67.8708
2 31 79.2502
2 32 20.2882
2 40 8.4294
3 0 73.6322
3 9 35.9541
3 10 24.5127
3 11 81.2537
3 12 80.1815
3 18 148.703
3 22 88.1299
3 24 98.4864
3 26 77.9665
3 32 50.7326
3 40 8.45158
4 1 7.02994
4 7 40.2908
4 13 13.045
4 14 7.19339
4 17 53.2068
4 19 16.1942
4 25 39.1308
4 30 77.6227
4 33 16.8721
4 35 35.591
4 36 82.8715
4 39 79.4505
4 42 73.3208
4 46 23.5975
5 2 37.6545
5 4 43.3059
5 11 88.3366
5 18 104.671
5 21 24.111
5 22 54.7781
5 24 104.702
5 28 49.7532
5 31 54.2601
5 32 42.1519
5 40 11.9877
6 2 43.7327
6 4 61.8505
6 11 52.1575
6 18 92.3419
6 21 53.0416
6 22 44.7206
6 24 71.84
6 28 120.842
6 31 37.7858
6 32 55.5364
6 40 10.5971
7 13 11.7288
7 15 46.271
7 33 22.6328
7 43 83.9049
7 47 14.7534
8 1 5.42981
8 3 113.697
8 7 54.9908
8 14 5.30537
8 19 15.7836
8 20 38.8421
8 25 33.4943
8 27 15.162
8 37 55.5541
8 39 110.557
8 42 67.1804
8 44 19.4018
8 47 11.5989
9 5 42.4151
9 10 62.4971
9 12 73.3912
9 22 56.5189
9 24 77.3909
9 26 51.8613
9 28 102.678
9 31 56.9285
9 32 41.0749
9 34 70.2485
9 38 92.8378
9 40 10.2323
9 45 60.4386
10 5 32.2945
10 10 37.0375
10 12 76.0793
10 22 94.8543
10 24 135.305
10 26 46.3846
10 28 105.757
10 31 47.8694
10 32 40.7707
10 34 47.942
10 38 62.0463
10 40 8.92495
10 45 62.6353
11 1 4.09937
11 3 46.0341
11 7 47.3634
11 14 5.88256
11 19 16.9023
11 20 46.1663
11 25 38.6917
11 27 17.2932
11 37 83.8913
11 39 110.87
11 42 81.809
11 44 28.2419
11 47 17.5937
12 5 32.1642
12 10 58.1065
12 12 55.4812
12 22 44.5713
12 24 81.872
12 26 58.5613
12 28 39.368
12 31 68.871
12 32 68.3794
12 34 47.8495
12 38 83.0216
12 40 7.32794
12 45 62.0467
13 2 44.0319
13 4 81.1815
13 5 20.3492
13 6 10.8594
13 8 44.9461
13 16 85.6904
13 21 50.3066
13 23 45.2171
13 28 81.5737
13 31 61.7977
13 34 60.967
13 38 80.5264
13 45 74.5476
13 49 17.5742
14 2 47.942
14 4 82.0001
14 5 41.8847
14 6 20.813
14 8 35.6565
14 16 122.223
14 21 32.2029
14 23 60.9488
14 28 118.572
14 31 55.9145
14 34 58.2764
14 38 93.0004
14 45 91.9181
14 49 20.5289
15 2 37.1627
15 4 59.3525
15 11 68.0267
15 18 141.57
15 21 40.7835
15 22 82.1115
15 24 111.513
15 28 109.731
15 31 47.9751
15 32 49.6069
15 40 9.29408
16 0 88.3418
16 2 59.3091
16 4 93.6709
16 6 15.3118
16 8 20.6686
16 9 36.4241
16 11 73.8836
16 16 71.5866
16 18 104.453
16 21 43.8272
16 23 49.9987
16 49 14.8388
17 0 104.072
17 5 41.2528
17 6 18.6919
17 8 54.8016
17 9 19.5192
17 10 40.3503
17 12 78.5096
17 16 119.582
17 23 32.3248
17 26 50.4922
17 34 52.7165
17 38 75.6661
17 45 43.5663
17 49 17.7205
18 1 4.1993
18 7 59.8467
18 13 15.369
18 14 5.74408
18 17 48.3588
18 19 20.7516
18 25 23.1885
18 30 125.838
18 33 23.4802
18 35 22.3125
18 36 54.9415
18 39 108.918
18 42 64.797
18 46 25.7033
19 1 4.45409
19 3 135.07
19 7 33.9185
19 14 6.62692
19 19 21.0867
19 20 59.2281
19 25 65.4907
19 27 19.8574
19 37 98.0601
19 39 100.457
19 42 42.9035
19 44 27.2339
19 47 19.6327
20 1 4.99284
20 7 44.1895
20 13 13.4208
20 14 5.07248
20 17 49.751
20 19 22.7004
20 25 50.5067
20 30 63.7762
20 33 28.6996
20 35 33.8456
20 36 61.3731
20 39 138.885
20 42 58.6327
20 46 10.797
21 2 51.056
21 4 97.0256
21 11 70.8638
21 18 95.5927
21 21 23.9502
21 22 105.423
21 24 106.837
21 28 108.101
21 31 87.8874
21 32 58.724
21 40 7.93224
22 0 73.8576
22 2 46.9441
22 4 62.9025
22 6 15.5485
22 8 26.2241
22 9 32.111
22 11 79.3393
22 16 103.43
22 18 108.013
22 21 43.3773
22 23 25.9605
22 49 15.4673
23 2 43.0164
23 4 79.1732
23 11 82.1534
23 18 58.4485
23 21 32.9355
23 22 55.4888
23 24 105.671
23 28 110.217
23 31 82.1988
23 32 58.0963
23 40 9.09861
24 0 98.1471
24 2 48.6862
24 4 74.761
24 6 17.1755
24 8 32.8768
24 9 37.8862
24 11 75.0924
24 16 51.813
24 18 131.177
24 21 35.9138
24 23 43.7624
24 49 18.6735
25 1 5.6685
25 3 74.7847
25 7 44.6578
25 14 5.95218
25 17 65.2212
25 19 11.7865
25 20 59.6554
25 25 48.9338
25 27 12.7532
25 29 68.5975
25 30 49.8177
25 35 20.7052
25 36 57.2435
25 37 66.7174
25 39 80.0397
25 41 13.1813
25 42 69.5434
25 44 16.3252
25 46 22.1867
25 48 23.7383
26 2 51.5228
26 4 115.857
26 5 28.9112
26 6 14.5141
26 8 38.0821
26 16 106.205
26 21 31.1093
26 23 40.3633
26 28 73.0412
26 31 53.7429
26 34 66.4789
26 38 78.7861
26 45 74.7635
26 49 18.3915
27 13 11.8393
27 15 33.642
27 17 40.0165
27 29 24.5887
27 30 56.5952
27 33 30.5715
27 35 27.7833
27 36 73.2737
27 41 16.535
27 43 68.8197
27 46 17.7119
27 48 17.6838
28 1 3.97852
28 7 48.7829
28 13 11.0555
28 14 5.62112
28 17 31.5725
28 19 22.7768
28 25 54.0191
28 30 89.2236
28 33 26.0802
28 35 28.6854
28 36 68.0916
28 39 103.835
28 42 69.4017
28 46 23.3209
29 13 16.1591
29 15 43.2241
29 33 22.042
29 43 69.0991
29 47 23.8921
30 1 4.34196
30 7 38.0507
30 13 15.3214
30 14 5.4741
30 17 27.3876
30 19 11.33
30 25 56.0904
30 30 90.9109
30 33 24.4695
30 35 21.4946
30 36 41.8079
30 39 108.317
30 42 37.4488
30 46 19.9412
31 2 49.9159
31 4 68.2567
31 5 33.5673
31 6 17.7484
31 8 28.7438
31 16 64.2017
31 21 39.9203
31 23 57.266
31 28 52.7227
31 31 81.1979
31 34 48.3627
31 38 87.3628
31 45 87.7896
31 49 19.0863
32 3 109.534
32 15 48.9591
32 20 66.9879
32 27 13.2592
32 29 52.8792
32 37 71.4212
32 41 9.37175
32 43 48.5817
32 44 23.0799
32 47 12.586
32 48 18.803
33 1 5.83769
33 3 108.935
33 7 51.852
33 14 6.77146
33 19 14.8727
33 20 46.9876
33 25 60.2641
33 27 10.3483
33 37 62.8748
33 39 50.2182
33 42 56.1065
33 44 39.2493
33 47 21.5635
34 3 98.8254
34 15 23.1949
34 20 55.3822
34 27 12.6024
34 29 62.467
34 37 70.1217
34 41 15.9776
34 43 94.469
34 44 34.953
34 47 18.6311
34 48 17.0888
35 2 41.2638
35 4 72.2522
35 5 40.8357
35 6 9.207
35 8 47.5371
35 16 77.0789
35 21 43.4705
35 23 76.9761
35 28 95.7763
35 31 81.3072
35 34 78.3539
35 38 72.7472
35 45 67.1433
35 49 15.2939
36 5 48.7634
36 10 39.7432
36 12 85.0343
36 22 67.3547
36 24 75.5707
36 26 57.1874
36 28 90.5995
36 31 77.5769
36 32 52.4378
36 34 48.026
36 38 58.5884
36 40 11.6894
36 45 69.6048
37 1 2.42618
37 3 94.7649
37 7 39.3428
37 14 7.43049
37 17 68.0035
37 19 17.7142
37 20 52.8186
37 25 31.6671
37 27 15.3242
37 29 49.478
37 30 56.529
37 35 19.1891
37 36 30.5259
37 37 88.9655
37 39 61.9423
37 41 16.2704
37 42 67.1301
37 44 28.4677
37 46 20.4284
37 48 25.7077
38 0 96.8893
38 9 34.9484
38 10 66.6338
38 11 72.4625
38 12 77.6196
38 18 79.3594
38 22 48.233
38 24 60.3956
38 26 39.6182
38 32 56.1079
38 40 8.73192
39 2 37.0358
39 4 125.99
39 11 53.4797
39 18 97.8302
39 21 35.7398
39 22 66.2415
39 24 50.8094
39 28 47.5778
39 31 83.0493
39 32 58.6412
39 40 5.13551
40 1 4.02459
40 7 38.8811
40 13 15.1423
40 14 7.96316
40 17 41.3478
40 19 16.6718
40 25 48.889
40 30 50.7239
40 33 34.9388
40 35 19.9763
40 36 46.643
40 39 92.5128
40 42 56.4772
40 46 17.042
41 5 29.3315
41 10 51.99
41 12 80.5448
41 22 78.1384
41 24 112.114
41 26 72.3679
41 28 78.9057
41 31 89.1543
41 32 53.4227
41 34 43.7943
41 38 100.658
41 40 7.24088
41 45 95.5403
42 2 45.3701
42 4 102.712
42 5 36.9632
42 6 16.745
42 8 30.9746
42 16 79.6888
42 21 44.4373
42 23 41.3858
42 28 51.3807
42 31 71.4889
42 34 50.9149
42 38 84.6189
42 45 45.3827
42 49 23.9374
43 3 117.191
43 15 27.2182
43 20 69.9953
43 27 16.2329
43 29 53.13
43 37 87.2439
43 41 14.8078
43 43 58.2516
43 44 24.9425
43 47 15.7279
43 48 19.3838
44 2 36.4623
44 4 64.8698
44 5 45.9509
44 6 10.0683
44 8 38.3485
44 16 136.308
44 21 39.4934
44 23 57.8228
44 28 44.3393
44 31 89.5459
44 34 48.4526
44 38 66.5001
44 45 82.2318
44 49 20.4897
45 13 10.3049
45 15 52.1741
45 33 19.1565
45 43 67.2091
45 47 16.1346
46 5 37.3175
46 10 40.5266
46 12 58.7545
46 22 64.623
46 24 76.2804
46 26 50.7885
46 28 103.047
46 31 76.6797
46 32 51.0022
46 34 58.1485
46 38 100.689
46 40 7.02641
46 45 45.0982
47 3 84.69
47 15 64.051
47 20 56.6129
47 27 14.2407
47 29 60.167
47 37 73.2465
47 41 18.4006
47 43 77.2679
47 44 22.4228
47 47 20.8124
47 48 16.9003
48 0 73.0693
48 5 34.6953
48 6 14.6239
48 8 13.2067
48 9 35.8579
48 10 43.4953
48 12 66.144
48 16 73.4222
48 23 42.374
48 26 56.2557
48 34 50.0666
48 38 54.674
48 45 67.5785
48 49 20.1423
49 0 72.066
49 5 35.0908
49 6 22.8919
49 8 38.6752
49 9 44.7059
49 10 34.5887
49 12 33.919
49 16 80.1834
49 23 42.2404
49 26 40.7301
49 34 77.3521
49 38 74.2051
49 45 51.7174
49 49 13.5124
