100 100 2526
1
1
1
1
1
1
1
1
1
1
1
1
1
1
1
1
1
1
1
1
1
1
1
1
1
1
1
1
1
1
1
1
1
1
1
1
1
1
1
1
1
1
1
1
1
1
1
1
1
1
1
1
1
1
1
1
1
1
1
1
1
1
1
1
1
1
1
1
1
1
1
1
1
1
1
1
1
1
1
1
1
1
1
1
1
1
1
1
1
1
1
1
1
1
1
1
1
1
1
1
0 1 11.816
0 12 71.0575
0 14 93.3369
0 17 9.81828
0 18 8.11052
0 20 7.21512
0 22 59.7134
0 24 99.2684
0 25 96.4643
0 27 8.46356
0 31 32.0557
0 32 23.6824
0 33 19.6484
0 37 42.9444
0 38 33.5469
0 40 100.73
0 44 13.838
0 46 123.314
0 55 41.3267
0 68 35.0611
0 70 55.7567
0 71 17.8694
0 74 66.2681
0 77 71.1465
0 78 103.878
0 80 47.3966
0 87 15.492
0 89 83.5258
0 90 64.761
1 2 22.0086
1 3 84.2875
1 12 51.2465
1 14 71.7481
1 17 12.6253
1 18 8.47369
1 22 52.0528
1 25 57.4004
1 31 46.2393
1 32 57.1456
1 33 17.1416
1 35 59.8166
1 37 46.4186
1 40 101.19
1 42 9.70008
1 44 17.1627
1 46 100.618
1 54 58.0783
1 55 52.6449
1 61 48.4125
1 68 37.4987
1 70 82.7611
1 77 56.0432
1 78 126.687
1 82 111.212
1 87 32.713
1 89 71.1238
1 90 60.4553
1 93 33.1538
1 96 27.2791
1 99 77.2387
2 9 29.0552
2 13 71.1583
2 21 78.3287
2 26 18.8284
2 45 3.63194
2 47 93.0916
2 48 13.6114
2 51 78.4381
2 60 20.2782
2 63 35.8146
2 66 17.2661
2 73 89.5328
2 76 89.7711
2 83 31.247
2 86 64.506
2 88 18.2825
2 91 40.7849
3 6 25.4081
3 8 16.938
3 9 50.1757
3 10 50.6169
3 15 49.9257
3 21 66.6475
3 26 14.1723
3 28 47.2901
3 29 35.7321
3 34 33.5075
3 36 47.9025
3 43 28.9681
3 45 3.85553
3 47 64.3647
3 49 106.276
3 50 40.3632
3 56 66.6089
3 58 97.6787
3 60 7.995
3 62 66.4455
3 63 32.3687
3 65 66.7203
3 73 92.8808
3 76 80.0228
3 85 35.9366
3 86 93.2262
3 88 20.8271
3 92 9.90399
3 97 19.1694
4 0 45.607
4 7 79.2224
4 11 38.8169
4 13 56.5678
4 16 54.8611
4 23 103.412
4 39 63.9593
4 41 72.7548
4 48 7.58168
4 51 75.5867
4 53 10.896
4 57 80.082
4 64 58.9522
4 66 23.6272
4 67 6.47748
4 69 54.5039
4 79 8.40278
4 83 26.413
4 91 42.8968
4 94 60.1988
4 95 86.6756
4 98 57.9761
5 2 34.3213
5 3 65.6074
5 12 59.6723
5 14 46.8466
5 17 7.26996
5 18 10.0132
5 22 74.946
5 25 60.9455
5 31 27.0907
5 32 55.5291
5 33 12.1145
5 35 58.8485
5 37 40.013
5 40 38.6252
5 42 31.245
5 44 24.0519
5 46 94.8647
5 54 93.2048
5 55 54.5231
5 61 38.123
5 68 46.9829
5 70 55.4634
5 77 39.8256
5 78 58.2044
5 82 80.6055
5 87 18.4421
5 89 50.1669
5 90 78.7276
5 93 25.9208
5 96 20.8936
5 99 69.8985
6 6 17.0094
6 8 31.1519
6 9 21.9271
6 10 34.9189
6 11 62.5779
6 15 53.5754
6 16 51.9691
6 21 37.9504
6 23 86.6413
6 28 77.7753
6 29 41.2244
6 36 43.1304
6 43 33.9097
6 48 11.9663
6 56 69.632
6 60 12.0536
6 62 51.3888
6 63 61.1222
6 66 31.7965
6 67 7.69647
6 79 9.91262
6 86 104.174
6 91 48.0739
6 94 52.0249
7 4 25.945
7 5 26.0111
7 12 77.6742
7 17 9.44623
7 18 7.35855
7 20 57.5223
7 27 6.49248
7 30 58.6756
7 31 29.2223
7 32 49.9086
7 38 20.4218
7 44 15.9884
7 46 108.648
7 54 26.1979
7 55 84.7346
7 61 38.2224
7 71 18.5403
7 77 76.951
7 80 56.9675
7 82 93.4117
7 84 25.7556
7 87 20.5715
7 90 70.0952
7 93 33.7177
7 96 33.0499
8 2 74.3336
8 3 91.1475
8 5 23.8627
8 12 44.7988
8 14 79.2271
8 20 58.9436
8 22 44.4612
8 24 104.023
8 25 70.0316
8 27 5.81311
8 30 87.3743
8 38 20.8692
8 40 65.2959
8 42 10.9643
8 46 72.2493
8 52 99.4795
8 54 42.3293
8 59 35.0053
8 68 52.4923
8 75 34.4488
8 78 116.734
8 89 72.2533
8 90 36.4054
8 93 18.9889
8 96 22.0654
9 0 60.0333
9 7 64.4467
9 13 64.4369
9 26 20.0984
9 34 19.7679
9 39 58.3057
9 41 55.3498
9 45 4.14275
9 47 63.4928
9 49 51.6384
9 50 27.2926
9 51 64.5877
9 53 11.8017
9 57 95.1846
9 58 84.5601
9 64 65.2403
9 65 104.909
9 69 41.6064
9 73 85.3532
9 76 101.955
9 83 17.9969
9 85 28.9861
9 88 17.5171
9 92 14.8321
9 95 81.3395
9 97 13.2039
9 98 62.6956
10 2 40.8347
10 3 68.2916
10 12 33.5335
10 14 77.5667
10 17 11.5171
10 18 13.3743
10 22 65.3568
10 25 85.6135
10 31 38.3218
10 32 27.7874
10 33 19.2885
10 35 77.4004
10 37 31.0078
10 40 98.6691
10 42 19.1438
10 44 22.2118
10 46 120.314
10 54 55.5199
10 55 52.5594
10 61 53.6704
10 68 53.2994
10 70 47.0608
10 77 56.283
10 78 74.0749
10 82 75.2519
10 87 20.8978
10 89 47.7733
10 90 42.8747
10 93 31.8092
10 96 34.295
10 99 81.2798
11 0 86.2506
11 7 76.4706
11 13 41.4223
11 26 21.8104
11 34 18.7756
11 39 64.9586
11 41 58.2872
11 45 4.49541
11 47 70.3149
11 49 113.584
11 50 44.1904
11 51 71.5017
11 53 11.9387
11 57 67.9145
11 58 57.0429
11 64 58.5136
11 65 114.401
11 69 70.6328
11 73 73.3882
11 76 121.891
11 83 18.0039
11 85 53.2073
11 88 20.6384
11 92 14.5758
11 95 76.7231
11 97 14.7245
11 98 84.7036
12 2 52.1494
12 3 65.0418
12 12 71.1776
12 14 92.1204
12 17 11.4046
12 18 10.8871
12 22 66.1521
12 25 104.86
12 31 42.9808
12 32 46.2041
12 33 20.2687
12 35 94.9063
12 37 48.1714
12 40 64.0944
12 42 29.583
12 44 16.9027
12 46 99.2293
12 54 73.8067
12 55 49.0881
12 61 31.687
12 68 34.5247
12 70 67.0638
12 77 61.2732
12 78 121.46
12 82 106.509
12 87 21.0048
12 89 57.6477
12 90 60.1953
12 93 29.9285
12 96 34.6451
12 99 45.2246
13 0 103.671
13 6 21.5636
13 8 23.4576
13 9 45.36
13 11 63.7877
13 13 73.7531
13 15 57.6382
13 16 63.426
13 21 80.5134
13 23 150.232
13 26 22.7543
13 28 71.4431
13 36 40.9805
13 39 83.6054
13 41 65.9785
13 43 34.3496
13 45 3.35772
13 47 86.9929
13 50 38.2218
13 58 67.501
13 73 126.801
13 76 98.1694
13 79 7.09805
13 86 118.806
13 94 60.0325
13 95 84.6088
13 97 19.8267
14 2 42.6905
14 3 41.896
14 4 24.1497
14 5 30.2725
14 19 89.4931
14 30 106.473
14 35 72.4915
14 42 21.3982
14 52 59.1003
14 54 68.0481
14 59 37.1734
14 61 39.2666
14 72 11.5771
14 75 38.8856
14 81 34.1171
14 82 62.3452
14 84 37.5735
14 93 40.4094
14 96 39.0356
14 99 75.4173
15 2 41.5564
15 3 77.3113
15 5 13.5563
15 12 53.1149
15 14 108.02
15 20 76.7854
15 22 32.1619
15 24 137.799
15 25 46.0427
15 27 6.42917
15 30 55.7956
15 38 23.9595
15 40 60.2651
15 42 30.0285
15 46 66.6792
15 52 98.5892
15 54 53.749
15 59 53.4665
15 68 47.2904
15 75 34.232
15 78 92.718
15 89 83.5177
15 90 48.2473
15 93 24.7397
15 96 29.6042
16 0 33.6558
16 7 63.6217
16 13 71.0135
16 26 14.8645
16 34 28.7958
16 39 85.7663
16 41 82.2406
16 45 3.18926
16 47 64.6463
16 49 55.166
16 50 49.044
16 51 78.008
16 53 7.71931
16 57 92.4776
16 58 93.6862
16 64 64.6547
16 65 86.0929
16 69 48.1135
16 73 120.796
16 76 105.678
16 83 28.0845
16 85 68.0307
16 88 21.6841
16 92 12.0706
16 95 82.0195
16 97 13.0007
16 98 98.6098
17 4 23.3412
17 5 28.1154
17 12 50.6657
17 17 10.555
17 18 11.6404
17 20 79.2069
17 27 6.19265
17 30 31.1285
17 31 29.1662
17 32 58.3404
17 38 33.6943
17 44 22.2706
17 46 71.4575
17 54 72.9368
17 55 76.2864
17 61 52.6726
17 71 26.8033
17 77 54.1349
17 80 68.9449
17 82 48.3858
17 84 48.1034
17 87 18.5873
17 90 50.6642
17 93 30.2203
17 96 45.3822
18 0 77.4213
18 6 26.1804
18 8 27.662
18 9 58.0395
18 11 61.4058
18 13 40.7138
18 15 38.6161
18 16 56.1899
18 21 71.6722
18 23 75.3732
18 26 14.14
18 28 60.3638
18 36 31.8455
18 39 63.5985
18 41 62.3483
18 43 55.124
18 45 5.22451
18 47 75.3855
18 50 32.2335
18 58 81.8114
18 73 114.261
18 76 64.9401
18 79 10.8895
18 86 69.6605
18 94 83.5585
18 95 64.8405
18 97 13.9699
19 1 7.73208
19 12 67.7183
19 14 75.985
19 17 8.5829
19 18 10.6865
19 20 25.0997
19 22 28.8027
19 24 10.0266
19 25 56.6393
19 27 5.93806
19 31 28.2155
19 32 37.4011
19 33 23.7073
19 37 53.2356
19 38 27.3157
19 40 122.125
19 44 13.8618
19 46 125.904
19 55 116.648
19 68 53.735
19 70 83.6375
19 71 16.8099
19 74 63.4742
19 77 72.1794
19 78 153.673
19 80 74.8311
19 87 21.5942
19 89 68.2916
19 90 49.6145
20 1 2.76645
20 4 31.6945
20 17 9.74601
20 18 9.07449
20 19 85.153
20 31 37.2422
20 32 47.2763
20 33 15.8319
20 35 84.0112
20 37 38.7693
20 44 25.334
20 55 64.8949
20 61 8.52439
20 70 83.7906
20 71 22.0539
20 72 18.5629
20 74 82.7189
20 77 58.8773
20 80 51.0804
20 81 31.9178
20 82 31.8672
20 84 55.674
20 87 26.852
20 99 58.6306
21 9 31
21 13 33.4097
21 21 72.847
21 26 17.8915
21 45 3.74258
21 47 57.1497
21 48 12.3631
21 51 71.5897
21 60 8.03165
21 63 44.2862
21 66 26.0102
21 73 94.6216
21 76 90.0079
21 83 12.1312
21 86 129.19
21 88 14.4916
21 91 29.7289
22 1 6.96837
22 12 68.4341
22 14 91.6081
22 17 8.92259
22 18 8.355
22 20 94.2492
22 22 61.8489
22 24 117.058
22 25 84.7469
22 27 6.03924
22 31 39.4918
22 32 35.7098
22 33 28.7723
22 37 49.0797
22 38 33.7016
22 40 93.3335
22 44 23.2811
22 46 81.5984
22 55 66.1428
22 68 35.0813
22 70 68.4319
22 71 30.7092
22 74 50.2933
22 77 44.1671
22 78 58.2732
22 80 51.7711
22 87 22.1093
22 89 58.9175
22 90 74.6255
23 2 47.487
23 3 78.5503
23 5 15.9643
23 12 63.8959
23 14 65.099
23 20 87.9161
23 22 69.5974
23 24 135.455
23 25 75.4719
23 27 7.0064
23 30 84.2086
23 38 26.9578
23 40 64.924
23 42 24.2167
23 46 100.018
23 52 69.3801
23 54 40.0714
23 59 36.5835
23 68 36.2061
23 75 29.5791
23 78 93.6198
23 89 51.8855
23 90 93.1447
23 93 39.2097
23 96 37.1426
24 1 11.923
24 4 22.7026
24 5 11.9422
24 19 42.4406
24 20 63.35
24 24 105.787
24 27 6.86614
24 30 68.6408
24 38 29.8006
24 52 75.2281
24 59 28.7744
24 71 17.532
24 72 17.4164
24 74 59.6634
24 75 29.0442
24 80 67.2744
24 81 19.9773
24 84 45.4339
25 6 25.3594
25 8 30.8696
25 9 64.5634
25 10 44.6595
25 15 47.9494
25 21 63.393
25 26 17.7117
25 28 61.4496
25 29 33.6394
25 34 21.3097
25 36 41.7561
25 43 50.6191
25 45 4.50311
25 47 64.4289
25 49 120.528
25 50 29.8236
25 56 43.8148
25 58 91.7084
25 60 11.801
25 62 79.973
25 63 69.4505
25 65 85.8906
25 73 130.999
25 76 111.608
25 85 40.2484
25 86 81.9823
25 88 19.807
25 92 9.85856
25 97 15.0116
26 1 9.99221
26 4 18.469
26 5 27.4548
26 19 57.8719
26 20 48.9647
26 24 79.2972
26 27 6.65933
26 30 49.4193
26 38 20.1684
26 52 47.5939
26 59 18.0564
26 71 24.4145
26 72 13.0072
26 74 57.8915
26 75 38.1345
26 80 61.2005
26 81 26.4346
26 84 36.3197
27 4 23.0773
27 5 29.649
27 12 50.6531
27 17 7.74466
27 18 8.0237
27 20 50.5903
27 27 7.26216
27 30 67.953
27 31 49.4265
27 32 71.2655
27 38 28.1197
27 44 18.9401
27 46 117.279
27 54 79.5922
27 55 84.5397
27 61 49.7799
27 71 26.1148
27 77 75.3344
27 80 64.692
27 82 77.3669
27 84 61.2782
27 87 21.5728
27 90 77.2488
27 93 36.5106
27 96 28.4397
28 0 75.827
28 6 27.7037
28 8 18.9215
28 9 46.7346
28 11 43.8146
28 13 54.3961
28 15 28.6952
28 16 40.3656
28 21 66.772
28 23 99.8507
28 26 23.9434
28 28 69.7643
28 36 41.3141
28 39 25.3884
28 41 65.2624
28 43 27.1093
28 45 3.3417
28 47 96.7655
28 50 41.6898
28 58 77.6129
28 73 114.847
28 76 169.769
28 79 10.3534
28 86 93.7587
28 94 69.1033
28 95 39.366
28 97 8.39227
29 1 10.7736
29 12 69.748
29 14 81.023
29 17 10.3865
29 18 8.55762
29 20 56.3326
29 22 78.6794
29 24 96.527
29 25 99.2963
29 27 7.06834
29 31 40.5844
29 32 38.8294
29 33 16.2838
29 37 27.3211
29 38 37.888
29 40 94.4237
29 44 17.2747
29 46 88.8342
29 55 29.4664
29 68 51.6727
29 70 67.2882
29 71 26.4223
29 74 53.1036
29 77 66.7786
29 78 116.73
29 80 60.3963
29 87 24.0595
29 89 55.6837
29 90 50.1507
30 2 60.1367
30 3 44.5724
30 5 21.3449
30 12 62.2542
30 14 69.7165
30 20 58.8879
30 22 49.4056
30 24 99.2568
30 25 94.0199
30 27 5.21831
30 30 30.4456
30 38 25.4673
30 40 101.05
30 42 20.4728
30 46 125.068
30 52 87.3095
30 54 95.1766
30 59 34.7851
30 68 17.811
30 75 26.5791
30 78 64.8953
30 89 48.8176
30 90 36.906
30 93 35.0014
30 96 33.4352
31 1 10.3762
31 12 62.0478
31 14 84.2783
31 17 8.87822
31 18 10.2883
31 20 72.5204
31 22 71.1026
31 24 93.2325
31 25 59.6663
31 27 5.43133
31 31 45.0631
31 32 71.2291
31 33 18.2893
31 37 25.2112
31 38 24.9775
31 40 66.5015
31 44 18.3719
31 46 41.0192
31 55 46.3672
31 68 42.6804
31 70 79.4199
31 71 14.1606
31 74 54.2936
31 77 46.3486
31 78 114.33
31 80 46.0388
31 87 23.2564
31 89 56.4384
31 90 52.404
32 0 67.414
32 6 19.3541
32 7 70.1378
32 8 20.7643
32 10 24.4899
32 11 59.0058
32 15 39.9959
32 16 45.2696
32 23 96.7922
32 28 63.0617
32 29 41.3884
32 34 23.6411
32 36 24.0517
32 39 81.0988
32 41 70.2235
32 43 43.5028
32 49 111.618
32 50 31.1713
32 53 11.6395
32 56 97.0095
32 57 101.5
32 58 65.8144
32 62 74.6879
32 64 74.1842
32 65 58.8065
32 67 8.3523
32 69 41.8964
32 79 7.84924
32 85 39.2239
32 92 13.0423
32 94 21.1973
32 95 91.7903
32 97 12.6918
32 98 127.62
33 6 29.0159
33 8 24.6949
33 9 28.2551
33 10 41.447
33 11 29.7175
33 15 57.9427
33 16 41.9892
33 21 62.3178
33 23 76.2059
33 28 69.984
33 29 33.4545
33 36 50.62
33 43 43.9631
33 48 9.0227
33 56 52.753
33 60 12.6425
33 62 63.5235
33 63 60.4892
33 66 18.0093
33 67 6.28307
33 79 6.81447
33 86 90.2885
33 91 44.7976
33 94 40.8294
34 2 44.6988
34 3 76.1671
34 12 69.7222
34 14 106.669
34 17 8.25596
34 18 10.6737
34 22 47.6519
34 25 85.6419
34 31 17.104
34 32 32.3153
34 33 21.696
34 35 68.7027
34 37 43.2415
34 40 61.8098
34 42 20.4427
34 44 22.9844
34 46 125.365
34 54 61.1404
34 55 65.8154
34 61 52.2361
34 68 23.6667
34 70 50.2311
34 77 64.2613
34 78 91.1013
34 82 46.2298
34 87 23.0025
34 89 56.1534
34 90 59.8225
34 93 23.8174
34 96 18.7308
34 99 57.5291
35 0 96.2794
35 6 24.8876
35 7 52.2712
35 8 14.9269
35 10 28.3645
35 11 39.852
35 15 67.9552
35 16 36.7794
35 23 70.8984
35 28 64.2942
35 29 25.9235
35 34 22.2598
35 36 59.957
35 39 50.5052
35 41 56.0268
35 43 25.2453
35 49 99.9429
35 50 32.5157
35 53 7.9005
35 56 50.5738
35 57 105.674
35 58 85.9382
35 62 51.0404
35 64 64.308
35 65 65.8716
35 67 6.74125
35 69 66.1226
35 79 9.4383
35 85 40.2498
35 92 14.6841
35 94 54.2417
35 95 114.345
35 97 16.0221
35 98 67.3077
36 1 6.24816
36 4 35.8048
36 17 13.7474
36 18 10.1694
36 19 84.2631
36 31 42.7261
36 32 42.9201
36 33 14.5145
36 35 29.6594
36 37 24.2079
36 44 14.1802
36 55 62.8377
36 61 39.502
36 70 64.5512
36 71 27.7237
36 72 11.3623
36 74 78.4923
36 77 58.0818
36 80 30.7199
36 81 45.9463
36 82 80.8509
36 84 71.3451
36 87 27.681
36 99 85.8296
37 0 90.5264
37 6 8.96461
37 8 18.3384
37 9 29.8098
37 11 54.8212
37 13 84.9774
37 15 47.3031
37 16 59.925
37 21 53.9295
37 23 78.7732
37 26 18.6696
37 28 88.594
37 36 14.2006
37 39 61.8518
37 41 71.579
37 43 54.498
37 45 4.02638
37 47 53.6582
37 50 30.0925
37 58 74.8959
37 73 105.864
37 76 84.7211
37 79 7.1294
37 86 94.7047
37 94 65.6388
37 95 76.5929
37 97 14.5334
38 1 7.47703
38 4 15.7788
38 17 8.75223
38 18 6.56647
38 19 17.8047
38 31 40.6964
38 32 69.3976
38 33 14.1257
38 35 62.8585
38 37 34.3181
38 44 22.3886
38 55 70.2153
38 61 40.9852
38 70 70.5427
38 71 20.8192
38 72 13.824
38 74 54.4246
38 77 61.1181
38 80 45.4542
38 81 39.5503
38 82 90.9914
38 84 49.3064
38 87 24.7155
38 99 90.2896
39 0 87.5726
39 7 40.0752
39 13 52.0588
39 26 12.3927
39 34 24.709
39 39 83.6767
39 41 62.4671
39 45 3.76382
39 47 81.4042
39 49 90.7975
39 50 42.5029
39 51 93.8563
39 53 8.33795
39 57 82.4635
39 58 81.4476
39 64 57.2587
39 65 88.2032
39 69 43.6547
39 73 118.867
39 76 81.9693
39 83 27.4112
39 85 55.5204
39 88 28.411
39 92 4.62425
39 95 62.7458
39 97 9.15022
39 98 82.8077
40 0 106.097
40 6 21.5519
40 7 86.6361
40 8 30.2206
40 10 30.1424
40 11 55.2812
40 15 40.0632
40 16 35.9714
40 23 73.1285
40 28 55.2152
40 29 48.5927
40 34 14.0359
40 36 41.3245
40 39 67.5113
40 41 68.3502
40 43 62.4564
40 49 69.189
40 50 42.3648
40 53 13.1756
40 56 70.9361
40 57 73.7211
40 58 75.2723
40 62 64.9001
40 64 62.121
40 65 84.1477
40 67 8.42336
40 69 70.3436
40 79 8.74503
40 85 37.5196
40 92 12.8489
40 94 116.01
40 95 96.7133
40 97 11.2933
40 98 68.1591
41 1 5.28709
41 2 49.3038
41 3 106.987
41 14 75.5281
41 19 73.1769
41 22 42.6176
41 24 106.842
41 25 73.5381
41 33 21.4879
41 35 98.2141
41 37 42.2544
41 40 87.2015
41 42 28.6578
41 52 75.1281
41 59 30.6701
41 68 26.4245
41 70 71.989
41 72 19.1649
41 74 62.8276
41 75 32.7863
41 78 46.5083
41 81 31.4911
41 89 46.4026
41 99 89.56
42 0 56.5883
42 7 58.6861
42 11 45.9604
42 13 58.3959
42 16 44.6943
42 23 105.234
42 39 76.3359
42 41 39.3998
42 48 12.6224
42 51 51.4528
42 53 13.07
42 57 81.6504
42 64 69.9186
42 66 32.5438
42 67 3.95189
42 69 45.9872
42 79 8.96901
42 83 22.7049
42 91 22.7228
42 94 132.604
42 95 68.4599
42 98 96.4399
43 1 6.46028
43 12 50.1976
43 14 57.104
43 17 8.27347
43 18 7.75819
43 20 68.2109
43 22 59.6821
43 24 111.298
43 25 54.1571
43 27 6.23543
43 31 41.41
43 32 43.6451
43 33 19.7797
43 37 43.549
43 38 28.7488
43 40 72.2238
43 44 21.1354
43 46 61.3113
43 55 79.7257
43 68 42.3386
43 70 66.2506
43 71 20.3514
43 74 60.5268
43 77 36.878
43 78 96.4218
43 80 52.0883
43 87 23.7329
43 89 97.4809
43 90 36.0549
44 0 92.4768
44 6 20.3579
44 8 27.4689
44 9 33.305
44 11 32.7476
44 13 41.0821
44 15 42.1431
44 16 47.8333
44 21 98.0465
44 23 91.3981
44 26 11.4375
44 28 73.8673
44 36 19.4447
44 39 60.3137
44 41 33.6526
44 43 31.912
44 45 2.8292
44 47 86.3941
44 50 42.1214
44 58 91.7398
44 73 80.3899
44 76 127.422
44 79 9.23818
44 86 92.201
44 94 72.3082
44 95 61.4792
44 97 13.1974
45 1 10.2689
45 4 33.7396
45 5 17.9194
45 19 61.7617
45 20 58.5783
45 24 55.735
45 27 3.21569
45 30 108.143
45 38 32.1352
45 52 95.1529
45 59 33.1588
45 71 19.7232
45 72 13.9229
45 74 76.7107
45 75 14.9474
45 80 50.4822
45 81 40.5247
45 84 61.7894
46 0 71.2967
46 7 51.086
46 11 71.3173
46 13 67.3035
46 16 54.2911
46 23 81.6617
46 39 66.1646
46 41 53.0265
46 48 15.009
46 51 109.041
46 53 10.2446
46 57 85.3919
46 64 66.8799
46 66 30.6047
46 67 9.76856
46 69 34.2093
46 79 7.49617
46 83 23.1532
46 91 24.2255
46 94 56.7242
46 95 70.3873
46 98 109.485
47 0 49.8434
47 7 88.1719
47 11 59.4575
47 13 68.6351
47 16 47.7985
47 23 43.0346
47 39 94.9767
47 41 79.3757
47 48 10.396
47 51 82.0753
47 53 11.9496
47 57 67.4296
47 64 63.195
47 66 25.9453
47 67 6.33676
47 69 35.1291
47 79 7.93441
47 83 16.4393
47 91 31.5977
47 94 119.584
47 95 91.1917
47 98 84.4983
48 1 9.04102
48 12 50.4347
48 14 85.3267
48 17 9.26146
48 18 11.8348
48 20 60.3703
48 22 45.2613
48 24 55.5099
48 25 54.4734
48 27 7.4542
48 31 35.9791
48 32 56.7255
48 33 22.646
48 37 56.5238
48 38 24.7538
48 40 84.4716
48 44 25.2931
48 46 89.9704
48 55 53.8481
48 68 38.4105
48 70 50.8078
48 71 22.5016
48 74 54.9205
48 77 52.2039
48 78 104.009
48 80 68.8907
48 87 17.843
48 89 74.0955
48 90 53.6729
49 1 6.64602
49 4 24.3398
49 17 8.50238
49 18 3.57387
49 19 93.6567
49 31 37.8444
49 32 63.97
49 33 24.7653
49 35 89.1988
49 37 34.4688
49 44 11.6167
49 55 71.9838
49 61 55.5431
49 70 85.2893
49 71 14.4544
49 72 17.9203
49 74 73.9588
49 77 47.5832
49 80 67.1164
49 81 30.0298
49 82 68.1203
49 84 34.2824
49 87 21.3522
49 99 54.6046
50 4 13.7742
50 5 27.8449
50 12 67.2185
50 17 9.90441
50 18 8.68154
50 20 71.4794
50 27 5.73975
50 30 85.9063
50 31 42.044
50 32 37.276
50 38 22.006
50 44 24.4996
50 46 98.3309
50 54 44.2671
50 55 69.1782
50 61 57.4306
50 71 26.2706
50 77 46.8201
50 80 38.5008
50 82 81.5103
50 84 78.6466
50 87 22.1639
50 90 59.4063
50 93 29.9159
50 96 46.9549
51 0 47.8204
51 7 44.1535
51 13 52.4135
51 26 12.0731
51 34 21.1289
51 39 44.9105
51 41 43.7824
51 45 3.34913
51 47 94.3997
51 49 67.1369
51 50 48.8206
51 51 85.2567
51 53 12.2602
51 57 83.372
51 58 42.721
51 64 47.0339
51 65 61.8238
51 69 49.8343
51 73 109.404
51 76 111.492
51 83 21.2563
51 85 43.5296
51 88 18.7785
51 92 7.36817
51 95 82.2773
51 97 17.4262
51 98 75.9384
52 2 51.468
52 3 73.3889
52 4 23.2174
52 5 14.9445
52 19 77.7059
52 30 78.0934
52 35 71.2525
52 42 36.3162
52 52 85.0345
52 54 59.7206
52 59 22.2791
52 61 30.2586
52 72 12.7131
52 75 20.3936
52 81 56.4466
52 82 52.8978
52 84 51.4595
52 93 42.6018
52 96 35.8079
52 99 66.5661
53 0 75.4864
53 7 66.3193
53 13 59.4506
53 26 13.1596
53 34 19.7791
53 39 42.8579
53 41 86.4685
53 45 3.40051
53 47 63.2142
53 49 116.374
53 50 52.989
53 51 44.4257
53 53 11.7761
53 57 78.7344
53 58 90.8496
53 64 56.672
53 65 103.165
53 69 48.1308
53 73 145.862
53 76 151.584
53 83 26.5524
53 85 31.1953
53 88 12.5634
53 92 16.924
53 95 94.7211
53 97 18.5119
53 98 82.8865
54 1 5.48553
54 12 68.3712
54 14 88.3683
54 17 6.84108
54 18 7.78908
54 20 69.0077
54 22 81.9832
54 24 79.0474
54 25 75.057
54 27 8.21121
54 31 21.1801
54 32 46.5869
54 33 13.5884
54 37 54.9338
54 38 26.8404
54 40 113.438
54 44 23.7371
54 46 121.47
54 55 76.1074
54 68 45.2783
54 70 68.1685
54 71 15.3636
54 74 64.9992
54 77 56.3855
54 78 173.188
54 80 38.2703
54 87 26.0663
54 89 59.1998
54 90 45.7086
55 6 10.7846
55 8 30.8655
55 9 39.9907
55 10 20.3226
55 15 49.6937
55 21 47.8536
55 26 13.9155
55 28 69.1695
55 29 43.7181
55 34 22.985
55 36 35.2057
55 43 41.8195
55 45 4.53767
55 47 72.4034
55 49 102.631
55 50 56.7139
55 56 52.0238
55 58 66.8559
55 60 12.953
55 62 73.3675
55 63 67.0292
55 65 99.8694
55 73 105.783
55 76 81.8807
55 85 42.0589
55 86 87.7668
55 88 17.4873
55 92 10.488
55 97 16.4347
56 1 10.5435
56 2 43.3076
56 3 62.5626
56 14 97.8865
56 19 73.9393
56 22 83.3726
56 24 122.938
56 25 57.089
56 33 24.0789
56 35 55.5878
56 37 34.6349
56 40 91.9259
56 42 18.4787
56 52 77.8232
56 59 33.0833
56 68 39.0285
56 70 84.4017
56 72 7.19842
56 74 69.3514
56 75 32.4531
56 78 62.1168
56 81 46.9053
56 89 42.3875
56 99 44.0491
57 1 5.61419
57 4 16.7107
57 17 11.2272
57 18 8.94123
57 19 81.3145
57 31 39.3188
57 32 51.8233
57 33 19.3589
57 35 94.8896
57 37 43.9002
57 44 12.378
57 55 63.9799
57 61 44.6779
57 70 70.1969
57 71 23.9911
57 72 12.5854
57 74 41.3306
57 77 43.9083
57 80 47.7157
57 81 42.7794
57 82 117.939
57 84 48.4402
57 87 15.6916
57 99 69.511
58 4 14.1554
58 5 24.9981
58 12 61.5597
58 17 8.12974
58 18 10.2138
58 20 71.4012
58 27 5.63813
58 30 57.4136
58 31 39.9716
58 32 27.6987
58 38 31.4172
58 44 12.3969
58 46 64.8032
58 54 74.2299
58 55 77.9904
58 61 37.7762
58 71 15.8677
58 77 57.8952
58 80 53.2023
58 82 77.1617
58 84 44.3973
58 87 22.7275
58 90 79.8647
58 93 42.3999
58 96 30.0901
59 0 68.0739
59 6 21.2832
59 8 22.4048
59 9 24.4559
59 11 38.9772
59 13 44.6511
59 15 66.2781
59 16 29.9004
59 21 92.1903
59 23 104.66
59 26 18.9692
59 28 54.9509
59 36 37.9015
59 39 78.7565
59 41 61.359
59 43 35.658
59 45 4.26341
59 47 102.51
59 50 21.3971
59 58 65.4585
59 73 112.773
59 76 100.284
59 79 13.4157
59 86 48.341
59 94 61.025
59 95 53.1996
59 97 13.9323
60 1 4.99982
60 2 35.3102
60 3 74.8944
60 14 91.2598
60 19 55.4315
60 22 75.158
60 24 91.5399
60 25 66.1787
60 33 15.4416
60 35 67.5076
60 37 33.4557
60 40 76.7862
60 42 14.5437
60 52 72.9386
60 59 40.2009
60 68 48.741
60 70 86.5463
60 72 10.0435
60 74 41.6551
60 75 38.4939
60 78 80.7293
60 81 46.2243
60 89 60.0759
60 99 79.3864
61 6 17.8461
61 8 30.7822
61 9 30.3585
61 10 37.4469
61 15 71.6118
61 21 79.6757
61 26 14.1148
61 28 74.7715
61 29 37.4567
61 34 12.9461
61 36 31.7428
61 43 44.8983
61 45 4.98256
61 47 69.5121
61 49 108.097
61 50 45.5131
61 56 70.5489
61 58 61.137
61 60 16.2342
61 62 75.7233
61 63 80.592
61 65 132.718
61 73 64.0045
61 76 81.2244
61 85 39.2313
61 86 108.658
61 88 25.7897
61 92 12.7419
61 97 11.5521
62 2 42.4321
62 3 41.9274
62 4 16.2698
62 5 20.2082
62 19 92.1344
62 30 85.1626
62 35 85.5531
62 42 19.2913
62 52 64.6607
62 54 37.3053
62 59 19.7239
62 61 47.8376
62 72 12.5393
62 75 20.6153
62 81 52.5094
62 82 83.0467
62 84 51.0102
62 93 40.364
62 96 29.8265
62 99 64.3716
63 2 52.1614
63 3 99.6803
63 5 25.9897
63 12 82.8556
63 14 76.6581
63 20 59.1398
63 22 68.1773
63 24 132.382
63 25 49.3575
63 27 6.08995
63 30 68.7165
63 38 31.7802
63 40 56.5273
63 42 25.6706
63 46 39.8901
63 52 74.9259
63 54 55.9452
63 59 39.1973
63 68 25.5065
63 75 38.7458
63 78 103.147
63 89 78.8553
63 90 51.2278
63 93 32.193
63 96 41.1031
64 2 56.054
64 3 108.14
64 5 23.8059
64 12 54.3206
64 14 105.058
64 20 66.7203
64 22 97.7353
64 24 127.138
64 25 82.4843
64 27 4.92426
64 30 55.0212
64 38 19.751
64 40 36.7248
64 42 16.0487
64 46 62.3772
64 52 41.7146
64 54 47.3506
64 59 34.3166
64 68 37.6641
64 75 37.7072
64 78 134.368
64 89 53.1421
64 90 61.2243
64 93 37.1209
64 96 38.6237
65 0 70.8173
65 7 55.2831
65 13 70.2551
65 26 19.0041
65 34 16.0687
65 39 64.5322
65 41 56.6019
65 45 4.49914
65 47 93.5818
65 49 89.5162
65 50 34.3877
65 51 47.457
65 53 12.8533
65 57 72.8416
65 58 69.405
65 64 45.0302
65 65 118.523
65 69 40.9768
65 73 89.5899
65 76 85.9641
65 83 29.8257
65 85 28.9233
65 88 20.5982
65 92 6.73397
65 95 88.3775
65 97 14.48
65 98 81.8702
66 2 40.1849
66 3 95.5936
66 5 23.3666
66 12 59.1988
66 14 75.3562
66 20 73.2296
66 22 80.7688
66 24 116.324
66 25 70.7048
66 27 4.58509
66 30 52.694
66 38 34.3447
66 40 66.7995
66 42 12.1561
66 46 98.5517
66 52 97.8436
66 54 85.7395
66 59 43.4437
66 68 24.7099
66 75 32.2966
66 78 122.683
66 89 89.6245
66 90 58.7747
66 93 34.5264
66 96 17.8218
67 2 52.1215
67 3 34.414
67 4 27.0287
67 5 21.9708
67 19 34.3392
67 30 52.7827
67 35 79.2712
67 42 20.2475
67 52 57.3377
67 54 79.6395
67 59 43.5485
67 61 50.6081
67 72 15.5661
67 75 34.6861
67 81 29.4187
67 82 106.569
67 84 54.0086
67 93 36.0425
67 96 23.6085
67 99 68.1779
68 1 8.01911
68 12 73.7862
68 14 57.8439
68 17 9.47786
68 18 8.01065
68 20 82.0443
68 22 80.4424
68 24 131.87
68 25 40.8096
68 27 5.73197
68 31 38.5476
68 32 44.6673
68 33 14.4506
68 37 32.293
68 38 28.2531
68 40 75.0162
68 44 17.8123
68 46 97.4704
68 55 45.8545
68 68 35.854
68 70 73.1391
68 71 25.3124
68 74 32.7843
68 77 35.9537
68 78 172.196
68 80 78.9831
68 87 19.8408
68 89 65.7508
68 90 77.8538
69 7 30.6501
69 10 32.935
69 29 27.5252
69 34 14.9514
69 48 11.8647
69 49 114.443
69 51 53.4362
69 53 9.8223
69 56 76.7479
69 57 59.1685
69 60 14.4483
69 62 68.6723
69 63 64.4652
69 64 65.7902
69 65 53.3958
69 66 29.6374
69 67 10.8558
69 69 51.9929
69 83 22.252
69 85 44.0667
69 88 14.5783
69 91 33.0786
69 92 8.88246
69 98 124.776
70 1 7.06287
70 4 24.9114
70 5 16.8779
70 19 71.3848
70 20 57.2353
70 24 102.672
70 27 6.66525
70 30 60.6075
70 38 31.6703
70 52 72.1021
70 59 45.8982
70 71 21.3608
70 72 13.6356
70 74 74.5089
70 75 33.4716
70 80 34.29
70 81 39.0384
70 84 46.4198
71 0 90.5099
71 6 22.1713
71 8 27.8268
71 9 37.6659
71 11 61.0438
71 13 58.3878
71 15 27.9816
71 16 46.0998
71 21 29.4151
71 23 73.2748
71 26 13.6987
71 28 58.1058
71 36 45.1646
71 39 72.2751
71 41 77.699
71 43 46.5909
71 45 4.18595
71 47 80.1963
71 50 44.7511
71 58 72.6862
71 73 79.9921
71 76 84.7005
71 79 10.4647
71 86 117.912
71 94 80.5422
71 95 51.0432
71 97 15.746
72 4 20.1077
72 5 33.6049
72 12 75.6925
72 17 7.58103
72 18 12.1122
72 20 86.3624
72 27 4.91491
72 30 87.1628
72 31 38.8842
72 32 56.631
72 38 32.9404
72 44 12.3333
72 46 143.854
72 54 48.4452
72 55 71.7385
72 61 23.0831
72 71 25.8844
72 77 55.7527
72 80 44.6158
72 82 89.7896
72 84 72.308
72 87 17.9492
72 90 53.9383
72 93 43.7934
72 96 31.6758
73 1 6.86051
73 12 46.1131
73 14 72.5161
73 17 7.79497
73 18 11.7992
73 20 72.5431
73 22 72.6554
73 24 96.1056
73 25 30.7254
73 27 5.825
73 31 31.9609
73 32 45.8846
73 33 16.7242
73 37 45.9841
73 38 37.7309
73 40 93.3323
73 44 13.2247
73 46 109.788
73 55 53.7108
73 68 26.6986
73 70 63.3556
73 71 28.8114
73 74 79.317
73 77 43.0985
73 78 118.337
73 80 47.9818
73 87 28.7443
73 89 88.6463
73 90 60.1967
74 2 43.8034
74 3 74.5844
74 5 29.1362
74 12 68.6775
74 14 71.3624
74 20 41.0033
74 22 38.8568
74 24 90.9412
74 25 89.7329
74 27 5.51456
74 30 76.4382
74 38 34.7106
74 40 80.0926
74 42 16.8257
74 46 75.0791
74 52 46.5172
74 54 61.5131
74 59 32.1208
74 68 42.5702
74 75 33.4786
74 78 121.614
74 89 52.6898
74 90 82.5309
74 93 54.0672
74 96 39.3672
75 2 51.6304
75 3 83.0148
75 4 23.6512
75 5 35.9717
75 19 72.1709
75 30 89.5417
75 35 82.3466
75 42 21.2725
75 52 98.4412
75 54 45.2796
75 59 39.3019
75 61 45.1307
75 72 12.5044
75 75 28.3989
75 81 45.9551
75 82 84.645
75 84 39.7124
75 93 39.6315
75 96 15.8213
75 99 55.6701
76 7 51.9914
76 10 22.5943
76 29 50.9174
76 34 28.6203
76 48 11.9758
76 49 102.514
76 51 79.3575
76 53 10.186
76 56 59.0536
76 57 104.578
76 60 11.7451
76 62 83.2927
76 63 58.7622
76 64 81.4366
76 65 87.6271
76 66 27.0103
76 67 6.33963
76 69 49.0287
76 83 25.8886
76 85 30.606
76 88 21.5289
76 91 36.2701
76 92 12.9432
76 98 111.994
77 1 6.93739
77 2 54.6655
77 3 112.339
77 14 91.5622
77 19 46.743
77 22 76.7288
77 24 75.8869
77 25 45.073
77 33 14.1895
77 35 69.188
77 37 22.2397
77 40 70.7251
77 42 29.0854
77 52 84.2332
77 59 36.8976
77 68 33.2989
77 70 82.01
77 72 15.1359
77 74 69.1957
77 75 37.1939
77 78 106.88
77 81 15.3424
77 89 64.9654
77 99 74.5714
78 0 60.3375
78 7 53.9382
78 11 41.146
78 13 49.6488
78 16 26.4464
78 23 93.2856
78 39 70.4346
78 41 63.5632
78 48 15.8806
78 51 56.0936
78 53 10.9658
78 57 77.511
78 64 53.348
78 66 29.0874
78 67 11.2468
78 69 39.5844
78 79 8.43808
78 83 24.5465
78 91 23.4141
78 94 70.2369
78 95 72.829
78 98 112.386
79 6 21.805
79 8 30.1441
79 9 46.3943
79 10 49.2988
79 15 81.9217
79 21 86.0166
79 26 14.672
79 28 40.6038
79 29 44.1333
79 34 18.0284
79 36 41.1504
79 43 47.492
79 45 4.86048
79 47 66.1668
79 49 76.3194
79 50 46.4079
79 56 126.531
79 58 95.5324
79 60 9.77058
79 62 94.6975
79 63 74.5945
79 65 112.738
79 73 74.352
79 76 101.463
79 85 42.1261
79 86 116.293
79 88 25.7771
79 92 6.9145
79 97 15.285
80 6 19.3406
80 8 31.6947
80 9 49.5319
80 10 44.2013
80 15 23.4651
80 21 38.956
80 26 18.1885
80 28 52.2818
80 29 31.6693
80 34 25.501
80 36 37.0899
80 43 48.5563
80 45 3.92255
80 47 75.5661
80 49 52.8745
80 50 37.2384
80 56 105.253
80 58 91.6273
80 60 18.0828
80 62 67.4423
80 63 52.6558
80 65 81.8247
80 73 123.054
80 76 105.458
80 85 51.1137
80 86 114.608
80 88 20.0121
80 92 11.1439
80 97 16.4815
81 0 62.2479
81 7 61.1542
81 13 43.812
81 26 16.8937
81 34 25.0661
81 39 84.9944
81 41 63.4232
81 45 4.51588
81 47 48.2278
81 49 57.7522
81 50 19.6197
81 51 58.9624
81 53 11.5586
81 57 105.801
81 58 82.0862
81 64 78.1152
81 65 154.665
81 69 52.5944
81 73 100.085
81 76 121.426
81 83 29.6312
81 85 31.6957
81 88 26.48
81 92 12.9437
81 95 61.7003
81 97 6.82436
81 98 63.8059
82 1 7.58203
82 2 41.2257
82 3 91.5389
82 14 101.393
82 19 74.2657
82 22 57.6805
82 24 94.0497
82 25 37.1399
82 33 17.9414
82 35 77.6528
82 37 58.4805
82 40 91.1403
82 42 31.0462
82 52 88.9526
82 59 25.7526
82 68 14.002
82 70 86.9213
82 72 15.8783
82 74 72.3005
82 75 26.9481
82 78 31.2687
82 81 35.1508
82 89 56.5903
82 99 83.6537
83 0 94.3495
83 7 60.3014
83 13 64.8468
83 26 19.8651
83 34 19.2124
83 39 52.9577
83 41 63.4532
83 45 3.961
83 47 40.0432
83 49 109.981
83 50 33.7629
83 51 78.0551
83 53 14.4185
83 57 97.3408
83 58 78.5548
83 64 46.1973
83 65 111.588
83 69 48.0778
83 73 102.492
83 76 102.057
83 83 30.4559
83 85 24.3896
83 88 17.0451
83 92 10.8617
83 95 75.7803
83 97 10.9791
83 98 88.9329
84 4 28.3852
84 5 16.2028
84 12 53.1747
84 17 11.392
84 18 8.66632
84 20 63.4586
84 27 4.66736
84 30 71.2256
84 31 42.0477
84 32 36.2516
84 38 30.9329
84 44 24.0035
84 46 64.2871
84 54 69.2724
84 55 44.9985
84 61 27.9661
84 71 33.7988
84 77 76.122
84 80 36.1779
84 82 66.1691
84 84 36.3663
84 87 30.8728
84 90 61.8448
84 93 45.8104
84 96 37.7413
85 0 78.1741
85 6 22.0528
85 8 26.2182
85 9 26.97
85 11 60.5599
85 13 54.5149
85 15 75.4837
85 16 48.1725
85 21 65.3074
85 23 131.85
85 26 19.6989
85 28 62.4838
85 36 48.4625
85 39 58.2537
85 41 31.3502
85 43 35.62
85 45 3.99456
85 47 80.0212
85 50 40.067
85 58 37.7221
85 73 82.6184
85 76 126.242
85 79 9.18061
85 86 71.5784
85 94 66.6604
85 95 99.3282
85 97 14.838
86 9 55.0322
86 13 34.7014
86 21 75.4245
86 26 11.957
86 45 3.42719
86 47 50.7544
86 48 12.3255
86 51 88.4044
86 60 16.5962
86 63 90.7381
86 66 29.954
86 73 103.103
86 76 79.4218
86 83 28.7375
86 86 87.0109
86 88 17.3059
86 91 30.9977
87 7 32.6206
87 10 34.4673
87 29 25.7986
87 34 15.2949
87 48 5.17614
87 49 137.455
87 51 41.9137
87 53 9.39181
87 56 69.4195
87 57 86.1811
87 60 5.81208
87 62 117.654
87 63 40.5581
87 64 79.775
87 65 81.1591
87 66 32.3286
87 67 9.84255
87 69 50.5826
87 83 17.9349
87 85 33.7514
87 88 16.9137
87 91 16.7229
87 92 10.286
87 98 93.938
88 9 59.2333
88 13 70.5778
88 21 67.8594
88 26 20.4484
88 45 3.3095
88 47 72.1885
88 48 13.9978
88 51 77.9503
88 60 12.2478
88 63 46.6126
88 66 16.3928
88 73 108.675
88 76 103.785
88 83 29.1505
88 86 64.3109
88 88 27.4118
88 91 42.7482
89 0 56.9474
89 7 74.9406
89 13 67.8151
89 26 18.7359
89 34 21.8441
89 39 57.4906
89 41 48.795
89 45 4.02648
89 47 73.4695
89 49 95.2974
89 50 54.9104
89 51 90.9182
89 53 16.7115
89 57 86.7666
89 58 79.5372
89 64 69.9474
89 65 87.0571
89 69 42.8171
89 73 123.824
89 76 144.356
89 83 21.0115
89 85 50.8239
89 88 10.6994
89 92 14.9492
89 95 63.2379
89 97 16.4772
89 98 85.4605
90 9 26.5462
90 13 56.3812
90 21 72.5219
90 26 15.5786
90 45 2.07943
90 47 81.2152
90 48 6.33769
90 51 77.5123
90 60 13.9098
90 63 40.0319
90 66 21.1235
90 73 74.6951
90 76 64.0811
90 83 29.7871
90 86 113.396
90 88 26.5451
90 91 37.0272
91 2 38.7503
91 3 71.2022
91 4 26.3638
91 5 24.9685
91 19 57.0036
91 30 86.3149
91 35 85.1985
91 42 18.154
91 52 74.1601
91 54 42.6998
91 59 23.2251
91 61 17.5541
91 72 17.0817
91 75 24.9889
91 81 12.8129
91 82 71.867
91 84 64.2973
91 93 56.2042
91 96 29.1399
91 99 92.7774
92 0 63.5435
92 6 26.8517
92 7 76.8741
92 8 33.3451
92 10 43.5988
92 11 39.7834
92 15 40.7417
92 16 35.1841
92 23 73.781
92 28 43.6256
92 29 47.2337
92 34 22.668
92 36 45.4423
92 39 56.7516
92 41 58.5632
92 43 44.1071
92 49 79.5081
92 50 29.2522
92 53 10.09
92 56 66.383
92 57 59.4228
92 58 87.1199
92 62 64.6549
92 64 46.0518
92 65 86.523
92 67 8.62656
92 69 57.6216
92 79 11.6578
92 85 35.4269
92 92 13.8021
92 94 122.073
92 95 93.6472
92 97 6.87794
92 98 33.3733
93 1 7.8844
93 12 38.926
93 14 98.6279
93 17 11.5884
93 18 9.24258
93 20 61.2446
93 22 72.6167
93 24 117.145
93 25 61.6903
93 27 4.27735
93 31 39.4194
93 32 33.5466
93 33 11.4805
93 37 40.4479
93 38 38.1644
93 40 68.5816
93 44 20.6563
93 46 96.132
93 55 84.7711
93 68 51.9243
93 70 99.0275
93 71 21.147
93 74 58.5132
93 77 57.2577
93 78 112.216
93 80 38.1315
93 87 29.4544
93 89 54.2373
93 90 59.4921
94 1 8.11987
94 2 51.7349
94 3 88.4697
94 14 87.2692
94 19 56.9468
94 22 43.1127
94 24 83.9525
94 25 63.316
94 33 17.1874
94 35 69.0244
94 37 33.9955
94 40 67.5823
94 42 26.2347
94 52 87.3094
94 59 32.7113
94 68 40.878
94 70 31.9756
94 72 15.0096
94 74 88.1686
94 75 30.4181
94 78 56.8685
94 81 29.4458
94 89 56.2882
94 99 94.8614
95 9 36.2304
95 13 55.7767
95 21 43.9542
95 26 22.5388
95 45 3.83419
95 47 48.3805
95 48 9.94372
95 51 91.592
95 60 9.45018
95 63 25.3392
95 66 16.6053
95 73 94.3652
95 76 94.2171
95 83 14.1509
95 86 92.4238
95 88 13.4414
95 91 27.8002
96 9 45.9341
96 13 44.1084
96 21 46.1069
96 26 19.6738
96 45 3.22992
96 47 72.9458
96 48 11.6435
96 51 75.538
96 60 10.0447
96 63 82.9084
96 66 32.7498
96 73 102.46
96 76 112.169
96 83 22.2852
96 86 83.596
96 88 15.4083
96 91 33.9805
97 2 50.1778
97 3 79.7661
97 12 14.3346
97 14 84.5212
97 17 11.6621
97 18 6.53659
97 22 101.557
97 25 94.8664
97 31 40.4764
97 32 50.3376
97 33 16.29
97 35 70.8728
97 37 51.939
97 40 90.0807
97 42 30.1896
97 44 18.5272
97 46 61.7882
97 54 61.9329
97 55 42.8573
97 61 30.1781
97 68 57.5968
97 70 64.1564
97 77 61.7373
97 78 103.218
97 82 85.0106
97 87 13.1719
97 89 56.5663
97 90 50.3414
97 93 39.5425
97 96 41.1401
97 99 91.5011
98 2 53.798
98 3 66.0589
98 5 29.4681
98 12 56.4682
98 14 68.9309
98 20 37.4163
98 22 77.1733
98 24 124.499
98 25 97.4032
98 27 7.23213
98 30 80.3892
98 38 25.8687
98 40 87.3478
98 42 27.6939
98 46 102.012
98 52 83.3784
98 54 67.5438
98 59 46.897
98 68 41.6374
98 75 44.7368
98 78 111.663
98 89 44.6234
98 90 67.5335
98 93 17.5294
98 96 28.8774
99 2 38.4839
99 3 112.713
99 4 28.5049
99 5 36.2615
99 19 63.8684
99 30 63.5586
99 35 57.5712
99 42 16.7463
99 52 34.8716
99 54 51.5137
99 59 35.764
99 61 45.7408
99 72 14.2007
99 75 34.3739
99 81 48.7229
99 82 92.4242
99 84 59.7622
99 93 40.0802
99 96 29.0477
99 99 80.1983
