100 100 2498
1
1
1
1
1
1
1
1
1
1
1
1
1
1
1
1
1
1
1
1
1
1
1
1
1
1
1
1
1
1
1
1
1
1
1
1
1
1
1
1
1
1
1
1
1
1
1
1
1
1
1
1
1
1
1
1
1
1
1
1
1
1
1
1
1
1
1
1
1
1
1
1
1
1
1
1
1
1
1
1
1
1
1
1
1
1
1
1
1
1
1
1
1
1
1
1
1
1
1
1
0 4 22.7935
0 5 93.9274
0 8 76.6827
0 12 4.53249
0 15 60.1642
0 22 67.57
0 26 23.4299
0 30 74.5426
0 38 43.0457
0 42 13.5529
0 45 58.3055
0 49 88.8773
0 52 114.845
0 77 35.4484
0 86 25.9399
0 87 73.1753
0 88 12.7767
0 90 62.1977
0 93 57.0685
0 94 15.3936
1 10 24.9168
1 13 47
1 21 8.59648
1 24 33.6509
1 34 92.0031
1 35 45.374
1 43 31.1852
1 44 2.8207
1 53 96.3239
1 54 48.3594
1 56 4.27926
1 61 97.359
1 65 32.3179
1 66 73.6311
1 69 29.3398
1 70 82.4469
1 73 82.311
1 75 81.8926
1 76 31.7403
1 80 20.2821
1 81 74.8926
1 84 81.4558
1 85 36.4492
1 89 60.1604
1 91 81.7522
1 92 23.5233
1 95 19.9175
1 96 103.967
1 97 15.7024
1 99 8.0339
2 0 56.3908
2 3 15.6507
2 5 76.3078
2 6 9.36152
2 12 6.29997
2 16 66.1929
2 17 124.054
2 18 88.0728
2 23 28.3923
2 26 25.2312
2 33 27.2737
2 36 3.57803
2 40 40.0422
2 45 47.3401
2 48 46.3694
2 51 17.638
2 52 92.0346
2 57 61.2942
2 60 46.3057
2 62 76.7537
2 64 117.234
2 74 93.1773
2 77 98.6085
2 86 63.3034
2 90 94.4333
2 93 52.3501
3 0 62.7702
3 3 22.9763
3 16 125.578
3 18 82.4678
3 22 34.6326
3 23 21.9309
3 38 42.598
3 41 52.5791
3 42 19.5373
3 45 68.8567
3 46 64.5427
3 48 24.6504
3 62 48.8684
3 64 68.7059
3 67 109.596
3 68 20.5495
3 74 81.2866
3 79 73.9453
3 87 46.9202
3 88 14.4094
3 90 99.0508
3 93 44.9177
3 94 15.3124
4 4 21.3083
4 5 80.3899
4 6 6.94334
4 8 19.3195
4 12 7.02558
4 18 100.204
4 22 67.9619
4 30 92.314
4 33 26.2073
4 36 3.17175
4 38 30.4653
4 41 49.1661
4 42 14.4977
4 51 18.4983
4 57 102.976
4 63 51.3871
4 67 102.193
4 68 20.6412
4 74 98.4507
4 79 115.547
4 87 69.6286
4 90 94.4776
4 94 23.0434
5 2 52.6696
5 9 32.098
5 10 18.2454
5 11 27.5125
5 19 22.9149
5 21 12.5516
5 24 50.9061
5 27 71.4575
5 28 3.20876
5 31 42.296
5 32 14.7325
5 35 46.1586
5 39 55.4196
5 43 17.7601
5 47 74.1426
5 53 77.8142
5 56 3.89089
5 59 3.76699
5 61 80.0113
5 65 32.2057
5 66 113.822
5 75 68.4023
5 76 34.0753
5 80 54.4794
5 83 20.2465
5 84 86.3217
5 89 46.2808
5 96 74.8654
5 97 11.8419
5 99 12.6801
6 0 22.3668
6 3 29.5946
6 6 5.2444
6 16 92.5018
6 17 120.802
6 18 119.881
6 23 33.4747
6 33 23.3059
6 36 3.14859
6 40 37.5911
6 41 91.3968
6 46 106.49
6 48 56.3517
6 51 26.0857
6 57 68.6692
6 60 40.6268
6 62 32.0223
6 63 71.3526
6 64 88.6493
6 67 93.5532
6 68 20.5209
6 74 69.6974
6 78 45.9624
6 79 79.1272
7 1 18.4762
7 9 37.3643
7 11 60.6474
7 13 44.9442
7 14 38.9741
7 19 39.075
7 20 96.47
7 28 3.18879
7 29 60.6766
7 31 68.392
7 32 11.8271
7 34 91.4638
7 43 32.5881
7 47 61.9358
7 50 26.5916
7 53 97.4384
7 54 40.9655
7 55 25.9681
7 56 3.52965
7 58 9.7854
7 65 40.1622
7 66 76.0028
7 69 28.6902
7 71 64.1069
7 73 13.2585
7 75 82.0035
7 76 18.7403
7 81 89.4381
7 84 78.3427
7 85 42.7344
7 91 60.3501
7 92 23.851
7 97 12.3177
7 98 21.7823
8 4 37.5105
8 5 72.943
8 6 8.09825
8 8 64.053
8 12 4.74727
8 15 27.0741
8 17 91.0187
8 26 13.395
8 30 64.8856
8 33 26.3926
8 36 2.72179
8 40 31.7438
8 49 69.4336
8 51 19.1345
8 52 64.9956
8 57 80.0192
8 60 43.1701
8 63 91.7343
8 77 52.6543
8 78 80.2591
8 86 37.4552
9 2 50.5872
9 9 27.9737
9 10 23.7653
9 11 27.3163
9 19 34.1358
9 21 10.7678
9 24 55.3333
9 27 98.1545
9 28 3.10699
9 31 42.5845
9 32 9.11545
9 35 36.0463
9 39 73.5193
9 43 35.4878
9 47 90.7615
9 53 93.7637
9 56 4.61445
9 59 4.91343
9 61 79.1304
9 65 40.3696
9 66 53.7445
9 75 103.132
9 76 36.6422
9 80 35.3367
9 83 16.5036
9 84 72.2768
9 89 31.7816
9 96 103.808
9 97 12.6746
9 99 12.1872
10 1 39.6841
10 9 51.9377
10 11 38.9281
10 13 55.8768
10 14 51.0849
10 19 29.0298
10 20 81.2694
10 28 3.47145
10 29 97.4665
10 31 58.5048
10 32 13.8648
10 34 74.3901
10 43 30.6978
10 47 66.2094
10 50 25.6121
10 53 119.897
10 54 46.2228
10 55 34.934
10 56 3.25587
10 58 12.9214
10 65 41.9292
10 66 109.576
10 69 37.2492
10 71 60.8133
10 73 61.5246
10 75 26.1213
10 76 24.12
10 81 80.7393
10 84 54.8192
10 85 27.3499
10 91 69.3355
10 92 14.7588
10 97 12.7521
10 98 31.9342
11 1 31.9715
11 2 56.2028
11 7 3.33162
11 9 35.3118
11 11 48.605
11 14 42.7493
11 19 45.2067
11 20 84.5686
11 25 12.0091
11 27 84.7835
11 28 4.26161
11 29 94.8838
11 31 30.5972
11 32 10.3277
11 37 79.7683
11 39 36.5073
11 47 75.3887
11 50 19.3834
11 55 37.1063
11 58 14.1961
11 59 6.80601
11 71 29.974
11 72 93.5065
11 82 125.631
11 83 22.2744
11 98 23.2655
12 4 23.6555
12 5 54.2806
12 6 7.51119
12 8 50.1491
12 12 4.37374
12 15 32.5972
12 17 75.5964
12 26 26.077
12 30 100.624
12 33 16.1736
12 36 2.67405
12 40 34.7702
12 49 73.8013
12 51 18.9816
12 52 43.4341
12 57 80.0266
12 60 43.7046
12 63 82.8229
12 77 54.2904
12 78 82.5199
12 86 52.4241
13 2 48.946
13 9 34.4426
13 10 15.1555
13 11 48.2945
13 19 32.9658
13 21 14.1721
13 24 33.8061
13 27 99.3503
13 28 3.51452
13 31 53.3063
13 32 8.58442
13 35 35.4737
13 39 69.9529
13 43 26.728
13 47 36.4802
13 53 72.9375
13 56 3.45866
13 59 5.31161
13 61 79.0838
13 65 46.9316
13 66 110.767
13 75 58.3793
13 76 55.2832
13 80 33.079
13 83 19.8949
13 84 55.111
13 89 52.6974
13 96 69.7873
13 97 14.6481
13 99 10.1509
14 4 26.6813
14 8 46.1934
14 15 44.5075
14 22 55.483
14 30 50.8628
14 38 25.0461
14 41 49.7941
14 42 14.9063
14 46 93.0529
14 49 58.229
14 63 43.3246
14 67 112.413
14 68 26.3787
14 78 87.1239
14 79 70.2812
14 87 93.4658
14 88 14.4828
14 94 23.7658
15 0 41.9797
15 3 25.3453
15 15 44.1394
15 16 79.368
15 17 53.4535
15 23 31.107
15 26 18.2405
15 40 27.79
15 45 70.1195
15 46 58.2017
15 48 38.3525
15 49 40.0674
15 52 81.7393
15 60 43.0384
15 62 55.1758
15 64 126.873
15 77 29.102
15 78 73.0582
15 86 43.7346
15 88 10.0151
15 93 66.4881
16 0 56.4579
16 3 25.6885
16 16 92.0355
16 18 116.627
16 22 60.5872
16 23 33.2756
16 38 42.2233
16 41 61.083
16 42 13.9321
16 45 52.3164
16 46 48.2145
16 48 48.2637
16 62 57.6932
16 64 105.995
16 67 52.0829
16 68 25.0564
16 74 72.4466
16 79 77.8124
16 87 99.2974
16 88 14.673
16 90 96.5376
16 93 19.8079
16 94 14.3968
17 0 62.2871
17 3 22.806
17 15 36.858
17 16 72.4777
17 17 91.7295
17 23 26.8384
17 26 27.7897
17 40 27.1736
17 45 76.2172
17 46 78.5001
17 48 44.0057
17 49 90.2763
17 52 75.7952
17 60 63.5765
17 62 52.3407
17 64 93.3189
17 77 54.2399
17 78 71.3752
17 86 63.176
17 88 16.7639
17 93 50.3131
18 0 58.0427
18 3 22.2922
18 6 11.1686
18 16 88.3793
18 17 104.132
18 18 84.9667
18 23 26.9889
18 33 30.1157
18 36 2.67901
18 40 25.0347
18 41 81.4034
18 46 58.3021
18 48 50.2307
18 51 24.8432
18 57 72.9795
18 60 50.4892
18 62 72.0315
18 63 79.6245
18 64 102.645
18 67 114.064
18 68 9.41207
18 74 47.4683
18 78 89.4882
18 79 83.1242
19 0 74.2752
19 3 29.147
19 5 119.242
19 6 8.43418
19 12 5.26503
19 16 40.4139
19 17 76.6478
19 18 139.85
19 23 23.6621
19 26 29.6931
19 33 27.0324
19 36 2.73464
19 40 41.6696
19 45 56.4651
19 48 29.1588
19 51 21.2031
19 52 122.812
19 57 78.6889
19 60 79.138
19 62 39.01
19 64 108.906
19 74 89.1782
19 77 63.7888
19 86 18.8524
19 90 85.7518
19 93 44.4487
20 4 17.317
20 5 107.038
20 6 6.52229
20 8 62.4961
20 12 5.46281
20 15 67.1286
20 17 106.166
20 26 20.0191
20 30 52.2001
20 33 15.064
20 36 3.21088
20 40 20.3773
20 49 52.46
20 51 20.9101
20 52 97.1613
20 57 70.4828
20 60 65.7453
20 63 50.3458
20 77 68.4005
20 78 67.3311
20 86 34.9945
21 0 49.6992
21 3 34.4797
21 5 83.8992
21 6 8.94345
21 12 6.20635
21 16 82.8835
21 17 80.3788
21 18 80.437
21 23 27.0494
21 26 20.3227
21 33 25.1017
21 36 3.42927
21 40 23.3463
21 45 47.3414
21 48 82.0368
21 51 24.5985
21 52 95.0084
21 57 52.9129
21 60 39.8096
21 62 79.9429
21 64 94.1867
21 74 110.311
21 77 95.5299
21 86 59.9374
21 90 99.3714
21 93 43.1658
22 2 63.9056
22 7 3.27682
22 10 23.0544
22 21 8.24261
22 24 52.9528
22 25 11.9793
22 27 92.4629
22 35 15.9487
22 37 93.2334
22 39 44.548
22 44 3.05882
22 59 6.86892
22 61 104.263
22 70 68.282
22 72 99.7834
22 80 17.6377
22 82 97.8234
22 83 10.5345
22 89 40.1177
22 95 17.3719
22 96 74.5146
22 99 8.51221
23 0 70.2021
23 3 25.1204
23 6 6.2997
23 16 103.664
23 17 86.6214
23 18 91.3179
23 23 31.3643
23 33 24.8162
23 36 3.32089
23 40 8.50817
23 41 52.2598
23 46 95.9299
23 48 31.6874
23 51 24.585
23 57 74.6332
23 60 66.7774
23 62 60.4251
23 63 59.5425
23 64 90.9913
23 67 107.147
23 68 26.0504
23 74 82.4031
23 78 76.0083
23 79 70.728
24 0 47.8894
24 3 31.0313
24 6 7.66092
24 16 109.217
24 17 48.7959
24 18 103.818
24 23 31.2643
24 33 24.7629
24 36 2.99417
24 40 31.3489
24 41 65.8268
24 46 82.8131
24 48 69.6305
24 51 14.5857
24 57 104.661
24 60 25.1676
24 62 40.7001
24 63 79.5042
24 64 152.265
24 67 70.2069
24 68 32.7109
24 74 93.0101
24 78 42.523
24 79 111.792
25 4 28.0539
25 5 86.4716
25 6 7.52492
25 8 63.9527
25 12 5.04398
25 15 48.905
25 17 113.478
25 26 29.4734
25 30 82.2401
25 33 27.7324
25 36 2.26493
25 40 23.7278
25 49 65.8347
25 51 20.8339
25 52 106.786
25 57 74.3761
25 60 55.4109
25 63 20.9463
25 77 40.8922
25 78 54.1761
25 86 29.2253
26 4 14.1675
26 5 81.3255
26 8 48.2453
26 12 3.88484
26 15 58.5697
26 22 52.6249
26 26 23.49
26 30 66.4715
26 38 32.6483
26 42 9.36729
26 45 11.4347
26 49 91.9745
26 52 72.4348
26 77 51.6687
26 86 43.1265
26 87 64.9177
26 88 11.9761
26 90 100.967
26 93 46.8268
26 94 17.9643
27 10 27.1035
27 13 52.8732
27 21 10.7172
27 24 64.2793
27 34 58.26
27 35 33.5499
27 43 27.8572
27 44 2.81054
27 53 79.8984
27 54 66.1127
27 56 3.42901
27 61 74.3176
27 65 47.0639
27 66 92.7989
27 69 31.099
27 70 49.8012
27 73 49.5953
27 75 45.1221
27 76 33.5411
27 80 42.3696
27 81 89.1013
27 84 88.5137
27 85 45.9224
27 89 64.0607
27 91 86.6267
27 92 30.9852
27 95 29.5657
27 96 88.9524
27 97 17.3671
27 99 7.03026
28 0 52.711
28 3 25.6708
28 15 43.3257
28 16 118.625
28 17 145.254
28 23 21.317
28 26 28.2525
28 40 10.7598
28 45 38.4323
28 46 87.2085
28 48 51.7309
28 49 60.207
28 52 92.5125
28 60 52.1614
28 62 64.4444
28 64 113.148
28 77 55.6156
28 78 91.5739
28 86 56.4646
28 88 13.0744
28 93 55.9877
29 2 48.1933
29 9 61.4334
29 10 20.6436
29 11 63.6038
29 19 33.2424
29 21 11.9048
29 24 39.1547
29 27 72.1099
29 28 2.61904
29 31 38.9136
29 32 12.5892
29 35 37.9294
29 39 92.0606
29 43 42.6658
29 47 95.7562
29 53 139.364
29 56 3.58767
29 59 8.05981
29 61 75.3726
29 65 33.9128
29 66 111.991
29 75 60.496
29 76 26.4653
29 80 27.5848
29 83 16.6885
29 84 77.4702
29 89 55.1128
29 96 28.23
29 97 10.8183
29 99 12.3347
30 1 32.1367
30 2 65.4547
30 7 3.10454
30 9 51.3545
30 11 51.5271
30 14 52.5413
30 19 44.6754
30 20 81.0299
30 25 17.1853
30 27 56.9233
30 28 2.93673
30 29 64.8193
30 31 49.209
30 32 11.7822
30 37 66.0121
30 39 65.1863
30 47 120.277
30 50 31.4725
30 55 28.1821
30 58 12.1344
30 59 6.68337
30 71 83.5771
30 72 87.711
30 82 67.7236
30 83 15.4557
30 98 15.777
31 0 49.2466
31 3 24.4326
31 5 78.1005
31 6 6.94225
31 12 5.683
31 16 74.8096
31 17 85.6613
31 18 82.3001
31 23 24.1533
31 26 15.3921
31 33 19.3543
31 36 3.02862
31 40 28.026
31 45 49.8116
31 48 35.3683
31 51 13.8981
31 52 110.564
31 57 36.505
31 60 41.9545
31 62 43.3129
31 64 73.6756
31 74 90.0924
31 77 49.9145
31 86 58.5542
31 90 94.0337
31 93 52.9256
32 1 21.6547
32 2 51.2029
32 7 2.68264
32 9 44.5852
32 11 45.2188
32 14 51.745
32 19 38.4235
32 20 81.0953
32 25 8.34302
32 27 81.8881
32 28 3.0358
32 29 31.2723
32 31 62.478
32 32 13.4794
32 37 102.698
32 39 51.0269
32 47 81.862
32 50 15.1523
32 55 38.8694
32 58 11.0876
32 59 6.56627
32 71 47.4429
32 72 45.4774
32 82 106.381
32 83 12.7729
32 98 16.8514
33 2 38.4612
33 7 3.06699
33 10 26.3712
33 20 52.0065
33 24 35.4038
33 32 10.6775
33 37 66.747
33 43 31.9646
33 44 3.2199
33 47 88.7989
33 50 33.0543
33 54 51.5928
33 56 2.83031
33 66 42.2287
33 69 30.8639
33 70 75.4039
33 75 66.6476
33 83 8.27306
33 85 44.9964
33 89 52.2605
33 91 53.2468
33 95 17.9209
33 98 14.6509
33 99 10.4383
34 1 23.1901
34 2 80.5843
34 7 3.81671
34 9 52.4221
34 11 32.46
34 14 38.0857
34 19 44.2906
34 20 61.7901
34 25 13.215
34 27 98.0083
34 28 3.58265
34 29 107.777
34 31 34.2422
34 32 12.8187
34 37 69.4457
34 39 83.166
34 47 84.0313
34 50 19.1604
34 55 28.0355
34 58 12.0767
34 59 5.00785
34 71 25.8517
34 72 64.7661
34 82 93.1124
34 83 11.6665
34 98 24.7301
35 1 39.7194
35 7 2.21208
35 13 52.8146
35 14 30.3319
35 20 63.8699
35 25 12.7715
35 29 42.1952
35 34 105.583
35 37 83.4305
35 44 2.81849
35 50 17.0128
35 54 51.1445
35 55 43.3298
35 58 11.5874
35 69 28.0992
35 70 82.765
35 71 49.1871
35 72 67.2904
35 73 75.0027
35 81 91.0333
35 82 113.602
35 85 37.7435
35 91 93.5835
35 92 19.2569
35 95 39.3242
35 98 32.5535
36 0 47.7562
36 3 41.057
36 6 6.70466
36 16 78.2838
36 17 108.999
36 18 82.4585
36 23 27.8376
36 33 15.1632
36 36 3.07391
36 40 32.2926
36 41 57.1098
36 46 94.6362
36 48 51.2647
36 51 14.0657
36 57 57.059
36 60 62.9127
36 62 74.2389
36 63 42.424
36 64 84.6406
36 67 114.463
36 68 24.5665
36 74 77.4933
36 78 58.8814
36 79 129.188
37 0 55.4295
37 3 29.6851
37 16 71.3131
37 18 112.871
37 22 59.0168
37 23 27.6894
37 38 32.0399
37 41 63.7657
37 42 5.2799
37 45 35.7947
37 46 36.6051
37 48 56.0872
37 62 49.8852
37 64 38.973
37 67 107.497
37 68 21.4257
37 74 63.5366
37 79 88.563
37 87 97.8177
37 88 17.7092
37 90 95.1864
37 93 65.3106
37 94 26.0277
38 4 37.3335
38 5 103.061
38 8 74.0142
38 12 5.20718
38 15 63.4993
38 22 85.1353
38 26 13.0855
38 30 72.2827
38 38 41.584
38 42 14.583
38 45 56.2245
38 49 61.2959
38 52 78.7522
38 77 66.9495
38 86 54.7045
38 87 71.718
38 88 13.0713
38 90 89.1749
38 93 37.2156
38 94 27.039
39 4 21.4476
39 8 84.7726
39 15 38.9181
39 22 71.7923
39 30 70.3229
39 38 46.9486
39 41 51.4288
39 42 17.5937
39 46 63.3276
39 49 93.2051
39 63 53.4171
39 67 79.9126
39 68 29.7934
39 78 58.5543
39 79 75.5105
39 87 72.669
39 88 11.4725
39 94 17.3765
40 0 64.9758
40 3 23.8446
40 6 6.76577
40 16 82.0372
40 17 131.028
40 18 82.1602
40 23 24.6124
40 33 28.4318
40 36 3.76996
40 40 16.5842
40 41 68.213
40 46 59.6511
40 48 28.6904
40 51 21.4832
40 57 55.495
40 60 73.0546
40 62 56.939
40 63 66.3604
40 64 176.16
40 67 114.48
40 68 27.3819
40 74 74.422
40 78 68.2056
40 79 63.2893
41 0 45.3046
41 3 20.8597
41 5 67.2182
41 6 10.3893
41 12 4.59353
41 16 79.7603
41 17 83.0965
41 18 66.6691
41 23 24.3714
41 26 27.4467
41 33 24.5978
41 36 3.49953
41 40 39.6475
41 45 55.9171
41 48 37.6855
41 51 15.1749
41 52 98.0596
41 57 85.0177
41 60 62.9114
41 62 35.1716
41 64 114.721
41 74 92.5411
41 77 104.821
41 86 62.9316
41 90 131.173
41 93 56.6844
42 2 48.4956
42 7 2.8014
42 10 22.6842
42 21 12.4494
42 24 35.3979
42 25 13.0689
42 27 101.961
42 35 36.3669
42 37 101.73
42 39 90.7757
42 44 3.13685
42 59 7.55001
42 61 66.1064
42 70 78.5251
42 72 104.457
42 80 36.7606
42 82 118.677
42 83 16.9058
42 89 26.9047
42 95 28.9862
42 96 106.367
42 99 5.06217
43 2 40.8301
43 7 3.86826
43 10 21.2217
43 20 46.1207
43 24 52.0482
43 32 13.0571
43 37 64.1051
43 43 60.4371
43 44 3.17592
43 47 67.4917
43 50 18.8861
43 54 38.8739
43 56 3.14349
43 66 78.2276
43 69 19.323
43 70 74.1661
43 75 73.825
43 83 20.4397
43 85 23.0281
43 89 26.1608
43 91 56.6811
43 95 25.995
43 98 26.7518
43 99 6.88464
44 1 24.2392
44 9 36.3657
44 11 50.6604
44 13 45.6143
44 14 53.7889
44 19 20.0232
44 21 8.68028
44 25 12.009
44 27 93.8639
44 28 3.26913
44 29 82.7235
44 31 43.1382
44 34 71.5087
44 35 45.8984
44 39 67.5651
44 53 153.05
44 55 42.0195
44 58 10.4463
44 59 4.92837
44 61 91.2562
44 65 39.1934
44 71 42.4944
44 72 63.0479
44 73 62.2661
44 76 29.5956
44 80 24.6072
44 81 84.2302
44 82 84.9501
44 84 64.3829
44 92 23.3284
44 96 94.4447
44 97 11.6301
45 4 23.7571
45 8 49.7672
45 15 35.8056
45 22 61.6563
45 30 51.012
45 38 42.2233
45 41 57.288
45 42 13.7381
45 46 114.273
45 49 48.6367
45 63 65.1266
45 67 80.1947
45 68 23.7522
45 78 65.9339
45 79 68.2941
45 87 63.2149
45 88 14.27
45 94 15.4128
46 0 35.817
46 3 23.4733
46 6 6.81871
46 16 60.9757
46 17 55.3677
46 18 158.255
46 23 37.0485
46 33 18.4915
46 36 3.11122
46 40 34.4221
46 41 55.1158
46 46 74.3963
46 48 59.4923
46 51 19.6342
46 57 90.3217
46 60 49.3276
46 62 45.296
46 63 75.819
46 64 101.561
46 67 99.96
46 68 14.7666
46 74 109.646
46 78 96.3175
46 79 48.1209
47 1 22.9901
47 9 40.9013
47 11 51.807
47 13 54.2515
47 14 41.0074
47 19 38.754
47 20 85.5106
47 28 3.93855
47 29 67.8412
47 31 48.9391
47 32 9.02913
47 34 69.3621
47 43 27.2127
47 47 139.272
47 50 22.3927
47 53 59.6437
47 54 42.4592
47 55 38.8156
47 56 4.59092
47 58 6.58668
47 65 51.8731
47 66 122.326
47 69 15.3202
47 71 55.2302
47 73 97.8822
47 75 93.5663
47 76 42.3705
47 81 112.812
47 84 96.0545
47 85 33.6823
47 91 52.5208
47 92 29.2403
47 97 16.9269
47 98 25.5889
48 1 31.3949
48 2 34.3354
48 7 2.96292
48 9 65.7112
48 11 33.5086
48 14 46.7425
48 19 40.1612
48 20 58.5139
48 25 14.1236
48 27 44.8465
48 28 2.96857
48 29 73.7348
48 31 64.464
48 32 13.785
48 37 97.6975
48 39 97.8918
48 47 106.44
48 50 22.9747
48 55 35.2763
48 58 13.1986
48 59 6.85285
48 71 56.1975
48 72 72.0635
48 82 123.665
48 83 15.3531
48 98 23.8588
49 1 28.1263
49 2 55.3304
49 7 3.18758
49 9 45.7393
49 11 68.6879
49 14 49.6409
49 19 49.462
49 20 95.3084
49 25 12.6865
49 27 123.999
49 28 3.00218
49 29 79.3977
49 31 58.9942
49 32 11.1741
49 37 94.0066
49 39 78.5408
49 47 78.5903
49 50 29.645
49 55 23.9361
49 58 10.8079
49 59 6.36952
49 71 43.4318
49 72 77.9417
49 82 132.361
49 83 16.6083
49 98 21.0971
50 4 23.5732
50 5 70.4321
50 6 5.12108
50 8 67.0728
50 12 5.22462
50 15 34.103
50 17 75.6539
50 26 28.4825
50 30 85.5
50 33 30.9868
50 36 3.32644
50 40 31.7184
50 49 81.6708
50 51 16.7699
50 52 68.8611
50 57 69.2696
50 60 57.0081
50 63 64.359
50 77 58.9407
50 78 54.3303
50 86 48.7249
51 10 20.4331
51 13 50.7672
51 21 8.01286
51 24 39.8139
51 34 53.0617
51 35 44.9825
51 43 21.0052
51 44 3.49231
51 53 90.001
51 54 69.9574
51 56 3.24005
51 61 30.5462
51 65 37.8926
51 66 101.82
51 69 19.6994
51 70 57.3505
51 73 70.0242
51 75 86.3114
51 76 35.2806
51 80 37.9362
51 81 124.109
51 84 80.1695
51 85 49.4726
51 89 65.9004
51 91 73.3453
51 92 31.9225
51 95 29.9672
51 96 129.201
51 97 15.6833
51 99 10.4699
52 4 20.3493
52 5 51.1414
52 6 7.44752
52 8 66.2506
52 12 4.79579
52 18 92.3698
52 22 85.3083
52 30 72.4614
52 33 28.94
52 36 3.18119
52 38 39.8983
52 41 39.3523
52 42 14.8152
52 51 24.2263
52 57 78.1893
52 63 92.9807
52 67 95.511
52 68 33.6661
52 74 95.4493
52 79 48.4531
52 87 72.1679
52 90 71.837
52 94 24.0268
53 1 30.5663
53 7 3.12296
53 13 53.5305
53 14 26.0632
53 20 93.7444
53 25 10.5423
53 29 96.9628
53 34 83.462
53 37 82.6235
53 44 3.09549
53 50 30.0546
53 54 63.3011
53 55 15.6609
53 58 10.1967
53 69 17.3817
53 70 73.5081
53 71 44.6785
53 72 117.797
53 73 81.5466
53 81 109.147
53 82 80.1141
53 85 42.3927
53 91 83.1323
53 92 16.1461
53 95 24.1996
53 98 24.1763
54 4 27.6281
54 5 67.4475
54 6 9.00156
54 8 84.2555
54 12 8.70381
54 18 106.505
54 22 24.5518
54 30 94.085
54 33 23.939
54 36 2.30404
54 38 21.3508
54 41 55.9077
54 42 15.8568
54 51 13.7671
54 57 69.0079
54 63 69.148
54 67 129.996
54 68 34.4074
54 74 108.565
54 79 67.5964
54 87 83.8661
54 90 116.297
54 94 22.9315
55 0 50.3442
55 3 23.3076
55 16 73.6949
55 18 94.0067
55 22 42.1559
55 23 38.1557
55 38 26.8226
55 41 24.7957
55 42 13.9672
55 45 55.4616
55 46 98.0002
55 48 47.1776
55 62 57.2476
55 64 120.727
55 67 106.471
55 68 21.5012
55 74 117.282
55 79 60.7677
55 87 103.712
55 88 16.1091
55 90 120.993
55 93 51.6345
55 94 21.5183
56 2 52.1667
56 7 3.5394
56 10 15.7389
56 21 12.4149
56 24 60.5686
56 25 14.0182
56 27 68.601
56 35 24.5248
56 37 107.987
56 39 2.7634
56 44 2.53759
56 59 7.60542
56 61 95.9199
56 70 66.4183
56 72 69.2024
56 80 41.113
56 82 66.9037
56 83 15.4551
56 89 40.9046
56 95 21.9113
56 96 76.0123
56 99 10.1917
57 4 25.9197
57 8 73.9897
57 15 51.8287
57 22 98.1012
57 30 41.4786
57 38 33.3935
57 41 69.8661
57 42 13.7763
57 46 61.4411
57 49 64.3169
57 63 52.6551
57 67 104.489
57 68 26.625
57 78 66.8745
57 79 77.1154
57 87 105.282
57 88 8.21328
57 94 20.6527
58 4 19.5736
58 5 92.9104
58 6 5.87218
58 8 52.0948
58 12 5.64009
58 18 87.0033
58 22 100.324
58 30 60.115
58 33 36.1376
58 36 3.21568
58 38 36.1887
58 41 34.1836
58 42 20.9307
58 51 19.1037
58 57 60.8779
58 63 70.6917
58 67 97.5969
58 68 27.9772
58 74 115.925
58 79 101.807
58 87 95.0647
58 90 76.7777
58 94 19.0842
59 1 16.8402
59 9 45.3617
59 11 30.209
59 13 42.4293
59 14 50.6052
59 19 41.7952
59 21 8.05913
59 25 12.1546
59 27 79.5462
59 28 2.88486
59 29 124.776
59 31 63.6913
59 34 107.382
59 35 37.6829
59 39 65.9066
59 53 135.637
59 55 24.3588
59 58 9.95164
59 59 7.24961
59 61 85.8502
59 65 35.581
59 71 61.7105
59 72 83.7205
59 73 61.9499
59 76 39.0377
59 80 50.0427
59 81 70.763
59 82 70.3885
59 84 114.349
59 92 31.5149
59 96 91.338
59 97 10.7429
60 1 32.3299
60 2 71.5207
60 7 3.57599
60 9 27.3824
60 11 43.5534
60 14 34.2767
60 19 33.4139
60 20 71.7
60 25 13.5809
60 27 102.562
60 28 2.90609
60 29 84.55
60 31 70.3872
60 32 12.9725
60 37 88.2075
60 39 69.1328
60 47 71.902
60 50 15.8633
60 55 30.1494
60 58 7.67178
60 59 7.05422
60 71 49.2011
60 72 83.3894
60 82 62.9357
60 83 6.28301
60 98 16.3724
61 0 70.5091
61 3 25.6978
61 6 7.80539
61 16 81.8074
61 17 86.076
61 18 78.6725
61 23 24.8905
61 33 20.2864
61 36 3.3011
61 40 25.9985
61 41 51.9336
61 46 53.8428
61 48 46.5261
61 51 21.5643
61 57 48.76
61 60 38.3116
61 62 39.3178
61 63 45.4618
61 64 72.5423
61 67 82.2269
61 68 10.5411
61 74 95.1277
61 78 26.7863
61 79 114.407
62 0 85.7284
62 3 24.2546
62 5 77.4289
62 6 6.60517
62 12 6.12781
62 16 102.036
62 17 93.5598
62 18 118.007
62 23 29.4294
62 26 27.6209
62 33 26.2001
62 36 2.96414
62 40 26.131
62 45 35.7419
62 48 58.926
62 51 22.0976
62 52 52.0695
62 57 60.2027
62 60 42.0539
62 62 64.7401
62 64 104.737
62 74 89.9149
62 77 53.924
62 86 36.3232
62 90 97.4064
62 93 44.3999
63 2 36.5094
63 7 2.41929
63 10 22.4567
63 20 68.7226
63 24 59.1673
63 32 7.57573
63 37 108.468
63 43 38.1039
63 44 3.31979
63 47 104.326
63 50 31.5279
63 54 50.3838
63 56 4.29179
63 66 99.5904
63 69 24.03
63 70 59.6345
63 75 56.456
63 83 13.5743
63 85 45.0159
63 89 48.1105
63 91 60.4018
63 95 27.7871
63 98 19.4538
63 99 12.0655
64 4 20.3071
64 5 59.8924
64 6 8.11482
64 8 112.563
64 12 5.35229
64 18 78.9627
64 22 91.807
64 30 76.9356
64 33 33.6712
64 36 3.04649
64 38 52.8198
64 41 67.9075
64 42 13.1273
64 51 21.6633
64 57 108.433
64 63 62.6478
64 67 51.6059
64 68 23.0842
64 74 133.958
64 79 71.1564
64 87 85.3976
64 90 101.09
64 94 15.8996
65 1 43.8153
65 9 53.2053
65 11 60.0368
65 13 50.4355
65 14 39.6973
65 19 36.2344
65 21 8.53431
65 25 11.1945
65 27 61.4523
65 28 2.90865
65 29 75.9662
65 31 58.8993
65 34 72.85
65 35 37.9995
65 39 70.1417
65 53 74.9094
65 55 30.9474
65 58 7.63203
65 59 5.25741
65 61 84.3751
65 65 48.0636
65 71 27.1102
65 72 77.2507
65 73 75.195
65 76 49.1841
65 80 33.5629
65 81 118.379
65 82 95.4398
65 84 67.0941
65 92 30.5071
65 96 54.2522
65 97 13.4874
66 2 58.2828
66 9 22.9219
66 10 26.8762
66 11 34.5951
66 19 40.3971
66 21 10.6266
66 24 56.3136
66 27 113.551
66 28 3.45737
66 31 49.3216
66 32 14.351
66 35 20.373
66 39 61.3708
66 43 48.5333
66 47 31.0272
66 53 103.934
66 56 3.48837
66 59 3.92938
66 61 93.1258
66 65 30.3412
66 66 99.7308
66 75 66.9753
66 76 37.9307
66 80 12.6101
66 83 18.541
66 84 77.3266
66 89 64.3175
66 96 104.731
66 97 13.6843
66 99 10.9113
67 0 51.9116
67 3 28.9576
67 5 84.6224
67 6 8.7666
67 12 4.41794
67 16 83.9188
67 17 110.847
67 18 39.9022
67 23 27.4816
67 26 21.4579
67 33 26.3458
67 36 2.66359
67 40 28.7932
67 45 48.0093
67 48 35.6625
67 51 21.002
67 52 87.2043
67 57 88.661
67 60 37.6302
67 62 72.522
67 64 62.6004
67 74 67.0678
67 77 78.4496
67 86 38.2224
67 90 83.0057
67 93 32.8415
68 2 56.8597
68 9 38.4454
68 10 19.6335
68 11 47.4487
68 19 29.3437
68 21 10.7206
68 24 45.6305
68 27 59.6854
68 28 2
68 31 48.239
68 32 9.89859
68 35 14.6652
68 39 94.3277
68 43 47.3817
68 47 104.587
68 53 78.4914
68 56 4.5165
68 59 6.76438
68 61 78.6509
68 65 28.2302
68 66 119.727
68 75 86.5624
68 76 36.6948
68 80 38.2535
68 83 12.2808
68 84 88.528
68 89 63.5489
68 96 97.8229
68 97 17.4774
68 99 10.1678
69 2 22.2046
69 7 2.39495
69 10 31.5862
69 20 78.5992
69 24 62.5818
69 32 8.64771
69 37 73.1913
69 43 21.154
69 44 2.00166
69 47 67.193
69 50 23.4987
69 54 32.4444
69 56 3.47973
69 66 118.35
69 69 21.8248
69 70 55.66
69 75 101.682
69 83 17.6807
69 85 39.8049
69 89 66.9828
69 91 65.1523
69 95 30.0722
69 98 22.686
69 99 10.6206
70 2 32.1998
70 7 2
70 10 24.2439
70 20 123.787
70 24 37.4612
70 32 13.3037
70 37 87.7935
70 43 36.7911
70 44 2.50071
70 47 106.21
70 50 22.7059
70 54 42.8448
70 56 3.18957
70 66 84.455
70 69 24.407
70 70 70.8878
70 75 100.748
70 83 16.9429
70 85 61.3766
70 89 65.3471
70 91 53.9232
70 95 32.5697
70 98 28.8092
70 99 13.0572
71 10 15.5591
71 13 55.1424
71 21 10.2461
71 24 59.3156
71 34 102.276
71 35 33.8962
71 43 21.5602
71 44 2.32175
71 53 83.7144
71 54 51.2768
71 56 4.53389
71 61 91.1297
71 65 59.5779
71 66 111.896
71 69 20.9319
71 70 61.5982
71 73 92.601
71 75 67.2384
71 76 45.2151
71 80 39.1485
71 81 106.941
71 84 57.6599
71 85 70.3162
71 89 40.6954
71 91 52.253
71 92 23.8746
71 95 29.8171
71 96 89.1113
71 97 9.8913
71 99 10.4124
72 1 36.8583
72 7 3.42185
72 13 65.4751
72 14 36.8955
72 20 90.2323
72 25 16.0053
72 29 115.67
72 34 98.0737
72 37 106.21
72 44 4.04085
72 50 23.5845
72 54 34.3761
72 55 20.8044
72 58 10.4862
72 69 22.154
72 70 85.8345
72 71 34.9675
72 72 75.9266
72 73 101.986
72 81 80.2477
72 82 100.372
72 85 49.2483
72 91 53.5245
72 92 38.5492
72 95 19.1229
72 98 28.9066
73 1 37.6334
73 2 62.8146
73 7 2
73 9 25.9968
73 11 48.2062
73 14 28.3381
73 19 43.5868
73 20 75.8906
73 25 13.8013
73 27 86.9737
73 28 3.30004
73 29 54.4613
73 31 47.575
73 32 8.27836
73 37 76.8719
73 39 58.923
73 47 64.5221
73 50 12.9804
73 55 39.4646
73 58 10.8427
73 59 3.53102
73 71 56.692
73 72 115.007
73 82 57.4421
73 83 18.6384
73 98 25.2893
74 1 27.3578
74 9 42.2709
74 11 35.5091
74 13 33.0448
74 14 58.0265
74 19 55.5741
74 21 12.4797
74 25 8.11124
74 27 75.8115
74 28 2.9688
74 29 97.1244
74 31 25.173
74 34 68.017
74 35 21.8174
74 39 78.3255
74 53 116.457
74 55 26.7681
74 58 10.5499
74 59 7.15882
74 61 72.8805
74 65 51.3778
74 71 63.5454
74 72 118.648
74 73 86.451
74 76 27.4462
74 80 37.3011
74 81 111.786
74 82 107.747
74 84 100.231
74 92 24.6901
74 96 68.1634
74 97 16.9717
75 2 63.8067
75 7 3.03234
75 10 21.1218
75 21 5.91326
75 24 41.4271
75 25 11.315
75 27 49.5574
75 35 33.4748
75 37 80.1355
75 39 62.0572
75 44 3.05065
75 59 7.83396
75 61 60.3564
75 70 79.0275
75 72 48.9524
75 80 30.7619
75 82 135.321
75 83 12.1536
75 89 55.1467
75 95 30.6869
75 96 97.7667
75 99 18.1264
76 4 17.3894
76 8 73.4686
76 15 51.2198
76 22 98.3478
76 30 44.483
76 38 38.5248
76 41 38.9909
76 42 13.5219
76 46 92.5786
76 49 78.8598
76 63 74.4599
76 67 83.3323
76 68 21.8027
76 78 82.7051
76 79 74.5028
76 87 46.7302
76 88 13.2683
76 94 17.7988
77 1 27.6492
77 9 67.6093
77 11 48.9418
77 13 44.2877
77 14 44.7647
77 19 40.6907
77 21 13.9505
77 25 12.2096
77 27 61.0318
77 28 3.01603
77 29 78.2681
77 31 58.0567
77 34 51.442
77 35 39.626
77 39 60.8472
77 53 79.2715
77 55 30.9711
77 58 11.2634
77 59 4.34858
77 61 118.495
77 65 47.4829
77 71 41.5371
77 72 98.8056
77 73 108.686
77 76 28.2762
77 80 35.1586
77 81 114.557
77 82 123.724
77 84 114.305
77 92 22.9799
77 96 75.4848
77 97 17.2776
78 2 69.6834
78 7 2.94113
78 10 27.7299
78 20 104.633
78 24 54.6199
78 32 14.9813
78 37 88.6011
78 43 35.641
78 44 3.03903
78 47 53.7648
78 50 23.7863
78 54 44.9965
78 56 3.87574
78 66 68.8556
78 69 18.1154
78 70 81.3197
78 75 86.9037
78 83 8.02766
78 85 47.8288
78 89 27.6651
78 91 61.3073
78 95 21.9515
78 98 21.2445
78 99 13.9004
79 4 27.9099
79 5 55.1298
79 8 99.9397
79 12 6.38471
79 15 64.7984
79 22 56.0396
79 26 29.2753
79 30 68.2191
79 38 27.2619
79 42 16.3393
79 45 44.1188
79 49 55.5168
79 52 83.2193
79 77 45.0401
79 86 44.7608
79 87 130.211
79 88 7.77487
79 90 77.583
79 93 46.3784
79 94 19.3992
80 2 32.0469
80 7 3.29438
80 10 12.1631
80 21 7.8093
80 24 41.7743
80 25 15.0418
80 27 82.4294
80 35 27.9331
80 37 93.495
80 39 75.4115
80 44 2.92253
80 59 8.4334
80 61 74.8437
80 70 58.1813
80 72 85.5997
80 80 31.2914
80 82 79.8915
80 83 5.42476
80 89 52.6645
80 95 21.7173
80 96 89.3991
80 99 9.33977
81 4 27.4044
81 8 99.9993
81 15 24.6634
81 22 85.4007
81 30 79.5882
81 38 35.9448
81 41 46.1229
81 42 9.19121
81 46 75.8186
81 49 45.7204
81 63 55.9858
81 67 101.875
81 68 30.1446
81 78 80.0113
81 79 84.8876
81 87 80.0007
81 88 12.2075
81 94 29.0718
82 0 58.2527
82 3 28.372
82 5 95.9215
82 6 5.05089
82 12 6.01273
82 16 96.1341
82 17 87.9028
82 18 54.1613
82 23 27.6842
82 26 22.8446
82 33 18.1495
82 36 3.28822
82 40 39.0723
82 45 40.6718
82 48 50.4398
82 51 18.1196
82 52 97.0254
82 57 96.2347
82 60 70.9163
82 62 68.9648
82 64 115.141
82 74 44.3066
82 77 56.3546
82 86 64.6916
82 90 89.3325
82 93 54.6606
83 4 24.4781
83 5 90.7655
83 6 6.41715
83 8 57.1167
83 12 6.34006
83 18 71.2403
83 22 49.2751
83 30 83.8603
83 33 13.6629
83 36 2.65101
83 38 36.4169
83 41 63.338
83 42 7.30299
83 51 21.1697
83 57 63.3486
83 63 80.7952
83 67 105.046
83 68 30.5139
83 74 82.0948
83 79 79.87
83 87 88.3829
83 90 139.949
83 94 20.6034
84 1 25.1069
84 7 2.19362
84 13 48.5593
84 14 42.6307
84 20 73.8874
84 25 14.2759
84 29 81.1097
84 34 94.8873
84 37 80.5023
84 44 2.77642
84 50 17.6928
84 54 35.3495
84 55 33.6788
84 58 12.2137
84 69 38.4436
84 70 74.7974
84 71 54.5875
84 72 112.224
84 73 48.6365
84 81 63.4425
84 82 65.3336
84 85 44.1109
84 91 42.6779
84 92 21.799
84 95 25.5745
84 98 30.7093
85 4 21.2266
85 5 89.3865
85 6 7.54049
85 8 83.387
85 12 7.06796
85 18 82.1047
85 22 71.1386
85 30 77.3846
85 33 27.2839
85 36 2.7713
85 38 34.5206
85 41 74.3568
85 42 21.479
85 51 17.2169
85 57 63.676
85 63 77.6325
85 67 69.0387
85 68 24.414
85 74 87.2993
85 79 85.0699
85 87 68.1212
85 90 119.508
85 94 28.4118
86 2 61.0057
86 9 61.6594
86 10 21.9937
86 11 44.131
86 19 53.0159
86 21 11.9815
86 24 31.0957
86 27 59.8552
86 28 3.67448
86 31 61.5631
86 32 9.93711
86 35 23.2042
86 39 89.5159
86 43 39.9238
86 47 122.794
86 53 79.2644
86 56 6.04101
86 59 4.3656
86 61 102.417
86 65 54.9974
86 66 65.4907
86 75 126.755
86 76 29.7858
86 80 33.6441
86 83 14.8913
86 84 100.286
86 89 50.9234
86 96 56.8745
86 97 14.681
86 99 13.0754
87 1 25.0038
87 9 42.7239
87 11 32.9785
87 13 47.5149
87 14 42.7574
87 19 36.8115
87 20 82.9376
87 28 3.70482
87 29 47.0342
87 31 46.5195
87 32 11.2823
87 34 124.017
87 43 41.6112
87 47 74.6131
87 50 21.8455
87 53 93.1081
87 54 44.4712
87 55 46.9764
87 56 3.97752
87 58 6.56055
87 65 46.374
87 66 98.4412
87 69 28.7663
87 71 47.4973
87 73 59.5812
87 75 66.6631
87 76 17.5558
87 81 109.343
87 84 67.1595
87 85 56.4351
87 91 66.7687
87 92 26.3831
87 97 15.0118
87 98 37.0291
88 10 33.9298
88 13 33.5165
88 21 9.37391
88 24 40.6359
88 34 107.066
88 35 37.76
88 43 37.0338
88 44 2.77048
88 53 117.191
88 54 55.5457
88 56 3.93918
88 61 90.163
88 65 40.9477
88 66 72.605
88 69 17.3349
88 70 90.2196
88 73 73.5779
88 75 94.2607
88 76 22.9717
88 80 39.9801
88 81 107.04
88 84 43.6201
88 85 46.6598
88 89 46.1501
88 91 76.2475
88 92 32.0997
88 95 28.9617
88 96 111.128
88 97 12.756
88 99 13.7885
89 2 61.6761
89 7 3.45278
89 10 27.7951
89 21 9.26378
89 24 40.1697
89 25 13.6852
89 27 55.7122
89 35 53.545
89 37 70.4006
89 39 93.9593
89 44 3.30588
89 59 4.42218
89 61 52.7161
89 70 62.8461
89 72 75.4273
89 80 39.5805
89 82 71.9617
89 83 14.1913
89 89 49.7326
89 95 28.4236
89 96 100.518
89 99 13.8905
90 0 54.5423
90 3 36.1443
90 5 109.545
90 6 6.75595
90 12 6.33405
90 16 97.0894
90 17 112.745
90 18 83.7411
90 23 25.1248
90 26 26.1245
90 33 25.7931
90 36 3.2798
90 40 50.8226
90 45 33.6133
90 48 30.8685
90 51 27.6097
90 52 86.275
90 57 87.1094
90 60 27.9407
90 62 49.0302
90 64 128.594
90 74 83.3133
90 77 55.9056
90 86 42.9071
90 90 83.4586
90 93 43.2388
91 1 29.9878
91 2 64.4217
91 7 4.05981
91 9 43.3998
91 11 46.1612
91 14 45.4668
91 19 51.8383
91 20 90.9945
91 25 18.1848
91 27 94.9372
91 28 2.02736
91 29 90.7251
91 31 51.6142
91 32 9.0228
91 37 134.963
91 39 80.7061
91 47 86.959
91 50 22.3743
91 55 27.5663
91 58 6.29599
91 59 5.04426
91 71 51.7885
91 72 92.5887
91 82 72.1574
91 83 7.78389
91 98 24.7772
92 1 32.1797
92 9 40.3293
92 11 45.3794
92 13 63.5102
92 14 47.2151
92 19 25.1668
92 21 7.22532
92 25 8.48503
92 27 75.7352
92 28 2.6522
92 29 96.3307
92 31 60.7644
92 34 69.445
92 35 39.5748
92 39 77.5939
92 53 78.0299
92 55 15.9891
92 58 8.0797
92 59 4.70573
92 61 63.0554
92 65 26.7056
92 71 72.7086
92 72 75.1234
92 73 84.1039
92 76 29.2907
92 80 19.1753
92 81 85.7333
92 82 70.911
92 84 65.0837
92 92 32.0064
92 96 80.0196
92 97 13.2221
93 1 22.8008
93 7 3.56185
93 13 53.5953
93 14 51.855
93 20 74.8124
93 25 15.1073
93 29 93.1277
93 34 63.7975
93 37 66.9387
93 44 2.59739
93 50 25.7387
93 54 43.4912
93 55 8.66043
93 58 11.9481
93 69 22.3103
93 70 84.523
93 71 49.5555
93 72 64.2848
93 73 111.362
93 81 56.8012
93 82 82.9088
93 85 45.5771
93 91 62.5285
93 92 30.5555
93 95 23.7205
93 98 20.8315
94 0 66.5636
94 3 19.611
94 15 49.9846
94 16 73.7402
94 17 116.509
94 23 29.3387
94 26 20.6451
94 40 32.6136
94 45 68.2398
94 46 57.3661
94 48 66.466
94 49 69.7559
94 52 99.0422
94 60 45.1977
94 62 54.8786
94 64 148.694
94 77 79.1088
94 78 74.3559
94 86 48.9391
94 88 13.4899
94 93 49.7195
95 0 52.2322
95 3 33.6817
95 6 7.94394
95 16 79.4132
95 17 107.751
95 18 75.4238
95 23 33.4373
95 33 24.58
95 36 2
95 40 20.2916
95 41 56.2475
95 46 100.268
95 48 55.2819
95 51 15.0679
95 57 61.7797
95 60 57.6596
95 62 58.2463
95 63 75.5513
95 64 143.167
95 67 88.4081
95 68 26.0957
95 74 60.2899
95 78 38.093
95 79 77.0211
96 4 24.0511
96 5 75.2526
96 6 8.95842
96 8 87.7515
96 12 6.54771
96 18 99.2009
96 22 87.2158
96 30 72.595
96 33 25.9767
96 36 2.13814
96 38 31.1539
96 41 42.1622
96 42 18.9622
96 51 20.3772
96 57 59.057
96 63 86.8194
96 67 81.0212
96 68 12.3273
96 74 107.269
96 79 100.522
96 87 102.558
96 90 94.0617
96 94 12.0712
97 1 28.7116
97 2 64.8353
97 7 2.83142
97 9 45.1066
97 11 43.4268
97 14 12.5162
97 19 50.27
97 20 77.9059
97 25 13.9063
97 27 112.795
97 28 3.48723
97 29 58.213
97 31 75.0407
97 32 11.8196
97 37 91.7676
97 39 36.5384
97 47 103.317
97 50 28.5092
97 55 24.6433
97 58 10.6189
97 59 4.05009
97 71 85.9127
97 72 109.886
97 82 54.8471
97 83 19.2527
97 98 24.8748
98 4 18.3945
98 8 40.6575
98 15 33.489
98 22 95.275
98 30 83.2345
98 38 42.933
98 41 60.0116
98 42 16.3177
98 46 73.5502
98 49 97.8862
98 63 34.9392
98 67 117.463
98 68 24.4668
98 78 47.6782
98 79 92.8539
98 87 71.5948
98 88 13.3938
98 94 21.0986
99 4 26.0199
99 5 54.5014
99 6 9.37968
99 8 68.7539
99 12 4.36271
99 18 61.5553
99 22 39.5086
99 30 75.6148
99 33 30.6989
99 36 3.31261
99 38 32.1904
99 41 48.3462
99 42 22.1065
99 51 22.415
99 57 66.5367
99 63 54.2657
99 67 110.15
99 68 29.1573
99 74 101.38
99 79 63.4213
99 87 101.869
99 90 57.5788
99 94 20.3019
