100 100 2524
1
1
1
1
1
1
1
1
1
1
1
1
1
1
1
1
1
1
1
1
1
1
1
1
1
1
1
1
1
1
1
1
1
1
1
1
1
1
1
1
1
1
1
1
1
1
1
1
1
1
1
1
1
1
1
1
1
1
1
1
1
1
1
1
1
1
1
1
1
1
1
1
1
1
1
1
1
1
1
1
1
1
1
1
1
1
1
1
1
1
1
1
1
1
1
1
1
1
1
1
0 6 40.8459
0 10 47.3589
0 11 30.503
0 13 42.5144
0 14 130.974
0 18 27.1295
0 21 37.225
0 23 32.0739
0 27 70.6219
0 30 42.2553
0 32 79.3132
0 33 78.9002
0 36 6.13711
0 42 14.4278
0 44 61.2914
0 47 63.3504
0 52 40.1671
0 57 95.818
0 59 106.593
0 61 58.5443
0 62 18.0265
0 75 10.8027
0 79 115.476
0 83 3.47409
0 84 64.8902
0 85 129.434
0 89 16.4006
0 90 32.4461
0 92 76.7628
0 93 48.9586
0 94 72.9716
1 1 71.9551
1 2 23.4657
1 5 20.7667
1 8 126.131
1 12 39.0593
1 16 26.4839
1 20 65.7648
1 24 89.9971
1 25 41.1665
1 26 20.6678
1 37 50.8458
1 38 18.6752
1 40 53.7808
1 45 7.28195
1 46 83.9915
1 51 44.346
1 58 3.88505
1 64 21.4792
1 88 84.7812
1 95 102.909
1 98 19.357
1 99 81.1191
2 1 117.961
2 2 37.9684
2 5 26.1741
2 8 128.609
2 12 35.9633
2 16 42.7834
2 20 61.9145
2 24 95.8946
2 25 67.7041
2 26 20.89
2 37 75.3457
2 38 22.1576
2 40 37.234
2 45 4.28059
2 46 50.7449
2 51 5.21419
2 58 3.79287
2 64 22.5369
2 88 94.2764
2 95 62.3336
2 98 12.5775
2 99 101.161
3 2 38.2022
3 3 37.4116
3 4 86.2272
3 5 35.2465
3 7 57.2955
3 17 65.6896
3 22 44.5581
3 24 44.1842
3 25 46.5572
3 26 20.786
3 34 42.3493
3 37 75.0995
3 45 6.70467
3 58 4.34233
3 64 29.2765
3 65 93.3449
3 66 47.1907
3 69 85.2626
3 71 99.9483
3 73 45.8703
3 74 56.6866
3 98 16.5371
4 0 22.6044
4 6 36.523
4 9 65.418
4 15 7.70632
4 18 24.9018
4 21 39.3279
4 23 44.4414
4 27 58.4635
4 30 38.2127
4 32 100.794
4 44 66.628
4 47 71.0011
4 53 17.2982
4 57 87.9232
4 60 46.7156
4 61 39.5001
4 63 88.0262
4 67 28.3763
4 68 44.128
4 70 21.5244
4 72 65.4499
4 75 18.7219
4 80 78.9578
4 83 3.82212
4 85 84.3717
4 89 24.3737
5 1 82.9355
5 8 105.73
5 12 34.0141
5 16 45.5114
5 19 36.6035
5 20 88.5349
5 28 2
5 35 81.8048
5 38 20.3213
5 39 86.3938
5 40 33.8287
5 41 132.547
5 43 71.5647
5 46 60.0581
5 50 28.168
5 51 29.6242
5 54 79.7559
5 77 61.2371
5 86 29.129
5 87 39.4022
5 88 36.5086
5 91 79.0993
5 95 78.5953
5 96 28.1477
5 97 110.075
5 99 68.5993
6 1 90.2364
6 3 27.7843
6 5 11.7759
6 7 59.4478
6 8 83.3748
6 12 45.4162
6 16 55.5484
6 22 62.5953
6 26 22.6601
6 28 2.18669
6 37 105.158
6 39 79.2467
6 40 27.4271
6 41 96.4588
6 43 71.8125
6 45 5.85628
6 50 39.4695
6 51 37.0459
6 66 46.0536
6 73 25.2704
6 74 75.0575
6 77 29.567
6 87 37.0077
6 95 106.136
6 96 15.8422
6 97 136.285
6 98 16.9942
6 99 53.5298
7 0 18.6448
7 9 37.2561
7 10 83.4851
7 13 46.8127
7 15 12.4985
7 27 90.0002
7 32 134.776
7 33 59.7394
7 36 3.54863
7 44 45.0853
7 49 7.91634
7 52 57.9568
7 53 32.4713
7 59 89.4234
7 67 34.0945
7 68 56.2363
7 75 11.6193
7 80 77.237
7 85 97.6334
7 90 40.8235
7 92 88.8289
8 9 33.8424
8 10 71.767
8 14 106.647
8 18 25.663
8 27 80.9394
8 29 7.11084
8 31 34.3284
8 49 6.52966
8 52 42.6625
8 55 14.0142
8 59 108.656
8 60 88.4269
8 63 77.1474
8 68 76.1964
8 72 62.7588
8 75 17.3693
8 76 47.0187
8 78 4.77834
8 80 50.9492
8 82 28.3467
8 83 2.48985
8 84 70.5912
8 89 22.0856
8 94 39.1765
9 2 48.0322
9 4 95.5307
9 5 29.4721
9 17 67.1201
9 19 64.7422
9 20 38.1028
9 24 74.1982
9 26 24.5306
9 28 2.18529
9 38 35.084
9 39 117.546
9 40 30.1516
9 41 99.5559
9 46 76.608
9 50 27.9593
9 58 3.88307
9 64 8.49189
9 71 112.197
9 73 30.2006
9 74 87.4177
9 77 53.838
9 87 51.9126
9 88 128.927
9 91 59.3007
9 98 16.8727
9 99 100.53
10 3 29.6369
10 4 88.7886
10 7 24.9907
10 17 74.1477
10 19 55.5785
10 22 87.2929
10 28 2.36186
10 34 62.1578
10 35 83.6444
10 39 72.0834
10 41 130.238
10 43 51.2963
10 50 31.1298
10 54 74.5242
10 65 62.3997
10 66 52.2823
10 69 78.1455
10 71 109.884
10 73 25.0853
10 74 60.589
10 77 80.3349
10 86 14.0168
10 87 32.2743
10 91 76.8967
10 96 14.2767
10 97 114.3
11 1 88.4026
11 2 23.7875
11 5 15.2378
11 8 78.9993
11 12 37.6293
11 16 34.2897
11 20 61.9054
11 24 75.7686
11 25 74.6868
11 26 20.7252
11 37 123.266
11 38 10.319
11 40 37.2215
11 45 6.71816
11 46 50.5493
11 51 21.567
11 58 4.40259
11 64 16.0624
11 88 89.7407
11 95 133.564
11 98 13.6703
11 99 101.598
12 6 19.2824
12 10 97.0524
12 11 12.1133
12 13 48.0233
12 14 91.9342
12 18 27.8608
12 21 28.0476
12 23 22.851
12 27 66.7599
12 30 42.1808
12 32 62.0678
12 33 83.0188
12 36 6.30228
12 42 11.313
12 44 58.9086
12 47 64.2187
12 52 49.1919
12 57 117.613
12 59 66.4089
12 61 24.7032
12 62 18.9498
12 75 16.0217
12 79 67.3173
12 83 3.29808
12 84 78.0432
12 85 122.52
12 89 18.4182
12 90 43.138
12 92 78.2696
12 93 45.1562
12 94 54.4469
13 1 99.8905
13 8 99.5154
13 12 36.6852
13 16 30.1621
13 19 45.3092
13 20 91.3111
13 28 2.15634
13 35 70.1388
13 38 25.1159
13 39 67.0354
13 40 48.9832
13 41 116.465
13 43 56.9975
13 46 107.517
13 50 31.5198
13 51 31.4856
13 54 59.0426
13 77 43.8137
13 86 23.6033
13 87 49.097
13 88 83.9097
13 91 69.628
13 95 103.972
13 96 13.5789
13 97 124.204
13 99 90.4208
14 2 29.3518
14 3 24.6037
14 4 64.8291
14 5 22.7728
14 7 39.7371
14 17 47.4297
14 22 135.071
14 24 84.6254
14 25 69.1086
14 26 23.8826
14 34 68.695
14 37 124.314
14 45 5.62256
14 58 4.57295
14 64 26.1865
14 65 86.3562
14 66 44.2855
14 69 79.8619
14 71 74.6645
14 73 41.8871
14 74 72.1297
14 98 15.4565
15 1 57.6143
15 8 121.434
15 12 31.144
15 16 44.0086
15 19 51.4412
15 20 70.507
15 28 2.1309
15 35 60.6128
15 38 11.9635
15 39 107.233
15 40 32.3796
15 41 142.426
15 43 80.5698
15 46 82.4815
15 50 30.0041
15 51 33.1871
15 54 63.5656
15 77 61.7854
15 86 24.2499
15 87 65.7223
15 88 70.3884
15 91 57.0916
15 95 97.4701
15 96 27.2041
15 97 94.3919
15 99 99.643
16 0 29.4853
16 9 72.7609
16 10 90.3043
16 13 71.6459
16 15 8.09178
16 27 94.2329
16 32 76.4227
16 33 109.842
16 36 4.89918
16 44 25.4345
16 49 5.15303
16 52 38.3607
16 53 19.7744
16 59 48.8901
16 67 30.794
16 68 57.0213
16 75 8.62458
16 80 63.3288
16 85 89.6654
16 90 27.8782
16 92 74.6125
17 1 95.3643
17 2 25.9597
17 5 19.574
17 8 105.653
17 12 36.7979
17 16 36.3145
17 20 39.9795
17 24 93.8987
17 25 64.3997
17 26 29.6069
17 37 66.5608
17 38 18.1576
17 40 45.807
17 45 4.55158
17 46 103.191
17 51 24.1002
17 58 3.11008
17 64 27.4026
17 88 88.9621
17 95 41.7921
17 98 13.878
17 99 63.2079
18 0 41.7389
18 9 64.8305
18 15 10.3056
18 29 7.28306
18 31 28.7349
18 48 41.0511
18 49 6.97093
18 53 22.0166
18 55 22.9576
18 56 70.8721
18 60 88.6772
18 63 76.2066
18 67 23.5135
18 68 40.5719
18 70 19.6611
18 72 74.6236
18 76 41.5805
18 78 4.66785
18 80 55.2351
18 81 32.9028
18 82 27.3874
19 0 22.3735
19 9 52.0477
19 10 73.0565
19 13 38.1485
19 15 7.33171
19 27 121.039
19 32 96.5486
19 33 42.1635
19 36 4.45121
19 44 57.6048
19 49 5.01523
19 52 61.5261
19 53 26.8967
19 59 127.156
19 67 16.7189
19 68 59.9271
19 75 18.2647
19 80 62.293
19 85 98.3573
19 90 28.4327
19 92 66.0747
20 1 99.4719
20 8 99.5876
20 12 41.6738
20 16 46.3986
20 19 40.8754
20 20 66.9998
20 28 2.29164
20 35 55.1502
20 38 33.9361
20 39 61.8804
20 40 47.8448
20 41 104.685
20 43 64.9668
20 46 82.8181
20 50 30.0511
20 51 26.5806
20 54 66.3952
20 77 72.217
20 86 29.8128
20 87 18.0423
20 88 78.1297
20 91 65.7947
20 95 49.7539
20 96 17.216
20 97 112.189
20 99 80.801
21 9 60.4683
21 10 92.6493
21 14 58.1502
21 18 27.8279
21 27 68.0249
21 29 9.38594
21 31 34.8356
21 49 6.92005
21 52 44.6276
21 55 22.8842
21 59 113.647
21 60 76.2807
21 63 87.2092
21 68 18.2554
21 72 59.6732
21 75 17.7914
21 76 46.1386
21 78 3.67593
21 80 42.5064
21 82 36.3422
21 83 2.69371
21 84 53.563
21 89 25.757
21 94 53.7551
22 2 26.5788
22 4 121.238
22 5 36.858
22 17 63.958
22 19 36.5675
22 20 40.4335
22 24 68.9029
22 26 23.5068
22 28 2.0948
22 38 24.7389
22 39 119.785
22 40 37.3006
22 41 120.217
22 46 86.714
22 50 46.4958
22 58 3.39281
22 64 21.5271
22 71 112.169
22 73 23.3038
22 74 85.4173
22 77 64.7021
22 87 25.9154
22 88 63.3044
22 91 65.0143
22 98 11.7067
22 99 84.8361
23 10 69.2824
23 11 22.2594
23 13 51.1503
23 14 88.5083
23 29 8.08312
23 31 19.3559
23 33 84.4035
23 36 6.10474
23 42 20.2081
23 48 74.1836
23 49 8.28202
23 52 53.4755
23 55 16.3176
23 56 46.5545
23 59 99.1636
23 62 16.9752
23 76 32.0885
23 78 3.00832
23 79 64.6512
23 81 50.1939
23 82 25.907
23 84 43.8595
23 90 36.117
23 92 33.7901
23 93 45.7317
23 94 51.3729
24 6 33.5737
24 10 68.5633
24 11 24.8259
24 13 44.3854
24 14 56.6275
24 18 27.0298
24 21 28.2673
24 23 36.3641
24 27 77.5846
24 30 38.8379
24 32 104.018
24 33 78.5231
24 36 4.00309
24 42 10.9859
24 44 39.2495
24 47 75.2159
24 52 39.6307
24 57 68.8471
24 59 63.4682
24 61 55.3681
24 62 13.617
24 75 17.8301
24 79 37.2472
24 83 3.71322
24 84 45.6806
24 85 122.76
24 89 36.7102
24 90 45.9173
24 92 101.001
24 93 49.4559
24 94 50.0984
25 1 85.6132
25 8 101.235
25 12 30.9069
25 16 37.8123
25 19 36.2902
25 20 84.3497
25 28 2.34479
25 35 64.4349
25 38 25.6768
25 39 81.507
25 40 27.6619
25 41 131.87
25 43 28.7039
25 46 52.549
25 50 33.0762
25 51 29.3598
25 54 78.5632
25 77 63.1328
25 86 22.3911
25 87 44.2576
25 88 74.9926
25 91 96.9739
25 95 101.125
25 96 16.5998
25 97 83.772
25 99 53.1652
26 6 39.6745
26 11 20.295
26 14 72.9732
26 18 22.182
26 21 27.9341
26 23 39.4958
26 29 10.7348
26 30 16.9149
26 31 29.0574
26 42 19.1986
26 47 83.7502
26 48 66.7555
26 55 11.5493
26 56 71.5578
26 57 86.7748
26 60 91.0628
26 61 53.9382
26 62 21.6915
26 63 42.9039
26 70 21.3345
26 72 84.2476
26 76 32.1178
26 78 2.3559
26 79 66.9329
26 81 48.4739
26 82 36.4955
26 83 3.37181
26 84 61.6412
26 89 25.1239
26 93 36.168
26 94 47.3361
27 2 16.8366
27 3 44.2751
27 4 87.625
27 5 29.3366
27 7 51.9084
27 17 65.2189
27 22 110.274
27 24 46.1329
27 25 81.2625
27 26 14.5881
27 34 61.0286
27 37 76.5628
27 45 5.12168
27 58 3.68454
27 64 22.1883
27 65 98.7716
27 66 33.6143
27 69 63.6496
27 71 103.612
27 73 43.2406
27 74 72.8362
27 98 15.0083
28 0 25.9993
28 6 40.3003
28 9 85.9213
28 15 7.71578
28 18 24.5795
28 21 30.9623
28 23 36.55
28 27 69.3548
28 30 14.9424
28 32 92.7632
28 44 51.6961
28 47 97.3579
28 53 18.5993
28 57 90.6628
28 60 61.7234
28 61 53.6769
28 63 98.7955
28 67 15.8599
28 68 64.0098
28 70 25.9814
28 72 70.4912
28 75 13.6928
28 80 64.7692
28 83 3.35568
28 85 104.823
28 89 24.3523
29 2 40.1966
29 3 32.3832
29 4 117.914
29 5 18.1946
29 7 46.1724
29 17 40.4253
29 22 62.4985
29 24 60.1418
29 25 84.6453
29 26 21.3509
29 34 60.7355
29 37 82.5962
29 45 8.22275
29 58 4.07048
29 64 16.666
29 65 49.7412
29 66 47.8007
29 69 77.54
29 71 102.483
29 73 33.1612
29 74 103.77
29 98 14.5142
30 6 24.469
30 11 23.7412
30 14 80.2438
30 18 20.5731
30 21 63.606
30 23 45.6287
30 29 8.31808
30 30 48.7787
30 31 36.4693
30 42 21.1591
30 47 104.6
30 48 63.9942
30 55 23.7173
30 56 121.935
30 57 108.388
30 60 80.5532
30 61 44.4986
30 62 18.3812
30 63 51.3527
30 70 20.9448
30 72 50.8624
30 76 47.3035
30 78 4.04652
30 79 125.664
30 81 42.4364
30 82 22.6792
30 83 2.86824
30 84 61.0274
30 89 32.6537
30 93 70.2404
30 94 43.3621
31 6 33.385
31 10 102.902
31 11 27.8784
31 13 40.494
31 14 89.5076
31 18 26.4249
31 21 53.6221
31 23 31.2197
31 27 77.0088
31 30 46.0298
31 32 87.742
31 33 88.5841
31 36 5.72635
31 42 18.5969
31 44 53.9544
31 47 93.6265
31 52 52.1359
31 57 91.7512
31 59 74.6552
31 61 62.6938
31 62 15.4805
31 75 14.1084
31 79 83.0831
31 83 2.92733
31 84 59.0463
31 85 124.723
31 89 18.3943
31 90 34.428
31 92 120.179
31 93 57.3303
31 94 49.8974
32 1 63.0975
32 3 33.09
32 5 24.2723
32 7 37.3241
32 8 74.4366
32 12 41.9612
32 16 40.3964
32 22 79.3955
32 26 20.9886
32 28 2
32 37 73.8813
32 39 97.6218
32 40 33.3456
32 41 114.583
32 43 60.3125
32 45 5.97696
32 50 42.6052
32 51 30.4516
32 66 41.3224
32 73 44.8696
32 74 58.2756
32 77 52.9561
32 87 25.466
32 95 75.39
32 96 24.891
32 97 74.5025
32 98 16.8764
32 99 100.643
33 2 40.5369
33 3 32.75
33 4 86.4117
33 5 25.4911
33 7 53.6718
33 17 64.2497
33 22 104.999
33 24 68.031
33 25 71.9039
33 26 21.2818
33 34 60.1403
33 37 30.9382
33 45 7.61752
33 58 3.42499
33 64 15.9661
33 65 11.8439
33 66 45.9132
33 69 47.9179
33 71 104.253
33 73 41.918
33 74 62.0458
33 98 17.1075
34 0 26.3146
34 6 33.2351
34 11 27.89
34 13 50.1111
34 15 9.93049
34 21 47.1942
34 23 48.6886
34 30 47.7082
34 32 99.6268
34 33 69.1625
34 36 6.13663
34 42 10.0313
34 44 63.4587
34 47 58.7127
34 48 84.303
34 53 22.44
34 56 85.6188
34 57 103.309
34 61 49.5015
34 62 20.7713
34 67 25.4337
34 70 17.4662
34 79 99.5537
34 81 48.7219
34 85 79.3048
34 90 36.0892
34 92 48.3662
34 93 61.1437
35 9 52.7765
35 10 95.6146
35 14 88.401
35 18 12.8166
35 27 100.228
35 29 4.28219
35 31 26.8109
35 49 4.69503
35 52 50.3268
35 55 16.295
35 59 37.9684
35 60 55.859
35 63 89.6641
35 68 69.5236
35 72 45.4954
35 75 10.2216
35 76 48.9506
35 78 4.71537
35 80 50.0199
35 82 37.2618
35 83 3.62617
35 84 41.5668
35 89 27.5083
35 94 42.6402
36 1 95.0967
36 2 40.9597
36 5 25.4397
36 8 46.4909
36 12 53.583
36 16 38.2187
36 20 59.8042
36 24 56.9496
36 25 75.6179
36 26 17.1002
36 37 85.9231
36 38 17.5214
36 40 41.7116
36 45 4.59893
36 46 73.9297
36 51 47.366
36 58 4.2409
36 64 28.6207
36 88 55.3464
36 95 59.7873
36 98 15.0053
36 99 71.4992
37 2 38.7326
37 4 41.6888
37 17 33.4705
37 19 50.0521
37 20 59.509
37 24 64.4284
37 25 75.1844
37 34 73.0692
37 35 75.067
37 38 23.874
37 46 78.6047
37 54 64.7339
37 58 4.59773
37 64 22.2685
37 65 37.2167
37 69 54.307
37 71 109.092
37 86 13.5297
37 88 74.6949
37 91 63.751
38 1 76.3442
38 3 29.2187
38 5 26.0733
38 7 67.3199
38 8 47.0687
38 12 20.5268
38 16 32.0824
38 22 89.6145
38 26 13.2149
38 28 2
38 37 64.3537
38 39 95.0849
38 40 48.3419
38 41 145.51
38 43 61.8574
38 45 4.22068
38 50 43.4581
38 51 12.1994
38 66 71.5151
38 73 18.343
38 74 89.7009
38 77 52.8547
38 87 40.8957
38 95 85.6753
38 96 22.87
38 97 107.667
38 98 12.7734
38 99 74.9319
39 6 23.3446
39 11 24.0653
39 14 73.9239
39 18 41.7976
39 21 37.8534
39 23 39.7175
39 29 7.41405
39 30 22.7856
39 31 35.9505
39 42 21.7507
39 47 105.029
39 48 53.1522
39 55 16.3119
39 56 69.875
39 57 86.4759
39 60 122.937
39 61 49.1113
39 62 15.1161
39 63 46.1798
39 70 20.2125
39 72 31.4242
39 76 31.2068
39 78 3.59407
39 79 99.8729
39 81 40.5645
39 82 24.917
39 83 3.18021
39 84 52.0661
39 89 27.0621
39 93 43.0312
39 94 40.0681
40 6 38.9949
40 10 82.6245
40 11 37.8757
40 13 47.8101
40 14 96.8488
40 18 18.0846
40 21 60.5142
40 23 35.0113
40 27 108.748
40 30 42.1672
40 32 90.3667
40 33 95.0203
40 36 4.52865
40 42 23.8387
40 44 58.9474
40 47 64.8175
40 52 55.5245
40 57 90.6293
40 59 86.6579
40 61 59.0117
40 62 15.3757
40 75 15.941
40 79 66.2459
40 83 3.31088
40 84 48.1813
40 85 96.4064
40 89 20.1614
40 90 43.5031
40 92 65.9198
40 93 38.0604
40 94 53.989
41 1 74.3611
41 3 32.7638
41 5 28.7431
41 7 53.2388
41 8 93.3301
41 12 23.4642
41 16 30.8545
41 22 79.2587
41 26 20.267
41 28 2
41 37 81.1742
41 39 77.153
41 40 36.1888
41 41 85.6536
41 43 69.7205
41 45 5.63166
41 50 29.3923
41 51 23.556
41 66 50.4346
41 73 39.3755
41 74 49.8911
41 77 62.434
41 87 28.4866
41 95 69.9737
41 96 16.4857
41 97 75.465
41 98 21.6488
41 99 87.6248
42 1 52.3746
42 3 25.8004
42 7 71.28
42 8 82.9628
42 12 44.8032
42 16 32.9252
42 22 86.1935
42 25 61.1563
42 34 49.6743
42 35 98.3548
42 37 57.9024
42 43 81.0995
42 45 8.11328
42 51 24.9902
42 54 71.4746
42 65 83.6137
42 66 47.6213
42 69 85.8401
42 86 24.4874
42 95 72.6506
42 96 36.2331
42 97 115.121
43 2 17.7103
43 4 58.978
43 5 23.7343
43 17 59.5062
43 19 45.7569
43 20 73.5202
43 24 57.4433
43 26 20.6933
43 28 2
43 38 21.9629
43 39 119.587
43 40 57.118
43 41 86.5752
43 46 98.853
43 50 32.6987
43 58 4.04759
43 64 26.2135
43 71 109.08
43 73 41.2231
43 74 84.9665
43 77 58.8402
43 87 61.7361
43 88 70.5432
43 91 38.6601
43 98 9.75645
43 99 98.4992
44 0 19.5114
44 9 64.8676
44 15 8.09268
44 29 10.025
44 31 15.1535
44 48 58.9986
44 49 3.15374
44 53 17.7742
44 55 15.7051
44 56 83.7571
44 60 117.44
44 63 69.675
44 67 25.0109
44 68 52.8544
44 70 15.5782
44 72 50.5299
44 76 37.5445
44 78 3.93544
44 80 79.1247
44 81 35.7994
44 82 31.1673
45 0 33.2817
45 9 21.117
45 15 8.80788
45 29 10.9081
45 31 19.4204
45 48 54.5442
45 49 5.41975
45 53 23.6669
45 55 31.8038
45 56 126.419
45 60 125.21
45 63 89.1082
45 67 35.9492
45 68 64.2085
45 70 18.6737
45 72 55.1062
45 76 37.2218
45 78 3.1654
45 80 30.5494
45 81 38.7864
45 82 17.9982
46 2 23.1658
46 4 120.8
46 5 32.2723
46 17 32.8015
46 19 38.1055
46 20 65.8699
46 24 54.0168
46 26 19.5291
46 28 2.12852
46 38 22.4056
46 39 110.717
46 40 44.9649
46 41 126.966
46 46 73.4737
46 50 48.503
46 58 3.55327
46 64 27.5547
46 71 63.6314
46 73 35.2937
46 74 70.0292
46 77 61.23
46 87 55.3244
46 88 70.9488
46 91 59.3785
46 98 16.1287
46 99 105.671
47 10 35.3523
47 11 28.8156
47 13 43.4297
47 14 86.9225
47 29 8.69481
47 31 23.7057
47 33 86.9216
47 36 5.20981
47 42 16.0516
47 48 74.5781
47 49 6.07572
47 52 43.4421
47 55 13.2068
47 56 96.5463
47 59 102.54
47 62 12.2894
47 76 45.3028
47 78 4.43668
47 79 72.7764
47 81 33.6937
47 82 22.0643
47 84 51.7941
47 90 34.2642
47 92 97.043
47 93 40.2682
47 94 59.7818
48 1 96.4677
48 3 36.0736
48 5 32.7952
48 7 32.9715
48 8 61.4608
48 12 40.0704
48 16 42.7168
48 22 79.2681
48 26 25.4179
48 28 2.12274
48 37 102.747
48 39 112.891
48 40 39.8887
48 41 82.7721
48 43 92.8164
48 45 4.27119
48 50 29.5063
48 51 34.2603
48 66 44.0849
48 73 36.9547
48 74 82.7236
48 77 41.5935
48 87 71.1889
48 95 107.006
48 96 23.5983
48 97 120.448
48 98 10.6699
48 99 69.3009
49 0 27.2908
49 6 41.5247
49 9 60.7955
49 15 11.2111
49 18 24.321
49 21 17.138
49 23 45.217
49 27 76.2187
49 30 33.7211
49 32 85.3455
49 44 59.0074
49 47 118.221
49 53 21.5455
49 57 95.8955
49 60 128.162
49 61 64.8928
49 63 105.581
49 67 30.6751
49 68 37.262
49 70 16.7887
49 72 81.283
49 75 13.1202
49 80 40.5107
49 83 2.84659
49 85 109.651
49 89 26.7789
50 1 74.7147
50 2 28.383
50 5 43.5374
50 8 83.8419
50 12 24.1852
50 16 42.0633
50 20 78.4116
50 24 65.3841
50 25 83.2984
50 26 26.7843
50 37 116.895
50 38 13.6502
50 40 48.4035
50 45 4.38284
50 46 93.409
50 51 28.9932
50 58 4.10754
50 64 22.3968
50 88 93.3305
50 95 105.688
50 98 17.0184
50 99 78.6453
51 1 62.4216
51 2 30.7939
51 5 40.6827
51 8 81.2382
51 12 34.4311
51 16 51.732
51 20 36.7488
51 24 68.4365
51 25 74.0894
51 26 28.5309
51 37 121.829
51 38 27.0394
51 40 33.5433
51 45 4.25051
51 46 82.7016
51 51 36.5363
51 58 2.75117
51 64 14.0846
51 88 71.4521
51 95 87.2449
51 98 13.2345
51 99 88.1428
52 1 63.8869
52 2 27.9971
52 5 41.3071
52 8 81.8833
52 12 42.2995
52 16 41.0746
52 20 32.9395
52 24 81.3588
52 25 91.7445
52 26 11.1369
52 37 81.0822
52 38 18.56
52 40 45.3038
52 45 6.01444
52 46 80.686
52 51 35.1457
52 58 4.02067
52 64 25.4081
52 88 74.5516
52 95 103.551
52 98 12.1294
52 99 82.894
53 6 42.1083
53 10 42.9564
53 11 35.0671
53 13 53.1378
53 14 42.574
53 18 25.3625
53 21 39.6985
53 23 45.553
53 27 126.422
53 30 50.5365
53 32 75.9352
53 33 72.2009
53 36 4.45736
53 42 12.758
53 44 58.1079
53 47 44.6243
53 52 34.8684
53 57 64.1533
53 59 65.6606
53 61 41.4127
53 62 14.3659
53 75 14.1326
53 79 118.67
53 83 3.16719
53 84 70.1607
53 85 114.312
53 89 20.7346
53 90 31.665
53 92 53.7556
53 93 59.7075
53 94 46.3111
54 6 36.0975
54 10 96.9933
54 11 24.0225
54 13 39.0258
54 14 68.3313
54 18 26.0793
54 21 51.7094
54 23 44.4215
54 27 54.4412
54 30 44.8
54 32 119.597
54 33 74.5151
54 36 4.90703
54 42 21.0433
54 44 58.506
54 47 114.695
54 52 26.874
54 57 72.4215
54 59 109.032
54 61 30.2904
54 62 17.3379
54 75 14.3157
54 79 101.788
54 83 2.44181
54 84 70.29
54 85 149.897
54 89 28.8213
54 90 39.659
54 92 71.8791
54 93 46.1054
54 94 42.6011
55 9 65.8085
55 10 64.1821
55 14 57.2834
55 18 25.5887
55 27 85.6048
55 29 9.82097
55 31 31.2
55 49 6.68688
55 52 52.5245
55 55 19.4344
55 59 67.0258
55 60 66.6185
55 63 122.931
55 68 63.4065
55 72 79.0641
55 75 16.9453
55 76 35.3309
55 78 3.47459
55 80 50.5284
55 82 17.2972
55 83 3.41547
55 84 45.7788
55 89 24.6573
55 94 43.5716
56 1 59.5329
56 3 18.8868
56 5 17.7605
56 7 64.6668
56 8 110.492
56 12 32.5513
56 16 47.854
56 22 37.1778
56 26 13.717
56 28 2
56 37 98.215
56 39 81.8553
56 40 37.0603
56 41 149.32
56 43 89.448
56 45 4.15841
56 50 31.0629
56 51 36.6831
56 66 45.1598
56 73 47.7715
56 74 61.2045
56 77 61.6597
56 87 40.745
56 95 90.52
56 96 21.8767
56 97 94.3705
56 98 21.5512
56 99 68.2981
57 0 23.7451
57 6 33.9826
57 11 36.3899
57 13 57.1842
57 15 7.50543
57 21 43.8544
57 23 32.5784
57 30 33.8565
57 32 102.142
57 33 85.0827
57 36 6.11135
57 42 17.4273
57 44 49.3611
57 47 89.3699
57 48 28.4206
57 53 20.356
57 56 73.5122
57 57 85.1419
57 61 42.7499
57 62 19.3028
57 67 24.5371
57 70 10.8345
57 79 53.0766
57 81 34.5454
57 85 97.0592
57 90 33.0066
57 92 81.6008
57 93 58.016
58 2 48.3954
58 3 35.0701
58 4 66.3917
58 5 37.2252
58 7 53.3663
58 17 30.8909
58 22 99.1956
58 24 80.4995
58 25 73.881
58 26 20.2169
58 34 55.0907
58 37 82.4713
58 45 6.12157
58 58 3.49181
58 64 21.447
58 65 76.5179
58 66 55.4679
58 69 68.7146
58 71 91.1043
58 73 33.8217
58 74 68.3847
58 98 19.1208
59 0 26.4704
59 9 48.057
59 10 80.1928
59 13 58.8668
59 15 7.18555
59 27 99.3104
59 32 101.981
59 33 53.0737
59 36 5.69787
59 44 50.0437
59 49 4.46598
59 52 36.8267
59 53 20.9367
59 59 92.5491
59 67 23.4592
59 68 50.0136
59 75 13.1636
59 80 41.0634
59 85 131.553
59 90 35.4783
59 92 66.5649
60 0 33.4219
60 9 42.0215
60 15 11.2819
60 29 8.30449
60 31 27.7581
60 48 69.2578
60 49 5.13655
60 53 25.4521
60 55 21.0846
60 56 76.5142
60 60 112.575
60 63 65.0178
60 67 20.3171
60 68 41.8681
60 70 14.29
60 72 45.3449
60 76 41.194
60 78 4.37679
60 80 46.5758
60 81 46.015
60 82 33.3936
61 2 34.5946
61 3 32.2708
61 4 48.875
61 5 31.4443
61 7 63.0892
61 17 77.0005
61 22 83.1934
61 24 89.9031
61 25 68.7895
61 26 14.468
61 34 63.8943
61 37 79.3188
61 45 4.65155
61 58 5.03904
61 64 31.578
61 65 74.0593
61 66 30.7414
61 69 79.5659
61 71 49.1714
61 73 30.8491
61 74 77.2514
61 98 20.1379
62 2 44.855
62 3 25.2567
62 4 94.5165
62 5 29.186
62 7 49.7271
62 17 37.1818
62 22 110.419
62 24 74.4402
62 25 81.5287
62 26 25.5221
62 34 57.0201
62 37 96.6435
62 45 5.94893
62 58 2.66938
62 64 23.1747
62 65 43.6624
62 66 41.9252
62 69 82.0449
62 71 65.3683
62 73 41.7571
62 74 51.5696
62 98 25.5607
63 2 28.1624
63 4 83.2292
63 5 35.7231
63 17 74.6795
63 19 44.4778
63 20 33.6736
63 24 65.4175
63 26 19.6479
63 28 2.29753
63 38 19.9981
63 39 97.5429
63 40 47.8534
63 41 171.983
63 46 73.6371
63 50 14.3785
63 58 4.58364
63 64 17.6301
63 71 67.478
63 73 60.2763
63 74 82.2681
63 77 38.8725
63 87 31.2002
63 88 78.4331
63 91 94.5981
63 98 19.9161
63 99 85.0175
64 0 12.8612
64 6 40.8043
64 11 23.8468
64 13 57.4572
64 15 10.4436
64 21 35.9223
64 23 30.1752
64 30 56.522
64 32 123.005
64 33 55.1618
64 36 4.9065
64 42 15.1358
64 44 51.8029
64 47 87.8919
64 48 54.8893
64 53 19.0755
64 56 92.2443
64 57 66.6357
64 61 51.4903
64 62 12.105
64 67 48.3589
64 70 24.3104
64 79 140.837
64 81 31.9524
64 85 118.984
64 90 26.6613
64 92 109.545
64 93 56.3354
65 10 61.5475
65 11 20.5024
65 13 57.0471
65 14 94.1091
65 29 7.1373
65 31 32.5927
65 33 89.8033
65 36 4.88017
65 42 14.3526
65 48 58.634
65 49 6.10421
65 52 28.9809
65 55 20.6176
65 56 68.0929
65 59 41.343
65 62 19.8674
65 76 36.1884
65 78 3.36067
65 79 118.044
65 81 32.9159
65 82 28.1842
65 84 68.7349
65 90 30.524
65 92 58.9995
65 93 46.5162
65 94 53.553
66 10 115.593
66 11 23.2351
66 13 38.8273
66 14 95.3261
66 29 6.03356
66 31 25.5914
66 33 74.7129
66 36 4.26365
66 42 21.7242
66 48 61.4821
66 49 6.96213
66 52 15.6571
66 55 20.551
66 56 86.3435
66 59 94.8267
66 62 12.898
66 76 55.5816
66 78 5.12987
66 79 69.9647
66 81 22.6092
66 82 33.5579
66 84 44.8821
66 90 44.9831
66 92 49.1806
66 93 51.5486
66 94 25.6854
67 2 40.4585
67 4 61.8705
67 5 32.0576
67 17 63.5872
67 19 30.9206
67 20 48.7429
67 24 95.5543
67 26 19.5721
67 28 2.38274
67 38 25.1208
67 39 97.4669
67 40 26.1886
67 41 110.997
67 46 68.7164
67 50 38.7126
67 58 4.42323
67 64 26.1442
67 71 85.7346
67 73 28.4739
67 74 76.3162
67 77 51.8109
67 87 61.9053
67 88 95.2733
67 91 72.6249
67 98 23.3388
67 99 58.8508
68 0 31.3935
68 6 30.9066
68 11 34.4811
68 13 68.1605
68 15 5.79694
68 21 38.7312
68 23 43.1997
68 30 73.2836
68 32 117.201
68 33 73.1087
68 36 5.89528
68 42 20.4984
68 44 59.6379
68 47 89.3416
68 48 30.573
68 53 18.1026
68 56 94.9598
68 57 76.976
68 61 74.6557
68 62 18.6456
68 67 33.7495
68 70 17.4167
68 79 104.824
68 81 39.9568
68 85 101.308
68 90 42.4909
68 92 90.641
68 93 41.887
69 1 56.0262
69 3 39.6743
69 5 31.287
69 7 59.298
69 8 79.453
69 12 45.53
69 16 42.5283
69 22 55.3748
69 26 14.047
69 28 2
69 37 103.893
69 39 80.8312
69 40 62.1912
69 41 109.4
69 43 57.6434
69 45 4.62248
69 50 38.9586
69 51 38.1369
69 66 44.7958
69 73 36.8947
69 74 75.9435
69 77 56.1324
69 87 50.024
69 95 133.224
69 96 19.7425
69 97 122.655
69 98 22.5065
69 99 100.911
70 2 35.8348
70 3 30.0796
70 4 71.0712
70 5 17.0473
70 7 38.5902
70 17 69.7047
70 22 99.2379
70 24 51.7296
70 25 90.3041
70 26 19.4137
70 34 32.8898
70 37 141.461
70 45 7.16017
70 58 3.97931
70 64 18.9533
70 65 80.8273
70 66 59.5601
70 69 85.7418
70 71 88.6454
70 73 50.1252
70 74 75.6464
70 98 22.9096
71 1 85.3031
71 3 20.3449
71 5 25.255
71 7 30.9658
71 8 81.4484
71 12 41.9922
71 16 49.5097
71 22 131.542
71 26 21.3119
71 28 2
71 37 114.487
71 39 90.2568
71 40 51.4406
71 41 63.2103
71 43 42.6768
71 45 5.05015
71 50 38.4555
71 51 29.6703
71 66 35.8499
71 73 38.9321
71 74 50.3171
71 77 59.1855
71 87 34.6667
71 95 122.42
71 96 21.2914
71 97 115.563
71 98 14.0653
71 99 72.2218
72 1 101.679
72 3 43.1274
72 7 55.6325
72 8 85.8157
72 12 38.7839
72 16 43.9935
72 22 128.493
72 25 75.1389
72 34 50.4912
72 35 71.8244
72 37 93.3569
72 43 104.669
72 45 5.5623
72 51 32.6589
72 54 48.3263
72 65 52.2201
72 66 68.4032
72 69 64.8989
72 86 17.2045
72 95 77.4826
72 96 19.2844
72 97 134.856
73 6 40.5613
73 11 22.8902
73 14 94.4667
73 18 25.8984
73 21 32.2596
73 23 40.059
73 29 7.14802
73 30 37.4835
73 31 17.8523
73 42 12.7891
73 47 81.5384
73 48 72.9331
73 55 15.8106
73 56 91.863
73 57 102.371
73 60 68.7493
73 61 56.9808
73 62 8.60217
73 63 83.985
73 70 6.14531
73 72 60.2278
73 76 57.8777
73 78 5.34346
73 79 81.7205
73 81 42.2651
73 82 31.0944
73 83 3.18679
73 84 31.4729
73 89 17.0901
73 93 26.937
73 94 63.232
74 0 15.2825
74 6 27.6637
74 11 27.8888
74 13 61.1726
74 15 8.09187
74 21 44.3885
74 23 28.8097
74 30 36.6563
74 32 102.108
74 33 81.7501
74 36 5.59487
74 42 21.5821
74 44 51.7063
74 47 126.351
74 48 50.5663
74 53 16.5244
74 56 99.1591
74 57 86.6476
74 61 51.1216
74 62 15.8686
74 67 18.9659
74 70 16.8282
74 79 114.658
74 81 37.1617
74 85 121.269
74 90 25.7368
74 92 79.3683
74 93 52.1149
75 0 17.3113
75 9 56.5784
75 15 8.84217
75 29 8.53045
75 31 39.5438
75 48 66.2991
75 49 8.19948
75 53 17.5021
75 55 12.6612
75 56 135.656
75 60 64.6796
75 63 128.563
75 67 29.4645
75 68 59.7923
75 70 15.8189
75 72 70.5832
75 76 34.199
75 78 3.301
75 80 47.6797
75 81 26.5293
75 82 40.7049
76 2 20.5343
76 3 24.4152
76 4 68.5135
76 5 29.4492
76 7 82.1662
76 17 38.1836
76 22 97.779
76 24 66.3738
76 25 89.1295
76 26 18.9917
76 34 61.4351
76 37 102.208
76 45 7.66084
76 58 4.65506
76 64 24.217
76 65 69.173
76 66 67.2656
76 69 77.7745
76 71 77.9683
76 73 45.5643
76 74 105.802
76 98 19.0931
77 10 74.8999
77 11 20.8138
77 13 58.9721
77 14 102.682
77 29 8.61606
77 31 22.8024
77 33 64.0391
77 36 5.4779
77 42 10.2899
77 48 68.2794
77 49 6.40663
77 52 35.7226
77 55 27.6598
77 56 99.4232
77 59 119.163
77 62 5.8789
77 76 37.0836
77 78 2.81711
77 79 80.9095
77 81 33.5714
77 82 26.6329
77 84 72.2829
77 90 41.5802
77 92 107.181
77 93 27.1536
77 94 55.3938
78 0 18.1562
78 9 64.7055
78 15 9.36652
78 29 7.19686
78 31 14.3138
78 48 34.9414
78 49 4.39802
78 53 21.6362
78 55 17.8806
78 56 80.5581
78 60 125.996
78 63 79.3472
78 67 36.456
78 68 54.6828
78 70 29.9385
78 72 58.7997
78 76 47.1812
78 78 3.9458
78 80 58.5947
78 81 33.0306
78 82 31.1218
79 0 29.0553
79 9 61.8758
79 10 92.1077
79 13 65.6259
79 15 5.43531
79 27 80.2512
79 32 106.208
79 33 86.6058
79 36 5.20955
79 44 65.966
79 49 8.47455
79 52 48.2072
79 53 13.1999
79 59 76.0926
79 67 24.5434
79 68 68.3424
79 75 17.9467
79 80 74.7894
79 85 79.8523
79 90 31.0163
79 92 85.7185
80 1 76.021
80 2 21.2561
80 5 24.9701
80 8 108.135
80 12 33.2451
80 16 37.2683
80 20 74.9486
80 24 61.1612
80 25 84.2033
80 26 17.5743
80 37 87.1898
80 38 12.9858
80 40 30.4914
80 45 5.6813
80 46 96.5314
80 51 32.8819
80 58 3.83814
80 64 23.2235
80 88 78.8885
80 95 86.8275
80 98 17.0705
80 99 45.9892
81 9 32.5375
81 10 94.2563
81 14 41.2192
81 18 17.4149
81 27 63.7876
81 29 9.94693
81 31 20.9616
81 49 7.10395
81 52 51.126
81 55 20.2777
81 59 100.562
81 60 60.1384
81 63 90.9942
81 68 41.0034
81 72 34.874
81 75 13.1287
81 76 37.7965
81 78 5.02727
81 80 86.02
81 82 34.4315
81 83 2.25449
81 84 56.1405
81 89 19.6259
81 94 37.2188
82 3 21.4919
82 4 96.0637
82 7 30.829
82 17 59.796
82 19 42.2573
82 22 91.8176
82 28 2.17146
82 34 88.3284
82 35 60.7768
82 39 115.004
82 41 60.1454
82 43 92.9324
82 50 38.7434
82 54 41.1892
82 65 66.0751
82 66 44.4517
82 69 65.2844
82 71 138.969
82 73 32.5712
82 74 95.2227
82 77 49.467
82 86 23.5525
82 87 48.1226
82 91 84.531
82 96 21.7442
82 97 123.627
83 6 28.0942
83 10 113.782
83 11 21.3583
83 13 50.6835
83 14 116.156
83 18 19.5146
83 21 46.6459
83 23 35.551
83 27 106.331
83 30 42.0969
83 32 63.08
83 33 58.2017
83 36 5.0648
83 42 19.3027
83 44 70.3033
83 47 84.9702
83 52 22.7514
83 57 90.5978
83 59 106.424
83 61 52.3714
83 62 13.9871
83 75 10.4094
83 79 84.0617
83 83 2
83 84 61.9285
83 85 78.7031
83 89 18.1865
83 90 40.6724
83 92 67.2105
83 93 46.1984
83 94 41.4731
84 10 75.7742
84 11 16.7876
84 13 40.3746
84 14 94.0394
84 29 6.52246
84 31 21.274
84 33 59.4709
84 36 4.36593
84 42 16.9125
84 48 52.668
84 49 7.16795
84 52 51.3644
84 55 17.0624
84 56 95.6826
84 59 85.9202
84 62 22.1171
84 76 47.037
84 78 4.56941
84 79 92.1677
84 81 39.5042
84 82 40.9866
84 84 61.0609
84 90 19.7873
84 92 83.1823
84 93 68.158
84 94 47.5482
85 1 77.822
85 3 32.2134
85 5 36.2813
85 7 41.8236
85 8 103.068
85 12 30.3939
85 16 37.854
85 22 71.839
85 26 19.4647
85 28 2.06855
85 37 104.277
85 39 99.5473
85 40 40.4902
85 41 103.88
85 43 95.0928
85 45 7.63956
85 50 12.2074
85 51 26.1797
85 66 52.3971
85 73 30.5417
85 74 96.9324
85 77 54.2776
85 87 20.5447
85 95 115.325
85 96 17.3724
85 97 93.2469
85 98 19.1488
85 99 76.7042
86 0 30.8743
86 6 42.7218
86 11 27.1364
86 13 51.8384
86 15 10.0155
86 21 47.545
86 23 43.0845
86 30 42.0125
86 32 103.26
86 33 77.3198
86 36 4.48149
86 42 23.2964
86 44 52.0489
86 47 70.1485
86 48 28.1938
86 53 19.7022
86 56 97.5744
86 57 109.495
86 61 51.2395
86 62 9.58988
86 67 19.1744
86 70 20.9149
86 79 115.747
86 81 48.8519
86 85 84.9103
86 90 31.7415
86 92 63.03
86 93 20.3995
87 10 90.2981
87 11 23.4976
87 13 46.6351
87 14 84.3961
87 29 8.16355
87 31 14.0303
87 33 111.213
87 36 6.05639
87 42 25.2829
87 48 60.9484
87 49 5.24832
87 52 44.9189
87 55 16.4645
87 56 75.4744
87 59 158.972
87 62 20.4336
87 76 32.7961
87 78 3.63604
87 79 42.492
87 81 24.0143
87 82 42.2913
87 84 86.1873
87 90 38.4862
87 92 59.0876
87 93 64.4923
87 94 43.0293
88 1 110.511
88 2 28.5783
88 5 20.5987
88 8 106.891
88 12 31.98
88 16 46.3874
88 20 80.5397
88 24 61.7918
88 25 76.4394
88 26 27.7102
88 37 100.129
88 38 14.2279
88 40 41.2363
88 45 6.19474
88 46 78.5977
88 51 25.4431
88 58 2.64952
88 64 23.2471
88 88 97.0249
88 95 79.9081
88 98 11.6149
88 99 79.1784
89 6 34.5615
89 10 104.327
89 11 22.9259
89 13 33.2525
89 14 98.3465
89 18 19.5801
89 21 33.8093
89 23 46.042
89 27 78.0492
89 30 36.8918
89 32 125.124
89 33 75.6668
89 36 6.20228
89 42 18.9228
89 44 54.8993
89 47 85.7716
89 52 49.1134
89 57 104.024
89 59 94.0333
89 61 61.4497
89 62 20.1455
89 75 14.6665
89 79 106.405
89 83 2.1763
89 84 56.5878
89 85 53.9099
89 89 21.998
89 90 34.2584
89 92 50.5185
89 93 55.1872
89 94 53.5753
90 0 30.9579
90 9 47.3535
90 15 9.73189
90 29 9.21127
90 31 14.83
90 48 49.5865
90 49 7.765
90 53 18.9518
90 55 20.3437
90 56 106.93
90 60 110.52
90 63 20.2777
90 67 25.6289
90 68 63.9297
90 70 16.3227
90 72 44.6509
90 76 47.4419
90 78 3.74137
90 80 74.0117
90 81 32.6527
90 82 32.6627
91 0 15.6209
91 6 33.3537
91 9 20.5298
91 15 7.05684
91 18 22.6796
91 21 43.4637
91 23 45.571
91 27 82.2169
91 30 58.2689
91 32 111.225
91 44 56.6607
91 47 74.7262
91 53 25.0068
91 57 49.6863
91 60 70.5194
91 61 65.6155
91 63 80.0559
91 67 25.0659
91 68 34.7762
91 70 22.7041
91 72 70.2531
91 75 20.9886
91 80 79.763
91 83 2.95682
91 85 119.241
91 89 27.651
92 2 45.8483
92 3 34.5213
92 4 100.999
92 5 29.15
92 7 60.9091
92 17 45.6115
92 22 84.0015
92 24 86.7549
92 25 70.296
92 26 16.0437
92 34 48.2311
92 37 93.6817
92 45 5.63931
92 58 2.53033
92 64 34.4636
92 65 74.8806
92 66 55.4862
92 69 88.5643
92 71 100.69
92 73 50.8024
92 74 37.6011
92 98 12.9168
93 6 41.1252
93 11 29.3909
93 14 74.6697
93 18 31.9188
93 21 33.1306
93 23 47.7592
93 29 9.72058
93 30 44.989
93 31 26.4012
93 42 14.147
93 47 78.4995
93 48 34.4213
93 55 28.2531
93 56 91.0905
93 57 74.1181
93 60 95.1895
93 61 24.3222
93 62 17.2857
93 63 64.4624
93 70 24.9512
93 72 78.4006
93 76 36.9718
93 78 4.60017
93 79 90.5028
93 81 32.1454
93 82 22.0767
93 83 2.61289
93 84 58.2526
93 89 23.704
93 93 38.2141
93 94 58.0687
94 1 79.9053
94 3 20.0504
94 5 29.9556
94 7 39.3261
94 8 91.6199
94 12 37.6897
94 16 44.3955
94 22 72.3791
94 26 9.30561
94 28 2.34375
94 37 77.4953
94 39 74.7354
94 40 29.0334
94 41 89.464
94 43 48.4538
94 45 6.20131
94 50 20.2824
94 51 25.4619
94 66 72.2461
94 73 37.0002
94 74 96.7947
94 77 70.387
94 87 43.1497
94 95 80.6656
94 96 22.7579
94 97 122.762
94 98 18.1519
94 99 88.2281
95 0 23.1438
95 9 59.8159
95 15 7.95271
95 29 8.27641
95 31 18.9699
95 48 37.437
95 49 7.70197
95 53 21.3971
95 55 17.7686
95 56 122.942
95 60 92.4679
95 63 62.7476
95 67 13.2039
95 68 37.0379
95 70 19.0001
95 72 56.1137
95 76 44.4711
95 78 4.94643
95 80 70.6496
95 81 25.216
95 82 18.6565
96 2 33.2097
96 4 64.1671
96 17 52.3768
96 19 39.2672
96 20 55.645
96 24 74.7556
96 25 95.6679
96 34 47.6744
96 35 54.5162
96 38 24.9372
96 46 72.9989
96 54 53.7306
96 58 3.50559
96 64 19.3113
96 65 78.9466
96 69 34.3511
96 71 114.971
96 86 16.3908
96 88 68.0973
96 91 47.2306
97 6 42.4076
97 10 78.4477
97 11 29.6979
97 13 25.5467
97 14 42.1159
97 18 29.3265
97 21 29.371
97 23 41.901
97 27 113.646
97 30 46.6473
97 32 106.548
97 33 86.0406
97 36 5.19616
97 42 25.3891
97 44 30.7231
97 47 89.5523
97 52 56.7777
97 57 107.58
97 59 57.5072
97 61 41.5275
97 62 19.1465
97 75 17.8776
97 79 53.5192
97 83 3.05134
97 84 66.0153
97 85 107.592
97 89 25.9165
97 90 30.0365
97 92 57.6466
97 93 30.0935
97 94 63.8078
98 1 75.0969
98 2 36.6007
98 5 11.3914
98 8 102.279
98 12 35.3586
98 16 36.118
98 20 26.1809
98 24 59.7833
98 25 93.0285
98 26 20.1507
98 37 89.4808
98 38 16.1773
98 40 38.5688
98 45 5.2124
98 46 77.6125
98 51 36.8603
98 58 4.32748
98 64 15.4224
98 88 77.4579
98 95 106.235
98 98 21.0381
98 99 92.9011
99 1 88.4834
99 8 99.7217
99 12 41.5746
99 16 45.5173
99 19 51.9199
99 20 46.2658
99 28 2
99 35 57.9113
99 38 13.6707
99 39 114.792
99 40 61.5894
99 41 109.566
99 43 51.1995
99 46 84.312
99 50 31.0095
99 51 30.6904
99 54 89.0339
99 77 33.3844
99 86 16.7251
99 87 54.9006
99 88 68.792
99 91 83.3869
99 95 106.232
99 96 26.1459
99 97 99.2794
99 99 136.119
