150 150 5637
1
1
1
1
1
1
1
1
1
1
1
1
1
1
1
1
1
1
1
1
1
1
1
1
1
1
1
1
1
1
1
1
1
1
1
1
1
1
1
1
1
1
1
1
1
1
1
1
1
1
1
1
1
1
1
1
1
1
1
1
1
1
1
1
1
1
1
1
1
1
1
1
1
1
1
1
1
1
1
1
1
1
1
1
1
1
1
1
1
1
1
1
1
1
1
1
1
1
1
1
1
1
1
1
1
1
1
1
1
1
1
1
1
1
1
1
1
1
1
1
1
1
1
1
1
1
1
1
1
1
1
1
1
1
1
1
1
1
1
1
1
1
1
1
1
1
1
1
1
1
0 1 37.7702
0 3 86.6229
0 6 54.5499
0 8 43.6156
0 14 28.6264
0 16 47.1059
0 18 40.7437
0 19 12.5434
0 24 18.6669
0 26 45.5488
0 28 52.4058
0 29 69.5567
0 32 99.5937
0 33 86.1894
0 37 59.4934
0 50 49.1624
0 53 44.4445
0 60 107.398
0 61 86.1039
0 64 31.7871
0 74 67.3824
0 78 92.2691
0 89 44.821
0 90 23.0722
0 93 140.768
0 94 89.8551
0 95 31.6991
0 96 54.6947
0 97 95.9839
0 102 34.1076
0 108 45.8361
0 111 50.1052
0 126 30.0748
0 128 20.4222
0 130 25.4666
0 132 56.6679
0 135 59.6819
0 139 62.8464
0 141 2
1 0 35.3789
1 2 106.272
1 4 43.549
1 9 101.436
1 12 49.3749
1 13 34.6218
1 17 74.0734
1 21 153.763
1 22 26.6426
1 30 76.3744
1 34 91.6877
1 35 31.6764
1 41 102.874
1 42 38.7621
1 43 9.15532
1 48 30.0103
1 51 21.1102
1 65 55.1514
1 68 16.298
1 69 2.72192
1 71 36.3457
1 73 5.78851
1 75 50.7447
1 76 69.31
1 79 2.80246
1 80 87.0331
1 83 15.3178
1 84 97.4981
1 86 68.2439
1 92 22.3977
1 98 40.3914
1 101 86.152
1 105 16.7831
1 109 14.318
1 110 37.7667
1 112 38.8264
1 118 76.3917
1 125 44.955
1 127 40.2134
1 129 30.9612
1 133 50.6325
1 143 38.8165
1 144 86.8719
1 149 38.2485
2 0 28.5287
2 2 73.286
2 4 45.2935
2 5 72.8589
2 7 77.5237
2 9 96.2604
2 11 38.7228
2 30 84.357
2 31 121.896
2 34 91.438
2 35 34.4776
2 36 32.6658
2 39 79.7881
2 42 39.6793
2 44 82.7623
2 48 34.2993
2 55 46.6671
2 56 40.8761
2 58 137.397
2 63 95.5932
2 65 97.2229
2 66 14.3079
2 67 63.5581
2 70 92.3324
2 72 72.2849
2 75 50.5132
2 80 77.0721
2 86 59.4154
2 88 7.59944
2 99 74.1949
2 103 77.003
2 104 2.17551
2 110 63.5686
2 116 84.191
2 129 50.5002
2 136 107.06
2 140 3.38184
2 144 87.4861
2 146 45.0932
2 149 36.3611
3 0 32.1546
3 2 107.832
3 9 93.831
3 11 29.4081
3 12 66.2319
3 17 84.4286
3 21 71.3947
3 31 108.838
3 34 103.553
3 36 48.8967
3 39 96.5736
3 41 46.9842
3 43 6.68281
3 48 29.3794
3 55 53.4474
3 56 36.8547
3 57 16.4809
3 67 67.6659
3 69 3.19215
3 70 66.7355
3 73 5.51582
3 75 80.859
3 80 119.176
3 83 13.3525
3 88 8.23755
3 92 15.6615
3 99 90.537
3 101 135.092
3 109 13.0393
3 110 52.9308
3 116 82.0583
3 122 64.6022
3 133 59.1137
3 136 78.3337
3 145 93.7902
3 147 39.5184
4 12 65.1842
4 13 104.147
4 17 76.7027
4 21 48.7833
4 22 27.9623
4 27 34.5497
4 41 59.2244
4 43 5.39959
4 46 88.8497
4 51 22.9989
4 54 47.348
4 57 9.91499
4 68 18.314
4 69 2.92494
4 71 102.277
4 73 4.92822
4 76 37.5694
4 79 3.13508
4 83 14.3852
4 84 110.974
4 92 10.5793
4 98 8.63747
4 101 97.9741
4 105 12.6834
4 106 39.7826
4 109 16.2809
4 112 43.6581
4 118 61.8132
4 122 98.9475
4 124 77.0807
4 125 54.6502
4 127 40.4583
4 133 79.4206
4 143 51.2865
4 145 93.3868
4 147 105.505
5 0 31.367
5 2 79.6837
5 4 38.2875
5 9 112.463
5 12 49.4675
5 13 64.8978
5 17 88.7187
5 21 69.3365
5 22 38.051
5 30 42.5912
5 34 70.9496
5 35 21.1303
5 41 109.784
5 42 38.9442
5 43 5.39422
5 48 51.2606
5 51 20.3159
5 65 44.7042
5 68 18.9927
5 69 3.12178
5 71 60.69
5 73 4.85096
5 75 65.4564
5 76 63.371
5 79 2.68916
5 80 118.886
5 83 21.241
5 84 100.89
5 86 34.5756
5 92 14.9164
5 98 28.4683
5 101 116.532
5 105 20.8308
5 109 25.2776
5 110 86.1887
5 112 37.1171
5 118 68.4412
5 125 53.2509
5 127 36.3237
5 129 78.9153
5 133 41.0855
5 143 41.6909
5 144 66.3729
5 149 45.1701
6 4 33.8438
6 5 118.454
6 7 57.2183
6 13 77.1855
6 22 36.0067
6 27 32.0996
6 30 94.931
6 35 41.9999
6 42 19.4016
6 44 89.1171
6 46 131.775
6 51 40.845
6 54 69.5022
6 58 110.226
6 63 76.0817
6 65 68.2858
6 66 10.2526
6 68 12.922
6 71 80.64
6 72 68.868
6 76 96.2663
6 79 3.38346
6 84 80.0508
6 86 69.459
6 98 29.818
6 103 58.2674
6 104 2
6 105 23.8857
6 106 39.9925
6 112 47.0301
6 118 57.2641
6 124 116.51
6 125 63.1367
6 127 41.6484
6 129 55.7863
6 140 3.41634
6 143 39.447
6 144 97.7415
6 146 68.7407
6 149 43.3042
7 1 28.0802
7 24 23.4652
7 25 63.9635
7 28 40.2364
7 29 62.3251
7 40 61.7714
7 45 66.2068
7 52 20.7621
7 59 102.989
7 60 91.3644
7 61 59.348
7 62 115.097
7 85 135.241
7 91 105.541
7 93 125.386
7 94 61.0137
7 96 97.7706
7 107 51.0535
7 108 83.1753
7 111 45.983
7 113 86.7652
7 114 62.4529
7 115 47.1082
7 119 88.9836
7 123 99.5616
7 126 50.9192
7 128 15.8049
7 132 74.3845
7 135 78.9701
7 139 72.7873
7 148 30.7357
8 5 77.3226
8 7 78.1106
8 11 32.8123
8 27 26.4367
8 31 102.376
8 36 45.7065
8 39 122.736
8 44 83.33
8 46 49.3651
8 54 52.8973
8 55 71.6293
8 56 35.1228
8 57 19.8252
8 58 99.5268
8 63 64.3538
8 66 9.95387
8 67 68.6096
8 70 48.6323
8 72 21.1946
8 88 9.46147
8 99 68.5886
8 103 58.9347
8 104 2.15615
8 106 28.3273
8 116 88.3643
8 122 72.8533
8 124 42.1561
8 136 64.0332
8 140 3.73354
8 145 74.8513
8 146 70.1237
8 147 57.1328
9 1 27.4524
9 3 115.37
9 6 48.5828
9 8 37.6827
9 14 46.0296
9 16 38.4413
9 18 50.7122
9 19 13.1001
9 24 37.0789
9 26 37.1408
9 28 48.0131
9 29 49.1123
9 32 93.6026
9 33 84.6583
9 37 43.4082
9 50 46.1792
9 53 35.3633
9 60 77.9332
9 61 75.1353
9 64 29.1783
9 74 87.3082
9 78 68.7428
9 89 40.9717
9 90 27.5845
9 93 103.618
9 94 55.4835
9 95 55.7579
9 96 48.8642
9 97 70.9738
9 102 61.1769
9 108 55.5081
9 111 36.0963
9 126 54.623
9 128 23.3738
9 130 18.1578
9 132 52.9243
9 135 76.8828
9 139 57.2202
9 141 2.00237
10 5 47.3796
10 7 78.5422
10 11 23.6457
10 27 40.203
10 31 46.2861
10 36 33.3082
10 39 114.974
10 44 103.468
10 46 82.7622
10 54 72.6145
10 55 49.3701
10 56 38.7713
10 57 23.0634
10 58 87.9782
10 63 58.6162
10 66 8.07918
10 67 63.9878
10 70 97.0357
10 72 98.7825
10 88 9.01335
10 99 126.557
10 103 28.4807
10 104 2
10 106 31.9573
10 116 101.267
10 122 103.874
10 124 61.4784
10 136 60.1906
10 140 3.41568
10 145 93.4154
10 146 94.3576
10 147 86.4429
11 10 49.4108
11 15 56.1038
11 20 72.2264
11 23 50.0787
11 25 60.1884
11 38 114.065
11 40 39.8504
11 45 73.4135
11 47 24.7931
11 49 20.863
11 52 24.2607
11 59 145.972
11 62 103.309
11 77 70.9997
11 81 25.4287
11 82 21.3812
11 85 83.2928
11 87 26.0353
11 91 87.0946
11 100 90.4081
11 107 74.8384
11 113 59.5008
11 114 101.333
11 115 28.7764
11 117 39.2336
11 119 107.532
11 120 90.9904
11 121 75.8987
11 123 63.7725
11 131 96.7787
11 134 58.3236
11 137 87.3072
11 138 41.7386
11 142 11.3089
11 148 16.8244
12 2 90.8384
12 4 27.724
12 5 93.772
12 7 77.8534
12 11 45.3107
12 12 38.7477
12 13 50.694
12 21 68.5749
12 22 43.5235
12 30 88.4832
12 34 114.396
12 36 55.6169
12 42 30.8063
12 44 79.335
12 46 51.6924
12 51 20.9476
12 56 25.8557
12 57 13.3868
12 58 74.2391
12 67 82.3268
12 72 62.908
12 76 89.9923
12 79 3.05272
12 80 114.648
12 92 15.6086
12 99 99.0817
12 101 81.096
12 103 70.7097
12 116 111.486
12 122 92.1381
12 124 80.6719
12 125 19.2113
12 127 51.0718
12 129 62.1087
12 140 2.60382
12 144 124.12
12 146 85.4228
12 147 80.4379
12 149 28.5396
13 0 29.5442
13 2 117.146
13 4 32.6397
13 9 106.554
13 12 74.171
13 13 116.957
13 17 105.288
13 21 88.0573
13 22 28.2392
13 30 72.6506
13 34 101.613
13 35 38.5161
13 41 110.106
13 42 48.84
13 43 5.15615
13 48 33.7198
13 51 18.2133
13 65 77.2039
13 68 15.7132
13 69 2.78287
13 71 68.0736
13 73 6.81842
13 75 52.2253
13 76 47.2694
13 79 3.29712
13 80 116.523
13 83 13.8998
13 84 105.337
13 86 67.5782
13 92 19.1206
13 98 26.8857
13 101 57.9312
13 105 7.9629
13 109 14.5635
13 110 79.2821
13 112 19.7298
13 118 72.5124
13 125 53.197
13 127 28.3059
13 129 45.4895
13 133 28.2165
13 143 40.3852
13 144 109.02
13 149 40.4646
14 0 52.5897
14 2 84.8952
14 4 22.3947
14 5 63.195
14 7 48.519
14 9 105.022
14 11 31.3871
14 30 93.9794
14 31 89.154
14 34 117.36
14 35 27.1357
14 36 38.6707
14 39 77.71
14 42 31.5486
14 44 99.9131
14 48 36.6003
14 55 61.412
14 56 27.4192
14 58 106.958
14 63 82.4181
14 65 65.0562
14 66 17.9185
14 67 127.679
14 70 50.6006
14 72 89.6742
14 75 67.8687
14 80 109.665
14 86 66.2658
14 88 8.29637
14 99 65.4711
14 103 84.5904
14 104 2
14 110 65.5063
14 116 71.5107
14 129 80.6773
14 136 89.3286
14 140 3.42092
14 144 102.709
14 146 92.4013
14 149 34.9296
15 10 70.9296
15 14 33.2982
15 15 51.5626
15 16 51.3608
15 18 71.5107
15 19 20.5873
15 23 37.9224
15 25 93.968
15 26 41.8633
15 28 28.1444
15 29 57.2296
15 32 45.8645
15 33 52.6826
15 40 40.7281
15 45 85.3605
15 47 16.7435
15 49 33.4661
15 50 34.6192
15 61 64.5689
15 62 64.04
15 74 84.2387
15 77 58.5675
15 78 109.404
15 85 67.9464
15 89 67.8262
15 91 108.544
15 93 104.884
15 94 87.523
15 95 61.8847
15 102 45.4315
15 111 61.5645
15 114 82.7782
15 115 31.8949
15 120 104.212
15 121 68.6635
15 126 52.1473
15 131 81.2261
15 134 64.7162
15 135 57.1441
15 138 32.8999
15 141 2.16077
16 1 46.7215
16 24 25.9783
16 25 79.6009
16 28 53.6183
16 29 67.1028
16 40 58.3008
16 45 46.7724
16 52 24.7177
16 59 90.8622
16 60 112.837
16 61 50.007
16 62 82.0209
16 85 67.3653
16 91 122.044
16 93 59.7351
16 94 61.4206
16 96 65.8623
16 107 72.8265
16 108 73.998
16 111 51.6006
16 113 115.734
16 114 71.315
16 115 39.5163
16 119 135.252
16 123 119.638
16 126 43.2518
16 128 26.0623
16 132 66.9276
16 135 72.2495
16 139 45.4779
16 148 23.061
17 1 43.9131
17 3 80.555
17 6 61.4271
17 10 118.368
17 15 84.7081
17 20 79.8031
17 23 42.2964
17 28 46.9238
17 32 103.296
17 38 93.5993
17 45 68.7726
17 49 34.1124
17 52 25.14
17 62 89.3438
17 64 37.0857
17 74 83.3467
17 77 33.6181
17 81 47.3435
17 85 95.4101
17 89 67.6317
17 90 17.6718
17 91 86.0713
17 93 88.4292
17 95 34.1473
17 97 68.5924
17 100 67.963
17 102 44.6149
17 108 74.302
17 113 109.628
17 115 41.3371
17 120 84.0179
17 123 109.039
17 128 34.206
17 132 49.7925
17 134 60.9948
17 135 59.2456
17 137 97.5336
17 142 12.4783
17 148 33.3273
18 1 32.9061
18 3 108.242
18 6 58.0064
18 8 24.3965
18 20 89.9794
18 24 26.1758
18 37 43.4361
18 38 90.8663
18 52 23.271
18 53 47.0307
18 59 78.2147
18 60 84.0366
18 64 31.0538
18 81 20.0587
18 82 43.5132
18 87 18.4328
18 90 17.8697
18 96 56.3493
18 97 66.215
18 100 75.0061
18 107 76.4674
18 108 48.0289
18 113 62.2063
18 117 33.9089
18 119 107.402
18 123 62.9061
18 128 19.96
18 130 21.9797
18 132 43.7385
18 137 68.9841
18 139 40.2466
18 142 19.2877
18 148 25.2348
19 8 28.1383
19 14 44.8864
19 16 57.4317
19 18 49.4979
19 19 14.8513
19 24 37.093
19 25 65.2934
19 26 51.1228
19 29 57.2467
19 33 70.1772
19 37 83.7954
19 40 46.7599
19 47 18.8143
19 50 47.2666
19 53 69.6241
19 59 80.5693
19 60 69.8865
19 61 70.8914
19 78 123.618
19 82 26.9434
19 87 34.9869
19 94 79.2771
19 96 81.9714
19 107 55.9574
19 111 87.1167
19 114 70.3955
19 117 34.049
19 119 87.0679
19 121 63.2283
19 126 45.4482
19 130 25.9146
19 131 36.4739
19 138 51.7663
19 139 38.7985
19 141 2
20 0 26.9066
20 2 76.6547
20 4 30.9356
20 5 72.7371
20 7 47.2601
20 9 42.2257
20 11 39.2307
20 30 85.099
20 31 96.3758
20 34 89.7197
20 35 34.7172
20 36 43.6243
20 39 103.159
20 42 27.5606
20 44 56.3792
20 48 27.2381
20 55 49.306
20 56 37.4359
20 58 76.1915
20 63 70.6876
20 65 79.982
20 66 12.8442
20 67 71.821
20 70 51.9672
20 72 132.728
20 75 43.2973
20 80 106.131
20 86 72.0592
20 88 6.69346
20 99 99.9657
20 103 67.6983
20 104 2.28973
20 110 98.8785
20 116 84.142
20 129 91.1382
20 136 79.9595
20 140 4.21097
20 144 111.749
20 146 79.4624
20 149 41.6608
21 2 64.443
21 4 40.5404
21 5 111.198
21 7 50.4688
21 11 50.6279
21 12 62.5102
21 13 98.5968
21 21 92.0436
21 22 26.7342
21 30 85.4712
21 34 84.5686
21 36 42.1761
21 42 24.335
21 44 83.0131
21 46 97.9718
21 51 28.0923
21 56 33.9319
21 57 8.79991
21 58 83.9876
21 67 72.7872
21 72 87.3192
21 76 73.2551
21 79 3.21266
21 80 64.4989
21 92 13.8298
21 99 115.441
21 101 133.483
21 103 26.9584
21 116 72.0908
21 122 58.2056
21 124 69.0458
21 125 57.5244
21 127 21.6691
21 129 73.5752
21 140 3.83402
21 144 65.1782
21 146 45.2791
21 147 78.2904
21 149 40.577
22 8 45.0689
22 14 39.6416
22 16 39.0022
22 20 79.2203
22 24 16.0039
22 25 70.6283
22 29 85.7785
22 37 35.1539
22 40 54.1575
22 47 23.0009
22 49 16.2925
22 52 26.9724
22 59 83.6854
22 61 56.7859
22 62 67.585
22 64 33.3607
22 87 27.0815
22 91 124.209
22 96 56.0936
22 97 89.3567
22 108 75.5513
22 114 95.0972
22 115 41.501
22 119 116.153
22 123 97.0285
22 134 77.6228
22 137 56.3779
22 138 47.3083
22 139 56.7348
22 142 12.4645
23 1 24.8311
23 3 57.8657
23 6 92.2475
23 10 113.352
23 15 67.2593
23 20 111.1
23 23 30.4203
23 28 90.0235
23 32 90.0186
23 38 55.1075
23 45 52.925
23 49 54.5248
23 52 28.5205
23 62 110.673
23 64 45.0928
23 74 63.6893
23 77 54.4219
23 81 27.7623
23 85 96.3173
23 89 60.518
23 90 13.2977
23 91 76.9144
23 93 55.4978
23 95 50.3461
23 97 53.1605
23 100 67.9536
23 102 31.7376
23 108 80.5207
23 113 68.2413
23 115 30.9034
23 120 43.9147
23 123 96.4025
23 128 16.5259
23 132 79.3383
23 134 69.5472
23 135 71.2548
23 137 29.6
23 142 13.054
23 148 22.0395
24 4 33.9804
24 5 84.0952
24 7 57.5567
24 13 75.7934
24 22 21.924
24 27 39.904
24 30 67.5481
24 35 33.8789
24 42 41.0685
24 44 100.771
24 46 92.5652
24 51 23.3847
24 54 59.8971
24 58 103.76
24 63 66.2436
24 65 91.65
24 66 14.5545
24 68 18.4538
24 71 45.4778
24 72 55.5624
24 76 74.4648
24 79 2.46937
24 84 113.583
24 86 36.0147
24 98 17.2961
24 103 74.5336
24 104 2.31445
24 105 21.4654
24 106 33.6672
24 112 54.333
24 118 48.3326
24 124 98.9297
24 125 45.256
24 127 32.431
24 129 48.2488
24 140 3.8971
24 143 16.721
24 144 54.7934
24 146 71.3896
24 149 42.3536
25 1 25.3902
25 3 83.8474
25 6 77.3544
25 8 40.0908
25 14 19.496
25 16 70.0101
25 18 25.681
25 19 24.3297
25 24 28.0124
25 26 46.3105
25 28 82.5058
25 29 73.7452
25 32 138.13
25 33 46.1004
25 37 41.348
25 50 42.4462
25 53 57.5146
25 60 80.6755
25 61 75.7209
25 64 24.6767
25 74 97.4953
25 78 64.5207
25 89 52.4789
25 90 19.5858
25 93 62.6642
25 94 51.567
25 95 36.7797
25 96 78.2501
25 97 84.2943
25 102 51.9125
25 108 80.2875
25 111 62.4418
25 126 26.8703
25 128 27.0734
25 130 22.1526
25 132 69.6837
25 135 69.4413
25 139 44.2757
25 141 2
26 1 47.0415
26 24 27.7614
26 25 67.7664
26 28 68.3767
26 29 72.3849
26 40 31.7993
26 45 62.7785
26 52 22.9447
26 59 88.0376
26 60 71.5889
26 61 81.1202
26 62 61.7796
26 85 76.0307
26 91 146.078
26 93 121.891
26 94 73.0352
26 96 78.4607
26 107 40.3298
26 108 84.9372
26 111 64.3308
26 113 91.0293
26 114 66.3401
26 115 42.8147
26 119 114.665
26 123 128.934
26 126 25.4884
26 128 29.3413
26 132 65.3012
26 135 60.4562
26 139 59.2049
26 148 32.0411
27 0 43.6651
27 2 60.4232
27 4 45.6716
27 9 95.2913
27 12 39.8326
27 13 72.5279
27 17 83.246
27 21 91.2077
27 22 39.7185
27 30 88.7012
27 34 61.5413
27 35 22.3728
27 41 76.0768
27 42 18.2761
27 43 5.38674
27 48 35.172
27 51 37.9305
27 65 63.0066
27 68 14.5869
27 69 2.04719
27 71 61.5524
27 73 4.49213
27 75 70.0444
27 76 52.9085
27 79 3.49371
27 80 129.43
27 83 10.9464
27 84 95.7021
27 86 87.9201
27 92 13.7714
27 98 28.2448
27 101 102.879
27 105 19.5485
27 109 17.3315
27 110 84.2402
27 112 47.1398
27 118 49.5815
27 125 56.5679
27 127 45.9511
27 129 78.7626
27 133 41.5527
27 143 49.9289
27 144 122.682
27 149 49.2171
28 1 50.0176
28 3 101.122
28 6 61.317
28 10 81.327
28 15 88.8677
28 18 62.2844
28 19 21.132
28 23 47.7902
28 26 48.8441
28 28 62.6937
28 32 106.561
28 33 38.4619
28 38 99.1427
28 45 81.0698
28 50 32.3949
28 53 61.639
28 60 84.8259
28 74 50.242
28 77 36.2806
28 78 83.1637
28 81 15.7359
28 82 24.5587
28 85 98.5941
28 89 52.1383
28 90 18.5738
28 93 128.958
28 94 48.6149
28 95 51.4755
28 100 101.502
28 102 62.4442
28 107 75.0155
28 111 59.4859
28 113 68.5633
28 117 31.9302
28 120 69.3279
28 121 96.6068
28 126 46.2965
28 128 25.0315
28 130 24.2426
28 131 136.215
28 132 57.1806
28 135 51.5233
28 141 2.30312
28 148 25.7124
29 5 92.5621
29 7 45.2063
29 11 42.8653
29 27 37.2269
29 31 93.2926
29 36 62.2473
29 39 99.2936
29 44 67.6343
29 46 100.682
29 54 82.348
29 55 34.4474
29 56 30.8199
29 57 15.0617
29 58 58.495
29 63 102.912
29 66 14.6643
29 67 82.3235
29 70 65.0571
29 72 82.0794
29 88 7.00607
29 99 95.7187
29 103 54.1494
29 104 2
29 106 32.5325
29 116 99.1626
29 122 94.8832
29 124 89.0713
29 136 94.356
29 140 3.89486
29 145 110.973
29 146 92.2498
29 147 97.4448
30 0 29.0653
30 2 88.5652
30 4 37.6367
30 5 89.4159
30 7 53.7869
30 9 77.5963
30 11 35.9976
30 30 87.5545
30 31 79.1951
30 34 102.958
30 35 31.1787
30 36 65.1323
30 39 98.2858
30 42 35.2313
30 44 90.8641
30 48 40.8447
30 55 45.5393
30 56 48.3155
30 58 97.4918
30 63 68.0983
30 65 72.7888
30 66 7.48503
30 67 68.949
30 70 70.4546
30 72 75.1506
30 75 78.6363
30 80 66.8311
30 86 56.3376
30 88 8.56898
30 99 69.4524
30 103 50.6901
30 104 2.08002
30 110 55.7363
30 116 72.3245
30 129 29.777
30 136 94.3094
30 140 3.89023
30 144 106.896
30 146 96.7269
30 149 21.1807
31 0 48.1521
31 2 76.082
31 4 32.8448
31 9 100.127
31 12 19.7895
31 13 99.0107
31 17 82.7808
31 21 58.5908
31 22 29.0458
31 30 64.0465
31 34 84.3974
31 35 46.9992
31 41 91.1329
31 42 44.2054
31 43 6.7588
31 48 49.4146
31 51 30.8816
31 65 55.3137
31 68 18.2449
31 69 2.8249
31 71 66.1576
31 73 5.53787
31 75 84.7628
31 76 102.228
31 79 3.06082
31 80 94.6163
31 83 16.9829
31 84 44.2794
31 86 48.6092
31 92 11.9319
31 98 33.8669
31 101 81.0172
31 105 20.6723
31 109 18.5026
31 110 36.1634
31 112 60.1932
31 118 38.1449
31 125 32.7198
31 127 40.7355
31 129 75.4086
31 133 49.5446
31 143 44.428
31 144 109.797
31 149 37.5045
32 1 13.4243
32 24 24.8559
32 25 66.1159
32 28 49.7907
32 29 56.0695
32 40 66.8504
32 45 63.5719
32 52 37.4083
32 59 89.6483
32 60 97.9213
32 61 73.1662
32 62 94.8515
32 85 51.103
32 91 133.841
32 93 115.858
32 94 76.2313
32 96 77.2962
32 107 66.254
32 108 41.4403
32 111 75.7365
32 113 112.237
32 114 73.0379
32 115 27.7255
32 119 92.9896
32 123 78.6047
32 126 29.9099
32 128 23.6379
32 132 88.8116
32 135 65.3651
32 139 43.0575
32 148 11.8262
33 0 30.128
33 2 78.4774
33 5 93.3554
33 7 56.1908
33 12 68.2394
33 17 84.0291
33 21 114.783
33 27 24.3755
33 30 34.5073
33 34 112.395
33 35 20.6978
33 36 59.1187
33 41 79.3564
33 43 5.30596
33 51 17.2675
33 57 18.1147
33 65 61.2821
33 67 84.3433
33 75 69.8539
33 79 2.5891
33 83 17.1399
33 84 40.0816
33 92 18.4197
33 98 23.3978
33 101 104.319
33 103 50.424
33 104 2
33 106 23.5323
33 110 57.2403
33 116 51.2461
33 127 43.8352
33 133 40.3014
33 136 109.77
33 143 28.7334
33 145 65.8459
34 1 36.6558
34 3 56.7061
34 6 80.136
34 8 32.9403
34 20 108.713
34 24 28.1121
34 37 52.518
34 38 111.134
34 52 28.0468
34 53 87.3163
34 59 102.305
34 60 82.4083
34 64 32.0438
34 81 25.0242
34 82 22.8971
34 87 30.1597
34 90 11.5825
34 96 56.2698
34 97 43.6761
34 100 65.5966
34 107 48.4302
34 108 97.8803
34 113 95.2609
34 117 37.6853
34 119 36.8605
34 123 115.807
34 128 19.824
34 130 18.5235
34 132 91.7919
34 137 71.2593
34 139 51.8466
34 142 14.0103
34 148 26.2895
35 10 93.608
35 15 104.676
35 20 143.469
35 23 26.5863
35 25 71.8787
35 38 70.2906
35 40 60.1219
35 45 64.1193
35 47 8.42604
35 49 32.4256
35 52 33.9922
35 59 108.197
35 62 90.7682
35 77 47.5677
35 81 23.8799
35 82 24.4941
35 85 60.1718
35 87 26.3292
35 91 87.7951
35 100 77.3903
35 107 40.2967
35 113 110.439
35 114 62.8086
35 115 37.376
35 117 48.6619
35 119 119.233
35 120 94.6823
35 121 49.223
35 123 81.753
35 131 60.4395
35 134 58.4257
35 137 111.504
35 138 33.6253
35 142 10.1508
35 148 21.7113
36 8 49.0499
36 14 33.9218
36 16 41.1775
36 20 99.4285
36 24 19.8584
36 25 45.6977
36 29 65.2728
36 37 60.9729
36 40 52.5787
36 47 26.7157
36 49 34.8949
36 52 7.43849
36 59 78.6525
36 61 60.2872
36 62 96.7817
36 64 41.405
36 87 21.3979
36 91 86.9046
36 96 46.2728
36 97 44.6386
36 108 88.42
36 114 79.991
36 115 38.8668
36 119 107.743
36 123 117.855
36 134 43.4829
36 137 95.5417
36 138 45.9775
36 139 53.435
36 142 13.6276
37 1 45.5052
37 3 114.925
37 6 115.297
37 10 74.0358
37 15 66.9788
37 20 98.6421
37 23 49.6447
37 28 67.7805
37 32 94.5486
37 38 118.879
37 45 55.3938
37 49 41.1269
37 52 22.9522
37 62 74.0853
37 64 31.7201
37 74 64.5668
37 77 70.6695
37 81 28.8354
37 85 102.786
37 89 69.2283
37 90 13.7685
37 91 71.4941
37 93 113.836
37 95 51.5695
37 97 59.8996
37 100 82.4362
37 102 44.6911
37 108 81.1088
37 113 95.811
37 115 40.4715
37 120 59.4714
37 123 141.875
37 128 22.6006
37 132 46.6768
37 134 58.5722
37 135 59.7539
37 137 94.3118
37 142 13.1446
37 148 31.1488
38 10 81.0779
38 15 61.0258
38 20 107.642
38 23 48.2712
38 25 67.415
38 38 132.827
38 40 42.0875
38 45 72.9817
38 47 29.1597
38 49 37.9531
38 52 28.3263
38 59 78.208
38 62 117.928
38 77 68.1424
38 81 34.2803
38 82 32.2836
38 85 62.3303
38 87 27.4509
38 91 82.7236
38 100 87.9854
38 107 60.5391
38 113 75.6661
38 114 62.9288
38 115 27.3241
38 117 29.284
38 119 83.6275
38 120 119.513
38 121 74.7818
38 123 152.345
38 131 73.9844
38 134 29.3195
38 137 71.6718
38 138 35.1525
38 142 15.9882
38 148 30.0246
39 8 40.7424
39 14 22.6554
39 16 47.0772
39 18 32.4981
39 19 9.12598
39 24 38.8204
39 25 59.1534
39 26 43.9508
39 29 80.7362
39 33 59.6867
39 37 56.0096
39 40 36.89
39 47 40.9679
39 50 34.7019
39 53 53.0391
39 59 109.479
39 60 101.917
39 61 86.887
39 78 64.1443
39 82 29.9157
39 87 27.3369
39 94 81.4569
39 96 68.9904
39 107 40.8595
39 111 55.7555
39 114 51.7174
39 117 28.5254
39 119 80.0842
39 121 48.7343
39 126 55.3281
39 130 24.5588
39 131 94.7575
39 138 36.8361
39 139 54.352
39 141 2.3092
40 0 34.4254
40 2 112.741
40 4 32.7656
40 5 78.131
40 7 40.371
40 9 123.033
40 11 54.4974
40 30 110.638
40 31 133.533
40 34 75.0163
40 35 20.808
40 36 55.2414
40 39 116.931
40 42 31.1828
40 44 104.54
40 48 31.0788
40 55 55.3194
40 56 36.2223
40 58 73.4443
40 63 53.203
40 65 53.3941
40 66 12.2927
40 67 78.7709
40 70 92.3884
40 72 95.2935
40 75 65.5716
40 80 121.038
40 86 81.7264
40 88 10.8558
40 99 87.6809
40 103 88.6292
40 104 2
40 110 47.2017
40 116 83.4779
40 129 78.975
40 136 75.5502
40 140 4.18853
40 144 119.313
40 146 61.1976
40 149 39.1262
41 1 25.5321
41 3 83.8562
41 6 86.5757
41 10 96.1001
41 15 60.4162
41 18 56.405
41 19 14.365
41 23 58.6907
41 26 45.051
41 28 38.3052
41 32 98.1969
41 33 59.4209
41 38 65.8273
41 45 46.2626
41 50 35.7466
41 53 52.8487
41 60 82.6417
41 74 73.3531
41 77 63.148
41 78 82.1159
41 81 24.5036
41 82 33.2
41 85 89.1444
41 89 55.035
41 90 19.8284
41 93 145.754
41 94 69.8971
41 95 29.8283
41 100 48.7237
41 102 36.6564
41 107 58.5792
41 111 65.6249
41 113 104.408
41 117 39.2665
41 120 90.8787
41 121 71.1044
41 126 33.5446
41 128 16.2721
41 130 20.6101
41 131 97.3644
41 132 45.7253
41 135 43.8113
41 141 2.49706
41 148 43.3626
42 4 38.0153
42 5 86.7545
42 7 65.0531
42 13 59.7604
42 22 27.7017
42 27 38.8257
42 30 92.9931
42 35 26.9253
42 42 32.443
42 44 86.8138
42 46 85.2679
42 51 27.0896
42 54 63.9134
42 58 116.574
42 63 85.7555
42 65 55.0112
42 66 12.1029
42 68 17.7575
42 71 17.3664
42 72 122.397
42 76 85.6156
42 79 3.75307
42 84 81.7949
42 86 88.9121
42 98 27.5014
42 103 65.2908
42 104 2
42 105 14.683
42 106 29.5415
42 112 35.4183
42 118 63.8339
42 124 82.388
42 125 22.8269
42 127 34.741
42 129 60.0793
42 140 3.21729
42 143 36.0482
42 144 109.869
42 146 52.8745
42 149 49.8423
43 1 34.1107
43 24 12.5902
43 25 86.0577
43 28 49.591
43 29 62.5758
43 40 40.2505
43 45 64.0485
43 52 29.0907
43 59 102.234
43 60 52.4969
43 61 82.3722
43 62 77.7034
43 85 123.817
43 91 100.574
43 93 99.8478
43 94 62.0046
43 96 54.0533
43 107 46.8852
43 108 41.2023
43 111 54.2968
43 113 99.5946
43 114 94.5136
43 115 43.0275
43 119 115.786
43 123 95.0367
43 126 35.8655
43 128 18.5095
43 132 92.058
43 135 74.2439
43 139 56.0585
43 148 28.0058
44 8 31.8429
44 14 47.4009
44 16 56.3393
44 18 56.8159
44 19 12.0791
44 24 20.9
44 25 79.1273
44 26 31.4345
44 29 66.449
44 33 71.4513
44 37 50.005
44 40 56.1643
44 47 30.1726
44 50 44.136
44 53 59.228
44 59 104.732
44 60 75.3817
44 61 76.2086
44 78 102.783
44 82 17.3205
44 87 22.1853
44 94 85.6804
44 96 72.5492
44 107 35.412
44 111 46.0692
44 114 99.7032
44 117 42.4363
44 119 58.9901
44 121 102.757
44 126 35.5669
44 130 30.5378
44 131 112.33
44 138 23.4254
44 139 43.9807
44 141 2
45 0 50.5066
45 2 66.1111
45 9 74.2972
45 11 25.9417
45 12 60.7628
45 17 52.1401
45 21 100.035
45 31 85.4121
45 34 115.942
45 36 52.1028
45 39 92.671
45 41 101.719
45 43 2.65224
45 48 25.9628
45 55 48.8439
45 56 55.1507
45 57 15.6646
45 67 56.6141
45 69 2.99052
45 70 83.0341
45 73 6.53714
45 75 82.7169
45 80 71.1672
45 83 13.0217
45 88 9.68593
45 92 11.9878
45 99 103.398
45 101 56.4826
45 109 18.3551
45 110 60.042
45 116 93.7187
45 122 68.5753
45 133 61.8924
45 136 95.3802
45 145 82.2221
45 147 53.7476
46 5 84.4013
46 7 43.0496
46 11 34.8579
46 27 38.0409
46 31 87.0628
46 36 29.2178
46 39 56.3584
46 44 86.9857
46 46 70.6299
46 54 72.1119
46 55 64.4287
46 56 44.1132
46 57 17.2525
46 58 84.2636
46 63 80.1812
46 66 11.9401
46 67 65.182
46 70 93.7448
46 72 111.962
46 88 9.30495
46 99 98.0268
46 103 58.4694
46 104 2.00679
46 106 31.4733
46 116 95.2525
46 122 95.4191
46 124 54.0487
46 136 47.4194
46 140 4.16604
46 145 89.2912
46 146 46.3546
46 147 52.9354
47 0 48.8103
47 2 79.7586
47 4 33.338
47 9 72.4025
47 12 44.2703
47 13 77.2437
47 17 63.4765
47 21 74.2118
47 22 16.0754
47 30 70.5129
47 34 107.919
47 35 34.8736
47 41 98.6339
47 42 45.7869
47 43 6.80506
47 48 23.072
47 51 43.3691
47 65 61.6115
47 68 13.2511
47 69 3.53701
47 71 78.9702
47 73 5.36395
47 75 52.5645
47 76 76.6399
47 79 2.4904
47 80 69.6415
47 83 20.0332
47 84 81.8473
47 86 87.5986
47 92 7.94479
47 98 26.6913
47 101 84.5902
47 105 17.4776
47 109 19.8451
47 110 58.0418
47 112 48.6589
47 118 53.4578
47 125 46.2387
47 127 43.0582
47 129 88.2182
47 133 74.8989
47 143 60.1519
47 144 95.907
47 149 26.2789
48 0 28.144
48 2 81.4593
48 5 87.5122
48 7 57.3788
48 12 77.7834
48 17 67.7264
48 21 69.322
48 27 27.7695
48 30 55.8239
48 34 100.033
48 35 40.7291
48 36 46.7705
48 41 72.8361
48 43 6.25283
48 51 22.756
48 57 7.86842
48 65 67.9478
48 67 74.2148
48 75 74.7031
48 79 2.92656
48 83 7.32415
48 84 110.876
48 92 12.2655
48 98 31.0553
48 101 81.5467
48 103 73.4978
48 104 2
48 106 36.1207
48 110 45.4322
48 116 100.896
48 127 64.8852
48 133 58.3743
48 136 100.692
48 143 47.9115
48 145 101.16
49 0 39.3096
49 2 85.4055
49 4 29.7415
49 5 59.5864
49 7 53.0337
49 9 112.489
49 11 42.6672
49 30 71.3936
49 31 67.4442
49 34 88.4882
49 35 35.8215
49 36 59.8367
49 39 118.678
49 42 34.3926
49 44 92.1795
49 48 42.9534
49 55 58.5637
49 56 35.446
49 58 68.7774
49 63 75.8647
49 65 73.1911
49 66 11.803
49 67 71.1568
49 70 88.0442
49 72 89.004
49 75 79.8338
49 80 111.416
49 86 76.5708
49 88 10.1497
49 99 93.2803
49 103 70.3161
49 104 2.40606
49 110 78.5209
49 116 86.0342
49 129 95.9419
49 136 84.7336
49 140 3.98449
49 144 118.543
49 146 114.854
49 149 41.7762
50 3 130.466
50 6 81.7631
50 8 30.3218
50 10 76.6634
50 14 37.6358
50 15 97.4205
50 16 29.0515
50 18 49.3983
50 19 14.9827
50 20 83.2936
50 23 40.6366
50 26 46.1294
50 32 139.077
50 33 68.1039
50 37 32.467
50 38 86.9531
50 47 32.7034
50 49 22.1015
50 50 56.5109
50 53 39.1889
50 64 25.3301
50 74 52.2172
50 77 37.9688
50 78 99.5099
50 81 36.116
50 82 26.7509
50 87 22.3023
50 89 45.3678
50 90 14.1703
50 95 18.9405
50 97 65.3004
50 100 52.1373
50 102 54.0462
50 117 36.0795
50 120 66.558
50 121 102.415
50 130 20.2502
50 131 110.606
50 134 56.5129
50 137 80.2748
50 138 31.6975
50 141 2.03078
50 142 15.7177
51 1 30.2271
51 3 96.8127
51 6 113.323
51 10 130.513
51 15 109.376
51 20 88.9986
51 23 44.0669
51 28 67.4542
51 32 71.9284
51 38 104.816
51 45 69.6064
51 49 31.4557
51 52 16.6482
51 62 81.2723
51 64 36.7556
51 74 50.7931
51 77 62.1888
51 81 36.3332
51 85 81.5948
51 89 63.6564
51 90 23.1553
51 91 80.3818
51 93 136.814
51 95 26.7838
51 97 51.7222
51 100 84.152
51 102 38.0816
51 108 77.2063
51 113 64.5562
51 115 37.9127
51 120 68.4755
51 123 125.592
51 128 24.0545
51 132 56.8035
51 134 71.9211
51 135 69.8388
51 137 87.5717
51 142 17.6667
51 148 29.2116
52 0 44.9985
52 2 98.3095
52 5 77.7941
52 7 38.2378
52 12 58.1943
52 17 81.7278
52 21 78.2293
52 27 24.4436
52 30 88.7526
52 34 105.233
52 35 25.3764
52 36 60.5005
52 41 77.5478
52 43 6.37237
52 51 27.5631
52 57 9.46513
52 65 57.0618
52 67 152.167
52 75 76.362
52 79 2.76488
52 83 11.2121
52 84 102.39
52 92 17.8655
52 98 27.6746
52 101 111.25
52 103 69.3225
52 104 2.01603
52 106 23.9446
52 110 49.7072
52 116 108.85
52 127 45.4762
52 133 49.1413
52 136 87.095
52 143 28.7707
52 145 85.9311
53 1 35.0825
53 3 102.959
53 6 60.5243
53 10 90.9226
53 15 87.5921
53 18 56.7022
53 19 12.8027
53 23 50.1888
53 26 71.8371
53 28 71.6707
53 32 120.64
53 33 57.3715
53 38 103.329
53 45 81.6542
53 50 37.7787
53 53 61.9047
53 60 104.388
53 74 79.5238
53 77 48.4246
53 78 110.58
53 81 37.2945
53 82 31.886
53 85 88.5965
53 89 36.0226
53 90 22.6094
53 93 89.4712
53 94 110.209
53 95 54.6316
53 100 50.9525
53 102 54.7765
53 107 55.6848
53 111 46.0561
53 113 124.421
53 117 12.0987
53 120 91.9661
53 121 72.6517
53 126 24.89
53 128 18.6773
53 130 21.3084
53 131 96.0961
53 132 50.0373
53 135 61.7075
53 141 2
53 148 29.7725
54 2 74.5665
54 4 27.9513
54 5 110.814
54 7 86.8458
54 11 55.1691
54 12 55.556
54 13 72.1531
54 21 87.0013
54 22 30.3403
54 30 54.0403
54 34 64.8725
54 36 70.1072
54 42 42.4401
54 44 57.2608
54 46 87.4812
54 51 24.3831
54 56 30.1487
54 57 8.53464
54 58 36.7114
54 67 106.219
54 72 92.9285
54 76 83.8674
54 79 2.16741
54 80 104.354
54 92 18.5924
54 99 16.81
54 101 62.7692
54 103 46.343
54 116 102.468
54 122 60.7808
54 124 106.203
54 125 62.5674
54 127 41.4394
54 129 78.2419
54 140 3.40932
54 144 94.6543
54 146 72.435
54 147 83.3236
54 149 26.4024
55 4 51.6174
55 9 120.269
55 11 34.1778
55 13 110.263
55 22 20.7176
55 31 93.7479
55 39 116.32
55 42 34.5499
55 44 73.958
55 46 87.8611
55 48 27.8937
55 54 73.136
55 55 14.728
55 56 39.3045
55 58 43.8544
55 63 76.6755
55 66 6.62418
55 68 20.0385
55 69 2.61333
55 70 82.4078
55 71 63.228
55 72 93.9499
55 73 4.47806
55 76 72.6716
55 80 101.978
55 86 66.769
55 88 10.9939
55 99 84.6671
55 105 16.4993
55 109 16.3021
55 112 32.5284
55 118 41.3821
55 122 93.3057
55 124 56.8277
55 125 53.5096
55 129 75.9488
55 140 3.80651
55 144 113.543
55 146 87.222
55 147 91.1312
55 149 33.5852
56 0 26.064
56 2 67.8485
56 9 121.348
56 11 62.0732
56 12 53.1122
56 17 71.8332
56 21 113.528
56 31 77.0405
56 34 117.069
56 36 67.8691
56 39 94.6607
56 41 81.9814
56 43 8.05916
56 48 26.4104
56 55 44.0416
56 56 22.5557
56 57 12.3892
56 67 69.8856
56 69 4.03726
56 70 80.4735
56 73 4.2354
56 75 84.5376
56 80 95.1523
56 83 17.5987
56 88 9.85689
56 92 16.2959
56 99 51.3291
56 101 135.896
56 109 10.8772
56 110 76.415
56 116 42.7523
56 122 96.3329
56 133 51.8208
56 136 91.9783
56 145 75.3179
56 147 76.1224
57 0 33.2771
57 2 119.302
57 9 83.3504
57 11 43.7492
57 12 64.4281
57 17 61.8847
57 21 65.6939
57 31 91.9285
57 34 77.9
57 36 23.8752
57 39 81.5535
57 41 94.5067
57 43 4.30367
57 48 32.7682
57 55 45.2265
57 56 34.5427
57 57 21.3847
57 67 138.479
57 69 2.56612
57 70 96.5214
57 73 5.17968
57 75 41.4619
57 80 111.66
57 83 20.3599
57 88 7.87157
57 92 18.197
57 99 89.7183
57 101 59.295
57 109 21.0353
57 110 72.2335
57 116 113.767
57 122 71.3704
57 133 67.247
57 136 96.5334
57 145 83.2553
57 147 63.7583
58 1 36.2178
58 3 111.836
58 6 45.3209
58 10 98.5947
58 15 71.1541
58 20 94.4573
58 23 53.4027
58 28 36.4944
58 32 73.0415
58 38 63.3875
58 45 89.6995
58 49 44.7161
58 52 22.0953
58 62 79.6604
58 64 39.8305
58 74 93.4081
58 77 43.9604
58 81 30.5583
58 85 98.9494
58 89 41.4514
58 90 23.6464
58 91 108.406
58 93 92.3331
58 95 29.4918
58 97 66.8665
58 100 46.353
58 102 50.2648
58 108 92.6374
58 113 109.765
58 115 28.3276
58 120 96.7123
58 123 114.403
58 128 18.01
58 132 91.2107
58 134 80.2447
58 135 69.5936
58 137 69.8366
58 142 13.9842
58 148 29.1821
59 8 41.4824
59 14 31.7252
59 16 51.7112
59 18 43.1656
59 19 13.8334
59 24 22.709
59 25 82.8503
59 26 51.7179
59 29 50.284
59 33 54.5933
59 37 65.838
59 40 56.9888
59 47 15.5668
59 50 34.1546
59 53 56.75
59 59 114.578
59 60 79.4829
59 61 86.9954
59 78 118.683
59 82 31.1215
59 87 27.3883
59 94 59.3302
59 96 40.8396
59 107 49.8364
59 111 44.6394
59 114 82.9582
59 117 37.5264
59 119 69.5553
59 121 47.5467
59 126 49.6795
59 130 20.4425
59 131 94.8467
59 138 35.4926
59 139 70.8668
59 141 2
60 1 34.3162
60 3 35.3293
60 6 72.212
60 10 71.9196
60 15 105.762
60 18 49.5963
60 19 6.72031
60 23 39.7201
60 26 39.2987
60 28 38.2243
60 32 154.426
60 33 68.8811
60 38 97.0037
60 45 68.399
60 50 59.7004
60 53 39.2524
60 60 71.2864
60 74 81.5318
60 77 64.5417
60 78 96.6857
60 81 27.5531
60 82 21.324
60 85 85.0596
60 89 38.9244
60 90 14.6983
60 93 116.358
60 94 75.3551
60 95 66.0017
60 100 98.4036
60 102 60.3693
60 107 47.7305
60 111 87.2913
60 113 58.7796
60 117 28.0445
60 120 67.6791
60 121 65.9223
60 126 58.0426
60 128 23.3456
60 130 20.6556
60 131 78.8
60 132 77.1763
60 135 33.5621
60 141 2
60 148 32.2396
61 0 40.8743
61 2 86.5342
61 4 49.399
61 5 72.84
61 7 62.5705
61 9 133.652
61 11 33.8915
61 30 49.2623
61 31 89.0548
61 34 77.8738
61 35 36.6949
61 36 57.6951
61 39 98.8224
61 42 14.8875
61 44 71.6164
61 48 26.9499
61 55 54.499
61 56 50.2513
61 58 89.9171
61 63 66.2883
61 65 89.2756
61 66 8.95503
61 67 90.2619
61 70 76.5174
61 72 144.041
61 75 61.8458
61 80 87.7405
61 86 39.4942
61 88 9.6093
61 99 76.1291
61 103 59.5948
61 104 2
61 110 79.0414
61 116 156.024
61 129 79.6644
61 136 64.4867
61 140 5.10116
61 144 46.8332
61 146 62.8826
61 149 42.8126
62 5 68.6033
62 7 56.5804
62 11 39.1194
62 27 48.5252
62 31 69.662
62 36 71.7643
62 39 91.7875
62 44 93.4916
62 46 101.384
62 54 73.8235
62 55 62.8712
62 56 35.9973
62 57 14.263
62 58 59.7564
62 63 83.2497
62 66 8.45735
62 67 78.1279
62 70 66.673
62 72 125.875
62 88 7.5159
62 99 45.3055
62 103 54.7542
62 104 2
62 106 47.8087
62 116 63.9493
62 122 62.8847
62 124 54.2409
62 136 100.823
62 140 4.52782
62 145 115.299
62 146 67.0457
62 147 92.0995
63 0 38.7848
63 2 72.1923
63 9 76.6679
63 11 54.1194
63 12 54.2873
63 17 83.9088
63 21 83.0524
63 31 101.412
63 34 99.8928
63 36 37.8566
63 39 82.6451
63 41 64.6324
63 43 7.5526
63 48 44.3036
63 55 54.7981
63 56 43.8035
63 57 19.6589
63 67 78.1364
63 69 3.32829
63 70 77.7266
63 73 4.66543
63 75 77.4381
63 80 92.8466
63 83 15.1209
63 88 12.2715
63 92 12.6399
63 99 107.236
63 101 82.5799
63 109 19.2056
63 110 68.9565
63 116 26.7756
63 122 107.317
63 133 53.984
63 136 76.8445
63 145 89.6513
63 147 93.7266
64 10 35.7489
64 15 104.008
64 20 68.6792
64 23 47.161
64 25 114.311
64 38 77.5508
64 40 31.7419
64 45 81.8356
64 47 21.7841
64 49 34.7052
64 52 27.4386
64 59 73.428
64 62 90.7176
64 77 59.4224
64 81 32.0593
64 82 21.4523
64 85 117.039
64 87 22.8993
64 91 96.7024
64 100 66.681
64 107 59.9861
64 113 95.1746
64 114 50.1729
64 115 37.9856
64 117 52.7075
64 119 87.066
64 120 68.9148
64 121 64.0898
64 123 68.6237
64 131 80.6796
64 134 66.9162
64 137 86.363
64 138 39.3606
64 142 14.9121
64 148 24.0759
65 12 59.3865
65 13 102.894
65 17 67.226
65 21 55.9409
65 22 28.9025
65 27 39.4386
65 41 86.6385
65 43 4.73644
65 46 109.04
65 51 34.7771
65 54 60.4324
65 57 12.6322
65 68 21.9174
65 69 2.81217
65 71 46.0109
65 73 4.81482
65 76 53.4852
65 79 3.00399
65 83 21.6665
65 84 50.8133
65 92 18.3488
65 98 31.8002
65 101 83.8262
65 105 14.827
65 106 36.6328
65 109 12.1639
65 112 32.4219
65 118 63.4356
65 122 90.3258
65 124 102.392
65 125 46.3995
65 127 36.5083
65 133 60.5096
65 143 45.7913
65 145 68.4392
65 147 54.8679
66 3 106.799
66 6 68.5568
66 8 39.1837
66 10 99.6039
66 14 39.6816
66 15 67.0455
66 16 42.1123
66 18 56.9349
66 19 16.4582
66 20 101.353
66 23 22.9613
66 26 53.9256
66 32 167.732
66 33 55.3655
66 37 64.1407
66 38 72.9625
66 47 25.9886
66 49 36.8754
66 50 49.2154
66 53 57.2573
66 64 44.879
66 74 52.5134
66 77 42.0157
66 78 122.766
66 81 32.2937
66 82 19.8429
66 87 23.0235
66 89 67.34
66 90 13.4674
66 95 38.4332
66 97 55.8981
66 100 68.4487
66 102 70.1956
66 117 32.0283
66 120 114.908
66 121 72.7036
66 130 18.4833
66 131 82.0164
66 134 68.6392
66 137 119.777
66 138 28.1071
66 141 2
66 142 14.7596
67 0 41.1628
67 2 109.917
67 4 27.992
67 9 86.3839
67 12 46.8967
67 13 60.0349
67 17 86.3203
67 21 68.4756
67 22 36.3338
67 30 49.2373
67 34 108.327
67 35 29.8252
67 41 85.2664
67 42 27.5557
67 43 8.75844
67 48 43.7085
67 51 18.2865
67 65 61.7063
67 68 14.9927
67 69 3.0687
67 71 68.6233
67 73 2.92247
67 75 54.2063
67 76 70.3394
67 79 2.86268
67 80 95.65
67 83 13.547
67 84 67.8966
67 86 76.7661
67 92 8.76904
67 98 26.2753
67 101 68.7114
67 105 21.6003
67 109 13.0049
67 110 77.5788
67 112 36.9157
67 118 45.6786
67 125 37.6332
67 127 33.736
67 129 50.4579
67 133 94.3276
67 143 41.7844
67 144 108.486
67 149 49.3555
68 8 50.5708
68 14 16.1153
68 16 46.1577
68 20 94.8898
68 24 24.8271
68 25 75.6397
68 29 71.1692
68 37 58.6013
68 40 54.4229
68 47 24.5838
68 49 27.0293
68 52 28.3306
68 59 141.988
68 61 74.5601
68 62 95.1105
68 64 29.0035
68 87 25.5891
68 91 88.5697
68 96 70.7946
68 97 34.7428
68 108 69.0125
68 114 85.7297
68 115 31.7414
68 119 107.275
68 123 71.6141
68 134 42.3526
68 137 49.2431
68 138 33.092
68 139 48.1976
68 142 15.1488
69 0 37.4744
69 2 64.9364
69 4 32.5721
69 5 82.5578
69 7 72.8991
69 9 72.4592
69 11 34.2851
69 30 96.8648
69 31 79.9269
69 34 119.285
69 35 17.9164
69 36 47.7905
69 39 101.997
69 42 33.2974
69 44 77.5294
69 48 26.3306
69 55 62.4525
69 56 23.3723
69 58 86.0129
69 63 82.2567
69 65 58.4352
69 66 8.7686
69 67 45.2924
69 70 63.0201
69 72 104.067
69 75 92.2418
69 80 95.665
69 86 75.174
69 88 12.484
69 99 94.3673
69 103 70.3054
69 104 2
69 110 64.1867
69 116 110.22
69 129 43.9991
69 136 129.132
69 140 3.64405
69 144 105.599
69 146 57.4656
69 149 27.1318
70 4 31.8419
70 5 91.4857
70 7 26.446
70 13 106.155
70 22 23.7369
70 27 33.2957
70 30 45.0298
70 35 40.1381
70 42 44.8989
70 44 62.7921
70 46 79.4279
70 51 25.6289
70 54 68.7744
70 58 79.7142
70 63 100.493
70 65 78.434
70 66 8.06697
70 68 19.888
70 71 93.7398
70 72 95.2874
70 76 46.556
70 79 3.55417
70 84 117.812
70 86 33.6786
70 98 33.1408
70 103 99.3897
70 104 2
70 105 14.7629
70 106 38.9716
70 112 36.3182
70 118 64.5732
70 124 53.4112
70 125 48.9613
70 127 36.1977
70 129 58.8957
70 140 3.24617
70 143 47.7827
70 144 82.6237
70 146 78.7279
70 149 26.8316
71 8 58.9391
71 14 18.1201
71 16 31.693
71 18 35.7683
71 19 14.2611
71 24 30.0703
71 25 95.9279
71 26 40.6677
71 29 86.6884
71 33 63.0669
71 37 73.8414
71 40 47.6407
71 47 14.0045
71 50 53.6773
71 53 78.1861
71 59 147.108
71 60 75.6825
71 61 62.318
71 78 91.8324
71 82 16.3971
71 87 24.4201
71 94 67.7174
71 96 59.96
71 107 61.8964
71 111 45.1082
71 114 83.7393
71 117 66.2975
71 119 100.447
71 121 57.0465
71 126 33.4854
71 130 26.3631
71 131 81.6034
71 138 37.089
71 139 31.3858
71 141 2.47186
72 4 35.1619
72 5 102.845
72 7 65.5857
72 13 86.8725
72 22 26.6341
72 27 47.5549
72 30 76.5263
72 35 34.722
72 42 40.5808
72 44 88.1124
72 46 82.8429
72 51 27.2837
72 54 58.561
72 58 52.2442
72 63 92.1326
72 65 80.3415
72 66 12.5989
72 68 16.7811
72 71 72.7914
72 72 82.8109
72 76 102.047
72 79 3.10057
72 84 89.2851
72 86 60.6022
72 98 16.8372
72 103 68.3022
72 104 2.32005
72 105 20.1358
72 106 24.943
72 112 39.7846
72 118 57.5539
72 124 58.2195
72 125 59.3038
72 127 39.3917
72 129 85.7239
72 140 4.41475
72 143 59.9786
72 144 139.316
72 146 45.9892
72 149 41.7888
73 4 32.5131
73 5 68.0092
73 7 50.5707
73 13 85.789
73 22 23.1232
73 27 49.5732
73 30 88.3295
73 35 37.8532
73 42 14.3201
73 44 90.3274
73 46 129.569
73 51 27.6734
73 54 79.2327
73 58 71.2946
73 63 80.5941
73 65 39.4165
73 66 7.89847
73 68 13.2362
73 71 73.2974
73 72 73.4959
73 76 48.475
73 79 3.22547
73 84 146.234
73 86 43.9291
73 98 24.25
73 103 69.774
73 104 2
73 105 27.2119
73 106 30.4995
73 112 44.4222
73 118 73.9716
73 124 69.4133
73 125 32.7021
73 127 52.6056
73 129 61.4634
73 140 3.57155
73 143 63.1096
73 144 118.186
73 146 104.296
73 149 26.5585
74 3 67.4262
74 6 68.1598
74 8 51.8446
74 10 134.282
74 14 33.6672
74 15 89.8946
74 16 40.7441
74 18 48.3693
74 19 12.9224
74 20 58.1228
74 23 43.6191
74 26 53.784
74 32 110.096
74 33 60.172
74 37 54.1584
74 38 122.183
74 47 32.3557
74 49 29.9114
74 50 35.2165
74 53 56.1951
74 64 28.7145
74 74 70.1862
74 77 42.7226
74 78 112.636
74 81 23.7392
74 82 41.6639
74 87 28.0253
74 89 58.9129
74 90 24.2776
74 95 62.491
74 97 84.3711
74 100 82.2976
74 102 50.7442
74 117 38.7933
74 120 97.7407
74 121 96.6158
74 130 21.6786
74 131 86.9044
74 134 84.7923
74 137 114.944
74 138 34.5489
74 141 2.3037
74 142 19.3193
75 12 62.1567
75 13 92.6167
75 17 71.6309
75 21 61.496
75 22 21.3555
75 27 61.506
75 41 72.2631
75 43 6.54773
75 46 84.8805
75 51 38.8846
75 54 79.4087
75 57 13.1664
75 68 12.5364
75 69 2.41885
75 71 56.8865
75 73 4.70111
75 76 58.7805
75 79 2.95622
75 83 14.8063
75 84 110.418
75 92 18.2467
75 98 22.5426
75 101 99.3564
75 105 19.9958
75 106 31.2578
75 109 12.6813
75 112 40.9805
75 118 59.4483
75 122 101.932
75 124 78.1111
75 125 65.3918
75 127 9.38138
75 133 60.0622
75 143 39.03
75 145 87.9687
75 147 66.7242
76 8 29.044
76 14 38.7819
76 16 49.9571
76 20 89.0957
76 24 28.7905
76 25 80.1867
76 29 74.3283
76 37 77.4763
76 40 63.3259
76 47 26.7575
76 49 47.5664
76 52 25.861
76 59 101.706
76 61 81.6668
76 62 87.7689
76 64 38.3706
76 87 38.4141
76 91 76.8747
76 96 58.2567
76 97 19.8361
76 108 35.9259
76 114 65.0964
76 115 14.9188
76 119 91.75
76 123 108.676
76 134 78.0108
76 137 90.4529
76 138 47.4081
76 139 35.3472
76 142 9.21749
77 0 44.0586
77 9 95.6025
77 17 77.9342
77 27 44.6229
77 31 49.5515
77 35 39.5297
77 39 124.936
77 41 75.1449
77 43 4.55922
77 48 33.5615
77 54 49.2181
77 55 32.4372
77 63 86.1332
77 65 52.892
77 66 11.2986
77 68 23.656
77 69 3.17719
77 70 85.5332
77 71 58.6535
77 73 4.43215
77 75 60.3916
77 83 12.2227
77 84 116.955
77 86 64.8563
77 88 9.94771
77 98 35.6067
77 104 2.40759
77 105 17.7717
77 106 27.811
77 109 19.885
77 110 68.2131
77 112 50.4172
77 118 54.9492
77 133 82.5679
77 136 55.122
77 143 44.6559
77 145 108.747
78 1 44.267
78 3 96.8209
78 6 51.7838
78 10 113.017
78 15 78.9861
78 18 53.6906
78 19 13.7208
78 23 43.9137
78 26 67.6375
78 28 69.0429
78 32 109.764
78 33 80.7135
78 38 92.6542
78 45 34.5176
78 50 32.1978
78 53 29.6802
78 60 61.8939
78 74 30.9528
78 77 71.3623
78 78 80.244
78 81 40.7163
78 82 28.116
78 85 104.082
78 89 38.1467
78 90 10.4811
78 93 130.997
78 94 87.6538
78 95 54.722
78 100 67.6836
78 102 55.4669
78 107 80.1287
78 111 48.337
78 113 69.091
78 117 28.0249
78 120 114.873
78 121 63.515
78 126 39.2514
78 128 20.8408
78 130 10.4016
78 131 97.6436
78 132 82.8388
78 135 65.0923
78 141 2
78 148 28.2957
79 0 35.3238
79 2 88.9718
79 9 59.2914
79 11 42.285
79 12 51.3735
79 17 76.0313
79 21 85.2428
79 31 93.426
79 34 57.9672
79 36 42.0767
79 39 92.6319
79 41 92.6489
79 43 9.14541
79 48 41.0661
79 55 53.1367
79 56 40.47
79 57 20.8533
79 67 83.2376
79 69 2.77474
79 70 85.4963
79 73 5.58825
79 75 36.653
79 80 122.357
79 83 16.1568
79 88 7.77337
79 92 15.8084
79 99 73.7173
79 101 123.703
79 109 12.9946
79 110 73.9438
79 116 76.6061
79 122 60.7258
79 133 42.1871
79 136 74.1099
79 145 103.741
79 147 80.4509
80 12 79.285
80 13 96.6033
80 17 54.1408
80 21 46.6874
80 22 23.5635
80 27 42.6895
80 41 122.97
80 43 6.45331
80 46 109.56
80 51 31.8963
80 54 81.4681
80 57 13.8123
80 68 16.4649
80 69 3.27456
80 71 42.7145
80 73 6.10847
80 76 96.0964
80 79 2.8401
80 83 22.4938
80 84 74.8536
80 92 15.3614
80 98 44.053
80 101 109.322
80 105 16.0407
80 106 24.4699
80 109 16.0494
80 112 47.8694
80 118 47.0401
80 122 83.3986
80 124 88.5626
80 125 43.8714
80 127 56.0303
80 133 69.568
80 143 44.4871
80 145 112.7
80 147 64.9369
81 4 47.8803
81 5 80.3545
81 7 75.2949
81 13 35.8341
81 22 25.8165
81 27 32.3743
81 30 75.8803
81 35 29.911
81 42 26.1454
81 44 65.8266
81 46 98.9038
81 51 11.049
81 54 81.1636
81 58 84.5925
81 63 82.2229
81 65 72.9992
81 66 6.78607
81 68 24.0289
81 71 87.8159
81 72 77.7034
81 76 96.9404
81 79 3.1221
81 84 128.278
81 86 62.8176
81 98 27.8146
81 103 64.274
81 104 2.25908
81 105 30.7271
81 106 29.549
81 112 51.1797
81 118 54.2632
81 124 91.9646
81 125 51.2418
81 127 35.4022
81 129 59.081
81 140 4.98763
81 143 43.8262
81 144 114.485
81 146 60.1974
81 149 31.6214
82 1 32.8454
82 3 117.533
82 6 57.4762
82 10 112.217
82 15 79.5019
82 20 80.2893
82 23 39.2036
82 28 52.6812
82 32 101.913
82 38 110.117
82 45 95.5084
82 49 42.0208
82 52 24.0874
82 62 59.691
82 64 26.5706
82 74 68.294
82 77 44.6536
82 81 29.9012
82 85 43.1379
82 89 46.1045
82 90 18.5824
82 91 38.0551
82 93 125.22
82 95 25.3635
82 97 76.4276
82 100 86.0594
82 102 54.8606
82 108 65.0699
82 113 75.7886
82 115 24.6904
82 120 62.0566
82 123 102.433
82 128 19.1482
82 132 66.8458
82 134 65.3164
82 135 44.6446
82 137 96.3417
82 142 11.5679
82 148 20.0357
83 1 32.8889
83 3 134.737
83 6 81.7109
83 8 40.4716
83 14 44.3062
83 16 50.4488
83 18 49.6809
83 19 11.351
83 24 16.7872
83 26 65.6605
83 28 71.9104
83 29 50.1029
83 32 80.4098
83 33 87.6481
83 37 34.35
83 50 23.2597
83 53 63.7562
83 60 119.751
83 61 77.8926
83 64 37.5821
83 74 85.4278
83 78 82.7593
83 89 51.2232
83 90 13.7208
83 93 132.454
83 94 25.3217
83 95 46.5685
83 96 70.0236
83 97 90.3625
83 102 32.0747
83 108 86.9742
83 111 53.8163
83 126 66.131
83 128 23.0372
83 130 20.1347
83 132 73.0324
83 135 100.085
83 139 43.233
83 141 2.14952
84 5 81.5657
84 7 58.0235
84 11 33.8898
84 27 46.9601
84 31 91.2393
84 36 49.6992
84 39 94.0831
84 44 102.656
84 46 86.0216
84 54 90.8587
84 55 55.1995
84 56 35.3652
84 57 18.7278
84 58 79.2505
84 63 102.781
84 66 12.6775
84 67 58.9683
84 70 84.1101
84 72 99.8746
84 88 7.48346
84 99 63.7493
84 103 54.4496
84 104 2.25128
84 106 26.7267
84 116 77.399
84 122 71.8438
84 124 81.3827
84 136 81.2828
84 140 4.29297
84 145 91.3745
84 146 122.46
84 147 57.3836
85 1 46.0935
85 3 42.4446
85 6 67.614
85 10 84.9859
85 15 63.7085
85 20 76.2276
85 23 39.3943
85 28 46.5451
85 32 108.626
85 38 64.6067
85 45 71.8688
85 49 44.3958
85 52 22.5803
85 62 95.0865
85 64 31.7709
85 74 64.9922
85 77 50.174
85 81 29.1017
85 85 87.3913
85 89 55.0475
85 90 17.9124
85 91 85.3054
85 93 119.293
85 95 34.4123
85 97 77.4555
85 100 113.304
85 102 64.8902
85 108 65.1052
85 113 74.2498
85 115 18.5996
85 120 102.316
85 123 78.2894
85 128 21.745
85 132 27.449
85 134 68.1193
85 135 96.7211
85 137 108.346
85 142 7.49815
85 148 31.2857
86 4 38.0752
86 5 86.1062
86 7 50.3897
86 13 93.0261
86 22 15.5791
86 27 29.0315
86 30 39.2984
86 35 24.587
86 42 20.8529
86 44 71.348
86 46 68.8953
86 51 31.7567
86 54 35.4953
86 58 92.5871
86 63 67.914
86 65 50.6312
86 66 10.3463
86 68 14.1832
86 71 60.9068
86 72 86.4294
86 76 74.932
86 79 3.15124
86 84 89.9153
86 86 47.8027
86 98 26.4177
86 103 78.3711
86 104 2.55153
86 105 18.9421
86 106 33.1114
86 112 52.2217
86 118 80.0656
86 124 67.6958
86 125 43.3008
86 127 20.2751
86 129 46.1591
86 140 3.93843
86 143 49.4684
86 144 128.806
86 146 72.319
86 149 30.3878
87 2 88.5492
87 4 37.5028
87 5 52.1658
87 7 76.3992
87 11 36.6279
87 12 55.2323
87 13 106.369
87 21 104.17
87 22 31.192
87 30 90.5801
87 34 89.7998
87 36 45.8075
87 42 37.4752
87 44 94.0233
87 46 62.7604
87 51 36.1672
87 56 40.9888
87 57 14.0855
87 58 105.412
87 67 99.2362
87 72 99.3506
87 76 56.8329
87 79 2.59914
87 80 92.7395
87 92 13.9563
87 99 96.5349
87 101 130.969
87 103 68.3316
87 116 59.2585
87 122 87.6233
87 124 73.6725
87 125 50.4332
87 127 20.5735
87 129 54.2452
87 140 3.17312
87 144 85.0299
87 146 71.6924
87 147 91.1748
87 149 35.5058
88 1 30.2828
88 3 77.0348
88 6 63.2084
88 10 110.704
88 15 114.75
88 20 43.4924
88 23 54.631
88 28 49.1153
88 32 104.388
88 38 119.426
88 45 75.3414
88 49 50.6037
88 52 12.0178
88 62 99.228
88 64 39.1713
88 74 64.6264
88 77 60.2417
88 81 20.4107
88 85 86.7484
88 89 64.8929
88 90 15.3167
88 91 115.237
88 93 144.521
88 95 52.9983
88 97 86.6514
88 100 93.594
88 102 49.4703
88 108 41.1834
88 113 69.2175
88 115 26.772
88 120 120.379
88 123 68.111
88 128 18.3841
88 132 46.7318
88 134 37.0881
88 135 64.0039
88 137 77.6855
88 142 18.0887
88 148 22.0732
89 1 39.2338
89 3 82.1919
89 6 51.3632
89 10 109.853
89 15 60.7013
89 18 50.4195
89 19 18.8045
89 23 39.7951
89 26 46.4869
89 28 66.402
89 32 93.9816
89 33 40.2015
89 38 123.657
89 45 24.8821
89 50 32.1351
89 53 43.765
89 60 106.835
89 74 56.095
89 77 47.77
89 78 125.739
89 81 37.0118
89 82 27.5884
89 85 93.8627
89 89 26.0742
89 90 13.91
89 93 155.383
89 94 61.1393
89 95 46.3092
89 100 87.4644
89 102 37.945
89 107 124.361
89 111 56.3353
89 113 113.409
89 117 32.5069
89 120 78.167
89 121 84.7699
89 126 44.3322
89 128 27.1588
89 130 16.0697
89 131 64.6338
89 132 67.874
89 135 56.3236
89 141 2
89 148 36.412
90 0 39.2258
90 9 93.677
90 17 38.2977
90 27 26.781
90 31 94.6686
90 35 27.6155
90 39 91.9007
90 41 110.263
90 43 8.2213
90 48 35.9202
90 54 124.626
90 55 49.4498
90 63 60.1389
90 65 64.6339
90 66 13.2037
90 68 20.0902
90 69 3.62095
90 70 84.8833
90 71 73.4076
90 73 4.36972
90 75 78.4906
90 83 10.7225
90 84 86.1474
90 86 31.167
90 88 9.14157
90 98 22.1577
90 104 2
90 105 23.0353
90 106 24.0963
90 109 20.932
90 110 85.2719
90 112 35.2674
90 118 34.5475
90 133 60.9189
90 136 94.8196
90 143 49.96
90 145 94.4158
91 2 113.97
91 4 39.1535
91 5 68.8127
91 7 64.52
91 11 37.4379
91 12 42.4318
91 13 85.9047
91 21 140.938
91 22 26.9805
91 30 80.909
91 34 71.9247
91 36 47.5806
91 42 28.4765
91 44 86.0901
91 46 73.0885
91 51 19.5184
91 56 42.4901
91 57 16.7968
91 58 62.7038
91 67 116.151
91 72 41.2188
91 76 54.0989
91 79 2.75533
91 80 127.9
91 92 12.1055
91 99 53.8183
91 101 117.008
91 103 30.6369
91 116 109.375
91 122 45.4448
91 124 95.6194
91 125 45.5643
91 127 32.1989
91 129 61.0726
91 140 4.86891
91 144 93.0717
91 146 75.1211
91 147 112.426
91 149 33.8962
92 0 24.674
92 2 131.541
92 5 61.714
92 7 60.2845
92 12 63.6596
92 17 77.5375
92 21 82.0091
92 27 28.3727
92 30 53.9162
92 34 65.7049
92 35 18.6767
92 36 54.5951
92 41 84.1871
92 43 6.57173
92 51 30.9303
92 57 17.7126
92 65 68.5379
92 67 84.1655
92 75 61.0252
92 79 3.19994
92 83 16.6269
92 84 60.6249
92 92 18.9598
92 98 22.0111
92 101 123.227
92 103 32.5851
92 104 2
92 106 31.6659
92 110 83.3051
92 116 109.904
92 127 54.3073
92 133 76.2687
92 136 58.6353
92 143 39.6906
92 145 99.5949
93 5 49.9372
93 7 65.8978
93 11 35.7156
93 27 39.649
93 31 68.2149
93 36 54.3661
93 39 58.255
93 44 96.7256
93 46 68.5311
93 54 25.0471
93 55 58.0218
93 56 43.7582
93 57 13.8947
93 58 73.0993
93 63 71.8926
93 66 13.2611
93 67 88.6661
93 70 103.709
93 72 73.9635
93 88 9.40571
93 99 88.0987
93 103 61.0962
93 104 2
93 106 19.4651
93 116 113.66
93 122 85.6132
93 124 85.1544
93 136 87.6209
93 140 2.58599
93 145 103.465
93 146 67.3388
93 147 85.6529
94 0 31.5023
94 9 85.1262
94 17 95.5196
94 27 44.3457
94 31 149.821
94 35 34.6114
94 39 87.1089
94 41 115.001
94 43 7.32383
94 48 45.6585
94 54 80.2238
94 55 64.0099
94 63 82.7498
94 65 41.1879
94 66 11.0239
94 68 28.056
94 69 3.51953
94 70 68.3025
94 71 76.6702
94 73 4.69151
94 75 75.6948
94 83 20.2896
94 84 115.289
94 86 63.433
94 88 2.63347
94 98 22.3937
94 104 2.00282
94 105 22.7259
94 106 24.2529
94 109 17.4047
94 110 62.4357
94 112 26.6177
94 118 67.6675
94 133 51.8597
94 136 90.5141
94 143 43.6064
94 145 120.846
95 0 27.2964
95 2 69.651
95 4 32.8714
95 9 92.4196
95 12 59.4797
95 13 72.4169
95 17 80.3898
95 21 82.0611
95 22 29.7267
95 30 57.6171
95 34 93.3401
95 35 27.2991
95 41 78.2517
95 42 38.3468
95 43 8.83873
95 48 26.5239
95 51 27.826
95 65 45.0495
95 68 19.4972
95 69 3.34766
95 71 77.3336
95 73 3.49503
95 75 62.1514
95 76 51.3147
95 79 2.74965
95 80 104.899
95 83 13.3926
95 84 97.1132
95 86 46.6618
95 92 15.9145
95 98 26.4317
95 101 86.5868
95 105 13.6239
95 109 14.5811
95 110 56.1582
95 112 31.3526
95 118 51.6346
95 125 49.2881
95 127 55.3405
95 129 60.38
95 133 49.6894
95 143 39.72
95 144 76.0682
95 149 37.4584
96 0 34.3827
96 2 89.2192
96 4 25.9963
96 9 129.343
96 12 37.5168
96 13 77.2905
96 17 100.298
96 21 70.9276
96 22 17.6796
96 30 74.8293
96 34 110.814
96 35 38.2001
96 41 117.705
96 42 21.6293
96 43 5.84076
96 48 31.0997
96 51 23.147
96 65 33.5146
96 68 14.2269
96 69 2
96 71 45.7993
96 73 4.83174
96 75 29.6276
96 76 60.5207
96 79 2
96 80 82.5705
96 83 18.4671
96 84 78.9159
96 86 68.5815
96 92 21.1573
96 98 30.594
96 101 119.408
96 105 13.8452
96 109 13.4665
96 110 88.6041
96 112 39.5459
96 118 55.3377
96 125 52.581
96 127 36.2047
96 129 80.0293
96 133 78.6082
96 143 45.5777
96 144 118.661
96 149 20.4361
97 1 29.0236
97 3 80.1289
97 6 84.8055
97 10 110.835
97 15 69.8328
97 20 80.8567
97 23 29.0471
97 28 42.8444
97 32 98.7167
97 38 95.3093
97 45 61.7194
97 49 26.188
97 52 37.388
97 62 92.2782
97 64 28.4928
97 74 65.5395
97 77 73.0442
97 81 25.2051
97 85 77.3193
97 89 56.9829
97 90 24.7432
97 91 111.471
97 93 59.8462
97 95 43.0867
97 97 78.3507
97 100 64.5199
97 102 43.2969
97 108 61.2367
97 113 82.5308
97 115 34.2139
97 120 81.8698
97 123 95.0952
97 128 12.8874
97 132 83.8092
97 134 46.4265
97 135 50.5352
97 137 133.003
97 142 11.4729
97 148 11.5034
98 0 37.1846
98 9 120.173
98 17 67.9383
98 27 41.03
98 31 91.518
98 35 32.0371
98 39 94.0119
98 41 50.9097
98 43 3.92662
98 48 47.5903
98 54 48.7798
98 55 51.1978
98 63 76.8421
98 65 55.0875
98 66 13.5559
98 68 29.9153
98 69 2.48818
98 70 97.6391
98 71 73.1851
98 73 4.4678
98 75 77.5671
98 83 12.8197
98 84 37.247
98 86 77.132
98 88 9.42864
98 98 33.1487
98 104 2
98 105 20.121
98 106 35.7236
98 109 16.6103
98 110 73.0072
98 112 53.0628
98 118 47.4464
98 133 46.8594
98 136 79.1588
98 143 24.642
98 145 66.9068
99 4 52.7101
99 9 126.644
99 11 29.9264
99 13 93.1738
99 22 23.089
99 31 81.6039
99 39 100.226
99 42 34.3546
99 44 128.367
99 46 81.9871
99 48 30.3514
99 54 22.3731
99 55 61.7186
99 56 31.0544
99 58 92.117
99 63 96.9428
99 66 11.7049
99 68 17.2382
99 69 3.0737
99 70 44.9538
99 71 79.877
99 72 76.4897
99 73 5.30819
99 76 71.3193
99 80 106.179
99 86 58.8409
99 88 7.81788
99 99 90.3082
99 105 16.2242
99 109 15.7178
99 112 34.8185
99 118 57.5903
99 122 84.1021
99 124 108.804
99 125 49.3956
99 129 85.0536
99 140 3.60007
99 144 77.6903
99 146 44.9728
99 147 101.851
99 149 44.2937
100 10 91.1522
100 15 57.4201
100 20 96.3807
100 23 38.5529
100 25 39.5317
100 38 119.675
100 40 37.3509
100 45 64.5706
100 47 23.5212
100 49 46.0388
100 52 20.9872
100 59 88.4453
100 62 73.2854
100 77 75.6975
100 81 17.4133
100 82 13.652
100 85 123.194
100 87 31.6601
100 91 76.7412
100 100 57.9434
100 107 78.8757
100 113 88.7442
100 114 73.7235
100 115 27.0527
100 117 48.565
100 119 114.716
100 120 75.2963
100 121 62.9759
100 123 124.893
100 131 125.613
100 134 75.9091
100 137 85.5156
100 138 43.483
100 142 11.1861
100 148 30.474
101 0 34.7861
101 9 102.599
101 17 86.9901
101 27 19.7315
101 31 100.163
101 35 39.8159
101 39 74.2437
101 41 91.75
101 43 6.28139
101 48 42.4427
101 54 62.5979
101 55 62.1792
101 63 86.2141
101 65 80.4371
101 66 9.94069
101 68 15.0731
101 69 2.95119
101 70 77.2315
101 71 94.4572
101 73 2.99549
101 75 48.9922
101 83 11.1415
101 84 75.3381
101 86 69.984
101 88 10.5371
101 98 19.4994
101 104 2
101 105 18.2828
101 106 25.912
101 109 23.2407
101 110 87.6503
101 112 54.9567
101 118 69.7562
101 133 79.9801
101 136 139.903
101 143 48.7504
101 145 87.8129
102 0 38.1953
102 2 64.3377
102 5 78.1849
102 7 61.0724
102 12 37.5488
102 17 79.0882
102 21 51.2218
102 27 45.0967
102 30 84.0706
102 34 84.4278
102 35 38.8778
102 36 54.1453
102 41 79.83
102 43 4.60588
102 51 28.9962
102 57 19.4418
102 65 67.6006
102 67 111.09
102 75 65.2738
102 79 2.68565
102 83 7.56096
102 84 89.6918
102 92 18.5906
102 98 16.5781
102 101 93.5366
102 103 38.8405
102 104 2
102 106 23.2059
102 110 83.3194
102 116 97.0991
102 127 44.8563
102 133 51.7482
102 136 90.3461
102 143 37.6618
102 145 51.4333
103 3 69.2209
103 6 74.8707
103 8 41.9109
103 10 84.0451
103 14 26.154
103 15 63.1794
103 16 27.9292
103 18 36.9835
103 19 14.6975
103 20 98.6956
103 23 41.6474
103 26 55.1437
103 32 101.332
103 33 91.5278
103 37 49.3237
103 38 106.889
103 47 22.18
103 49 38.7604
103 50 40.8661
103 53 70.9997
103 64 29.4256
103 74 64.9321
103 77 58.0187
103 78 77.4428
103 81 38.3261
103 82 33.4556
103 87 32.369
103 89 41.2878
103 90 20.947
103 95 28.0116
103 97 68.2222
103 100 93.2118
103 102 50.6995
103 117 42.6543
103 120 99.9128
103 121 80.1379
103 130 24.9063
103 131 53.592
103 134 68.2095
103 137 67.9639
103 138 24.4497
103 141 2
103 142 18.0013
104 1 44.9159
104 3 69.6232
104 6 102.848
104 8 54.7044
104 20 95.533
104 24 41.5416
104 37 51.5589
104 38 107.754
104 52 36.7584
104 53 69.0203
104 59 98.0562
104 60 90.0233
104 64 35.793
104 81 28.3197
104 82 31.3981
104 87 37.7935
104 90 17.4234
104 96 47.832
104 97 91.3518
104 100 108.796
104 107 70.9069
104 108 80.3634
104 113 113.862
104 117 35.2268
104 119 57.7534
104 123 115.763
104 128 22.398
104 130 23.6585
104 132 61.0631
104 137 80.2281
104 139 58.4798
104 142 7.28048
104 148 20.4272
105 10 114.635
105 14 31.4137
105 15 95.6969
105 16 67.008
105 18 40.8204
105 19 14.4752
105 23 24.4089
105 25 63.8437
105 26 68.5677
105 28 58.4975
105 29 47.7769
105 32 150.852
105 33 64.087
105 40 44.4484
105 45 61.9808
105 47 23.5829
105 49 52.5124
105 50 26.2722
105 61 83.6206
105 62 87.3814
105 74 76.0357
105 77 68.8627
105 78 73.0887
105 85 110.203
105 89 35.8266
105 91 61.2105
105 93 87.853
105 94 83.5734
105 95 59.1599
105 102 52.9351
105 111 79.4704
105 114 75.8793
105 115 27.9701
105 120 87.9982
105 121 61.4884
105 126 38.1122
105 131 84.7533
105 134 63.2311
105 135 46.8667
105 138 39.6619
105 141 2.08746
106 10 70.6436
106 14 32.6431
106 15 117.866
106 16 27.7834
106 18 34.2897
106 19 13.7237
106 23 36.3494
106 25 58.9957
106 26 47.8969
106 28 51.2336
106 29 41.6254
106 32 121.563
106 33 64.8086
106 40 54.7156
106 45 70.2939
106 47 28.7117
106 49 31.6722
106 50 37.4092
106 61 68.3237
106 62 80.1119
106 74 112.351
106 77 25.4756
106 78 51.2174
106 85 59.2701
106 89 33.8984
106 91 82.4762
106 93 75.7649
106 94 46.4509
106 95 50.4301
106 102 37.9343
106 111 38.6168
106 114 95.3998
106 115 42.8082
106 120 53.2048
106 121 57.0904
106 126 55.744
106 131 98.0878
106 134 49.4507
106 135 29.4707
106 138 29.3181
106 141 2
107 8 47.7578
107 14 34.6659
107 16 48.6593
107 20 83.0964
107 24 22.3564
107 25 56.8906
107 29 69.2264
107 37 51.0172
107 40 38.1917
107 47 25.4414
107 49 26.3306
107 52 21.8111
107 59 110.379
107 61 51.2411
107 62 86.7946
107 64 30.5401
107 87 18.8722
107 91 83.0629
107 96 54.2833
107 97 77.0976
107 108 99.3056
107 114 74.5822
107 115 27.1552
107 119 80.6969
107 123 89.7056
107 134 64.6529
107 137 29.3132
107 138 23.5865
107 139 49.7933
107 142 10.8261
108 12 57.348
108 13 103.635
108 17 46.4598
108 21 59.8024
108 22 33.9338
108 27 30.0549
108 41 89.5527
108 43 5.82056
108 46 55.7416
108 51 14.8639
108 54 86.9777
108 57 15.4905
108 68 16.0887
108 69 3.23271
108 71 78.2554
108 73 4.11068
108 76 70.9862
108 79 3.20492
108 83 14.0307
108 84 111.763
108 92 14.0752
108 98 26.7588
108 101 89.413
108 105 19.2733
108 106 31.96
108 109 20.4548
108 112 16.2488
108 118 42.7851
108 122 48.0187
108 124 41.8739
108 125 45.0764
108 127 44.3169
108 133 50.092
108 143 48.037
108 145 76.7437
108 147 106.295
109 0 40.8394
109 2 114.785
109 4 43.7653
109 9 86.7778
109 12 67.1148
109 13 69.7463
109 17 90.9499
109 21 86.2086
109 22 24.3819
109 30 74.6441
109 34 121.337
109 35 54.5968
109 41 52.955
109 42 31.8349
109 43 6.55633
109 48 45.9217
109 51 28.87
109 65 60.0737
109 68 24.14
109 69 2.83979
109 71 50.5962
109 73 4.18846
109 75 74.8818
109 76 74.3434
109 79 2.59725
109 80 112.437
109 83 14.004
109 84 97.5999
109 86 69.9496
109 92 18.0268
109 98 19.9651
109 101 110.889
109 105 16.6657
109 109 13.1322
109 110 65.8831
109 112 34.3909
109 118 64.9888
109 125 56.8512
109 127 38.9217
109 129 82.5475
109 133 88.9564
109 143 2
109 144 156.688
109 149 24.2653
110 10 90.3171
110 14 37.9778
110 15 37.0431
110 16 38.8103
110 18 41.6365
110 19 15.1405
110 23 34.5955
110 25 95.7959
110 26 32.5262
110 28 41.8102
110 29 94.2816
110 32 81.9327
110 33 71.6883
110 40 50.8396
110 45 54.1371
110 47 22.4136
110 49 37.0911
110 50 38.1117
110 61 40.1463
110 62 53.6326
110 74 42.4317
110 77 47.5701
110 78 92.2136
110 85 76.0266
110 89 33.396
110 91 102.297
110 93 66.5204
110 94 64.1603
110 95 44.4456
110 102 38.769
110 111 78.2427
110 114 74.2479
110 115 20.6432
110 120 90.2356
110 121 89.3301
110 126 51.9573
110 131 106.734
110 134 96.8552
110 135 53.3602
110 138 43.1099
110 141 2.17736
111 1 28.964
111 3 78.6465
111 6 83.605
111 8 44.0217
111 14 42.3337
111 16 62.8529
111 18 57.521
111 19 20.0687
111 24 27.0799
111 26 74.6995
111 28 51.2695
111 29 77.5222
111 32 114.817
111 33 64.1736
111 37 74.3147
111 50 42.4573
111 53 68.1561
111 60 93.9078
111 61 76.4461
111 64 23.7753
111 74 55.6894
111 78 76.6681
111 89 49.279
111 90 25.7791
111 93 79.9675
111 94 89.4031
111 95 32.1599
111 96 81.6386
111 97 35.8978
111 102 31.226
111 108 83.503
111 111 84.1494
111 126 23.8382
111 128 22.942
111 130 18.3441
111 132 69.798
111 135 89.1761
111 139 63.1625
111 141 2.26356
112 2 83.9915
112 4 42.4647
112 5 65.7255
112 7 52.1986
112 11 46.1573
112 12 90.0315
112 13 55.9891
112 21 22.1048
112 22 26.7404
112 30 73.9134
112 34 104.32
112 36 58.8065
112 42 21.5714
112 44 82.6186
112 46 122.122
112 51 17.113
112 56 46.4781
112 57 16.1085
112 58 47.1288
112 67 77.0275
112 72 54.6895
112 76 80.0737
112 79 2.98385
112 80 93.417
112 92 13.2781
112 99 108.453
112 101 98.9938
112 103 51.4994
112 116 151.737
112 122 107.95
112 124 86.8239
112 125 32.4743
112 127 28.2879
112 129 64.6771
112 140 4.12466
112 144 125.288
112 146 76.1642
112 147 94.4511
112 149 47.0434
113 4 33.3303
113 9 57.7648
113 11 65.0177
113 13 87.6748
113 22 27.47
113 31 72.9457
113 39 131.292
113 42 36.5873
113 44 83.3904
113 46 111.933
113 48 32.4392
113 54 44.1556
113 55 55.0164
113 56 34.3817
113 58 115.943
113 63 62.4482
113 66 16.3019
113 68 17.8102
113 69 3.47697
113 70 80.1565
113 71 110.39
113 72 76.4895
113 73 4.91133
113 76 58.3913
113 80 127.57
113 86 57.8738
113 88 11.1029
113 99 94.1658
113 105 11.8365
113 109 15.542
113 112 46.1459
113 118 63.2327
113 122 87.7414
113 124 73.2986
113 125 62.247
113 129 56.3014
113 140 4.86691
113 144 142.475
113 146 93.2338
113 147 51.0329
113 149 37.0786
114 1 35.7333
114 3 75.4593
114 6 110.847
114 8 36.0786
114 20 85.3638
114 24 19.032
114 37 64.0277
114 38 115.788
114 52 28.4467
114 53 93.6171
114 59 101.14
114 60 68.5602
114 64 34.5826
114 81 26.44
114 82 30.4907
114 87 13.8003
114 90 12.1638
114 96 54.6431
114 97 56.5348
114 100 59.3124
114 107 46.1298
114 108 73.3245
114 113 77.2207
114 117 40.8437
114 119 77.6709
114 123 121.597
114 128 15.242
114 130 15.0511
114 132 92.5625
114 137 97.6094
114 139 38.7456
114 142 15.089
114 148 20.0223
115 8 50.7502
115 14 37.72
115 16 46.452
115 18 44.4181
115 19 12.9022
115 24 17.6982
115 25 78.9344
115 26 42.8893
115 29 73.0776
115 33 77.2407
115 37 65.1254
115 40 37.0226
115 47 24.8283
115 50 34.5337
115 53 60.1813
115 59 123.612
115 60 62.0742
115 61 68.1462
115 78 52.6538
115 82 27.4373
115 87 25.7711
115 94 69.4519
115 96 69.4057
115 107 80.2152
115 111 56.1275
115 114 74.0749
115 117 58.855
115 119 78.3109
115 121 75.5521
115 126 40.8781
115 130 22.2087
115 131 77.6326
115 138 26.0748
115 139 51.8323
115 141 2.07958
116 0 52.4974
116 2 119.953
116 9 118.636
116 11 51.4845
116 12 80.2183
116 17 60.4059
116 21 72.6819
116 31 59.2065
116 34 81.9408
116 36 45.939
116 39 68.7002
116 41 98.3775
116 43 7.74431
116 48 38.263
116 55 53.5601
116 56 36.8245
116 57 15.9763
116 67 84.6821
116 69 2.27356
116 70 61.1745
116 73 3.83494
116 75 69.1442
116 80 83.9834
116 83 9.74434
116 88 8.40768
116 92 16.7344
116 99 72.4619
116 101 78.7353
116 109 9.33576
116 110 101.075
116 116 124.802
116 122 118.928
116 133 63.636
116 136 94.5776
116 145 80.935
116 147 76.3352
117 0 38.6142
117 2 96.9038
117 4 27.1849
117 5 92.7513
117 7 59.7511
117 9 126.988
117 11 43.3102
117 30 70.7083
117 31 77.7763
117 34 83.6047
117 35 23.8134
117 36 37.1989
117 39 102.535
117 42 21.9762
117 44 90.8996
117 48 31.7687
117 55 44.0532
117 56 39.2222
117 58 94.5767
117 63 103.711
117 65 83.345
117 66 11.6749
117 67 85.7789
117 70 74.8301
117 72 107.676
117 75 53.3737
117 80 90.8994
117 86 61.1157
117 88 7.76798
117 99 83.8745
117 103 42.0661
117 104 2.1491
117 110 94.0844
117 116 59.0019
117 129 45.3572
117 136 101.751
117 140 4.47593
117 144 71.9839
117 146 54.2466
117 149 46.8765
118 12 59.0331
118 13 108.896
118 17 69.0592
118 21 73.7374
118 22 27.8922
118 27 30.8167
118 41 100.143
118 43 3.62797
118 46 79.084
118 51 28.9492
118 54 80.5063
118 57 13.4572
118 68 23.4066
118 69 2.61217
118 71 88.6054
118 73 5.75047
118 76 64.9599
118 79 3.46803
118 83 10.342
118 84 122.394
118 92 13.973
118 98 29.8325
118 101 117.699
118 105 21.6152
118 106 39.0099
118 109 18.2018
118 112 46.2494
118 118 64.5236
118 122 108.143
118 124 63.445
118 125 49.5053
118 127 34.3265
118 133 32.7176
118 143 44.6566
118 145 121.127
118 147 91.9571
119 8 36.6445
119 14 34.8133
119 16 34.2842
119 18 53.1612
119 19 15.8415
119 24 17.7533
119 25 76.8523
119 26 43.0349
119 29 68.6612
119 33 75.9615
119 37 58.3747
119 40 42.3033
119 47 32.6186
119 50 39.1209
119 53 72.3918
119 59 124.093
119 60 113.508
119 61 68.1723
119 78 80.8467
119 82 32.9529
119 87 30.8351
119 94 36.3337
119 96 51.7715
119 107 73.5674
119 111 58.5479
119 114 67.6795
119 117 49.8154
119 119 110.138
119 121 50.958
119 126 52.2818
119 130 22.6592
119 131 81.2887
119 138 39.5345
119 139 64.8251
119 141 2
120 0 35.5384
120 2 129.753
120 5 70.2821
120 7 99.6464
120 12 38.6319
120 17 74.8651
120 21 95.6099
120 27 42.1314
120 30 68.8495
120 34 107.733
120 35 27.4455
120 36 60.9644
120 41 100.303
120 43 4.07918
120 51 26.3846
120 57 20.0952
120 65 75.9979
120 67 104.823
120 75 63.8195
120 79 2.45694
120 83 15.9894
120 84 102.775
120 92 14.1059
120 98 19.2247
120 101 83.9361
120 103 62.4862
120 104 2.25538
120 106 21.665
120 110 53.0663
120 116 74.8123
120 127 42.7147
120 133 41.3324
120 136 82.6393
120 143 36.0007
120 145 66.5833
121 1 36.0259
121 3 107.92
121 6 78.2406
121 8 39.323
121 20 101.753
121 24 32.8578
121 37 67.4974
121 38 101.936
121 52 26.5132
121 53 80.2452
121 59 57.9957
121 60 95.9889
121 64 34.5064
121 81 27.1268
121 82 31.6515
121 87 37.8632
121 90 9.18309
121 96 53.2397
121 97 49.7361
121 100 108.785
121 107 73.9689
121 108 81.4478
121 113 52.6719
121 117 38.9094
121 119 91.7716
121 123 93.0426
121 128 25.4511
121 130 22.4197
121 132 43.1716
121 137 94.6105
121 139 62.6311
121 142 10.6646
121 148 26.7611
122 1 39.8185
122 3 68.0353
122 6 88.0077
122 8 25.2245
122 20 110.932
122 24 27.1561
122 37 43.801
122 38 93.2719
122 52 21.368
122 53 56.0412
122 59 105.594
122 60 84.8318
122 64 38.944
122 81 19.7196
122 82 30.7134
122 87 26.4188
122 90 24.7316
122 96 65.6026
122 97 102.75
122 100 94.3648
122 107 70.7665
122 108 58.4987
122 113 96.2957
122 117 23.9178
122 119 83.0846
122 123 75.9204
122 128 16.4785
122 130 19.5801
122 132 80.9398
122 137 103.108
122 139 70.9775
122 142 9.62099
122 148 20.9059
123 10 95.6519
123 15 73.3992
123 20 95.4899
123 23 39.8617
123 25 71.742
123 38 101.002
123 40 50.1544
123 45 57.5745
123 47 35.9632
123 49 37.0608
123 52 21.9568
123 59 107.115
123 62 69.8667
123 77 51.9362
123 81 23.2756
123 82 16.8843
123 85 61.3525
123 87 28.684
123 91 62.7487
123 100 69.9904
123 107 62.4308
123 113 97.7842
123 114 50.6029
123 115 44.8286
123 117 33.684
123 119 83.3879
123 120 104.419
123 121 57.221
123 123 91.0466
123 131 92.33
123 134 52.858
123 137 120.905
123 138 40.8184
123 142 20.1293
123 148 21.7897
124 0 23.9459
124 2 48.4816
124 5 88.3624
124 7 38.1852
124 12 62.6007
124 17 95.2587
124 21 90.6975
124 27 37.3431
124 30 77.3691
124 34 88.2847
124 35 26.9212
124 36 46.8452
124 41 66.6899
124 43 6.44557
124 51 26.5122
124 57 19.6862
124 65 75.8167
124 67 64.6045
124 75 56.2562
124 79 3.31201
124 83 9.08621
124 84 104.748
124 92 13.9823
124 98 28.0641
124 101 107.675
124 103 75.2645
124 104 2
124 106 23.9756
124 110 60.4441
124 116 101.705
124 127 34.7812
124 133 80.0099
124 136 105.175
124 143 59.5731
124 145 89.703
125 8 48.7207
125 14 24.3115
125 16 57.0452
125 20 100.486
125 24 35.7511
125 25 93.5515
125 29 89.9027
125 37 69.1221
125 40 31.4087
125 47 23.4828
125 49 32.9364
125 52 24.7012
125 59 84.8767
125 61 48.3511
125 62 89.6158
125 64 31.5656
125 87 18.2315
125 91 103.353
125 96 90.9396
125 97 108.319
125 108 99.2279
125 114 67.22
125 115 40.4113
125 119 90.7125
125 123 108.336
125 134 64.0717
125 137 103.669
125 138 39.1407
125 139 32.0687
125 142 8.98165
126 3 88.614
126 6 54.0052
126 8 39.0073
126 10 142.392
126 14 39.2691
126 15 71.6905
126 16 62.4997
126 18 39.2825
126 19 13.0887
126 20 118.933
126 23 55.5338
126 26 43.0081
126 32 151.799
126 33 25.9863
126 37 48.296
126 38 78.7631
126 47 33.1281
126 49 37.6628
126 50 55.5004
126 53 70.162
126 64 40.5673
126 74 85.2809
126 77 39.5423
126 78 107.361
126 81 21.8865
126 82 28.2466
126 87 30.5393
126 89 64.6205
126 90 23.3508
126 95 31.7995
126 97 50.9966
126 100 61.8531
126 102 54.7961
126 117 29.6859
126 120 80.2147
126 121 64.6409
126 130 19.9315
126 131 45.8221
126 134 41.2375
126 137 93.1863
126 138 33.3524
126 141 2
126 142 10.3895
127 12 50.1327
127 13 117.938
127 17 118.265
127 21 132.477
127 22 29.9046
127 27 28.7488
127 41 114.756
127 43 5.62616
127 46 73.5826
127 51 14.1782
127 54 61.8833
127 57 11.8797
127 68 17.7155
127 69 2.32081
127 71 63.066
127 73 7.52358
127 76 111.355
127 79 3.36678
127 83 9.53686
127 84 119.679
127 92 10.9102
127 98 25.6851
127 101 72.1865
127 105 16.7412
127 106 25.8609
127 109 21.0289
127 112 45.0443
127 118 49.4852
127 122 76.1333
127 124 73.3369
127 125 38.5777
127 127 6.12826
127 133 69.8333
127 143 53.6862
127 145 113.942
127 147 111.361
128 0 37.6389
128 2 69.9751
128 4 36.1593
128 5 81.9107
128 7 83.4648
128 9 79.4963
128 11 44.4517
128 30 67.3709
128 31 97.5798
128 34 115.306
128 35 33.4551
128 36 65.3594
128 39 101.094
128 42 36.8872
128 44 105.833
128 48 27.5673
128 55 56.9155
128 56 40.0111
128 58 116.98
128 63 63.274
128 65 44.0122
128 66 10.7782
128 67 71.7112
128 70 87.0096
128 72 77.0248
128 75 67.8424
128 80 68.0367
128 86 80.375
128 88 11.195
128 99 64.6713
128 103 39.1949
128 104 2.35806
128 110 67.8046
128 116 80.5298
128 129 71.2559
128 136 91.7891
128 140 4.94641
128 144 104.323
128 146 94.1534
128 149 36.0624
129 0 26.0501
129 2 104.375
129 4 23.786
129 5 79.6165
129 7 46.845
129 9 94.3024
129 11 37.4685
129 30 66.0731
129 31 77.8469
129 34 55.75
129 35 29.9459
129 36 50.3737
129 39 106.567
129 42 30.5758
129 44 58.0861
129 48 40.0609
129 55 75.4462
129 56 43.7246
129 58 90.5433
129 63 98.2518
129 65 67.9013
129 66 11.8616
129 67 78.3642
129 70 79.5998
129 72 129.773
129 75 68.767
129 80 96.9826
129 86 78.9705
129 88 7.53595
129 99 57.4357
129 103 74.7587
129 104 2.10892
129 110 67.5575
129 116 108.222
129 129 50.1324
129 136 71.5256
129 140 3.11886
129 144 80.3925
129 146 87.3997
129 149 33.5284
130 5 106.542
130 7 58.9869
130 11 47.5026
130 27 47.1218
130 31 118.396
130 36 61.241
130 39 76.436
130 44 37.3518
130 46 100.312
130 54 24.5364
130 55 52.4698
130 56 42.0403
130 57 16.8415
130 58 65.1675
130 63 90.5913
130 66 13.4998
130 67 81.6452
130 70 63.1734
130 72 64.8269
130 88 8.98458
130 99 95.4514
130 103 75.7346
130 104 2
130 106 35.5327
130 116 111.778
130 122 53.0097
130 124 69.5164
130 136 88.8365
130 140 4.78761
130 145 120.238
130 146 70.4653
130 147 71.2326
131 1 31.0208
131 3 87.7681
131 6 44.6375
131 8 46.825
131 14 21.7652
131 16 31.8917
131 18 38.1587
131 19 14.7498
131 24 24.8791
131 26 79.3424
131 28 62.4997
131 29 25.3999
131 32 51.2448
131 33 69.0685
131 37 79.3994
131 50 33.4222
131 53 63.1139
131 60 98.2404
131 61 61.4222
131 64 27.0385
131 74 106.026
131 78 127.664
131 89 34.5148
131 90 22.1449
131 93 112.694
131 94 58.9262
131 95 42.6329
131 96 50.555
131 97 89.6114
131 102 40.2628
131 108 66.5346
131 111 57.4143
131 126 51.1735
131 128 14.0024
131 130 30.458
131 132 57.2157
131 135 61.7986
131 139 46.1552
131 141 2
132 5 89.2056
132 7 35.7816
132 11 26.7528
132 27 47.0294
132 31 96.3405
132 36 75.7479
132 39 96.1353
132 44 82.14
132 46 94.4604
132 54 46.9807
132 55 54.0627
132 56 26.8469
132 57 16.8994
132 58 90.8566
132 63 82.4919
132 66 9.0171
132 67 79.5371
132 70 66.9048
132 72 91.8358
132 88 10.143
132 99 76.6536
132 103 75.1354
132 104 2.37621
132 106 23.3422
132 116 118.431
132 122 95.999
132 124 63.1146
132 136 64.4802
132 140 4.80352
132 145 79.0773
132 146 66.2847
132 147 99.6496
133 2 85.5449
133 4 36.0393
133 5 79.6448
133 7 55.5874
133 11 41.367
133 12 51.3834
133 13 79.1076
133 21 60.9872
133 22 18.9901
133 30 84.8266
133 34 80.9346
133 36 58.6398
133 42 40.9094
133 44 85.0616
133 46 95.9926
133 51 29.0727
133 56 30.9907
133 57 24.6401
133 58 112.687
133 67 76.7156
133 72 106.392
133 76 55.5817
133 79 3.47874
133 80 112.779
133 92 15.6211
133 99 82.8262
133 101 99.5424
133 103 72.1335
133 116 80.5872
133 122 85.2955
133 124 85.9525
133 125 41.932
133 127 20.8992
133 129 85.5541
133 140 4.65676
133 144 46.7231
133 146 83.5062
133 147 84.9684
133 149 29.1442
134 1 40.1417
134 3 73.5344
134 6 73.2877
134 8 35.2455
134 20 88.6311
134 24 37.2285
134 37 79.1268
134 38 90.7961
134 52 11.7798
134 53 78.4276
134 59 110.984
134 60 30.8428
134 64 17.7939
134 81 17.3703
134 82 40.2721
134 87 22.5504
134 90 23.4576
134 96 42.2316
134 97 70.0401
134 100 61.5
134 107 71.2099
134 108 56.171
134 113 134.691
134 117 26.6328
134 119 113.666
134 123 147.965
134 128 12.9285
134 130 27.212
134 132 72.5651
134 137 52.8777
134 139 52.3209
134 142 12.0107
134 148 31.0647
135 12 24.7551
135 13 104.407
135 17 65.8286
135 21 2.36356
135 22 31.9818
135 27 39.7023
135 41 64.2745
135 43 4.15988
135 46 75.9106
135 51 20.8389
135 54 88.9945
135 57 13.3468
135 68 8.47004
135 69 2.78385
135 71 65.1616
135 73 6.76062
135 76 88.5646
135 79 3.21209
135 83 12.2639
135 84 109.381
135 92 19.8809
135 98 23.1238
135 101 71.7808
135 105 13.4102
135 106 36.7211
135 109 16.5911
135 112 52.623
135 118 67.2919
135 122 74.1508
135 124 100.939
135 125 54.971
135 127 34.473
135 133 87.1187
135 143 67.5378
135 145 67.9871
135 147 64.2258
136 0 28.8614
136 2 65.8402
136 5 121.686
136 7 69.1983
136 12 76.2441
136 17 86.2228
136 21 102.725
136 27 43.0506
136 30 60.8238
136 34 91.1317
136 35 30.7248
136 36 40.7509
136 41 93.0661
136 43 5.88412
136 51 23.3483
136 57 14.895
136 65 67.9567
136 67 137.672
136 75 61.1793
136 79 3.09527
136 83 9.68901
136 84 93.6813
136 92 15.348
136 98 25.9383
136 101 114.517
136 103 68.4905
136 104 2.16764
136 106 34.7554
136 110 41.6428
136 116 126.543
136 127 31.9732
136 133 54.3851
136 136 83.2285
136 143 46.1171
136 145 121.72
137 4 43.6261
137 5 70.5227
137 7 59.4158
137 13 97.4168
137 22 37.4956
137 27 33.7224
137 30 98.9201
137 35 26.6156
137 42 33.0319
137 44 98.38
137 46 105.016
137 51 29.4448
137 54 81.8602
137 58 82.3231
137 63 59.5791
137 65 58.7533
137 66 14.4054
137 68 23.2595
137 71 82.2751
137 72 95.9069
137 76 39.6434
137 79 2.21728
137 84 95.0107
137 86 58.8716
137 98 32.9699
137 103 64.5378
137 104 2
137 105 21.6572
137 106 30.793
137 112 47.7266
137 118 67.5736
137 124 92.2709
137 125 57.805
137 127 39.5302
137 129 69.9641
137 140 5.15214
137 143 53.7609
137 144 95.4514
137 146 66.8844
137 149 45.9085
138 0 58.3855
138 2 83.0687
138 5 62.159
138 7 55.2147
138 12 53.5725
138 17 97.3187
138 21 77.3232
138 27 33.5996
138 30 76.9646
138 34 58.4699
138 35 36.0441
138 36 66.1094
138 41 95.7203
138 43 5.9101
138 51 17.9528
138 57 11.1645
138 65 58.9336
138 67 70.4367
138 75 41.1378
138 79 2
138 83 18.3281
138 84 85.3358
138 92 9.87675
138 98 27.1968
138 101 131.312
138 103 51.1856
138 104 2
138 106 41.86
138 110 43.0284
138 116 84.6138
138 127 38.8613
138 133 88.5232
138 136 42.4777
138 143 41.3703
138 145 62.0087
139 5 99.304
139 7 80.5742
139 11 41.0679
139 27 32.6174
139 31 126.428
139 36 45.5512
139 39 71.9358
139 44 45.1768
139 46 90.6167
139 54 80.8755
139 55 53.0565
139 56 53.8904
139 57 18.3702
139 58 92.2192
139 63 88.5184
139 66 15.7436
139 67 61.0444
139 70 77.3731
139 72 99.6851
139 88 8.31658
139 99 80.6913
139 103 57.3494
139 104 2.31466
139 106 29.3804
139 116 114.775
139 122 91.5955
139 124 113.272
139 136 100.554
139 140 4.69169
139 145 89.553
139 146 72.5053
139 147 127.187
140 4 46.3096
140 5 99.7555
140 7 59.4105
140 13 98.1495
140 22 33.4946
140 27 44.2308
140 30 53.8299
140 35 43.3315
140 42 39.7789
140 44 60.076
140 46 29.6559
140 51 25.0705
140 54 59.5538
140 58 100.665
140 63 104.115
140 65 86.7282
140 66 6.89426
140 68 22.2146
140 71 55.7669
140 72 65.5051
140 76 66.4254
140 79 2.97259
140 84 94.1216
140 86 62.4481
140 98 30.2897
140 103 70.7094
140 104 2
140 105 13.8467
140 106 40.9736
140 112 43.5189
140 118 66.6161
140 124 76.3072
140 125 35.3101
140 127 30.4298
140 129 56.0641
140 140 4.7184
140 143 53.8456
140 144 108.23
140 146 94.8049
140 149 45.4888
141 0 34.5832
141 2 105.97
141 4 40.1938
141 9 132.77
141 12 37.968
141 13 70.9257
141 17 70.3212
141 21 108.002
141 22 19.5863
141 30 57.5301
141 34 71.6379
141 35 47.0392
141 41 71.6373
141 42 30.3104
141 43 4.42046
141 48 34.685
141 51 29.3326
141 65 40.1807
141 68 21.2444
141 69 2.89068
141 71 74.0221
141 73 5.59236
141 75 83.367
141 76 66.12
141 79 2.10673
141 80 63.9325
141 83 16.4629
141 84 98.2437
141 86 75.1244
141 92 18.7958
141 98 28.1077
141 101 124.079
141 105 19.7254
141 109 14.6931
141 110 50.4711
141 112 51.6295
141 118 65.0752
141 125 45.2797
141 127 38.4042
141 129 45.0508
141 133 47.7645
141 143 31.7629
141 144 109.041
141 149 32.9469
142 1 30.5015
142 3 113.641
142 6 58.8156
142 8 52.4376
142 14 30.9597
142 16 40.158
142 18 46.9404
142 19 17.8556
142 24 20.9558
142 26 52.6102
142 28 56.5298
142 29 82.5841
142 32 68.2374
142 33 85.3029
142 37 55.0571
142 50 52.2967
142 53 46.5906
142 60 74.0201
142 61 78.8936
142 64 25.3717
142 74 57.3448
142 78 61.619
142 89 30.0435
142 90 15.1961
142 93 95.7858
142 94 64.0884
142 95 48.4578
142 96 39.2591
142 97 45.025
142 102 49.1705
142 108 62.156
142 111 89.0914
142 126 45.1754
142 128 23.4591
142 130 26.7886
142 132 68.8823
142 135 38.2414
142 139 54.8155
142 141 2
143 0 42.6506
143 2 87.1025
143 5 76.8379
143 7 28.1319
143 12 49.1272
143 17 80.1216
143 21 146.131
143 27 36.7981
143 30 72.6715
143 34 87.6299
143 35 40.9981
143 36 50.4773
143 41 109.414
143 43 4.57514
143 51 30.9455
143 57 14.6835
143 65 39.4844
143 67 111.524
143 75 42.5554
143 79 2.28324
143 83 9.23723
143 84 89.892
143 92 9.52677
143 98 22.4901
143 101 108.556
143 103 82.5031
143 104 2.60902
143 106 33.2623
143 110 49.285
143 116 109.463
143 127 45.7653
143 133 82.9568
143 136 75.202
143 143 70.6661
143 145 49.1614
144 1 39.3375
144 3 80.8959
144 6 50.493
144 10 95.0111
144 15 99.2398
144 20 85.3469
144 23 49.7882
144 28 57.7561
144 32 62.6487
144 38 97.0582
144 45 47.2189
144 49 31.9118
144 52 31.3695
144 62 90.2658
144 64 25.0326
144 74 71.5271
144 77 65.0085
144 81 31.3738
144 85 82.2697
144 89 54.1319
144 90 21.991
144 91 87.8801
144 93 57.2475
144 95 49.6156
144 97 85.6604
144 100 73.3574
144 102 63.9318
144 108 87.1882
144 113 69.4054
144 115 34.9479
144 120 82.0078
144 123 94.5323
144 128 28.7971
144 132 81.5299
144 134 58.7919
144 135 82.4044
144 137 83.8886
144 142 9.21858
144 148 39.5426
145 4 35.2432
145 9 100.06
145 11 46.8368
145 13 34.9852
145 22 21.4478
145 31 77.0337
145 39 79.3252
145 42 27.0572
145 44 73.7664
145 46 118.504
145 48 32.8204
145 54 43.2962
145 55 53.3457
145 56 44.5037
145 58 81.5647
145 63 78.1526
145 66 13.9929
145 68 19.6218
145 69 3.38184
145 70 86.0142
145 71 72.3456
145 72 81.6096
145 73 5.02165
145 76 72.9751
145 80 52.0633
145 86 54.1826
145 88 8.55976
145 99 54.1593
145 105 23.4551
145 109 15.5687
145 112 48.7934
145 118 55.2173
145 122 82.6933
145 124 55.7141
145 125 53.7062
145 129 74.4989
145 140 2.95564
145 144 97.1458
145 146 84.5842
145 147 54.92
145 149 31.2235
146 4 34.5075
146 5 72.1082
146 7 69.2629
146 13 121.941
146 22 22.0055
146 27 31.6686
146 30 70.4506
146 35 34.3406
146 42 29.2511
146 44 63.8581
146 46 76.7814
146 51 25.7841
146 54 56.9925
146 58 98.2713
146 63 40.8235
146 65 48.1992
146 66 6.14998
146 68 16.8614
146 71 64.4698
146 72 106.863
146 76 73.4845
146 79 2.91933
146 84 110.403
146 86 53.0663
146 98 24.1018
146 103 81.9982
146 104 2
146 105 15.2322
146 106 31.1973
146 112 39.7271
146 118 54.7529
146 124 59.7032
146 125 50.0477
146 127 30.4302
146 129 54.7244
146 140 2.51766
146 143 46.3228
146 144 80.3288
146 146 76.5621
146 149 60.7472
147 0 33.5908
147 2 112.57
147 9 104.359
147 11 51.0408
147 12 65.154
147 17 82.1608
147 21 54.0542
147 31 110.443
147 34 120.286
147 36 60.4011
147 39 54.127
147 41 94.1857
147 43 4.49083
147 48 28.2563
147 55 60.7051
147 56 47.6777
147 57 16.1011
147 67 59.9916
147 69 2.63006
147 70 55.4289
147 73 3.90791
147 75 70.6069
147 80 101.012
147 83 19.7779
147 88 9.9814
147 92 13.2844
147 99 128.645
147 101 100.951
147 109 9.09046
147 110 65.3384
147 116 77.0245
147 122 85.8304
147 133 79.9488
147 136 91.7015
147 145 71.3913
147 147 65.0517
148 8 48.1732
148 14 35.9807
148 16 43.2644
148 18 68.3336
148 19 14.9587
148 24 26.7295
148 25 67.3618
148 26 37.6272
148 29 51.7076
148 33 69.8487
148 37 32.6392
148 40 44.6833
148 47 26.3955
148 50 51.2404
148 53 31.3806
148 59 87.4117
148 60 77.1742
148 61 56.6997
148 78 106.973
148 82 29.3549
148 87 27.781
148 94 35.0432
148 96 36.1119
148 107 63.4814
148 111 63.7525
148 114 77.7911
148 117 58.4989
148 119 111.153
148 121 50.2633
148 126 49.1977
148 130 22.2693
148 131 90.5713
148 138 35.0385
148 139 33.8004
148 141 2.01721
149 3 130.053
149 6 63.4356
149 8 50.8893
149 10 80.0176
149 14 34.0695
149 15 93.2102
149 16 44.1065
149 18 42.261
149 19 19.8917
149 20 136.64
149 23 51.4313
149 26 49.5931
149 32 69.0468
149 33 45.736
149 37 64.0897
149 38 88.2844
149 47 20.6429
149 49 33.9975
149 50 35.9499
149 53 66.1957
149 64 34.9548
149 74 84.644
149 77 58.1854
149 78 136.201
149 81 39.7791
149 82 39.9982
149 87 23.6126
149 89 65.3355
149 90 18.4261
149 95 46.9507
149 97 72.1118
149 100 95.1036
149 102 62.7749
149 117 37.1677
149 120 98.8612
149 121 109.785
149 130 28.5735
149 131 89.784
149 134 58.6828
149 137 110.073
149 138 54.0529
149 141 2.53284
149 142 15.0366
