150 150 5662
1
1
1
1
1
1
1
1
1
1
1
1
1
1
1
1
1
1
1
1
1
1
1
1
1
1
1
1
1
1
1
1
1
1
1
1
1
1
1
1
1
1
1
1
1
1
1
1
1
1
1
1
1
1
1
1
1
1
1
1
1
1
1
1
1
1
1
1
1
1
1
1
1
1
1
1
1
1
1
1
1
1
1
1
1
1
1
1
1
1
1
1
1
1
1
1
1
1
1
1
1
1
1
1
1
1
1
1
1
1
1
1
1
1
1
1
1
1
1
1
1
1
1
1
1
1
1
1
1
1
1
1
1
1
1
1
1
1
1
1
1
1
1
1
1
1
1
1
1
1
0 8 2.10643
0 10 96.3823
0 14 17.4246
0 22 24.3768
0 25 13.7844
0 34 6.70256
0 41 20.4942
0 49 81.4265
0 51 85.2994
0 52 77.1719
0 54 79.173
0 55 67.9666
0 56 21.3089
0 61 63.8955
0 63 31.0938
0 71 69.2212
0 73 22.5876
0 84 60.4809
0 87 95.9051
0 89 61.8134
0 90 3.46445
0 92 31.896
0 93 18.839
0 95 42.8322
0 106 110.942
0 110 64.0244
0 118 22.0266
0 123 14.4399
0 130 30.2219
0 133 59.3615
0 136 109.94
0 137 9.59314
0 143 14.4122
0 146 74.5579
1 0 59.178
1 1 75.2451
1 9 17.7658
1 15 77.1323
1 16 81.3326
1 17 41.8893
1 18 58.8242
1 20 30.7451
1 29 87.1301
1 30 139.818
1 33 52.0384
1 35 86.0508
1 42 84.6808
1 46 3.18546
1 74 112.934
1 76 68.5994
1 78 99.8945
1 80 65.2441
1 83 42.2262
1 88 112.206
1 91 57.4371
1 99 52.6226
1 100 53.7952
1 103 14.7684
1 104 82.2615
1 109 107.446
1 112 19.1469
1 115 74.2283
1 116 34.0678
1 117 11.5613
1 122 68.2919
1 126 108.067
1 128 80.0812
1 131 18.0212
1 134 25.3223
1 141 22.5879
1 144 87.5162
1 145 66.6552
1 147 7.92545
2 7 69.9921
2 12 40.9982
2 14 18.3146
2 22 58.047
2 23 26.3514
2 24 70.6386
2 25 11.6505
2 27 12.1013
2 28 23.1661
2 36 78.6033
2 41 64.2822
2 43 19.7098
2 44 18.2972
2 49 90.8153
2 53 2.39014
2 55 59.6922
2 56 17.9612
2 57 107.663
2 59 53.8682
2 61 70.4768
2 62 13.2852
2 67 82.0965
2 81 56.649
2 84 34.5016
2 85 96.0791
2 87 50.0569
2 96 28.6695
2 124 43.5822
2 125 16.2589
2 133 58.3573
2 136 86.3316
2 137 23.8911
2 140 106.147
2 149 18.7871
3 6 11.6514
3 13 47.0662
3 18 61.4031
3 20 26.7446
3 21 24.2742
3 26 93.9597
3 37 23.559
3 39 59.7447
3 40 44.5493
3 42 110.525
3 45 11.7062
3 46 3.36853
3 47 16.5624
3 58 71.7602
3 60 112.319
3 64 42.2334
3 74 118.931
3 75 94.8922
3 76 86.4029
3 77 66.3994
3 79 20.7417
3 80 43.5079
3 82 86.2584
3 88 74.345
3 91 55.3498
3 94 28.769
3 98 78.8542
3 99 56.2478
3 100 64.0001
3 101 26.3626
3 102 32.8237
3 103 16.8831
3 108 7.7309
3 111 72.118
3 113 24.6546
3 116 27.9648
3 117 9.66828
3 122 95.8024
3 127 60.5031
3 128 51.1295
3 131 18.115
3 132 98.3962
3 134 33.9638
3 138 61.288
3 141 19.7595
3 144 70.4644
3 145 77.6127
4 2 86.1918
4 5 64.7006
4 10 78.34
4 12 75.0035
4 23 19.2951
4 44 12.2971
4 52 104.884
4 53 2.04973
4 54 119.787
4 55 65.4343
4 62 12.6346
4 67 95.4568
4 72 89.9617
4 73 47.0981
4 81 39.003
4 84 64.0063
4 87 46.5731
4 90 2.8514
4 92 29.2032
4 93 17.763
4 96 20.5679
4 107 27.2458
4 110 50.7529
4 114 12.8929
4 118 28.3924
4 119 35.5281
4 121 38.5049
4 124 51.1159
4 130 41.267
4 136 100.655
4 137 21.1372
4 143 11.701
5 0 30.4641
5 4 16.9081
5 6 14.1776
5 15 100.52
5 18 85.4514
5 21 23.0678
5 26 106.804
5 29 118.881
5 31 93.5473
5 33 68.9788
5 45 10.321
5 46 2.0753
5 47 12.7202
5 48 65.4461
5 58 73.6672
5 70 69.4865
5 76 66.8537
5 77 88.7809
5 82 85.2225
5 83 43.169
5 91 100.2
5 94 20.0227
5 100 52.5316
5 103 13.6098
5 113 59.3327
5 115 73.6787
5 122 124.263
5 126 97.5314
5 128 47.4799
5 131 16.2898
5 132 72.3741
5 138 99.4489
5 142 34.568
5 144 91.4612
5 145 65.5499
5 147 9.92328
5 148 78.5446
6 2 36.6321
6 5 50.3192
6 8 3.24203
6 10 84.7279
6 11 48.2371
6 19 20.6119
6 32 84.4393
6 34 4.6018
6 51 98.9248
6 52 87.5847
6 54 45.0298
6 63 56.5152
6 65 13.9065
6 68 25.1822
6 69 5.51201
6 71 67.0076
6 72 66.6284
6 73 41.5461
6 89 89.4534
6 90 4.76865
6 92 38.0591
6 93 11.8124
6 95 94.5081
6 105 25.5553
6 106 77.0115
6 107 27.8134
6 110 43.5114
6 114 14.8515
6 118 26.7827
6 119 28.6102
6 121 31.2837
6 123 9.61646
6 130 27.6257
6 139 121.511
6 143 13.1793
6 146 99.6078
7 6 22.5361
7 13 52.8173
7 18 75.6363
7 20 27.7815
7 21 22.9942
7 26 133.722
7 37 22.7126
7 39 40.2362
7 40 50.2877
7 42 118.81
7 45 16.4373
7 46 2.15467
7 47 19.4972
7 58 53.9314
7 60 87.8403
7 64 37.9018
7 74 83.4213
7 75 81.1449
7 76 56.0571
7 77 57.5027
7 79 18.3229
7 80 46.7418
7 82 73.8689
7 88 125.494
7 91 94.7689
7 94 15.4564
7 98 61.5109
7 99 27.9848
7 100 80.3098
7 101 28.2458
7 102 23.542
7 103 12.2847
7 108 8.23707
7 111 82.8002
7 113 39.1091
7 116 46.9175
7 117 16.7585
7 122 71.9673
7 127 80.907
7 128 63.781
7 131 10.9054
7 132 93.0247
7 134 31.0283
7 138 55.6797
7 141 30.5992
7 144 103.207
7 145 58.3632
8 1 60.5877
8 4 21.9519
8 9 10.9877
8 15 82.4546
8 16 76.3414
8 21 16.4784
8 26 77.1581
8 29 105.739
8 31 73.9901
8 33 82.818
8 37 13.9066
8 38 102.406
8 39 35.6469
8 42 166.834
8 45 15.169
8 46 2.76201
8 47 14.3297
8 48 61.2452
8 50 74.6739
8 58 53.0656
8 66 28.9782
8 75 86.6035
8 76 57.2886
8 78 90.9045
8 79 15.6674
8 82 82.2786
8 83 78.7705
8 94 21.3963
8 97 43.817
8 98 78.9769
8 99 85.062
8 100 47.9302
8 101 36.0325
8 103 18.578
8 109 38.9965
8 111 67.7614
8 113 52.2888
8 115 42.2544
8 117 12.7728
8 120 51.049
8 126 102.073
8 127 59.1549
8 128 44.1933
8 129 35.6537
8 131 24.9136
8 132 98.4704
8 141 16.4627
8 142 53.5786
8 144 81.5753
9 8 3.40107
9 10 99.5284
9 14 24.8157
9 22 36.2407
9 25 9.41235
9 34 4.50588
9 41 67.7421
9 49 76.9987
9 51 97.1983
9 52 89.7892
9 54 99.5036
9 55 71.9204
9 56 11.6137
9 61 49.3089
9 63 49.8764
9 71 103.796
9 73 26.3069
9 84 54.6511
9 87 67.2065
9 89 127.73
9 90 3.89686
9 92 16.1836
9 93 16.8723
9 95 53.0743
9 106 97.0461
9 110 48.647
9 118 35.7608
9 123 14.8381
9 130 26.545
9 133 63.6627
9 136 93.1647
9 137 17.807
9 143 14.5781
9 146 70.164
10 2 82.7434
10 5 91.621
10 8 3.40737
10 10 38.9976
10 19 39.5455
10 23 13.9089
10 24 55.3355
10 32 53.3943
10 41 65.4514
10 44 23.1101
10 49 79.7862
10 51 76.513
10 57 110.806
10 68 24.5894
10 73 41.9979
10 81 58.6554
10 85 107.631
10 87 40.3022
10 90 4.79487
10 92 35.9271
10 93 12.8278
10 96 30.2402
10 107 35.6653
10 121 27.3835
10 123 15.1796
10 124 49.3082
10 130 19.7933
10 136 70.303
10 137 11.2634
10 143 11.5496
10 146 75.8531
11 7 78.2413
11 11 37.601
11 12 103.729
11 14 14.4086
11 22 43.931
11 25 14.1816
11 27 9.54377
11 28 29.0154
11 34 7.29588
11 36 20.8364
11 43 15.8597
11 52 114.172
11 53 2.09976
11 54 84.9154
11 55 57.2754
11 56 10.9867
11 59 54.0262
11 61 53.2004
11 62 9.7213
11 63 51.8907
11 65 15.9253
11 67 80.7273
11 69 3.99594
11 71 91.0941
11 72 65.8729
11 84 54.3388
11 89 64.8603
11 95 53.2817
11 105 20.9073
11 106 65.1682
11 110 44.3752
11 114 6.68822
11 118 26.9269
11 119 25.4135
11 125 22.1921
11 133 76.0545
11 139 75.63
11 140 117.278
11 149 12.4126
12 1 83.898
12 4 25.0283
12 13 86.7088
12 15 73.9792
12 16 121.784
12 18 85.8033
12 20 23.7533
12 30 64.6331
12 33 40.7023
12 38 88.885
12 39 20.2199
12 46 2.18009
12 48 61.0518
12 50 50.4703
12 58 68.0323
12 64 49.7052
12 66 22.9332
12 74 48.622
12 75 90.6906
12 80 34.8575
12 86 2.89527
12 88 89.4518
12 91 92.8031
12 94 16.5194
12 97 51.2991
12 98 94.0272
12 99 56.4948
12 100 24.9658
12 101 27.3811
12 102 41.4724
12 109 61.6695
12 111 58.6169
12 115 50.3765
12 116 50.173
12 120 64.9127
12 126 67.9457
12 127 63.3593
12 129 70.4844
12 131 17.1054
12 132 85.2411
12 135 51.5031
12 142 57.6191
12 147 10.5552
12 148 113.988
13 10 80.4424
13 11 33.8762
13 12 23.4144
13 14 21.561
13 19 56.3826
13 22 23.9629
13 24 77.0657
13 25 16.0943
13 32 58.4339
13 34 5.00905
13 36 60.4464
13 41 74.6038
13 44 16.3889
13 51 58.0831
13 52 93.5212
13 53 2.33857
13 54 101.166
13 56 19.0676
13 62 12.8842
13 63 60.4256
13 65 18.133
13 71 51.7521
13 73 72.1995
13 85 89.5089
13 92 42.4039
13 93 15.5489
13 95 52.645
13 106 79.1361
13 107 27.5798
13 119 26.4412
13 123 10.5757
13 125 17.8265
13 130 36.2468
13 133 60.8301
13 143 12.3667
13 149 16.544
14 2 50.3707
14 5 116.328
14 10 45.7198
14 12 98.909
14 23 20.3949
14 44 13.7704
14 52 108.167
14 53 2.04951
14 54 107.059
14 55 68.9303
14 62 7.15928
14 67 96.1081
14 72 31.8411
14 73 47.0444
14 81 38.3769
14 84 39.2226
14 87 37.6963
14 90 5.24673
14 92 32.7933
14 93 14.1832
14 96 34.1191
14 107 33.5067
14 110 35.2591
14 114 11.1811
14 118 35.6294
14 119 34.2136
14 121 37.5128
14 124 47.3187
14 130 30.8057
14 136 55.5271
14 137 20.2894
14 143 13.3369
15 0 33.8108
15 3 34.1099
15 6 13.1129
15 13 57.347
15 17 50.9632
15 18 54.3591
15 20 39.5333
15 30 55.1161
15 35 90.4891
15 40 46.4569
15 60 109.022
15 64 43.9323
15 70 62.9978
15 74 108.027
15 77 71.1502
15 80 73.714
15 86 3.00621
15 88 110.804
15 91 65.9802
15 102 33.0402
15 104 49.9781
15 108 6.42174
15 112 25.435
15 116 47.9348
15 122 82.5898
15 134 33.2264
15 135 37.58
15 138 75.4552
15 145 51.613
15 147 10.7032
15 148 99.6873
16 2 81.1053
16 5 82.373
16 7 34.008
16 8 2.97179
16 23 17.9836
16 27 9.6789
16 28 21.031
16 43 11.4571
16 49 56.0756
16 55 37.8768
16 57 105.159
16 59 39.5152
16 61 90.6048
16 67 72.9302
16 68 27.6033
16 69 6.5467
16 72 44.2897
16 81 51.1876
16 84 47.6485
16 87 65.8545
16 89 53.0045
16 90 3.72403
16 96 25.2679
16 105 17.8133
16 110 40.3823
16 114 13.2868
16 118 38.4558
16 121 24.0999
16 124 54.8276
16 136 51.5938
16 137 18.9862
16 139 121.509
16 140 51.8592
16 146 84.1532
17 2 92.5703
17 5 76.2602
17 8 3.08023
17 10 69.54
17 19 43.5704
17 23 15.0209
17 24 40.812
17 32 45.4828
17 41 42.937
17 44 18.4513
17 49 76.9048
17 51 96.111
17 57 67.7736
17 68 28.0868
17 73 38.8725
17 81 51.5701
17 85 76.9212
17 87 78.3478
17 90 2.61993
17 92 41.0697
17 93 10.3603
17 96 21.8181
17 107 35.2194
17 121 21.8087
17 123 14.0748
17 124 37.1116
17 130 21.731
17 136 97.8955
17 137 15.85
17 143 11.689
17 146 66.844
18 0 58.7993
18 4 16.4933
18 6 17.7532
18 15 74.1808
18 18 63.0019
18 21 18.2947
18 26 59.6791
18 29 80.443
18 31 56.1539
18 33 58.1665
18 45 14.4062
18 46 2.93015
18 47 8.70038
18 48 47.4337
18 58 75.3354
18 70 49.1807
18 76 63.2566
18 77 67.653
18 82 60.3892
18 83 77.7246
18 91 40.5278
18 94 17.0614
18 100 54.7468
18 103 10.3609
18 113 44.9288
18 115 57.0822
18 122 79.7614
18 126 62.3812
18 128 48.7899
18 131 20.1866
18 132 107.086
18 138 82.7366
18 142 74.2564
18 144 87.8296
18 145 75.3692
18 147 7.84562
18 148 46.4189
19 3 43.075
19 4 19.5728
19 6 12.7819
19 13 62.0591
19 21 19.9483
19 26 106.655
19 31 60.8205
19 37 26.1541
19 38 46.4675
19 39 36.1782
19 40 61.0495
19 45 10.9421
19 47 12.0888
19 48 81.293
19 50 52.8489
19 58 61.338
19 60 113.667
19 64 37.6985
19 66 30.7996
19 70 25.1809
19 75 103.468
19 77 104.638
19 79 11.144
19 82 120.743
19 86 2.37939
19 94 19.6676
19 97 57.3787
19 98 43.6296
19 101 18.6948
19 102 27.9999
19 108 12.9261
19 111 81.2778
19 113 52.7655
19 120 61.1737
19 127 43.6996
19 129 52.5849
19 132 68.1535
19 135 63.7355
19 138 100.202
19 142 61.1873
19 148 112.087
20 1 112.431
20 4 20.9147
20 13 75.2992
20 15 76.045
20 16 109.651
20 18 57.4741
20 20 34.9691
20 30 90.6661
20 33 73.4139
20 38 91.8526
20 39 41.671
20 46 3.16306
20 48 28.4642
20 50 69.3197
20 58 59.9503
20 64 41.7795
20 66 37.6816
20 74 54.8523
20 75 44.5006
20 80 53.9244
20 86 2.41529
20 88 94.0543
20 91 89.1189
20 94 25.2064
20 97 49.6095
20 98 62.081
20 99 86.682
20 100 54.3377
20 101 25.4377
20 102 26.4221
20 109 56.1706
20 111 85.7057
20 115 72.4725
20 116 33.4255
20 120 59.8802
20 126 81.0412
20 127 92.7453
20 129 39.4681
20 131 12.9484
20 132 51.2012
20 135 47.132
20 142 56.192
20 147 9.51691
20 148 102.081
21 3 47.9672
21 4 14.9626
21 6 13.0277
21 13 63.7277
21 21 14.9315
21 26 112.906
21 31 64.7479
21 37 20.5603
21 38 100.771
21 39 81.5123
21 40 44.0606
21 45 17.0573
21 47 11.521
21 48 38.8961
21 50 55.354
21 58 68.5552
21 60 46.934
21 64 29.0278
21 66 36.0073
21 70 73.8261
21 75 76.6421
21 77 126.509
21 79 14.7808
21 82 120.615
21 86 3.48551
21 94 15.3463
21 97 48.9717
21 98 70.0677
21 101 23.0588
21 102 41.6161
21 108 10.2472
21 111 49.1734
21 113 36.3369
21 120 78.8161
21 127 83.1473
21 129 62.5242
21 132 69.4368
21 135 43.8726
21 138 80.3169
21 142 62.7102
21 148 63.6561
22 0 45.6156
22 1 30.5602
22 9 17.7896
22 15 88.971
22 16 81.4578
22 17 51.314
22 18 31.5171
22 20 24.8716
22 29 95.1697
22 30 125.284
22 33 83.0313
22 35 79.6036
22 42 94.3336
22 46 2.29969
22 74 92.2036
22 76 72.7341
22 78 61.1749
22 80 59.5186
22 83 39.1784
22 88 66.171
22 91 67.8938
22 99 54.1805
22 100 60.1496
22 103 14.5842
22 104 71.4963
22 109 92.8931
22 112 36.166
22 115 78.7178
22 116 33.4496
22 117 10.2596
22 122 89.708
22 126 68.1288
22 128 38.4552
22 131 18.7944
22 134 28.4631
22 141 29.9649
22 144 60.6106
22 145 76.4502
22 147 12.4314
23 0 34.5585
23 3 33.473
23 6 13.9161
23 9 32.2856
23 17 23.7336
23 21 22.0062
23 26 124.71
23 29 92.3092
23 31 67.1307
23 35 100.946
23 37 16.06
23 40 55.3233
23 42 143.508
23 45 13.5075
23 47 14.5622
23 60 122.305
23 70 58.926
23 76 86.7227
23 77 82.3542
23 78 79.5841
23 79 13.284
23 82 102.099
23 83 38.3565
23 103 12.8009
23 104 84.8494
23 108 8.12425
23 112 14.2579
23 113 33.8241
23 117 12.7836
23 122 132.287
23 128 71.9824
23 134 28.0398
23 138 93.9212
23 141 26.9965
23 144 51.7708
23 145 47.0631
24 0 17.6609
24 1 56.0968
24 9 19.2749
24 15 79.9372
24 16 121.191
24 17 45.7086
24 18 65.3476
24 20 35.182
24 29 73.4703
24 30 95.8977
24 33 25.5624
24 35 79.2823
24 42 106.059
24 46 2
24 74 103.286
24 76 75.4627
24 78 101.971
24 80 51.0145
24 83 52.2668
24 88 78.0999
24 91 48.2584
24 99 42.8238
24 100 36.4012
24 103 7.62115
24 104 66.8157
24 109 88.8891
24 112 25.2231
24 115 62.3995
24 116 46.9308
24 117 10.3192
24 122 99.5681
24 126 105.108
24 128 18.5361
24 131 18.2439
24 134 36.2346
24 141 32.1913
24 144 90.2233
24 145 44.8591
24 147 9.774
25 6 21.9502
25 13 51.0611
25 18 35.0159
25 20 28.7744
25 21 16.5816
25 26 131.719
25 37 23.9252
25 39 44.1833
25 40 39.0097
25 42 81.0348
25 45 14.841
25 46 3.52148
25 47 17.2051
25 58 18.7213
25 60 89.3714
25 64 52.7341
25 74 56.9648
25 75 92.5422
25 76 72.214
25 77 86.6418
25 79 10.7863
25 80 55.1896
25 82 114.208
25 88 97.5261
25 91 63.9721
25 94 25.796
25 98 92.3919
25 99 41.3043
25 100 53.4255
25 101 11.2648
25 102 36.7838
25 103 15.105
25 108 10.6545
25 111 112.048
25 113 42.4391
25 116 30.8752
25 117 13.2779
25 122 105.381
25 127 25.5003
25 128 73.8354
25 131 14.8501
25 132 68.7481
25 134 27.9067
25 138 89.2048
25 141 25.6685
25 144 74.903
25 145 80.2504
26 1 61.6353
26 4 26.3758
26 9 16.5844
26 15 95.1289
26 16 63.9302
26 21 27.1725
26 26 83.2634
26 29 85.6916
26 31 71.11
26 33 65.2259
26 37 34.6995
26 38 70.9008
26 39 62.7493
26 42 109.03
26 45 17.9183
26 46 3.58181
26 47 15.0138
26 48 58.4962
26 50 57.1272
26 58 73.7416
26 66 21.7416
26 75 81.6628
26 76 66.8863
26 78 106.637
26 79 16.7707
26 82 58.343
26 83 45.8248
26 94 21.4925
26 97 51.1529
26 98 91.1971
26 99 41.2591
26 100 48.6378
26 101 30.5731
26 103 13.4554
26 109 64.607
26 111 103.331
26 113 53.6969
26 115 53.9282
26 117 16.4519
26 120 67.764
26 126 48.898
26 127 38.9945
26 128 80.6419
26 129 32.3467
26 131 11.7367
26 132 58.6885
26 141 22.6837
26 142 53.595
26 144 65.4674
27 10 103.74
27 11 35.8921
27 12 103.873
27 14 25.4076
27 19 13.5414
27 22 39.813
27 24 70.4712
27 25 10.4154
27 32 77.3991
27 34 6.07966
27 36 42.0987
27 41 56.9257
27 44 14.0567
27 51 79.9787
27 52 52.8876
27 53 2
27 54 113.465
27 56 11.2355
27 62 12.8195
27 63 42.2712
27 65 16.4875
27 71 67.7654
27 73 50.8886
27 85 83.2233
27 92 24.3992
27 93 18.3561
27 95 63.5745
27 106 77.9954
27 107 32.6649
27 119 26.2749
27 123 16.1826
27 125 16.6323
27 130 22.237
27 133 52.2589
27 143 14.1238
27 149 10.9529
28 7 53.8096
28 11 42.0191
28 12 69.506
28 14 16.3107
28 22 35.5965
28 25 12.242
28 27 13.3198
28 28 24.543
28 34 8.76542
28 36 58.4741
28 43 14.219
28 52 78.0673
28 53 2.02974
28 54 109.056
28 55 56.5394
28 56 11.0305
28 59 46.7417
28 61 56.8554
28 62 11.3719
28 63 30.6682
28 65 14.94
28 67 85.8111
28 69 2.82999
28 71 82.5456
28 72 87.2142
28 84 59.6327
28 89 83.6785
28 95 87.8226
28 105 24.1863
28 106 85.0041
28 110 56.886
28 114 11.7524
28 118 14.4583
28 119 32.4247
28 125 11.2234
28 133 71.874
28 139 106.74
28 140 42.9936
28 149 17.1382
29 10 82.008
29 11 29.4799
29 12 90.8487
29 14 21.183
29 19 36.17
29 22 57.7294
29 24 101.079
29 25 15.7474
29 32 55.2887
29 34 5.56234
29 36 52.7424
29 41 62.1322
29 44 18.5488
29 51 111.636
29 52 97.9284
29 53 2.12626
29 54 144.044
29 56 12.2297
29 62 11.8169
29 63 23.787
29 65 13.6148
29 71 75.6054
29 73 51.3109
29 85 52.3968
29 92 40.9416
29 93 11.4343
29 95 57.2354
29 106 67.1646
29 107 33.3285
29 119 25.8435
29 123 13.2695
29 125 25.9179
29 130 34.5715
29 133 43.1095
29 143 17.0617
29 149 14.5111
30 3 24.3713
30 4 20.9005
30 6 16.6484
30 13 53.4438
30 21 27.2506
30 26 96.5101
30 31 50.5345
30 37 19.6971
30 38 70.7552
30 39 77.2829
30 40 34.5388
30 45 13.6135
30 47 9.88736
30 48 68.6593
30 50 58.115
30 58 72.3977
30 60 95.5438
30 64 39.3294
30 66 26.3988
30 70 53.9507
30 75 123.043
30 77 55.0901
30 79 19.0446
30 82 57.8299
30 86 3.67471
30 94 25.5569
30 97 62.2431
30 98 54.9345
30 101 19.4341
30 102 34.8282
30 108 8.64151
30 111 73.4726
30 113 44.0301
30 120 63.9073
30 127 40.5541
30 129 47.2783
30 132 46.2413
30 135 48.822
30 138 87.2281
30 142 36.441
30 148 111.328
31 2 73.8894
31 5 63.8053
31 8 3.05904
31 10 117.751
31 11 19.7583
31 19 44.4729
31 32 81.4906
31 34 4.04918
31 51 94.1125
31 52 85.0799
31 54 111.063
31 63 39.0211
31 65 21.2109
31 68 45.8552
31 69 3.16337
31 71 90.3198
31 72 67.8729
31 73 48.3288
31 89 100.701
31 90 3.38179
31 92 45.4732
31 93 8.48839
31 95 54.1734
31 105 20.2572
31 106 72.1479
31 107 21.2418
31 110 51.9135
31 114 15.3779
31 118 35.3394
31 119 21.4948
31 121 28.1052
31 123 12.7406
31 130 35.5156
31 139 93.422
31 143 8.81697
31 146 81.8768
32 0 39.4418
32 4 32.2658
32 6 13.0541
32 15 82.0269
32 18 91.6644
32 21 22.2713
32 26 98.6173
32 29 39.1871
32 31 67.8381
32 33 84.8434
32 45 21.7927
32 46 2
32 47 13.8822
32 48 63.4244
32 58 102.688
32 70 58.655
32 76 51.8038
32 77 100.779
32 82 109.776
32 83 54.6596
32 91 47.9615
32 94 26.3956
32 100 50.0786
32 103 5.56031
32 113 37.9275
32 115 67.6633
32 122 93.4614
32 126 108.64
32 128 58.9107
32 131 19.7892
32 132 98.0915
32 138 85.5578
32 142 72.227
32 144 63.0425
32 145 63.572
32 147 9.74012
32 148 67.3812
33 0 49.2826
33 3 34.6035
33 6 17.4128
33 13 30.6993
33 17 38.0882
33 18 84.5334
33 20 20.5113
33 30 131.985
33 35 71.9001
33 40 20.2558
33 60 68.585
33 64 43.2312
33 70 71.8604
33 74 111.605
33 77 99.5126
33 80 44.3885
33 86 2.67878
33 88 85.7669
33 91 53.2793
33 102 23.6202
33 104 89.5404
33 108 7.84782
33 112 27.4493
33 116 29.8159
33 122 55.316
33 134 23.7588
33 135 50.1099
33 138 57.7705
33 145 64.7392
33 147 15.1155
33 148 69.1844
34 2 91.2095
34 5 75.3271
34 7 120.457
34 11 44.3267
34 12 87.2016
34 19 54.9219
34 23 17.4087
34 24 59.7456
34 27 10.9142
34 28 23.8186
34 32 65.4521
34 36 54.9727
34 43 17.9188
34 44 10.5404
34 53 2
34 57 110.435
34 59 49.4943
34 62 10.4177
34 65 16.4537
34 67 70.3658
34 68 40.6808
34 69 5.29601
34 72 98.094
34 81 59.0213
34 85 65.7635
34 96 28.4235
34 105 14.5781
34 107 35.8711
34 114 13.0751
34 119 28.3919
34 121 36.2077
34 124 34.0072
34 125 20.3284
34 139 89.1502
34 140 56.4078
34 149 17.2248
35 2 84.5766
35 5 111.035
35 8 3.29053
35 10 88.7925
35 11 38.3874
35 19 64.2768
35 32 70.0482
35 34 5.79971
35 51 106.847
35 52 142.548
35 54 76.4432
35 63 47.2707
35 65 11.5492
35 68 41.3471
35 69 5.48298
35 71 68.9744
35 72 53.0844
35 73 55.5534
35 89 52.7409
35 90 3.14387
35 92 29.7101
35 93 11.4023
35 95 63.9775
35 105 23.6028
35 106 51.6492
35 107 45.2122
35 110 48.2911
35 114 13.3515
35 118 23.0358
35 119 15.7242
35 121 36.4453
35 123 15.3831
35 130 25.5277
35 139 98.3981
35 143 11.5229
35 146 70.9686
36 8 3.15324
36 10 114.492
36 14 25.0545
36 22 49.7807
36 25 11.8437
36 34 5.10909
36 41 28.4299
36 49 52.2054
36 51 94.1406
36 52 93.9796
36 54 114.328
36 55 44.7285
36 56 16.718
36 61 72.7531
36 63 79.8892
36 71 53.215
36 73 47.8363
36 84 39.4574
36 87 61.2754
36 89 65.5952
36 90 4.18389
36 92 33.1492
36 93 15.4446
36 95 49.6491
36 106 96.9894
36 110 39.8509
36 118 37.5618
36 123 12.7681
36 130 36.6484
36 133 61.6511
36 136 82.2809
36 137 12.9403
36 143 11.1938
36 146 95.9309
37 2 81.2736
37 5 58.1214
37 7 92.9035
37 11 23.1937
37 12 59.8142
37 19 31.4906
37 23 19.527
37 24 69.4524
37 27 4.6908
37 28 35.5252
37 32 74.5493
37 36 30.969
37 43 15.7501
37 44 12.2137
37 53 2
37 57 110.535
37 59 39.9091
37 62 8.24157
37 65 13.0521
37 67 90.9816
37 68 37.7531
37 69 5.81156
37 72 59.3117
37 81 37.7752
37 85 115.614
37 96 28.7823
37 105 24.9615
37 107 32.0821
37 114 12.7262
37 119 19.6874
37 121 43.8198
37 124 59.0283
37 125 17.4625
37 139 74.6592
37 140 64.3393
37 149 15.7274
38 2 64.2154
38 5 99.5789
38 7 106.842
38 8 3.01326
38 23 21.3563
38 27 9.20653
38 28 34.4812
38 43 15.7524
38 49 58.4823
38 55 47.1491
38 57 68.2048
38 59 25.5846
38 61 65.4258
38 67 82.365
38 68 31.7259
38 69 4.68284
38 72 83.495
38 81 58.5389
38 84 28.9545
38 87 36.2362
38 89 69.154
38 90 3.99179
38 96 22.7877
38 105 20.0853
38 110 37.284
38 114 8.95859
38 118 22.8481
38 121 34.5583
38 124 42.7405
38 136 112.606
38 137 17.2998
38 139 94.9058
38 140 82.7692
38 146 82.8675
39 3 30.8709
39 4 12.3914
39 6 24.583
39 13 74.2849
39 21 17.3585
39 26 46.9168
39 31 73.6033
39 37 14.7541
39 38 80.0552
39 39 79.7704
39 40 31.1499
39 45 14.8628
39 47 9.83621
39 48 40.7076
39 50 71.0032
39 58 66.4063
39 60 87.6086
39 64 49.9671
39 66 38.2238
39 70 68.9335
39 75 93.8537
39 77 121.07
39 79 14.8889
39 82 98.3633
39 86 2.17664
39 94 18.8283
39 97 51.9424
39 98 68.2056
39 101 14.992
39 102 34.0406
39 108 9.01379
39 111 42.2008
39 113 45.4444
39 120 66.4531
39 127 92.8608
39 129 38.4333
39 132 80.6844
39 135 47.1685
39 138 89.7062
39 142 68.6786
39 148 94.9035
40 0 25.5331
40 4 24.676
40 6 12.732
40 15 50.7684
40 18 59.449
40 21 27.2136
40 26 47.2813
40 29 100.691
40 31 14.3386
40 33 43.1255
40 45 13.5085
40 46 3.65604
40 47 14.1819
40 48 76.9271
40 58 74.7088
40 70 44.2253
40 76 85.8812
40 77 108.838
40 82 119.274
40 83 47.9707
40 91 70.8152
40 94 20.1476
40 100 54.9473
40 103 16.2245
40 113 31.2713
40 115 58.1963
40 122 105.033
40 126 66.7887
40 128 53.2572
40 131 21.1826
40 132 88.0692
40 138 95.7168
40 142 40.555
40 144 67.444
40 145 93.4909
40 147 9.07679
40 148 56.5829
41 7 76.8185
41 11 48.2984
41 12 100.62
41 14 18.9688
41 22 62.2801
41 25 15.8458
41 27 16.6514
41 28 37.9191
41 34 6.83547
41 36 61.7047
41 43 11.0293
41 52 97.9109
41 53 2
41 54 78.2078
41 55 47.9627
41 56 11.1064
41 59 33.5453
41 61 78.8432
41 62 15.0789
41 63 56.2411
41 65 14.7774
41 67 128.776
41 69 5.74708
41 71 45.1823
41 72 72.3362
41 84 36.9448
41 89 86.5021
41 95 64.5303
41 105 23.4089
41 106 97.1202
41 110 47.6095
41 114 10.4143
41 118 51.4684
41 119 33.5778
41 125 13.124
41 133 51.272
41 139 98.1697
41 140 53.2399
41 149 14.9735
42 7 123.838
42 11 37.13
42 12 104.135
42 14 22.101
42 22 47.1337
42 25 16.6835
42 27 16.7966
42 28 11.4253
42 34 6.14017
42 36 64.4476
42 43 22.1714
42 52 57.4258
42 53 2
42 54 100.518
42 55 66.3191
42 56 6.80789
42 59 35.1227
42 61 93.5638
42 62 10.0531
42 63 50.3846
42 65 18.0225
42 67 96.5801
42 69 3.80217
42 71 69.3294
42 72 83.2298
42 84 48.1967
42 89 64.3911
42 95 94.0913
42 105 19.897
42 106 108.577
42 110 55.8226
42 114 7.40155
42 118 27.9021
42 119 16.7339
42 125 19.838
42 133 63.5157
42 139 57.9343
42 140 49.4862
42 149 19.344
43 6 17.3572
43 13 98.4519
43 18 66.1149
43 20 19.3873
43 21 15.344
43 26 101.449
43 37 13.7168
43 39 68.0885
43 40 23.8685
43 42 118.884
43 45 17.9437
43 46 2.33312
43 47 22.8513
43 58 60.9994
43 60 108.789
43 64 37.0873
43 74 119.82
43 75 73.4633
43 76 79.6655
43 77 112.411
43 79 16.4576
43 80 38.9102
43 82 106.718
43 88 73.895
43 91 99.6704
43 94 19.9215
43 98 66.3869
43 99 82.3174
43 100 67.3134
43 101 36.6702
43 102 27.3892
43 103 16.6627
43 108 6.76855
43 111 77.7513
43 113 42.2741
43 116 46.8256
43 117 11.7877
43 122 120.813
43 127 34.2567
43 128 72.3089
43 131 23.0058
43 132 76.1818
43 134 33.8258
43 138 90.7426
43 141 22.7238
43 144 120.656
43 145 81.8292
44 2 78.3368
44 5 98.8777
44 8 3.24507
44 10 90.7621
44 19 45.2926
44 23 17.9247
44 24 12.877
44 32 57.6391
44 41 47.8786
44 44 19.115
44 49 104.371
44 51 75.2422
44 57 95.8052
44 68 48.0432
44 73 33.7885
44 81 53.8541
44 85 87.5327
44 87 57.4252
44 90 5.29712
44 92 23.5565
44 93 17.264
44 96 27.1236
44 107 26.5728
44 121 25.096
44 123 8.74564
44 124 44.6693
44 130 44.0896
44 136 108.483
44 137 13.6345
44 143 12.4188
44 146 46.8374
45 0 60.467
45 3 35.1683
45 6 19.678
45 13 53.6181
45 17 45.6534
45 18 62.4293
45 20 24.4591
45 30 121.277
45 35 93.7473
45 40 10.0836
45 60 120.441
45 64 35.7052
45 70 52.0674
45 74 59.9306
45 77 79.1467
45 80 51.9745
45 86 2.48567
45 88 84.1208
45 91 90.2845
45 102 32.4357
45 104 81.5593
45 108 5.97306
45 112 18.3476
45 116 40.6039
45 122 85.5119
45 134 35.9227
45 135 51.9046
45 138 98.4454
45 145 54.3141
45 147 9.35485
45 148 74.8501
46 0 45.8492
46 3 41.0477
46 6 12.3405
46 9 16.9405
46 17 60.7489
46 21 23.3169
46 26 90.1322
46 29 94.3452
46 31 40.1347
46 35 56.6026
46 37 16.9442
46 40 26.3489
46 42 74.6328
46 45 10.6286
46 47 15.6912
46 60 75.5445
46 70 31.0917
46 76 48.1296
46 77 105.616
46 78 98.0976
46 79 15.4229
46 82 100.692
46 83 50.6707
46 103 13.5741
46 104 61.4451
46 108 7.70371
46 112 23.0457
46 113 39.9438
46 117 10.5057
46 122 96.0575
46 128 67.7615
46 134 19.6381
46 138 64.2585
46 141 12.5522
46 144 84.5708
46 145 92.6865
47 3 28.2109
47 4 17.0178
47 6 16.3787
47 13 37.5838
47 21 14.5233
47 26 123.922
47 31 57.0507
47 37 27.9749
47 38 71.2749
47 39 46.3931
47 40 45.4084
47 45 15.0451
47 47 17.0861
47 48 67.4458
47 50 68.417
47 58 63.1276
47 60 66.4375
47 64 41.345
47 66 30.2914
47 70 65.3641
47 75 71.3397
47 77 67.7608
47 79 11.5525
47 82 100.444
47 86 2.7561
47 94 23.5878
47 97 53.1404
47 98 73.3356
47 101 20.4378
47 102 17.5247
47 108 14.2175
47 111 55.5461
47 113 32.0023
47 120 88.3189
47 127 76.1179
47 129 48.8851
47 132 101.994
47 135 40.1146
47 138 95.9955
47 142 47.2552
47 148 83.0698
48 1 41.7999
48 4 13.6146
48 13 69.162
48 15 79.4347
48 16 56.5133
48 18 99.0403
48 20 19.718
48 30 67.8853
48 33 75.5749
48 38 65.0009
48 39 77.0963
48 46 2.02871
48 48 39.9052
48 50 63.1421
48 58 45.1588
48 64 38.0317
48 66 38.155
48 74 88.069
48 75 60.3948
48 80 70.7616
48 86 3.03117
48 88 91.995
48 91 89.4234
48 94 25.2039
48 97 52.7608
48 98 52.7855
48 99 45.7104
48 100 53.8251
48 101 12.2166
48 102 40.7701
48 109 69.6984
48 111 68.4149
48 115 82.7456
48 116 35.6416
48 120 105.346
48 126 66.2866
48 127 63.5702
48 129 69.0491
48 131 13.2551
48 132 67.7554
48 135 47.0007
48 142 41.9519
48 147 9.82737
48 148 113.469
49 2 98.647
49 5 43.0297
49 7 82.9842
49 11 43.4763
49 12 86.9569
49 19 51.974
49 23 22.7352
49 24 36.9118
49 27 14.1306
49 28 28.0717
49 32 55.1075
49 36 70.2746
49 43 19.6621
49 44 24.7176
49 53 2.11202
49 57 128.092
49 59 51.0572
49 62 15.4643
49 65 14.4233
49 67 87.1481
49 68 41.6256
49 69 5.32732
49 72 73.0604
49 81 46.9272
49 85 84.4127
49 96 24.1688
49 105 21.6899
49 107 35.4156
49 114 11.0503
49 119 28.7343
49 121 21.1957
49 124 40.6059
49 125 8.55091
49 139 96.5076
49 140 52.5054
49 149 9.51217
50 7 119.446
50 11 48.5126
50 12 68.7864
50 14 16.0648
50 22 37.4693
50 25 16.6722
50 27 12.5041
50 28 21.6376
50 34 4.17485
50 36 52.729
50 43 19.9984
50 52 82.214
50 53 2
50 54 77.5675
50 55 55.1669
50 56 15.4276
50 59 47.524
50 61 70.6795
50 62 10.2873
50 63 40.541
50 65 21.4024
50 67 135.409
50 69 5.77256
50 71 43.5554
50 72 51.9674
50 84 60.1029
50 89 67.7082
50 95 106.063
50 105 30.5956
50 106 75.7165
50 110 56.1078
50 114 9.05482
50 118 32.915
50 119 27.7469
50 125 23.2637
50 133 48.5211
50 139 72.49
50 140 91.2615
50 149 9.86675
51 0 33.1793
51 3 41.8359
51 6 12.7014
51 9 19.3632
51 17 38.4287
51 21 15.5955
51 26 93.2842
51 29 91.9674
51 31 55.3729
51 35 75.7134
51 37 18.0377
51 40 43.1366
51 42 117.273
51 45 13.9231
51 47 13.5446
51 60 90.265
51 70 64.558
51 76 77.7908
51 77 67.1399
51 78 42.1355
51 79 12.5239
51 82 95.7736
51 83 47.4262
51 103 12.4312
51 104 58.3845
51 108 3.54817
51 112 20.9203
51 113 55.9825
51 117 17.5986
51 122 119.07
51 128 56.8363
51 134 35.8814
51 138 76.4748
51 141 27.6051
51 144 68.2185
51 145 73.9507
52 2 74.8314
52 5 70.7349
52 7 91.5082
52 8 2.55651
52 23 12.7681
52 27 13.9834
52 28 33.187
52 43 13.3788
52 49 66.9453
52 55 36.7462
52 57 104.001
52 59 50.5998
52 61 94.8424
52 67 89.9801
52 68 41.1551
52 69 5.09915
52 72 37.1434
52 81 44.2877
52 84 58.5799
52 87 50.4948
52 89 55.1359
52 90 3.55182
52 96 26.8194
52 105 28.1683
52 110 34.4404
52 114 11.5129
52 118 22.4665
52 121 24.3321
52 124 66.7984
52 136 65.1748
52 137 15.2161
52 139 90.1555
52 140 96.4693
52 146 62.8068
53 2 73.5669
53 5 61.9363
53 10 67.7791
53 12 104.838
53 23 16.1446
53 44 21.0636
53 52 81.9137
53 53 2.48503
53 54 57.5943
53 55 64.9177
53 62 9.28047
53 67 92.5272
53 72 48.6806
53 73 50.1627
53 81 66.8228
53 84 47.5828
53 87 64.3626
53 90 3.35425
53 92 19.8141
53 93 11.6002
53 96 36.3131
53 107 20.3135
53 110 43.2832
53 114 8.07904
53 118 31.76
53 119 29.1232
53 121 35.3484
53 124 46.1482
53 130 32.3982
53 136 85.6586
53 137 18.1078
53 143 11.429
54 0 20.1426
54 1 74.3349
54 3 31.3333
54 4 16.8068
54 9 17.5301
54 15 96.5007
54 16 100.158
54 17 42.5343
54 29 32.1296
54 30 93.0102
54 31 93.4841
54 33 63.0284
54 35 93.4924
54 38 53.6222
54 48 43.3036
54 50 52.5256
54 66 23.4892
54 70 65.2368
54 78 124.236
54 83 44.2931
54 86 2.90523
54 97 65.8876
54 104 95.7061
54 109 69.1518
54 112 32.9281
54 115 81.1307
54 120 94.597
54 126 83.0616
54 129 42.3522
54 135 31.1003
54 142 19.3684
54 147 12.5651
54 148 91.312
55 1 79.572
55 4 18.8209
55 9 25.5648
55 15 118.827
55 16 128.057
55 21 25.2601
55 26 92.5629
55 29 60.5418
55 31 59.157
55 33 53.109
55 37 24.195
55 38 73.0484
55 39 45.5779
55 42 140.882
55 45 12.0329
55 46 2.41004
55 47 8.00498
55 48 60.7124
55 50 45.1869
55 58 53.9383
55 66 41.5804
55 75 108.053
55 76 77.6573
55 78 92.2215
55 79 10.5018
55 82 132.477
55 83 40.6115
55 94 23.9961
55 97 65.4883
55 98 75.5447
55 99 66.9038
55 100 45.8369
55 101 22.5488
55 103 13.3027
55 109 57.017
55 111 60.8879
55 113 57.6353
55 115 74.4881
55 117 16.4537
55 120 66.4593
55 126 98.6319
55 127 98.8503
55 128 53.1211
55 129 39.5286
55 131 15.7084
55 132 54.7611
55 141 33.802
55 142 67.4822
55 144 92.5619
56 0 61.1109
56 3 48.1244
56 6 21.6459
56 13 75.6135
56 17 24.5723
56 18 89.2221
56 20 34.4521
56 30 103.241
56 35 60.5079
56 40 20.4895
56 60 70.8873
56 64 54.7574
56 70 41.8505
56 74 135.673
56 77 81.3835
56 80 80.9978
56 86 2.58313
56 88 86.7679
56 91 35.8816
56 102 28.6812
56 104 79.4799
56 108 14.9397
56 112 16.696
56 116 32.0409
56 122 111.36
56 134 24.6058
56 135 59.6588
56 138 77.6149
56 145 73.6689
56 147 9.00782
56 148 63.7779
57 7 116.404
57 8 2.27415
57 11 36.8603
57 14 18.6176
57 19 31.1125
57 22 20.3902
57 24 77.0269
57 25 10.2339
57 27 14.7461
57 28 24.7551
57 32 100.261
57 34 5.31801
57 36 62.0443
57 41 46.5098
57 43 20.8301
57 49 77.1118
57 51 94.2346
57 56 13.2035
57 57 88.1671
57 59 50.2213
57 61 95.7287
57 63 55.5735
57 65 15.0164
57 68 29.8308
57 69 4.53512
57 71 66.9602
57 85 108.641
57 89 75.5151
57 95 73.6523
57 105 22.1163
57 106 48.3255
57 123 16.9521
57 125 14.5667
57 133 59.2616
57 139 96.4594
57 140 93.4813
57 146 118.915
57 149 17.7485
58 6 18.8134
58 13 60.0129
58 18 62.975
58 20 37.1796
58 21 24.9522
58 26 117.324
58 37 27.3685
58 39 51.5394
58 40 21.6492
58 42 81.4134
58 45 10.7438
58 46 4.00962
58 47 16.5365
58 58 23.2386
58 60 49.944
58 64 52.7605
58 74 104.525
58 75 58.7449
58 76 44.9048
58 77 65.0957
58 79 13.3064
58 80 49.3129
58 82 51.7314
58 88 109.695
58 91 94.6524
58 94 21.9562
58 98 86.1191
58 99 75.5603
58 100 34.7876
58 101 16.5181
58 102 24.3877
58 103 9.87823
58 108 10.7474
58 111 76.6589
58 113 33.5356
58 116 39.3795
58 117 12.8366
58 122 122.188
58 127 43.7407
58 128 52.3316
58 131 16.5404
58 132 96.4781
58 134 33.178
58 138 88.0895
58 141 14.8243
58 144 100.449
58 145 71.0765
59 7 90.5702
59 12 93.3319
59 14 22.0978
59 22 56.8716
59 23 17.1603
59 24 70.6876
59 25 9.40569
59 27 12.6961
59 28 31.4818
59 36 47.1434
59 41 81.4293
59 43 24.6983
59 44 27.2577
59 49 63.2865
59 53 2
59 55 70.3064
59 56 16.1475
59 57 106.462
59 59 29.6582
59 61 95.9204
59 62 6.46308
59 67 103.921
59 81 54.7756
59 84 37.9722
59 85 103.982
59 87 61.466
59 96 33.7674
59 124 46.649
59 125 16.9064
59 133 55.7743
59 136 79.024
59 137 21.4036
59 140 93.1334
59 149 13.6629
60 8 2.96509
60 10 39.212
60 14 19.7371
60 22 39.831
60 25 9.89775
60 34 5.19261
60 41 71.3963
60 49 67.4542
60 51 42.4044
60 52 123.869
60 54 98.5153
60 55 33.1768
60 56 12.8396
60 61 32.0115
60 63 31.816
60 71 52.4373
60 73 53.2299
60 84 29.7377
60 87 82.103
60 89 69.5129
60 90 5.04756
60 92 45.3763
60 93 19.3186
60 95 55.1223
60 106 81.0912
60 110 57.5213
60 118 24.7655
60 123 12.5877
60 130 31.7311
60 133 78.8232
60 136 103.858
60 137 21.3565
60 143 13.1873
60 146 102.185
61 2 63.8576
61 5 107.568
61 8 3.01673
61 10 82.6624
61 19 37.4751
61 23 17.612
61 24 73.896
61 32 79.4272
61 41 41.4022
61 44 21.2343
61 49 51.9422
61 51 92.8352
61 57 92.3367
61 68 26.6038
61 73 41.4036
61 81 47.3653
61 85 105.07
61 87 53.9159
61 90 4.1161
61 92 26.4736
61 93 15.4046
61 96 21.1646
61 107 37.8316
61 121 33.8064
61 123 13.1239
61 124 47.1212
61 130 40.2537
61 136 70.6907
61 137 13.4861
61 143 12.2144
61 146 73.4481
62 8 2.34566
62 10 55.3948
62 14 16.1216
62 22 51.9855
62 25 8.81291
62 34 4.69483
62 41 49.9459
62 49 42.8423
62 51 53.3285
62 52 95.6075
62 54 110.614
62 55 55.4115
62 56 14.3395
62 61 46.6875
62 63 29.4688
62 71 85.5095
62 73 28.0258
62 84 45.3553
62 87 40.7003
62 89 72.6371
62 90 3.42848
62 92 45.6944
62 93 14.0225
62 95 114.833
62 106 89.5846
62 110 49.8501
62 118 35.9873
62 123 15.6458
62 130 27.2126
62 133 56.8128
62 136 111.357
62 137 15.9192
62 143 15.5529
62 146 57.1694
63 10 88.0986
63 11 43.1548
63 12 99.6459
63 14 21.2109
63 19 32.5675
63 22 35.3041
63 24 93.3748
63 25 13.5923
63 32 91.8413
63 34 4.67648
63 36 62.9326
63 41 59.5544
63 44 22.3107
63 51 90.8001
63 52 96.0023
63 53 2.34435
63 54 113.253
63 56 18.2248
63 62 9.50878
63 63 48.2544
63 65 12.9823
63 71 85.699
63 73 75.0039
63 85 116.428
63 92 35.9369
63 93 16.6135
63 95 84.4176
63 106 86.333
63 107 33.6133
63 119 29.974
63 123 18.6702
63 125 10.0196
63 130 34.5731
63 133 65.479
63 143 12.065
63 149 17.1129
64 3 44.3245
64 4 15.3993
64 6 24.0381
64 13 76.8694
64 21 22.2542
64 26 93.0182
64 31 33.0806
64 37 20.7609
64 38 86.2481
64 39 57.7568
64 40 30.042
64 45 16.0164
64 47 12.5275
64 48 60.5517
64 50 54.098
64 58 79.9257
64 60 101.202
64 64 30.9389
64 66 27.548
64 70 43.5693
64 75 81.3539
64 77 56.8406
64 79 11.7761
64 82 87.5861
64 86 2.34708
64 94 21.8818
64 97 49.4445
64 98 70.4285
64 101 24.5399
64 102 32.8448
64 108 8.82553
64 111 96.9371
64 113 38.0374
64 120 63.5704
64 127 46.4123
64 129 49.4621
64 132 88.4184
64 135 44.3181
64 138 65.7639
64 142 44.4823
64 148 63.2938
65 0 61.4401
65 4 14.6617
65 6 16.8556
65 15 100.968
65 18 97.2824
65 21 24.9504
65 26 112.326
65 29 63.8226
65 31 53.9833
65 33 51.0523
65 45 12.8321
65 46 3.42363
65 47 11.9594
65 48 29.3799
65 58 71.8359
65 70 34.8395
65 76 64.3117
65 77 96.0802
65 82 92.7614
65 83 38.3825
65 91 51.0633
65 94 17.5627
65 100 65.8547
65 103 16.0255
65 113 41.9005
65 115 35.5578
65 122 71.2402
65 126 79.9776
65 128 60.6122
65 131 12.362
65 132 70.1771
65 138 77.2139
65 142 43.4309
65 144 82.5816
65 145 100.353
65 147 11.3405
65 148 37.5929
66 2 67.2948
66 5 54.2858
66 7 54.1725
66 8 3.42875
66 23 21.3141
66 27 9.80355
66 28 37.9624
66 43 23.3005
66 49 71.4227
66 55 48.4265
66 57 106.22
66 59 47.0571
66 61 51.8959
66 67 75.6781
66 68 25.2046
66 69 4.3254
66 72 39.8341
66 81 25.8146
66 84 42.3985
66 87 98.2468
66 89 94.9844
66 90 3.49226
66 96 33.9449
66 105 13.0468
66 110 67.7351
66 114 11.8949
66 118 41.6493
66 121 30.0335
66 124 66.8043
66 136 93.9973
66 137 22.8304
66 139 79.8511
66 140 68.0714
66 146 65.1331
67 0 41.3139
67 3 24.7974
67 6 12.1681
67 9 17.1434
67 17 47.8048
67 21 20.5395
67 26 106.599
67 29 63.6878
67 31 77.3642
67 35 51.5489
67 37 28.831
67 40 27.3517
67 42 70.2978
67 45 12.421
67 47 15.8285
67 60 95.7704
67 70 80.5466
67 76 81.1443
67 77 66.0851
67 78 117.125
67 79 17.7243
67 82 77.5436
67 83 37.6992
67 103 12.6307
67 104 86.8424
67 108 11.0068
67 112 20.0427
67 113 43.4039
67 117 11.9653
67 122 89.7648
67 128 66.344
67 134 27.1646
67 138 101.964
67 141 18.4512
67 144 45.7897
67 145 58.1285
68 2 70.7092
68 5 102.074
68 8 2.71906
68 10 95.2274
68 11 36.1774
68 19 41.7982
68 32 65.6687
68 34 6.55143
68 51 84.2405
68 52 95.7282
68 54 128.566
68 63 33.178
68 65 13.8214
68 68 37.7814
68 69 5.55292
68 71 81.8667
68 72 56.9654
68 73 78.1799
68 89 95.4782
68 90 4.17108
68 92 38.9636
68 93 16.6331
68 95 79.7793
68 105 19.4912
68 106 81.0475
68 107 33.2919
68 110 66.481
68 114 10.5069
68 118 27.7781
68 119 24.4934
68 121 30.0926
68 123 7.71793
68 130 29.0081
68 139 109.978
68 143 11.8765
68 146 101.062
69 1 95.6241
69 3 32.5092
69 9 18.1067
69 13 70.8032
69 16 132.695
69 17 48.059
69 20 39.5585
69 30 98.4323
69 35 75.7828
69 37 21.2557
69 38 70.5242
69 39 72.2698
69 40 48.0936
69 42 53.0938
69 50 43.7488
69 60 104.609
69 64 42.152
69 66 25.0739
69 74 64.9738
69 75 82.6479
69 78 82.9528
69 79 25.5756
69 80 63.9464
69 86 3.12324
69 88 71.4071
69 97 32.717
69 98 73.2797
69 99 47.368
69 101 14.9245
69 102 27.8511
69 104 78.1977
69 108 13.7968
69 109 47.5207
69 111 86.2756
69 112 24.3255
69 116 34.349
69 117 8.43914
69 120 83.2104
69 127 96.4821
69 129 31.2663
69 134 28.5041
69 135 47.3397
69 141 12.8048
70 1 79.7811
70 3 37.4274
70 9 21.6906
70 13 68.5599
70 16 131.56
70 17 43
70 20 23.6416
70 30 44.7347
70 35 68.7162
70 37 23.5585
70 38 85.9482
70 39 82.0873
70 40 32.1733
70 42 122.563
70 50 54.1521
70 60 93.1713
70 64 28.9104
70 66 24.4633
70 74 67.9142
70 75 84.4597
70 78 57.6961
70 79 13.6034
70 80 51.5747
70 86 2.66674
70 88 113.548
70 97 53.4011
70 98 97.0134
70 99 54.3514
70 101 27.1479
70 102 33.5977
70 104 83.1587
70 108 5.85878
70 109 77.7589
70 111 80.6143
70 112 23.2233
70 116 36.4492
70 117 13.8244
70 120 101.773
70 127 75.2982
70 129 43.9338
70 134 32.094
70 135 39.2933
70 141 38.3481
71 2 83.6957
71 5 61.3077
71 10 82.7707
71 12 96.4011
71 23 19.0825
71 44 18.2919
71 52 111.346
71 53 2
71 54 95.9725
71 55 73.4336
71 62 9.04267
71 67 127.453
71 72 62.7798
71 73 59.3642
71 81 66.0988
71 84 82.0542
71 87 64.7026
71 90 3.98053
71 92 31.2053
71 93 15.9744
71 96 40.2838
71 107 34.52
71 110 54.9312
71 114 8.57846
71 118 22.2742
71 119 28.8059
71 121 32.6513
71 124 63.199
71 130 46.3654
71 136 102.532
71 137 21.5357
71 143 14.594
72 0 31.6491
72 1 30.6877
72 3 16.8767
72 4 24.159
72 9 17.2684
72 15 65.4531
72 16 71.0166
72 17 53.5539
72 29 73.0347
72 30 111.243
72 31 44.4773
72 33 67.7054
72 35 63.7533
72 38 101.569
72 48 50.0271
72 50 54.1973
72 66 30.6657
72 70 57.4867
72 78 122.062
72 83 44.3561
72 86 3.06246
72 97 65.1156
72 104 50.0595
72 109 88.5276
72 112 17.611
72 115 78.5056
72 120 65.8311
72 126 71.2823
72 129 59.268
72 135 27.2261
72 142 54.9188
72 147 11.1201
72 148 56.8795
73 0 59.9347
73 4 29.6214
73 6 15.112
73 15 97.6608
73 18 82.3783
73 21 14.0249
73 26 109.13
73 29 135.275
73 31 55.689
73 33 103.721
73 45 11.2216
73 46 2
73 47 13.0502
73 48 28.8988
73 58 78.3682
73 70 66.1662
73 76 65.2071
73 77 59.7636
73 82 84.2002
73 83 38.7835
73 91 89.6577
73 94 28.4863
73 100 67.6105
73 103 13.9202
73 113 38.9958
73 115 49.3817
73 122 77.6163
73 126 86.4147
73 128 72.9186
73 131 16.3729
73 132 80.2973
73 138 95.4809
73 142 54.1675
73 144 30.6628
73 145 83.7978
73 147 10.3777
73 148 75.045
74 10 93.275
74 11 51.2882
74 12 95.0439
74 14 36.5033
74 19 42.5233
74 22 44.6124
74 24 83.9772
74 25 12.4062
74 32 72.8324
74 34 9.18563
74 36 70.2089
74 41 40.958
74 44 19.6215
74 51 48.8841
74 52 69.4231
74 53 2.18538
74 54 72.6457
74 56 14.0342
74 62 12.5833
74 63 55.9684
74 65 23.5642
74 71 88.6394
74 73 45.4349
74 85 85.7671
74 92 27.0972
74 93 10.544
74 95 52.6519
74 106 95.3291
74 107 24.8018
74 119 29.7762
74 123 10.422
74 125 14.6342
74 130 34.1023
74 133 58.909
74 143 13.6985
74 149 15.2678
75 8 3.30988
75 10 107.147
75 14 15.0837
75 22 37.4382
75 25 15.0706
75 34 4.13755
75 41 52.6807
75 49 100.534
75 51 45.936
75 52 117.424
75 54 98.2088
75 55 75.9223
75 56 18.1455
75 61 89.7984
75 63 55.0979
75 71 64.4348
75 73 52.2176
75 84 36.8366
75 87 72.9599
75 89 74.1433
75 90 3.74647
75 92 18.7507
75 93 16.0999
75 95 55.3127
75 106 64.585
75 110 42.1594
75 118 33.2849
75 123 12.832
75 130 32.6358
75 133 63.4327
75 136 48.2531
75 137 17.4836
75 143 13.5466
75 146 83.329
76 2 75.1782
76 5 76.665
76 10 107.54
76 12 99.902
76 23 16.1059
76 44 15.2695
76 52 78.8194
76 53 2
76 54 79.1082
76 55 73.2092
76 62 10.1453
76 67 77.0258
76 72 52.755
76 73 72.0279
76 81 47.7182
76 84 35.2797
76 87 69.7283
76 90 4.1647
76 92 32.435
76 93 17.1263
76 96 25.8156
76 107 24.8066
76 110 64.609
76 114 7.73557
76 118 35.5492
76 119 27.2017
76 121 42.0131
76 124 76.9691
76 130 14.8716
76 136 114.822
76 137 18.3058
76 143 14.0619
77 2 85.3735
77 5 63.4142
77 7 74.8046
77 11 34.1075
77 12 100.776
77 19 52.3643
77 23 16.0664
77 24 95.745
77 27 11.4153
77 28 33.604
77 32 84.3271
77 36 40.6976
77 43 16.3472
77 44 17.4337
77 53 2
77 57 47.2378
77 59 44.8171
77 62 11.2938
77 65 20.6968
77 67 110.972
77 68 40.9732
77 69 4.64442
77 72 45.0293
77 81 40.8115
77 85 80.3017
77 96 28.7029
77 105 19.1702
77 107 28.9075
77 114 9.63968
77 119 25.263
77 121 32.0114
77 124 57.1273
77 125 14.9658
77 139 98.6446
77 140 135.944
77 149 13.51
78 2 103.275
78 5 67.8017
78 10 88.6932
78 12 88.6188
78 23 18.2892
78 44 16.3203
78 52 65.1493
78 53 2.21954
78 54 94.1403
78 55 52.0271
78 62 9.79347
78 67 68.6225
78 72 28.6733
78 73 56.2505
78 81 51.5505
78 84 33.0902
78 87 85.6134
78 90 5.1353
78 92 37.5043
78 93 17.5435
78 96 29.1506
78 107 29.262
78 110 61.1953
78 114 11.3442
78 118 36.9162
78 119 15.5757
78 121 31.2312
78 124 64.7607
78 130 32.814
78 136 93.6003
78 137 15.7023
78 143 10.5513
79 0 55.7666
79 1 60.5402
79 9 16.9985
79 15 90.0601
79 16 87.257
79 17 41.2873
79 18 71.2842
79 20 28.5244
79 29 105.317
79 30 98.5321
79 33 114.368
79 35 116.745
79 42 82.8959
79 46 2.78203
79 74 62.9161
79 76 85.1415
79 78 70.0761
79 80 44.4132
79 83 42.3878
79 88 96.1316
79 91 76.4622
79 99 94.0262
79 100 71.5755
79 103 17.2509
79 104 78.0857
79 109 82.2386
79 112 24.3519
79 115 43.6994
79 116 47.2274
79 117 8.48326
79 122 72.1274
79 126 101.814
79 128 67.5618
79 131 15.428
79 134 31.2513
79 141 17.9525
79 144 87.9419
79 145 91.1727
79 147 9.98786
80 2 78.8868
80 5 66.237
80 10 109.596
80 12 51.8208
80 23 19.2969
80 44 19.1582
80 52 118.178
80 53 2
80 54 76.2046
80 55 56.6759
80 62 10.6852
80 67 91.9358
80 72 54.2712
80 73 48.4023
80 81 51.4423
80 84 20.0028
80 87 52.7737
80 90 5.5185
80 92 23.1245
80 93 16.9066
80 96 34.7058
80 107 24.1878
80 110 22.5897
80 114 16.1755
80 118 26.2243
80 119 26.5718
80 121 30.0308
80 124 45.7129
80 130 27.0758
80 136 103.543
80 137 18.0421
80 143 18.2297
81 1 62.801
81 4 18.8298
81 13 70.4153
81 15 92.3782
81 16 116.145
81 18 79.748
81 20 25.2699
81 30 79.2407
81 33 67.0859
81 38 77.5745
81 39 81.4783
81 46 3.4869
81 48 39.9503
81 50 60.2713
81 58 47.8626
81 64 52.532
81 66 22.1347
81 74 67.2218
81 75 67.2709
81 80 62.2867
81 86 3.21616
81 88 79.0911
81 91 46.674
81 94 23.6956
81 97 52.9225
81 98 95.646
81 99 47.2212
81 100 71.1641
81 101 16.3608
81 102 21.899
81 109 90.1564
81 111 46.5508
81 115 86.4392
81 116 42.2879
81 120 77.2326
81 126 66.2895
81 127 80.0076
81 129 64.3089
81 131 13.0594
81 132 80.6016
81 135 45.5509
81 142 41.3743
81 147 9.27986
81 148 87.4486
82 8 2.54243
82 10 116.59
82 14 23.2184
82 22 52.1559
82 25 11.6088
82 34 6.59364
82 41 55.7697
82 49 82.2035
82 51 60.4958
82 52 84.1734
82 54 100.732
82 55 55.9944
82 56 12.757
82 61 84.2465
82 63 48.0952
82 71 62.0085
82 73 36.9495
82 84 46.4691
82 87 88.5973
82 89 64.9858
82 90 5.68989
82 92 37.7971
82 93 16.0201
82 95 96.9386
82 106 102.858
82 110 40.0155
82 118 35.369
82 123 15.7609
82 130 24.2483
82 133 35.9957
82 136 83.0495
82 137 21.6144
82 143 11.6909
82 146 85.4617
83 1 88.7171
83 4 14.7222
83 13 89.6229
83 15 97.4906
83 16 107.924
83 18 83.0726
83 20 25.0481
83 30 95.516
83 33 40.5889
83 38 83.2548
83 39 60.8662
83 46 2.83726
83 48 75.7661
83 50 55.6864
83 58 46.169
83 64 21.7147
83 66 37.5139
83 74 108.885
83 75 74.8316
83 80 53.5167
83 86 3.56294
83 88 90.2966
83 91 66.4013
83 94 21.6916
83 97 62.2268
83 98 65.0597
83 99 45.4387
83 100 59.4798
83 101 26.7364
83 102 36.1257
83 109 85.3842
83 111 86.8258
83 115 97.8283
83 116 55.6061
83 120 47.2108
83 126 88.5776
83 127 81.1237
83 129 59.4394
83 131 14.1295
83 132 80.7303
83 135 36.2707
83 142 57.0802
83 147 9.45417
83 148 96.9711
84 1 54.8539
84 4 18.9851
84 9 14.5826
84 15 79.0075
84 16 91.8996
84 21 17.8151
84 26 85.529
84 29 71.1595
84 31 81.7671
84 33 60.4462
84 37 21.4483
84 38 69.0389
84 39 89.3348
84 42 102.148
84 45 12.4991
84 46 2.45559
84 47 10.4937
84 48 56.5192
84 50 34.8923
84 58 55.7974
84 66 19.9297
84 75 72.2472
84 76 82.2344
84 78 76.9182
84 79 18.0858
84 82 79.3515
84 83 43.2283
84 94 22.3901
84 97 33.9451
84 98 63.1406
84 99 84.3327
84 100 65.3122
84 101 24.6382
84 103 11.6346
84 109 100.867
84 111 64.6796
84 113 56.1407
84 115 66.1457
84 117 8.92468
84 120 103.16
84 126 169.188
84 127 83.8259
84 128 53.7021
84 129 51.4072
84 131 17.7047
84 132 62.0517
84 141 35.147
84 142 46.3807
84 144 88.3443
85 0 43.6846
85 1 50.2689
85 9 23.6809
85 15 78.9263
85 16 69.5471
85 17 41.269
85 18 60.3983
85 20 22.6116
85 29 84.2952
85 30 77.9163
85 33 56.4737
85 35 58.3006
85 42 67.0559
85 46 2.42138
85 74 76.6596
85 76 30.1045
85 78 57.5681
85 80 60.1229
85 83 36.7383
85 88 32.5263
85 91 80.8317
85 99 81.0792
85 100 51.4706
85 103 13.7656
85 104 78.1366
85 109 102.857
85 112 31.8862
85 115 92.6643
85 116 27.8969
85 117 19.0785
85 122 61.0745
85 126 128.056
85 128 62.4684
85 131 18.2953
85 134 41.1321
85 141 25.2448
85 144 84.6029
85 145 54.8388
85 147 8.70987
86 2 55.261
86 5 118.29
86 7 134.259
86 8 3.22049
86 23 15.4244
86 27 7.98912
86 28 25.3601
86 43 19.6575
86 49 68.1101
86 55 44.0399
86 57 115.303
86 59 40.1991
86 61 76.739
86 67 82.8977
86 68 43.683
86 69 5.07612
86 72 83.1001
86 81 29.5316
86 84 66.498
86 87 64.1465
86 89 53.1493
86 90 3.49542
86 96 28.5593
86 105 18.2495
86 110 52.8465
86 114 16.0522
86 118 33.3263
86 121 32.4437
86 124 42.3933
86 136 53.4133
86 137 13.6005
86 139 96.2738
86 140 55.3172
86 146 95.9907
87 10 98.1231
87 11 46.475
87 12 58.2112
87 14 24.6843
87 19 52.9487
87 22 38.9443
87 24 87.7597
87 25 10.8994
87 32 65.0083
87 34 7.06223
87 36 73.7129
87 41 51.7381
87 44 17.5458
87 51 77.0831
87 52 48.4808
87 53 2
87 54 108.855
87 56 5.79585
87 62 9.33737
87 63 59.2681
87 65 19.8779
87 71 93.1529
87 73 60.7632
87 85 119.446
87 92 31.1
87 93 14.6409
87 95 74.1083
87 106 89.2018
87 107 38.2323
87 119 21.5467
87 123 12.7321
87 125 23.4089
87 130 20.1669
87 133 42.451
87 143 15.6063
87 149 13.6518
88 0 37.3536
88 4 25.0223
88 6 11.2461
88 15 82.2144
88 18 64.4847
88 21 28.6668
88 26 66.5046
88 29 92.3822
88 31 68.0788
88 33 88.49
88 45 15.4126
88 46 2.8107
88 47 14.1455
88 48 53.9655
88 58 94.6199
88 70 39.6039
88 76 53.7187
88 77 84.2349
88 82 88.5586
88 83 32.3713
88 91 85.7605
88 94 32.7341
88 100 67.5882
88 103 7.90948
88 113 51.1983
88 115 70.5675
88 122 148.018
88 126 90.9983
88 128 46.9821
88 131 12.2693
88 132 89.9696
88 138 96.4343
88 142 68.5647
88 144 81.7084
88 145 40.6329
88 147 9.92464
88 148 108.393
89 0 50.7025
89 1 101.563
89 3 39.8877
89 4 20.0727
89 9 19.0171
89 15 79.6215
89 16 109.906
89 17 45.8272
89 29 135.852
89 30 85.0632
89 31 69.541
89 33 78.1235
89 35 107.555
89 38 105.102
89 48 61.4157
89 50 62.0283
89 66 26.9421
89 70 35.5355
89 78 54.9471
89 83 51.9159
89 86 3.03204
89 97 46.4167
89 104 82.9473
89 109 57.5023
89 112 19.8856
89 115 55.4321
89 120 109.272
89 126 56.5774
89 129 65.027
89 135 46.2455
89 142 42.6577
89 147 10.3548
89 148 88.291
90 2 78.5277
90 5 81.0767
90 8 3.10121
90 10 75.7128
90 19 43.7284
90 23 18.703
90 24 51.4452
90 32 63.0011
90 41 59.9424
90 44 22.3605
90 49 92.532
90 51 112.492
90 57 121.627
90 68 34.2688
90 73 57.3801
90 81 62.434
90 85 82.3825
90 87 73.8886
90 90 4.26697
90 92 19.2606
90 93 14.4179
90 96 32.3951
90 107 23.9372
90 121 21.3196
90 123 16.1479
90 124 65.3412
90 130 26.2362
90 136 94.8621
90 137 22.9086
90 143 13.2221
90 146 89.87
91 0 57.3498
91 3 26.3906
91 6 7.94386
91 13 70.2817
91 17 35.5424
91 18 69.8921
91 20 29.4218
91 30 94.731
91 35 44.2666
91 40 35.3983
91 60 88.4724
91 64 36.9469
91 70 67.2758
91 74 113.438
91 77 79.1041
91 80 55.5964
91 86 3.20932
91 88 66.7436
91 91 89.6212
91 102 35.1927
91 104 49.1216
91 108 9.02753
91 112 19.9821
91 116 38.3949
91 122 65.182
91 134 29.4812
91 135 39.3507
91 138 51.3177
91 145 65.7134
91 147 8.32813
91 148 69.7788
92 7 74.6893
92 11 31.215
92 12 71.732
92 14 21.9977
92 22 39.8574
92 25 12.9967
92 27 13.5842
92 28 36.6163
92 34 6.10847
92 36 69.1538
92 43 12.6329
92 52 114.285
92 53 2
92 54 80.8872
92 55 28.7934
92 56 6.58645
92 59 49.2045
92 61 50.6848
92 62 8.70109
92 63 64.2403
92 65 20.5059
92 67 89.9049
92 69 5.48891
92 71 102.037
92 72 43.8784
92 84 44.5993
92 89 75.3564
92 95 68.5739
92 105 16.0057
92 106 83.7946
92 110 36.7517
92 114 10.2786
92 118 23.5562
92 119 27.0335
92 125 15.0302
92 133 66.7681
92 139 109.777
92 140 88.8413
92 149 15.2461
93 0 35.1003
93 1 89.3634
93 9 19.8404
93 15 136.241
93 16 67.2572
93 17 32.958
93 18 80.4246
93 20 23.1649
93 29 101.66
93 30 81.2689
93 33 74.2401
93 35 90.2918
93 42 80.9956
93 46 2.92508
93 74 73.3426
93 76 63.1585
93 78 89.9707
93 80 36.5199
93 83 47.6504
93 88 103.166
93 91 33.3381
93 99 52.7131
93 100 27.9544
93 103 16.7297
93 104 87.8693
93 109 82.0544
93 112 15.0993
93 115 44.5942
93 116 21.6039
93 117 12.0091
93 122 142.699
93 126 123.468
93 128 83.1384
93 131 20.2161
93 134 17.2891
93 141 44.5622
93 144 79.3479
93 145 62.7439
93 147 11.5401
94 2 60.742
94 5 68.3217
94 7 105.674
94 8 3.2606
94 23 11.6697
94 27 10.9595
94 28 25.5331
94 43 18.1111
94 49 88.332
94 55 49.9799
94 57 72.3233
94 59 53.8612
94 61 81.1078
94 67 134.427
94 68 38.4364
94 69 4.66971
94 72 45.637
94 81 53.4318
94 84 50.9855
94 87 101.194
94 89 68.3402
94 90 3.01918
94 96 25.5851
94 105 16.3239
94 110 53.4958
94 114 12.9365
94 118 34.1023
94 121 30.9814
94 124 60.9437
94 136 59.8201
94 137 19.6632
94 139 92.18
94 140 93.268
94 146 84.1735
95 2 104.093
95 5 68.3573
95 7 81.4263
95 11 38.7633
95 12 95.6962
95 19 45.1187
95 23 17.5368
95 24 85.5197
95 27 16.881
95 28 25.3744
95 32 75.1864
95 36 49.6365
95 43 18.249
95 44 16.9718
95 53 2.03842
95 57 60.04
95 59 29.3398
95 62 17.33
95 65 19.7157
95 67 95.3641
95 68 30.4028
95 69 4.28719
95 72 81.8996
95 81 62.7175
95 85 70.9435
95 96 27.0642
95 105 12.5253
95 107 27.8098
95 114 11.0701
95 119 17.6272
95 121 38.5913
95 124 46.9317
95 125 15.7903
95 139 155.682
95 140 108.959
95 149 15.3772
96 1 62.3398
96 4 11.0978
96 9 14.93
96 15 62.6413
96 16 115.574
96 21 22.443
96 26 107.033
96 29 73.8041
96 31 55.2442
96 33 89.7831
96 37 21.163
96 38 82.6569
96 39 60.6482
96 42 100.849
96 45 13.8839
96 46 3.40537
96 47 12.7101
96 48 52.3152
96 50 68.3403
96 58 86.8363
96 66 32.6844
96 75 87.2298
96 76 37.489
96 78 94.7182
96 79 12.2763
96 82 123.079
96 83 39.6454
96 94 17.728
96 97 36.8629
96 98 49.1234
96 99 72.096
96 100 83.1917
96 101 20.0464
96 103 7.60791
96 109 56.6241
96 111 39.7506
96 113 56.5755
96 115 83.9554
96 117 9.20153
96 120 51.2358
96 126 97.4772
96 127 83.5135
96 128 58.4172
96 129 72.713
96 131 9.82411
96 132 103.793
96 141 22.2135
96 142 77.4781
96 144 91.31
97 1 28.1999
97 3 31.7132
97 9 17.1667
97 13 31.9924
97 16 113.269
97 17 45.2923
97 20 31.9109
97 30 97.3875
97 35 64.2529
97 37 17.9496
97 38 88.8275
97 39 58.5319
97 40 44.4208
97 42 99.1053
97 50 69.0477
97 60 67.682
97 64 28.648
97 66 32.986
97 74 81.2747
97 75 49.3513
97 78 90.0641
97 79 14.7591
97 80 44.0117
97 86 3.84811
97 88 81.5275
97 97 43.4881
97 98 51.4984
97 99 79.1242
97 101 27.6309
97 102 18.1504
97 104 71.4075
97 108 8.26863
97 109 90.3067
97 111 43.0682
97 112 31.381
97 116 45.0171
97 117 13.9474
97 120 87.6186
97 127 78.0741
97 129 53.5213
97 134 26.4157
97 135 55.8418
97 141 26.5424
98 0 36.0634
98 4 15.7935
98 6 16.0193
98 15 127.733
98 18 66.4299
98 21 21.034
98 26 44.9144
98 29 75.1314
98 31 71.6441
98 33 116.851
98 45 11.446
98 46 3.29258
98 47 8.98972
98 48 68.4965
98 58 52.5428
98 70 69.6405
98 76 64.2074
98 77 79.2989
98 82 106.573
98 83 26.8645
98 91 73.9074
98 94 30.1428
98 100 64.1327
98 103 14.7962
98 113 62.1521
98 115 65.5433
98 122 91.9312
98 126 70.4342
98 128 75.0616
98 131 14.0518
98 132 92.4174
98 138 61.4175
98 142 52.4179
98 144 79.0459
98 145 50.9173
98 147 13.2987
98 148 96.8903
99 1 71.8292
99 4 26.1547
99 13 60.9879
99 15 83.2938
99 16 80.3112
99 18 78.0131
99 20 27.9158
99 30 110.384
99 33 72.0656
99 38 72.1089
99 39 56.0775
99 46 2.17383
99 48 66.096
99 50 71.3923
99 58 45.1053
99 64 31.1453
99 66 24.6434
99 74 40.2639
99 75 94.4009
99 80 79.3419
99 86 2.63473
99 88 50.1935
99 91 71.0988
99 94 23.9802
99 97 52.0365
99 98 76.0303
99 99 68.4493
99 100 63.2354
99 101 35.2267
99 102 24.486
99 109 86.9347
99 111 72.0607
99 115 94.0373
99 116 27.6297
99 120 74.3036
99 126 87.3293
99 127 60.8824
99 129 23.9577
99 131 22.1395
99 132 89.2525
99 135 48.1125
99 142 68.6397
99 147 10.1271
99 148 74.861
100 0 38.1337
100 3 39.4797
100 6 14.1302
100 13 65.3221
100 17 48.8026
100 18 75.1746
100 20 43.4258
100 30 119.214
100 35 101.689
100 40 52.4064
100 60 83.7227
100 64 24.3439
100 70 43.4365
100 74 81.5986
100 77 93.1203
100 80 62.0866
100 86 3.07231
100 88 118.552
100 91 61.1327
100 102 35.7759
100 104 17.8399
100 108 12.7262
100 112 23.2862
100 116 31.5675
100 122 108.594
100 134 34.0039
100 135 29.6692
100 138 53.1467
100 145 66.729
100 147 10.713
100 148 69.3648
101 7 80.226
101 11 32.4097
101 12 66.4078
101 14 14.0593
101 22 41.7766
101 25 14.8605
101 27 14.0931
101 28 29.699
101 34 7.09216
101 36 74.0354
101 43 10.2778
101 52 103.888
101 53 2.07465
101 54 68.1525
101 55 54.3816
101 56 15.581
101 59 35.0378
101 61 55.4952
101 62 11.8871
101 63 50.8693
101 65 15.8752
101 67 122.747
101 69 4.59345
101 71 66.1261
101 72 72.3213
101 84 31.2004
101 89 78.4551
101 95 59.3276
101 105 19.9627
101 106 85.0303
101 110 59.0449
101 114 11.2018
101 118 20.861
101 119 21.1283
101 125 14.6966
101 133 63.5543
101 139 104.947
101 140 70.0765
101 149 9.78525
102 2 128.907
102 5 86.5847
102 10 104.955
102 12 60.913
102 23 20.2723
102 44 21.7573
102 52 112.878
102 53 2.15185
102 54 73.3848
102 55 62.9511
102 62 10.7154
102 67 97.2513
102 72 62.0715
102 73 28.6674
102 81 37.2988
102 84 51.1382
102 87 65.8864
102 90 4.27452
102 92 37.079
102 93 9.52898
102 96 30.2598
102 107 33.0955
102 110 18.325
102 114 13.4838
102 118 24.2159
102 119 25.6897
102 121 45.0103
102 124 46.9051
102 130 34.5857
102 136 58.2049
102 137 16.5122
102 143 12.3969
103 10 121.275
103 11 36.4312
103 12 61.4634
103 14 10.8321
103 19 40.3528
103 22 34.8078
103 24 84.4672
103 25 12.0281
103 32 80.6652
103 34 6.1114
103 36 40.812
103 41 70.7681
103 44 20.3368
103 51 108.202
103 52 72.2266
103 53 2.16582
103 54 78.1874
103 56 16.8355
103 62 12.5346
103 63 27.8057
103 65 13.0401
103 71 83.7981
103 73 49.7703
103 85 57.3053
103 92 26.8657
103 93 12.7907
103 95 105.634
103 106 101.643
103 107 37.9529
103 119 30.5247
103 123 13.7765
103 125 21.507
103 130 41.4797
103 133 84.4712
103 143 13.1969
103 149 16.0254
104 7 106.783
104 8 3.29389
104 11 48.5008
104 14 20.0296
104 19 59.2677
104 22 38.6551
104 24 55.9277
104 25 11.8607
104 27 9.70372
104 28 21.792
104 32 93.5734
104 34 7.21026
104 36 41.2101
104 41 44.1052
104 43 16.3444
104 49 62.1548
104 51 82.6873
104 56 14.0727
104 57 123.674
104 59 52.9745
104 61 81.9043
104 63 44.5409
104 65 11.6865
104 68 18.4733
104 69 4.34926
104 71 50.7631
104 85 97.5254
104 89 57.8059
104 95 27.6346
104 105 16.0476
104 106 60.2672
104 123 13.5146
104 125 21.3508
104 133 64.8386
104 139 123.406
104 140 84.4237
104 146 94.4415
104 149 11.6851
105 1 52.6199
105 4 24.0569
105 9 20.9614
105 15 83.6886
105 16 123.777
105 21 25.5915
105 26 75.7802
105 29 94.1772
105 31 55.7507
105 33 78.1323
105 37 23.096
105 38 72.8683
105 39 64.5572
105 42 82.5759
105 45 13.9102
105 46 3.2949
105 47 12.5938
105 48 55.0898
105 50 65.061
105 58 45.7153
105 66 22.9682
105 75 69.9048
105 76 65.8471
105 78 97.5151
105 79 18.7627
105 82 109.162
105 83 50.3095
105 94 20.1738
105 97 47.1829
105 98 75.8087
105 99 66.8934
105 100 68.6914
105 101 27.3052
105 103 18.6852
105 109 31.5283
105 111 64.702
105 113 65.4152
105 115 91.3966
105 117 14.0237
105 120 65.9998
105 126 69.7825
105 127 47.3671
105 128 33.2227
105 129 55.1927
105 131 8.49478
105 132 37.8281
105 141 39.3195
105 142 53.682
105 144 66.1292
106 7 97.0306
106 12 102.436
106 14 15.6314
106 22 68.7286
106 23 18.2018
106 24 59.8701
106 25 10.1659
106 27 10.9687
106 28 36.738
106 36 65.9953
106 41 61.4997
106 43 18.641
106 44 18.0432
106 49 70.3933
106 53 2.18068
106 55 68.4787
106 56 11.771
106 57 94.5448
106 59 19.2151
106 61 70.7298
106 62 9.85482
106 67 86.9155
106 81 36.2047
106 84 51.5236
106 85 74.2484
106 87 79.7816
106 96 40.0226
106 124 62.2226
106 125 13.8352
106 133 70.9693
106 136 83.0867
106 137 18.0533
106 140 82.9497
106 149 15.0026
107 2 48.5209
107 5 60.094
107 8 2.88143
107 10 90.0418
107 11 37.917
107 19 43.3586
107 32 81.9642
107 34 5.94606
107 51 96.9088
107 52 106.575
107 54 78.2105
107 63 43.6026
107 65 17.603
107 68 28.6148
107 69 6.85929
107 71 68.4769
107 72 57.5753
107 73 68.1245
107 89 71.3034
107 90 2.77548
107 92 27.7873
107 93 14.8188
107 95 86.2783
107 105 16.8078
107 106 83.5601
107 107 39.4802
107 110 40.9696
107 114 8.24892
107 118 23.3985
107 119 12.5038
107 121 21.9949
107 123 17.5337
107 130 28.8911
107 139 60.4365
107 143 11.6247
107 146 95.3199
108 10 58.6371
108 11 28.555
108 12 95.6705
108 14 22.9426
108 19 92.0288
108 22 38.5214
108 24 48.7797
108 25 13.7573
108 32 94.3946
108 34 4.85119
108 36 47.2247
108 41 71.3652
108 44 17.288
108 51 95.5386
108 52 53.1126
108 53 2.07393
108 54 113.089
108 56 13.4488
108 62 14.4808
108 63 25.9089
108 65 14.9243
108 71 91.3248
108 73 64.9537
108 85 75.9745
108 92 34.0402
108 93 17.253
108 95 48.6869
108 106 76.5894
108 107 28.8024
108 119 32.1738
108 123 11.6444
108 125 13.2688
108 130 27.0428
108 133 70.3202
108 143 16.9959
108 149 14.3115
109 2 81.2615
109 5 77.4327
109 7 96.8424
109 8 2.42221
109 23 21.2213
109 27 11.5666
109 28 29.3897
109 43 13.6082
109 49 64.2736
109 55 89.6638
109 57 85.2248
109 59 53.2114
109 61 64.7829
109 67 64.5696
109 68 53.4954
109 69 3.57189
109 72 61.4972
109 81 46.0528
109 84 51.0583
109 87 81.3445
109 89 64.2237
109 90 4.6773
109 96 24.8332
109 105 24.7877
109 110 44.6639
109 114 10.1297
109 118 33.8254
109 121 30.5804
109 124 42.8656
109 136 125.445
109 137 8.3189
109 139 113.267
109 140 96.0345
109 146 89.5907
110 0 47.5362
110 3 33.1499
110 6 19.0885
110 13 53.952
110 17 30.4212
110 18 67.4526
110 20 38.8274
110 30 120.403
110 35 96.8644
110 40 36.1796
110 60 95.314
110 64 42.984
110 70 39.6687
110 74 46.399
110 77 112.277
110 80 65.2445
110 86 2.7011
110 88 107.223
110 91 77.9642
110 102 32.3611
110 104 81.4393
110 108 7.34843
110 112 31.8465
110 116 39.5946
110 122 122.192
110 134 34.0434
110 135 36.7307
110 138 50.2697
110 145 38.5388
110 147 9.20165
110 148 74.3199
111 10 64.9871
111 11 41.2542
111 12 33.9101
111 14 17.5765
111 19 42.5314
111 22 35.7407
111 24 75.1551
111 25 10.7496
111 32 73.6072
111 34 5.21604
111 36 62.2397
111 41 52.6957
111 44 12.5325
111 51 102.354
111 52 111.418
111 53 2.42824
111 54 30.7849
111 56 12.274
111 62 13.2784
111 63 56.6335
111 65 18.9837
111 71 76.7438
111 73 61.7137
111 85 63.6759
111 92 35.2877
111 93 16.6005
111 95 60.9089
111 106 49.8663
111 107 35.0272
111 119 20.1799
111 123 8.18599
111 125 10.006
111 130 18.4043
111 133 72.1512
111 143 9.8504
111 149 21.0292
112 7 65.4582
112 8 2.67946
112 11 42.1645
112 14 21.0544
112 19 38.8514
112 22 52.8733
112 24 66.1761
112 25 9.92056
112 27 9.4177
112 28 25.9653
112 32 55.8939
112 34 7.00683
112 36 58.9635
112 41 66.181
112 43 14.9687
112 49 81.5128
112 51 63.8197
112 56 16.3705
112 57 123.441
112 59 48.2298
112 61 45.5714
112 63 52.1454
112 65 21.5197
112 68 28.5996
112 69 5.74296
112 71 72.2473
112 85 126.861
112 89 70.239
112 95 78.2066
112 105 23.1397
112 106 95.0452
112 123 10.9519
112 125 13.8269
112 133 37.3614
112 139 57.7926
112 140 84.0152
112 146 73.9589
112 149 13.863
113 0 34.0747
113 3 31.1962
113 6 18.7986
113 13 55.906
113 17 43.0808
113 18 68.4804
113 20 26.5202
113 30 127.461
113 35 51.2819
113 40 50.2963
113 60 94.7202
113 64 34.6928
113 70 40.2156
113 74 85.2153
113 77 92.3998
113 80 49.4256
113 86 2
113 88 72.2487
113 91 64.4213
113 102 32.5351
113 104 61.5065
113 108 7.1273
113 112 23.0594
113 116 26.7301
113 122 67.3822
113 134 25.7692
113 135 49.2921
113 138 80.2545
113 145 49.8502
113 147 8.737
113 148 77.6484
114 3 16.3959
114 4 8.27891
114 6 19.1992
114 13 64.2763
114 21 24.6999
114 26 96.0337
114 31 64.7331
114 37 20.4813
114 38 41.98
114 39 47.0964
114 40 38.6903
114 45 9.15839
114 47 9.87774
114 48 74.4019
114 50 51.5387
114 58 72.095
114 60 51.5688
114 64 45.6906
114 66 41.9115
114 70 84.4529
114 75 90.442
114 77 78.2042
114 79 19.8681
114 82 119.394
114 86 3.07782
114 94 27.7088
114 97 42.6213
114 98 48.2025
114 101 24.0102
114 102 20.3661
114 108 5.00163
114 111 80.4714
114 113 32.9519
114 120 79.6791
114 127 62.7548
114 129 60.1046
114 132 51.3092
114 135 44.007
114 138 53.4948
114 142 57.601
114 148 70.8056
115 2 88.1201
115 5 49.7843
115 8 3.43575
115 10 78.939
115 11 47.4164
115 19 54.7867
115 32 76.0995
115 34 6.65683
115 51 95.2798
115 52 98.1904
115 54 89.4369
115 63 54.768
115 65 12.6919
115 68 39.0451
115 69 3.71064
115 71 53.0797
115 72 63.9427
115 73 39.1428
115 89 31.8193
115 90 3.94472
115 92 30.6108
115 93 18.1408
115 95 76.0317
115 105 10.0312
115 106 94.1282
115 107 45.5986
115 110 58.308
115 114 5.20543
115 118 31.175
115 119 11.173
115 121 27.2979
115 123 11.97
115 130 23.0265
115 139 64.198
115 143 16.591
115 146 81.9562
116 7 114.79
116 11 42.4035
116 12 58.3413
116 14 18.2542
116 22 47.0553
116 25 11.453
116 27 13.2884
116 28 23.9313
116 34 6.44171
116 36 46.3551
116 43 18.4691
116 52 110.397
116 53 2.14551
116 54 119.11
116 55 53.9731
116 56 9.67019
116 59 29.3126
116 61 67.5891
116 62 12.8114
116 63 26.6398
116 65 16.216
116 67 122.787
116 69 6.45746
116 71 50.1719
116 72 46.909
116 84 66.3924
116 89 70.7905
116 95 45.5384
116 105 14.8629
116 106 121.261
116 110 55.7846
116 114 8.33142
116 118 39.7087
116 119 22.5219
116 125 7.96902
116 133 71.0565
116 139 86.1281
116 140 45.9248
116 149 14.5265
117 7 101.519
117 12 106.4
117 14 17.3122
117 22 46.0663
117 23 17.4098
117 24 38.1316
117 25 12.5874
117 27 11.9744
117 28 34.7836
117 36 77.8083
117 41 39.4304
117 43 17.6173
117 44 18.7947
117 49 54.0207
117 53 2.04641
117 55 31.6916
117 56 18.8661
117 57 95.512
117 59 33.1851
117 61 47.7527
117 62 11.8759
117 67 112.846
117 81 36.6949
117 84 42.203
117 85 68.1014
117 87 55.4961
117 96 26.3529
117 124 49.4384
117 125 11.8338
117 133 83.0625
117 136 91.5643
117 137 15.9731
117 140 96.9533
117 149 15.0163
118 6 18.6151
118 13 86.5342
118 18 99.1533
118 20 31.7639
118 21 16.901
118 26 113.637
118 37 29.1173
118 39 48.9318
118 40 37.2555
118 42 51.868
118 45 12.5356
118 46 2.45101
118 47 15.6504
118 58 88.7521
118 60 56.8732
118 64 49.0794
118 74 98.8377
118 75 55.3146
118 76 58.4847
118 77 69.1592
118 79 16.0202
118 80 68.5329
118 82 117.202
118 88 70.1912
118 91 44.1514
118 94 12.081
118 98 50.9963
118 99 60.7473
118 100 50.1725
118 101 24.5048
118 102 38.1666
118 103 17.7021
118 108 10.6807
118 111 31.4046
118 113 36.0618
118 116 45.7526
118 117 18.2121
118 122 102.527
118 127 77.3629
118 128 33.7935
118 131 20.3884
118 132 57.7611
118 134 22.7918
118 138 82.4656
118 141 21.4595
118 144 43.9666
118 145 77.6079
119 2 99.493
119 5 73.5594
119 8 2.59469
119 10 84.2229
119 19 34.4699
119 23 16.7833
119 24 88.5341
119 32 63.7797
119 41 61.3886
119 44 15.9746
119 49 88.593
119 51 28.4338
119 57 81.3368
119 68 30.9481
119 73 43.0439
119 81 48.6109
119 85 125.809
119 87 78.7596
119 90 2.95648
119 92 36.1244
119 93 6.36767
119 96 35.6208
119 107 25.6184
119 121 34.4408
119 123 17.7045
119 124 37.4061
119 130 42.5002
119 136 69.8644
119 137 16.0392
119 143 11.0974
119 146 101.626
120 2 72.5565
120 5 78.5425
120 7 108.753
120 11 44.1176
120 12 82.6718
120 19 44.5068
120 23 22.0732
120 24 64.0359
120 27 11.6217
120 28 25.2242
120 32 65.793
120 36 67.0243
120 43 15.6309
120 44 19.0637
120 53 2.13469
120 57 132.697
120 59 41.5122
120 62 11.8761
120 65 17.601
120 67 98.3253
120 68 23.3002
120 69 4.45124
120 72 41.5247
120 81 51.1824
120 85 66.8645
120 96 28.7636
120 105 15.7823
120 107 25.6326
120 114 9.52037
120 119 19.5944
120 121 51.8794
120 124 29.3147
120 125 13.2319
120 139 72.6143
120 140 102.02
120 149 11.7616
121 7 78.5387
121 12 92.9828
121 14 21.636
121 22 41.2386
121 23 27.1159
121 24 81.1305
121 25 8.6329
121 27 10.9735
121 28 26.3101
121 36 61.7646
121 41 58.7681
121 43 14.5602
121 44 12.2452
121 49 36.6539
121 53 2
121 55 78.8812
121 56 13.1228
121 57 93.1854
121 59 41.523
121 61 82.4814
121 62 11.3756
121 67 110.822
121 81 60.9474
121 84 25.1238
121 85 81.4597
121 87 67.216
121 96 37.3189
121 124 33.9826
121 125 12.7851
121 133 57.1499
121 136 68.6653
121 137 13.5665
121 140 93.1431
121 149 13.8976
122 7 84.9412
122 8 3.00209
122 11 46.5638
122 14 4.52902
122 19 46.2391
122 22 45.069
122 24 42.5528
122 25 11.0054
122 27 14.7787
122 28 29.0016
122 32 60.4742
122 34 3.25179
122 36 52.0104
122 41 59.7146
122 43 16.2183
122 49 70.4072
122 51 96.2608
122 56 12.8814
122 57 123.596
122 59 32.5643
122 61 62.8414
122 63 26.7754
122 65 22.1027
122 68 34.8562
122 69 5.83649
122 71 70.4253
122 85 107.152
122 89 67.9337
122 95 65.5421
122 105 14.4242
122 106 75.6132
122 123 16.8263
122 125 16.119
122 133 73.2073
122 139 91.4095
122 140 67.5967
122 146 71.3468
122 149 18.4164
123 10 95.0157
123 11 28.1818
123 12 61.9716
123 14 21.917
123 19 69.4249
123 22 34.1111
123 24 76.2012
123 25 9.38802
123 32 66.1813
123 34 4.41493
123 36 67.4236
123 41 51.6512
123 44 23.9691
123 51 87.2331
123 52 108.879
123 53 2.15894
123 54 115.454
123 56 9.14844
123 62 13.2878
123 63 29.8302
123 65 12.7171
123 71 76.0424
123 73 60.1749
123 85 63.2082
123 92 46.1369
123 93 7.83104
123 95 91.6116
123 106 89.7494
123 107 34.5774
123 119 30.8852
123 123 15.3926
123 125 14.905
123 130 35.0663
123 133 72.5626
123 143 10.9839
123 149 13.3583
124 2 84.7361
124 5 118.805
124 8 2.6629
124 10 82.4425
124 19 35.1045
124 23 17.7401
124 24 68.1253
124 32 63.3241
124 41 34.1073
124 44 18.6038
124 49 52.496
124 51 112.76
124 57 95.5036
124 68 40.7198
124 73 68.6715
124 81 61.3048
124 85 83.069
124 87 58.2281
124 90 5.14645
124 92 13.6216
124 93 11.0117
124 96 26.141
124 107 29.1078
124 121 54.0729
124 123 11.0794
124 124 56.9614
124 130 35.6176
124 136 81.5035
124 137 13.2777
124 143 18.2559
124 146 62.3308
125 1 77.5731
125 4 19.1564
125 13 94.1411
125 15 79.5801
125 16 118.963
125 18 57.8709
125 20 29.905
125 30 107.892
125 33 43.6252
125 38 55.9899
125 39 58.3077
125 46 3.2683
125 48 43.8875
125 50 52.9011
125 58 41.2845
125 64 52.059
125 66 25.7112
125 74 83.0474
125 75 89.7523
125 80 62.8005
125 86 2.55524
125 88 45.795
125 91 83.9996
125 94 24.6966
125 97 71.9056
125 98 55.8996
125 99 35.3167
125 100 53.9443
125 101 25.6958
125 102 35.9634
125 109 73.4222
125 111 53.141
125 115 66.498
125 116 43.1021
125 120 69.0341
125 126 83.0581
125 127 51.9702
125 129 45.8664
125 131 17.2663
125 132 72.1458
125 135 46.5503
125 142 54.1079
125 147 12.626
125 148 71.9288
126 2 82.0344
126 5 82.3817
126 7 74.7047
126 8 2.82963
126 23 16.3796
126 27 14.6129
126 28 32.4936
126 43 16.1356
126 49 71.0329
126 55 51.1495
126 57 92.2518
126 59 41.9687
126 61 71.4715
126 67 71.157
126 68 37.5968
126 69 6.79071
126 72 48.0011
126 81 69.4727
126 84 61.9486
126 87 79.4203
126 89 42.6642
126 90 5.27004
126 96 14.701
126 105 31.4667
126 110 56.1628
126 114 11.3444
126 118 25.4108
126 121 16.1371
126 124 46.7361
126 136 58.7992
126 137 15.8944
126 139 123.606
126 140 81.7283
126 146 73.6294
127 7 91.8531
127 11 38.7684
127 12 56.4313
127 14 24.4867
127 22 45.0881
127 25 17.7372
127 27 7.10879
127 28 23.4905
127 34 8.24211
127 36 75.214
127 43 26.8409
127 52 99.2203
127 53 2
127 54 86.7115
127 55 63.5991
127 56 14.5264
127 59 23.4631
127 61 53.2746
127 62 9.94557
127 63 11.894
127 65 18.0887
127 67 47.9637
127 69 4.76473
127 71 102.466
127 72 41.3014
127 84 62.2702
127 89 86.788
127 95 69.2174
127 105 19.885
127 106 55.6774
127 110 55.2655
127 114 10.8454
127 118 29.76
127 119 35.259
127 125 11.6254
127 133 105.498
127 139 67.5963
127 140 98.4836
127 149 18.1745
128 1 49.4754
128 4 25.2069
128 9 20.9127
128 15 75.9693
128 16 97.4426
128 21 30.312
128 26 141.048
128 29 78.3953
128 31 55.5852
128 33 86.2509
128 37 16.0924
128 38 84.036
128 39 41.3881
128 42 77.0604
128 45 18.4087
128 46 2.42713
128 47 11.5022
128 48 42.3087
128 50 68.1726
128 58 59.1514
128 66 31.2348
128 75 107.35
128 76 55.553
128 78 115.047
128 79 9.442
128 82 126.156
128 83 39.7123
128 94 20.9339
128 97 54.6943
128 98 66.4544
128 99 55.8775
128 100 56.8626
128 101 16.0746
128 103 11.4371
128 109 97.6105
128 111 78.7208
128 113 34.9939
128 115 75.948
128 117 14.9126
128 120 81.403
128 126 84.8034
128 127 78.3589
128 128 41.0251
128 129 63.9605
128 131 13.6651
128 132 92.3138
128 141 18.9828
128 142 85.6161
128 144 55.7606
129 10 113.799
129 11 46.7662
129 12 71.3307
129 14 16.0992
129 19 68.8684
129 22 58.9783
129 24 64.5059
129 25 11.7747
129 32 80.1918
129 34 5.08996
129 36 51.5366
129 41 66.1789
129 44 20.5181
129 51 67.0962
129 52 113.552
129 53 2
129 54 80.9052
129 56 5.14766
129 62 12.7243
129 63 36.7927
129 65 18.9769
129 71 55.4203
129 73 68.9094
129 85 47.2399
129 92 36.3952
129 93 15.2555
129 95 102.206
129 106 47.2
129 107 30.5692
129 119 32.8798
129 123 13.5999
129 125 11.441
129 130 27.5563
129 133 66.6293
129 143 11.2398
129 149 10.8695
130 7 55.8612
130 8 2
130 11 31.1396
130 14 23.2458
130 19 29.6836
130 22 52.561
130 24 74.2901
130 25 11.8484
130 27 14.8125
130 28 29.6275
130 32 47.0137
130 34 3.63252
130 36 57.047
130 41 86.5142
130 43 18.6906
130 49 66.8988
130 51 100.592
130 56 14.9968
130 57 98.9034
130 59 24.9851
130 61 61.4093
130 63 40.0083
130 65 5.67258
130 68 33.5041
130 69 5.62049
130 71 97.5519
130 85 97.4026
130 89 61.3586
130 95 93.914
130 105 20.2862
130 106 119.364
130 123 18.3053
130 125 24.5922
130 133 56.0537
130 139 80.888
130 140 85.9277
130 146 104.021
130 149 9.41997
131 7 74.7772
131 11 53.0377
131 12 69.2953
131 14 11.6964
131 22 40.3485
131 25 14.1836
131 27 12.8358
131 28 42.5762
131 34 4.36349
131 36 64.7465
131 43 20.2438
131 52 100.114
131 53 2.08006
131 54 113.394
131 55 73.1512
131 56 14.2295
131 59 18.588
131 61 47.753
131 62 11.2301
131 63 44.95
131 65 4.42373
131 67 99.2892
131 69 5.08075
131 71 89.7684
131 72 66.293
131 84 55.4003
131 89 85.5478
131 95 62.023
131 105 21.2493
131 106 112.616
131 110 41.126
131 114 13.2411
131 118 31.7628
131 119 26.9347
131 125 17.5839
131 133 53.7608
131 139 114.7
131 140 94.6205
131 149 17.1154
132 0 28.4668
132 3 41.1735
132 6 12.979
132 9 19.3223
132 17 55.141
132 21 11.1444
132 26 111.705
132 29 67.1299
132 31 98.3256
132 35 80.6172
132 37 22.1063
132 40 37.8407
132 42 140.151
132 45 20.1801
132 47 13.0282
132 60 67.3126
132 70 57.0291
132 76 65.4528
132 77 61.3038
132 78 73.6725
132 79 16.1664
132 82 103.264
132 83 62.2793
132 103 13.6344
132 104 65.5719
132 108 10.3946
132 112 30.9652
132 113 41.6394
132 117 14.6851
132 122 86.9696
132 128 66.4253
132 134 48.5568
132 138 63.3313
132 141 29.1021
132 144 63.417
132 145 46.2101
133 7 85.7116
133 11 37.4077
133 12 95.8959
133 14 22.9323
133 22 37.4823
133 25 12.2939
133 27 11.8536
133 28 29.9651
133 34 5.01424
133 36 70.6245
133 43 20.6958
133 52 63.7688
133 53 2
133 54 85.7878
133 55 41.4692
133 56 10.8707
133 59 61.6889
133 61 50.7209
133 62 11.8343
133 63 32.3533
133 65 20.5242
133 67 107.824
133 69 4.19334
133 71 57.8046
133 72 83.7692
133 84 65.9564
133 89 68.9885
133 95 51.1288
133 105 23.1179
133 106 101.667
133 110 42.4518
133 114 10.2824
133 118 31.1178
133 119 22.5374
133 125 11.8504
133 133 106.196
133 139 98.854
133 140 90.7355
133 149 14.373
134 1 76.1242
134 4 17.8225
134 9 21.6847
134 15 110.833
134 16 97.5153
134 21 23.2523
134 26 35.4405
134 29 73.0145
134 31 93.5584
134 33 48.961
134 37 24.8242
134 38 84.2835
134 39 80.2744
134 42 124.8
134 45 11.4583
134 46 2.82473
134 47 8.21874
134 48 46.12
134 50 42.777
134 58 85.4194
134 66 31.5505
134 75 91.628
134 76 51.8932
134 78 74.8484
134 79 8.98691
134 82 99.8657
134 83 52.1969
134 94 25.9967
134 97 49.7919
134 98 53.2016
134 99 34.4209
134 100 48.8218
134 101 38.9344
134 103 10.6971
134 109 90.8548
134 111 85.2968
134 113 43.5611
134 115 78.2152
134 117 18.3794
134 120 76.1388
134 126 101.19
134 127 77.0216
134 128 93.7209
134 129 53.5862
134 131 17.8408
134 132 91.458
134 141 36.8718
134 142 48.119
134 144 90.0403
135 2 78.1147
135 5 100.377
135 7 86.3522
135 8 3.10533
135 23 12.2709
135 27 13.6004
135 28 33.5436
135 43 16.3637
135 49 72.565
135 55 73.1958
135 57 106.665
135 59 31.4678
135 61 63.6219
135 67 39.1388
135 68 32.4748
135 69 4.87084
135 72 45.9399
135 81 42.0881
135 84 59.8173
135 87 54.6673
135 89 90.2794
135 90 4.32042
135 96 24.3582
135 105 14.0507
135 110 49.9582
135 114 5.39928
135 118 42.5509
135 121 27.3994
135 124 39.2283
135 136 64.9165
135 137 11.541
135 139 116.32
135 140 58.556
135 146 82.9995
136 1 58.4114
136 4 6.87037
136 9 16.7379
136 15 112.59
136 16 102.534
136 21 19.2873
136 26 76.2682
136 29 76.3501
136 31 94.8654
136 33 80.8809
136 37 17.1019
136 38 57.1608
136 39 63.9545
136 42 71.3766
136 45 14.5446
136 46 2.49845
136 47 12.3441
136 48 71.9952
136 50 60.0037
136 58 80.9124
136 66 40.6235
136 75 114.608
136 76 73.7173
136 78 108.846
136 79 13.0159
136 82 112.478
136 83 41.428
136 94 16.485
136 97 32.6201
136 98 78.4269
136 99 52.1171
136 100 43.8109
136 101 17.8137
136 103 14.5049
136 109 68.5048
136 111 54.5761
136 113 59.0919
136 115 93.3445
136 117 12.6082
136 120 82.5571
136 126 93.354
136 127 65.0531
136 128 76.5707
136 129 48.4782
136 131 20.4617
136 132 75.5769
136 141 32.0443
136 142 50.9352
136 144 37.148
137 2 57.9488
137 5 66.1041
137 7 131.384
137 8 3.74154
137 23 22.89
137 27 7.85508
137 28 40.6715
137 43 18.1322
137 49 69.4467
137 55 44.7068
137 57 130.752
137 59 33.7527
137 61 61.3005
137 67 85.8707
137 68 27.5192
137 69 5.40737
137 72 48.6755
137 81 52.6993
137 84 48.8295
137 87 39.0969
137 89 51.7212
137 90 4.13421
137 96 39.606
137 105 22.2261
137 110 60.2133
137 114 11.0212
137 118 51.7257
137 121 37.8932
137 124 57.0845
137 136 79.168
137 137 17.0135
137 139 90.6811
137 140 84.0099
137 146 122.448
138 0 46.5587
138 1 85.2735
138 9 19.7639
138 15 91.3248
138 16 94.57
138 17 56.6181
138 18 81.2395
138 20 30.705
138 29 90.124
138 30 129.122
138 33 85.0256
138 35 71.9376
138 42 48.3192
138 46 3.28421
138 74 104.549
138 76 49.5479
138 78 100.104
138 80 88.9173
138 83 50.2818
138 88 73.984
138 91 53.1944
138 99 67.6225
138 100 54.2166
138 103 9.63691
138 104 82.862
138 109 84.6252
138 112 30.7754
138 115 75.4311
138 116 46.7021
138 117 10.0998
138 122 58.8117
138 126 109.177
138 128 51.034
138 131 26.1718
138 134 37.9186
138 141 27.1898
138 144 51.2541
138 145 99.999
138 147 11.4255
139 0 54.2164
139 3 26.7187
139 6 14.3556
139 9 20.3511
139 17 38.7971
139 21 14.9088
139 26 66.0535
139 29 59.3903
139 31 54.3916
139 35 75.6515
139 37 16.7875
139 40 41.0061
139 42 114.829
139 45 13.9974
139 47 8.31666
139 60 96.2528
139 70 58.1386
139 76 46.2914
139 77 52.1642
139 78 66.4576
139 79 15.7337
139 82 90.4247
139 83 36.3469
139 103 9.49279
139 104 66.0372
139 108 9.39709
139 112 15.8091
139 113 39.9952
139 117 15.9219
139 122 109.953
139 128 95.8483
139 134 30.649
139 138 81.1685
139 141 37.3682
139 144 81.365
139 145 73.0657
140 1 53.812
140 4 19.9988
140 9 15.3879
140 15 34.3985
140 16 71.1267
140 21 20.2961
140 26 96.8498
140 29 65.6351
140 31 66.2325
140 33 112.786
140 37 17.6884
140 38 71.559
140 39 79.4981
140 42 74.8724
140 45 16.6646
140 46 2.9029
140 47 14.468
140 48 65.0242
140 50 58.396
140 58 104.508
140 66 25.4558
140 75 58.9435
140 76 65.7557
140 78 85.8796
140 79 16.4158
140 82 80.4119
140 83 52.1462
140 94 26.5412
140 97 47.9852
140 98 63.8044
140 99 69.4535
140 100 71.7407
140 101 21.4039
140 103 6.99013
140 109 69.9216
140 111 73.9614
140 113 49.2956
140 115 58.2489
140 117 15.6855
140 120 89.0532
140 126 61.1948
140 127 83.3764
140 128 79.254
140 129 43.4931
140 131 10.5434
140 132 40.6588
140 141 29.7799
140 142 72.4425
140 144 70.1487
141 1 71.3745
141 3 30.279
141 9 12.3948
141 13 56.2794
141 16 100.281
141 17 22.4353
141 20 22.2205
141 30 88.5299
141 35 66.1268
141 37 19.2287
141 38 61.4152
141 39 65.5664
141 40 38.5936
141 42 87.9124
141 50 97.6659
141 60 85.6283
141 64 22.5456
141 66 24.5646
141 74 115.108
141 75 111.197
141 78 100.138
141 79 15.8247
141 80 48.6088
141 86 2.8944
141 88 92.239
141 97 26.5385
141 98 90.1642
141 99 54.2803
141 101 18.2108
141 102 44.5208
141 104 70.1886
141 108 4.34886
141 109 112.656
141 111 61.2996
141 112 19.3469
141 116 50.4742
141 117 15.9909
141 120 81.0682
141 127 26.7555
141 129 26.4621
141 134 29.5514
141 135 37.4106
141 141 30.5322
142 7 94.8747
142 12 59.725
142 14 13.1873
142 22 39.1383
142 23 19.3103
142 24 64.9186
142 25 11.1556
142 27 9.07172
142 28 37.2514
142 36 66.866
142 41 65.962
142 43 22.6662
142 44 19.8132
142 49 73.6611
142 53 2
142 55 57.2283
142 56 3.0689
142 57 126.489
142 59 37.0508
142 61 51.0363
142 62 14.1563
142 67 84.9532
142 81 37.8081
142 84 62.5903
142 85 118.74
142 87 99.6944
142 96 24.1374
142 124 44.3956
142 125 16.9425
142 133 78.3368
142 136 59.2529
142 137 17.8304
142 140 88.6
142 149 14.701
143 7 94.4904
143 8 4.27172
143 11 35.9123
143 14 18.8252
143 19 53.8867
143 22 39.4347
143 24 141.34
143 25 14.5229
143 27 11.1956
143 28 22.5896
143 32 80.7469
143 34 7.27072
143 36 55.708
143 41 81.9313
143 43 18.006
143 49 63.7611
143 51 65.3522
143 56 9.08385
143 57 125.788
143 59 35.8923
143 61 31.6031
143 63 53.7596
143 65 14.6475
143 68 25.7411
143 69 3.80055
143 71 65.1324
143 85 100.268
143 89 59.5807
143 95 77.0385
143 105 19.3546
143 106 83.4099
143 123 15.7621
143 125 15.8881
143 133 75.096
143 139 103.253
143 140 103.971
143 146 82.7743
143 149 12.9904
144 6 17.9339
144 13 38.7344
144 18 83.7358
144 20 38.7133
144 21 13.934
144 26 102.218
144 37 16.3303
144 39 70.4694
144 40 46.7574
144 42 70.6898
144 45 14.597
144 46 3.31912
144 47 13.8051
144 58 48.9938
144 60 105.446
144 64 30.3707
144 74 79.8584
144 75 54.9988
144 76 37.7797
144 77 89.1111
144 79 8.87536
144 80 71.3655
144 82 84.0192
144 88 107.675
144 91 64.6508
144 94 23.517
144 98 52.8151
144 99 45.9687
144 100 57.9261
144 101 28.3327
144 102 40.4345
144 103 12.9873
144 108 11.7111
144 111 34.4683
144 113 38.5486
144 116 32.0445
144 117 10.4406
144 122 140.087
144 127 110.641
144 128 73.9771
144 131 19.4571
144 132 78.9879
144 134 28.0312
144 138 66.682
144 141 27.3451
144 144 75.4004
144 145 84.1266
145 0 53.0201
145 1 88.0399
145 9 26.42
145 15 105.941
145 16 100.269
145 17 34.6453
145 18 80.6354
145 20 20.0129
145 29 96.4965
145 30 90.8832
145 33 98.7978
145 35 47.6733
145 42 86.7544
145 46 2.49975
145 74 95.2801
145 76 59.851
145 78 88.5251
145 80 58.3319
145 83 46.6973
145 88 105.568
145 91 66.4495
145 99 53.5237
145 100 74.6396
145 103 12.4424
145 104 83.725
145 109 98.0499
145 112 29.8846
145 115 64.3578
145 116 42.5636
145 117 14.9054
145 122 65.2973
145 126 60.5638
145 128 74.2539
145 131 24.1962
145 134 23.8937
145 141 30.4537
145 144 80.9087
145 145 72.5472
145 147 10.3402
146 2 114.627
146 5 85.4878
146 8 2.67131
146 10 57.3484
146 11 36.1581
146 19 52.2516
146 32 67.4208
146 34 7.20321
146 51 103.192
146 52 62.1724
146 54 94.1475
146 63 79.7541
146 65 11.2343
146 68 46.6834
146 69 4.83879
146 71 46.1171
146 72 29.3477
146 73 33.6071
146 89 74.0647
146 90 3.65716
146 92 27.0835
146 93 12.826
146 95 53.3951
146 105 23.0728
146 106 87.7794
146 107 41.0396
146 110 54.7956
146 114 10.0023
146 118 28.4793
146 119 24.916
146 121 32.2914
146 123 13.6803
146 130 41.507
146 139 85.3153
146 143 16.6846
146 146 34.5745
147 1 113.882
147 3 45.9816
147 9 13.6139
147 13 65.1967
147 16 100.428
147 17 35.378
147 20 33.6167
147 30 109.068
147 35 63.3512
147 37 14.1265
147 38 95.5763
147 39 44.8349
147 40 29.3201
147 42 120.41
147 50 48.6575
147 60 61.9349
147 64 44.5045
147 66 33.9653
147 74 57.7004
147 75 46.1241
147 78 92.7918
147 79 8.14702
147 80 47.5357
147 86 2.53947
147 88 74.2317
147 97 45.9758
147 98 75.893
147 99 66.0446
147 101 18.9328
147 102 35.4055
147 104 91.8663
147 108 10.3193
147 109 69.5837
147 111 65.5909
147 112 32.0356
147 116 46.2974
147 117 18.5954
147 120 48.4448
147 127 97.4233
147 129 50.9589
147 134 32.0405
147 135 56.2782
147 141 24.8925
148 0 48.3425
148 1 59.0685
148 9 18.7762
148 15 100.425
148 16 103.636
148 17 62.6331
148 18 72.5072
148 20 26.1895
148 29 122.921
148 30 89.7605
148 33 84.1548
148 35 86.7014
148 42 61.3416
148 46 2.71448
148 74 88.398
148 76 83.5411
148 78 33.8807
148 80 41.2737
148 83 54.6347
148 88 75.9773
148 91 76.768
148 99 67.2138
148 100 37.6137
148 103 17.1656
148 104 88.5196
148 109 69.3379
148 112 20.1863
148 115 69.17
148 116 39.673
148 117 16.7838
148 122 53.3595
148 126 87.7172
148 128 64.3944
148 131 15.5618
148 134 28.3044
148 141 9.39691
148 144 86.2142
148 145 79.3507
148 147 11.9364
149 6 13.9686
149 13 64.6645
149 18 83.3242
149 20 25.8753
149 21 17.4799
149 26 119.909
149 37 21.5497
149 39 69.0607
149 40 43.6718
149 42 122.619
149 45 16.7832
149 46 2.78732
149 47 15.0656
149 58 90.3037
149 60 115.953
149 64 28.6235
149 74 89.7618
149 75 84.537
149 76 65.5031
149 77 79.0836
149 79 21.2021
149 80 65.8179
149 82 70.3516
149 88 71.4697
149 91 61.4661
149 94 26.5671
149 98 75.9577
149 99 63.6766
149 100 58.8247
149 101 20.3536
149 102 43.9672
149 103 11.9689
149 108 7.09344
149 111 78.0154
149 113 45.5456
149 116 41.1524
149 117 15.4495
149 122 67.0599
149 127 81.5243
149 128 91.5143
149 131 23.8586
149 132 50.6685
149 134 39.6579
149 138 80.3242
149 141 24.4848
149 144 94.3718
149 145 69.9159
