150 150 5518
1
1
1
1
1
1
1
1
1
1
1
1
1
1
1
1
1
1
1
1
1
1
1
1
1
1
1
1
1
1
1
1
1
1
1
1
1
1
1
1
1
1
1
1
1
1
1
1
1
1
1
1
1
1
1
1
1
1
1
1
1
1
1
1
1
1
1
1
1
1
1
1
1
1
1
1
1
1
1
1
1
1
1
1
1
1
1
1
1
1
1
1
1
1
1
1
1
1
1
1
1
1
1
1
1
1
1
1
1
1
1
1
1
1
1
1
1
1
1
1
1
1
1
1
1
1
1
1
1
1
1
1
1
1
1
1
1
1
1
1
1
1
1
1
1
1
1
1
1
1
0 1 44.2734
0 2 30.8147
0 4 67.0335
0 9 94.3535
0 11 24.456
0 12 98.7212
0 14 20.0927
0 20 25.1197
0 21 62.934
0 34 12.8499
0 36 89.0674
0 38 68.8305
0 42 82.7519
0 44 70.913
0 67 24.8592
0 68 70.5677
0 74 100.186
0 76 46.5673
0 84 28.301
0 86 89.466
0 87 18.2617
0 88 66.8876
0 89 17.9725
0 92 61.348
0 93 10.6715
0 105 40.332
0 106 54.3915
0 111 44.1179
0 113 65.3453
0 115 19.9762
0 120 4.26432
0 121 131.482
0 132 55.3194
0 134 19.0785
0 138 76.2463
0 139 24.8368
0 140 2
0 142 85.0493
0 145 75.9819
0 149 67.1626
1 5 57.975
1 7 30.5329
1 15 62.6727
1 16 17.0816
1 23 77.4586
1 26 25.5804
1 29 15.3428
1 33 15.868
1 35 17.2534
1 41 59.7266
1 43 41.3408
1 47 2.01933
1 50 63.6042
1 53 77.4021
1 55 13.9989
1 56 66.285
1 58 44.0968
1 60 16.7881
1 64 51.552
1 66 72.0337
1 71 20.9411
1 78 63.7818
1 82 43.7025
1 91 35.1374
1 96 95.8668
1 104 35.613
1 107 67.0352
1 109 29.3358
1 110 11.7441
1 112 92.0381
1 114 12.3595
1 117 67.8922
1 123 50.1323
1 130 23.844
1 135 78.9965
1 137 77.4207
2 5 55.2526
2 7 24.7286
2 8 52.5588
2 13 5.79284
2 16 30.7009
2 23 56.0038
2 37 91.9831
2 41 48.8481
2 47 2
2 52 19.6064
2 53 47.4679
2 54 102.86
2 56 83.3718
2 58 62.5777
2 64 55.8223
2 70 66.7545
2 71 28.9518
2 73 54.8125
2 78 41.2493
2 82 39.5834
2 85 15.5056
2 90 62.093
2 91 68.6144
2 96 86.3718
2 97 36.35
2 104 35.0553
2 107 72.7639
2 108 10.4999
2 109 43.2555
2 112 129.421
2 116 60.7177
2 118 40.9746
2 123 48.5399
2 124 7.12428
2 128 106.094
2 130 18.623
2 133 75.9741
2 135 72.6056
2 137 106.708
3 5 57.0584
3 7 37.2651
3 8 65.1312
3 13 12.4193
3 16 34.1885
3 23 70.6071
3 37 82.2982
3 41 44.226
3 47 2
3 52 40.1862
3 53 70.3801
3 54 73.6433
3 56 116.213
3 58 34.6857
3 64 63.4817
3 70 52.1984
3 71 28.6519
3 73 41.1653
3 78 93.7929
3 82 65.946
3 85 31.8491
3 90 57.3736
3 91 92.8632
3 96 43.4828
3 97 32.4407
3 104 36.9379
3 107 69.0009
3 108 14.1079
3 109 27.977
3 112 91.6489
3 116 125.297
3 118 30.93
3 123 51.0467
3 124 7.268
3 128 80.8755
3 130 31.6225
3 133 103.267
3 135 99.5893
3 137 62.7408
4 5 52.6397
4 7 24.3843
4 8 76.6572
4 13 11.7217
4 16 30.8989
4 23 54.0538
4 37 62.0079
4 41 57.77
4 47 2.22528
4 52 18.1679
4 53 71.7409
4 54 79.1175
4 56 63.1005
4 58 44.85
4 64 50.1364
4 70 84.9613
4 71 44.3847
4 73 53.2781
4 78 61.1197
4 82 56.2819
4 85 41.7534
4 90 78.6221
4 91 75.0988
4 96 106.898
4 97 23.9236
4 104 34.4528
4 107 49.5095
4 108 11.7715
4 109 27.6164
4 112 83.404
4 116 108.241
4 118 44.8567
4 123 53.2916
4 124 5.7762
4 128 52.6343
4 130 16.2261
4 133 63.0949
4 135 77.6523
4 137 77.2888
5 0 43.0691
5 6 40.0585
5 10 20.6689
5 17 41.0345
5 18 53.2446
5 19 72.9041
5 22 110.031
5 25 133.935
5 28 56.77
5 30 81.4768
5 31 11.1792
5 32 34.021
5 39 59.1854
5 40 93.1352
5 45 105.188
5 46 14.1467
5 48 76.607
5 51 8.51267
5 61 29.8077
5 63 51.1838
5 65 56.282
5 77 68.5601
5 79 34.1303
5 80 57.9764
5 81 66.685
5 83 66.5828
5 95 103.477
5 98 17.9784
5 99 46.1725
5 100 82.3615
5 102 57.7104
5 103 61.9522
5 119 32.3253
5 122 9.35063
5 126 53.105
5 127 101.641
5 129 67.4852
5 131 47.0065
5 136 17.4165
5 141 70.8226
5 144 59.2609
5 147 48.0078
5 148 43.4497
6 2 33.7875
6 4 72.6277
6 10 31.1442
6 11 47.0854
6 18 40.8876
6 19 63.8184
6 20 19.8257
6 21 91.457
6 22 77.3804
6 25 83.9257
6 28 71.5788
6 34 20.0403
6 36 76.2198
6 38 38.1206
6 45 78.9036
6 51 10.3745
6 61 33.8509
6 63 73.3164
6 67 20.3915
6 68 71.9587
6 74 59.0946
6 77 61.3789
6 79 24.6413
6 87 10.7574
6 88 40.4854
6 93 10.8797
6 105 47.2705
6 106 72.4918
6 113 63.4644
6 120 5.11618
6 121 103.659
6 122 10.7934
6 127 104.442
6 131 51.2112
6 132 54.0585
6 136 25.5407
6 140 2.28127
6 142 67.0492
6 145 97.6909
6 147 45.8932
6 148 81.4986
7 0 36.8084
7 1 35.6969
7 6 73.5469
7 9 101.722
7 12 57.6251
7 14 22.7251
7 17 73.8098
7 30 100.069
7 31 10.6488
7 32 62.5378
7 39 43.6786
7 40 45.2216
7 42 44.0891
7 44 69.428
7 46 5.88689
7 48 123.968
7 65 58.2603
7 76 58.8622
7 80 40.9765
7 81 74.7015
7 83 95.9197
7 84 47.6387
7 86 75.6831
7 89 32.0149
7 92 40.5596
7 95 92.4689
7 98 15.32
7 99 38.5927
7 100 19.8476
7 102 79.7939
7 103 89.1957
7 111 43.6799
7 115 39.5563
7 119 37.3846
7 126 37.2109
7 129 58.6209
7 134 27.8691
7 138 71.0803
7 139 31.4035
7 141 66.4737
7 144 36.2745
7 149 76.6782
8 3 16.2352
8 15 96.4542
8 24 50.5883
8 26 20.0229
8 27 32.8871
8 29 15.0018
8 33 16.533
8 35 15.9624
8 43 39.1888
8 49 31.524
8 50 85.0472
8 55 14.719
8 57 12.6913
8 59 52.1587
8 60 22.8277
8 62 69.7326
8 66 56.5161
8 69 48.2933
8 72 2.58731
8 75 62.1157
8 94 47.5672
8 101 66.2739
8 110 15.7786
8 114 11.8505
8 117 87.6669
8 125 56.2367
8 143 68.9474
8 146 21.8889
9 1 46.2114
9 2 30.8693
9 4 61.2551
9 11 23.7447
9 14 24.3354
9 19 64.2753
9 21 69.9681
9 25 118.707
9 30 45.5103
9 36 80.8948
9 38 34.8796
9 39 68.6929
9 40 65.1604
9 44 68.4475
9 45 88.57
9 46 11.6978
9 51 10.0971
9 63 86.0688
9 67 22.2195
9 68 47.3559
9 74 87.5556
9 80 47.996
9 83 78.5508
9 87 14.5458
9 88 41.4094
9 93 7.19277
9 95 91.807
9 98 21.6537
9 103 96.0104
9 106 58.0702
9 111 42.4652
9 115 36.7277
9 119 44.326
9 120 7.42599
9 121 113.585
9 127 80.3943
9 132 63.2325
9 136 24.4821
9 138 63.5172
9 139 41.1234
9 140 2
9 144 39.7858
9 145 108.936
9 148 64.1554
10 7 21.8848
10 23 71.9001
10 24 84.7951
10 26 30.1683
10 27 35.2186
10 33 18.383
10 47 2.04512
10 54 101.502
10 55 15.0711
10 56 55.7192
10 57 10.6183
10 64 66.4403
10 66 100.535
10 70 56.4563
10 73 61.3316
10 75 55.0934
10 78 65.1938
10 82 56.5833
10 90 45.0371
10 91 60.5879
10 94 42.4146
10 97 49.5335
10 104 19.8889
10 110 17.9975
10 114 15.6358
10 116 139.132
10 118 36.6838
10 125 49.2101
10 128 85.6633
10 133 99.2527
10 135 74.0876
11 2 33.4648
11 4 113.497
11 6 84.3301
11 9 82.0496
11 10 14.5137
11 11 30.0911
11 14 11.3933
11 19 55.3091
11 20 22.6951
11 22 76.8907
11 25 121.084
11 30 115.267
11 31 10.2677
11 32 45.2381
11 36 55.4223
11 38 43.3671
11 39 50.3031
11 40 54.2514
11 42 77.8273
11 44 76.9077
11 46 10.7288
11 48 65.7693
11 51 12.5163
11 63 59.0431
11 65 66.4819
11 74 53.6705
11 76 58.7147
11 77 51.1515
11 80 51.8161
11 81 73.6251
11 83 67.4274
11 84 38.1379
11 89 12.9081
11 95 125.068
11 100 59.5404
11 102 49.88
11 111 31.209
11 121 100.382
11 122 13.1303
11 126 29.9654
11 131 30.185
11 142 46.8286
11 144 39.5272
11 147 34.4248
11 148 99.0664
11 149 24.153
12 5 69.6402
12 7 35.5367
12 15 98.9803
12 24 57.7243
12 26 15.6275
12 27 49.1506
12 29 11.3561
12 33 12.744
12 35 15.1811
12 37 74.9886
12 41 89.3316
12 47 2
12 49 60.1472
12 53 55.1058
12 54 68.4395
12 55 14.3885
12 56 90.6298
12 57 13.9017
12 58 33.5361
12 59 39.7666
12 60 18.7369
12 62 57.7252
12 66 96.6698
12 71 32.8262
12 72 4.95483
12 73 23.8054
12 78 47.7951
12 82 49.0258
12 91 52.1851
12 107 112.441
12 108 10.2567
12 109 32.4069
12 110 20.7559
12 112 80.486
12 114 16.3477
12 130 9.47852
13 3 9.38252
13 15 43.2061
13 24 80.8335
13 26 28.1656
13 27 26.5123
13 29 22.1039
13 33 16.7056
13 35 12.8636
13 43 20.489
13 49 67.5525
13 50 48.8843
13 55 12.3452
13 57 13.2456
13 59 42.4951
13 60 17.2356
13 62 58.0564
13 66 70.5864
13 69 49.0079
13 72 3.52218
13 75 79.9952
13 94 24.8141
13 101 79.4831
13 110 12.2491
13 114 11.2611
13 117 91.8624
13 125 45.0281
13 143 102.835
13 146 7.03314
14 3 12.3949
14 8 84.3468
14 13 11.6923
14 24 81.683
14 27 31.4661
14 37 116.939
14 49 49.2355
14 52 31.494
14 54 37.2156
14 57 9.271
14 59 35.145
14 62 43.5654
14 69 48.069
14 70 63.6261
14 72 5.0363
14 73 36.7965
14 75 76.5994
14 85 43.3543
14 90 80.0308
14 94 48.2849
14 97 35.1936
14 101 83.4841
14 108 13.4895
14 116 71.077
14 118 37.5326
14 124 5.01337
14 125 43.759
14 128 87.8712
14 133 53.8039
14 143 97.1719
14 146 30.7572
15 5 42.4155
15 7 30.4308
15 8 71.5559
15 13 13.9349
15 16 26.8059
15 23 66.9136
15 37 105.623
15 41 67.6594
15 47 2
15 52 21.6939
15 53 85.8058
15 54 48.4654
15 56 91.2137
15 58 46.2701
15 64 39.7445
15 70 47.377
15 71 31.8693
15 73 46.731
15 78 101.135
15 82 49.3854
15 85 27.4712
15 90 51.4284
15 91 52.5393
15 96 114.872
15 97 39.3316
15 104 38.1655
15 107 59.713
15 108 9.7145
15 109 14.6008
15 112 111.777
15 116 83.9409
15 118 43.5933
15 123 76.7011
15 124 5.14484
15 128 100.835
15 130 20.2316
15 133 143.694
15 135 120.103
15 137 56.4693
16 0 43.9832
16 4 50.1095
16 12 59.2096
16 14 17.0538
16 22 67.6048
16 32 44.3948
16 34 15.1932
16 36 80.6915
16 38 47.2476
16 40 95.5684
16 42 75.1775
16 44 72.0494
16 48 64.2281
16 51 13.0236
16 63 74.9462
16 65 78.1292
16 68 71.0849
16 76 39.692
16 79 44.5484
16 83 47.7099
16 84 22.3598
16 86 70.3112
16 93 9.3554
16 95 112.889
16 98 23.089
16 99 57.5334
16 103 34.2669
16 105 28.2727
16 119 50.7175
16 122 11.0175
16 126 52.3948
16 129 76.0698
16 132 59.4483
16 134 28.6517
16 136 12.8781
16 139 45.5181
16 140 2.20477
16 142 74.0403
16 144 54.5435
16 145 139.607
16 148 80.4137
17 0 23.6376
17 1 50.7427
17 12 58.8592
17 17 128.462
17 18 54.7676
17 21 63.4833
17 28 66.2248
17 34 12.3146
17 45 105.367
17 61 34.0723
17 67 16.5703
17 68 52.3719
17 79 41.5704
17 86 105.97
17 87 9.1962
17 88 64.6766
17 92 44.372
17 93 12.4494
17 98 13.5267
17 99 41.9564
17 103 92.1084
17 105 34.1661
17 106 70.7831
17 113 106.943
17 115 26.6625
17 119 52.8873
17 120 4.91222
17 127 69.2039
17 129 51.5753
17 132 47.9183
17 134 12.3472
17 136 21.1266
17 138 95.158
17 139 32.1166
17 140 2
17 141 100.803
17 145 108.298
18 5 79.1868
18 8 69.6351
18 13 10.1207
18 24 89.8001
18 37 121.016
18 47 2
18 49 54.0898
18 50 16.4431
18 52 35.3727
18 53 85.3312
18 56 93.3439
18 57 12.4098
18 66 73.7297
18 71 19.3375
18 73 28.0666
18 75 65.9052
18 78 82.0388
18 91 62.752
18 97 28.3682
18 108 12.3806
18 110 17.9125
18 112 69.4219
18 116 65.1478
18 117 77.9019
18 118 47.5414
18 124 6.16717
18 125 43.587
18 128 90.019
18 133 89.8174
18 137 63.1244
19 3 15.2169
19 15 67.4899
19 24 101.634
19 26 28.5069
19 27 32.9496
19 29 17.0505
19 33 9.47627
19 35 19.558
19 43 35.7392
19 49 78.0875
19 50 107.931
19 55 16.8061
19 57 10.0822
19 59 52.1664
19 60 24.3743
19 62 43.6718
19 66 137.821
19 69 33.8704
19 72 2.77485
19 75 74.8045
19 94 47.1019
19 101 74.9456
19 110 15.7388
19 114 17.3522
19 117 108.18
19 125 29.5314
19 143 111.236
19 146 20.7667
20 5 70.93
20 7 14.7668
20 15 73.8786
20 24 116.383
20 26 33.0348
20 27 38.1609
20 29 13.2297
20 33 17.4809
20 35 16.4891
20 37 55.1356
20 41 54.6034
20 47 2.0058
20 49 71.2511
20 53 94.5251
20 54 89.3235
20 55 14.4521
20 56 47.3001
20 57 9.23871
20 58 32.0096
20 59 39.0481
20 60 16.5442
20 62 59.1109
20 66 81.437
20 71 32.5806
20 72 2
20 73 56.7218
20 78 75.1629
20 82 55.2849
20 91 52.1943
20 107 56.244
20 108 15.379
20 109 28.5299
20 110 18.5185
20 112 100.119
20 114 9.6333
20 130 25.2292
21 5 79.38
21 8 90.6144
21 13 11.9084
21 24 102.562
21 37 77.2681
21 47 2.06785
21 49 46.0889
21 50 60.9474
21 52 14.6054
21 53 66.934
21 56 65.5073
21 57 10.3144
21 66 45.3842
21 71 44.3205
21 73 53.7162
21 75 88.6075
21 78 77.5656
21 91 48.6461
21 97 27.2871
21 108 11.3116
21 110 18.2087
21 112 80.6931
21 116 64.512
21 117 83.8024
21 118 31.56
21 124 5.24767
21 125 51.0468
21 128 89.9357
21 133 107.263
21 137 52.6976
22 7 46.2625
22 23 70.1789
22 24 79.2772
22 26 19.4319
22 27 38.9944
22 33 15.9323
22 47 2.28769
22 54 78.3197
22 55 14.9288
22 56 78.5434
22 57 10.9806
22 64 33.2216
22 66 79.7184
22 70 72.0163
22 73 36.7802
22 75 72.9899
22 78 88.5354
22 82 49.7243
22 90 55.4335
22 91 76.3736
22 94 48.9672
22 97 20.6418
22 104 33.2705
22 110 7.18678
22 114 11.4131
22 116 80.0076
22 118 53.5149
22 125 53.4793
22 128 73.9249
22 133 107.759
22 135 96.7354
23 0 29.5847
23 6 68.0641
23 10 22.4825
23 17 79.5796
23 18 42.5023
23 19 70.4389
23 22 75.9419
23 25 116.75
23 28 81.4147
23 30 76.0402
23 31 10.8563
23 32 25.7034
23 39 29.3652
23 40 47.654
23 45 86.6919
23 46 10.5931
23 48 94.1781
23 51 9.11201
23 61 39.4912
23 63 91.2341
23 65 63.5283
23 77 93.9045
23 79 28.9229
23 80 47.3675
23 81 101.608
23 83 71.3937
23 95 105.622
23 98 5.89857
23 99 33.9307
23 100 57.0831
23 102 43.9686
23 103 67.6941
23 119 61.4883
23 122 10.094
23 126 68.0442
23 127 89.9779
23 129 83.4682
23 131 42.9772
23 136 31.36
23 141 57.1955
23 144 33.2332
23 147 19.1218
23 148 97.6169
24 5 86.0556
24 7 45.0068
24 15 71.1125
24 24 77.8557
24 26 27.2837
24 27 34.6343
24 29 13.2851
24 33 18.4165
24 35 17.513
24 37 103.691
24 41 44.646
24 47 2
24 49 77.4048
24 53 108.471
24 54 78.6789
24 55 18.271
24 56 88.5122
24 57 11.6965
24 58 45.2016
24 59 32.2848
24 60 18.3619
24 62 53.8174
24 66 77.763
24 71 26.5427
24 72 4.85985
24 73 39.3027
24 78 55.6657
24 82 60.6552
24 91 86.6577
24 107 49.1445
24 108 12.9734
24 109 32.7029
24 110 23.5577
24 112 79.591
24 114 13.1265
24 130 31.649
25 3 11.9261
25 8 78.5213
25 13 15.521
25 24 47.5466
25 27 34.8375
25 37 74.69
25 49 70.7895
25 52 42.7099
25 54 90.2615
25 57 9.58647
25 59 60.8569
25 62 55.5962
25 69 39.6414
25 70 71.4395
25 72 5.12289
25 73 46.462
25 75 74.157
25 85 31.9504
25 90 50.8058
25 94 36.9147
25 97 34.4961
25 101 115.332
25 108 14.2738
25 116 61.1443
25 118 39.0191
25 124 6.42177
25 125 40.1344
25 128 92.1164
25 133 84.4196
25 143 95.4211
25 146 17.196
26 0 43.043
26 6 93.7906
26 10 20.5848
26 17 77.168
26 18 64.1115
26 19 104.835
26 22 103.181
26 25 53.7563
26 28 106.354
26 30 94.0212
26 31 5.8646
26 32 47.2117
26 39 35.6465
26 40 66.3024
26 45 98.1758
26 46 14.7129
26 48 94.2652
26 51 9.88308
26 61 31.7277
26 63 84.5459
26 65 66.3378
26 77 80.9675
26 79 33.3268
26 80 35.9571
26 81 95.146
26 83 73.3405
26 95 120.833
26 98 6.53944
26 99 30.9756
26 100 86.3583
26 102 50.9699
26 103 92.6791
26 119 48.952
26 122 10.2295
26 126 63.4233
26 127 80.2788
26 129 94.0012
26 131 45.701
26 136 27.113
26 141 77.4925
26 144 35.1993
26 147 34.5797
26 148 56.9291
27 0 32.5228
27 4 60.4324
27 12 35.2889
27 14 12.54
27 22 98.63
27 32 42.9289
27 34 20.5124
27 36 91.3004
27 38 32.526
27 40 85.0471
27 42 43.4459
27 44 75.8607
27 48 71.4508
27 51 9.3897
27 63 85.5319
27 65 68.9957
27 68 29.1107
27 76 42.9967
27 79 34.8254
27 83 90.0521
27 84 57.02
27 86 89.1215
27 93 8.11396
27 95 101.5
27 98 14.6079
27 99 70.1132
27 103 90.0678
27 105 22.5844
27 119 29.8543
27 122 9.34005
27 126 61.4589
27 129 58.8905
27 132 50.3288
27 134 16.8589
27 136 34.9167
27 139 35.1729
27 140 2
27 142 58.7371
27 144 25.8421
27 145 70.1719
27 148 97.7228
28 5 90.5666
28 7 11.4045
28 15 86.9005
28 24 140.015
28 26 27.1674
28 27 26.4715
28 29 14.3405
28 33 16.379
28 35 11.4187
28 37 100.757
28 41 70.6804
28 47 2.15442
28 49 85.1983
28 53 80.5914
28 54 122.694
28 55 14.5131
28 56 72.2171
28 57 5.84517
28 58 46.2204
28 59 58.1224
28 60 9.85513
28 62 56.9475
28 66 74.3853
28 71 26.3472
28 72 3.87684
28 73 67.8226
28 78 90.5923
28 82 65.1957
28 91 96.6745
28 107 68.8212
28 108 9.23072
28 109 16.457
28 110 13.7598
28 112 75.0857
28 114 10.5885
28 130 21.3389
29 3 15.4025
29 5 67.3248
29 8 67.637
29 13 12.7625
29 15 85.1418
29 16 27.9514
29 29 11.9874
29 35 14.8286
29 37 128.458
29 41 81.456
29 43 30.2413
29 49 69.9939
29 50 106.368
29 52 23.8684
29 53 51.4409
29 58 38.4124
29 59 61.8677
29 60 19.7173
29 62 70.905
29 69 29.5521
29 71 33.4088
29 72 4.46622
29 85 36.3429
29 96 76.7241
29 101 101.361
29 107 102.754
29 108 12.8823
29 109 24.5805
29 112 74.2399
29 117 48.8816
29 123 50.9684
29 124 5.13458
29 130 22.8124
29 137 60.5329
29 143 58.715
29 146 18.7373
30 5 44.0478
30 7 41.0355
30 15 118.022
30 16 17.0253
30 23 49.4833
30 26 20.7477
30 29 17.0273
30 33 15.0961
30 35 18.8534
30 41 71.2723
30 43 20.5901
30 47 2
30 50 61.4084
30 53 65.2318
30 55 17.8992
30 56 56.5924
30 58 33.3134
30 60 18.7671
30 64 74.5049
30 66 118.466
30 71 35.674
30 78 95.0727
30 82 47.4028
30 91 36.8157
30 96 73.4723
30 104 48.4991
30 107 63.6204
30 109 31.4008
30 110 14.9565
30 112 75.3418
30 114 15.1112
30 117 96.8109
30 123 60.4178
30 130 21.1868
30 135 78.2911
30 137 68.2287
31 1 46.4626
31 2 20.7233
31 6 87.7583
31 9 97.8072
31 10 11.925
31 11 47.7545
31 17 58.8774
31 18 49.8617
31 19 35.1588
31 20 18.0187
31 21 65.6883
31 25 99.0801
31 28 78.3427
31 30 86.3015
31 31 8.53923
31 39 42.7143
31 45 141.6
31 46 10.3435
31 61 34.3898
31 67 24.1336
31 74 57.9457
31 77 54.9876
31 80 59.0877
31 81 48.2312
31 87 20.2166
31 88 46.5266
31 89 30.902
31 92 46.4017
31 100 55.0366
31 102 62.0507
31 106 51.878
31 111 74.1404
31 113 68.6563
31 115 30.3393
31 120 7.13034
31 121 92.7549
31 127 84.5661
31 131 51.6828
31 138 63.2784
31 141 72.3444
31 147 35.3271
31 149 40.3091
32 1 38.951
32 2 26.4111
32 4 62.8779
32 9 60.1923
32 11 36.377
32 12 32.6209
32 14 24.9022
32 20 17.4535
32 21 74.6617
32 34 14.5275
32 36 93.4088
32 38 30.6354
32 42 109.068
32 44 97.1449
32 67 20.4588
32 68 74.0351
32 74 67.791
32 76 43.7766
32 84 47.0158
32 86 51.9504
32 87 12.1398
32 88 43.7455
32 89 22.358
32 92 27.9717
32 93 11.5847
32 105 37.8184
32 106 47.9556
32 111 50.7467
32 113 68.4528
32 115 30.4487
32 120 8.89076
32 121 98.1242
32 132 61.306
32 134 17.145
32 138 83.6125
32 139 50.4204
32 140 2.27833
32 142 81.0437
32 145 85.0206
32 149 53.1184
33 1 36.122
33 2 26.7966
33 4 48.5305
33 9 81.827
33 11 34.3096
33 12 85.7818
33 14 15.6885
33 20 31.9838
33 21 68.7971
33 34 22.8074
33 36 83.5643
33 38 62.7212
33 42 72.5189
33 44 84.5314
33 67 17.1566
33 68 55.3066
33 74 62.392
33 76 63.1726
33 84 36.2225
33 86 72.752
33 87 13.3641
33 88 51.5643
33 89 27.8601
33 92 32.5292
33 93 10.2739
33 105 40.2581
33 106 44.4693
33 111 62.2359
33 113 62.6901
33 115 34.4942
33 120 8.3042
33 121 91.9337
33 132 66.9749
33 134 28.9086
33 138 77.7362
33 139 41.1309
33 140 2.13166
33 142 106.56
33 145 122.296
33 149 106.131
34 3 10.066
34 8 78.2801
34 13 9.35897
34 16 8.29861
34 23 75.1212
34 43 41.8137
34 50 110.724
34 52 28.4397
34 64 31.6333
34 69 39.0768
34 70 96.6846
34 75 114.966
34 85 39.3276
34 90 87.8362
34 94 44.4002
34 96 109.531
34 97 33.2437
34 101 87.4017
34 104 33.0101
34 116 56.4456
34 117 75.4812
34 118 46.9435
34 123 62.628
34 124 8.6213
34 125 44.2994
34 128 76.6449
34 133 104.876
34 135 82.9455
34 137 78.078
34 143 88.1563
34 146 27.6129
35 5 68.4931
35 8 64.3105
35 13 15.6797
35 24 94.3625
35 37 127.733
35 47 2
35 49 47.3984
35 50 83.8577
35 52 30.3409
35 53 37.5172
35 56 53.697
35 57 13.1094
35 66 89.6034
35 71 24.2181
35 73 46.5394
35 75 43.9707
35 78 71.7957
35 91 89.5301
35 97 39.0506
35 108 10.0502
35 110 19.8245
35 112 79.6271
35 116 108.403
35 117 87.9586
35 118 37.4715
35 124 8.25103
35 125 54.6236
35 128 73.388
35 133 29.4682
35 137 82.3784
36 3 18.7518
36 7 39.3196
36 15 67.3493
36 16 27.3997
36 23 80.9287
36 26 20.2284
36 27 35.6693
36 29 12.0381
36 33 15.2058
36 35 14.312
36 41 50.0519
36 43 32.2444
36 54 64.5302
36 55 13.9024
36 58 36.2337
36 59 41.2543
36 60 23.1828
36 62 63.9046
36 64 60.769
36 69 24.3879
36 70 48.8859
36 72 4.2572
36 82 57.8678
36 85 35.7202
36 90 50.418
36 94 59.9753
36 96 83.789
36 101 105.096
36 104 29.3893
36 107 69.5084
36 109 26.7347
36 114 8.74577
36 123 33.2973
36 130 28.4086
36 135 61.2071
36 143 106.539
36 146 19.7865
37 5 56.3196
37 8 71.8374
37 13 15.1309
37 24 68.3914
37 37 125.582
37 47 2
37 49 68.2029
37 50 61.7165
37 52 38.2954
37 53 43.4125
37 56 91.8007
37 57 8.92341
37 66 72.3336
37 71 27.2994
37 73 49.987
37 75 89.4267
37 78 82.8801
37 91 70.519
37 97 24.0712
37 108 6.66787
37 110 20.522
37 112 81.4234
37 116 101.719
37 117 73.3665
37 118 37.5989
37 124 6.1772
37 125 62.885
37 128 73.993
37 133 110.243
37 137 91.2772
38 2 37.3403
38 4 68.04
38 10 14.2926
38 11 23.8068
38 18 56.9917
38 19 65.8762
38 20 22.1888
38 21 40.2155
38 22 83.832
38 25 64.039
38 28 69.6551
38 34 24.1228
38 36 55.6847
38 38 32.9478
38 45 111.809
38 51 14.2397
38 61 37.6067
38 63 77.4122
38 67 22.8816
38 68 53.3784
38 74 82.2239
38 77 110.466
38 79 35.457
38 87 9.68059
38 88 37.2189
38 93 7.93638
38 105 34.4768
38 106 43.8069
38 113 59.7627
38 120 7.81881
38 121 92.9492
38 122 11.7426
38 127 64.8808
38 131 60.9968
38 132 44.9787
38 136 26.1446
38 140 2
38 142 97.2156
38 145 88.13
38 147 48.9585
38 148 90.7998
39 3 10.1295
39 7 32.3027
39 15 104.17
39 16 22.4998
39 23 35.199
39 26 15.48
39 27 42.1828
39 29 12.9369
39 33 15.8841
39 35 13.0258
39 41 81.0561
39 43 34.7413
39 54 95.2209
39 55 12.1825
39 58 43.9986
39 59 47.1097
39 60 20.0847
39 62 35.4421
39 64 42.0064
39 69 30.8641
39 70 53.7932
39 72 4.76574
39 82 42.1325
39 85 31.846
39 90 86.9234
39 94 51.2768
39 96 79.493
39 101 72.209
39 104 58.4166
39 107 86.9054
39 109 35.6278
39 114 5.2763
39 123 66.7972
39 130 26.53
39 135 72.5027
39 143 122.407
39 146 23.1243
40 0 46.2896
40 6 85.3681
40 9 60.4107
40 10 15.4437
40 12 56.5983
40 17 67.3583
40 18 51.1271
40 20 21.1471
40 22 93.3949
40 28 35.4948
40 31 9.65843
40 32 45.9726
40 34 21.3044
40 42 65.5678
40 48 91.8838
40 61 44.2912
40 65 95.2102
40 76 56.0092
40 77 77.3619
40 79 27.2274
40 81 52.3204
40 84 36.849
40 86 70.8468
40 89 16.4052
40 92 72.812
40 99 32.1698
40 100 82.4464
40 102 47.7966
40 105 31.0542
40 113 80.042
40 122 8.2071
40 126 43.6176
40 129 69.4792
40 131 47.4267
40 134 17.3984
40 141 85.4176
40 142 69.3261
40 147 39.3319
40 149 69.2858
41 1 41.5185
41 2 38.8571
41 4 70.5104
41 11 35.1487
41 14 24.6134
41 19 69.5122
41 21 63.3862
41 25 133.28
41 30 114.669
41 36 96.6671
41 38 53.8524
41 39 49.4024
41 40 86.5699
41 44 67.9761
41 45 95.6846
41 46 11.4809
41 51 9.32214
41 63 77.1939
41 67 22.6157
41 68 83.1611
41 74 86.1848
41 80 39.7221
41 83 61.6797
41 87 9.4367
41 88 59.0735
41 93 12.9117
41 95 62.7494
41 98 15.2416
41 103 84.8136
41 106 57.8913
41 111 35.821
41 115 20.816
41 119 50.9566
41 120 4.36345
41 121 124.515
41 127 76.4094
41 132 56.2026
41 136 15.0896
41 138 50.049
41 139 31.9911
41 140 2
41 144 23.0791
41 145 121.159
41 148 86.8771
42 3 14.4043
42 8 60.057
42 13 8.97359
42 16 36.794
42 23 83.6201
42 43 39.8729
42 50 101.646
42 52 26.6917
42 64 47.031
42 69 27.6527
42 70 84.5128
42 75 71.3273
42 85 54.9579
42 90 56.2448
42 94 13.1819
42 96 35.6632
42 97 25.1671
42 101 105.62
42 104 28.899
42 116 88.8527
42 117 101.186
42 118 65.3455
42 123 56.2466
42 124 3.33656
42 125 37.897
42 128 70.2737
42 133 132.613
42 135 96.7082
42 137 72.6272
42 143 91.01
42 146 18.266
43 1 50.7911
43 2 7.17433
43 4 81.8308
43 9 63.7248
43 11 18.8702
43 12 71.5981
43 14 13.5122
43 20 18.8818
43 21 84.514
43 34 22.6486
43 36 78.7131
43 38 41.0399
43 42 79.8862
43 44 54.1426
43 67 24.8168
43 68 74.2499
43 74 60.6363
43 76 60.0475
43 84 40.8693
43 86 64.4893
43 87 14.1565
43 88 40.3073
43 89 23.7874
43 92 59.4814
43 93 10.3333
43 105 37.0589
43 106 28.4653
43 111 48.4341
43 113 72.2597
43 115 30.9975
43 120 6.53077
43 121 100.122
43 132 64.962
43 134 29.1251
43 138 81.767
43 139 14.7151
43 140 2.16879
43 142 76.5362
43 145 87.1495
43 149 57.3427
44 5 66.337
44 7 18.9491
44 15 82.6303
44 24 97.9729
44 26 19.629
44 27 24.6691
44 29 13.7519
44 33 13.0113
44 35 19.463
44 37 114.153
44 41 69.516
44 47 2.57957
44 49 59.1066
44 53 83.9992
44 54 115.908
44 55 12.0643
44 56 29.123
44 57 7.28005
44 58 52.1291
44 59 58.4737
44 60 28.9315
44 62 43.2566
44 66 99.826
44 71 32.092
44 72 3.4128
44 73 45.8908
44 78 94.3345
44 82 44.1551
44 91 68.8491
44 107 76.3896
44 108 15.7158
44 109 38.4061
44 110 18.464
44 112 87.25
44 114 14.6937
44 130 19.3676
45 7 24.0977
45 23 79.2632
45 24 107.49
45 26 24.368
45 27 29.9923
45 33 19.144
45 47 2
45 54 88.566
45 55 19.1924
45 56 61.3806
45 57 13.2013
45 64 30.6566
45 66 46.06
45 70 95.6135
45 73 35.6503
45 75 99.0963
45 78 50.5756
45 82 47.8795
45 90 50.2702
45 91 41.4066
45 94 42.8472
45 97 40.2806
45 104 41.83
45 110 8.44694
45 114 13.9272
45 116 78.3637
45 118 52.8584
45 125 38.3382
45 128 133.494
45 133 88.2051
45 135 113.614
46 5 56.8034
46 8 70.5215
46 13 14.1749
46 24 77.2218
46 37 83.7613
46 47 2
46 49 52.4936
46 50 98.927
46 52 27.3843
46 53 93.1731
46 56 68.5555
46 57 9.91903
46 66 65.9515
46 71 35.6707
46 73 31.4666
46 75 76.5211
46 78 74.9067
46 91 71.7133
46 97 22.2896
46 108 12.6197
46 110 6.95536
46 112 73.9858
46 116 90.4592
46 117 101.892
46 118 38.7186
46 124 6.81681
46 125 63.8673
46 128 82.8045
46 133 101.802
46 137 58.7112
47 7 47.8317
47 23 100.206
47 24 85.4638
47 26 25.9742
47 27 41.5808
47 33 20.5036
47 47 2.16212
47 54 72.3298
47 55 13.3845
47 56 84.9821
47 57 10.1392
47 64 56.7045
47 66 135.326
47 70 85.3436
47 73 42.8892
47 75 97.0836
47 78 19.4377
47 82 54.997
47 90 54.3723
47 91 83.7183
47 94 37.0389
47 97 32.9133
47 104 34.1972
47 110 12.3089
47 114 14.8919
47 116 66.0682
47 118 34.9469
47 125 39.1321
47 128 99.4737
47 133 107.883
47 135 56.7095
48 3 11.5668
48 8 67.0451
48 13 13.8739
48 24 89.8518
48 27 30.1091
48 37 110.689
48 49 62.8725
48 52 30.7669
48 54 56.3647
48 57 10.6115
48 59 38.9302
48 62 60.9129
48 69 46.3024
48 70 73.4282
48 72 4.11026
48 73 47.504
48 75 118.491
48 85 49.5001
48 90 61.0158
48 94 29.6372
48 97 23.1426
48 101 88.6143
48 108 13.1071
48 116 100.04
48 118 45.8669
48 124 5.5995
48 125 45.6327
48 128 106.092
48 133 69.3881
48 143 98.0091
48 146 17.2985
49 3 7.34654
49 15 71.3965
49 24 79.6439
49 26 20.935
49 27 32.9953
49 29 10.2307
49 33 17.1144
49 35 15.2003
49 43 35.5425
49 49 54.9523
49 50 102.367
49 55 11.6243
49 57 14.4537
49 59 51.4782
49 60 27.2202
49 62 53.3464
49 66 83.0478
49 69 38.863
49 72 4.10741
49 75 54.4974
49 94 48.1331
49 101 73.2142
49 110 16.2928
49 114 20.1574
49 117 73.3531
49 125 68.4416
49 143 72.6006
49 146 19.6131
50 3 14.3227
50 8 71.9819
50 13 16.8324
50 16 33.0094
50 23 86.1539
50 43 46.1275
50 50 62.5862
50 52 26.6755
50 64 56.8643
50 69 44.4025
50 70 79.6114
50 75 114.659
50 85 50.012
50 90 57.1196
50 94 33.8538
50 96 94.2154
50 97 28.3923
50 101 83.6829
50 104 19.1159
50 116 59.692
50 117 57.3068
50 118 41.7175
50 123 47.397
50 124 7.33455
50 125 60.5457
50 128 104.184
50 133 118.585
50 135 56.8415
50 137 82.5372
50 143 122.055
50 146 25.2554
51 0 42.2433
51 1 56.8701
51 12 81.2068
51 17 70.9543
51 18 42.375
51 21 90.2979
51 28 73.7572
51 34 24.0213
51 45 120.241
51 61 23.2543
51 67 31.1661
51 68 70.8145
51 79 17.7802
51 86 96.5386
51 87 12.6367
51 88 42.0757
51 92 68.5405
51 93 4.02744
51 98 20.4505
51 99 38.1303
51 103 56.6237
51 105 33.3084
51 106 46.226
51 113 61.2222
51 115 35.8954
51 119 50.3918
51 120 6.32502
51 127 44.4874
51 129 90.236
51 132 63.4549
51 134 24.8857
51 136 28.4731
51 138 57.7913
51 139 48.4887
51 140 2.42107
51 141 102.314
51 145 73.7817
52 1 40.5514
52 2 25.4125
52 6 66.7492
52 9 53.2672
52 10 20.7791
52 11 32.1492
52 17 95.4594
52 18 27.5093
52 19 106.058
52 20 18.7344
52 21 22.5431
52 25 62.696
52 28 94.4415
52 30 69.7048
52 31 11.0499
52 39 49.2764
52 45 136.453
52 46 14.9948
52 61 15.2814
52 67 20.048
52 74 66.0519
52 77 70.7149
52 80 41.1216
52 81 71.7451
52 87 9.93999
52 88 46.198
52 89 17.0699
52 92 54.3598
52 100 97.5878
52 102 87.8449
52 106 46.9078
52 111 71.1402
52 113 67.541
52 115 32.2867
52 120 5.52219
52 121 111.207
52 127 80.2738
52 131 55.0598
52 138 60.1339
52 141 62.4922
52 147 43.9675
52 149 52.1878
53 2 32.9744
53 4 48.9375
53 6 98.4246
53 9 101.473
53 10 27.5598
53 11 42.567
53 14 22.0206
53 19 102.818
53 20 17.138
53 22 72.4731
53 25 96.2448
53 30 122.772
53 31 9.69586
53 32 43.6972
53 36 81.1084
53 38 47.9312
53 39 61.1682
53 40 87.8815
53 42 76.5702
53 44 83.289
53 46 13.0336
53 48 104.734
53 51 12.5123
53 63 122.91
53 65 93.6541
53 74 71.4829
53 76 62.7371
53 77 67.574
53 80 38.1361
53 81 49.5449
53 83 66.5919
53 84 44.8446
53 89 25.9587
53 95 99.9111
53 100 51.8046
53 102 68.9767
53 111 38.3708
53 121 136.965
53 122 13.0312
53 126 47.355
53 131 46.2706
53 142 93.9326
53 144 44.6034
53 147 24.8141
53 148 76.2341
53 149 64.1376
54 5 50.2358
54 7 34.9098
54 15 94.2492
54 24 98.1511
54 26 15.1942
54 27 40.7874
54 29 12.2327
54 33 14.4336
54 35 13.2913
54 37 101.466
54 41 54.872
54 47 2.14636
54 49 62.3472
54 53 99.6888
54 54 93.3279
54 55 14.196
54 56 88.9831
54 57 16.0239
54 58 34.4823
54 59 56.4997
54 60 39.0413
54 62 61.9121
54 66 95.5101
54 71 23.0663
54 72 4.52768
54 73 57.6101
54 78 78.5012
54 82 64.2292
54 91 73.2181
54 107 105.014
54 108 11.4582
54 109 38.8
54 110 20.8109
54 112 88.0342
54 114 13.2525
54 130 20.2862
55 1 37.3183
55 2 27.3758
55 6 82.7359
55 9 80.0586
55 10 15.3811
55 11 38.9746
55 17 90.5696
55 18 74.6185
55 19 70.0111
55 20 26.9068
55 21 63.4777
55 25 120.341
55 28 91.7783
55 30 90.7126
55 31 8.31318
55 39 44.7159
55 45 98.7827
55 46 13.5836
55 61 32.4406
55 67 26.1048
55 74 80.4171
55 77 59.2191
55 80 45.6085
55 81 51.0326
55 87 14.5722
55 88 39.7112
55 89 17.4871
55 92 36.114
55 100 64.1762
55 102 66.5995
55 106 50.2466
55 111 62.2279
55 113 81.7973
55 115 30.4247
55 120 6.28333
55 121 89.6837
55 127 88.0687
55 131 65.6515
55 138 44.2566
55 141 83.07
55 147 47.474
55 149 41.6207
56 3 13.9833
56 8 83.5651
56 13 6.3712
56 24 76.7225
56 27 24.5479
56 37 108.197
56 49 52.0278
56 52 17.229
56 54 57.6316
56 57 8.34307
56 59 67.2619
56 62 48.0064
56 69 23.8793
56 70 71.7955
56 72 3.72632
56 73 46.7521
56 75 108.071
56 85 40.0481
56 90 87.4417
56 94 44.1929
56 97 25.167
56 101 115.846
56 108 12.4572
56 116 85.6852
56 118 46.0629
56 124 8.04279
56 125 54.6739
56 128 72.715
56 133 79.0696
56 143 99.8964
56 146 22.9395
57 2 28.2753
57 4 74.2591
57 6 82.2789
57 9 74.9062
57 10 16.4409
57 11 20.5198
57 14 17.0005
57 19 79.333
57 20 17.2854
57 22 97.4476
57 25 66.8909
57 30 126.855
57 31 8.30862
57 32 63.566
57 36 72.2962
57 38 53.5723
57 39 74.7433
57 40 54.3685
57 42 66.7591
57 44 99.9939
57 46 10.227
57 48 85.268
57 51 12.1863
57 63 81.1397
57 65 63.8668
57 74 75.2701
57 76 75.3157
57 77 91.3157
57 80 28.269
57 81 57.4879
57 83 53.8421
57 84 28.4618
57 89 14.6879
57 95 119.801
57 100 54.7688
57 102 66.6095
57 111 28.2844
57 121 75.5335
57 122 17.599
57 126 47.8133
57 131 34.7053
57 142 79.4086
57 144 40.3105
57 147 47.4571
57 148 140.024
57 149 73.0094
58 0 46.3651
58 4 58.2021
58 12 81.1571
58 14 20.7424
58 22 115.851
58 32 60.144
58 34 16.764
58 36 46.6655
58 38 44.7807
58 40 76.9524
58 42 92.2933
58 44 61.495
58 48 72.234
58 51 10.085
58 63 105.114
58 65 35.3051
58 68 40.1608
58 76 54.2282
58 79 48.0705
58 83 79.4988
58 84 48.9844
58 86 94.7907
58 93 14.1856
58 95 128.822
58 98 27.0395
58 99 30.6526
58 103 84.7755
58 105 53.1745
58 119 36.3348
58 122 10.7289
58 126 60.0726
58 129 79.7325
58 132 57.1919
58 134 19.4973
58 136 24.0196
58 139 19.1367
58 140 2.35678
58 142 124.295
58 144 38.1254
58 145 93.5364
58 148 123.107
59 2 28.9238
59 4 46.1794
59 10 18.7812
59 11 22.8536
59 18 33.311
59 19 76.2193
59 20 20.6569
59 21 30.6929
59 22 117.068
59 25 134.235
59 28 60.766
59 34 18.0424
59 36 49.3314
59 38 55.3421
59 45 76.3793
59 51 9.07361
59 61 23.8288
59 63 99.3857
59 67 18.0989
59 68 53.9977
59 74 85.1597
59 77 95.4248
59 79 37.2234
59 87 9.92461
59 88 55.4224
59 93 9.23425
59 105 32.9498
59 106 42.4583
59 113 70.0674
59 120 6.29098
59 121 80.9081
59 122 9.94476
59 127 84.1944
59 131 70.7089
59 132 55.3468
59 136 27.1935
59 140 2.25265
59 142 66.4599
59 145 103.804
59 147 44.5355
59 148 79.813
60 0 36.4246
60 6 60.9973
60 9 86.7946
60 10 9.69953
60 12 66.6059
60 17 101.487
60 18 66.3053
60 20 30.5609
60 22 91.3133
60 28 70.6913
60 31 10.2634
60 32 41.7974
60 34 23.0252
60 42 59.4584
60 48 107.65
60 61 30.0867
60 65 45.1602
60 76 29.335
60 77 77.9762
60 79 41.4471
60 81 57.0808
60 84 48.7429
60 86 65.1084
60 89 13.6869
60 92 45.2648
60 99 45.816
60 100 64.7018
60 102 79.4259
60 105 34.626
60 113 56.8379
60 122 9.47528
60 126 34.0458
60 129 64.064
60 131 63.1237
60 134 25.3367
60 141 81.506
60 142 72.6788
60 147 32.7251
60 149 52.2455
61 5 38.804
61 8 47.9458
61 13 13.178
61 24 81.2668
61 37 100.931
61 47 2.21545
61 49 65.1627
61 50 91.1675
61 52 24.8794
61 53 98.4228
61 56 77.602
61 57 9.04125
61 66 99.5284
61 71 31.3156
61 73 56.4724
61 75 56.5674
61 78 78.1342
61 91 87.6551
61 97 38.0518
61 108 12.6459
61 110 21.1218
61 112 107.699
61 116 99.4414
61 117 83.9799
61 118 44.4486
61 124 7.7599
61 125 30.085
61 128 111.779
61 133 89.0228
61 137 90.4877
62 1 43.9085
62 2 28.8751
62 6 96.3413
62 9 67.9439
62 10 13.4705
62 11 25.9935
62 17 86.5985
62 18 31.4581
62 19 71.6039
62 20 21.3769
62 21 49.8657
62 25 117.467
62 28 74.766
62 30 78.3483
62 31 9.44227
62 39 25.8958
62 45 108.331
62 46 12.855
62 61 33.8962
62 67 25.2972
62 74 48.2068
62 77 75.5314
62 80 44.0712
62 81 72.838
62 87 13.9422
62 88 34.5901
62 89 10.6157
62 92 69.7249
62 100 64.8273
62 102 75.513
62 106 48.1565
62 111 32.1189
62 113 52.1808
62 115 21.1432
62 120 8.84457
62 121 141.143
62 127 86.8607
62 131 43.5749
62 138 76.2415
62 141 82.5771
62 147 41.1293
62 149 47.6026
63 0 23.8225
63 6 59.4509
63 9 68.5185
63 10 21.8199
63 12 79.7807
63 17 69.9723
63 18 32.9434
63 20 24.5877
63 22 106.691
63 28 67.0996
63 31 7.93547
63 32 57.5024
63 34 12.6738
63 42 78.0148
63 48 113.372
63 61 34.2547
63 65 132.557
63 76 40.4683
63 77 67.9524
63 79 44.1558
63 81 69.4597
63 84 45.8302
63 86 70.987
63 89 11.0399
63 92 59.175
63 99 36.9101
63 100 85.8183
63 102 69.2432
63 105 31.9636
63 113 41.7389
63 122 12.4505
63 126 52.7618
63 129 57.9067
63 131 52.7786
63 134 27.0461
63 141 70.2873
63 142 73.8723
63 147 45.1475
63 149 76.9817
64 5 48.1404
64 7 31.5073
64 8 80.9404
64 13 15.2393
64 16 24.1895
64 23 82.9897
64 37 114.8
64 41 63.4302
64 47 2
64 52 20.2154
64 53 104.57
64 54 110.05
64 56 29.2623
64 58 24.5699
64 64 30.964
64 70 86.2
64 71 24.2105
64 73 48.4217
64 78 102.223
64 82 61.456
64 85 37.7388
64 90 55.7604
64 91 95.6398
64 96 91.1234
64 97 34.8499
64 104 44.8959
64 107 116.083
64 108 12.2438
64 109 37.7178
64 112 89.8676
64 116 73.3723
64 118 43.198
64 123 58.9504
64 124 6.75604
64 128 77.0669
64 130 27.6313
64 133 65.7285
64 135 76.2064
64 137 66.4492
65 2 42.3798
65 4 86.4075
65 10 23.6256
65 11 18.7702
65 18 64.7773
65 19 82.0355
65 20 25.5301
65 21 31.3679
65 22 55.0155
65 25 71.7481
65 28 64.3552
65 34 21.1338
65 36 86.8344
65 38 68.9569
65 45 65.2096
65 51 16.7854
65 61 29.8274
65 63 37.8405
65 67 18.2593
65 68 49.0655
65 74 59.8222
65 77 91.5317
65 79 7.07283
65 87 14.0984
65 88 38.1519
65 93 10.3598
65 105 34.2016
65 106 59.4998
65 113 33.9008
65 120 6.20298
65 121 82.1155
65 122 7.33401
65 127 47.4706
65 131 53.9063
65 132 31.0507
65 136 26.561
65 140 2
65 142 70.0738
65 145 92.2152
65 147 45.9336
65 148 34.2371
66 3 11.5287
66 15 56.7852
66 24 95.1484
66 26 31.2597
66 27 31.5681
66 29 13.0356
66 33 9.75093
66 35 20.2837
66 43 37.2803
66 49 61.0679
66 50 79.6675
66 55 11.5618
66 57 11.8458
66 59 56.1961
66 60 18.5114
66 62 57.5504
66 66 71.1749
66 69 39.6962
66 72 4.44493
66 75 106.919
66 94 51.9341
66 101 75.42
66 110 15.6987
66 114 14.401
66 117 88.1481
66 125 38.5605
66 143 80.853
66 146 17.921
67 0 40.021
67 6 100.185
67 9 75.6519
67 10 17.9074
67 12 70.3466
67 17 99.4212
67 18 45.6135
67 20 17.7211
67 22 106.798
67 28 65.1761
67 31 10.2899
67 32 45.2457
67 34 20.7844
67 42 65.1139
67 48 108.69
67 61 41.7551
67 65 49.667
67 76 47.5968
67 77 89.285
67 79 45.4821
67 81 51.6594
67 84 36.9797
67 86 95.9413
67 89 16.626
67 92 60.5053
67 99 56.8041
67 100 36.2927
67 102 70.3587
67 105 42.2654
67 113 36.3732
67 122 13.675
67 126 57.9239
67 129 64.0826
67 131 35.7669
67 134 21.8304
67 141 87.4835
67 142 103.246
67 147 48.1665
67 149 67.6802
68 0 37.1469
68 1 59.4341
68 6 93.0345
68 9 73.2908
68 12 88.4128
68 14 15.6025
68 17 39.5165
68 30 80.3986
68 31 9.76143
68 32 71.5438
68 39 26.6242
68 40 86.4511
68 42 53.4232
68 44 86.698
68 46 11.3576
68 48 118.611
68 65 98.6263
68 76 38.6855
68 80 38.9475
68 81 95.8123
68 83 78.416
68 84 44.4438
68 86 76.9118
68 89 21.6082
68 92 42.2612
68 95 85.1176
68 98 20.5267
68 99 50.0488
68 100 95.0517
68 102 50.1618
68 103 86.2715
68 111 54.5179
68 115 32.184
68 119 39.7254
68 126 47.3972
68 129 58.377
68 134 28.4768
68 138 69.4299
68 139 54.2323
68 141 106.233
68 144 38.9646
68 149 53.9722
69 0 47.5932
69 4 75.5689
69 12 51.9827
69 14 21.5641
69 22 110.392
69 32 62.0697
69 34 23.0891
69 36 88.2988
69 38 62.1018
69 40 91.4205
69 42 94.2007
69 44 91.6616
69 48 127.765
69 51 15.4743
69 63 86.4574
69 65 49.4244
69 68 38.0841
69 76 37.4439
69 79 37.6331
69 83 59.4355
69 84 50.5828
69 86 62.9245
69 93 11.3295
69 95 97.7412
69 98 14.0764
69 99 42.3341
69 103 69.937
69 105 32.5166
69 119 44.0628
69 122 11.1231
69 126 54.5147
69 129 60.9242
69 132 82.5699
69 134 22.8991
69 136 24.2344
69 139 49.8032
69 140 2
69 142 115.48
69 144 30.3608
69 145 84.9272
69 148 103.148
70 3 10.5645
70 8 62.6802
70 13 15.0949
70 24 96.4174
70 27 19.6719
70 37 107.571
70 49 75.9976
70 52 23.9214
70 54 73.4343
70 57 11.0609
70 59 63.9005
70 62 70.4832
70 69 53.8256
70 70 62.4736
70 72 4.65233
70 73 51.5958
70 75 90.9931
70 85 45.6643
70 90 60.5176
70 94 32.0648
70 97 31.3637
70 101 70.4045
70 108 12.0445
70 116 60.6523
70 118 39.0936
70 124 4.85494
70 125 44.5576
70 128 95.5362
70 133 73.9273
70 143 106.171
70 146 17.4872
71 7 27.3108
71 23 124.145
71 24 79.1409
71 26 24.1238
71 27 35.7579
71 33 17.8236
71 47 2.2256
71 54 70.1069
71 55 16.8977
71 56 46.4648
71 57 7.40444
71 64 50.9987
71 66 96.4194
71 70 45.5298
71 73 45.2329
71 75 106.941
71 78 99.8481
71 82 63.632
71 90 38.0931
71 91 64.6778
71 94 55.5876
71 97 40.3283
71 104 29.2639
71 110 14.4362
71 114 9.52634
71 116 80.5157
71 118 30.0391
71 125 58.0297
71 128 70.1734
71 133 110.475
71 135 98.5626
72 5 51.3555
72 7 41.6597
72 15 88.7796
72 24 79.6495
72 26 27.1368
72 27 34.2549
72 29 16.0684
72 33 19.2656
72 35 23.1026
72 37 100.215
72 41 78.2671
72 47 2
72 49 57.7633
72 53 81.6332
72 54 93.075
72 55 12.4338
72 56 89.1879
72 57 6.7635
72 58 54.1543
72 59 61.1082
72 60 33.8657
72 62 27.7792
72 66 124.067
72 71 33.917
72 72 3.46487
72 73 64.3434
72 78 78.0581
72 82 51.7897
72 91 60.2711
72 107 54.9593
72 108 7.9367
72 109 27.9923
72 110 16.8988
72 112 65.7989
72 114 17.1595
72 130 30.6966
73 1 19.3484
73 2 28.6637
73 6 33.0801
73 9 46.2043
73 10 21.2125
73 11 28.3631
73 17 53.9492
73 18 54.8648
73 19 86.8934
73 20 18.0018
73 21 55.0054
73 25 87.1214
73 28 90.4804
73 30 100.49
73 31 10.2976
73 39 21.4198
73 45 112.727
73 46 8.24333
73 61 24.3376
73 67 20.0637
73 74 60.9514
73 77 99.5315
73 80 37.794
73 81 78.899
73 87 24.8067
73 88 45.5212
73 89 18.6186
73 92 57.1529
73 100 75.0386
73 102 82.0086
73 106 29.4927
73 111 46.2895
73 113 63.7312
73 115 26.1979
73 120 6.59781
73 121 150.047
73 127 83.483
73 131 44.9294
73 138 60.085
73 141 47.0579
73 147 31.969
73 149 59.3045
74 7 32.0205
74 23 72.7891
74 24 67.6152
74 26 19.0933
74 27 27.8518
74 33 17.3802
74 47 2
74 54 82.0123
74 55 11.5534
74 56 95.4554
74 57 13.0299
74 64 37.1146
74 66 98.2293
74 70 55.2097
74 73 66.9678
74 75 87.1811
74 78 77.4033
74 82 53.8514
74 90 73.4704
74 91 78.983
74 94 59.1427
74 97 28.7162
74 104 38.0644
74 110 16.7608
74 114 12.8855
74 116 79.4699
74 118 45.2819
74 125 47.0233
74 128 73.2919
74 133 111.103
74 135 129.616
75 1 33.3429
75 2 34.624
75 4 70.9484
75 9 84.7354
75 11 38.9406
75 12 71.8463
75 14 18.1409
75 20 14.916
75 21 85.7933
75 34 15.8194
75 36 83.0858
75 38 58.0676
75 42 68.2188
75 44 46.8698
75 67 34.2495
75 68 50.2981
75 74 74.434
75 76 62.4636
75 84 24.956
75 86 95.8956
75 87 18.2079
75 88 57.0355
75 89 24.3954
75 92 47.8839
75 93 11.1297
75 105 41.7385
75 106 24.5591
75 111 62.4965
75 113 80.3327
75 115 30.8911
75 120 8.21495
75 121 171.117
75 132 47.7498
75 134 23.2744
75 138 67.2013
75 139 39.018
75 140 2.06538
75 142 99.4006
75 145 81.0786
75 149 53.6748
76 3 13.951
76 15 57.2636
76 24 64.9825
76 26 27.7433
76 27 28.449
76 29 13.2943
76 33 13.2542
76 35 22.9277
76 43 30.4445
76 49 45.9559
76 50 68.9262
76 55 13.4059
76 57 11.3434
76 59 52.9491
76 60 22.2658
76 62 34.0782
76 66 107.798
76 69 28.7706
76 72 2.9179
76 75 90.2231
76 94 57.7009
76 101 106.789
76 110 18.9789
76 114 14.0879
76 117 86.2078
76 125 42.8047
76 143 104.63
76 146 23.1785
77 0 54.4089
77 6 104.182
77 10 27.336
77 17 92.2518
77 18 55.8088
77 19 80.3007
77 22 111.539
77 25 78.0431
77 28 49.6807
77 30 120.258
77 31 5.40039
77 32 48.5342
77 39 44.7928
77 40 48.553
77 45 63.2128
77 46 12.212
77 48 66.5748
77 51 14.6872
77 61 31.0149
77 63 81.8998
77 65 71.8182
77 77 38.7552
77 79 39.5752
77 80 39.1281
77 81 61.5749
77 83 62.8252
77 95 100.331
77 98 20.8726
77 99 51.4995
77 100 92.8436
77 102 93.069
77 103 54.6717
77 119 33.1701
77 122 12.224
77 126 52.5458
77 127 91.7741
77 129 74.0424
77 131 55.2798
77 136 30.895
77 141 48.5476
77 144 39.0736
77 147 47.9293
77 148 90.3113
78 1 49.3252
78 2 20.4396
78 4 46.8964
78 9 86.7557
78 11 44.6571
78 12 61.3577
78 14 17.0928
78 20 17.0618
78 21 59.218
78 34 29.5106
78 36 69.676
78 38 35.261
78 42 54.6775
78 44 68.3093
78 67 18.3342
78 68 67.2408
78 74 56.6862
78 76 40.9398
78 84 40.363
78 86 91.7375
78 87 16.2089
78 88 54.3981
78 89 18.0145
78 92 66.7246
78 93 15.1287
78 105 25.2057
78 106 54.9405
78 111 58.8728
78 113 9.64839
78 115 23.567
78 120 5.47598
78 121 58.3278
78 132 45.4429
78 134 23.4014
78 138 71.8409
78 139 28.426
78 140 2
78 142 93.2042
78 145 87.4882
78 149 49.1112
79 2 20.4778
79 4 61.8027
79 6 60.2414
79 9 40.1729
79 10 15.4686
79 11 41.0782
79 14 15.6892
79 19 63.9317
79 20 21.5349
79 22 103.066
79 25 153.653
79 30 70.8755
79 31 9.72917
79 32 36.7483
79 36 89.8236
79 38 45.0076
79 39 43.9892
79 40 95.9724
79 42 75.3089
79 44 74.679
79 46 12.0923
79 48 103.704
79 51 10.5731
79 63 66.1413
79 65 74.8382
79 74 39.0562
79 76 25.1422
79 77 77.8232
79 80 22.0506
79 81 52.7598
79 83 51.8249
79 84 38.8969
79 89 9.51934
79 95 111.853
79 100 53.0982
79 102 68.4134
79 111 62.3253
79 121 81.5511
79 122 7.60739
79 126 40.8936
79 131 65.2533
79 142 68.611
79 144 32.0239
79 147 46.2501
79 148 61.1
79 149 52.9349
80 0 41.1288
80 6 70.6521
80 10 14.952
80 17 86.0179
80 18 55.2729
80 19 83.4391
80 22 68.752
80 25 96.3526
80 28 78.2419
80 30 84.8061
80 31 9.29757
80 32 53.3846
80 39 48.2643
80 40 75.9051
80 45 95.2345
80 46 16.3424
80 48 101.468
80 51 12.4856
80 61 16.3733
80 63 75.0417
80 65 88.3065
80 77 81.1548
80 79 49.5733
80 80 43.5242
80 81 77.4784
80 83 56.5016
80 95 91.2845
80 98 22.7303
80 99 40.1755
80 100 54.5125
80 102 94.9462
80 103 98.9913
80 119 52.3057
80 122 11.9737
80 126 24.413
80 127 104.072
80 129 64.5093
80 131 61.4589
80 136 35.8838
80 141 68.7172
80 144 41.8776
80 147 33.8216
80 148 84.2132
81 5 52.8394
81 7 43.8507
81 8 25.0159
81 13 9.94904
81 16 22.6452
81 23 77.592
81 37 93.3148
81 41 79.1385
81 47 2
81 52 18.0939
81 53 75.2249
81 54 62.5624
81 56 100.382
81 58 44.6357
81 64 37.7685
81 70 64.618
81 71 39.7216
81 73 46.5076
81 78 83.9515
81 82 53.4857
81 85 41.7475
81 90 77.2209
81 91 67.6411
81 96 119.396
81 97 30.3513
81 104 37.7427
81 107 66.9306
81 108 15.5792
81 109 16.358
81 112 57.6918
81 116 80.6178
81 118 29.3564
81 123 73.7102
81 124 5.3369
81 128 87.3494
81 130 19.9205
81 133 94.113
81 135 66.4182
81 137 48.0508
82 3 10.0494
82 15 93.0105
82 24 46.0756
82 26 31.4096
82 27 27.9273
82 29 6.88041
82 33 18.4983
82 35 4.61279
82 43 35.7724
82 49 56.0038
82 50 75.0938
82 55 15.9743
82 57 11.2644
82 59 47.7326
82 60 22.3581
82 62 38.0359
82 66 72.6511
82 69 38.1113
82 72 4.55095
82 75 82.8112
82 94 35.5152
82 101 68.5093
82 110 15.2015
82 114 14.7882
82 117 122.561
82 125 64.2425
82 143 60.7857
82 146 16.7928
83 0 38.9255
83 1 41.8136
83 12 83.8691
83 17 63.4511
83 18 62.5197
83 21 63.4616
83 28 47.466
83 34 15.4392
83 45 117.472
83 61 29.2922
83 67 36.0898
83 68 67.4839
83 79 29.3725
83 86 97.6177
83 87 18.1692
83 88 42.038
83 92 60.088
83 93 12.8633
83 98 25.3577
83 99 30.6978
83 103 86.5372
83 105 36.9284
83 106 41.7242
83 113 81.0853
83 115 36.1779
83 119 39.6545
83 120 5.04231
83 127 102.83
83 129 92.8849
83 132 61.659
83 134 25.2158
83 136 34.4029
83 138 44.3248
83 139 35.3656
83 140 2.06969
83 141 92.3379
83 145 139.006
84 0 48.9281
84 1 37.3972
84 12 58.7165
84 17 67.3447
84 18 39.0105
84 21 57.3817
84 28 62.5262
84 34 21.2493
84 45 110.311
84 61 29.8735
84 67 20.5122
84 68 102.907
84 79 35.1309
84 86 51.3586
84 87 13.1883
84 88 54.4814
84 92 46.4101
84 93 12.2382
84 98 18.6306
84 99 23.6884
84 103 85.2686
84 105 16.0486
84 106 41.9857
84 113 46.9267
84 115 41.9483
84 119 49.5216
84 120 5.94234
84 127 93.6811
84 129 49.1164
84 132 62.5837
84 134 21.3429
84 136 21.0399
84 138 52.7305
84 139 28.3754
84 140 2
84 141 75.403
84 145 130.445
85 3 10.957
85 7 33.002
85 15 50.9174
85 16 29.6851
85 23 99.1246
85 26 33.1143
85 27 36.5831
85 29 10.6479
85 33 12.6113
85 35 21.1092
85 41 68.5041
85 43 30.6485
85 54 137.212
85 55 9.83263
85 58 48.2017
85 59 25.7583
85 60 18.0431
85 62 38.887
85 64 58.2166
85 69 42.4622
85 70 36.6178
85 72 3.82556
85 82 61.1574
85 85 27.0199
85 90 13.9202
85 94 23.9623
85 96 69.8114
85 101 83.7644
85 104 28.2862
85 107 47.8081
85 109 29.8806
85 114 15.0561
85 123 49.572
85 130 30.4002
85 135 142.907
85 143 104.664
85 146 21.5043
86 3 14.3316
86 15 89.3319
86 24 72.6998
86 26 15.5692
86 27 15.4382
86 29 13.7919
86 33 19.2833
86 35 20.0005
86 43 15.9613
86 49 51.1587
86 50 79.2609
86 55 16.9396
86 57 10.6171
86 59 49.1679
86 60 14.3646
86 62 61.3134
86 66 75.4588
86 69 52.5437
86 72 4.57423
86 75 53.6789
86 94 44.2916
86 101 95.2573
86 110 22.7438
86 114 14.7686
86 117 72.5875
86 125 45.5421
86 143 130.805
86 146 15.9641
87 1 45.8212
87 2 33.2721
87 6 46.0707
87 9 100.87
87 10 21.0948
87 11 36.4634
87 17 100.485
87 18 32.6615
87 19 64.1096
87 20 24.3886
87 21 62.6499
87 25 111.562
87 28 42.5029
87 30 84.1864
87 31 10.2291
87 39 42.9918
87 45 53.995
87 46 17.5951
87 61 43.3052
87 67 27.9277
87 74 85.2485
87 77 106.213
87 80 50.0036
87 81 37.4209
87 87 15.5706
87 88 63.0464
87 89 19.5913
87 92 63.1661
87 100 40.6124
87 102 42.4532
87 106 51.4375
87 111 54.5471
87 113 72.55
87 115 37.229
87 120 8.05731
87 121 102.212
87 127 93.6388
87 131 41.8396
87 138 30.0533
87 141 75.1655
87 147 32.2227
87 149 62.9836
88 5 50.471
88 7 17.5605
88 15 61.7524
88 16 24.3876
88 23 121.317
88 26 27.7854
88 29 15.2396
88 33 14.6629
88 35 13.3498
88 41 65.9621
88 43 47.8542
88 47 2.00241
88 50 86.7019
88 53 39.5608
88 55 12.3766
88 56 89.1255
88 58 47.6319
88 60 25.365
88 64 55.2512
88 66 84.7072
88 71 34.1751
88 78 96.0003
88 82 52.7727
88 91 65.7904
88 96 82.7356
88 104 32.3207
88 107 85.1309
88 109 29.1411
88 110 16.1089
88 112 73.5753
88 114 19.9143
88 117 92.5417
88 123 45.0771
88 130 31.2543
88 135 82.8165
88 137 93.5226
89 0 37.7416
89 4 59.3784
89 12 55.5914
89 14 25.5144
89 22 111.921
89 32 37.0208
89 34 14.0248
89 36 85.4018
89 38 49.2053
89 40 53.5802
89 42 124.096
89 44 76.1423
89 48 89.8554
89 51 11.1009
89 63 77.3698
89 65 59.7681
89 68 72.2095
89 76 27.4
89 79 41.2514
89 83 65.0187
89 84 62.9709
89 86 60.6699
89 93 8.29789
89 95 46.4009
89 98 17.0056
89 99 62.6138
89 103 81.4782
89 105 12.4157
89 119 55.6768
89 122 17.0312
89 126 42.7091
89 129 77.7829
89 132 47.1939
89 134 27.4545
89 136 22.6259
89 139 37.5981
89 140 2
89 142 135.414
89 144 44.3492
89 145 74.0799
89 148 65.3213
90 7 34.3194
90 23 88.7914
90 24 92.885
90 26 22.3642
90 27 41.068
90 33 13.0004
90 47 2.33033
90 54 80.9116
90 55 16.309
90 56 71.5779
90 57 12.7805
90 64 42.8452
90 66 101.704
90 70 27.6427
90 73 82.4973
90 75 88.3221
90 78 94.3972
90 82 41.6816
90 90 77.999
90 91 62.5864
90 94 50.2285
90 97 31.3566
90 104 30.6482
90 110 16.0477
90 114 12.9558
90 116 85.491
90 118 37.36
90 125 48.6645
90 128 73.6623
90 133 96.421
90 135 85.4649
91 5 78.3373
91 8 58.1861
91 13 9.70506
91 24 76.932
91 37 70.2353
91 47 2
91 49 42.1456
91 50 92.008
91 52 23.0791
91 53 41.0801
91 56 85.2774
91 57 13.3113
91 66 100.905
91 71 27.5123
91 73 48.2337
91 75 90.163
91 78 57.8778
91 91 91.098
91 97 24.296
91 108 13.4855
91 110 18.0782
91 112 80.1475
91 116 83.9543
91 117 125.324
91 118 34.3429
91 124 5.43584
91 125 47.8938
91 128 58.4925
91 133 146.957
91 137 100.664
92 5 69.7193
92 8 94.7124
92 13 8.92405
92 24 87.1497
92 37 131.173
92 47 2.20607
92 49 77.9035
92 50 73.364
92 52 26.4296
92 53 68.8292
92 56 62.665
92 57 7.14173
92 66 86.6893
92 71 32.3199
92 73 32.1508
92 75 91.2896
92 78 113.969
92 91 40.9453
92 97 22.4028
92 108 9.22847
92 110 17.6597
92 112 129.153
92 116 81.7986
92 117 82.8938
92 118 30.2505
92 124 7.72312
92 125 53.2948
92 128 84.313
92 133 88.8415
92 137 62.816
93 3 11.7907
93 8 66.6112
93 13 12.6682
93 16 22.1768
93 23 75.9381
93 43 31.8741
93 50 77.7505
93 52 28.4032
93 64 28.7862
93 69 28.9024
93 70 97.1379
93 75 88.5405
93 85 55.1037
93 90 59.9353
93 94 57.5313
93 96 65.9079
93 97 29.9197
93 101 101.961
93 104 48.4757
93 116 80.0779
93 117 82.0377
93 118 48.2906
93 123 56.0065
93 124 7.67189
93 125 67.3106
93 128 64.8344
93 133 122.104
93 135 26.448
93 137 88.0903
93 143 92.0209
93 146 19.6972
94 3 12.6315
94 8 90.4874
94 13 11.1859
94 24 81.0183
94 27 42.1216
94 37 81.6858
94 49 66.0413
94 52 29.961
94 54 97.453
94 57 9.79765
94 59 40.1437
94 62 60.9131
94 69 29.9429
94 70 64.4357
94 72 2.29793
94 73 53.7196
94 75 99.2229
94 85 31.8338
94 90 47.0283
94 94 50.4063
94 97 27.1179
94 101 79.0293
94 108 15.7974
94 116 93.0627
94 118 37.9034
94 124 6.97245
94 125 44.9461
94 128 56.4613
94 133 40.6876
94 143 65.4178
94 146 19.8323
95 0 29.1032
95 4 41.6048
95 12 80.1618
95 14 30.929
95 22 88.5801
95 32 35.1663
95 34 19.2612
95 36 111.723
95 38 37.8522
95 40 45.5968
95 42 71.5183
95 44 74.836
95 48 69.23
95 51 11.7739
95 63 57.5361
95 65 57.7372
95 68 21.0028
95 76 41.2728
95 79 35.8818
95 83 76.0844
95 84 41.4578
95 86 31.5615
95 93 12.6007
95 95 81.8244
95 98 18.1113
95 99 44.843
95 103 67.4615
95 105 41.0409
95 119 22.8625
95 122 10.9614
95 126 36.1908
95 129 61.6683
95 132 42.8314
95 134 24.114
95 136 19.5959
95 139 35.1923
95 140 2.06729
95 142 68.2429
95 144 39.1169
95 145 85.334
95 148 98.3446
96 0 58.4266
96 6 92.5168
96 9 122.528
96 10 19.6244
96 12 70.6289
96 17 90.8309
96 18 36.8681
96 20 10.2106
96 22 78.406
96 28 66.409
96 31 9.01296
96 32 54.3732
96 34 16.448
96 42 55.5616
96 48 80.4907
96 61 28.643
96 65 28.7782
96 76 49.1118
96 77 77.413
96 79 42.4239
96 81 69.1971
96 84 37.3732
96 86 40.1852
96 89 13.4461
96 92 67.6688
96 99 34.9714
96 100 70.479
96 102 103.274
96 105 40.4189
96 113 68.3861
96 122 13.7137
96 126 55.712
96 129 69.0577
96 131 72.5796
96 134 19.1076
96 141 64.8491
96 142 87.0885
96 147 38.7019
96 149 43.0802
97 5 59.9802
97 7 47.14
97 8 41.278
97 13 13.0415
97 16 30.0634
97 23 71.9678
97 37 71.7329
97 41 74.4715
97 47 2
97 52 28.099
97 53 78.1458
97 54 122.944
97 56 73.6056
97 58 38.7801
97 64 46.2728
97 70 73.3939
97 71 36.6164
97 73 47.5025
97 78 111.655
97 82 59.8149
97 85 40.2848
97 90 61.9587
97 91 46.1562
97 96 70.0382
97 97 38.3425
97 104 36.4155
97 107 44.4486
97 108 8.87384
97 109 43.3895
97 112 64.9852
97 116 85.4608
97 118 43.7593
97 123 29.2103
97 124 9.5361
97 128 51.3979
97 130 15.3521
97 133 85.0844
97 135 111.508
97 137 66.2795
98 7 39.4185
98 23 91.5545
98 24 98.7464
98 26 8.47193
98 27 30.2449
98 33 11.8774
98 47 2
98 54 56.1784
98 55 13.797
98 56 79.8722
98 57 9.94984
98 64 36.9756
98 66 108.587
98 70 45.44
98 73 47.0129
98 75 115.611
98 78 89.4201
98 82 56.1367
98 90 53.426
98 91 75.633
98 94 39.8544
98 97 33.7511
98 104 15.4148
98 110 15.6586
98 114 12.0904
98 116 76.6228
98 118 44.6585
98 125 71.8246
98 128 86.4035
98 133 111.471
98 135 73.7161
99 3 17.4857
99 8 82.5105
99 13 11.2888
99 16 32.8951
99 23 44.608
99 43 43.8617
99 50 70.5435
99 52 24.3876
99 64 42.4203
99 69 32.4986
99 70 54.2279
99 75 65.5999
99 85 36.4976
99 90 83.3385
99 94 50.1826
99 96 50.343
99 97 37.541
99 101 108.093
99 104 21.7505
99 116 30.0153
99 117 117.432
99 118 47.3036
99 123 45.218
99 124 7.0301
99 125 49.4781
99 128 79.8022
99 133 93.3656
99 135 88.5459
99 137 71.1097
99 143 53.3451
99 146 19.4745
100 3 14.9141
100 8 16.1128
100 13 12.8255
100 24 110.697
100 27 35.3074
100 37 102.294
100 49 52.289
100 52 25.1096
100 54 57.6416
100 57 11.4199
100 59 40.9808
100 62 53.3325
100 69 16.4738
100 70 88.0235
100 72 4.25288
100 73 49.9577
100 75 94.9413
100 85 30.5891
100 90 62.8596
100 94 36.8254
100 97 33.6973
100 101 122.739
100 108 13.69
100 116 95.3803
100 118 32.1082
100 124 7.26485
100 125 59.2662
100 128 77.562
100 133 38.3775
100 143 43.3098
100 146 21.2578
101 1 40.6317
101 2 25.1082
101 6 76.8708
101 9 94.6532
101 10 10.4888
101 11 20.1673
101 17 104.949
101 18 46.7445
101 19 70.8462
101 20 20.8112
101 21 60.7535
101 25 90.332
101 28 55.9065
101 30 74.6743
101 31 9.62029
101 39 50.7303
101 45 87.5729
101 46 12.1239
101 61 21.9119
101 67 25.438
101 74 53.1611
101 77 82.9896
101 80 46.8528
101 81 54.5316
101 87 17.7
101 88 36.5433
101 89 14.0016
101 92 33.8523
101 100 62.3034
101 102 74.7562
101 106 49.8661
101 111 30.1452
101 113 66.688
101 115 29.4243
101 120 6.96777
101 121 128.303
101 127 94.1781
101 131 26.4395
101 138 81.7773
101 141 97.5644
101 147 50.2008
101 149 84.3855
102 5 73.5011
102 7 35.0301
102 8 64.2394
102 13 8.93625
102 16 22.8829
102 23 69.5137
102 37 88.1544
102 41 81.742
102 47 2
102 52 36.317
102 53 52.2414
102 54 101.063
102 56 76.6334
102 58 42.678
102 64 62.2856
102 70 92.1405
102 71 33.0268
102 73 52.0358
102 78 102.042
102 82 40.873
102 85 45.6513
102 90 37.4826
102 91 85.6945
102 96 55.8265
102 97 44.8739
102 104 29.399
102 107 71.7379
102 108 14.0099
102 109 35.7729
102 112 113.789
102 116 112.334
102 118 35.3024
102 123 60.128
102 124 6.4485
102 128 76.8405
102 130 24.7951
102 133 102.816
102 135 95.6882
102 137 90.2052
103 3 17.7697
103 15 98.7483
103 24 56.4706
103 26 30.3427
103 27 42.5743
103 29 16.4295
103 33 22.786
103 35 21.57
103 43 37.6647
103 49 60.3615
103 50 96.3807
103 55 14.4437
103 57 8.86907
103 59 51.8932
103 60 27.0083
103 62 37.8856
103 66 72.4713
103 69 36.9347
103 72 4.99462
103 75 77.4477
103 94 26.2772
103 101 87.2479
103 110 15.7243
103 114 15.5081
103 117 75.6047
103 125 45.0285
103 143 118.303
103 146 19.3535
104 3 10.3645
104 5 60.678
104 8 49.534
104 13 16.0234
104 15 56.4167
104 16 29.1007
104 29 10.9087
104 35 11.6876
104 37 68.6776
104 41 48.2454
104 43 45.0925
104 49 48.0928
104 50 52.6965
104 52 29.4679
104 53 67.9026
104 58 43.7545
104 59 54.9937
104 60 32.672
104 62 57.0461
104 69 31.0705
104 71 28.009
104 72 4.09795
104 85 41.7046
104 96 80.2339
104 101 88.8496
104 107 93.0904
104 108 9.72288
104 109 22.9678
104 112 121.719
104 117 88.8858
104 123 47.8685
104 124 7.30202
104 130 26.5034
104 137 70.6283
104 143 74.5761
104 146 20.4753
105 0 54.542
105 4 46.4613
105 12 43.3852
105 14 24.7147
105 22 93.8658
105 32 33.3428
105 34 14.2408
105 36 43.0719
105 38 33.6952
105 40 64.6094
105 42 70.3956
105 44 83.9405
105 48 88.7633
105 51 7.35674
105 63 117.707
105 65 64.7101
105 68 49.8598
105 76 48.4447
105 79 30.6829
105 83 31.1509
105 84 43.5466
105 86 57.045
105 93 12.0847
105 95 83.6597
105 98 20.5786
105 99 45.5978
105 103 57.7949
105 105 29.8766
105 119 40.5063
105 122 11.9847
105 126 49.7951
105 129 69.5535
105 132 60.0467
105 134 16.404
105 136 20.2288
105 139 20.5976
105 140 2.34499
105 142 62.0564
105 144 22.8777
105 145 108.195
105 148 76.5097
106 3 8.66941
106 8 43.5234
106 13 12.8585
106 24 89.1009
106 27 32.3906
106 37 121.359
106 49 52.5657
106 52 22.4422
106 54 87.7631
106 57 12.0531
106 59 48.7442
106 62 55.0225
106 69 30.0936
106 70 68.2671
106 72 5.16036
106 73 49.023
106 75 92.3018
106 85 40.3565
106 90 49.0792
106 94 55.4728
106 97 27.8005
106 101 82.3434
106 108 8.5842
106 116 91.9802
106 118 46.3181
106 124 6.05643
106 125 26.3916
106 128 94.8712
106 133 136.297
106 143 118.095
106 146 25.3469
107 7 35.7264
107 23 82.8294
107 24 83.5972
107 26 26.2511
107 27 45.3398
107 33 7.79641
107 47 2
107 54 98.4455
107 55 4.35759
107 56 105.947
107 57 13.4779
107 64 54.9345
107 66 88.8679
107 70 60.6668
107 73 52.0026
107 75 51.5704
107 78 80.6064
107 82 48.5672
107 90 34.5965
107 91 76.655
107 94 43.5943
107 97 42.1601
107 104 42.4446
107 110 19.9754
107 114 14.6667
107 116 94.8216
107 118 29.5677
107 125 48.8121
107 128 74.5513
107 133 123.217
107 135 105.661
108 0 31.7275
108 4 49.1541
108 12 45.749
108 14 28.5687
108 22 101.889
108 32 59.987
108 34 16.3095
108 36 75.4748
108 38 47.9981
108 40 67.509
108 42 97.946
108 44 81.5632
108 48 91.4988
108 51 11.901
108 63 62.5796
108 65 63.4486
108 68 59.7582
108 76 43.7216
108 79 44.7891
108 83 79.3342
108 84 43.7143
108 86 62.3371
108 93 7.42661
108 95 111.289
108 98 12.1893
108 99 29.8392
108 103 56.4498
108 105 39.5841
108 119 45.4372
108 122 9.21273
108 126 47.283
108 129 55.3912
108 132 57.5156
108 134 27.6903
108 136 23.9238
108 139 44.7137
108 140 2
108 142 89.4109
108 144 57.0127
108 145 128.134
108 148 103.065
109 3 10.715
109 15 90.2586
109 24 103.286
109 26 11.2835
109 27 20.4222
109 29 14.3867
109 33 17.0469
109 35 16.6275
109 43 49.3899
109 49 76.1033
109 50 75.6655
109 55 14.2725
109 57 14.3052
109 59 47.1475
109 60 24.6229
109 62 56.3639
109 66 111.534
109 69 58.5252
109 72 5.67483
109 75 67.392
109 94 45.2126
109 101 85.2823
109 110 20.6002
109 114 13.1397
109 117 109.057
109 125 43.4566
109 143 115.149
109 146 20.8434
110 2 23.448
110 4 59.2056
110 6 78.2145
110 9 64.4954
110 10 15.709
110 11 39.6368
110 14 24.8555
110 19 74.9561
110 20 20.9944
110 22 125.077
110 25 119.842
110 30 70.4596
110 31 6.26389
110 32 42.1496
110 36 66.386
110 38 37.7769
110 39 26.427
110 40 42.7208
110 42 87.2242
110 44 81.7681
110 46 11.9276
110 48 91.6444
110 51 8.84006
110 63 63.8821
110 65 85.6728
110 74 55.4426
110 76 35.9076
110 77 112.608
110 80 33.7673
110 81 75.0931
110 83 83.0835
110 84 49.7562
110 89 24.0059
110 95 58.026
110 100 67.3882
110 102 40.7581
110 111 61.2028
110 121 139.298
110 122 11.4449
110 126 49.9127
110 131 63.4017
110 142 63.4534
110 144 34.6107
110 147 41.4037
110 148 82.1959
110 149 61.7445
111 0 61.2786
111 6 82.6977
111 10 19.107
111 17 120.138
111 18 72.6613
111 19 57.4152
111 22 75.993
111 25 50.594
111 28 67.0405
111 30 110.715
111 31 10.0434
111 32 42.495
111 39 48.2292
111 40 51.6826
111 45 94.2495
111 46 17.3678
111 48 67.4017
111 51 10.3109
111 61 43.5057
111 63 90.6837
111 65 108.308
111 77 69.4065
111 79 38.3187
111 80 28.1072
111 81 63.8616
111 83 60.5905
111 95 87.9333
111 98 22.7507
111 99 31.5181
111 100 75.5322
111 102 79.7846
111 103 73.5499
111 119 55.7259
111 122 12.0065
111 126 46.3027
111 127 87.5304
111 129 67.4333
111 131 38.3893
111 136 31.2902
111 141 52.5807
111 144 57.6977
111 147 37.836
111 148 93.5343
112 2 18.0511
112 4 57.322
112 6 68.6722
112 9 29.6569
112 10 19.0256
112 11 31.4551
112 14 21.6199
112 19 48.8869
112 20 14.9137
112 22 124.142
112 25 88.6198
112 30 70.7815
112 31 7.66893
112 32 70.4781
112 36 105.268
112 38 36.8572
112 39 70.8591
112 40 33.5635
112 42 71.3355
112 44 82.8883
112 46 15.5505
112 48 97.8264
112 51 10.9832
112 63 82.7665
112 65 53.398
112 74 87.2017
112 76 50.3701
112 77 46.3904
112 80 34.7107
112 81 47.1639
112 83 43.0576
112 84 32.8924
112 89 18.4897
112 95 80.4324
112 100 47.7295
112 102 84.4807
112 111 61.599
112 121 93.3623
112 122 11.0641
112 126 45.6569
112 131 32.9484
112 142 75.0711
112 144 59.4568
112 147 30.2015
112 148 48.7682
112 149 43.6561
113 0 29.3419
113 1 53.5358
113 12 101.333
113 17 134.927
113 18 66.3161
113 21 45.2711
113 28 81.8244
113 34 35.2148
113 45 51.1912
113 61 33.2267
113 67 20.4523
113 68 52.729
113 79 39.5941
113 86 62.693
113 87 16.2818
113 88 35.4794
113 92 54.6061
113 93 13.6268
113 98 15.6437
113 99 48.4365
113 103 100.686
113 105 30.5368
113 106 57.0322
113 113 65.7917
113 115 28.136
113 119 23.7295
113 120 7.61055
113 127 86.0561
113 129 64.8304
113 132 48.1313
113 134 22.8461
113 136 25.9893
113 138 57.7378
113 139 43.0763
113 140 2.11517
113 141 113.655
113 145 86.9466
114 3 16.4306
114 5 83.2715
114 8 71.2486
114 13 10.3855
114 15 103.83
114 16 33.8005
114 29 16.836
114 35 23.9953
114 37 47.2127
114 41 49.74
114 43 37.6241
114 49 59.8899
114 50 83.5744
114 52 24.1612
114 53 102.779
114 58 50.0309
114 59 61.9478
114 60 26.3016
114 62 43.0381
114 69 44.5425
114 71 27.9771
114 72 4.65098
114 85 33.0313
114 96 74.1717
114 101 105.403
114 107 47.0525
114 108 14.0703
114 109 37.0095
114 112 104.851
114 117 44.07
114 123 47.7378
114 124 6.69385
114 130 29.8362
114 137 93.9732
114 143 91.6528
114 146 18.1529
115 3 14.9174
115 5 55.5324
115 8 63.932
115 13 14.8232
115 15 76.3197
115 16 22.6406
115 29 12.8131
115 35 16.5858
115 37 102.853
115 41 65.3193
115 43 33.69
115 49 52.5302
115 50 78.5392
115 52 26.1511
115 53 84.5072
115 58 61.3493
115 59 35.396
115 60 24.7846
115 62 44.5509
115 69 39.7608
115 71 28.698
115 72 3.99834
115 85 27.1215
115 96 88.0926
115 101 81.8322
115 107 108.271
115 108 8.04022
115 109 23.6013
115 112 106.322
115 117 93.1602
115 123 44.9412
115 124 5.43585
115 130 29.6357
115 137 123.936
115 143 85.2245
115 146 19.1461
116 3 11.448
116 8 72.274
116 13 17.9095
116 24 78.0246
116 27 41.2837
116 37 94.6971
116 49 51.876
116 52 19.9377
116 54 73.1934
116 57 7.71206
116 59 43.8992
116 62 47.6129
116 69 46.7205
116 70 69.6096
116 72 3.48536
116 73 46.2544
116 75 82.2211
116 85 31.4244
116 90 75.7548
116 94 26.424
116 97 36.5509
116 101 86.179
116 108 14.7327
116 116 118.691
116 118 52.22
116 124 7.90392
116 125 31.0216
116 128 71.7861
116 133 76.4348
116 143 73.6001
116 146 23.3278
117 5 79.6044
117 7 34.7456
117 8 101.511
117 13 8.34607
117 16 30.5854
117 23 93.8855
117 37 97.2766
117 41 73.1398
117 47 2
117 52 23.4532
117 53 88.1169
117 54 101.526
117 56 60.6866
117 58 49.8926
117 64 55.8098
117 70 61.1157
117 71 32.3121
117 73 30.6753
117 78 78.0301
117 82 48.4618
117 85 45.7282
117 90 64.3603
117 91 98.012
117 96 84.9455
117 97 25.9437
117 104 20.9196
117 107 101.221
117 108 13.4382
117 109 29.1927
117 112 70.4057
117 116 83.8173
117 118 26.1507
117 123 81.8341
117 124 6.40351
117 128 106.608
117 130 23.8128
117 133 83.4952
117 135 64.1004
117 137 74.8032
118 2 21.5203
118 4 67.6428
118 6 74.1671
118 9 87.6028
118 10 21.1627
118 11 32.3164
118 14 22.802
118 19 88.515
118 20 23.6524
118 22 88.3719
118 25 75.9074
118 30 76.5761
118 31 8.09398
118 32 71.7169
118 36 89.7877
118 38 41.6651
118 39 37.4522
118 40 47.5328
118 42 86.6326
118 44 75.7871
118 46 11.7176
118 48 64.086
118 51 12.619
118 63 62.3473
118 65 84.4638
118 74 44.1125
118 76 32.9088
118 77 64.7226
118 80 31.9208
118 81 41.3643
118 83 57.8773
118 84 38.2501
118 89 21.7353
118 95 92.5548
118 100 70.7169
118 102 89.56
118 111 37.3283
118 121 99.1937
118 122 7.42262
118 126 24.2945
118 131 57.8879
118 142 71.8427
118 144 41.1486
118 147 50.9525
118 148 53.1489
118 149 79.1016
119 5 67.6789
119 7 31.7172
119 8 77.2852
119 13 12.1153
119 16 31.6796
119 23 53.173
119 37 66.037
119 41 59.8394
119 47 2.01175
119 52 28.6683
119 53 48.6464
119 54 114.399
119 56 48.4652
119 58 50.462
119 64 43.9873
119 70 101.944
119 71 25.8593
119 73 48.443
119 78 70.7817
119 82 50.2374
119 85 36.2863
119 90 59.0937
119 91 52.3842
119 96 85.4516
119 97 22.8427
119 104 24.0957
119 107 38.9058
119 108 9.80309
119 109 20.7589
119 112 93.5346
119 116 100.375
119 118 37.8136
119 123 48.7979
119 124 6.09426
119 128 68.9625
119 130 19.9953
119 133 88.2571
119 135 64.4388
119 137 85.4053
120 7 34.3041
120 23 66.774
120 24 72.2693
120 26 22.4556
120 27 45.3958
120 33 22.0223
120 47 2
120 54 138.863
120 55 15.0667
120 56 96.166
120 57 8.04035
120 64 46.6482
120 66 75.5124
120 70 78.5741
120 73 37.4698
120 75 74.8763
120 78 91.4828
120 82 44.7599
120 90 66.0989
120 91 79.2618
120 94 59.2876
120 97 32.5083
120 104 38.14
120 110 17.4048
120 114 7.89534
120 116 65.6335
120 118 29.9294
120 125 53.9474
120 128 75.2123
120 133 117.868
120 135 43.4295
121 3 14.3066
121 7 35.5232
121 15 76.4063
121 16 26.4496
121 23 59.566
121 26 20.9992
121 27 33.7712
121 29 10.9922
121 33 13.4419
121 35 13.5417
121 41 40.7929
121 43 44.7268
121 54 56.1506
121 55 15.0391
121 58 31.7573
121 59 27.8845
121 60 18.8343
121 62 57.3165
121 64 51.819
121 69 41.8976
121 70 49.3324
121 72 3.36549
121 82 57.9638
121 85 47.1845
121 90 70.1586
121 94 42.5384
121 96 64.1019
121 101 53.6794
121 104 34.7443
121 107 95.7533
121 109 42.0741
121 114 17.3688
121 123 73.7009
121 130 22.5869
121 135 98.7852
121 143 110.147
121 146 21.1302
122 0 27.1127
122 1 40.498
122 6 89.5291
122 9 57.3741
122 12 53.9328
122 14 25.0425
122 17 81.6391
122 30 71.8137
122 31 7.41749
122 32 44.7627
122 39 54.1357
122 40 73.8938
122 42 53.9653
122 44 86.9562
122 46 13.6814
122 48 97.2067
122 65 65.3639
122 76 42.2068
122 80 41.3241
122 81 55.7109
122 83 68.7502
122 84 52.4416
122 86 91.6001
122 89 16.6365
122 92 42.4172
122 95 107.152
122 98 16.3324
122 99 28.9476
122 100 53.0776
122 102 73.5571
122 103 65.2482
122 111 31.567
122 115 32.6887
122 119 23.2016
122 126 59.8286
122 129 68.2907
122 134 22.0558
122 138 43.8995
122 139 30.0916
122 141 65.3044
122 144 37.4344
122 149 58.3876
123 0 34.4344
123 4 86.1126
123 12 70.5295
123 14 14.4475
123 22 101.941
123 32 45.9706
123 34 22.408
123 36 77.543
123 38 47.2247
123 40 65.2565
123 42 81.3846
123 44 33.1431
123 48 66.196
123 51 15.8347
123 63 63.8278
123 65 78.1412
123 68 72.5355
123 76 42.5184
123 79 30.1816
123 83 43.849
123 84 38.8782
123 86 94.2036
123 93 13.7986
123 95 56.9057
123 98 17.838
123 99 34.5908
123 103 85.4034
123 105 51.5608
123 119 25.7736
123 122 12.5651
123 126 41.0277
123 129 70.9226
123 132 33.7484
123 134 29.6042
123 136 30.919
123 139 43.9839
123 140 2.00599
123 142 64.4895
123 144 39.3506
123 145 62.2266
123 148 114.694
124 0 49.5071
124 6 85.3876
124 10 19.2851
124 17 108.146
124 18 45.8818
124 19 105.043
124 22 82.9639
124 25 69.0344
124 28 62.4656
124 30 112.763
124 31 10.3348
124 32 44.939
124 39 25.1515
124 40 53.6397
124 45 127.858
124 46 15.5448
124 48 87.2079
124 51 10.4001
124 61 20.3415
124 63 63.2539
124 65 85.964
124 77 99.4634
124 79 33.109
124 80 31.0108
124 81 61.7697
124 83 56.4467
124 95 115.476
124 98 12.0393
124 99 39.7967
124 100 55.2328
124 102 76.4953
124 103 39.7111
124 119 40.2241
124 122 10.0207
124 126 33.6506
124 127 89.6915
124 129 68.9382
124 131 49.9968
124 136 31.4007
124 141 81.3543
124 144 37.1721
124 147 40.2754
124 148 126.816
125 7 40.1241
125 23 69.9048
125 24 101.446
125 26 14.6208
125 27 32.9805
125 33 14.7334
125 47 2
125 54 37.8065
125 55 11.8135
125 56 91.0617
125 57 11.4574
125 64 39.8566
125 66 94.6288
125 70 74.691
125 73 44.6256
125 75 113.459
125 78 82.9877
125 82 42.879
125 90 44.5576
125 91 67.4953
125 94 39.0755
125 97 43.7487
125 104 35.2855
125 110 8.26912
125 114 18.8011
125 116 97.3381
125 118 33.294
125 125 31.8569
125 128 88.0895
125 133 101.932
125 135 66.9876
126 5 46.3401
126 7 28.0163
126 8 58.6174
126 13 8.76005
126 16 28.8243
126 23 80.2523
126 37 99.3993
126 41 71.0833
126 47 2
126 52 33.0126
126 53 74.7577
126 54 103.73
126 56 95.2907
126 58 26.4709
126 64 39.2532
126 70 74.144
126 71 39.5931
126 73 58.1904
126 78 64.7311
126 82 42.0317
126 85 28.5162
126 90 59.4707
126 91 55.2768
126 96 57.3031
126 97 23.5679
126 104 31.2122
126 107 78.7152
126 108 7.14712
126 109 31.9166
126 112 91.9359
126 116 104.818
126 118 55.5209
126 123 45.9753
126 124 8.53225
126 128 100.092
126 130 21.0979
126 133 101.131
126 135 67.2299
126 137 74.8317
127 1 39.6604
127 2 26.993
127 4 20.1234
127 9 80.9012
127 11 18.6111
127 12 38.9237
127 14 19.2705
127 20 13.0374
127 21 83.7255
127 34 18.713
127 36 76.5761
127 38 68.0534
127 42 70.237
127 44 62.0569
127 67 29.6698
127 68 20.8472
127 74 84.9077
127 76 58.6524
127 84 37.9932
127 86 97.1418
127 87 12.3085
127 88 27.6624
127 89 26.587
127 92 43.627
127 93 9.48822
127 105 44.944
127 106 56.5846
127 111 50.5551
127 113 70.2232
127 115 28.3199
127 120 5.47813
127 121 91.0295
127 132 62.5374
127 134 17.5929
127 138 32.3386
127 139 45.4669
127 140 2.11578
127 142 102.356
127 145 92.6306
127 149 62.5284
128 2 32.1066
128 4 65.3869
128 6 65.7812
128 9 113.117
128 10 24.3902
128 11 52.0603
128 14 15.323
128 19 68.5052
128 20 18.7497
128 22 77.5405
128 25 53.9519
128 30 66.4357
128 31 9.33096
128 32 37.1245
128 36 81.8517
128 38 28.1085
128 39 45.2286
128 40 85.8624
128 42 88.6371
128 44 63.2269
128 46 12.0759
128 48 94.807
128 51 8.04054
128 63 87.4713
128 65 99.2626
128 74 62.2402
128 76 52.3489
128 77 39.594
128 80 37.711
128 81 63.2326
128 83 67.6808
128 84 33.0285
128 89 18.4866
128 95 122.267
128 100 66.8527
128 102 70.3152
128 111 51.6953
128 121 96.7855
128 122 8.46555
128 126 50.7811
128 131 62.0614
128 142 124.764
128 144 46.4667
128 147 61.2227
128 148 70.5989
128 149 53.6806
129 5 72.8315
129 7 25.4818
129 8 54.9119
129 13 9.69981
129 16 27.0725
129 23 74.2287
129 37 94.2176
129 41 61.2082
129 47 2
129 52 34.0272
129 53 87.0142
129 54 80.338
129 56 68.6713
129 58 53.9191
129 64 49.5411
129 70 56.9568
129 71 32.4392
129 73 44.8331
129 78 24.9034
129 82 32.3489
129 85 23.896
129 90 54.5485
129 91 30.9475
129 96 58.826
129 97 33.7143
129 104 36.8184
129 107 57.6235
129 108 5.74267
129 109 25.9797
129 112 102.168
129 116 89.4261
129 118 42.67
129 123 45.2529
129 124 4.84316
129 128 63.1189
129 130 27.3474
129 133 118.797
129 135 85.001
129 137 99.1587
130 3 10.5044
130 8 102.916
130 13 10.4106
130 24 79.4854
130 27 26.8345
130 37 109.13
130 49 55.629
130 52 21.956
130 54 95.1393
130 57 10.5547
130 59 41.8642
130 62 42.7457
130 69 40.9897
130 70 66.1724
130 72 3.59836
130 73 24.2239
130 75 80.2847
130 85 39.4105
130 90 48.0843
130 94 50.63
130 97 52.977
130 101 128.648
130 108 13.2758
130 116 119.567
130 118 45.8678
130 124 9.05102
130 125 59.6497
130 128 67.712
130 133 88.6911
130 143 74.5691
130 146 18.1993
131 3 12.136
131 15 89.3122
131 24 123.935
131 26 19.906
131 27 34.8722
131 29 12.7533
131 33 18.1144
131 35 18.3232
131 43 32.0155
131 49 57.226
131 50 48.2868
131 55 17.7745
131 57 10.5775
131 59 38.5012
131 60 20.2107
131 62 47.5976
131 66 99.6885
131 69 44.9707
131 72 4.26521
131 75 84.5693
131 94 40.364
131 101 87.757
131 110 14.9591
131 114 14.5777
131 117 80.0305
131 125 57.0692
131 143 119.057
131 146 15.079
132 3 13.5953
132 8 51.7391
132 13 15.7092
132 16 31.8189
132 23 86.7029
132 43 42.6077
132 50 105.991
132 52 18.839
132 64 44.9203
132 69 34.3569
132 70 30.4561
132 75 91.1553
132 85 33.2107
132 90 49.7917
132 94 37.9901
132 96 57.4865
132 97 36.6904
132 101 90.8966
132 104 33.0111
132 116 107.015
132 117 100.155
132 118 46.026
132 123 50.5452
132 124 9.26646
132 125 45.693
132 128 107.307
132 133 114.863
132 135 113.237
132 137 74.8834
132 143 82.1417
132 146 19.0988
133 5 60.5962
133 7 37.2136
133 8 48.2568
133 13 11.0422
133 16 23.6369
133 23 75.5921
133 37 63.6664
133 41 86.443
133 47 2
133 52 13.3448
133 53 36.3154
133 54 87.9763
133 56 93.852
133 58 34.4736
133 64 53.8135
133 70 48.2132
133 71 21.3889
133 73 60.12
133 78 82.9564
133 82 45.2821
133 85 48.8437
133 90 74.2904
133 91 48.5431
133 96 100.877
133 97 37.078
133 104 50.8578
133 107 97.1638
133 108 12.5597
133 109 26.7628
133 112 131.581
133 116 106.122
133 118 44.2139
133 123 39.1065
133 124 4.47684
133 128 81.1841
133 130 32.2774
133 133 58.9182
133 135 131.937
133 137 98.2785
134 2 35.2528
134 4 101.006
134 6 83.3461
134 9 105.39
134 10 18.0956
134 11 38.9622
134 14 22.305
134 19 144.866
134 20 23.9135
134 22 104.676
134 25 127.061
134 30 84.6879
134 31 5.37817
134 32 60.297
134 36 101.4
134 38 44.553
134 39 73.8973
134 40 46.8892
134 42 87.5741
134 44 66.0919
134 46 17.4374
134 48 104.752
134 51 12.295
134 63 52.8725
134 65 83.0816
134 74 49.7765
134 76 30.403
134 77 82.8699
134 80 58.0519
134 81 75.5143
134 83 48.8321
134 84 47.7784
134 89 29.1368
134 95 76.5796
134 100 94.5599
134 102 67.8916
134 111 60.9471
134 121 89.4331
134 122 12.3629
134 126 51.8053
134 131 51.1925
134 142 98.5024
134 144 43.0276
134 147 37.8874
134 148 82.424
134 149 62.4637
135 1 39.7877
135 2 25.5909
135 6 52.6689
135 9 81.4063
135 10 24.2012
135 11 29.0645
135 17 77.5888
135 18 69.4726
135 19 47.3471
135 20 12.3075
135 21 86.023
135 25 113.848
135 28 97.1588
135 30 100.434
135 31 6.96517
135 39 49.1839
135 45 66.1714
135 46 12.521
135 61 44.0265
135 67 26.5324
135 74 77.4799
135 77 51.2927
135 80 44.2339
135 81 85.7487
135 87 12.4764
135 88 43.1222
135 89 16.1917
135 92 49.7624
135 100 54.039
135 102 68.8114
135 106 52.6662
135 111 60.6602
135 113 46.8495
135 115 18.1286
135 120 7.09328
135 121 75.6558
135 127 99.005
135 131 54.0434
135 138 66.7137
135 141 92.9455
135 147 43.1543
135 149 69.2738
136 0 32.2858
136 6 94.7478
136 9 73.4087
136 10 16.8959
136 12 47.0475
136 17 120.236
136 18 74.6126
136 20 16.7239
136 22 83.1426
136 28 79.2481
136 31 7.62387
136 32 63.0457
136 34 27.3445
136 42 94.3711
136 48 80.7555
136 61 28.7581
136 65 85.02
136 76 44.8327
136 77 93.1044
136 79 40.331
136 81 51.129
136 84 32.2723
136 86 65.4088
136 89 14.6312
136 92 33.2949
136 99 48.1699
136 100 47.0001
136 102 53.5826
136 105 43.1233
136 113 96.9921
136 122 10.3977
136 126 47.2046
136 129 85.3274
136 131 44.333
136 134 26.7799
136 141 77.4806
136 142 108.044
136 147 46.0846
136 149 49.9191
137 2 30.6556
137 4 50.8822
137 6 56.0058
137 9 54.5402
137 10 21.3049
137 11 12.0195
137 14 13.5846
137 19 64.4428
137 20 25.4563
137 22 104.894
137 25 108.922
137 30 78.4595
137 31 11.0275
137 32 48.5651
137 36 76.5731
137 38 47.1338
137 39 43.5148
137 40 64.304
137 42 75.2638
137 44 72.5208
137 46 10.8278
137 48 122.336
137 51 9.32681
137 63 54.5819
137 65 68.9328
137 74 45.8583
137 76 42.9775
137 77 46.235
137 80 29.8172
137 81 72.1175
137 83 57.8881
137 84 41.3068
137 89 28.8978
137 95 98.3443
137 100 51.5643
137 102 39.0583
137 111 41.2098
137 121 82.9085
137 122 11.7376
137 126 46.7433
137 131 31.679
137 142 47.0709
137 144 47.8857
137 147 25.5354
137 148 76.807
137 149 65.3329
138 0 31.7099
138 1 37.4798
138 6 87.1566
138 9 93.5157
138 12 104.19
138 14 13.128
138 17 101.382
138 30 81.817
138 31 7.04898
138 32 68.9501
138 39 42.0106
138 40 77.0128
138 42 70.0764
138 44 90.0468
138 46 11.2986
138 48 73.3825
138 65 100.282
138 76 41.6215
138 80 41.8937
138 81 45.0711
138 83 49.929
138 84 30.7872
138 86 66.1555
138 89 20.8487
138 92 65.2947
138 95 91.1347
138 98 22.9991
138 99 39.5556
138 100 82.3216
138 102 71.8624
138 103 91.2472
138 111 41.1418
138 115 28.0632
138 119 44.8834
138 126 51.2521
138 129 43.318
138 134 30.3689
138 138 36.5476
138 139 33.025
138 141 111.106
138 144 54.6092
138 149 34.8502
139 3 10.5456
139 8 97.055
139 13 12.8082
139 16 28.3891
139 23 85.0552
139 43 44.1285
139 50 72.9654
139 52 33.6357
139 64 36.3519
139 69 28.7223
139 70 65.6577
139 75 48.9362
139 85 43.0074
139 90 52.8719
139 94 51.0326
139 96 68.3016
139 97 10.3937
139 101 62.8682
139 104 25.8006
139 116 62.1318
139 117 109.507
139 118 48.9689
139 123 57.8547
139 124 6.50983
139 125 52.855
139 128 105.829
139 133 121.849
139 135 120
139 137 83.6115
139 143 45.5833
139 146 12.7435
140 7 29.8866
140 23 86.5388
140 24 84.0658
140 26 18.1445
140 27 20.8432
140 33 17.6348
140 47 2.50495
140 54 139.317
140 55 9.86321
140 56 105.736
140 57 7.73035
140 64 59.8095
140 66 95.2885
140 70 70.1046
140 73 44.7644
140 75 88.6856
140 78 55.8022
140 82 38.948
140 90 61.132
140 91 80.9857
140 94 47.9814
140 97 34.8559
140 104 29.7923
140 110 9.90421
140 114 9.72113
140 116 103.291
140 118 13.4347
140 125 43.5838
140 128 82.42
140 133 116.598
140 135 93.2028
141 0 56.247
141 1 40.6418
141 12 51.7008
141 17 59.6506
141 18 61.6262
141 21 44.3979
141 28 52.1381
141 34 15.8098
141 45 70.8772
141 61 25.6478
141 67 20.9545
141 68 63.0829
141 79 36.1172
141 86 81.7873
141 87 12.1018
141 88 38.2495
141 92 63.1415
141 93 11.7495
141 98 22.8908
141 99 34.4538
141 103 58.9645
141 105 38.2229
141 106 63.7929
141 113 53.6827
141 115 21.5931
141 119 31.0328
141 120 5.66404
141 127 112.718
141 129 61.9681
141 132 57.4882
141 134 31.2967
141 136 21.6319
141 138 71.4859
141 139 40.3167
141 140 2.17935
141 141 98.9506
141 145 78.958
142 3 9.83855
142 7 33.553
142 15 95.6512
142 16 24.7558
142 23 101.316
142 26 22.5994
142 27 27.2637
142 29 15.2152
142 33 16.9029
142 35 12.2806
142 41 37.9395
142 43 35.9765
142 54 69.299
142 55 13.2166
142 58 48.6275
142 59 44.2474
142 60 25.9413
142 62 37.9253
142 64 35.7359
142 69 35.2154
142 70 71.9793
142 72 3.68288
142 82 52.9692
142 85 41.8909
142 90 39.6945
142 94 43.95
142 96 43.9938
142 101 65.3709
142 104 30.6712
142 107 93.7597
142 109 37.7699
142 114 8.16687
142 123 48.1642
142 130 27.7033
142 135 54.6717
142 143 82.4005
142 146 14.3129
143 3 9.6279
143 5 61.5363
143 8 89.3844
143 13 9.44699
143 15 81.2955
143 16 23.6244
143 29 11.4423
143 35 18.389
143 37 115.156
143 41 39.4172
143 43 39.5616
143 49 57.6609
143 50 104.798
143 52 29.2527
143 53 109.278
143 58 41.8549
143 59 50.5637
143 60 24.7208
143 62 62.8068
143 69 32.9587
143 71 35.2098
143 72 5.508
143 85 30.1278
143 96 77.6586
143 101 87.1005
143 107 89.4686
143 108 10.0409
143 109 23.1566
143 112 87.5898
143 117 101.768
143 123 47.1044
143 124 4.79507
143 130 35.7196
143 137 88.9115
143 143 100.49
143 146 13.7865
144 3 12.246
144 8 103.777
144 13 13.8407
144 16 23.8609
144 23 54.0298
144 43 25.4418
144 50 103.216
144 52 30.3183
144 64 23.1257
144 69 44.9255
144 70 55.095
144 75 60.2483
144 85 36.7146
144 90 56.2014
144 94 25.5469
144 96 85.0184
144 97 18.7343
144 101 65.2916
144 104 50.5211
144 116 89.6513
144 117 99.177
144 118 40.0715
144 123 52.4591
144 124 7.85716
144 125 24.3823
144 128 91.9162
144 133 66.0094
144 135 73.5253
144 137 50.4444
144 143 136.861
144 146 18.5223
145 5 56.1148
145 7 28.4155
145 8 71.5934
145 13 12.4686
145 16 18.2602
145 23 111.999
145 37 121.171
145 41 67.1589
145 47 2.33377
145 52 37.6148
145 53 73.487
145 54 82.5578
145 56 91.5693
145 58 47.7751
145 64 50.9048
145 70 58.8336
145 71 29.918
145 73 53.9018
145 78 72.5753
145 82 56.6342
145 85 29.6899
145 90 48.3044
145 91 80.3991
145 96 83.0863
145 97 19.6752
145 104 48.243
145 107 61.8322
145 108 12.3967
145 109 27.6674
145 112 58.6595
145 116 105.609
145 118 25.2233
145 123 71.2311
145 124 8.39003
145 128 60.7801
145 130 21.5503
145 133 60.0017
145 135 61.0637
145 137 70.8881
146 2 18.5965
146 4 29.7795
146 10 16.9354
146 11 24.3561
146 18 57.1151
146 19 79.8364
146 20 37.7988
146 21 66.5223
146 22 138.213
146 25 134.661
146 28 60.4599
146 34 17.2017
146 36 58.6961
146 38 48.7935
146 45 99.7114
146 51 13.8245
146 61 36.5989
146 63 64.64
146 67 17.8245
146 68 55.8286
146 74 93.3651
146 77 95.8122
146 79 55.7813
146 87 20.3613
146 88 43.7682
146 93 9.90747
146 105 38.4984
146 106 53.5022
146 113 105.894
146 120 8.30511
146 121 68.4699
146 122 10.9358
146 127 91.59
146 131 44.9953
146 132 34.052
146 136 32.4652
146 140 2.18207
146 142 74.8664
146 145 127.769
146 147 42.249
146 148 102.422
147 3 12.1123
147 7 20.5655
147 15 72.0872
147 16 45.1363
147 23 61.826
147 26 22.9358
147 27 32.4693
147 29 16.0893
147 33 16.7747
147 35 20.529
147 41 76.9824
147 43 40.8783
147 54 107.108
147 55 12.0642
147 58 24.0964
147 59 50.0561
147 60 28.4361
147 62 33.7213
147 64 46.7624
147 69 30.455
147 70 65.8899
147 72 4.28609
147 82 45.6037
147 85 31.9195
147 90 71.1014
147 94 53.0195
147 96 94.2164
147 101 75.2757
147 104 41.4262
147 107 43.1035
147 109 29.7849
147 114 10.5811
147 123 66.195
147 130 25.6767
147 135 84.6101
147 143 79.2823
147 146 22.3089
148 0 39.2133
148 6 52.6256
148 9 74.2952
148 10 16.7466
148 12 90.6862
148 17 94.5377
148 18 53.416
148 20 22.5838
148 22 88.4414
148 28 52.1442
148 31 9.15369
148 32 71.526
148 34 19.7768
148 42 58.4741
148 48 64.7251
148 61 34.0066
148 65 43.4786
148 76 30.7421
148 77 92.9713
148 79 32.8266
148 81 54.281
148 84 53.2609
148 86 43.0463
148 89 22.9821
148 92 46.876
148 99 33.5557
148 100 88.836
148 102 60.9893
148 105 25.1667
148 113 71.9899
148 122 10.954
148 126 54.5878
148 129 76.5713
148 131 22.0723
148 134 31.8528
148 141 64.4483
148 142 110.735
148 147 35.5922
148 149 56.6295
149 5 51.5237
149 8 48.6624
149 13 12.4153
149 24 38.8209
149 37 35.3143
149 47 2
149 49 63.5683
149 50 31.8582
149 52 28.5425
149 53 63.9242
149 56 102.612
149 57 11.5553
149 66 86.3516
149 71 22.7549
149 73 40.7105
149 75 100.039
149 78 58.3448
149 91 48.6242
149 97 25.6965
149 108 13.524
149 110 26.2913
149 112 122.314
149 116 87.9546
149 117 31.606
149 118 7.9105
149 124 6.51816
149 125 37.4678
149 128 83.8811
149 133 124.422
149 137 70.3047
