50 50 630
1
1
1
1
1
1
1
1
1
1
1
1
1
1
1
1
1
1
1
1
1
1
1
1
1
1
1
1
1
1
1
1
1
1
1
1
1
1
1
1
1
1
1
1
1
1
1
1
1
1
0 0 12.6419
0 2 16.9725
0 7 36.4512
0 8 50.8659
0 12 13.0203
0 13 3.6579
0 14 34.6241
0 17 91.7097
0 20 42.1639
0 26 75.1597
0 35 48.3173
0 38 75.3317
0 41 75.48
0 43 64.9961
0 49 51.3591
1 2 22.1422
1 4 19.9849
1 7 48.1672
1 8 69.2534
1 11 46.6251
1 12 19.7574
1 16 86.7497
1 20 48.834
1 26 65.6609
1 28 15.3999
1 40 77.7814
1 41 54.7687
1 43 80.7422
1 45 24.242
1 48 3.31892
2 1 69.4691
2 5 77.3837
2 10 6.96281
2 15 12.6077
2 23 32.5961
2 24 95.4773
2 25 27.7198
2 32 6.61551
2 36 43.608
2 39 4.8535
3 2 17.5595
3 4 43.8443
3 7 32.5751
3 8 43.9466
3 11 57.5505
3 12 10.7427
3 16 74.2234
3 20 41.6615
3 26 45.1596
3 28 12.4944
3 40 70.9749
3 41 82.9732
3 43 104.992
3 45 20.2596
3 48 4.14246
4 0 14.6195
4 2 19.7861
4 7 46.7289
4 8 47.6919
4 12 14.8604
4 13 5.90227
4 14 68.1345
4 17 106.492
4 20 47.2301
4 26 69.6452
4 35 21.1717
4 38 68.4948
4 41 70.6431
4 43 86.0167
4 49 50.0464
5 0 22.6976
5 13 5.29218
5 14 45.7538
5 17 78.5846
5 35 31.4448
5 38 70.963
5 44 56.5792
5 46 97.599
5 47 62.7802
5 49 84.5128
6 0 17.4044
6 2 22.9569
6 7 27.4266
6 8 50.6838
6 12 16.3279
6 13 5.41106
6 14 53.7976
6 17 103.476
6 20 45.1963
6 26 44.6924
6 35 35.8418
6 38 61.5601
6 41 69.2266
6 43 94.1515
6 49 66.7823
7 4 29.6886
7 11 55.7676
7 16 22.1363
7 28 11.529
7 40 50.04
7 44 73.0859
7 45 7.00499
7 46 120.615
7 47 50.0626
7 48 5.24847
8 4 27.8394
8 12 16.2637
8 13 5.61219
8 17 131.94
8 26 58.2407
8 35 49.0183
8 40 85.0999
8 41 62.8586
8 43 75.4247
8 44 85.9109
8 46 110.54
8 48 3.98626
9 1 89.4733
9 5 86.4498
9 10 5.99976
9 15 11.6988
9 23 27.367
9 24 110.702
9 25 19.1203
9 32 6.34451
9 36 34.923
9 39 5.97867
10 3 34.1567
10 9 79.572
10 10 9.03073
10 19 58.3111
10 21 57.5762
10 22 89.0663
10 29 23.4145
10 30 69.3161
10 33 92.4405
10 34 23.5087
10 36 60.4268
10 39 6.83126
10 42 66.0444
11 3 74.2945
11 9 65.8241
11 10 6.16111
11 19 74.2652
11 21 27.6243
11 22 109.723
11 29 36.4157
11 30 70.5589
11 33 65.315
11 34 23.7873
11 36 20.8885
11 39 4.92424
11 42 65.1259
12 1 65.1896
12 5 83.2437
12 10 7.19622
12 15 12.4463
12 23 34.8735
12 24 80.3181
12 25 17.761
12 32 5.35152
12 36 20.8377
12 39 4.42906
13 1 58.1417
13 5 84.2773
13 10 6.52424
13 15 9.85298
13 23 30.2525
13 24 49.4324
13 25 23.0242
13 32 5.21407
13 36 54.419
13 39 3.38027
14 1 91.7283
14 5 55.9123
14 6 67.3304
14 15 9.55708
14 18 97.7342
14 23 21.1467
14 24 69.9469
14 25 25.5972
14 27 7.3414
14 31 14.4086
14 32 4.99205
14 37 12.2091
15 4 40.4074
15 12 16.2289
15 13 4.12593
15 17 97.3829
15 26 53.1689
15 35 20.8021
15 40 67.9116
15 41 60.9421
15 43 88.3065
15 44 92.5903
15 46 63.8225
15 48 4.10098
16 2 21.0033
16 4 28.491
16 7 27.9284
16 8 75.6784
16 11 62.4921
16 12 18.3872
16 16 34.9526
16 20 56.7369
16 26 58.5408
16 28 14.7148
16 40 60.4927
16 41 69.0888
16 43 82.6107
16 45 18.4225
16 48 4.38406
17 3 101.699
17 9 71.6681
17 10 6.67724
17 19 77.6158
17 21 52.4159
17 22 90.9818
17 29 29.7099
17 30 63.6969
17 33 60.7808
17 34 23.2863
17 36 55.7141
17 39 5.74182
17 42 80.2191
18 4 15.064
18 12 19.8468
18 13 3.96103
18 17 84.326
18 26 60.6093
18 35 40.7327
18 40 46.5167
18 41 76.9519
18 43 60.7944
18 44 88.0314
18 46 58.4174
18 48 4.4364
19 1 93.3127
19 9 41.6364
19 10 8.95189
19 19 63.3219
19 21 31.8682
19 23 29.0335
19 29 37.2112
19 31 36.9488
19 34 25.2793
19 37 18.1645
19 39 5.67382
20 0 20.8139
20 13 4.41637
20 14 19.1052
20 17 127.207
20 35 44.5092
20 38 72.748
20 44 63.782
20 46 59.8596
20 47 50.7486
20 49 86.6396
21 0 18.9241
21 2 20.3784
21 7 27.3184
21 8 68.769
21 11 75.7817
21 14 54.2532
21 16 68.1075
21 20 29.1757
21 28 18.1196
21 38 85.1223
21 45 13.3312
21 47 66.4375
21 49 83.5603
22 3 31.5216
22 6 96.1046
22 9 53.3564
22 18 106.437
22 19 35.8927
22 21 53.5992
22 22 85.706
22 27 8.52199
22 29 42.5286
22 30 52.1222
22 31 33.9239
22 33 107.339
22 34 24.0388
22 37 15.3417
22 42 87.8528
23 2 20.1994
23 4 50.4428
23 7 34.256
23 8 24.8605
23 11 59.2591
23 12 17.0419
23 16 97.772
23 20 42.6513
23 26 58.7133
23 28 12.5123
23 40 60.4164
23 41 56.7486
23 43 94.9346
23 45 9.19385
23 48 3.88216
24 4 24.898
24 11 70.183
24 16 51.3933
24 28 16.5021
24 40 55.4933
24 44 90.1651
24 45 15.2259
24 46 76.8296
24 47 51.8133
24 48 2
25 0 26.0759
25 2 16.5336
25 7 38.6662
25 8 30.3136
25 11 45.7082
25 14 56.4317
25 16 79.9512
25 20 16.4905
25 28 18.1174
25 38 69.0162
25 45 12.7065
25 47 59.9505
25 49 92.7749
26 1 59.4609
26 9 44.2846
26 10 6.49254
26 19 75.5716
26 21 33.2791
26 23 42.0784
26 29 33.707
26 31 51.185
26 34 30.9953
26 37 16.7744
26 39 3.8821
27 2 16.249
27 4 26.2339
27 7 34.2619
27 8 43.7236
27 11 41.4982
27 12 11.1056
27 16 91.5274
27 20 41.6236
27 26 49.1417
27 28 16.7025
27 40 50.8754
27 41 77.4096
27 43 85.1367
27 45 12.0168
27 48 3.54127
28 3 126.569
28 9 49.5902
28 10 7.20862
28 19 97.1636
28 21 40.6435
28 22 78.885
28 29 37.317
28 30 51.8744
28 33 83.936
28 34 24.294
28 36 64.9828
28 39 4.93497
28 42 60.5181
29 3 77.2214
29 9 52.377
29 10 6.6644
29 19 61.707
29 21 44.17
29 22 73.0391
29 29 37.6902
29 30 79.3582
29 33 67.0394
29 34 22.4625
29 36 45.9288
29 39 5.98793
29 42 65.1662
30 4 33.4243
30 11 75.7649
30 16 62.2334
30 28 15.4286
30 40 82.1902
30 44 66.6559
30 45 17.2369
30 46 102.996
30 47 50.7908
30 48 4.24139
31 3 102.798
31 6 82.6985
31 9 52.9025
31 18 48.1745
31 19 49.8496
31 21 49.144
31 22 48.498
31 27 7.28566
31 29 22.4661
31 30 79.1403
31 31 32.7213
31 33 69.8798
31 34 25.2405
31 37 16.263
31 42 63.3052
32 4 33.1183
32 12 13.3987
32 13 4.86695
32 17 80.5904
32 26 60.4289
32 35 31.8282
32 40 76.1232
32 41 84.634
32 43 79.923
32 44 65.7002
32 46 72.4805
32 48 5.19895
33 1 54.6648
33 5 64.3905
33 10 8.21233
33 15 11.0187
33 23 13.1878
33 24 85.2284
33 25 32.7829
33 32 5.14736
33 36 43.5894
33 39 3.37001
34 0 26.7224
34 2 23.6429
34 7 33.1381
34 8 54.9698
34 12 12.6711
34 13 5.32056
34 14 48.4502
34 17 94.8987
34 20 19.1467
34 26 45.3958
34 35 38.1028
34 38 79.4027
34 41 71.6046
34 43 104.107
34 49 29.1481
35 2 27.9027
35 4 40.3911
35 7 34.4686
35 8 53.1356
35 11 39.3916
35 12 19.1345
35 16 53.1169
35 20 24.2179
35 26 54.0151
35 28 21.1978
35 40 81.578
35 41 73.5727
35 43 75.5251
35 45 17.094
35 48 4.54689
36 1 119.18
36 5 80.2509
36 6 89.2318
36 15 7.80495
36 18 69.2784
36 23 27.1943
36 24 63.7543
36 25 32.213
36 27 9.06538
36 31 35.9415
36 32 6.14188
36 37 23.9755
37 4 31.3602
37 12 12.3232
37 13 4.59562
37 17 57.1835
37 26 38.2259
37 35 29.8621
37 40 90.9462
37 41 84.8473
37 43 98.5632
37 44 93.6463
37 46 142.371
37 48 3.52602
38 0 22.6156
38 2 18.9122
38 7 46.0728
38 8 24.1885
38 12 12.2739
38 13 4.49924
38 14 45.7409
38 17 103.792
38 20 17.7089
38 26 52.9423
38 35 44.3562
38 38 88.325
38 41 48.7603
38 43 44.4559
38 49 86.8975
39 2 17.9717
39 4 30.0962
39 7 42.0711
39 8 64.0623
39 11 55.3052
39 12 10.0458
39 16 64.1021
39 20 30.7434
39 26 68.0704
39 28 13.248
39 40 83.7497
39 41 55.98
39 43 105.727
39 45 11.7729
39 48 3.32739
40 0 14.6075
40 2 22.1908
40 7 42.42
40 8 43.9466
40 11 49.6896
40 14 40.7407
40 16 72.6027
40 20 40.5744
40 28 18.8613
40 38 61.6735
40 45 17.7645
40 47 25.5072
40 49 35.3614
41 0 16.5708
41 13 6.07289
41 14 74.496
41 17 56.7107
41 35 51.2163
41 38 54.107
41 44 109.261
41 46 76.2461
41 47 54.9331
41 49 89.6468
42 1 68.492
42 5 34.0607
42 6 75.4052
42 15 11.2719
42 18 87.8925
42 23 37.9575
42 24 103.724
42 25 32.7573
42 27 7.33939
42 31 38.1471
42 32 5.72673
42 37 13.4125
43 1 79.761
43 5 81.6165
43 6 81.3634
43 15 9.11805
43 18 11.0118
43 23 36.7529
43 24 112.385
43 25 26.4214
43 27 8.67145
43 31 50.2803
43 32 7.88638
43 37 24.7938
44 3 80.3917
44 5 104.647
44 6 87.9924
44 15 9.25403
44 18 87.8952
44 22 117.336
44 24 108.452
44 25 26.6
44 27 9.80292
44 30 33.5869
44 32 6.58448
44 33 67.0229
44 36 41.9077
44 42 71.7316
45 1 90.2746
45 5 71.0135
45 10 6.0383
45 15 9.63952
45 23 30.3206
45 24 130.382
45 25 25.151
45 32 7.50551
45 36 23.5457
45 39 3.59322
46 1 91.8023
46 5 88.0588
46 6 85.657
46 15 4.87997
46 18 104.321
46 23 17.3575
46 24 102.372
46 25 22.465
46 27 8.12695
46 31 42.7183
46 32 6.98269
46 37 16.424
47 0 20.8413
47 2 23.9052
47 7 32.5066
47 8 62.8371
47 11 74.0161
47 14 62.2776
47 16 100.492
47 20 41.4094
47 28 18.5698
47 38 47.0741
47 45 9.95912
47 47 68.4498
47 49 59.9303
48 1 93.2961
48 5 78.0313
48 6 159.55
48 15 9.68329
48 18 65.1855
48 23 37.1211
48 24 104.394
48 25 17.6521
48 27 10.1278
48 31 52.2206
48 32 5.11336
48 37 9.67829
49 2 20.5125
49 4 45.6168
49 7 49.0287
49 8 69.119
49 11 54.9223
49 12 10.2528
49 16 88.7772
49 20 43.1048
49 26 50.1578
49 28 16.9445
49 40 45.9862
49 41 44.6207
49 43 84.085
49 45 11.8401
49 48 4.38391
