50 50 613
1
1
1
1
1
1
1
1
1
1
1
1
1
1
1
1
1
1
1
1
1
1
1
1
1
1
1
1
1
1
1
1
1
1
1
1
1
1
1
1
1
1
1
1
1
1
1
1
1
1
0 0 95.4361
0 6 13.5955
0 7 74.262
0 8 9.56939
0 12 16.2875
0 24 23.571
0 26 58.4305
0 28 14.5403
0 33 71.4726
0 37 169.614
0 39 19.079
0 41 108.215
0 43 64.3468
1 3 87.5738
1 5 55.0427
1 9 42.7346
1 10 4.31767
1 19 81.5663
1 20 18.7529
1 21 6.11185
1 22 17.3784
1 23 60.3969
1 25 11.3532
1 30 7.099
1 32 29.0891
1 38 52.0814
1 45 86.6315
1 49 37.8569
2 3 108.204
2 5 47.7024
2 10 4.76577
2 11 81.6718
2 14 71.1209
2 15 66.9425
2 19 72.4713
2 20 22.3661
2 21 5.09741
2 30 4.32207
2 38 87.2688
3 3 65.2257
3 11 87.6165
3 15 70.164
3 21 4.0583
3 22 24.1328
3 32 29.8694
3 36 17.9028
3 45 96.0666
4 3 109.341
4 5 31.7602
4 10 2.6854
4 11 96.3332
4 14 63.2821
4 15 68.451
4 19 69.7544
4 20 17.1602
4 21 4.55046
4 30 8.6326
4 38 73.7948
5 5 30.519
5 9 30.2773
5 10 3.2415
5 14 72.6427
5 19 83.3601
5 20 22.2911
5 23 86.3224
5 25 8.55622
5 30 7.55953
5 38 96.5292
5 42 24.5343
5 49 23.9283
6 1 69.5479
6 4 36.3064
6 8 8.76166
6 13 61.6928
6 16 40.0949
6 17 50.3125
6 24 18.415
6 26 74.4349
6 27 137.661
6 29 70.0982
6 31 71.0044
6 33 91.8582
6 35 9.03692
6 37 76.5377
6 39 28.4806
6 40 19.4752
6 44 31.9641
7 1 65.0433
7 4 73.854
7 8 9.87498
7 13 94.9208
7 16 40.4963
7 17 71.5283
7 24 22.2281
7 26 62.1041
7 27 109.225
7 29 68.9912
7 31 128.68
7 33 64.0252
7 35 9.02586
7 37 112.428
7 39 20.4134
7 40 24.6091
7 44 61.8158
8 0 75.8079
8 2 61.2124
8 6 10.5533
8 7 96.9346
8 12 19.2926
8 18 15.8227
8 28 20.2745
8 34 125.741
8 41 63.9414
8 43 42.949
8 46 23.0618
8 47 6.16364
8 48 46.7994
9 11 95.4487
9 14 59.6344
9 15 77.618
9 36 17.833
9 42 25.47
10 0 48.0177
10 2 58.073
10 6 8.69185
10 8 7.57967
10 18 8.37847
10 24 18.3397
10 28 13.0617
10 33 73.328
10 37 103.111
10 39 15.5752
10 40 21.8108
10 44 81.895
10 47 5.72307
10 48 48.1445
11 9 14.9942
11 22 18.5244
11 23 100.298
11 25 6.47986
11 32 21.5712
11 36 18.5748
11 42 27.1196
11 45 68.7455
11 49 34.8353
12 0 91.404
12 6 7.15143
12 7 40.8474
12 8 8.09277
12 12 33.5528
12 24 16.8572
12 26 81.8831
12 28 13.2179
12 33 85.8078
12 37 64.0427
12 39 26.6964
12 41 71.9601
12 43 46.647
13 9 26.7626
13 22 21.5278
13 23 113.627
13 25 9.97686
13 32 27.3637
13 36 10.8562
13 42 22.2503
13 45 90.3965
13 49 35.4513
14 0 87.3542
14 2 41.9062
14 6 13.5787
14 8 8.55104
14 18 20.5414
14 24 24.3011
14 28 16.0437
14 33 57.092
14 37 66.6745
14 39 18.4958
14 40 25.0851
14 44 58.4629
14 47 5.95011
14 48 30.331
15 0 49.9531
15 6 11.2411
15 7 75.9387
15 8 8.59806
15 12 20.1785
15 24 26.707
15 26 67.8965
15 28 20.2266
15 33 33.9589
15 37 134.541
15 39 32.6384
15 41 87.4793
15 43 47.1308
16 11 45.3636
16 14 73.6409
16 15 79.3809
16 36 24.5316
16 42 27.0538
17 3 41.8581
17 5 51.0863
17 9 19.5922
17 10 4.22952
17 19 77.7828
17 20 18.9845
17 21 6.10578
17 22 27.7329
17 23 113.807
17 25 7.36778
17 30 7.98034
17 32 33.1817
17 38 73.407
17 45 54.2572
17 49 30.9369
18 1 69.2252
18 4 40.5188
18 7 95.6801
18 12 18.6617
18 13 117.019
18 16 45.714
18 17 54.2934
18 26 65.7029
18 27 91.2572
18 29 50.1706
18 31 81.1458
18 34 56.1642
18 35 11.1023
18 41 36.8728
18 43 41.2946
18 46 15.2579
19 1 60.349
19 4 97.3728
19 8 7.35337
19 13 35.2779
19 16 52.1479
19 17 42.5909
19 24 23.0063
19 26 43.0988
19 27 69.1508
19 29 39.5297
19 31 82.0744
19 33 39.4575
19 35 8.61513
19 37 66.6674
19 39 25.3421
19 40 20.5826
19 44 53.676
20 0 62.3203
20 2 44.9948
20 6 13.4847
20 7 79.2601
20 12 25.5498
20 18 19.3285
20 28 16.8424
20 34 73.942
20 41 113.228
20 43 38.4743
20 46 24.177
20 47 7.42401
20 48 28.611
21 0 74.4371
21 6 9.30496
21 7 112.819
21 8 6.40439
21 12 26.1037
21 24 9.1434
21 26 57.6432
21 28 14.6617
21 33 81.0278
21 37 117.829
21 39 23.2976
21 41 71.689
21 43 41.5347
22 0 48.8629
22 6 14.2895
22 7 88.1339
22 8 5.90837
22 12 23.8491
22 24 23.8087
22 26 64.515
22 28 18.1298
22 33 66.077
22 37 87.3514
22 39 26.8132
22 41 88.3588
22 43 43.748
23 3 90.0711
23 5 40.5603
23 10 3.40637
23 11 144.628
23 14 64.2527
23 15 88.9376
23 19 78.4113
23 20 13.7281
23 21 4.60672
23 30 7.57324
23 38 68.9987
24 9 30.0748
24 22 21.1106
24 23 72.8901
24 25 8.37373
24 32 22.1402
24 36 10.2042
24 42 19.71
24 45 103.85
24 49 37.3358
25 9 36.4284
25 22 22.6259
25 23 92.9152
25 25 8.1397
25 32 28.2454
25 36 17.7228
25 42 23.3202
25 45 61.4983
25 49 37.2906
26 0 60.1243
26 6 15.5533
26 7 83.3268
26 8 6.13694
26 12 30.0704
26 24 24.257
26 26 52.6924
26 28 19.437
26 33 87.7573
26 37 102.733
26 39 18.5321
26 41 83.8739
26 43 48.0147
27 3 66.4531
27 5 34.2444
27 9 35.6585
27 10 3.59385
27 19 83.5767
27 20 19.2467
27 21 5.21533
27 22 23.6398
27 23 109.583
27 25 11.3145
27 30 6.32998
27 32 20.4506
27 38 93.7278
27 45 96.9527
27 49 25.8303
28 1 68.7704
28 4 78.7707
28 8 6.60993
28 13 30.6691
28 16 54.4616
28 17 43.4597
28 24 15.5023
28 26 66.6362
28 27 71.948
28 29 76.6962
28 31 95.0603
28 33 53.1216
28 35 8.43281
28 37 102.115
28 39 33.0477
28 40 24.4941
28 44 67.7699
29 1 49.8708
29 2 86.906
29 4 62.4219
29 13 72.4211
29 16 49.7963
29 17 59.902
29 18 17.7303
29 27 60.0394
29 29 74.1712
29 31 76.068
29 34 69.0772
29 35 7.57432
29 40 16.2226
29 44 80.6323
29 46 27.5434
29 47 7.14658
29 48 43.3044
30 9 30.2571
30 22 24.8373
30 23 96.1857
30 25 6.48282
30 32 28.0859
30 36 19.5927
30 42 17.346
30 45 131.24
30 49 53.2384
31 1 78.4438
31 4 76.207
31 8 8.64066
31 13 52.2514
31 16 41.9147
31 17 52.6175
31 24 21.8523
31 26 75.3153
31 27 88.7918
31 29 50.0283
31 31 76.0761
31 33 73.2363
31 35 7.56158
31 37 51.8242
31 39 24.792
31 40 31.1332
31 44 58.5022
32 5 50.6203
32 9 33.5443
32 10 3.37753
32 14 80.7243
32 19 92.8559
32 20 12.7384
32 23 100.998
32 25 6.61407
32 30 8.00967
32 38 74.6146
32 42 24.7491
32 49 43.519
33 5 72.5189
33 9 34.1659
33 10 3.33677
33 14 62.1983
33 19 59.0045
33 20 17.236
33 23 97.8936
33 25 10.5198
33 30 6.36212
33 38 63.4293
33 42 28.085
33 49 31.4257
34 9 22.5114
34 22 25.7473
34 23 106.527
34 25 9.75449
34 32 26.152
34 36 18.1984
34 42 17.1185
34 45 63.8123
34 49 44.8128
35 11 112.639
35 14 62.2319
35 15 52.5523
35 36 9.88954
35 42 19.933
36 3 102.925
36 5 22.2178
36 9 42.9109
36 10 4.42117
36 19 51.4133
36 20 13.3821
36 21 3.96739
36 22 26.4264
36 23 169.886
36 25 7.33083
36 30 7.74851
36 32 28.4166
36 38 99.7156
36 45 95.5608
36 49 58.3969
37 0 63.0459
37 2 60.9905
37 6 17.1549
37 8 9.59917
37 18 25.3387
37 24 22.9413
37 28 24.2016
37 33 85.1139
37 37 80.4426
37 39 24.3647
37 40 30.9622
37 44 57.762
37 47 4.44286
37 48 28.9147
38 0 63.8693
38 2 78.392
38 6 15.4504
38 7 27.9897
38 12 31.8318
38 18 22.0972
38 28 24.2243
38 34 60.2743
38 41 86.6975
38 43 52.1375
38 46 25.0272
38 47 6.58359
38 48 41.2714
39 9 23.1039
39 22 26.6966
39 23 59.6382
39 25 10.0415
39 32 24.7726
39 36 16.4772
39 42 24.7109
39 45 81.2873
39 49 25.2895
40 5 53.3104
40 9 38.6154
40 10 4.06962
40 14 42.4378
40 19 67.7986
40 20 16.7655
40 23 119.571
40 25 6.01125
40 30 8.36359
40 38 77.7385
40 42 24.8986
40 49 28.8242
41 11 84.0869
41 14 78.3814
41 15 65.3897
41 36 16.2002
41 42 21.4074
42 3 120.25
42 5 38.5245
42 9 24.8631
42 10 3.57476
42 19 55.1048
42 20 19.7622
42 21 3.66295
42 22 23.1756
42 23 88.6066
42 25 7.80171
42 30 6.76562
42 32 32.4824
42 38 120.729
42 45 57.3196
42 49 29.1337
43 11 85.9828
43 14 83.4405
43 15 72.0539
43 36 15.1879
43 42 23.2869
44 1 61.9944
44 4 80.8076
44 7 116.025
44 12 28.0591
44 13 49.9038
44 16 45.7561
44 17 54.6697
44 26 71.1188
44 27 87.537
44 29 68.1366
44 31 57.0215
44 34 73.8621
44 35 6.18845
44 41 71.4589
44 43 28.6746
44 46 22.9357
45 3 99.0268
45 5 18.4905
45 10 4.77834
45 11 70.6257
45 14 79.588
45 15 83.9221
45 19 71.0914
45 20 15.5367
45 21 2.24576
45 30 8.80231
45 38 66.0563
46 0 71.5633
46 2 46.0668
46 6 12.3852
46 7 94.3657
46 12 33.8937
46 18 17.9452
46 28 15.6977
46 34 76.5982
46 41 60.0397
46 43 51.4398
46 46 28.0827
46 47 7.18368
46 48 45.0051
47 3 101.977
47 5 33.8362
47 9 26.5755
47 10 3.12658
47 19 66.0389
47 20 12.7442
47 21 4.79444
47 22 19.6093
47 23 99.7546
47 25 5.93567
47 30 6.94862
47 32 29.759
47 38 93.3635
47 45 97.7824
47 49 40.596
48 3 89.5226
48 5 46.208
48 9 32.2106
48 10 4.79627
48 19 59.5389
48 20 8.32885
48 21 4.80845
48 22 29.2238
48 23 109.24
48 25 10.2859
48 30 5.11608
48 32 28.5643
48 38 115.562
48 45 59.4846
48 49 31.8794
49 0 76.4343
49 2 50.9222
49 6 11.4146
49 8 9.91852
49 18 12.1125
49 24 24.5944
49 28 17.6919
49 33 59.5596
49 37 121.852
49 39 22.4629
49 40 30.4362
49 44 46.309
49 47 6.74244
49 48 43.9639
