150 150 1241
0 7 49.5971
0 15 8.61466
0 34 20.4549
0 128 28.722
0 142 44.6156
1 8 108.612
1 16 22.4341
1 17 50.3589
1 23 11.9788
1 57 27.9638
1 71 45.8099
1 82 42.9989
1 101 49.8487
1 103 70.821
1 108 83.8425
1 110 28.9532
1 133 100.187
1 135 51.6968
1 147 4.85565
2 17 57.544
2 73 41.009
2 80 3.87968
2 84 5.76671
2 94 27.6157
2 102 83.2638
2 107 50.0735
2 126 56.0376
2 137 43.9682
2 139 89.1531
3 7 38.8918
3 14 110.028
3 29 3.49186
3 36 60.1762
3 46 79.2022
3 75 8.14478
3 109 86.4478
3 125 24.4738
3 129 116.145
4 59 70.3974
4 62 84.3314
4 80 3.82137
4 86 63.7978
4 98 15.4589
4 100 39.8332
4 138 60.5762
5 6 60.6819
5 9 51.2569
5 28 35.305
5 35 6.68785
5 41 26.8347
5 44 57.8453
5 45 30.0829
5 53 11.3204
5 75 7.51665
5 96 61.4656
5 98 42.1359
5 117 4.21544
5 143 5.61873
6 17 56.0009
6 23 5.27958
6 44 56.7826
6 46 128.046
6 52 76.7698
6 61 74.9496
6 63 49.3223
6 66 69.7629
6 70 26.7268
6 71 36.9661
6 72 52.9423
6 108 58.8219
6 129 88.1927
6 144 53.1987
7 18 90.3893
7 43 123.615
7 47 58.0998
7 64 33.0261
7 95 6.22993
7 96 54.5459
7 107 98.6956
7 109 94.7911
8 16 18.6108
8 17 42.7788
8 39 112.509
8 40 37.579
8 56 45.4922
8 90 28.9007
8 91 65.2794
8 99 57.7634
8 102 83.6046
8 120 80.4936
8 125 20.0047
8 142 44.6025
9 13 34.2227
9 14 85.3395
9 28 39.188
9 42 30.2162
9 62 97.6907
9 65 15.3341
9 66 90.7245
9 92 67.5753
9 104 12.2558
9 130 77.3474
9 133 86.1218
9 136 24.0387
10 2 46.993
10 42 29.3649
10 48 90.236
10 64 31.7868
10 66 71.487
10 72 70.4843
10 77 26.2075
10 103 86.4515
10 116 52.7584
10 123 46.6988
10 128 28.9129
11 7 30.7343
11 26 31.189
11 40 39.367
11 93 40.5798
12 28 21.8002
12 79 49.789
12 87 49.9766
12 102 78.2491
12 132 42.028
13 22 84.7974
13 43 102.507
13 45 19.806
13 77 44.7117
13 119 74.5817
13 122 2
14 4 50.5297
14 18 87.2572
14 37 76.1186
14 54 8.77747
14 64 30.4215
14 65 12.7889
14 85 61.089
14 125 13.8639
14 134 69.7058
15 39 96.7045
15 64 39.5239
15 74 46.1158
15 83 101.48
15 127 45.4143
15 134 91.6544
15 136 13.4853
16 27 63.6781
16 32 11.7443
16 36 52.5339
16 59 69.6176
16 72 57.3102
16 115 85.381
16 147 4.19825
17 17 59.5079
17 21 19.9838
17 117 3.80389
17 143 5.35464
18 37 94.8176
18 48 78.1313
18 58 20.8088
18 82 56.3606
18 96 43.2131
18 130 57.7784
18 139 84.0359
18 141 75.2154
19 30 85.9003
19 41 13.6989
19 49 69.1024
19 64 28.0907
19 68 3.63356
19 77 27.4653
19 85 84.7572
19 87 76.8945
19 97 6.34879
19 102 105.413
19 105 18.4131
19 110 34.1126
19 117 5.12022
19 124 3.9513
19 139 79.1504
20 5 63.8952
20 29 4.65748
20 69 22.6652
20 94 23.3868
20 127 54.3898
20 142 49.7741
21 11 36.9401
21 13 16.6735
21 66 95.4161
21 83 101.915
21 89 101.518
21 110 31.3643
21 128 30.1742
21 147 3.56641
22 2 39.1291
22 5 45.9646
22 23 9.27388
22 34 14.074
22 46 112.093
22 69 29.9798
22 70 20.6069
22 82 65.1343
22 93 39.372
22 105 25.9021
23 16 27.8545
23 34 14.9882
23 39 85.1492
23 69 32.0732
23 90 31.1597
23 111 47.027
23 118 37.1111
24 11 43.6742
24 12 43.5512
24 13 33.6647
24 24 98.6805
24 54 7.80033
24 64 37.5167
24 141 47.8163
25 4 35.6566
25 76 65.3138
25 80 3.74061
25 84 8.77919
25 115 48.0619
25 126 47.1079
25 131 72.7451
26 113 81.1566
26 116 46.4666
26 119 68.1874
26 139 103.347
26 146 89.7695
27 7 46.9749
27 14 101.488
27 18 81.0918
27 36 108.368
27 40 42.3565
27 55 45.8307
27 84 6.43935
27 90 41.7997
28 13 28.1225
28 18 74.0066
28 30 58.4018
28 54 12.2425
28 82 49.0273
28 88 6.25729
28 95 7.88706
28 105 24.8595
28 114 40.7098
28 127 42.9463
29 28 31.8296
29 44 51.7383
29 67 33.1505
29 70 23.6882
29 88 7.1387
29 101 65.6013
29 107 119.066
29 125 21.7837
29 146 103.016
30 20 28.1564
30 34 16.5623
30 60 63.6128
30 79 36.5463
30 80 3.41297
30 126 61.2601
30 146 62.4579
31 5 60.0104
31 24 85.1106
31 40 45.4193
31 45 18.6457
31 90 22.855
31 97 2.75329
32 11 47.6065
32 12 76.8556
32 14 119.883
32 15 7.29061
32 19 34.5613
32 29 3.68555
32 48 89.7955
32 61 160.439
32 82 63.0862
32 92 55.1028
32 114 68.7731
32 139 43.1224
32 141 110.208
33 31 13.687
33 40 67.9913
33 41 29.25
33 44 58.9478
33 69 42.0145
33 112 89.7809
33 114 43.8406
34 5 49.9603
34 10 73.4225
34 19 40.8689
34 61 107.092
34 73 46.0945
34 94 26.1721
34 95 5.15132
34 109 41.0837
34 111 54.3761
34 121 61.8336
34 131 51.0285
34 135 82.9512
35 36 101.306
35 54 11.7656
35 62 112.103
35 85 60.8112
35 87 45.7556
35 91 79.9999
35 98 49.2181
35 101 58.0155
35 145 73.4402
36 29 2.14166
36 59 74.5169
36 81 111.834
36 110 29.1729
36 128 20.2214
36 132 69.724
36 140 26.8746
37 3 4.15155
37 19 49.6223
37 25 42.5113
37 37 76.7391
37 41 25.2479
37 85 72.1976
37 90 31.5252
37 138 48.9146
38 12 70.9493
38 39 97.8797
38 74 25.5557
38 79 35.9253
38 100 32.8772
38 125 21.122
38 147 4.79265
39 17 64.9915
39 30 87.1236
39 35 10.6368
39 42 33.5327
39 80 4.4412
40 7 48.6185
40 17 37.3866
40 24 87.1489
40 28 38.5863
40 29 4.41276
40 46 132.283
40 63 49.7203
40 71 42.3041
40 141 85.1338
41 3 4.70175
41 63 121.781
41 75 6.10861
41 79 49.7119
41 84 5.24077
42 9 51.9194
42 13 24.3004
42 73 45.8237
42 92 74.4018
42 118 44.0945
43 53 6.95089
43 100 39.4547
43 108 85.9779
43 110 33.229
43 115 62.7706
43 120 67.1202
43 130 44.514
44 5 71.7068
44 35 10.1541
44 36 87.6879
44 63 54.3707
44 107 127.288
44 111 76.9159
44 128 35.4328
44 129 66.8824
44 133 72.1872
44 143 4.46945
45 13 30.2989
45 28 34.1737
45 42 24.6571
45 43 78.2733
45 47 57.5468
45 64 24.8111
45 86 56.4562
45 145 90.2938
46 18 113.129
46 29 3.51771
46 32 21.5225
46 36 94.7583
46 49 47.6314
46 72 66.9156
46 74 37.4044
46 75 7.67148
46 85 89.5857
46 105 20.7984
46 121 107.777
46 136 22.4098
47 4 89.3622
47 20 16.5934
47 35 8.99615
47 36 154.134
47 46 91.3065
47 47 76.638
47 49 85.7498
47 119 45.7308
48 7 49.3603
48 22 74.7561
48 52 98.8886
48 55 39.6273
48 61 95.2037
48 63 72.6619
48 71 39.6034
48 109 89.1724
48 111 36.7984
48 114 74.1603
48 140 33.9749
48 145 50.4045
49 31 16.5362
49 47 54.7111
49 72 74.9798
49 84 7.61869
49 106 79.9323
49 113 65.0159
49 137 49.375
49 138 46.3333
49 145 84.2732
50 47 59.9029
50 63 82.1608
50 78 94.4493
50 92 98.0579
50 93 37.3391
50 112 50.2227
50 113 86.8099
50 120 93.1354
50 129 118.588
50 138 48.4346
51 1 31.8415
51 9 56.266
51 28 40.7476
51 34 19.5167
51 59 70.1254
51 69 32.0962
51 94 15.5449
51 137 36.6883
51 138 67.584
52 12 51.001
52 17 47.6225
52 18 46.0521
52 51 4.18577
52 66 44.6723
52 72 42.7039
52 91 46.7202
52 99 63.934
52 102 90.2702
52 121 46.6833
53 49 65.8176
53 55 68.9061
53 58 25.1589
53 79 38.6773
53 87 35.4637
54 2 47.1678
54 12 58.3126
54 32 36.0095
54 37 86.8968
54 59 79.6582
54 71 32.2977
54 86 59.7779
54 114 70.2065
54 121 52.515
54 141 79.2522
55 5 76.4973
55 35 5.65124
55 42 21.9361
55 71 43.1765
55 78 102.616
55 120 87.9858
55 123 52.1482
55 133 107.015
55 140 44.7748
56 2 61.833
56 23 9.77304
56 71 46.4727
56 80 3.73855
56 116 62.3416
56 144 55.2235
57 6 85.5135
57 40 23.0781
57 49 53.7387
57 68 4.38522
57 95 5.14787
57 100 38.7865
57 107 58.2894
57 114 68.2395
57 122 2.02518
58 2 77.4147
58 9 49.0571
58 37 71.4459
58 44 43.6111
58 62 49.5889
58 64 40.7189
58 109 78.0869
58 116 38.6425
58 125 27.5366
59 1 25.2692
59 6 87.0105
59 7 38.5452
59 46 89.0286
59 88 5.95116
59 100 32.5873
59 107 64.5948
59 142 36.7172
59 146 96.5439
60 21 22.6551
60 77 41.5006
60 98 19.4919
60 119 49.5752
61 10 74.9992
61 14 123.082
61 15 6.18045
61 31 10.5892
61 44 29.7758
61 47 79.4021
61 56 59.6595
61 68 5.4561
61 73 54.0527
61 99 47.1977
61 129 110.871
62 1 26.7912
62 32 28.3666
62 35 9.65525
62 46 99.5083
62 47 70.0364
62 54 11.053
62 66 65.9895
62 86 66.1445
62 94 20.4296
62 104 10.2855
62 107 65.0272
62 134 69.9858
62 142 38.9654
63 6 69.0095
63 33 44.6876
63 80 5.33947
63 104 13.1875
63 129 101.913
63 131 72.4932
63 136 15.1188
63 145 87.2275
64 12 42.5944
64 33 19.8754
64 40 36.9218
64 81 110.717
64 119 36.0311
64 137 52.3763
65 14 114.649
65 19 32.9263
65 32 37.765
65 53 11.9274
65 57 31.1439
65 58 24.3119
65 59 74.2329
65 68 3.58647
65 75 8.23706
65 79 34.3498
66 3 5.08867
66 7 52.1035
66 52 59.5857
66 61 44.1028
66 69 31.4751
66 96 70.1651
66 139 69.6665
67 5 47.7849
67 20 23.8302
67 47 95.123
67 48 75.529
67 58 18.238
67 80 4.00712
67 93 35.6537
67 122 2.15233
67 142 30.3268
67 146 77.4607
68 4 69.7172
68 51 3.65904
68 61 121.442
68 62 101.356
68 71 45.3264
68 75 7.35257
68 86 85.21
68 89 56.0121
68 99 49.9733
68 111 65.7803
69 61 107.015
69 91 48.0275
70 11 28.2604
70 15 6.51728
70 19 65.5304
70 30 74.8199
70 32 38.0963
70 63 103.694
70 82 48.1285
70 91 65.2464
70 105 25.3187
70 129 81.6611
70 134 59.9429
70 141 64.4401
71 3 3.79142
71 9 46.505
71 61 98.7413
71 62 58.0287
71 72 35.2283
71 103 55.3448
71 139 86.1487
72 4 67.0798
72 17 72.8754
72 24 34.7167
72 27 58.0466
72 49 80.4561
72 83 51.6276
72 96 64.7723
72 116 30.6141
72 119 55.2434
72 130 143.383
72 139 55.6459
73 7 55.2368
73 13 35.8695
73 24 84.7748
73 49 82.1992
73 55 87.0567
73 112 66.9511
73 117 5.15136
73 127 41.9467
73 134 29.4799
74 6 86.2378
74 18 71.2256
74 21 13.4204
74 25 52.8796
74 44 23.107
74 69 32.4109
74 93 22.3417
74 104 8.33935
74 106 99.3596
74 144 63.7814
74 148 93.3128
75 22 70.7694
75 35 12.9326
75 43 113.332
75 64 21.238
75 78 91.4737
75 96 50.1282
75 100 24.17
75 109 80.2346
75 112 100.419
75 127 38.9761
76 8 92.8399
76 12 51.2632
76 64 25.1259
77 10 81.6992
77 50 16.62
77 51 4.285
77 70 25.0639
77 98 32.518
77 123 46.9289
78 7 39.907
78 24 52.9283
78 31 10.9057
78 45 31.7273
78 56 30.9452
78 77 24.9966
78 141 75.2729
78 142 30.1957
79 41 27.1253
79 51 3.54
79 97 6.3658
79 112 70.2567
79 123 42.2163
79 128 28.4321
80 19 41.0542
80 21 17.1945
80 22 61.4102
80 58 18.4023
80 69 31.4834
80 81 80.5587
80 116 37.0932
81 0 47.1714
81 7 72.0129
81 8 75.8201
81 33 38.0176
81 142 51.1138
82 4 61.6782
82 5 61.1833
82 12 53.8623
82 72 65.1558
82 84 5.18329
82 91 52.372
82 92 76.464
82 93 38.8322
82 111 88.1521
82 134 74.3945
82 143 6.19344
83 6 85.8409
83 8 84.8912
83 15 6.09993
83 32 33.6477
83 41 18.2389
83 48 85.315
83 57 40.0575
83 64 26.5485
83 73 56.7911
83 90 47.6377
83 101 70.6609
83 117 6.18046
84 15 6.50829
84 77 16.8787
84 124 3.78424
85 6 83.4765
85 32 32.0541
85 54 13.2021
85 56 65.7485
85 76 72.353
85 112 100.713
85 115 89.0381
85 125 19.9314
85 149 9.83945
86 29 2.72274
86 64 27.3842
86 85 60.6776
86 89 70.0169
86 95 4.58926
86 118 45.4428
86 130 118.038
86 132 34.1872
86 134 46.9735
86 141 50.2208
87 29 3.65781
87 50 14.8493
87 84 5.23717
87 127 55.6952
87 128 28.0165
87 145 100.969
88 51 3.87349
88 95 6.51964
88 122 2
89 1 32.7972
89 56 23.027
89 80 3.53574
89 88 7.39362
89 99 40.2401
90 0 77.0647
90 54 9.16421
90 65 13.7286
90 72 57.9306
90 93 28.0407
90 122 2.06336
90 127 59.3244
90 134 60.7753
91 14 108.765
91 27 35.5921
91 44 61.0387
91 46 96.1682
91 74 34.7449
91 80 4.20129
91 112 99.0709
91 116 53.5402
91 121 61.3957
91 126 60.0738
92 36 116.127
92 40 27.805
92 46 96.2871
92 56 34.5892
92 76 63.9667
92 78 88.1902
92 120 63.831
92 146 81.544
93 22 43.2832
93 96 32.1222
93 123 70.2881
93 134 50.3265
94 8 70.0997
94 15 7.1874
94 19 39.9134
94 25 39.4499
94 84 5.80778
94 122 2.10555
94 134 25.7654
95 1 23.7682
95 10 83.3823
95 14 102.284
95 17 37.3244
95 62 75.4712
95 88 7.2837
95 93 34.6581
95 106 126.879
95 113 87.5106
96 24 66.6988
96 31 19.0104
96 65 14.4519
96 72 45.5731
96 93 39.0201
96 97 5.6866
96 101 51.1084
96 108 40.6441
96 131 44.3323
97 20 26.0047
97 58 15.8038
97 69 29.5086
97 82 35.43
97 101 102.564
98 12 73.5512
98 13 25.4154
98 27 58.2856
98 78 90.5097
98 85 63.2227
98 109 129.718
98 122 2.15281
99 8 116.905
99 58 24.5709
99 68 4.03783
99 75 7.8419
99 143 5.82354
100 4 77.6318
100 8 71.2652
100 41 27.7532
100 64 39.5408
100 65 16.1495
100 80 3.5936
100 94 22.9384
100 101 66.4804
101 1 21.3919
101 16 26.2239
101 29 3.24105
101 36 89.4197
101 85 50.4258
101 87 47.4469
101 92 98.7446
101 95 7.06223
101 100 47.2591
101 101 61.745
101 104 9.16752
101 127 52.036
102 11 23.5895
102 13 41.4536
102 37 86.5062
102 64 28.3063
102 68 5.34886
102 75 9.94919
102 87 61.5307
102 115 102.652
102 131 57.312
103 2 55.8417
103 28 24.1441
103 42 13.1705
103 45 23.52
103 56 69.2849
103 72 67.3628
103 83 83.7347
103 99 58.1824
104 8 97.8786
104 13 27.2001
104 23 8.05419
104 46 99.9282
104 77 34.3764
104 80 3.31068
104 118 32.2311
104 134 53.3138
104 138 25.1312
105 9 52.2016
105 19 34.5673
105 43 84.0399
105 52 89.188
105 66 90.257
105 67 24.5641
105 77 36.1804
105 92 62.2162
105 94 29.0804
105 105 37.4977
105 114 61.3218
105 115 98.917
105 143 6.81029
106 34 17.6587
106 64 32.2833
106 91 61.3231
106 95 7.21873
106 106 126.101
106 146 106.622
106 148 93.4325
107 27 36.8545
107 32 16.4652
107 51 4.4857
107 72 37.5429
107 74 27.3003
107 78 99.4298
107 123 61.3469
107 136 21.053
108 21 21.891
108 69 33.4959
108 88 4.5364
108 91 53.6428
108 103 105.416
108 112 101.305
108 139 50.5806
109 3 3.36053
109 48 77.7964
109 131 46.909
109 135 47.2074
109 140 30.9661
109 147 3.02672
110 17 91.2972
110 20 24.7831
110 32 22.4639
110 40 31.1113
110 71 32.3229
110 81 122.871
110 98 45.6372
110 109 106.134
110 120 56.3653
110 122 2
110 127 54.0777
111 10 76.0282
111 17 52.543
111 32 35.1527
111 40 41.132
111 44 47.1065
111 75 7.4972
111 80 3.69791
111 87 74.2882
111 144 44.416
111 145 83.0785
111 148 96.8351
112 13 24.5891
112 30 106.081
112 31 11.7232
112 41 25.889
112 87 48.1007
112 90 44.074
113 27 38.2711
113 43 119.576
113 70 18.4855
113 82 66.6925
113 86 78.8393
113 105 19.7746
113 112 91.6221
113 140 29.9958
114 3 4.26732
114 27 68.1962
114 48 60.6558
114 82 57.0383
114 94 32.288
114 105 21.4041
114 110 35.1005
114 121 68.7664
115 8 91.2591
115 96 47.8336
115 111 62.1167
115 117 3.11581
115 123 50.8658
116 34 15.6573
116 45 17.5616
116 67 48.0266
116 115 70.5496
116 125 15.16
117 7 21.1846
117 9 19.242
117 25 25.9045
117 29 3.76122
117 33 32.3881
117 44 61.9175
117 60 54.1656
117 81 92.612
117 87 36.6486
117 90 13.8923
117 105 36.7305
117 136 18.684
117 149 18.3542
118 9 34.9224
118 26 35.8883
118 38 58.6335
118 53 8.92468
118 60 35.8186
118 110 30.8826
118 119 58.0859
118 121 92.91
118 124 4.05043
118 135 71.5148
118 139 70.6151
119 11 35.5362
119 14 111.363
119 21 19.3147
119 23 9.30883
119 39 47.8104
119 58 10.0596
119 115 23.9992
119 124 5.67543
120 10 79.6772
120 11 37.3553
120 28 32.7107
120 30 46.4318
120 42 24.9896
120 47 84.8759
120 59 37.508
120 64 27.3758
120 96 54.1414
120 104 7.98851
120 133 80.938
121 11 36.4308
121 26 22.8681
121 36 88.3003
121 49 72.4203
121 86 51.1331
121 90 44.5439
121 103 100.94
121 113 56.362
121 115 114.552
121 131 95.6083
121 149 22.3018
122 31 6.50992
122 42 29.3396
122 45 20.0459
122 48 95.3427
122 63 117.034
122 77 31.1762
122 80 2.9704
122 94 18.9056
122 97 4.23587
122 102 44.8519
122 120 88.2416
122 143 5.34217
123 7 45.402
123 43 113.286
123 58 20.9073
123 62 116.403
123 88 6.57059
123 92 48.3402
123 113 75.0258
123 115 64.7148
123 145 103.816
124 17 62.7075
124 39 101.844
124 48 104.109
124 58 21.5425
124 147 4.7816
125 45 21.3823
125 57 31.6242
125 66 83.9506
125 73 44.1639
125 93 46.033
125 107 83.868
126 35 10.6322
126 46 84.661
126 67 31.3601
126 76 69.6735
126 79 39.5432
126 88 7.0046
126 91 45.9148
126 93 51.3083
126 100 50.8451
126 113 64.1617
126 116 59.8782
126 141 78.9208
127 0 53.0616
127 14 88.3817
127 30 104.56
127 36 114.304
127 56 67.7822
127 59 112.056
127 61 50.6753
127 63 84.7261
127 64 14.3936
127 66 95.8949
127 84 5.70687
128 19 59.868
128 22 82.487
128 33 34.1762
128 37 95.7202
128 41 20.3288
128 72 66.1385
128 94 21.2787
128 104 11.4006
128 118 44.511
128 128 20.3677
128 133 73.793
129 0 48.6031
129 44 53.7276
129 63 100.787
129 65 13.845
130 51 5.63985
130 75 7.98311
130 87 44.9693
130 112 68.4761
130 124 4.92133
131 5 58.573
131 21 24.02
131 29 3.68257
131 48 43.1377
131 82 64.0877
131 96 42.9842
131 98 46.2652
131 124 6.04088
131 126 74.7236
131 136 12.6991
132 9 59.66
132 39 113.714
132 58 19.2573
132 61 136.252
132 78 75.091
132 82 42.359
132 101 52.3327
132 103 100.385
132 108 42.2283
132 133 124.845
132 134 86.6942
133 18 44.8362
133 37 94.0731
133 39 86.1744
133 82 48.0289
133 105 25.2135
133 110 47.8267
133 122 2.10639
133 125 27.8093
133 134 63.1538
134 3 2.17405
134 14 117.025
134 21 17.1986
134 29 6.12957
134 36 103.011
134 39 61.1506
134 47 76.318
134 68 3.91422
134 102 107.09
134 110 30.2729
134 115 79.065
134 145 60.8194
134 146 109.877
135 45 27.1202
135 62 54.8108
135 63 85.1176
135 87 73.2039
135 144 47.2784
136 6 82.8057
136 43 101.84
136 46 169.931
136 52 55.7613
136 82 27.9919
136 84 4.50297
136 107 91.6036
136 146 56.8697
137 1 35.5001
137 32 37.2031
137 57 49.2436
137 59 51.5092
137 64 41.9636
137 71 42.0437
137 102 94.0381
137 105 36.7238
137 107 105.058
137 108 59.9972
137 117 4.34669
137 122 2
137 141 81.3387
138 36 75.5922
138 74 24.8013
138 107 78.455
138 113 113.435
139 26 31.9739
139 40 36.4292
139 47 73.288
139 76 41.8626
139 121 48.0381
139 126 45.3437
139 130 127.535
140 25 43.5926
140 34 16.4971
140 39 132.576
140 50 20.7208
140 57 38.9364
140 81 98.3408
140 110 29.535
140 128 33.8562
141 9 42.3768
141 14 93.7191
141 22 67.4231
141 60 53.4583
141 71 57.1696
141 94 15.4857
142 13 19.6545
142 28 37.4002
142 31 14.8376
142 44 48.9387
142 54 12.4833
142 74 36.8008
142 83 71.5505
142 95 5.50245
142 109 96.8142
142 110 37.9048
142 126 66.3548
143 20 33.6423
143 85 48.4366
143 89 93.5108
143 134 37.6187
143 136 20.6742
143 139 92.1646
144 0 43.3316
144 36 88.9876
144 37 80.6524
144 66 77.5298
144 81 83.3548
144 100 47.9509
144 115 67.5078
144 147 3.83345
144 149 21.4273
145 7 66.6723
145 28 35.5876
145 36 100.385
145 84 7.33867
146 7 39.3388
146 16 21.3952
146 20 29.4316
146 46 131.438
146 88 6.2531
146 96 23.7876
146 146 85.9355
147 5 50.3506
147 33 48.1164
147 38 66.9747
147 41 29.5762
147 43 99.6875
147 64 30.6175
147 107 67.2739
147 136 21.6718
148 29 3.93813
148 56 43.2235
148 88 5.57032
148 104 11.263
148 124 5.84535
148 132 51.9793
149 22 104.23
149 43 108.634
149 48 67.5488
149 55 53.3418
149 98 52.9294
149 100 40.8953
149 104 7.13449
149 109 71.5573
149 120 71.9888
149 145 75.3612
