150 150 1206
0 17 18.4164
0 31 22.7553
0 45 117.162
0 48 19.9017
0 106 29.3947
0 147 77.3075
1 1 53.5236
1 14 40.7405
1 39 106.187
1 41 114.191
1 46 91.1828
1 64 18.7681
1 66 41.9909
1 71 96.4535
1 86 34.323
1 88 38.6849
1 91 6.58902
1 131 28.9433
2 0 26.8677
2 16 105.454
2 50 85.862
2 56 101.194
2 63 3.25417
2 68 24.3835
2 120 39.5107
2 124 114.62
2 145 3.34771
2 146 57.6066
2 149 107.681
3 9 74.9583
3 94 6.98868
4 24 48.0478
4 29 38.7495
4 43 57.1451
4 60 60.0894
4 84 24.1133
4 87 11.3867
4 92 42.3213
4 97 49.1737
4 103 80.8637
5 7 97.3837
5 36 86.8234
5 53 36.9025
5 107 40.9666
5 113 54.0765
6 62 74.3246
6 82 50.5786
6 123 64.8701
6 129 100.252
6 143 9.81441
6 144 103.228
7 30 92.9746
7 40 84.7615
7 41 89.9379
7 68 12.1871
7 92 39.4749
7 96 11.0578
7 119 56.8235
7 121 37.422
7 144 94.9379
7 148 108.51
8 7 104.837
8 57 70.3433
8 68 27.2947
8 80 26.0311
8 84 14.674
8 106 37.5035
8 118 49.6641
8 129 49.9183
8 134 25.0128
8 135 65.8597
8 141 17.3133
9 4 5.51736
9 8 81.9923
9 34 49.1704
9 36 102.566
9 41 76.0888
9 49 63.0473
9 57 63.8285
9 59 34.8508
9 71 106.808
9 75 40.2433
9 87 12.1342
9 145 3.105
10 12 4.84426
10 14 66.5204
10 22 39.6217
10 42 44.9447
10 56 77.9584
10 64 39.1043
10 72 48.9742
10 124 71.9739
11 5 30.4921
11 9 109.834
11 17 36.9564
11 22 49.5032
11 47 61.2718
11 65 37.5916
11 73 44.5494
11 79 24.3011
11 83 136.94
11 87 10.7727
11 110 9.42171
11 138 14.9922
11 140 23.3924
12 0 35.4567
12 49 72.1546
12 80 22.9859
12 86 24.6539
12 93 79.5634
12 113 54.6712
12 138 7.62914
12 145 2.56984
13 15 13.7659
13 29 64.6573
13 33 42.2061
13 44 74.7146
13 66 53.3674
13 92 31.8525
13 104 6.85476
13 140 73.7596
14 21 3.93966
14 50 107.318
14 66 57.7862
14 70 87.7979
14 71 101.476
14 82 14.8976
14 91 6.88095
14 112 27.2755
14 113 43.2324
15 11 60.0126
15 23 16.0304
15 24 74.1429
15 43 37.1174
15 48 21.3157
15 60 70.194
15 90 98.91
15 91 5.17686
15 123 72.4837
16 7 88.8872
16 23 21.847
16 69 87.6607
16 81 68.4318
16 84 24.6066
16 91 6.70147
16 136 37.8401
16 141 27.699
17 3 27.4018
17 33 50.9484
17 50 86.6682
17 89 38.9717
17 99 29.418
17 119 40.768
17 137 6.84927
17 146 57.6803
18 19 30.2123
18 50 62.9417
18 61 70.1114
18 67 20.5195
18 123 63.7871
18 137 63.8727
19 35 49.1148
19 38 26.1003
19 45 66.1013
19 56 75.6163
19 79 54.6904
19 104 12.1531
19 112 20.5739
19 122 53.3945
19 137 46.0217
19 145 2.73643
20 33 54.0892
20 51 64.6175
20 59 85.46
20 70 87.2933
20 73 12.3042
20 75 43.8793
20 98 73.6741
20 108 34.2356
20 110 11.6677
20 132 76.0369
21 7 56.5419
21 25 50.8955
21 32 39.8566
21 61 90.7123
21 90 89.4013
21 95 33.1586
21 106 38.7879
21 120 27.3623
21 136 32.1137
21 139 100.135
22 6 35.1333
22 23 18.1753
22 42 64.6019
22 49 64.9243
22 65 43.7322
22 80 33.8041
22 84 18.5461
22 93 43.7447
22 94 11.9995
22 95 43.0486
22 111 50.7524
22 128 9.0248
23 47 65.4277
23 86 21.8149
23 113 79.8288
24 25 40.7718
24 33 46.8585
24 44 70.0557
24 59 104.871
24 61 98.2959
24 62 115.415
24 79 44.7755
24 108 34.3066
24 123 46.0514
25 1 88.5547
25 7 123.775
25 47 82.3273
25 50 75.2808
25 90 58.1736
25 104 12.2864
26 61 63.3864
26 109 32.2149
27 21 5.59626
27 65 56.834
27 75 32.2073
27 83 85.3678
27 101 97.8878
27 126 13.96
27 133 55.93
27 134 14.7573
27 140 66.8982
28 22 41.8808
28 33 53.1472
28 56 125.442
28 86 24.4585
28 140 65.0404
28 142 74.4614
29 19 29.8496
29 21 5.88298
29 22 36.4447
29 42 40.9199
29 93 70.6402
29 95 66.1851
29 97 49.894
29 146 54.4088
30 4 7.89885
30 23 20.6356
30 24 112.165
30 28 78.6144
30 36 108.865
30 48 24.3054
30 51 85.182
30 57 90.1793
30 72 49.3231
30 131 32.6284
30 135 83.3195
31 3 42.3322
31 12 3.44017
31 31 24.3531
31 42 36.9618
31 71 76.1885
31 93 75.6028
31 108 65.3039
31 122 39.29
31 144 84.0419
31 149 115.583
32 2 74.0096
32 26 92.4225
32 42 53.5441
32 90 49.1867
32 91 7.76756
32 100 33.528
32 112 23.4616
32 113 59.4459
32 116 2.0226
32 133 55.6853
32 141 28.7014
32 145 3.25451
33 2 83.0786
33 47 19.4784
33 102 11.3341
33 126 18.4508
33 135 75.7377
34 7 117.535
34 16 77.2577
34 20 52.9248
34 28 92.3606
34 30 65.7878
34 59 66.2234
34 75 40.6316
34 84 26.821
34 118 36.414
34 126 11.5007
34 140 117.52
35 5 48.9162
35 8 114.886
35 12 4.41398
35 15 13.2637
35 39 99.1949
35 68 12.5486
35 73 37.7904
35 86 29.834
35 122 38.9022
35 144 83.9006
36 1 84.35
36 8 80.2758
36 15 21.6436
36 36 72.0612
36 40 88.5046
36 41 91.1751
36 46 84.5377
36 47 48.3199
36 49 76.9844
36 93 53.613
36 100 30.3207
36 129 113.559
36 135 34.0604
37 12 4.26153
37 71 121.187
37 102 22.0675
37 104 7.89606
37 146 61.5204
38 19 28.6587
38 22 52.5077
38 41 41.5787
38 61 125.573
38 75 38.0706
38 79 59.9041
38 97 60.9121
38 98 69.564
38 99 26.5192
38 138 11.6956
38 141 16.3583
39 8 107.903
39 43 95.098
39 55 41.988
39 60 91.3522
39 70 122.493
39 97 68.1215
39 123 60.353
40 0 22.4983
40 6 31.1357
40 12 4.35121
40 30 50.1086
40 31 16.2978
40 34 61.5121
40 42 57.12
40 46 86.3048
40 53 27.809
40 65 53.6528
40 74 81.1687
40 75 46.6315
40 89 49.3354
40 98 90.5999
40 116 2
40 126 8.10865
41 10 82.1171
41 21 4.73722
41 56 78.339
41 83 78.9336
41 112 24.1516
41 121 24.4422
42 85 33.2668
42 95 67.3083
42 98 74.9758
43 31 16.3857
43 51 75.1986
43 72 43.5791
43 103 63.396
43 123 70.6154
43 147 55.1231
44 17 20.9328
44 34 48.864
44 70 80.2309
44 109 31.1554
44 122 50.2724
44 140 122.886
44 149 71.0007
45 18 74.8457
45 40 75.7907
45 67 12.255
45 69 58.3699
45 140 59.5089
45 147 85.7853
46 33 37.8867
46 57 115.054
46 86 23.5609
46 97 50.9389
46 101 57.0837
47 1 70.6875
47 11 80.3568
47 49 55.3815
47 59 90.2349
47 91 5.99629
47 105 80.8862
47 119 28.9828
47 145 3.02235
48 6 34.4897
48 8 97.7307
48 20 49.0859
48 21 5.86537
48 23 23.924
48 45 121.996
48 49 86.5019
48 78 133.396
48 80 22.2122
48 132 41.9536
49 16 108.592
49 37 91.7185
49 53 28.6307
49 57 135.979
49 59 44.5724
49 72 54.5838
49 78 79.9319
49 106 28.509
49 111 74.6094
49 113 51.5693
49 117 89.8113
49 126 13.501
50 46 121.818
50 72 68.2382
50 74 75.8551
50 80 24.8579
50 127 5.93985
51 7 49.0326
51 70 93.1493
51 116 2.07285
51 122 43.6152
51 144 67.0914
51 147 105.18
51 149 129.79
52 19 16.5465
52 42 43.0594
52 89 34.4548
52 105 111.947
52 148 64.0563
53 7 83.7229
53 37 60.4358
53 74 50.5102
53 81 97.1499
53 106 18.7158
53 116 2
53 139 111.903
53 141 24.0157
54 40 38.1274
54 58 14.9008
54 63 3.69756
54 70 121.483
54 77 52.2661
54 98 66.5996
54 107 26.1249
54 108 46.5594
54 112 22.7911
54 133 44.7024
55 0 42.3626
55 28 61.8978
55 44 33.4313
55 50 79.6728
55 101 89.8879
55 108 31.7228
55 115 43.7614
55 124 88.8827
55 131 31.5511
56 8 135.15
56 29 71.1855
56 36 83.1623
56 47 42.0771
56 91 8.64118
56 92 35.1429
56 124 115.22
56 128 6.47314
56 131 31.9212
57 18 82.8557
57 41 111.886
57 64 43.7325
58 6 44.8694
58 32 26.743
58 60 83.4707
58 73 51.8546
58 74 72.3259
58 121 22.3498
58 135 70.1899
58 147 41.9444
58 148 106.791
59 7 102.933
59 39 99.3252
59 66 43.2274
59 111 66.7189
59 114 31.2374
59 127 6.89586
59 148 60.5656
60 68 13.8673
60 92 32.0346
60 95 76.3465
60 99 12.7735
60 102 17.6501
60 133 36.9316
60 135 67.906
61 2 50.1954
61 8 75.4751
61 78 87.522
61 103 105.675
61 116 2
61 147 46.8598
62 74 62.4103
62 76 34.9133
62 99 21.7866
62 107 45.0771
62 137 75.6577
62 142 35.5733
63 2 41.7646
63 11 76.4244
63 29 52.2693
63 33 24.6425
63 35 34.8028
63 55 40.4567
63 65 51.6509
63 70 115.44
63 133 37.6585
63 146 66.5784
64 1 66.4255
64 12 3.47454
64 50 70.672
64 79 85.8141
64 89 33.78
64 94 7.04087
65 7 69.4845
65 12 3.18308
65 17 11.8019
65 25 59.0877
65 32 18.5272
65 44 84.2615
65 58 21.0257
65 76 42.7007
65 100 27.1794
65 138 12.5111
65 146 45.5351
65 147 85.7905
66 29 28.2245
66 34 46.5331
66 54 4.89922
66 64 47.1459
66 103 110.486
66 121 21.4853
66 131 45.3517
66 134 27.4099
67 25 40.6723
67 38 25.8219
67 49 79.6786
67 61 76.5876
67 72 70.1647
67 93 39.0872
67 98 83.4675
67 103 112.614
68 4 9.86206
68 6 38.9984
68 25 86.0473
68 27 113.027
68 45 77.1648
68 50 119.904
68 86 28.8845
68 95 80.7074
69 28 58.2221
69 37 68.2323
69 38 38.8722
69 45 51.17
69 106 27.9825
69 124 99.0975
69 132 81.7111
69 148 97.6209
70 25 75.0481
70 27 79.1416
70 64 35.3062
70 72 91.8548
70 145 3.09219
71 3 32.1024
71 21 4.3349
71 25 48.3014
71 38 35.8117
71 41 48.9027
71 60 48.1826
71 100 30.5379
71 104 7.64672
71 111 87.4312
71 115 38.8116
71 122 75.4801
71 129 75.3903
71 142 62.7135
72 8 95.506
72 33 42.6949
72 51 93.8731
72 66 31.6
72 102 24.3673
73 47 82.7873
73 52 79.8805
73 63 2.67571
73 112 19.1622
73 134 24.0192
74 10 80.1249
74 17 34.6095
74 26 110.363
74 44 59.0064
74 58 10.2572
74 62 110.403
74 82 44.3439
74 93 55.6073
74 137 35.1806
75 4 8.92572
75 19 28.9898
75 109 30.3496
75 119 43.604
75 131 34.8935
75 134 22.516
75 135 66.2453
75 141 17.2024
75 147 83.0209
76 3 37.3973
76 23 23.7462
76 28 111.813
76 71 96.4026
76 79 45.047
76 119 48.4898
76 124 78.578
76 132 58.1178
77 9 114.594
77 67 26.8511
77 92 24.1348
77 148 93.8584
78 15 17.7595
78 18 86.7548
78 45 91.0293
78 55 28.7608
78 97 50.2107
78 103 65.8012
78 116 2.49363
78 119 14.5232
78 125 40.6536
78 140 85.2186
79 8 63.6249
79 11 69.0064
79 55 39.2036
79 87 10.657
79 134 28.6069
80 14 68.6177
80 25 57.7561
80 59 102.842
80 77 84.5681
80 88 54.4103
80 90 89.2429
80 92 37.8016
80 109 24.0191
80 112 20.5196
81 5 21.9406
81 25 63.8196
81 46 71.5305
81 72 28.5453
81 80 20.3457
81 132 49.5438
81 143 9.62813
81 149 102.449
82 1 67.8218
82 18 93.7257
82 46 113.536
82 56 78.7488
82 83 70.1212
82 93 58.8446
82 110 12.2159
82 148 101.051
83 23 31.8822
83 29 80.178
83 43 86.4588
83 52 34.0728
83 62 93.6427
83 65 39.0225
83 67 21.8567
83 70 90.4507
83 88 39.2523
83 120 25.6408
83 124 130.4
83 138 10.9624
84 6 35.1069
84 19 26.5287
84 25 49.7863
84 27 56.3414
84 51 85.3431
84 125 62.8593
84 134 20.9501
85 18 74.6663
85 45 97.521
85 64 22.9376
85 69 86.9018
85 109 35.2173
85 114 59.769
85 127 7.03527
85 136 29.4541
86 6 18.0509
86 87 7.94943
86 98 58.4197
86 102 24.6866
86 144 53.368
87 3 35.6166
87 6 23.0743
87 41 104.893
87 62 104.895
87 68 11.4605
87 73 31.8311
87 75 33.8554
87 95 63.4652
87 110 6.9163
87 116 2.10415
87 118 46.9468
87 123 50.3442
87 125 71.217
88 0 31.0248
88 3 49.1728
88 31 13.1665
88 38 14.7021
88 48 24.4583
88 61 80.0966
88 81 133.785
88 86 27.0782
88 130 39.3248
88 135 85.2134
89 40 72.8749
89 55 39.603
89 64 40.9559
89 84 29.137
89 111 79.9537
89 134 19.7312
90 7 103.091
90 8 89.3246
90 19 27.8841
90 35 36.6522
90 43 93.0447
90 58 14.6539
90 69 41.4487
90 126 9.86939
90 132 62.0801
91 31 11.7616
91 56 89.7391
91 71 101.544
91 83 144.626
91 94 12.1119
92 3 34.2445
92 13 118.465
92 62 107.144
92 71 77.312
92 121 19.9872
92 127 5.85293
92 129 83.3939
93 3 12.1472
93 9 79.6311
93 10 59.3313
93 55 35.5914
93 76 35.4334
93 99 24.4427
93 103 99.9472
93 142 36.7585
94 35 43.3342
94 68 12.2733
94 78 132.91
94 98 80.2348
94 130 40.2044
94 144 57.7297
94 145 3.85366
95 15 18.0465
95 20 47.5084
95 27 85.7652
95 74 78.8107
95 76 35.5276
95 100 34.0048
95 144 48.7227
96 10 40.5448
96 17 29.9339
96 34 69.8393
96 58 8.32225
96 70 114
96 82 15.9216
96 98 33.9405
96 102 22.1749
96 110 16.6728
96 122 41.6402
96 132 63.5857
96 139 88.1538
96 149 106.772
97 4 9.18152
97 18 69.3172
97 53 41.9919
97 67 21.9014
97 84 15.7379
97 93 85.5459
97 115 43.7569
97 120 27.2141
97 138 12.7348
97 141 29.6759
97 143 15.8144
98 8 61.9847
98 13 52.3901
98 54 4.30748
98 57 109.397
98 61 125.735
98 97 52.5128
98 113 53.0999
98 145 2.47603
99 45 99.3314
99 46 114.314
99 79 92.5601
99 80 25.548
99 93 86.5183
99 139 59.5904
99 143 7.55011
100 3 32.3463
100 54 4.14092
100 62 131.511
100 66 43.5025
100 81 88.5051
100 90 96.6503
100 99 28.5505
100 117 127.588
101 33 41.7185
101 36 65.8582
101 96 4.67383
101 112 25.7293
101 133 35.2533
101 142 51.8486
102 10 65.2861
102 13 55.7069
102 38 28.4309
102 60 67.2065
102 87 7.72412
102 136 36.9
103 22 50.1713
103 41 112.641
103 77 58.6069
103 79 59.9394
103 86 17.0951
103 106 36.2484
103 147 62.2125
104 2 94.2902
104 11 71.7567
104 12 4.52612
104 17 30.6081
104 26 95.1753
104 57 98.5524
104 88 22.7995
104 89 39.5826
104 111 49.6156
104 119 26.0784
104 139 17.2436
104 145 3.79311
104 148 118.939
105 4 12.3465
105 6 40.4496
105 42 55.6284
105 81 116.947
105 112 15.3415
105 115 38.0381
105 119 43.1358
105 130 49.3006
106 15 7.22534
106 19 33.3989
106 29 72.2532
106 38 22.0077
106 61 101.252
106 78 93.8032
106 106 39.4116
107 46 79.0101
107 68 18.2756
107 79 76.1243
107 124 68.4952
108 4 9.15001
108 40 76.5521
108 46 91.9637
108 57 64.4276
108 81 108.293
108 96 6.99703
108 100 15.5315
108 132 57.4639
108 148 100.418
109 23 19.9042
109 27 90.0098
109 29 65.8278
109 43 80.2408
109 54 3.14324
109 85 27.1836
109 149 180.151
110 14 71.4618
110 34 37.3937
110 58 18.1956
110 85 65.9804
110 89 46.2967
110 137 62.1696
111 5 52.1846
111 21 4.94345
111 40 55.0104
111 86 22.6546
111 88 50.7872
111 99 23.6859
111 140 84.5777
112 6 14.0011
112 19 38.1183
112 65 28.4141
112 89 32.1851
112 107 31.8669
112 126 5.79968
112 145 2.83917
113 7 87.4926
113 23 24.5989
113 33 31.1882
113 86 23.0051
113 105 25.1975
113 111 60.1505
113 116 2.48464
113 136 26.1259
113 137 59.4497
114 11 92.5189
114 14 49.4441
114 45 106.973
114 68 31.6494
114 80 40.885
114 82 38.2027
114 94 8.21641
114 101 82.5813
114 107 30.2432
114 122 39.9143
115 0 26.4459
115 11 82.2512
115 114 70.2928
115 118 50.5618
115 130 33.6777
115 131 34.6325
115 143 14.2856
116 14 47.4162
116 17 22.522
116 18 81.5154
116 37 61.4244
116 70 133.44
116 77 51.259
116 83 68.254
116 108 39.3307
116 133 36.4426
117 16 100.235
117 50 113.433
117 68 25.7196
117 77 66.9347
117 81 78.2127
117 126 14.2842
117 144 56.04
118 78 92.2643
118 99 18.9846
118 135 56.7496
118 145 3.70039
119 27 71.2299
119 30 60.7107
119 69 58.9616
119 71 76.1259
119 72 95.5049
119 89 52.0914
119 101 68.4042
119 110 10.7861
119 114 37.2736
119 141 21.155
119 147 83.7246
120 7 76.0259
120 64 18.4205
120 83 106.59
120 92 26.1942
120 93 71.3756
120 123 46.611
121 5 39.238
121 36 105.504
121 43 75.719
121 64 28.0686
121 72 45.3638
121 85 45.3616
121 108 46.9196
121 127 5.60333
121 129 86.6937
121 137 77.7726
122 3 38.2481
122 19 30.3212
122 21 5.4861
122 47 47.0705
122 51 98.6773
122 62 97.5642
122 64 43.7708
122 85 23.7114
122 94 9.86284
122 100 27.6856
123 57 71.1695
123 110 6.97911
123 112 21.2775
123 114 42.3444
123 115 45.5683
123 143 3.34196
124 11 71.4665
124 27 47.2919
124 43 36.972
124 57 91.9526
124 60 69.234
124 67 15.7229
124 74 73.7386
124 79 55.8586
124 98 66.135
124 137 95.6431
125 16 81.7029
125 31 24.7749
125 37 88.9021
125 42 47.0214
125 44 67.9244
125 74 91.799
125 91 6.28805
125 125 44.6764
125 131 50.7745
125 134 28.518
125 142 42.7547
126 19 26.5826
126 39 76.9106
126 81 32.6251
126 106 38.23
126 123 50.8223
126 140 77.7585
127 10 38.7047
127 16 119.748
127 49 68.3266
127 59 42.1061
127 64 25.0651
127 75 37.9426
127 87 8.9331
127 88 40.5004
128 29 60.7844
128 77 64.1901
128 120 31.695
128 125 65.9236
128 149 102.214
129 3 33.8236
129 4 10.2668
129 11 91.8008
129 41 83.1257
129 52 100.753
129 57 100.059
129 71 92.8059
129 73 37.853
129 74 70.2602
129 76 32.629
129 115 14.5584
129 136 32.3792
129 148 79.1286
130 81 118.616
130 99 32.5339
130 105 65.0735
130 119 40.3498
130 123 51.5154
131 18 68.75
131 58 16.5066
131 123 45.3372
131 132 69.2697
132 5 52.9684
132 11 65.1214
132 18 92.2431
132 41 103.486
132 42 63.0731
132 83 131.36
132 93 87.6685
132 96 7.29555
132 101 54.7189
132 109 27.3252
132 140 72.0253
132 142 56.7473
133 5 38.388
133 20 71.4631
133 65 32.2793
133 83 111.073
133 101 69.9022
133 138 12.2237
134 1 62.3492
134 2 69.3866
134 23 28.2043
134 49 81.0423
134 65 26.1329
134 75 37.1818
134 88 38.0335
134 98 104.357
134 145 2.81424
135 24 63.0472
135 41 79.1471
135 51 76.0255
135 60 70.7858
135 74 26.0141
135 75 30.2605
135 94 8.21377
135 143 12.3062
136 6 43.6552
136 20 35.8594
136 43 92.6292
136 63 3.34605
136 86 18.1329
136 92 16.3382
136 116 2.06159
136 120 22.6423
137 20 41.2608
137 25 55.8557
137 27 63.2836
137 58 12.6442
137 78 95.1818
137 91 6.37848
137 100 25.2214
137 110 7.17532
137 138 13.6293
138 26 72.026
138 58 15.523
138 73 42.253
138 95 58.3455
138 97 71.6707
138 98 61.9495
139 22 44.5091
139 38 46.1027
139 64 23.1548
139 70 111.041
139 73 28.2867
139 76 24.1823
139 80 23.9932
139 102 20.4368
139 113 60.0842
140 30 97.0551
140 46 91.4079
140 86 32.8446
140 98 73.9476
140 104 7.05411
141 45 118.064
141 84 24.6611
141 147 65.9226
142 3 21.5658
142 12 2.54887
142 18 71.3682
142 19 33.1392
142 42 34.7937
142 47 84.5839
142 57 63.5051
142 71 98.2534
142 100 19.2987
142 102 17.4107
142 121 31.9823
142 138 13.4107
143 21 3.69197
143 45 102.794
143 62 64.1684
143 66 38.779
143 76 30.3827
143 78 107.187
143 94 8.1877
143 95 57.9541
143 103 100.589
143 122 56.734
144 3 33.6529
144 15 13.5999
145 6 35.3191
145 16 79.9218
145 25 71.9204
145 37 84.7473
145 40 81.467
145 46 68.254
145 59 39.8306
145 99 43.9666
145 108 83.0869
145 142 31.7537
146 28 82.3977
146 38 26.2273
146 45 72.8534
146 51 77.5354
146 62 71.5977
146 66 20.6424
146 93 48.5292
146 114 41.0158
146 121 38.4425
146 137 52.6882
147 2 47.1759
147 10 29.0928
147 18 71.8473
147 25 25.2624
147 34 42.0132
147 86 22.0068
147 102 22.4087
148 2 48.3047
148 16 73.2051
148 27 96.6006
148 32 24.0382
148 39 84.0955
148 56 42.7203
148 80 34.3977
148 111 57.0666
148 120 30.2791
149 4 6.60185
149 19 28.5807
149 52 59.3003
149 55 29.4517
149 58 20.1557
149 65 42.8824
149 82 69.2228
149 106 30.7402
149 108 55.2168
149 110 11.4577
149 121 33.4848
149 134 25.266
149 138 7.75207
