50 50 384
0 2 130.197
0 9 25.8652
0 13 6.29879
0 35 12.4589
0 36 54.0982
0 42 16.1101
0 43 62.4363
1 5 10.4273
1 7 33.5131
1 13 4.86331
1 22 3.92008
1 30 47.4538
1 32 21.583
1 33 100.472
1 46 77.6539
2 0 39.994
2 1 20.0239
2 8 104.431
2 10 48.7799
2 16 31.7608
2 42 11.532
2 45 36.1645
3 2 94.4563
3 4 116.097
3 15 112.503
3 17 37.171
3 21 55.1273
3 22 4.9737
3 24 118.789
3 28 47.4666
3 31 2.09183
3 42 14.9777
3 49 21.5756
4 0 40.2722
4 13 4.15477
4 17 66.8203
4 29 5.96151
4 32 23.6964
4 35 12.2528
4 42 20.5638
5 10 26.9996
5 18 41.0575
5 24 82.916
5 36 94.6777
5 40 53.6764
5 43 127.582
6 20 53.3905
6 25 41.8953
6 30 108.01
6 35 11.5608
6 39 67.629
6 44 2
6 47 23.0064
6 49 17.6962
7 11 58.7496
7 26 66.8323
7 36 81.0881
7 42 15.8885
7 43 68.1448
8 12 37.6656
8 16 34.6787
8 24 78.0619
8 30 107.121
8 41 70.1146
8 43 66.6907
8 44 2.1255
8 46 90.9126
9 4 101.624
9 12 33.3709
9 20 57.8458
9 25 31.5848
9 27 120.788
9 30 113.115
9 35 6.04662
9 41 124.306
9 47 18.3453
10 17 47.9006
10 18 32.053
10 24 96.014
10 26 71.7816
10 30 101.755
10 41 99.8619
11 3 45.4081
11 5 109.962
11 8 92.073
11 19 26.1915
11 30 123.333
11 32 15.1735
11 34 28.5379
11 41 114.742
11 49 11.5065
12 23 53.2738
12 29 7.50238
12 31 2.10553
12 46 82.7214
12 47 30.7437
12 48 115.28
13 0 52.952
13 21 58.3759
13 23 65.9383
14 0 53.6087
14 8 118.327
14 19 41.5177
14 20 97.4721
14 22 3.09885
14 27 134.907
14 34 50.2489
14 39 32.5361
14 44 2.00764
15 4 55.2486
15 5 137.064
15 10 36.9233
15 14 22.5152
15 20 83.7963
15 22 3.47592
15 28 33.7309
15 34 57.8903
15 38 67.6759
15 39 59.0923
15 40 54.2456
15 47 26.5719
16 9 20.3803
16 32 30.7711
16 34 55.2652
16 36 121.021
16 40 52.8859
16 41 78.2584
16 43 71.0746
16 45 35.6116
16 48 125.405
17 4 103.004
17 26 92.7291
17 33 112.342
17 39 56.3894
17 48 73.9561
17 49 10.6162
18 14 27.6041
18 23 84.9127
18 24 76.7732
18 29 6.56769
18 30 72.9266
18 44 2
19 8 68.5487
19 9 19.9972
19 11 75.1407
19 13 6.12907
19 22 3.19664
19 27 104.314
19 39 56.4855
19 44 2
19 47 24.3394
19 48 73.5971
20 10 49.2649
20 13 4.67391
20 19 52.2165
20 21 68.4876
20 24 85.4767
20 29 6.15502
20 30 109.742
20 33 97.4424
20 48 90.8766
21 0 49.7604
21 1 16.2186
21 2 67.023
21 7 66.0822
21 32 32.8334
21 48 119.556
22 6 135.875
22 11 51.3261
22 28 40.2547
22 43 94.9161
23 7 48.8023
23 15 92.0242
23 23 48.0569
23 26 94.3808
23 27 100.693
23 33 84.1355
23 43 80.373
24 5 58.4712
24 8 76.5563
24 11 63.7679
24 15 129.905
24 16 31.2708
24 17 19.9496
24 28 87.7295
24 31 2.11716
24 40 69.1222
24 44 2
24 46 86.394
24 49 9.91005
25 9 22.6631
25 11 61.9116
25 22 3.84675
25 35 6.31536
25 37 40.6388
25 48 74.2356
26 2 89.2331
26 12 31.3435
26 24 57.2415
26 25 23.5179
26 29 9.80374
26 32 23.9901
26 34 11.9952
26 49 11.8593
27 20 63.3582
27 22 5.53193
27 24 22.1431
27 35 7.34324
27 37 32.4491
27 41 87.5153
27 46 76.0706
28 3 43.8094
28 9 27.7811
28 11 86.7266
28 18 43.3145
28 23 58.0425
28 41 73.0953
28 42 13.919
29 1 18.6771
29 4 111.866
29 6 114.948
29 7 42.7343
29 24 45.984
29 25 39.9051
29 30 78.9285
29 41 95.5945
29 47 27.6928
30 6 80.9943
30 7 43.0791
30 13 5.84502
30 15 97.8037
30 19 47.5409
30 24 97.0231
30 34 43.1452
30 47 21.9694
31 11 66.8552
31 19 38.3839
31 24 76.0283
31 26 72.5319
31 29 7.97502
31 32 22.8603
31 39 57.1003
31 43 91.9139
32 5 99.5864
32 9 14.804
32 15 69.7046
32 17 38.2527
32 19 29.8871
33 0 41.9529
33 3 40.0008
33 4 124.738
33 27 107.582
33 42 14.0094
33 43 61.7776
33 47 27.2487
34 1 21.4519
34 4 72.2962
34 15 93.2744
34 16 24.122
34 25 24.0026
34 27 42.1301
34 28 59.2896
34 30 97.735
34 31 2
34 38 57.0595
34 39 65.0158
34 41 86.8356
34 44 2
34 46 71.2979
35 16 31.6622
35 18 39.4711
35 23 93.1703
35 25 28.8634
35 37 36.3074
35 42 17.9729
35 49 13.754
36 4 69.268
36 18 35.9227
36 22 5.0665
36 42 15.203
36 49 17.8034
37 4 73.8651
37 8 71.5284
37 9 23.748
37 19 47.9402
37 25 42.9291
37 27 95.2667
37 30 101.251
37 39 57.727
37 42 16.1844
37 43 66.0807
37 44 2.01925
38 17 63.8876
38 25 29.6416
38 32 15.7783
38 44 2
39 8 92.3708
39 20 72.7709
39 22 3.7719
39 27 105.588
39 44 2.19669
40 7 36.1507
40 8 43.0052
40 10 66.6918
40 12 41.1284
40 15 73.0963
40 22 3.31756
40 30 95.7385
40 35 10.9809
40 37 27.1449
40 38 53.9939
40 41 115.68
40 49 12.8727
41 2 93.1756
41 6 62.9343
41 9 17.1744
41 19 46.7143
41 37 23.5266
41 41 67.4847
41 47 31.467
42 0 63.522
42 5 78.7847
42 11 37.4455
42 13 6.98978
42 14 26.6255
42 17 64.0563
42 22 3.40398
42 26 79.5759
42 30 83.1271
42 34 33.0613
42 35 9.94287
42 42 14.1948
42 46 88.1978
42 49 14.6346
43 1 19.7401
43 6 134.231
43 7 37.8487
43 23 74.9076
43 28 47.2037
43 30 93.7603
43 32 18.9348
43 37 38.9001
43 49 9.99721
44 10 43.4903
44 14 24.6579
44 16 25.4143
44 18 38.1187
44 21 63.7531
44 40 69.9873
44 47 17.0218
45 2 110.237
45 3 54.4856
45 11 70.6307
45 21 71.2319
45 23 64.8447
45 39 72.7351
45 45 46.6642
45 49 21.3346
46 2 67.5146
46 18 47.2961
46 19 51.3621
46 33 120.575
47 22 3.80973
47 41 127.724
47 47 28.9645
47 48 92.114
48 0 75.5414
48 1 14.3691
48 3 31.0533
48 4 72.5182
48 6 90.1328
48 12 35.4572
48 18 21.2283
48 19 28.8793
48 20 49.4169
48 27 104.068
48 35 7.21854
48 37 27.4365
48 41 91.0664
49 15 122.882
49 23 86.0015
49 37 36.8649
49 42 18.5625
49 49 13.7593
