250 250 1882
0 22 81.3561
0 34 103.382
0 39 7.55519
0 54 59.109
0 57 21.6728
0 73 53.1391
0 95 90.9594
0 96 60.0204
0 104 20.8809
0 140 48.7066
0 147 67.4035
0 164 77.4327
0 201 91.8356
1 55 17.9974
1 132 134.551
1 182 3.44508
1 218 21.67
1 245 25.5343
2 9 35.7282
2 47 24.5775
2 116 25.4977
2 125 81.56
2 165 48.1845
2 190 57.9865
3 22 73.312
3 99 59.4421
3 197 6.51411
4 36 26.2901
4 42 105.524
4 63 92.1247
4 76 98.8737
4 92 40.6302
4 120 116.477
4 156 74.7365
4 171 151.652
4 212 48.2219
4 223 37.9801
4 241 20.6145
4 245 35.3192
5 19 5.16129
5 20 48.1645
5 50 51.6183
5 58 59.9283
5 73 90.0421
5 77 26.1254
5 150 25.2792
5 170 27.7141
5 172 58.7462
5 212 46.2705
6 128 13.0181
6 130 61.8085
7 16 17.5616
7 33 28.85
7 43 64.6395
7 125 92.7244
7 151 23.096
7 207 42.2645
7 221 2.94141
7 241 25.4424
8 46 2.51204
8 57 29.0099
8 62 50.0128
8 101 52.4269
8 114 45.2868
8 118 2.21813
8 120 68.9846
8 135 12.7676
9 51 16.0543
9 79 32.997
9 86 27.1279
9 134 125.155
9 178 54.9952
9 182 3.93164
9 184 87.6808
9 199 18.4808
9 243 7.94446
10 32 6.783
10 61 28.671
10 80 36.6803
10 93 14.6068
10 94 108.879
10 114 60.9541
10 142 12.3992
10 169 28.8278
10 170 21.5856
10 177 3.6323
11 17 47.0912
11 20 76.4372
11 63 69.0282
11 99 70.6903
11 109 110.606
11 110 21.5711
11 185 59.864
12 10 22.586
12 24 25.535
12 75 93.7497
12 80 29.1482
12 125 73.7209
12 169 25.453
13 30 31.0051
13 59 46.4406
13 65 25.6072
13 76 94.5589
13 95 77.6561
13 103 16.7446
13 137 78.4162
13 167 50.7049
13 211 18.9311
13 225 113.521
13 237 8.66749
14 74 16.9866
14 83 13.7959
14 116 18.9112
14 144 46.6137
14 149 2
14 160 2.06719
14 185 64.1409
14 186 94.6988
14 201 104.275
14 228 71.1843
14 238 11.1466
14 249 74.8812
15 10 27.4523
15 125 66.6382
16 5 10.1462
16 56 43.1638
16 66 61.3671
16 92 34.2993
16 129 34.6184
16 141 47.9598
16 154 60.5868
16 169 22.9826
16 227 53.7154
17 18 103.255
17 23 45.3979
17 84 44.8926
17 97 50.4288
17 200 33.9962
17 222 80.6633
17 224 29.9915
18 41 31.1516
18 68 21.8821
18 70 89.9649
18 104 17.1172
18 172 68.1599
19 15 4.05047
19 24 30.8799
19 73 80.4067
19 78 8.36547
19 165 43.1345
19 196 93.6421
19 197 19.7255
19 199 32.6664
20 72 32.1442
20 132 72.6248
20 152 40.1537
20 190 54.01
20 196 97.0675
20 225 74.5869
20 239 30.3055
21 41 22.0786
21 44 24.8475
21 49 88.1399
21 149 2
21 217 70.6114
21 228 80.0431
21 247 110.059
22 33 24.5725
22 34 75.8458
22 51 17.0632
22 78 9.30615
22 160 2.13468
22 214 95.6265
23 18 73.8324
23 91 22.873
23 124 72.5968
23 158 32.8956
23 184 79.7058
23 211 30.9895
24 35 105.752
24 51 17.0849
24 60 75.2116
24 80 46.9123
24 117 61.4909
24 118 2.11772
24 130 69.8047
24 145 84.1231
25 0 39.2843
25 24 45.8828
25 42 93.3945
25 86 25.1546
25 179 46.5869
25 208 20.133
25 236 4.71057
25 241 19.9001
26 53 90.4055
26 62 54.3569
26 75 56.5368
26 89 4.71168
26 146 2
26 160 2
26 170 37.6028
26 207 29.7653
26 217 78.2849
26 224 63.7805
26 231 7.15275
26 241 25.7187
26 247 50.8474
27 0 42.5025
27 39 5.30691
27 46 3.56386
27 50 20.8007
27 57 18.8846
27 62 45.6229
27 83 12.3709
27 123 9.83113
27 164 112.881
27 170 26.6712
27 189 7.02142
27 222 60.2806
28 0 31.1547
28 53 102.161
28 103 14.291
28 118 2.18695
28 153 16.3523
29 8 80.4909
29 139 71.6976
29 232 54.8584
30 8 82.1663
30 13 117.305
30 25 40.8478
30 72 32.94
30 97 35.9298
30 110 40.8531
30 130 58.8368
30 142 11.4498
30 187 46.8415
30 189 8.20261
31 29 47.7384
31 60 41.0954
31 69 29.3066
31 94 74.2565
31 191 3.21893
31 224 26.3391
32 20 55.279
32 93 8.9483
32 117 67.3775
32 127 8.23344
32 172 56.2881
32 188 2
32 201 78.5995
32 241 20.9923
33 7 8.59317
33 30 50.1521
33 39 6.80879
33 89 7.31651
33 112 47.2224
33 169 18.1871
34 1 60.8247
34 159 105.855
34 172 88.5511
34 249 60.8329
35 27 69.2681
35 32 7.46358
35 43 74.9618
35 111 30.5346
35 112 65.4288
36 29 54.5748
36 57 23.2528
36 114 73.1175
36 131 57.2024
36 191 3.69281
36 198 86.8344
36 203 86.6997
36 241 33.2014
37 9 20.2884
37 20 46.0582
37 31 9.61439
37 72 61.291
37 145 31.6808
37 151 33.4242
37 196 100.344
37 249 60.7386
38 67 101.324
38 112 53.2816
38 121 57.2562
38 134 71.0989
38 143 7.94452
38 183 45.4911
38 211 21.3746
39 9 37.2299
39 34 94.9274
39 62 71.073
39 75 88.0933
39 81 46.2974
39 82 48.5014
39 111 62.1277
39 123 27.5229
39 124 78.0149
39 137 65.3057
39 155 22.1528
39 165 52.6117
39 236 6.58452
39 248 79.8541
40 10 47.3348
40 13 57.3812
40 177 4.73536
40 183 89.7827
40 186 71.0101
40 204 41.2887
41 23 52.6584
41 50 23.6882
41 96 53.4395
41 100 79.5907
41 102 19.1721
41 133 117.008
41 142 15.7922
41 143 12.6272
41 153 15.8053
41 179 65.1741
41 202 19.7083
42 14 20.4666
42 38 88.6961
42 47 24.9574
42 51 18.0476
42 53 78.2797
42 75 73.1475
42 90 85.8848
42 156 105.394
42 159 81.0988
42 185 71.0656
42 228 70.7044
43 5 15.2855
43 32 4.86931
43 78 8.91338
43 82 52.9429
43 85 18.9174
43 246 42.7377
44 57 18.1519
44 69 36.7682
44 203 100.314
45 61 29.5357
45 69 29.6985
45 74 21.7464
45 111 62.0694
45 117 89.2878
45 140 48.4158
45 159 92.7696
45 220 69.4384
45 229 39.4323
46 51 14.8064
46 106 78.6138
46 209 37.203
47 49 74.5249
47 53 94.9745
47 60 76.6899
47 61 35.7017
47 189 9.68183
47 247 64.8523
48 15 4.50517
48 44 6.06103
48 50 46.9865
48 62 63.8324
48 120 64.0402
48 121 51.9534
48 237 5.09934
48 247 107.032
49 55 8.0628
49 113 111.953
49 115 105.546
49 127 14.8627
49 138 7.6704
49 210 14.3292
49 245 35.5302
50 23 67.6328
50 74 42.0424
50 132 84.6649
50 159 98.2421
50 160 2
50 161 3.92629
50 216 73.0798
50 220 65.4895
50 234 6.5633
51 11 85.6155
51 43 93.9057
51 136 26.9077
51 143 15.1623
51 155 19.4459
51 208 18.9925
51 218 22.3162
52 34 103.314
52 64 65.2054
52 65 37.2204
52 93 3.69765
52 101 41.8592
52 123 12.0855
52 133 110.179
52 136 49.7247
52 142 24.0854
52 172 61.1163
52 195 7.39312
52 231 12.3298
53 15 5.41582
53 33 13.2635
53 59 39.2037
53 85 48.2207
53 88 51.2271
54 24 36.9155
54 29 43.9061
54 68 28.7158
54 72 33.3998
54 85 23.1975
54 241 24.1536
55 27 64.5216
55 53 31.0276
55 124 51.2044
55 146 2.04512
55 176 16.8076
55 202 15.58
55 206 2.0818
56 92 27.9409
56 129 67.5935
56 204 22.1798
57 63 79.3246
57 91 18.3148
57 100 91.7137
57 122 71.7901
57 170 33.011
57 184 115.158
57 213 8.50425
58 32 7.21203
58 42 79.2292
58 57 18.3563
58 69 29.6887
59 6 3.06468
59 59 52.357
59 93 14.1331
59 99 43.9186
59 124 79.7684
59 152 57.0446
59 159 100.979
59 232 31.5827
60 10 40.6628
60 39 6.98338
60 47 40.9482
60 103 16.8547
60 117 104.763
60 129 22.9494
60 146 2
60 157 23.9506
60 223 68.6226
60 229 67.6461
61 14 19.5048
61 116 17.0501
61 126 100.156
61 128 8.06585
61 140 83.1601
61 202 27.4196
61 211 27.6022
61 229 39.4356
61 243 7.16906
62 138 10.1322
62 152 70.3183
62 210 13.1233
62 246 36.508
63 3 58.1488
63 34 93.0031
63 72 37.8352
63 120 130.296
63 124 46.9467
63 167 56.6715
63 175 4.77313
63 246 41.1814
64 10 46.1542
64 50 37.5919
64 54 57.3883
64 56 67.503
64 69 35.3112
64 120 57.0041
64 171 113.476
64 212 49.6533
64 224 59.0622
65 94 59.3352
65 102 14.7858
65 109 94.4202
65 165 54.8802
65 193 64.6645
65 209 68.411
65 232 27.4941
66 11 66.0068
66 24 39.6878
66 56 52.0473
66 66 48.7397
66 71 22.624
67 9 46.405
67 22 47.2299
67 79 39.8214
67 98 70.4344
67 116 22.2271
67 140 72.066
67 143 9.47613
67 179 68.2882
67 209 81.0146
67 246 34.0734
68 39 4.7122
68 76 71.4414
68 110 25.8067
68 158 27.8469
68 162 77.2397
68 173 32.8053
68 181 115.736
68 234 8.14068
69 8 70.2033
69 13 110.525
69 18 106.605
69 53 132.734
69 72 60.0751
69 121 52.5688
69 156 76.1134
69 195 8.50458
70 18 76.4986
70 20 36.846
70 22 51.6922
70 84 37.2734
70 117 61.9043
71 40 34.7489
71 69 29.8376
71 89 4.65157
71 179 71.7704
71 236 5.38986
72 6 3.01089
72 42 105.485
72 46 2.76351
72 84 66.9338
72 134 78.841
72 135 10.992
72 157 56.7578
72 159 77.329
72 228 73.8938
72 231 9.85504
73 0 34.1743
73 32 6.77846
73 35 59.8934
73 54 72.648
73 67 58.215
73 72 52.8681
73 76 138.123
73 96 46.0813
73 108 15.1927
73 138 12.1383
73 248 67.2635
74 53 114.366
74 62 49.2106
74 96 48.996
74 115 102.825
74 167 63.6509
74 223 97.1258
75 20 44.0244
75 24 38.8055
75 29 31.4545
75 95 75.8882
75 141 55.5213
75 229 46.6781
76 3 69.1917
76 18 83.0325
76 40 23.7811
76 60 60.7163
76 85 28.6396
76 124 56.0649
76 136 50.5532
76 148 66.2464
76 158 18.695
76 239 30.8942
76 247 78.7715
77 42 110.778
77 153 12.4972
77 161 6.59577
77 197 13.9666
78 9 52.6661
78 63 72.4614
78 64 35.7901
78 77 54.6212
78 87 13.7165
78 103 12.9432
78 127 11.7082
78 160 2
78 176 14.5788
78 197 12.2781
78 232 30.6384
79 26 40.6381
79 50 40.3618
79 71 42.8989
79 87 14.0403
79 116 20.0374
79 145 41.5174
79 174 4.32091
79 222 90.7249
79 240 77.933
80 6 2.73548
80 26 64.3295
80 56 92.1415
80 65 31.9044
80 67 99.596
80 81 48.1021
80 194 84.015
80 229 60.1534
81 56 75.1375
81 59 43.8996
81 105 51.7886
81 159 137.243
81 239 28.5396
82 93 8.26331
82 125 90.3445
82 175 5.73738
82 240 85.2143
83 22 42.1581
83 23 76.7377
83 28 71.2059
83 71 37.4064
83 85 34.1144
83 112 42.9406
83 163 108.249
83 175 3.77591
83 183 75.848
83 230 56.5358
83 244 35.7249
84 5 10.3709
84 30 21.6816
84 86 14.7767
84 101 26.6507
84 158 33.6623
84 177 4.42882
84 189 5.81555
84 219 65.1605
85 7 8.39333
85 25 72.8804
85 28 87.2258
85 33 21.3893
85 88 75.0907
85 103 17.4388
85 118 2.02301
85 144 55.1879
85 154 38.5545
85 164 86.0323
85 179 69.7986
85 188 2
85 195 7.04362
85 244 25.2478
86 20 51.997
86 21 89.253
86 53 107.41
86 74 60.6042
86 111 45.6236
86 142 15.1087
86 175 4.4841
87 23 54.6535
87 117 96.013
87 130 69.5292
87 134 95.5396
87 165 72.4204
87 241 17.9471
88 24 37.5812
88 70 86.7582
88 77 45.8534
88 87 13.8781
88 96 44.0216
88 121 79.6868
88 163 56.9404
88 190 70.0664
88 195 10.8787
88 230 37.4067
88 248 84.4373
89 10 34.3256
89 60 58.3343
89 69 11.9875
89 95 130.268
89 126 86.5932
89 156 74.1979
89 167 38.4651
89 214 109.467
89 229 35.6052
89 247 106.095
90 30 54.253
90 62 52.4255
90 124 47.1185
90 163 93.7718
90 189 8.52474
90 212 51.7319
90 227 45.8275
90 230 91.9154
91 12 68.337
91 29 24.785
91 92 39.4284
91 98 64.6037
91 100 33.8567
91 148 73.7353
91 172 85.4116
91 176 18.7493
91 189 7.13433
91 236 5.72842
92 0 27.9055
92 4 86.2939
92 35 84.0995
92 49 60.9483
92 152 70.1313
92 175 5.08583
92 186 91.5332
92 187 119.363
93 112 53.3477
93 118 2.36363
93 157 40.7404
93 165 59.1582
93 185 56.7078
93 212 45.9757
93 216 59.5713
93 221 2.21488
93 236 6.35628
94 29 45.737
94 49 83.5287
94 52 128.956
94 74 62.0156
94 148 90.38
94 164 132.155
94 202 20.0137
94 220 76.5129
94 227 37.1182
94 245 24.0892
95 25 63.3836
95 80 32.3833
95 91 11.2622
95 105 69.4674
95 161 5.31285
95 182 2.74355
96 31 15.1383
96 78 7.36364
96 95 60.7593
96 124 90.9515
96 139 60.0026
96 195 10.9587
97 21 95.9747
97 95 46.5538
97 96 36.8349
97 115 71.3968
97 172 49.4855
97 181 96.0662
98 136 72.3131
98 183 79.6873
98 190 74.3013
98 202 6.83018
98 245 38.6844
99 111 67.4978
99 120 106.357
99 129 64.3564
99 196 100.649
99 207 30.2968
99 231 5.32879
99 244 37.2976
100 49 73.5652
100 105 65.221
100 115 59.056
100 148 58.0403
100 181 72.1538
100 194 93.9407
100 201 107.447
100 223 60.8569
100 245 17.9229
101 1 57.9343
101 5 15.9688
101 6 3.22902
101 53 82.3213
101 88 19.8893
101 122 80.1854
101 153 14.7656
101 170 24.8399
101 193 50.2213
102 6 2.91583
102 68 31.8969
102 83 15.0078
102 104 18.9062
102 109 102.26
102 174 3.37443
102 249 64.3157
103 35 59.828
103 57 40.9772
103 90 52.6844
103 98 57.4227
103 100 79.8814
103 130 56.3846
103 159 71.2674
103 246 54.6927
103 247 61.8649
104 38 122.071
104 60 60.2813
104 108 9.87002
104 171 111.66
104 206 2
104 236 5.42815
104 240 55.0501
105 8 79.9628
105 71 42.3843
105 125 53.0479
105 139 94.3661
105 144 36.9862
106 21 79.2247
106 68 16.6618
106 186 61.8123
106 188 2.37484
107 27 59.4075
107 35 87.7652
107 52 102.898
107 85 27.0789
107 125 61.2243
107 137 42.0195
107 171 67.6399
107 178 56.9703
107 185 49.4803
107 223 109.887
108 40 32.7527
108 73 43.354
108 148 56.4912
108 213 12.2468
109 1 100.571
109 38 99.4637
109 169 16.4418
109 172 46.6541
109 226 118.325
109 232 34.4676
109 237 7.40809
109 240 33.5197
110 24 35.561
110 37 115.059
110 58 90.0748
110 109 122.718
110 110 39.4957
110 170 29.4518
110 182 4.00596
110 249 55.2985
111 26 36.2897
111 48 78.7261
111 62 73.7628
111 64 65.83
111 73 54.9994
111 92 33.9616
111 114 76.2687
111 116 17.1724
111 163 116.971
111 179 53.3352
111 207 59.9656
111 241 21.8259
111 245 26.8566
112 25 77.0447
112 58 80.6054
112 70 76.3264
112 96 45.2101
112 121 48.1624
112 122 84.2721
112 146 2.10701
112 198 78.4706
112 213 15.0633
112 243 8.09201
113 14 24.4923
113 21 114.197
113 68 21.5997
113 73 73.6973
113 87 9.41523
113 105 73.1876
113 157 42.4146
113 171 114.195
113 194 83.1143
114 12 60.8962
114 28 104.724
114 37 82.3868
114 81 33.887
114 148 54.1635
114 183 53.2617
114 185 45.4145
115 47 42.4738
115 54 72.8577
115 97 34.7015
115 108 15.4203
115 134 85.6255
115 180 6.62068
115 219 59.3758
115 222 51.1816
116 10 31.9674
116 49 53.4421
116 64 58.973
116 70 105.518
116 193 37.8219
116 208 26.3101
116 214 61.9412
116 249 37.9106
117 29 36.8914
117 47 51.159
117 93 13.1207
117 117 70.46
117 129 34.4647
117 136 73.0808
117 141 59.5053
117 204 28.1808
117 239 24.1982
117 244 37.2536
118 68 19.9899
118 134 136.002
118 136 41.0403
118 144 38.8485
118 156 81.7333
118 185 69.0604
118 189 4.71312
118 200 37.6624
118 201 109.547
118 208 31.1734
118 228 75.5948
118 233 59.2504
118 238 11.2943
119 2 70.323
119 5 19.2952
119 121 46.2622
119 128 12.5493
119 148 49.971
120 8 89.0635
120 39 6.58092
120 49 77.719
120 72 73.8996
120 112 58.4071
120 124 72.8014
120 180 4.2282
120 187 48.1162
120 219 48.8909
121 31 9.05169
121 56 42.5789
121 86 20.5781
121 169 16.1596
121 184 43.9768
121 192 10.2715
121 205 16.2487
121 210 10.8138
121 227 58.9951
121 239 32.888
122 52 77.3507
122 60 73.9416
122 89 5.76744
122 105 68.3322
122 133 75.9035
122 169 22.6775
123 29 28.4489
123 123 24.5475
123 172 38.0753
123 198 93.5248
123 222 45.5721
124 29 52.4529
124 55 15.0348
124 64 46.7545
124 84 46.6956
124 101 23.1637
124 128 9.03869
124 139 82.9664
124 172 58.0428
124 175 4.75771
124 190 67.4166
124 198 60.6598
124 202 23.7936
124 203 103.957
124 241 21.4755
125 47 34.6782
125 57 27.3908
125 82 58.8349
125 87 14.2226
125 97 30.5955
125 184 98.4975
125 228 104.935
125 230 85.6658
126 7 9.68349
126 17 42.5914
126 109 130.384
126 115 77.6833
126 185 47.5793
126 204 39.1586
127 36 23.9317
127 61 37.6837
127 103 13.7369
127 109 75.8147
127 151 45.2463
127 165 56.5105
127 167 37.941
127 188 2
127 200 27.996
128 42 56.6261
128 45 15.7415
128 67 101.444
128 93 7.80644
128 131 67.7755
128 204 30.9725
128 244 25.5192
128 246 71.6473
129 12 79.3091
129 76 113.823
129 83 9.88694
129 87 8.97545
129 92 35.8058
129 122 84.4942
129 168 28.4815
129 191 2.07462
129 246 54.2267
130 138 11.6639
130 143 12.7866
130 154 42.8081
130 167 37.5315
130 197 8.02387
130 204 39.1813
130 209 54.9822
131 18 51.0008
131 33 17.9616
131 66 57.0524
131 81 64.4439
131 100 91.764
131 116 18.8247
131 139 62.873
131 192 13.8814
131 230 88.9455
132 38 60.6743
132 65 32.532
132 81 45.4586
132 156 103.136
132 161 8.19649
132 185 54.6378
132 192 12.0734
133 21 111.692
133 46 2.65249
133 97 22.0645
133 103 17.9286
133 124 69.131
133 204 34.4808
133 205 22.0788
133 215 35.877
134 114 41.8071
134 118 2
134 134 91.6513
134 153 18.2561
134 174 4.08303
134 206 2
134 211 25.5079
135 2 91.9913
135 26 36.8866
135 99 36.5621
135 125 69.925
135 177 5.24537
135 195 10.0458
136 22 26.1134
136 55 14.2832
136 75 75.5706
136 84 57.6068
136 127 10.9806
136 167 64.1042
136 177 3.11132
137 8 66.8512
137 44 17.329
137 79 35.7765
137 92 40.7711
137 99 75.9448
137 118 2
137 174 4.31585
137 217 59.5118
137 231 10.4468
137 249 98.9554
138 39 6.6678
138 70 30.7009
138 84 41.6392
138 89 5.95214
138 122 87.4583
138 123 25.9701
138 220 36.7288
138 237 7.3848
139 0 28.263
139 19 5.78055
139 24 22.3649
139 27 59.2494
139 53 98.2491
139 82 64.3658
139 98 77.4619
139 100 65.1935
139 138 12.2469
139 206 2.2362
139 210 13.0059
139 225 46.7231
140 130 74.6835
140 244 40.6499
141 5 6.76895
141 35 58.6189
141 36 28.2318
141 69 36.5797
141 79 43.8528
141 153 17.1995
141 162 59.6852
141 170 20.5768
141 185 86.077
141 242 48.184
141 244 44.7174
142 48 76.115
142 83 13.1225
142 100 31.4738
142 212 50.3575
142 241 20.1933
143 170 29.223
143 204 30.8478
143 244 32.7977
144 13 136.813
144 31 15.1088
144 54 71.6802
144 69 15.4918
144 84 68.0309
144 87 15.9395
145 36 26.0064
145 46 3.19896
145 61 33.787
145 94 99.7069
145 248 104.895
146 59 58.8684
146 102 21.2893
146 118 2
146 124 49.8617
146 134 80.9094
146 146 2
146 147 57.3129
146 202 14.4913
146 222 70.8513
147 6 2.79517
147 21 47.9538
147 45 11.5734
147 60 79.6642
147 93 9.86897
147 98 57.5051
147 139 71.4314
147 173 55.8848
147 185 51.1847
147 191 2.59208
147 214 31.6582
147 215 41.6797
148 3 86.9057
148 93 8.38579
148 134 72.5656
148 144 43.9339
148 171 77.2116
148 195 8.29892
148 196 109.486
148 207 53.3084
148 230 63.2188
149 20 43.1035
149 113 107.416
149 130 57.8893
149 143 10.0521
149 195 12.0787
149 234 8.20444
149 238 15.1432
150 7 8.37443
150 9 40.5559
150 115 135.945
150 125 62.5547
150 154 47.1171
150 187 71.2522
150 221 2.25718
151 56 76.0592
151 89 4.48158
151 123 20.3229
151 139 83.5096
151 149 2
151 182 4.17426
151 186 72.6576
151 249 122.768
152 26 64.4439
152 38 89.6138
152 78 9.04374
152 81 40.3922
152 113 80.9631
152 136 64.8324
152 193 35.3144
152 215 55.56
152 220 46.5776
152 222 66.4843
152 237 7.88097
153 6 2.85607
153 67 75.5122
153 152 68.3463
153 195 7.52885
153 199 18.2376
153 212 27.4577
154 57 33.641
154 112 54.0455
155 23 64.887
155 30 48.6066
155 70 67.8182
155 81 59.3409
155 169 27.3198
155 192 8.38444
155 215 55.8918
155 244 35.6938
156 29 58.2653
156 38 104.343
156 66 54.8683
156 75 53.9535
156 84 38.2829
156 86 25.7416
156 117 96.7895
156 141 37.5111
156 171 105.122
156 172 65.1976
156 214 55.8059
156 219 98.31
156 222 79.1295
157 49 97.6956
157 91 18.4332
157 128 11.7211
157 184 70.0754
157 190 68.5952
157 196 103.174
157 210 13.0413
158 1 70.4428
158 79 40.4473
158 82 69.6739
158 217 63.8923
159 28 102.756
159 49 128.265
159 111 38.4889
159 132 113.197
159 167 45.6195
159 174 2.73681
159 220 61.5393
159 233 62.5805
160 12 87.8342
160 27 36.2058
160 42 88.0654
160 100 70.8243
160 143 16.1337
160 156 91.5664
160 192 9.71316
160 203 117.565
160 217 82.6639
161 8 68.4078
161 93 8.14537
161 115 84.1188
161 168 25.5084
161 177 3.48652
161 200 29.2973
161 249 42.2411
162 19 5.58741
162 23 48.3511
162 53 105.533
162 69 34.0296
162 96 71.8493
162 115 83.0586
162 118 2
162 175 4.38962
162 180 4.12148
162 244 38.645
163 8 68.0041
163 14 18.0237
163 105 77.743
163 116 19.2067
163 125 76.8994
163 160 2.48686
163 216 60.709
163 222 96.862
164 5 7.98399
164 86 25.4583
164 145 56.5259
164 182 4.14131
164 216 100.095
164 225 84.8871
165 43 124.4
165 46 3.21913
165 77 61.5139
165 89 6.91158
165 92 33.0063
165 145 96.1208
165 188 2.13394
165 190 67.8483
165 227 40.8835
166 26 37.4542
166 60 53.1572
166 61 30.3572
166 104 13.2382
166 153 14.82
166 185 50.4657
166 212 31.3497
167 11 107.743
167 80 38.4476
167 92 34.284
167 102 20.2853
167 137 52.6827
167 179 57.8948
167 226 85.1237
167 246 42.1515
168 8 54.0717
168 79 32.0317
168 90 58.2598
168 124 58.3001
168 172 58.759
168 175 3.64424
168 178 43.971
168 217 42.8381
168 225 51.3305
168 231 9.50008
169 3 65.9614
169 92 15.8022
169 197 11.3136
170 60 61.1224
170 75 58.4228
170 81 52.7833
170 111 33.2423
170 154 46.7419
171 1 64.9823
171 15 5.78581
171 40 24.0598
171 46 2.88573
171 76 117.658
171 97 33.3782
171 115 100.639
171 132 140.895
171 147 47.5526
171 186 85.0833
171 190 105.475
172 18 78.5101
172 45 15.0352
172 69 26.4792
172 117 69.0769
172 240 79.6851
172 248 107.355
173 19 4.65678
173 40 30.9237
173 52 111.539
173 75 59.0233
173 107 142.396
173 116 13.0392
173 119 93.7336
173 127 9.31228
173 152 9.84654
173 198 44.1893
173 214 89.2198
173 215 36.3667
173 248 89.8156
174 26 54.0067
174 28 58.7851
174 90 44.2748
174 151 36.6751
174 170 27.7463
174 171 72.6201
174 217 26.2271
175 7 8.74063
175 125 95.8023
175 144 34.3825
175 153 14.7474
176 10 39.6447
176 119 105.903
177 19 8.02099
177 74 30.4404
177 139 73.0933
177 194 121.398
178 11 62.1953
178 40 32.2846
178 59 38.0233
178 73 98.2803
178 231 10.4436
179 9 52.7395
179 34 84.7776
179 50 48.5014
179 54 79.7549
179 66 39.7893
179 71 46.0078
179 72 49.8997
179 211 24.1953
180 55 11.9337
180 76 95.3775
180 123 27.1102
181 11 61.4485
181 99 57.7303
181 122 59.9913
181 125 67.0637
181 145 74.6074
181 245 27.6205
182 10 29.2458
182 19 6.97537
182 40 36.097
182 59 37.0042
182 86 19.4834
182 195 12.132
182 217 72.8697
182 224 58.2908
183 31 12.0016
183 155 18.1744
184 80 38.3502
184 82 59.8165
184 141 35.6841
184 247 97.1462
185 8 101.36
185 124 65.252
185 178 95.369
185 184 158.377
185 201 121.493
186 184 94.9538
186 234 8.20438
186 242 71.2714
186 244 32.9172
187 28 79.4898
187 53 78.041
187 113 131.631
187 172 69.5872
187 221 2.85662
187 230 66.3885
188 11 55.8189
188 39 4.20976
188 43 92.3828
188 56 43.4416
188 128 8.90516
188 131 50.729
188 140 72.6834
188 210 10.5651
188 226 65.3558
189 4 71.0436
189 10 23.3448
189 13 123.381
189 73 62.6881
189 78 10.6793
189 79 34.285
189 84 39.8175
189 109 112.224
189 128 11.2974
189 153 16.8816
189 185 45.127
189 220 98.6856
190 83 14.2112
190 88 57.9134
190 104 13.9096
191 8 115.257
191 26 41.1527
191 67 99.0801
191 126 125.945
191 181 54.5832
191 236 5.71031
192 15 4.63144
192 50 34.7744
192 115 103.201
192 124 50.0173
192 163 83.5088
192 171 112.44
192 237 9.32188
193 7 10.5131
193 60 43.0434
193 64 73.1943
193 115 71.1626
193 175 4.14451
193 239 26.5255
194 0 29.3779
194 58 83.3235
194 64 45.1459
194 132 109.949
194 139 41.8571
194 184 90.1165
194 191 2.86948
194 203 112.953
195 23 77.7876
195 85 36.7284
195 86 23.0233
195 90 56.5833
195 174 3.6996
195 230 66.2287
195 231 12.2738
196 29 34.1986
196 146 2
196 155 27.0273
196 191 2.9001
196 206 2.21126
197 9 32.6837
197 139 47.5251
197 160 2.19647
197 204 33.6444
197 245 12.782
198 47 43.823
198 55 10.3841
198 90 43.2613
198 106 100.861
198 142 19.9592
198 147 40.4173
198 158 26.5098
198 220 57.2344
198 229 53.2981
198 242 38.8151
198 243 8.8667
199 27 75.5427
199 116 18.0475
199 196 139.645
199 210 9.26548
200 41 21.6112
200 78 10.1993
200 97 40.6848
200 119 76.7098
200 125 95.4327
200 188 2
200 201 152.229
200 215 30.5289
201 9 33.0891
201 56 86.8622
201 61 27.2767
201 73 68.8234
201 83 12.9959
201 142 16.4462
201 149 2.50791
201 202 25.4019
201 235 71.9273
202 16 18.8662
202 32 9.03423
202 44 25.7661
202 54 78.4225
202 78 10.9103
202 115 88.3833
202 136 76.308
202 148 52.9009
202 190 71.5978
202 192 14.0959
202 216 57.9989
203 3 95.6875
203 103 12.2666
203 163 146.01
203 213 12.0653
204 16 16.2047
204 227 64.2317
204 239 31.1834
205 26 67.4024
205 93 9.59219
205 101 33.4392
205 110 40.1279
205 128 8.82206
205 146 2.22498
205 191 3.10804
205 203 48.6981
205 227 35.7147
205 238 13.9974
206 25 64.7034
206 39 5.51382
206 60 63.6696
206 110 46.0543
206 114 63.0893
206 133 129.214
206 145 80.44
206 146 2
206 173 50.259
206 183 86.9771
206 212 40.8617
207 106 130.005
207 132 114.367
207 139 57.3846
207 165 30.2572
207 168 28.315
207 172 94.6345
207 227 36.6103
207 238 8.65564
208 4 78.109
208 44 14.3341
208 105 49.3875
208 164 66.1887
208 226 95.0453
209 85 23.2994
209 115 43.2502
209 123 25.8917
209 124 87.6719
209 184 95.7559
209 199 22.4572
209 202 17.9676
209 210 10.5404
209 233 105.421
209 240 54.2126
209 248 106.304
210 52 76.1178
210 63 134.497
210 143 9.86393
210 149 2
210 163 112.028
210 182 2.9421
210 218 23.6765
210 243 7.37279
211 4 80.9268
211 15 5.9343
211 40 25.3833
211 64 47.521
211 66 34.307
211 150 28.0834
211 168 28.6551
211 175 5.32861
211 184 46.3915
211 241 21.7498
212 9 48.314
212 14 24.8861
212 36 37.6898
212 67 77.7647
212 79 44.3881
212 89 6.11176
212 105 92.3953
212 128 4.46881
212 183 66.2307
212 210 15.0511
213 49 94.4639
213 118 2
213 139 75.8723
213 182 3.68797
213 199 25.3389
214 36 33.7323
214 61 28.7479
214 117 91.0968
214 140 72.1677
214 141 61.0003
214 179 63.8185
214 180 2.40401
214 212 47.8682
214 230 68.3707
215 0 15.1723
215 14 36.5749
215 56 60.897
215 89 5.99253
215 100 73.2992
215 103 18.8864
215 113 114.203
215 118 2.2593
215 134 32.246
215 187 72.3795
215 231 12.3877
215 236 4.28625
216 6 2.30127
216 11 72.7251
216 21 68.825
216 27 55.1592
216 54 61.3125
216 76 91.2357
216 100 58.5397
216 127 9.26705
216 139 78.6811
216 196 108.979
216 206 2
216 227 60.3593
217 29 28.8435
217 65 41.7897
217 73 64.0174
217 113 136.691
217 149 2.14357
217 152 61.2117
217 164 73.6585
217 206 2.00034
218 2 83.4507
218 5 10.692
218 59 40.3761
218 73 91.0784
218 90 66.852
218 122 93.391
218 128 8.27414
218 176 14.9979
218 214 86.5011
219 37 83.4577
219 95 101.207
219 132 76.7064
219 202 20.3847
219 239 29.9476
219 247 93.8691
220 12 97.4283
220 26 54.3874
220 60 62.6636
220 74 35.7546
220 83 13.6752
220 104 12.4108
220 122 63.7413
220 133 44.189
220 145 68.4015
220 151 32.8774
221 26 29.4438
221 29 37.2648
221 33 27.8192
221 66 45.9209
221 72 67.7159
221 108 18.4106
221 144 32.8455
221 225 63.572
222 6 3.70928
222 42 99.7746
222 73 59.6302
222 116 15.8444
222 122 61.4848
222 126 30.9037
222 158 34.8645
222 165 56.9298
222 216 66.7983
223 32 10.1263
223 54 78.8981
223 102 17.7768
223 112 31.5688
223 144 19.8233
223 145 72.9384
223 163 92.6332
223 185 55.3154
223 236 7.55784
224 80 30.7308
224 86 31.9309
224 131 82.2154
224 144 36.4941
224 160 2.15857
224 187 63.8214
224 198 85.487
224 204 34.0493
224 220 100.619
224 235 53.4791
225 130 59.4113
225 133 114.178
225 144 32.8049
225 148 61.339
225 245 32.6139
226 18 59.6866
226 19 6.89124
226 20 61.6859
226 72 34.3409
226 115 81.5388
226 147 74.3924
226 233 96.5814
227 17 44.1061
227 233 48.869
228 45 11.5199
228 64 62.3905
228 107 80.3581
228 150 25.8028
228 170 21.5108
228 179 78.3576
228 186 79.1576
228 205 18.4501
228 247 85.4278
229 13 70.0286
229 18 71.641
229 46 4.1403
229 74 57.5238
229 85 20.0184
229 99 62.9437
229 176 16.2291
230 37 71.1502
230 72 54.9823
230 138 9.68468
230 160 2.00267
230 162 57.0029
230 209 82.8086
230 217 56.5465
230 233 108.392
231 22 58.7516
231 52 72.2237
231 84 51.2009
231 109 102.915
231 157 43.1928
232 27 71.8444
232 48 93.6804
232 192 10.3661
233 17 42.8666
233 25 79.5021
233 54 54.8613
233 66 33.8251
233 109 81.264
233 143 6.60396
233 148 44.6715
233 152 70.7238
233 173 49.5113
233 189 7.81007
233 224 48.2111
234 1 41.3557
234 48 97.6521
234 64 50.1076
234 121 49.581
234 139 67.4574
234 163 115.596
234 245 19.8909
235 10 25.0478
235 81 44.3932
235 122 81.6202
235 185 51.9118
235 223 84.1848
236 11 62.1668
236 56 101.065
236 72 45.614
236 101 39.957
236 105 60.286
236 121 62.8373
236 122 84.2009
236 149 2
236 155 19.6547
236 202 26.8667
236 220 68.0988
237 26 78.0384
237 112 52.2448
237 115 91.7516
237 152 66.7607
237 161 4.17487
237 166 9.13387
237 201 101.681
237 215 51.0752
238 11 94.6938
238 38 52.4252
238 64 34.1865
238 88 68.2655
238 183 61.4514
239 98 72.7976
239 110 36.5814
239 121 47.5674
239 182 3.10878
239 216 78.5574
239 225 55.8514
239 234 4.11278
240 18 98.7993
240 83 12.2982
240 93 12.9959
240 102 12.3123
240 125 72.354
240 126 56.7117
240 200 28.105
240 213 11.6243
241 21 87.464
241 42 110.884
241 60 53.027
241 130 71.4643
241 131 93.0046
241 146 2.32836
241 149 2
241 243 9.16644
242 47 39.5799
242 57 41.2642
242 92 46.1671
242 149 2.08201
243 53 98.6225
243 61 32.7121
243 108 13.0291
243 172 58.0043
244 3 72.5354
244 23 69.1698
244 68 12.3235
244 81 56.3004
244 112 37.8056
244 116 16.4113
244 131 100.89
244 163 51.5769
244 164 96.4233
244 208 25.7959
244 218 15.609
245 44 19.5322
245 76 92.0511
245 102 17.3261
245 110 52.2019
245 147 62.9671
245 223 48.803
245 249 75.4726
246 11 85.2676
246 20 62.0995
246 48 69.9334
246 52 72.0738
246 105 27.5524
246 113 80.2294
246 128 7.70442
246 134 84.2068
246 199 18.3212
247 2 26.9689
247 9 63.3883
247 72 62.9178
247 122 99.17
247 150 11.3939
247 172 38.663
247 214 27.2317
248 16 20.3605
248 21 76.1485
248 44 16.71
248 54 59.1119
248 61 25.5263
248 132 118.332
248 175 3.59427
248 215 37.1874
248 224 52.7835
248 226 70.4125
249 40 27.0671
249 53 91.8241
249 63 93.3468
249 80 20.7345
249 123 17.3078
249 168 21.4548
249 172 90.5012
249 232 40.6248
