100 100 838
0 41 98.2294
0 45 65.6348
0 53 21.5188
0 64 11.4395
0 66 38.0364
0 73 11.0736
0 78 32.4437
0 80 70.3527
0 84 4.04565
0 87 64.4309
0 92 37.1279
1 0 39.6145
1 3 73.6982
1 4 40.5474
1 5 100.003
1 24 56.0878
1 44 59.469
1 47 62.9091
1 58 78.9669
1 68 60.0134
1 96 72.7142
2 16 12.5545
2 27 87.4087
2 41 117.187
2 47 81.8267
2 50 36.7946
2 61 77.2931
2 77 28.1376
3 10 15.189
3 26 52.3431
3 32 19.2742
3 49 54.3258
3 69 16.9981
3 70 80.3666
3 80 63.8336
3 82 38.6298
3 84 5.06442
3 92 35.9835
3 98 44.1181
4 8 104.9
4 16 13.5696
4 49 49.7537
4 57 2
4 65 39.4062
4 68 64.699
4 71 88.6142
4 78 43.029
4 94 23.4253
4 99 21.1605
5 3 86.1748
5 32 14.9023
5 37 26.3621
5 42 47.1214
5 61 54.9165
5 88 6.82651
6 1 54.7833
6 6 25.9557
6 21 5.54471
6 26 20.627
6 56 46.9457
6 59 23.7183
6 69 15.9113
7 26 42.5022
7 28 69.6506
7 50 48.844
7 62 44.3019
7 65 53.215
7 73 9.19157
7 90 67.4625
8 0 27.3709
8 7 77.2231
8 10 12.6507
8 24 54.6857
8 73 7.81731
8 92 38.1922
8 93 30.4435
8 99 22.9978
9 4 79.9091
9 13 78.2183
9 22 81.6227
9 23 17.4666
9 26 54.0243
9 27 59.4246
9 50 45.5554
9 69 12.3461
10 2 42.5781
10 4 52.9723
10 21 3.63823
10 49 35.5401
10 63 68.6539
10 67 2.77909
10 71 82.5427
10 80 41.156
10 82 35.5915
11 7 124.533
11 9 99.3988
11 14 54.2611
11 18 22.2544
11 23 39.4872
11 28 51.3822
11 43 7.41287
11 59 26.5892
11 60 66.815
11 72 99.9374
11 80 89.9331
11 83 44.9556
11 89 37.3979
11 95 49.1521
12 9 83.8748
12 22 137.912
12 37 17.0165
12 42 38.4924
12 50 41.9532
12 62 37.0866
12 63 55.0575
12 68 55.0364
12 71 96.2115
12 94 20.0212
12 98 49.1935
13 17 49.5553
13 30 75.8372
13 39 67.4003
13 48 43.7465
13 66 35.1897
13 88 8.33215
13 91 54.093
14 17 43.9991
14 20 95.791
14 50 35.1133
14 63 44.6173
14 67 3.27879
14 68 54.1597
14 70 97.7832
15 7 88.9923
15 9 93.8377
15 10 11.1543
15 26 52.2669
15 43 6.6478
15 57 2.73579
15 60 42.544
15 65 31.0221
15 73 7.09369
15 82 75.3589
15 83 52.2215
15 87 55.1933
16 3 80.8175
16 10 12.5393
16 12 48.8901
16 24 27.7337
16 40 27.3746
16 53 33.8641
16 65 32.4083
16 69 10.7275
17 9 79.8521
17 26 34.3559
17 27 25.6975
17 31 17.4915
17 57 2.6904
17 86 67.3647
17 89 66.4752
18 38 39.2051
18 53 27.5197
18 70 43.9414
19 7 106.375
19 8 90.1449
19 27 103.04
19 37 23.9271
19 40 28.8098
19 52 54.3058
19 53 23.0088
19 68 96.5354
19 88 9.98845
19 95 69.6438
20 18 9.90254
21 1 27.0498
21 10 15.5424
21 21 6.32884
21 34 117.488
21 39 55.4904
21 41 73.4488
21 56 35.4112
21 62 59.2685
21 63 82.86
21 83 51.9875
21 85 10.3494
22 18 16.8055
22 19 45.3045
22 29 29.6133
22 52 85.4416
22 57 3.2042
22 73 11.3336
22 74 45.6166
22 82 42.1829
22 88 12.4742
22 94 16.318
22 99 31.4338
23 3 68.5237
23 40 18.1606
23 45 84.1153
23 63 40.6971
23 81 74.0441
23 82 60.9752
23 84 6.66107
24 10 12.6911
24 14 68.2705
24 17 45.9301
24 20 97.5379
24 36 112.076
24 37 23.3223
24 38 64.2925
24 45 32.0152
24 47 81.8943
24 69 13.0027
24 72 129.963
24 80 124.845
25 7 93.0841
25 10 6.7287
25 14 94.5273
25 28 93.3053
25 41 78.3317
25 80 125.258
25 87 49.5674
26 1 69.7312
26 14 70.5773
26 33 33.8604
26 36 124.411
26 55 9.62353
26 62 51.9386
26 87 58.8426
27 3 88.2768
27 23 20.9834
27 57 2.47445
27 69 13.4103
27 76 3.10941
27 83 58.4775
28 6 32.1945
28 18 9.38838
28 26 52.4308
28 53 24.5903
28 64 10.9881
28 80 92.1871
28 84 4.14216
28 89 57.2936
29 8 18.1657
29 20 91.4329
29 25 16.9033
29 26 35.3677
29 72 93.5139
29 90 100.419
29 99 18.3788
30 13 67.1723
30 20 72.3359
30 51 15.9303
30 62 50.5631
30 77 30.6303
31 34 102.444
31 35 77.9178
31 62 59.6063
31 80 94.5974
31 99 27.1442
32 12 88.0327
32 13 93.7479
32 30 89.338
32 75 74.1395
32 81 65.2656
33 2 69.0372
33 5 59.0952
33 6 28.9264
33 14 50.6669
33 21 7.26106
33 45 131.772
33 54 76.0222
33 82 32.8905
34 57 4.05858
34 59 19.4771
34 60 57.1476
34 79 44.1623
34 96 65.5687
35 17 22.5008
35 20 86.9996
35 37 21.6409
35 69 17.8876
36 9 55.5057
36 21 5.53493
36 31 14.1717
36 41 113.056
36 52 49.1547
36 69 9.42741
36 73 10.3908
36 80 107.046
36 86 75.8352
37 2 46.5729
37 12 90.6277
37 22 110.836
37 29 45.7444
37 48 28.2363
37 49 59.118
37 56 60.3981
37 67 3.5298
37 72 76.6465
37 84 4.92932
37 88 9.00448
37 90 85.0369
38 1 79.3792
38 14 66.2088
38 34 86.2063
38 37 20.357
38 48 38.3448
38 52 52.0873
38 76 3.18329
39 16 10.795
39 28 57.8634
39 32 17.699
39 33 46.3166
39 43 6.33646
39 65 41.9275
39 66 45.0425
39 76 3.35741
39 79 25.8368
39 91 69.3213
39 96 66.4245
40 49 73.5734
40 52 71.0355
40 79 25.0788
40 82 49.3833
40 83 55.3286
41 11 22.9207
41 12 94.2408
41 77 33.8047
41 89 45.7194
41 94 7.03417
42 2 51.5962
42 9 72.33
42 23 38.6099
42 32 9.76593
42 67 2.37547
42 72 85.7363
42 75 83.095
42 90 80.7147
43 19 67.3914
43 51 26.4609
43 53 41.8801
43 80 126.456
43 81 76.7658
43 83 30.873
43 86 58.6805
43 98 25.4634
44 6 32.6268
44 8 75.7602
44 11 63.3085
44 26 48.4861
44 30 118.222
44 37 24.46
44 41 83.0491
44 50 29.1393
44 67 2.7892
44 71 86.4499
44 73 12.0629
44 77 26.2499
44 83 72.1573
44 89 63.6007
44 90 98.859
44 97 70.8458
44 99 37.3962
45 24 34.0973
45 36 111.722
45 45 145.17
45 51 25.3511
45 61 70.7636
45 62 44.7791
45 63 85.6551
45 67 3.06319
45 68 54.186
45 71 90.1501
45 82 32.0734
45 96 55.2425
45 97 37.5374
46 47 43.431
46 50 34.7686
46 65 30.4137
46 73 7.50021
46 84 5.50868
46 93 23.1833
47 6 32.3787
47 15 35.4816
47 28 59.3103
47 35 84.6583
47 63 62.6472
47 94 20.0827
47 95 49.2487
47 98 49.5566
48 38 52.3811
48 60 31.6827
48 70 55.4012
48 74 128.501
48 95 40.5241
49 0 37.7095
49 11 60.1205
49 34 94.5612
49 50 41.7172
49 83 60.2636
49 87 68.6645
50 3 50.651
50 9 130.372
50 21 7.37516
50 54 72.5688
50 64 11.7952
50 69 12.3487
50 72 101.412
51 17 33.1041
51 34 97.7632
51 68 50.3841
51 69 17.0696
52 12 112.153
52 19 71.1615
52 29 39.2262
52 40 31.9141
52 52 46.5587
52 59 31.4366
52 70 85.5234
52 86 52.1193
52 91 51.9398
52 94 17.8116
52 99 37.6374
53 7 77.6194
53 11 81.3217
53 31 31.3247
53 35 73.2067
53 42 44.6214
53 48 37.772
53 67 3.83339
53 96 52.9907
54 4 77.3681
54 16 13.5145
54 24 45.637
54 25 30.4088
54 28 65.4013
54 30 86.741
54 33 32.7479
54 34 74.1704
54 36 129.482
54 44 54.4694
54 45 93.959
54 47 48.3216
54 58 115.817
54 78 42.267
54 79 48.821
54 86 61.722
54 94 17.4885
54 99 32.5685
55 9 93.6581
55 12 62.5589
55 18 17.8786
55 33 22.0147
55 37 27.2187
55 39 46.5404
55 44 88.0613
55 54 43.5946
55 63 91.2035
55 64 10.6842
55 94 15.1592
55 96 86.2299
55 98 39.2848
56 3 73.3523
56 4 43.929
56 16 13.2542
56 24 48.1835
56 51 27.1829
56 72 92.7774
57 15 30.6907
57 32 17.9283
57 61 77.0626
58 7 133.975
58 39 104.136
58 40 26.9298
58 67 3.37055
58 86 45.62
58 89 46.6792
58 94 22.0573
58 99 37.2454
59 2 38.9936
59 15 59.9756
59 22 98.0544
59 28 85.0093
59 35 78.4762
59 38 102.492
59 39 65.5934
59 49 79.6824
59 54 52.0056
59 55 12.0286
59 67 3.87263
59 74 80.8957
59 92 14.496
59 97 61.7791
59 98 63.3068
60 31 26.7991
60 34 108.58
60 53 28.6476
60 65 58.5565
60 72 114.349
60 79 31.601
60 92 42.5965
61 4 71.2869
61 9 92.1002
61 10 15.0638
61 13 90.5061
61 29 52.0945
61 92 32.2379
61 97 37.1098
62 34 104.406
62 45 69.1923
62 51 28.6033
62 80 56.0324
62 82 72.7334
62 85 8.66465
63 5 88.0116
63 22 101.724
63 28 51.0972
63 73 7.3813
64 3 86.4366
64 14 47.6242
64 16 11.7511
64 20 83.9035
64 21 6.42392
64 25 32.3593
64 29 51.2856
64 44 108.257
64 53 23.084
64 60 38.1555
64 69 9.33905
64 72 79.173
64 73 7.73278
64 78 52.7418
64 84 4.33091
64 89 55.5306
65 6 31.9367
65 16 12.6234
65 17 45.206
65 28 82.0943
65 29 35.3161
65 32 15.9291
65 43 4.61481
65 44 65.5026
65 49 48.0695
65 67 4.01359
65 81 74.7331
65 87 60.8949
66 24 54.7015
66 60 63.2519
66 95 59.6478
66 96 91.3598
67 1 64.4506
67 5 37.572
67 17 27.6462
67 32 19.8144
67 33 33.3857
67 39 67.3144
67 44 44.8371
67 52 71.8489
67 63 65.5976
67 71 72.263
67 75 96.9104
67 89 68.2525
67 97 72.0851
68 5 80.4632
68 9 82.3498
68 26 56.9263
68 27 75.2678
68 28 72.9275
68 29 63.1021
68 45 82.4474
68 94 18.0187
68 95 25.4026
69 19 63.1519
69 49 39.6592
69 54 52.4821
69 65 19.4383
69 66 47.4534
69 67 3.2721
69 72 87.2171
69 79 25.5648
69 85 7.56765
70 20 92.4386
70 33 22.5838
70 36 105.528
70 40 19.8868
70 42 39.5789
70 55 14.0325
70 73 13.0206
70 78 46.1045
70 79 36.797
70 83 50.0856
70 99 24.979
71 1 62.7936
71 2 36.8714
71 17 38.4294
71 18 19.3287
71 45 120.529
71 49 54.8033
71 52 83.6946
71 67 2.62648
71 72 116.775
71 74 77.3604
71 82 41.0428
71 88 8.9413
71 95 46.0948
72 4 38.5051
72 10 18.9348
72 25 38.3633
72 39 76.6235
72 44 74.9738
72 46 76.0858
72 56 24.4721
72 65 20.2676
72 70 70.9865
72 80 97.4352
73 6 31.4993
73 15 30.2376
73 17 37.4242
73 20 95.9108
73 40 14.9802
73 43 4.66196
73 69 14.8187
73 73 9.49687
73 91 76.2535
73 94 17.4834
74 16 6.60678
74 20 59.3766
74 47 82.6734
74 55 12.2363
74 61 78.1504
74 66 35.3439
74 77 30.1271
74 91 42.3652
74 96 66.4707
75 40 18.7586
75 55 10.2875
75 72 140.972
75 73 8.10781
75 87 60.5369
76 0 49.6757
76 20 127.487
76 29 53.74
76 30 100.113
76 61 86.8134
76 62 36.4792
76 98 48.7481
77 12 86.2796
77 22 86.743
77 30 124.016
77 44 55.5238
77 46 46.3765
77 53 31.9815
77 58 93.9364
77 59 16.2764
77 77 34.3291
77 81 104.39
77 91 62.7446
78 32 20.7177
78 40 13.4275
78 47 93.3694
78 60 36.761
78 95 28.3008
79 2 33.4237
79 13 73.3216
79 22 106.569
79 32 14.7586
79 67 2.90049
79 82 42.912
79 89 84.796
80 8 73.0393
80 32 15.6738
80 40 15.6906
80 43 7.35724
80 50 27.9531
80 71 49.9046
80 88 9.04667
81 2 50.1626
81 13 77.2103
81 25 26.1555
81 26 50.2472
81 32 19.679
81 65 51.3804
81 70 76.4845
81 76 3.2108
81 93 22.5181
82 3 61.3272
82 15 40.8062
82 24 58.4571
82 40 23.3822
82 49 77.9438
82 52 65.5953
82 57 2.53896
82 66 19.2943
82 85 12.9416
82 90 113.473
82 94 17.2993
83 3 89.3998
83 20 90.1533
83 26 48.7968
83 28 51.7124
83 31 23.3949
83 36 95.4834
83 45 90.6355
83 63 69.5883
83 77 28.9699
83 86 56.4163
83 88 10.8196
84 13 86.3129
84 20 129.088
84 27 105.083
84 34 56.353
84 37 13.3854
84 68 62.5846
84 97 54.1291
85 7 65.1941
85 13 124.537
85 27 51.4352
85 28 93.6436
85 54 61.7031
85 55 16.2589
85 66 28.9416
85 88 10.3473
85 99 34.1441
86 36 90.9262
86 46 62.1937
86 65 32.6303
86 70 32.0337
86 77 33.2206
86 80 86.2707
86 81 87.1717
86 86 54.7103
86 94 10.8369
87 8 98.5742
87 12 107.683
87 49 99.6036
87 67 3.22013
87 85 8.432
87 88 13.2176
87 89 35.1997
88 8 75.4088
88 13 58.0313
88 14 84.748
88 18 17.6097
88 21 4.58416
88 46 49.3344
88 84 4.67105
88 95 49.8043
88 99 38.6195
89 7 95.178
89 26 53.4205
89 30 53.7388
89 36 111.836
89 49 60.0077
89 51 30.1003
89 62 62.2493
89 64 11.6731
89 72 113.465
89 80 65.7646
89 89 70.0332
90 6 27.0129
90 25 23.8343
90 48 17.8055
90 56 62.9996
90 61 85.3509
90 63 86.6338
90 68 78.7883
90 72 80.4417
90 90 77.0523
91 22 85.1537
91 34 118.39
91 57 3.00623
91 62 34.9418
91 70 97.9329
91 82 51.6076
91 99 36.206
92 0 52.1175
92 7 89.9498
92 19 31.3507
92 27 102.687
92 32 16.5128
92 35 38.9562
92 39 105.807
92 74 107.99
92 82 60.7983
93 0 39.7254
93 21 9.15514
93 32 20.8812
93 42 43.8738
93 48 31.829
93 53 27.3086
93 62 60.7859
93 68 101.79
93 75 63.8717
93 79 36.2656
94 17 43.214
94 18 15.3526
94 21 6.30342
94 27 92.7972
94 56 42.406
94 58 93.6075
94 61 68.1837
94 76 3.88046
94 79 34.3675
94 90 98.2404
95 19 60.6922
95 27 129.73
95 41 100.333
95 48 27.5714
95 52 70.0528
95 60 50.8543
95 73 12.8557
96 3 40.8839
96 10 9.27194
96 31 16.4105
96 32 12.79
96 40 20.2578
96 52 83.5717
96 62 43.3741
96 63 74.4272
96 68 57.5895
96 92 35.3053
96 96 97.3757
97 7 102.037
97 20 123.199
97 41 75.9641
97 73 10.7526
98 3 90.4509
98 19 33.2443
98 23 9.62617
98 72 122.503
98 73 10.9406
98 89 61.7675
99 1 62.0172
99 34 57.6569
99 63 99.6723
99 78 53.9032
99 91 57.4132
