250 250 1964
0 55 57.0323
0 81 30.6159
0 88 8.07381
0 94 52.053
0 99 55.7449
0 104 37.6216
0 151 14.8017
0 180 71.4879
0 192 5.8722
0 219 10.5359
1 5 20.9855
1 24 98.8447
1 57 70.2412
1 65 30.3346
1 81 28.363
1 97 56.0133
1 136 95.902
1 143 4.31403
1 209 24.4816
1 226 114.973
1 241 5.10084
2 19 7.56741
2 99 32.5695
2 150 86.4284
2 190 11.8418
3 103 22.9258
3 155 31.8892
3 172 41.1633
3 173 20.7788
3 180 48.1414
3 231 20.2336
4 53 83.598
4 122 4.10492
4 159 74.6223
4 210 21.4697
4 220 2.0312
4 225 20.326
4 243 50.6214
5 13 43.2602
5 29 20.5269
5 113 79.7463
5 175 67.6752
5 186 16.9309
5 192 6.43487
6 51 84.129
6 76 87.384
6 78 85.3966
6 103 14.7854
6 140 40.8732
6 147 6.35918
6 155 33.4599
6 215 60.3235
7 47 42.2915
7 65 59.4172
7 80 70.8478
7 150 103.295
7 200 44.7743
7 233 54.8317
8 38 28.5652
8 87 11.0943
8 91 6.62242
8 120 16.2021
8 122 4.37808
8 139 53.0978
8 183 84.019
8 194 63.3162
8 241 6.37902
9 101 76.6877
10 47 45.9988
10 103 10.8267
10 146 87.8294
10 147 5.65027
10 180 47.6136
10 231 16.9891
11 45 5.46297
11 168 20.1143
11 171 60.0615
11 222 67.0572
11 224 77.4376
11 229 21.2553
11 244 9.54853
12 16 11.6361
12 21 43.3062
12 48 37.9925
12 59 71.6962
12 60 3.02979
12 69 58.4228
12 103 18.7165
12 115 62.3423
12 123 70.8798
12 197 61.9503
12 240 54.8543
12 243 35.2831
13 42 120.893
13 108 53.7214
13 111 33.7424
13 125 62.3919
13 158 78.0417
13 191 51.8997
13 199 45.8932
13 233 36.9165
14 26 59.6309
14 45 14.7903
14 52 69.6222
14 69 53.0003
14 108 73.6966
14 113 61.568
14 125 56.0792
14 141 69.6331
14 169 97.6022
14 213 7.92181
15 54 18.6004
15 103 23.1435
15 107 20.921
15 123 126.344
15 135 96.9733
15 137 85.315
15 163 6.94083
15 164 46.5539
15 180 55.531
15 181 46.6552
16 22 36.1875
16 47 28.0068
16 69 27.69
16 131 8.03641
16 141 61.9397
16 201 74.814
16 228 68.1946
16 244 16.1753
17 3 97.9218
17 35 39.6846
17 45 12.8156
17 47 37.6298
17 122 4.62961
17 157 112.957
18 79 26.2069
18 182 100.441
18 188 134.849
18 201 50.7956
19 70 92.1459
19 102 100.75
19 205 90.1134
20 23 33.0635
20 75 52.0609
20 156 48.4938
20 161 39.4717
20 208 59.6742
20 211 48.5924
20 248 85.9079
21 5 28.7703
21 30 6.42664
21 93 55.6854
21 124 28.0046
21 168 18.2952
21 172 38.1157
22 21 88.5608
22 121 80.136
22 189 91.668
22 195 74.6114
22 221 72.973
23 65 56.8464
23 108 115.467
23 151 18.9377
23 163 4.6441
23 186 13.4671
23 188 140.975
23 206 39.54
23 209 17.38
24 1 32.2912
24 60 3.49298
24 138 6.90252
24 236 11.0591
24 237 30.3817
25 52 88.3126
25 96 65.8124
25 172 45.9452
25 193 95.2308
25 194 82.1424
25 222 72.3505
25 225 9.93459
26 78 91.2993
26 100 97.51
26 109 31.7173
26 125 60.8051
26 132 42.7912
26 154 18.2125
26 167 33.4179
26 194 42.0695
26 200 45.4086
26 206 60.0817
27 21 38.1369
27 27 33.1862
27 89 110.516
27 137 101.082
27 167 68.8154
27 183 53.5245
27 200 36.3549
28 0 67.1526
28 25 60.6942
28 150 46.8132
28 183 69.1312
28 219 13.5798
29 10 33.2177
29 127 23.2471
29 136 43.3883
29 233 36.4116
30 45 12.2007
30 81 28.0527
30 86 103.888
30 113 54.8427
30 123 96.3878
30 173 21.3628
30 176 101.974
31 11 46.1952
31 19 9.34023
31 43 26.9052
31 123 110.668
31 124 23.6006
31 184 75.8218
31 191 66.1272
31 195 39.8294
31 208 41.1251
31 235 37.4762
32 58 97.6581
32 66 84.6874
32 78 92.3995
32 83 27.0688
32 89 102.04
32 103 24.7434
32 115 47.9211
32 119 101.238
32 162 66.8463
32 229 16.8965
33 7 7.92928
33 41 66.4903
33 51 82.2141
33 111 23.0763
33 151 18.4327
33 173 19.9423
33 214 16.2899
33 231 15.5072
34 100 105.416
35 22 26.0025
35 47 31.8416
35 98 3.01494
35 102 80.7605
35 135 84.2251
35 160 56.2753
35 163 7.35304
35 180 70.05
35 187 36.8338
35 212 73.686
35 231 19.0461
36 13 32.467
36 37 84.3178
36 50 28.9584
36 140 38.2536
36 157 93.4831
36 164 71.3493
36 211 41.2268
36 213 12.2087
37 2 92.6066
37 9 86.2141
37 15 27.9969
37 68 44.2521
37 137 102.268
37 151 16.0597
37 171 37.4378
37 203 87.1787
37 216 18.5553
37 224 59.7467
37 232 52.7552
37 235 31.2433
38 10 38.5535
38 86 78.5826
38 97 36.8273
38 182 46.015
38 186 13.5377
38 207 35.7975
38 232 77.6469
38 247 17.99
39 37 154.468
39 61 129.445
39 69 32.9681
39 95 71.9727
39 116 110.163
39 177 15.6136
39 233 56.2807
40 89 94.5942
40 228 49.2842
40 230 52.6423
40 236 12.481
40 237 56.2822
41 67 33.2411
41 110 55.8623
41 142 139.854
41 173 20.1852
41 189 78.1518
41 207 49.2191
41 234 8.19752
41 249 79.5474
42 11 49.3877
42 22 32.8013
42 39 47.7718
42 56 26.5073
42 64 127.648
42 88 7.43456
42 106 65.5598
42 157 118.106
42 238 86.0416
42 239 2.00806
43 7 6.34814
43 17 35.1523
43 58 115.771
43 118 67.851
43 156 67.7449
43 174 77.446
43 213 7.37172
43 226 81.7226
43 243 40.8889
44 13 33.8751
44 52 79.4683
44 66 84.789
44 72 30.191
44 179 101.668
44 208 76.2044
44 228 31.0746
44 244 17.2305
45 43 36.5596
45 103 23.4379
45 106 79.4527
45 234 6.59607
45 245 73.88
45 249 90.0396
46 18 32.9295
46 30 3.28274
46 55 72.4791
46 78 79.3053
46 79 28.2928
46 83 26.8779
46 106 60.6554
46 215 37.9527
46 219 10.0574
46 226 104.489
46 248 60.8087
47 13 36.7179
47 76 83.5818
47 78 58.3721
47 91 8.15404
47 95 60.7724
47 134 26.3374
47 142 94.2086
47 179 91.8672
47 222 84.0282
47 234 8.1097
48 21 37.7354
48 58 76.0549
48 79 31.8363
48 93 54.7286
48 155 59.8828
48 205 62.4934
48 215 63.3787
48 233 58.7813
48 235 8.11579
49 0 35.2004
49 14 8.81997
49 29 26.9564
49 38 64.2339
49 68 50.0914
49 132 51.8656
49 156 86.1575
49 161 18.3709
49 182 128.905
49 203 105.636
49 234 8.2329
50 12 50.5277
50 23 29.8344
50 70 100.529
50 82 6.19682
50 84 71.3512
50 152 10.2596
50 166 86.4466
50 213 7.3584
51 4 90.1117
51 48 65.0444
51 100 141.722
51 108 63.8654
51 112 67.9662
51 125 80.664
51 142 106.32
51 180 73.6841
51 231 7.49171
51 238 96.545
52 88 8.05877
52 119 68.6789
52 121 98.2916
52 225 25.0374
52 229 15.1189
53 11 58.95
53 53 88.8603
53 178 63.5358
53 212 74.4749
54 19 9.49088
54 61 64.4039
54 113 88.6141
54 116 66.7285
54 117 28.4373
54 134 49.7008
54 148 64.184
54 175 68.0872
54 203 111.714
55 44 19.1862
55 47 38.0384
55 166 136.97
55 197 61.3991
55 199 24.3046
55 200 49.1439
55 204 105.5
55 206 54.7766
55 248 51.6265
56 36 33.0804
56 81 31.5188
56 83 22.5239
56 91 7.94956
56 120 20.6563
56 125 62.762
56 151 18.8125
57 8 14.3177
57 50 55.7431
57 63 51.0168
57 72 21.2433
57 76 67.9101
57 102 70.7259
57 148 94.7898
57 154 20.28
57 178 61.5072
57 191 43.0999
57 244 15.7437
58 25 53.3237
58 57 106.2
58 67 12.4296
58 98 3.29634
58 108 106.958
58 112 65.4287
58 116 59.1945
58 125 35.1754
58 134 27.8545
58 166 85.9668
58 228 52.4088
59 4 106.507
59 35 28.2185
59 43 36.1433
59 77 45.4614
59 89 59.7957
59 137 81.6271
59 144 13.6323
59 204 73.9765
59 231 23.4259
59 236 17.0327
60 53 97.421
60 83 26.3185
60 84 68.6934
60 91 9.05362
60 95 70.2696
60 114 79.2409
60 119 74.0908
60 120 23.0201
60 184 49.6207
60 186 17.9082
61 39 37.2383
61 50 56.2896
61 138 4.12872
61 224 81.0729
62 26 72.5116
62 111 39.7932
62 247 24.6864
63 140 32.8336
63 186 16.0316
63 208 93.4247
63 219 9.74888
63 243 35.409
64 0 73.3649
64 52 62.3668
64 69 56.5428
64 119 97.4172
64 233 61.8836
64 247 30.8046
65 113 46.5021
65 115 56.2414
65 128 16.222
65 135 75.5347
65 147 5.41949
65 154 21.6935
65 161 44.3487
65 177 27.5587
65 186 13.2732
65 224 67.2039
65 238 100.071
66 97 36.6146
66 188 120.764
66 191 60.1797
66 209 14.788
66 226 94.7664
66 244 14.0069
67 17 35.4134
67 33 101.686
67 55 80.5061
67 79 29.2507
67 100 81.0277
67 113 52.7816
67 127 18.1364
67 139 77.3727
67 171 56.6728
67 174 63.7999
67 232 79.4518
67 243 48.7359
68 9 69.8086
68 137 102.897
68 171 57.8856
68 176 35.4159
68 216 18.865
68 235 37.2221
69 5 28.0636
69 31 55.7428
69 90 8.87
69 100 88.3957
69 104 36.9715
69 139 45.221
69 203 101.349
69 232 63.208
70 26 65.9454
70 37 80.6429
70 58 92.2024
70 70 96.979
70 90 13.6769
70 166 102.63
70 234 9.86799
70 239 2.29613
71 91 3.84203
71 106 54.8309
71 110 41.341
71 159 76.2323
71 230 47.8268
71 247 25.6359
72 22 34.8654
72 74 90.9893
72 82 4.77817
73 10 20.5553
73 26 39.9864
73 48 56.6372
73 69 41.7534
73 106 56.6828
73 120 25.7188
73 156 72.4454
73 212 63.5496
74 15 31.82
74 25 50.7705
74 46 68.4435
74 67 31.1716
74 89 93.1612
74 178 55.142
74 194 59.614
74 200 49.6607
74 239 2
75 47 26.573
75 62 36.5423
75 74 84.659
75 78 85.8646
75 86 85.8224
75 116 62.8697
75 161 36.4932
75 182 101.93
75 189 81.2973
76 7 6.13355
76 16 20.7171
76 22 28.8643
76 39 61.6526
76 42 102.617
76 71 39.8284
76 114 64.6975
76 116 93.994
76 134 40.6809
76 226 61.4762
77 10 31.3188
77 11 51.2288
77 42 85.0619
77 43 41.607
77 73 41.9615
77 81 19.4797
77 119 110.226
77 150 83.4937
77 162 117.279
77 163 6.47609
77 178 72.384
77 186 15.5649
77 189 79.4365
77 198 41.4607
77 199 67.1072
77 205 84.9231
77 232 59.5716
78 51 65.7961
78 75 48.1455
78 101 69.8078
78 108 96.8314
78 172 31.307
78 173 18.1051
78 186 14.5673
78 230 43.2474
78 246 88.0218
79 27 29.8247
79 44 27.8705
79 124 23.2612
79 162 56.8115
79 167 46.028
79 225 42.2706
80 21 44.6631
80 27 24.1249
80 44 20.6858
80 82 17.9817
80 216 6.11428
80 226 60.4258
80 239 2
81 39 40.4702
81 43 29.4417
81 57 94.3932
81 143 4.54841
81 144 15.0038
81 148 108.659
81 181 55.9879
81 204 107.865
82 63 65.3131
82 89 91.4844
82 192 4.91185
82 235 39.4465
82 240 85.0395
83 42 77.0981
83 73 84.6827
83 102 100.914
83 120 10.2233
83 180 33.5424
83 227 8.31959
83 234 8.7349
84 44 20.2868
84 124 28.1895
84 161 28.2642
84 187 17.4363
84 214 14.1628
84 222 69.3702
85 33 95.6464
85 116 71.0256
85 211 47.4047
86 51 58.0623
86 63 45.1604
86 116 83.637
86 149 35.9572
86 204 90.7536
86 221 63.0815
86 246 125.784
87 33 84.2292
87 97 31.4993
87 122 2.02418
87 213 7.4426
87 236 13.7376
88 15 33.1424
88 27 26.3223
88 55 49.241
88 81 24.0006
88 83 19.7709
88 106 63.6366
88 213 11.9814
89 68 25.1438
89 83 25.134
89 110 46.078
89 153 2.91158
89 157 64.7996
89 162 83.5682
89 214 7.88225
89 232 55.2567
89 243 44.7815
90 2 118.314
90 12 61.7638
90 18 46.1344
90 25 61.1204
90 35 24.2363
90 53 41.1781
90 115 67.2575
90 122 3.74086
90 169 100.048
90 216 23.3582
91 10 40.0682
91 16 18.7146
91 24 119.918
91 25 54.6913
91 28 99.6184
91 40 104.308
91 92 89.452
91 114 43.1589
91 123 53.6193
91 161 15.6516
91 168 13.8291
91 171 49.7798
91 206 66.5058
91 221 99.3919
91 231 20.4722
92 57 86.502
92 101 97.0007
92 136 107.53
92 148 102.482
92 167 55.7073
92 190 8.84001
92 202 4.91689
92 220 2.15069
92 231 33.7394
93 2 69.161
93 7 6.00462
93 35 25.1707
93 115 42.5065
93 118 65.5321
93 214 11.0932
94 53 37.8126
94 77 35.9288
94 85 35.8505
94 125 70.2974
94 136 99.8569
94 149 32.7773
94 168 18.5063
94 188 105.691
94 203 65.2517
95 18 56.4722
95 26 51.9809
95 44 20.8737
95 127 25.4713
95 146 64.7152
95 218 74.6714
95 246 114.009
96 112 94.7967
96 114 55.8224
96 119 96.3402
96 157 45.1155
96 176 49.6623
96 189 51.6648
96 201 65.8103
96 227 9.75426
97 39 52.0081
97 65 65.6723
97 68 39.4666
97 121 117.323
97 125 61.9877
97 129 73.1629
97 134 49.5503
97 135 58.1866
97 148 83.3314
97 179 119.732
97 191 75.2668
98 52 37.2054
98 55 69.1547
98 65 59.4183
98 86 82.9958
98 120 22.5615
98 190 7.00109
98 224 105.079
99 5 37.3038
99 16 10.9741
99 21 47.1404
99 157 81.719
99 165 23.2829
99 171 32.7364
99 178 68.6731
99 185 7.29065
99 209 17.0532
99 218 64.2452
99 223 8.20569
99 242 44.3053
99 244 8.41116
99 246 136.55
100 1 24.3203
100 47 44.8457
100 60 3.80253
100 102 59.8348
100 126 76.4416
100 155 46.9106
100 235 34.2371
101 17 40.625
101 58 110.131
101 65 65.7236
101 113 87.3009
101 149 30.8219
101 188 107.132
101 216 19.6807
101 217 24.0307
101 242 39.1822
102 19 7.52019
102 29 21.0567
102 67 27.4015
102 115 73.0556
102 163 6.28233
102 180 57.558
102 189 66.1009
102 200 52.8767
102 223 5.15938
103 28 76.6135
103 60 2.12769
103 101 61.0102
103 102 99.322
103 196 11.4083
103 197 38.123
103 219 11.0852
103 248 61.4592
104 21 55.8015
104 31 49.5669
104 48 51.4782
104 51 61.1476
104 63 42.0311
104 64 103.307
104 100 107.674
104 102 72.0471
104 112 66.9453
104 136 95.6696
104 141 55.9739
104 151 16.0467
104 182 40.3994
104 208 75.586
105 15 38.469
105 55 30.2754
105 58 103.417
105 176 84.8349
105 182 46.4256
105 222 67.1923
106 26 60.5926
106 51 91.9726
106 145 34.7398
106 226 65.3794
107 9 72.9168
107 74 73.8043
107 99 46.6428
107 110 30.7081
107 125 31.5215
107 160 43.2659
107 241 4.11547
108 10 25.5566
108 26 77.7873
108 28 57.8703
108 29 19.6067
108 61 77.2683
108 136 74.699
108 160 70.0871
108 175 50.8648
108 180 41.6771
108 186 12.4182
108 212 84.2972
108 223 9.49868
108 237 68.2119
109 61 85.5732
109 75 43.6802
109 127 21.949
109 131 10.2274
109 152 18.6869
109 223 8.91562
110 37 102.072
110 72 25.0684
110 137 98.8586
110 145 60.1359
110 183 63.0977
110 188 120.769
110 213 11.012
110 214 17.6646
110 225 21.3648
110 246 73.5151
111 11 51.8536
111 17 45.7636
111 31 40.8363
111 49 30.3532
111 114 47.1178
111 198 39.2731
111 245 24.7358
112 47 59.7105
112 73 74.0209
112 86 86.8922
112 115 44.6221
112 149 40.5926
112 184 56.5309
112 227 6.37199
113 1 19.6187
113 158 68.4382
113 183 63.9984
113 201 70.888
113 240 70.6329
113 246 88.9249
114 115 71.8012
114 191 62.6468
114 210 22.2633
115 36 27.3405
115 69 39.8833
115 72 20.6802
115 74 49.8586
115 97 62.8946
115 99 58.8447
115 188 89.2263
115 203 74.7965
115 205 34.1413
115 217 31.4392
115 227 6.80265
116 40 69.7847
116 81 15.7598
116 134 38.1749
116 136 112.652
116 168 23.3526
116 170 24.2969
116 188 98.7396
116 237 74.1102
117 23 47.2273
117 40 64.7479
117 69 49.7751
117 83 12.8543
117 84 123.386
117 105 22.7519
117 136 110.914
117 161 38.4373
118 12 33.2958
118 22 41.8721
118 91 11.7197
118 124 27.6539
118 140 43.5206
119 35 31.1517
119 53 84.2902
119 122 3.47823
119 132 41.1121
119 138 5.4184
119 155 45.7857
119 179 54.8702
119 203 136.539
120 133 49.5534
120 203 70.2437
121 92 108.668
121 160 109.637
121 218 92.8285
122 0 58.6079
122 61 80.4558
122 93 48.6548
122 106 59.913
122 160 34.8836
122 171 89.8309
122 178 62.363
122 231 18.0238
122 244 8.64239
123 15 40.5339
123 55 52.0648
123 85 26.2424
123 179 65.8008
123 231 21.2797
124 6 92.0102
124 45 8.68695
124 75 52.8024
124 78 100.132
124 190 8.27762
124 191 54.2657
124 210 21.8994
124 237 62.4097
125 9 99.3071
125 39 40.7417
125 87 15.4938
125 111 15.4372
125 173 20.5863
125 218 71.9465
125 239 2
125 249 112.305
126 35 43.5283
126 41 83.3043
126 53 50.737
126 57 72.1892
126 80 45.5191
126 120 22.0697
126 140 38.1442
126 167 46.8268
126 174 46.3895
126 212 91.7329
126 232 80.4078
127 46 75.0835
127 49 20.1675
127 84 108.169
127 116 94.7034
127 140 38.6233
127 180 62.0077
127 187 36.3307
127 192 3.7571
127 200 45.1042
127 241 4.60304
127 246 106.888
127 249 85.1032
128 1 25.7788
128 34 18.0948
128 42 68.4549
128 82 10.6435
128 90 13.7251
128 101 93.9685
128 129 35.5445
128 163 4.4282
128 176 76.9267
128 181 43.5903
128 201 61.185
129 15 52.8042
129 47 22.9291
129 114 31.355
129 143 4.23983
129 166 76.2902
129 181 55.9244
129 218 59.7409
129 238 99.1731
129 244 11.8858
130 45 11.8438
130 53 67.1729
130 57 84.9878
130 58 82.7033
130 83 23.5555
130 85 24.3735
130 116 64.3215
130 117 33.1297
130 137 76.8502
130 244 12.3483
131 27 30.374
131 47 45.2025
131 77 49.0973
131 92 76.1889
131 110 63.8347
131 125 43.9884
131 172 65.9478
131 207 30.1227
131 211 61.2335
131 230 46.3051
131 241 5.04743
131 248 86.0623
132 45 8.61257
132 51 100.807
132 67 34.1405
132 73 68.2633
132 159 57.099
132 184 58.028
132 206 54.8972
132 208 74.1235
133 57 49.4765
133 98 2.61484
133 130 66.1253
133 193 75.2642
133 206 49.3865
133 219 9.14154
133 227 7.10936
133 229 13.9229
133 245 53.9569
134 55 64.9536
134 57 64.0752
134 98 2.50697
134 105 53.6809
134 154 20.8782
134 159 66.3398
134 242 55.5304
134 249 93.4678
135 43 19.8907
135 54 15.2442
135 90 11.9556
135 127 30.0459
135 177 28.1103
135 201 75.9332
135 202 4.3965
135 204 72.1778
135 207 52.4904
135 237 45.8014
135 246 89.8406
136 13 58.0649
136 37 154.576
136 68 60.6296
136 109 29.8267
136 124 34.9382
136 135 93.6765
136 142 114.382
136 147 5.57179
136 152 22.0591
136 169 74.5747
136 191 44.5304
136 213 5.12003
136 233 67.4311
137 35 34.7752
137 84 62.8604
137 92 82.0064
137 110 57.9728
137 120 15.9523
137 143 4.73438
137 160 38.7
137 175 40.7322
137 195 79.9561
137 237 49.1107
138 11 53.4778
138 32 44.0424
138 36 34.5309
138 52 45.1351
138 65 69.9507
138 67 28.762
138 88 6.68963
138 95 75.3638
138 172 49.34
138 206 59.7349
139 12 61.4808
139 14 20.144
139 74 63.3179
139 179 67.3309
139 191 52.1892
139 200 51.919
139 225 23.1868
140 4 103.393
140 24 84.8233
140 51 91.3863
140 80 86.0965
140 132 41.3626
140 182 90.6066
140 184 60.8647
140 203 74.4846
140 210 18.1695
140 217 29.0898
140 224 121.753
140 231 14.9225
141 6 74.2715
141 89 68.5397
141 111 31.5465
141 170 27.5106
141 175 63.3326
141 191 35.6651
141 225 25.2331
142 15 36.583
142 22 33.4063
142 43 24.7686
142 47 44.6734
142 56 16.0214
142 67 30.5816
142 78 83.9325
142 84 61.8736
142 88 6.58969
142 146 85.0846
142 207 30.7983
142 239 2
143 1 28.0851
143 99 35.6316
143 104 34.6016
143 114 84.1224
143 124 23.6375
143 137 67.9761
143 140 21.4407
143 142 108.877
143 153 2.83497
143 172 33.5557
143 206 42.9139
143 236 16.7654
143 246 150.959
144 19 10.4412
144 82 13.5782
145 10 36.4822
145 47 27.489
145 48 60.5005
145 71 35.2545
145 111 50.7901
145 127 22.4159
145 148 122.421
145 151 22.6823
145 210 19.9189
145 241 4.88247
145 249 79.6096
146 16 16.4428
146 27 34.0043
146 43 38.5192
146 125 49.7079
146 134 20.2995
146 184 52.4812
146 194 65.7262
146 226 118.705
146 237 76.671
147 64 140.61
147 109 36.9179
147 176 52.9689
147 189 61.3865
147 240 67.7229
148 8 17.9434
148 14 23.3724
148 35 35.3218
148 65 51.4447
148 72 34.7185
148 140 55.376
148 191 24.7223
148 194 58.261
148 195 61.5366
148 197 58.0226
148 249 70.002
149 7 8.32356
149 39 66.9059
149 88 8.22583
149 103 19.7096
149 153 2.94712
150 27 34.8764
150 40 61.8882
150 59 94.6881
150 80 61.5998
150 142 103.548
150 151 25.4565
150 194 66.991
151 8 11.1132
151 25 46.689
151 194 55.0168
151 197 31.7448
151 198 44.2537
151 203 101.559
152 26 63.2384
152 44 23.9304
152 52 68.9848
152 67 25.8877
152 98 3.08115
152 124 39.0514
152 125 42.8599
152 149 31.9476
152 163 6.40818
152 179 52.071
152 247 30.207
153 9 95.2287
153 48 62.6999
153 72 20.893
153 126 76.7292
153 193 82.6028
153 213 11.0935
154 6 99.7299
154 49 19.7108
154 77 56.8054
154 237 54.4337
155 17 29.1728
155 49 14.5591
155 82 14.5751
155 141 70.8522
155 166 88.2025
155 206 54.296
155 225 21.5234
155 249 41.3581
156 114 39.6821
156 131 7.79364
156 152 19.5605
156 164 73.2053
156 220 2
156 231 21.7271
157 16 11.5531
157 34 11.0503
157 112 82.3472
157 122 4.06411
157 125 72.2711
157 148 101.625
157 156 61.7185
157 190 7.95313
157 195 33.7958
158 10 34.6232
158 26 79.5114
158 130 55.8971
158 161 30.4571
159 27 31.9584
159 56 23.8615
159 106 53.2449
159 107 26.1207
159 114 51.8407
159 135 37.4243
159 150 108.789
159 155 40.8122
159 166 122.161
159 218 88.5679
159 236 15.1607
160 79 20.7584
160 134 25.0831
160 160 30.1892
160 170 22.8521
160 242 37.1897
161 7 9.66013
161 19 10.721
161 24 85.839
161 80 47.2423
161 82 15.1318
161 85 32.3638
161 88 8.28796
161 100 118.748
161 216 15.1768
162 33 76.06
162 45 14.1256
162 111 38.9624
162 143 3.22803
162 187 23.8098
162 227 6.67058
162 237 56.9425
163 10 36.7803
163 15 49.1355
163 67 31.4948
163 71 25.4458
163 94 61.0969
163 139 73.214
163 171 55.0302
163 184 56.4068
164 41 52.786
164 70 80.8872
164 114 65.673
165 29 27.1139
165 130 70.1446
165 142 93.1767
165 195 72.8055
165 203 87.8902
165 211 34.675
165 224 102.051
165 247 23.1657
166 45 12.4476
166 60 3.35652
166 66 39.7526
166 172 58.6851
166 227 6.12985
167 34 12.0229
167 43 38.51
167 49 10.304
167 54 11.0627
167 84 85.8275
167 90 14.7399
167 111 49.2888
167 159 112.965
167 204 55.6387
167 223 4.96658
167 230 75.9183
167 246 81.5182
168 101 75.1664
168 118 100.209
168 155 42.7563
168 184 99.3216
168 188 109.962
168 222 63.3435
168 241 6.65411
169 70 60.4132
169 73 68.8666
169 80 76.1997
169 110 48.2259
169 132 42.1825
169 172 50.0734
169 205 71.3864
170 56 14.218
170 72 20.1088
170 114 37.4667
170 123 64.1556
170 186 18.2975
170 201 54.5684
170 240 75.1464
170 241 3.82137
170 243 42.6029
171 114 43.8957
171 161 42.3262
171 165 30.75
171 208 83.7957
171 214 11.1924
171 217 32.7435
172 1 22.0383
172 9 101.129
172 26 64.124
172 70 66.11
172 73 51.0358
172 91 7.41577
172 103 19.4891
172 172 25.1872
172 179 71.9398
172 183 102.956
172 188 107.177
172 191 56.1744
172 232 79.4348
173 5 49.9959
173 141 52.7607
173 237 78.8375
174 86 84.8432
174 129 89.9098
174 130 52.4806
174 139 81.9876
174 140 44.4382
174 226 52.1448
174 240 81.6253
175 1 33.5943
175 23 34.1342
175 83 24.2999
175 84 148.029
175 100 148.922
175 126 82.8481
176 22 37.9257
176 40 53.3773
176 54 18.8271
176 84 126.169
176 92 41.9506
176 113 52.9974
176 128 28.6858
176 150 69.2271
176 177 21.3089
176 188 105.141
176 199 40.6197
176 212 59.7146
176 216 13.7887
176 231 15.6634
176 243 53.9814
177 54 15.8698
177 78 81.9327
177 97 66.9183
177 178 76.2487
177 185 8.91693
177 221 110.379
177 233 50.8242
178 33 112.338
178 71 36.98
178 136 73.7453
178 146 51.9744
178 168 32.7395
178 191 57.5887
178 217 29.0935
178 248 57.9274
179 3 84.4827
179 29 24.5387
179 63 34.4625
179 72 17.9901
179 89 84.0443
179 134 37.6759
179 162 76.6453
179 178 39.4903
179 218 79.0277
180 55 75.145
180 60 3.24828
180 71 29.7365
180 106 48.6922
180 226 103.608
180 232 82.3483
180 235 32.2552
181 13 45.3852
181 14 16.5216
181 33 121.265
181 120 22.046
181 122 4.61347
181 176 75.5903
181 238 69.4842
182 14 20.2597
182 183 78.9242
182 194 66.7717
183 1 33.2557
183 24 86.1664
183 37 100.928
183 127 33.8522
183 131 16.0049
184 14 19.8652
184 110 59.713
184 165 18.864
184 182 91.9307
184 186 16.3966
184 207 44.7172
185 21 38.0305
185 53 67.3677
185 56 18.8802
185 72 24.3843
185 87 15.7665
185 105 44.2334
185 114 76.7796
185 115 54.6024
185 121 104.56
185 210 25.652
185 232 61.4261
185 243 49.7287
185 249 73.2116
186 6 61.4057
186 49 21.6131
186 60 2.85262
186 76 106.509
186 152 20.2093
186 162 79.1158
186 199 38.7107
186 214 18.8914
187 10 19.5894
187 82 19.8616
187 86 106.755
187 144 12.3502
187 191 65.5285
187 198 38.3416
187 200 64.184
187 236 20.3724
188 24 122.002
188 65 68.118
188 94 91.5601
188 97 37.5592
188 100 81.8777
188 136 62.619
188 178 68.3399
188 207 50.3088
188 213 11.0755
188 227 8.39594
189 25 63.8624
189 29 28.1815
189 70 89.0926
189 71 34.241
189 83 28.8148
189 84 59.7908
189 142 109.192
189 169 131.3
189 193 92.3926
189 202 3.21996
189 222 51.2597
189 229 17.0799
189 238 56.8485
190 24 86.4005
190 61 99.4114
190 98 3.29031
190 140 29.019
190 145 59.1718
190 148 119.653
190 163 4.69702
190 189 66.1249
190 228 86.5292
191 20 34.3689
191 111 31.062
191 127 22.9803
191 128 22.3821
191 134 48.7509
191 217 13.6839
191 232 91.9273
191 238 110.007
192 8 15.5431
192 49 14.9828
192 56 19.9936
192 105 34.1035
192 138 4.8119
192 209 18.5532
192 236 14.8642
193 4 86.3442
193 9 107.052
193 24 96.4649
193 30 3.9597
193 46 38.5422
193 70 82.0847
193 82 10.7201
193 89 79.8631
193 100 93.6818
193 108 87.8383
193 150 91.6473
194 16 18.9716
194 42 104.18
194 52 94.3107
194 55 51.1556
194 82 6.58643
194 97 30.9781
194 125 86.9275
194 141 62.5767
194 147 4.9983
194 165 35.09
194 203 70.6586
194 218 107.15
194 223 8.3872
194 244 10.1271
195 4 121.609
195 45 12.928
195 95 98.3026
195 118 93.5994
195 124 25.8395
195 148 104.458
195 218 88.4231
195 244 15.2228
195 246 85.8721
196 22 36.5876
196 37 90.4086
196 39 61.6919
196 69 40.7571
196 110 59.0052
196 143 4.26773
196 157 99.3409
196 170 33.3396
196 189 63.9153
197 19 7.44334
197 39 28.6135
197 59 108.027
197 72 25.0532
197 92 80.7791
197 126 61.4315
197 195 103.232
197 241 3.85207
197 244 11.7726
198 20 17.3821
198 28 122.36
198 34 14.1358
198 50 42.4661
198 77 38.255
198 97 64.5651
198 105 57.136
198 135 56.0384
198 149 24.5242
198 191 71.393
198 201 56.9571
198 241 4.38928
199 46 54.5594
199 85 28.5762
199 165 20.6847
199 197 28.6548
199 210 24.5404
199 212 103.255
199 223 7.08781
199 249 88.1333
200 107 12.705
200 130 62.0565
200 170 29.8062
200 233 71.0038
201 35 38.7444
201 75 50.4165
201 78 85.5473
201 108 79.4744
201 166 94.8779
202 7 6.2392
202 115 67.6696
202 148 86.1521
202 153 3.28951
202 174 33.0311
202 238 78.7657
202 242 39.8909
203 52 59.0192
203 63 34.5841
203 70 82.2344
203 77 31.1914
203 110 44.7182
203 113 51.1306
203 116 89.3007
203 141 63.7438
203 155 23.6818
203 185 3.44356
203 211 54.5897
204 18 62.72
204 31 27.7123
204 39 55.4847
204 52 81.2921
204 54 14.6301
204 147 3.83415
204 176 74.8385
204 189 74.4027
205 31 40.2994
205 91 11.5756
205 109 32.0672
205 127 20.3634
205 162 56.6851
205 176 112.039
205 213 11.4495
205 216 16.7972
205 245 47.15
206 49 23.113
206 76 65.8276
206 91 7.57163
206 95 99.2092
206 114 65.6374
206 134 39.1043
206 147 4.12001
206 193 77.4684
206 194 60.1031
206 247 28.8776
207 0 65.402
207 12 55.2374
207 52 79.3573
207 109 56.2168
207 147 5.53724
207 158 71.2095
207 195 66.4492
207 222 54.5852
208 0 58.0329
208 5 22.5368
208 17 36.891
208 146 54.3551
208 196 32.0991
208 232 84.5953
209 51 50.5295
209 87 13.0789
209 111 44.7114
210 25 45.8549
211 3 86.2947
211 11 31.2674
211 108 51.5738
211 119 98.6368
211 173 19.8711
211 179 78.779
211 224 64.8021
211 242 56.1947
212 25 32.0585
212 38 59.4097
212 87 14.7605
212 175 47.0319
212 177 17.8845
212 189 64.334
212 237 53.3094
213 1 25.4275
213 23 32.9627
213 36 35.4733
213 55 52.1337
213 56 21.4467
213 60 2.77944
213 61 95.2939
213 67 30.693
213 90 11.3897
213 107 21.8399
213 143 4.91954
213 156 54.9621
213 223 7.89404
214 38 36.2856
214 52 89.156
214 65 65.5244
214 80 65.2679
214 91 8.86437
214 125 57.6418
214 171 55.0438
214 175 52.802
214 176 47.3993
214 185 9.20973
214 239 2
215 33 70.1792
215 35 72.2957
215 74 88.9288
215 92 66.6924
215 94 79.4389
215 123 47.4483
216 19 11.3844
216 138 5.62387
216 142 30.5606
216 151 23.0897
216 165 25.3171
216 224 134.192
216 236 11.8335
217 20 26.5284
217 51 66.2116
217 68 54.2768
217 121 83.9057
217 132 53.7873
217 140 44.0438
217 177 19.6067
217 219 9.11725
217 232 91.1067
217 243 60.4703
218 44 18.7428
218 79 35.2956
218 82 10.5073
218 107 22.3556
218 109 24.707
218 138 5.35871
218 175 58.6494
218 225 40.195
218 227 5.87532
219 13 25.1524
219 80 39.6818
219 99 52.6253
219 120 35.0954
219 186 16.0774
219 189 87.7703
219 240 95.8646
220 33 83.5733
220 50 54.9038
220 69 32.779
220 70 118.464
220 128 16.4985
220 232 75.067
221 2 59.4595
221 26 58.9021
221 51 90.693
221 79 30.8814
221 84 91.2862
221 123 41.7228
221 130 100.544
221 146 70.4631
221 166 44.1182
222 22 24.0455
222 29 42.776
222 37 109.847
222 42 103.681
222 50 66.8366
222 93 52.4896
222 99 31.2282
222 147 7.13819
222 219 11.5398
223 62 32.8583
223 64 108.943
223 66 83.1492
223 75 59.3934
223 98 3.50615
223 157 119.052
223 215 47.6321
224 24 73.3073
224 25 44.0209
224 42 106.96
224 51 67.0729
224 98 2.9889
224 116 96.1531
224 141 58.305
224 224 32.9015
225 21 49.7079
225 23 29.6673
225 41 105.97
225 91 5.74202
225 156 61.464
225 166 95.5621
225 217 33.745
226 23 43.1528
226 41 58.8592
226 73 64.8634
226 103 23.7745
226 131 10.6857
226 140 38.6029
226 229 21.3686
227 145 57.4281
227 160 37.5536
227 164 64.5215
227 188 82.7018
227 224 94.1229
228 13 67.3048
228 35 22.8432
228 64 134.456
228 91 10.5708
228 102 87.1974
228 191 73.6582
229 72 18.0988
229 79 24.4036
229 130 79.6292
229 135 67.4305
229 169 112.879
229 241 6.0036
230 42 122.817
230 68 46.6076
230 79 29.4439
230 89 64.0893
230 106 70.7537
230 138 4.2035
230 145 58.2594
230 183 81.3007
230 233 56.0971
231 29 30.5134
231 34 18.2617
231 58 82.7475
231 63 27.6443
231 100 87.9931
231 115 73.0977
231 155 32.0718
231 182 94.4173
231 185 4.76681
231 227 6.22475
232 18 47.6249
232 22 20.7378
232 27 22.0398
232 38 54.1392
232 109 36.2113
232 147 5.22975
232 178 86.2864
232 206 46.8857
232 212 76.4336
232 230 52.7109
232 245 65.5818
233 1 38.259
233 72 27.709
233 81 26.9551
233 141 65.1558
233 163 4.77659
233 181 57.7541
233 196 30.1877
233 215 54.2263
233 219 8.19114
233 247 28.8594
234 27 41.2932
234 78 80.3344
234 146 66.8099
234 147 5.03448
234 160 84.8625
234 194 60.9277
234 230 56.1693
234 231 17.8255
235 29 17.6685
235 49 20.8508
235 71 24.7079
235 84 124.433
235 220 2
236 1 18.0426
236 9 56.3138
236 15 48.3216
236 67 48.765
236 80 46.9717
236 93 55.5137
236 141 37.7198
236 142 85.939
236 154 22.0862
236 159 83.2915
236 175 49.3676
236 217 28.7213
236 223 9.06897
238 22 41.1061
238 92 52.6361
239 7 4.68886
239 8 16.9152
239 14 26.7808
239 20 21.2589
239 80 66.2724
239 140 42.4761
239 158 31.5477
239 176 72.6709
239 229 20.1968
240 56 16.756
240 161 24.0942
241 80 51.6326
241 82 11.0444
241 85 31.2771
241 118 98.8078
241 133 40.994
241 134 28.2487
241 149 46.2505
241 153 4.37195
241 160 37.2456
241 216 24.2737
242 4 68.3015
242 50 44.3901
242 68 69.5291
242 96 93.6158
242 105 35.8391
242 163 5.44672
242 198 29.3143
243 22 25.5786
243 27 24.5659
243 32 49.1228
243 105 37.4417
244 38 45.7524
244 61 88.8232
244 62 38.005
244 66 62.8632
244 116 67.9293
244 122 4.96176
245 10 23.1848
245 18 42.5625
245 33 116.898
245 41 86.5378
245 94 81.4315
245 96 96.866
245 116 74.1903
245 128 15.4509
245 148 57.536
245 187 33.3205
245 188 44.4156
246 65 52.3459
246 116 119.58
246 198 26.8116
246 199 68.342
247 35 56.6514
247 59 94.9254
247 60 3.19511
247 122 4.63125
247 138 5.95152
247 154 23.0867
247 177 23.8462
247 202 3.55096
247 207 38.7914
248 39 39.0677
248 72 19.8966
248 101 45.8103
248 182 69.2005
248 215 46.228
248 230 34.0167
248 231 16.5451
249 10 28.063
249 129 85.5175
249 171 44.2018
249 177 24.4981
249 186 15.5372
249 190 2.47692
249 197 45.9629
249 219 11.4152
249 233 47.2555
249 246 84.6751
249 247 28.8961
