100 100 756
0 8 62.2978
0 25 68.1947
0 35 125.365
0 68 64.6771
0 72 123.442
0 92 14.3754
0 97 10.1376
1 1 96.8084
1 20 35.1103
1 56 97.842
1 65 57.1102
1 67 53.8666
1 69 73.4937
1 88 83.6125
2 6 51.3867
2 11 51.599
2 36 99.2567
2 74 98.6002
2 82 59.2291
3 0 31.2961
3 4 32.8927
3 6 74.7942
3 18 39.7959
3 34 40.509
3 44 77.8569
3 61 24.41
3 63 7.84926
3 91 12.9316
4 17 40.4504
4 21 88.6289
4 25 74.1447
4 28 41.2968
4 38 114.429
4 49 46.4535
4 67 101.472
4 92 22.1217
4 93 93.8267
5 2 76.1835
5 6 100.099
5 14 79.7721
5 23 15.4109
5 35 116.554
5 40 40.3938
5 54 121.259
5 57 114.424
5 60 57.5484
5 61 37.3233
5 74 82.8267
6 3 45.3685
6 19 63.2401
6 88 57.7885
7 7 111.893
7 12 37.6746
7 22 84.2355
7 33 45.1231
7 42 35.6765
7 43 72.2302
7 64 75.1047
7 70 33.4808
7 82 95.3975
7 95 6.2198
7 99 85.5487
8 0 49.5866
8 6 87.8092
8 10 10.5543
8 16 94.7128
8 59 11.2891
8 73 76.4541
9 9 23.9818
9 26 149.093
9 35 110.363
9 41 4.72395
9 42 11.6553
9 62 75.727
9 63 3.97976
9 81 24.3618
9 82 51.8257
9 96 30.4019
10 25 83.1755
10 26 92.5808
10 49 42.0457
10 58 112.609
11 4 20.2249
11 8 93.9822
11 17 38.3522
11 18 66.6612
11 22 59.8574
11 29 30.7998
11 30 47.7014
11 34 29.4091
11 42 23.4797
11 50 17.9017
11 57 99.8863
11 69 88.6279
11 71 4.34583
12 5 43.8513
12 11 57.3674
12 17 45.3163
12 18 39.1535
12 46 59.7035
12 56 80.319
12 71 4.66713
12 86 13.0228
13 7 97.6918
13 8 48.0381
13 10 10.6831
13 62 84.9548
14 10 20.0204
14 36 107.332
14 75 43.2794
14 82 103.765
14 84 8.93525
14 93 84.403
14 98 47.1576
15 13 52.7785
15 20 49.2784
15 65 19.7393
15 83 44.5443
15 93 124.375
15 99 67.8966
16 1 71.1647
16 5 58.8523
16 26 89.5926
16 27 27.4823
16 43 83.8708
16 93 112.239
16 97 20.0867
17 3 41.1891
17 4 44.3978
17 32 29.3622
17 37 24.8192
17 42 17.1172
17 65 66.5533
17 79 8.44214
17 96 26.763
17 99 28.4324
18 1 119.783
18 8 43.3412
18 34 50.9338
18 63 4.8941
18 72 102.339
18 73 45.5645
18 84 10.8184
19 18 41.48
19 39 68.8076
19 59 10.6956
19 63 5.57138
19 98 74.6976
20 50 29.0391
20 63 5.6306
20 74 86.0175
20 84 6.1447
20 98 111.154
21 8 68.7753
21 31 67.048
21 51 76.2216
21 64 84.0469
21 76 65.6423
21 81 21.4002
22 1 84.9591
22 2 58.9066
22 23 16.8359
22 37 20.2019
22 44 62.815
22 55 78.1466
22 64 52.1054
22 87 73.1231
23 44 55.1834
23 81 11.8946
23 88 95.7856
23 92 41.3817
24 18 41.5155
24 23 18.7347
24 26 85.4605
24 32 40.4962
24 72 141.102
24 80 17.2885
24 99 87.1784
25 18 42.6233
25 21 95.2829
25 34 55.5857
25 42 24.7875
25 51 79.2806
25 60 52.3726
25 61 29.106
25 85 68.157
25 86 11.8955
25 96 21.3692
25 98 75.2367
26 10 11.7362
26 27 32.091
26 37 22.6572
26 47 66.2501
26 64 63.1516
26 84 8.00571
26 87 83.6585
26 89 131.516
27 2 103.216
27 46 96.1166
27 67 78.6199
27 73 68.8111
27 95 3.83547
27 98 98.9711
28 0 37.306
28 21 65.1184
28 58 97.8982
28 79 10.0772
28 85 84.7375
29 25 57.0878
29 81 16.3453
29 82 90.7509
29 98 51.003
30 7 94.903
30 32 64.9509
30 49 44.6614
30 62 73.2058
30 81 17.4943
30 92 29.2632
31 10 15.4875
31 16 119.282
31 32 64.7834
31 36 79.1442
31 58 82.6368
31 81 14.6585
31 93 59.8023
32 31 93.5859
32 43 72.4344
32 60 46.8601
32 76 76.6163
32 88 84.1616
33 54 67.9558
33 69 130.774
34 3 87.5967
34 26 60.0808
34 56 79.9709
34 57 89.9778
34 58 79.1536
34 66 2
34 79 6.15324
34 83 58.3893
34 86 6.11835
34 88 73.5604
35 6 75.2994
35 14 66.6067
35 23 19.3828
35 35 58.0358
35 43 82.497
35 44 53.8362
35 57 86.4768
35 66 2
35 83 40.4411
36 2 113.118
36 30 45.5608
36 40 47.1487
36 52 31.0139
36 54 108.352
36 63 5.1039
36 68 45.1903
36 79 6.27102
36 83 24.2071
36 95 5.70382
37 32 48.0548
37 43 88.3337
37 83 49.515
38 6 88.4555
38 7 122.328
38 37 13.5618
38 54 112.734
38 66 2
38 69 85.6838
38 72 58.5075
38 93 78.9734
38 99 140.92
39 1 104.796
39 13 32.6888
39 41 4.03312
39 42 30.8458
39 54 108.984
39 57 84.2762
39 65 38.5428
39 82 102.273
39 94 21.7174
40 8 54.0158
40 9 17.5638
40 10 14.2445
40 34 66.0723
40 56 52.1419
40 63 4.02146
40 68 64.6984
40 82 74.3756
40 84 10.1411
40 92 34.9607
40 97 40.5097
41 16 88.853
41 36 111.241
41 51 100.706
41 53 117.985
41 60 56.1752
41 73 73.7873
41 83 70.3144
41 96 8.9479
42 4 50.2325
42 48 49.2608
42 61 39.7164
42 62 118.761
42 63 5.3908
42 65 45.2958
42 75 30.4001
42 87 117.263
42 88 66.8461
42 89 63.6648
43 3 76.8252
43 4 44.0736
43 5 56.4549
43 24 33.5279
43 45 85.2835
43 47 53.53
43 55 65.4021
43 57 109.133
43 70 55.4926
43 80 29.9318
43 82 113.783
43 87 89.1856
44 1 91.6492
44 8 53.5148
44 33 40.787
44 51 37.3182
44 91 22.0504
44 97 24.0671
45 46 93.3261
45 48 45.2704
45 50 23.2603
45 80 30.6467
45 81 20.5166
45 83 50.2635
45 89 83.3806
46 5 25.9105
46 14 59.2859
46 46 100.039
46 47 76.9967
46 66 2
46 79 9.01057
46 87 60.3738
46 94 36.1169
47 3 83.5362
47 8 30.236
47 24 28.4031
47 27 30.9791
47 39 87.0348
47 52 15.8505
47 56 66.3976
47 59 15.1452
47 81 20.2653
47 91 22.3377
48 24 25.5072
48 25 64.8815
48 58 97.3969
48 61 54.0831
48 67 62.4441
48 70 44.55
48 85 107.605
49 3 64.3943
49 4 32.6484
49 21 89.4709
49 42 29.7175
49 58 116.037
49 64 65.2928
49 71 4.85706
49 82 56.4225
49 95 5.59026
50 2 113.209
50 12 42.5731
50 39 57.7503
50 98 71.5523
51 13 35.8118
51 26 70.6012
51 45 137.04
51 57 96.5261
51 63 7.5458
51 71 4.37397
51 87 83.8756
52 15 23.8862
52 31 85.4646
52 34 45.153
52 39 118.188
52 41 4.75529
52 46 110.347
52 56 91.1412
52 65 37.6097
52 73 56.8553
52 75 35.3231
52 77 129.829
52 88 72.61
52 91 21.3312
53 1 80.7873
53 5 48.9038
53 7 116.763
53 27 25.836
53 33 35.0472
53 40 38.5442
53 41 4.88297
53 69 70.1601
53 82 92.4471
54 8 66.7335
54 30 59.5445
54 34 48.1666
54 69 92.8095
54 77 81.8423
54 91 25.9789
55 0 35.8679
55 6 80.6964
55 21 73.7549
56 0 48.4107
56 15 22.4071
56 54 134.484
56 67 90.9847
56 77 105.833
56 86 15.2885
56 90 59.6292
56 93 104.198
56 98 52.3057
57 8 81.125
57 30 60.3868
57 32 50.014
57 60 40.1013
57 61 46.9167
57 66 2
57 73 40.1814
57 81 13.3627
57 91 17.9541
57 95 5.78957
57 97 25.4206
58 6 63.6158
58 26 116.857
58 46 81.3483
58 60 43.3265
58 66 2
58 76 56.2313
58 90 90.3043
59 9 25.1885
59 68 68.5742
59 81 21.3624
59 84 7.48639
59 98 70.2269
60 19 64.3964
60 43 98.6102
60 65 42.7814
60 88 37.7339
60 98 56.9215
61 7 65.7561
61 9 24.0492
61 14 38.1341
61 28 38.4402
61 29 91.1426
61 86 19.1241
62 7 57.9571
62 14 84.2742
62 29 72.74
62 37 18.0765
62 56 65.3844
62 68 68.9558
62 73 60.0929
62 94 19.6504
63 21 79.7223
63 33 32.7429
63 70 36.7251
63 75 56.138
63 96 23.9196
63 99 59.6745
64 8 75.4055
64 24 18.0067
64 39 67.1432
64 48 58.104
64 68 52.8075
65 7 91.0798
65 20 40.9067
65 43 56.4535
65 53 85.4259
65 60 40.4201
65 64 61.6512
65 77 73.2778
66 37 24.322
66 43 99.0877
66 45 75.148
66 57 103.7
66 64 22.8154
66 82 50.7295
66 87 54.2283
66 88 95.3605
66 91 20.5119
67 2 79.3979
67 7 110.189
67 39 82.1145
67 50 21.9684
67 62 101.132
67 73 48.5699
67 86 9.68147
67 93 83.9188
67 96 25.5016
68 0 29.787
68 24 29.0709
68 27 25.6425
68 30 31.0521
68 44 41.0246
68 56 67.6076
68 68 84.4661
68 87 91.5114
68 91 18.2604
69 23 14.8516
69 28 53.0855
69 43 107.825
69 48 54.4141
69 50 25.186
69 51 86.6012
69 54 66.2934
69 74 79.296
70 23 20.4297
70 33 30.5515
70 34 41.2432
70 35 98.05
70 67 77.3393
70 78 90.1003
70 98 56.433
71 3 52.4256
71 4 40.6312
71 6 55.216
71 24 26.4106
71 46 134.612
71 47 50.7754
71 63 7.01887
71 79 8.17135
71 87 34.6574
71 88 50.2889
72 6 83.9896
72 8 47.5202
72 13 48.6901
72 35 103.986
72 39 79.4039
72 42 23.5441
72 57 86.6479
72 87 74.8289
73 8 44.2045
73 18 53.1193
73 36 85.6267
73 51 106.436
73 59 14.8041
73 77 87.2528
73 96 24.2295
74 1 65.1123
74 18 37.5851
74 19 58.0657
74 41 4.1255
74 54 144.323
74 65 48.1499
74 75 45.2356
74 77 72.7963
74 80 26.7545
74 89 112.439
74 98 31.1937
75 33 39.159
75 73 74.8821
76 3 24.352
76 6 23.1498
76 16 118.914
76 22 107.571
76 28 31.4624
76 54 84.5632
76 57 81.9889
76 58 81.4123
76 59 14.1789
76 70 31.3893
76 76 77.2773
76 92 21.0574
77 8 51.7655
77 12 31.7744
77 91 9.70426
77 96 32.3315
78 2 61.9692
78 30 57.1249
78 53 59.8239
79 2 99.7382
79 12 27.8654
79 13 44.5365
79 25 63.7257
79 27 32.4975
79 61 44.5182
79 63 6.53087
79 72 117.186
79 79 11.5936
80 30 51.1795
80 33 40.0768
80 35 93.0953
80 68 70.5656
80 75 38.9855
80 87 68.5015
81 0 55.9356
81 6 50.8175
81 11 33.7264
81 13 79.9362
81 43 60.762
81 51 82.0841
81 74 127.877
81 80 40.162
82 2 81.1229
82 41 5.67729
82 47 48.118
83 2 87.5064
83 7 88.9901
83 20 49.0472
83 25 89.28
83 37 17.0075
83 53 116.772
83 58 91.1509
83 64 68.9648
83 81 25.273
84 9 27.5616
84 11 61.9723
84 19 93.9031
84 29 50.2175
84 31 70.8652
84 32 69.3398
84 46 50.2181
84 53 119.015
84 75 38.1862
84 76 55.8346
84 79 5.86425
84 94 36.1374
84 96 27.0923
85 17 69.7381
85 18 61.183
85 19 99.378
85 23 15.0583
85 26 82.4184
85 35 87.3398
85 42 26.7991
85 56 31.0868
85 69 85.1997
85 74 68.8691
85 85 73.973
85 94 39.2695
85 97 28.4347
86 5 57.4048
86 53 99.0282
86 82 86.9815
86 92 30.2451
86 93 102.108
87 49 54.614
87 53 62.6631
87 54 90.0956
87 62 54.1818
87 81 19.4546
88 15 18.3491
88 16 103.738
88 46 99.1785
88 62 99.5242
88 76 41.9853
88 81 18.6999
88 97 30.2122
89 14 52.3912
89 33 47.4229
89 48 57.5263
89 51 98.9394
89 55 35.2955
89 63 7.35196
89 70 42.1359
89 73 63.2704
89 81 19.7441
89 85 81.7381
89 89 63.5116
89 91 20.5761
89 97 33.5241
90 16 137.542
90 36 130.445
90 40 38.0117
90 45 127.394
90 46 95.5118
90 50 18.4205
90 65 32.1611
90 74 75.7613
90 85 42.413
90 92 40.2008
91 4 41.6455
91 7 99.4654
91 11 64.6708
91 31 58.5761
91 42 22.4749
91 54 73.0143
91 73 52.6955
91 76 63.4329
91 79 9.80767
91 89 57.0417
91 93 86.7182
92 11 35.2043
92 17 34.7303
92 44 49.7593
92 70 47.7441
92 90 59.3594
92 96 27.9173
93 9 26.3828
93 10 16.6561
93 34 62.7748
93 67 61.593
94 11 50.9203
94 24 33.9652
94 35 54.8249
94 42 20.0566
94 47 47.7489
94 55 45.7019
94 60 66.4485
94 74 35.6962
94 81 24.1192
94 94 38.4082
95 8 38.7636
95 18 71.5873
95 34 34.2415
95 45 127.165
95 55 39.5003
95 87 119.835
96 1 42.4761
96 5 63.3384
96 12 24.7936
96 14 55.196
96 17 22.0024
96 59 10.724
96 84 11.713
96 90 76.668
96 97 27.4284
97 5 59.2224
97 7 97.3889
97 12 36.5612
97 19 50.2807
97 29 76.861
97 39 64.7736
97 41 5.13197
97 44 50.2356
97 46 110.14
97 53 45.163
97 66 2.23006
97 69 95.7663
97 75 61.9992
97 82 50.1739
97 95 4.71295
98 2 65.861
98 26 105.233
98 28 56.1511
98 30 50.9307
98 31 99.112
98 38 99.6704
98 39 77.4716
98 43 105.092
98 62 108.692
98 79 8.56623
99 15 23.3119
99 24 25.8158
99 37 15.4345
99 44 78.6036
