100 100 815
0 4 37.447
0 7 59.6286
0 81 3.1605
1 5 92.8559
1 20 27.447
1 33 41.859
1 35 70.7414
1 47 9.52522
1 50 56.3559
2 1 38.0312
2 41 94.3211
2 56 30.8165
2 76 68.7665
3 17 23.0732
3 36 14.5016
3 46 21.2171
3 60 57.8725
3 65 11.8229
3 69 51.0821
3 72 53.0009
3 95 50.3055
3 96 43.934
4 15 35.3902
4 26 4.21296
4 48 70.2233
4 52 15.0866
4 69 57.5138
4 87 33.768
4 95 46.7725
5 5 85.3945
5 16 18.7541
5 25 16.9152
5 28 2.15304
5 53 14.53
5 59 36.074
5 65 6.36794
5 74 87.2485
5 87 64.4308
5 92 60.6133
6 4 36.1241
6 15 63.149
6 39 49.2549
6 52 13.907
6 61 64.5597
6 65 9.19323
6 70 59.2164
6 71 5.89029
6 75 93.9172
6 83 87.5559
7 2 13.5007
7 5 79.6775
7 7 45.4684
7 15 46.4593
7 64 40.693
7 87 57.5048
8 21 32.7159
8 57 40.9768
8 70 32.9468
8 71 8.9683
8 77 91.0337
8 87 32.3186
8 89 11.6216
8 98 55.6568
9 7 60.7722
9 12 31.9279
9 22 23.8174
9 51 92.3158
9 70 33.9095
9 74 106.902
9 80 49.8602
9 86 112.214
9 91 31.5864
10 36 9.34186
10 40 6.53731
10 94 37.4643
10 99 56.2379
11 51 111.55
11 66 25.8144
11 71 9.12188
11 76 43.5729
12 11 10.8596
12 20 24.1881
12 53 18.0336
12 75 96.6575
12 86 69.3629
12 97 50.5101
12 99 77.8906
13 11 12.9095
13 14 71.3895
13 19 25.5406
13 30 31.024
13 37 105.393
13 47 38.8776
13 69 57.0547
13 83 60.0289
13 88 93.2115
13 99 64.2956
14 27 9.85849
14 36 6.69572
14 37 86.515
14 46 14.5974
14 47 28.1404
14 75 93.9295
14 78 8.94914
15 2 18.7287
15 5 40.6572
15 12 75.2923
15 46 23.8261
15 53 13.8462
15 55 9.1132
15 62 74.6733
15 64 71.7092
15 77 111.92
15 85 88.6254
15 93 33.5778
15 96 67.2957
16 3 20.5708
16 15 45.1489
16 23 131.224
16 28 2.08478
16 53 22.4459
16 81 3.13876
16 84 14.8549
16 93 12.1769
17 0 25.9442
17 26 5.80619
17 27 11.3034
17 32 27.7899
17 39 42.253
17 44 26.7856
17 45 24.0114
17 46 21.5419
17 50 46.3846
17 66 36.4373
17 83 106.128
17 90 93.9499
17 94 46.1752
18 21 36.5394
18 32 15.9568
18 34 59.4756
18 55 9.99142
18 73 8.04847
18 76 41.0542
18 77 47.0848
19 3 35.0389
19 7 60.1
19 9 16.057
19 20 37.211
19 32 22.4077
20 1 33.4647
20 16 23.2003
20 35 39.0109
20 36 10.4248
20 42 76.9795
20 49 55.2818
20 52 13.4946
20 56 33.3211
20 64 86.1521
20 87 77.6291
21 0 18.8125
21 4 47.972
21 26 5.46104
21 29 82.0691
21 33 26.437
21 39 50.4432
21 70 60.4248
21 79 6.15641
22 7 43.407
22 15 57.9497
22 22 26.2773
22 54 106.193
22 71 10.3854
22 93 25.839
22 97 52.3441
23 2 16.2682
23 31 14.4303
23 32 17.4149
23 50 92.4132
23 51 100.095
24 13 32.2453
24 16 23.9636
24 17 23.454
24 19 48.8357
24 24 2
24 34 61.193
24 40 7.13821
24 74 65.7029
24 77 84.6117
24 98 50.4874
25 22 33.3376
25 32 26.3109
25 40 6.6509
25 53 17.4887
25 71 8.76104
25 76 58.4565
25 79 7.19642
25 91 39.9145
26 14 70.6508
26 42 80.0097
26 50 94.307
26 64 104.469
26 65 7.94645
26 81 3.19418
26 89 8.57556
26 94 36.0983
26 95 53.6086
26 97 105.806
26 98 40.9518
27 20 38.7594
27 40 9.69299
27 45 48.0607
27 51 108.138
27 55 11.4788
28 50 116.331
28 52 11.9939
28 59 32.0966
28 65 14.4429
28 67 2.12108
28 79 6.66889
28 84 23.4518
28 92 77.4385
29 1 24.2484
29 4 38.4223
29 15 67.4816
29 26 6.90199
29 28 2
29 30 40.5811
29 36 12.8635
29 42 84.3679
29 61 48.4017
29 62 74.1019
29 64 113.949
29 65 10.8416
29 68 2.75621
29 70 68.6682
29 74 110.61
29 77 98.7433
29 84 13.0049
29 93 36.2777
29 95 37.3883
30 6 48.1761
30 17 32.5791
30 22 32.8528
30 24 2.1255
30 28 2.19255
30 32 17.9151
30 54 59.3005
30 59 38.4667
30 62 51.9279
31 3 37.5916
31 10 112.542
31 15 64.5883
31 19 45.3905
31 25 17.7932
31 28 2
31 46 21.0516
31 57 81.934
31 61 67.9029
31 64 42.506
31 89 9.57443
31 90 55.1471
32 6 44.4129
32 61 66.5912
32 70 40.8312
32 71 15.2972
32 91 37.5948
33 3 25.0831
33 11 11.0187
33 12 79.5991
33 13 27.472
33 62 63.1087
33 63 71.9762
33 82 68.2635
33 96 58.4585
34 9 8.16639
34 32 17.598
34 39 60.7157
34 54 67.9873
34 58 17.1395
34 61 34.6606
34 66 33.7718
34 79 5.00299
34 96 65.3248
35 1 30.522
35 8 45.1846
35 10 89.3884
35 20 37.6127
35 44 23.374
35 50 103.444
35 79 5.37797
35 96 43.9384
36 32 18.8667
36 34 55.3196
36 48 88.2852
36 54 103.343
36 59 40.2723
36 74 66.8491
37 2 20.0108
37 27 11.2353
37 30 41.8035
37 61 51.9879
37 79 6.7019
37 97 52.0907
38 0 22.6883
38 3 23.224
38 21 36.6903
38 24 2.10581
38 29 70.3276
38 46 18.3396
38 59 48.6658
38 75 46.4097
39 4 20.4991
39 14 54.8666
39 17 20.0993
39 24 2.24327
39 46 17.4633
39 50 64.8798
39 58 25.3514
39 61 61.0122
39 65 5.43061
39 78 11.3808
39 84 16.4697
39 93 56.8916
40 5 72.5932
40 14 90.3886
40 17 26.1391
40 69 36.0523
40 96 59.2277
41 58 12.1489
41 66 45.0034
41 74 60.3135
41 85 74.3919
41 92 57.0148
42 12 77.7083
42 33 49.1646
42 35 41.6959
42 46 18.9092
42 52 6.49414
42 57 79.7167
42 77 123.955
42 83 62.5424
42 89 7.7391
43 6 36.7652
43 56 44.6492
43 76 54.7756
43 95 39.5422
44 2 17.462
44 13 30.2158
44 33 43.6407
44 45 29.6831
44 77 124.617
44 89 9.48972
45 4 48.3766
45 13 28.4311
45 18 55.9856
45 19 80.7792
45 28 2
45 39 35.6318
45 52 12.3014
45 57 101.447
45 60 59.2612
45 64 77.5172
45 66 38.1968
45 75 72.0451
45 86 89.8045
46 2 7.97378
46 46 9.89288
46 75 73.1525
46 92 66.2869
46 96 67.6967
47 25 9.40591
47 38 7.44774
47 40 5.97994
47 68 3.00567
47 69 54.3354
47 93 44.3217
47 97 89.0149
47 98 52.7141
48 4 36.6688
48 23 90.2773
48 31 29.691
48 48 104.7
48 50 64.6149
48 60 53.2178
48 70 23.7088
48 80 75.7392
49 4 57.891
49 12 50.7021
49 49 73.17
49 51 92.0623
49 68 2.60066
49 78 19.1138
49 84 16.6924
49 91 47.9487
49 92 72.4786
49 98 19.4956
50 3 22.3975
50 36 14.142
50 44 25.4377
50 61 49.6586
50 74 82.6412
50 88 86.3969
50 92 70.6168
51 13 33.973
51 30 45.9948
51 57 92.1977
51 61 49.4245
51 64 121.45
51 75 72.1185
51 78 11.0775
51 80 54.7582
51 84 25.6457
51 85 79.2964
51 90 77.8888
52 10 65.0334
52 11 12.7632
52 20 39.7169
52 38 8.95613
52 55 10.2843
52 61 51.6412
52 86 76.6549
52 90 52.2272
52 96 52.0524
53 1 35.4434
53 11 14.2575
53 15 62.1808
53 29 107.167
53 30 45.7268
53 37 92.3654
53 42 43.3849
53 73 10.4742
53 85 38.7236
53 97 90.4194
54 16 17.5811
54 23 115.215
54 24 2
54 26 6.95915
54 27 10.0151
54 35 42.6181
54 43 49.5027
54 51 91.4273
54 56 49.3779
54 83 86.4466
54 97 71.3727
55 3 50.0896
55 13 30.7708
55 28 2.15757
55 38 9.50507
55 80 64.6008
55 82 73.2665
55 96 47.7206
56 9 15.5733
56 12 87.8596
56 15 63.0938
56 38 7.32487
56 45 26.1615
56 51 99.0806
56 52 12.3356
56 63 64.5368
56 70 88.3446
56 74 84.0661
56 84 17.5091
56 88 50.9974
56 96 43.827
57 0 23.9737
57 26 5.79985
57 31 13.2746
57 36 16.4776
57 42 80.5389
57 75 64.9149
57 77 80.8362
57 88 48.6448
57 97 60.4323
58 0 25.3505
58 14 92.2501
58 25 19.7695
58 28 2
58 35 59.075
58 36 14.8186
58 54 100.422
58 63 69.2312
58 79 6.01644
58 88 95.0641
58 91 26.8036
59 10 86.0918
59 19 76.0379
59 29 70.6894
59 39 30.6423
59 43 52.8123
59 51 92.1531
59 56 23.9403
59 58 19.5335
59 61 56.2347
59 72 55.8461
59 80 66.5838
59 84 29.8815
59 92 71.8906
59 93 48.7651
59 97 55.9799
59 99 60.4805
60 11 7.44718
60 34 42.3742
60 42 55.6289
60 53 10.0931
60 62 49.4748
60 90 57.2757
61 1 23.8053
61 34 54.8537
61 42 50.0519
61 98 39.2965
61 99 55.4847
62 29 48.0464
62 50 100.336
62 67 2
62 96 61.0472
63 4 28.4661
63 11 12.1807
63 14 88.9529
63 30 36.6798
63 43 97.4939
63 48 41.9803
63 97 48.0719
64 2 14.7963
64 18 71.9713
64 24 2.07236
64 35 34.4818
64 43 93.6745
64 72 30.5818
64 76 50.7634
64 78 7.56159
64 79 6.38511
64 84 26.3939
64 85 79.5385
64 96 40.7245
65 29 67.4344
65 39 58.1166
65 54 85.1801
65 64 81.9353
65 72 53.8864
65 88 67.0946
66 2 19.482
66 13 25.1674
66 19 59.3402
66 24 2
66 38 6.76208
66 51 107.248
66 56 33.0391
66 62 77.1771
66 68 3.68672
66 69 69.9567
66 80 80.48
66 88 82.9624
67 1 38.3508
67 17 19.4956
67 22 25.3988
67 30 29.4961
67 37 83.3492
67 59 35.8474
67 69 51.8473
67 78 11.0938
67 81 3.53583
68 23 95.4412
68 51 119.211
68 59 30.4903
68 80 75.8642
68 84 31.167
68 87 23.304
69 16 12.6961
69 38 9.06779
69 91 51.2384
70 1 30.0443
70 8 32.7218
70 18 60.5807
70 20 37.4103
70 42 76.7888
70 44 25.4521
70 46 11.7674
70 57 91.4687
70 69 49.5592
70 90 101.666
71 15 30.3428
71 48 55.8975
71 53 15.948
71 81 2.87105
72 9 13.3606
72 16 19.3988
72 37 87.7386
72 39 57.7353
72 46 12.2973
72 58 15.4977
72 65 11.9643
72 66 59.9876
72 86 109.047
72 88 77.8207
72 92 64.9615
73 1 32.6323
73 10 84.0594
73 36 6.93278
73 38 8.23966
73 60 70.9861
73 61 31.6323
73 64 94.1211
73 73 15.981
73 86 68.4031
73 88 43.1509
74 34 33.6724
74 60 102.706
74 66 57.2298
74 74 85.9366
74 88 76.0381
75 23 76.3598
75 24 2
75 29 82.403
75 33 34.4195
75 39 48.5209
75 47 32.5131
75 55 12.9548
75 56 29.8089
75 62 67.1425
75 70 58.736
75 73 12.1033
75 74 73.786
75 87 42.8223
75 89 9.39194
76 0 18.0821
76 5 48.4922
76 8 44.1241
76 17 21.837
76 26 8.52477
76 28 2.33805
76 35 76.0837
76 56 29.6431
76 58 14.6571
76 85 110.102
76 89 5.77061
76 98 52.6243
77 4 49.6714
77 34 37.2342
77 36 12.9311
77 39 48.3078
77 76 39.2566
77 77 64.2911
77 82 118.833
77 89 7.50636
78 17 28.287
78 40 8.80176
78 56 36.5224
78 61 51.6418
78 83 55.3354
78 93 51.8436
79 14 55.114
79 24 2.18088
79 27 6.58165
79 33 52.2947
79 50 51.9814
79 73 13.4427
80 11 9.7111
80 48 51.7753
80 64 98.332
80 87 62.7131
80 88 73.8494
80 89 11.3566
80 91 56.3592
81 1 28.1082
81 2 10.3821
81 15 55.4607
81 39 60.9165
81 47 53.6303
81 53 14.6584
81 71 13.5598
81 84 26.6035
81 96 71.282
82 3 45.6453
82 4 32.5785
82 11 11.8521
82 35 59.783
82 38 6.70042
82 48 58.4271
82 62 68.5384
82 66 43.1006
82 88 80.1436
83 1 29.8144
83 27 10.9431
83 37 79.1222
83 39 71.7206
83 45 26.878
83 65 9.50531
83 96 46.7148
84 1 14.8242
84 4 33.4335
84 10 77.2473
84 38 7.14283
84 42 69.149
84 59 44.7464
84 80 92.4821
84 84 15.7533
84 92 48.4703
85 8 32.4579
85 12 47.9161
85 20 21.2814
85 22 27.5188
85 31 15.7403
85 34 74.5212
85 52 14.5588
85 54 43.1424
85 60 90.8172
85 65 12.7909
85 76 56.5736
85 88 70.6537
86 2 21.5488
86 5 76.224
86 8 39.7683
86 9 16.5986
86 35 44.0869
86 77 143.133
86 85 102.409
86 89 10.5917
86 92 67.9156
86 96 83.2039
86 98 44.6806
87 6 39.3957
87 42 60.7205
87 97 120.261
88 6 33.709
88 9 13.4073
88 14 69.4207
88 17 32.9252
88 52 14.5544
88 55 9.94877
88 58 23.4598
88 59 43.3783
88 83 129.532
88 92 80.7642
88 96 43.8182
89 5 42.5799
89 7 39.1645
89 11 13.014
89 23 65.2174
89 37 88.0324
89 52 7.52951
89 75 96.5716
89 78 12.9385
89 87 49.2167
90 33 43.0059
90 56 20.487
90 74 95.5576
90 80 56.6829
91 22 36.5771
91 34 69.0786
91 40 7.10978
91 61 57.1086
91 67 2
91 74 64.5826
91 86 108.288
92 0 11.8705
92 3 47.0081
92 5 109.362
92 83 84.1326
92 85 81.8491
92 93 28.5874
93 19 48.1071
93 25 17.3546
93 53 26.181
93 63 65.0325
93 85 88.9529
94 2 10.7192
94 3 33.5317
94 8 31.6381
94 19 33.3723
94 46 11.538
94 88 98.5456
94 90 59.8607
95 2 8.57959
95 3 22.2517
95 20 33.0194
95 23 59.9093
95 27 11.5932
95 45 35.0103
95 82 108.888
95 89 7.26318
95 94 32.1709
96 1 24.8129
96 5 71.2982
96 15 49.3581
96 36 15.9293
96 37 66.7726
96 54 77.3392
96 59 37.1974
96 87 53.4576
96 97 119.248
97 13 28.5552
97 22 23.5314
97 39 36.447
97 48 51.9638
97 75 63.4105
97 78 13.2592
98 2 15.8372
98 3 28.8188
98 10 103.536
98 30 34.4926
98 63 64.6779
98 84 19.786
98 85 75.6538
99 3 24.8847
99 10 60.1653
99 30 22.3567
99 37 89.8285
99 40 6.48805
99 44 15.1747
99 59 25.5127
99 61 52.8555
99 63 104.933
99 64 103.005
99 86 77.4095
99 96 79.3714
