300 300 2120
0 28 52.636
0 38 91.2732
0 45 21.2458
0 59 44.4262
0 93 130.143
0 106 28.9205
0 131 8.97944
0 159 71.4141
0 225 13.399
0 241 35.8859
0 277 14.1622
1 14 4.04737
1 52 40.7196
1 188 65.9875
1 228 37.1487
1 270 29.5929
1 290 16.9049
2 234 112.664
2 239 57.9254
2 282 11.4124
2 294 108.73
3 0 20.6854
3 12 20.3785
3 38 36.4964
4 1 58.5605
4 34 40.7125
4 36 63.2375
4 88 14.4372
4 105 26.944
4 106 49.3201
4 111 56.0971
4 122 19.8352
4 131 7.16909
4 248 21.6698
4 251 9.48826
4 291 8.38483
5 23 73.8957
5 49 65.8878
5 62 12.035
5 68 37.0687
5 77 115.963
5 83 97.4216
5 95 89.9184
5 116 37.72
5 125 43.7055
6 12 23.654
6 157 44.3188
6 188 31.8243
6 224 3.53173
6 247 91.5422
6 274 42.3612
7 116 32.315
7 163 95.412
7 189 14.4374
7 198 13.0495
7 215 19.0291
7 232 62.8441
8 39 19.9968
8 58 10.2858
8 62 6.94175
8 98 4.94407
8 125 42.2649
8 128 41.006
8 161 90.7259
8 169 52.4255
8 175 10.1148
8 177 67.6036
8 180 71.9411
8 244 2.23223
9 50 28.7189
9 76 25.4733
9 106 28.9216
9 297 66.0588
10 40 124.337
10 168 33.1159
10 261 4.97279
10 288 51.7458
11 29 102.837
11 45 13.5541
11 47 24.8038
11 89 63.5759
11 149 93.9526
11 169 43.3298
11 185 8.46024
11 187 20.6056
11 226 95.1268
11 276 50.8276
11 279 5.2262
12 41 35.7639
12 143 92.2376
12 197 12.6391
12 202 65.8304
12 249 84.7124
12 255 30.0772
12 290 20.7389
13 9 56.4993
13 11 99.7616
13 88 10.4889
13 95 84.3457
13 136 39.9433
13 183 21.1541
13 254 75.3717
14 56 75.5303
14 117 15.2362
14 214 29.1929
14 234 87.9627
15 47 28.0807
15 73 7.57107
15 108 21.1158
15 173 97.2158
16 37 10.761
16 79 55.5487
16 120 67.8288
16 147 14.3556
16 223 33.1386
16 226 94.5213
16 236 9.1175
16 277 15.5597
16 287 70.6712
17 63 31.4426
17 91 63.3684
17 99 95.8087
17 280 16.7241
18 6 56.8222
18 22 117.141
18 31 89.4695
18 51 48.589
18 151 82.4461
18 159 112.395
18 164 44.2464
18 275 12.7704
18 283 39.0177
19 8 55.7715
19 40 73.1056
19 90 30.222
19 167 104.726
19 196 9.36271
20 12 7.51385
20 17 8.23001
20 75 100.894
20 91 56.9425
20 173 70.6518
20 255 38.9234
20 261 6.57157
21 15 79.439
21 63 41.5665
21 70 118.463
21 108 35.4527
21 134 46.9904
21 152 65.9605
21 168 44.1982
21 193 40.0634
22 5 24.9807
22 8 44.9371
22 29 107.564
22 145 75.293
22 152 71.6459
22 253 13.9523
22 277 13.4
23 124 57.6577
23 129 19.0172
23 148 10.2467
23 150 45.4949
23 294 83.5968
24 16 36.6321
24 100 68.0416
24 127 82.3087
24 129 16.3166
24 141 94.9088
24 153 61.7713
24 293 113.636
25 4 38.8588
25 106 41.8608
25 169 19.1545
25 182 53.0501
25 261 7.03648
26 87 23.0377
26 111 95.4671
27 17 13.0176
27 35 51.8763
27 70 111.617
27 154 34.9691
28 5 19.103
28 20 38.5408
28 23 42.4092
28 92 56.8378
28 102 18.3659
28 125 41.3486
28 187 10.3947
28 212 23.5251
28 237 119.026
28 250 38.8269
28 262 61.9985
28 289 8.39405
29 12 31.215
29 39 47.5997
29 143 129.727
29 147 14.158
29 190 118.385
29 272 8.96842
29 293 105.964
30 1 66.0366
30 13 60.413
30 35 48.5829
30 131 7.80954
30 208 46.3673
30 231 3.12713
30 240 28.5088
30 262 51.2444
30 290 15.0479
30 297 74.8878
31 8 62.5315
31 79 39.0676
31 86 42.3647
31 128 39.7619
31 260 17.3841
31 265 64.3077
31 271 62.5154
31 282 10.3378
32 35 56.4818
32 78 5.70403
32 90 109.717
32 96 30.0649
32 120 47.6445
32 151 144.335
32 193 55.744
32 197 22.0373
32 227 15.7394
33 155 2.11062
33 232 38.6039
33 234 96.8835
33 248 42.3838
33 280 16.498
34 79 19.093
34 81 23.6994
34 105 60.5698
34 146 36.2983
34 169 34.2143
34 204 50.7591
34 255 25.7892
34 280 17.8618
34 284 27.234
35 25 59.0379
35 67 40.0358
35 87 54.2018
35 165 40.8967
35 172 33.7114
35 197 28.9156
35 206 2.97693
35 239 29.1718
35 267 75.1875
35 281 8.9117
36 16 29.7404
36 56 127.717
36 76 24.7845
36 77 81.7855
36 138 36.1796
36 140 28.254
36 193 64.4356
36 248 39.287
36 260 24.6524
36 271 84.7789
36 291 5.76648
36 299 9.33628
37 6 90.0933
37 8 75.8182
37 140 25.9458
37 204 50.1505
37 231 7.32818
37 284 30.9817
38 3 59.977
38 74 27.0944
38 101 100.92
38 141 107.744
38 152 33.1464
38 200 55.088
38 204 52.9499
38 212 38.6713
38 213 55.6517
38 265 57.999
39 210 8.69006
39 249 148.667
40 25 42.3352
40 134 73.3278
40 188 44.9698
40 210 6.48092
40 213 81.7985
41 103 37.9462
41 116 29.9465
41 183 23.0421
41 248 37.0109
42 53 25.8305
42 87 35.1821
42 109 36.7851
42 155 2
42 198 22.8901
42 243 44.3609
42 266 69.4267
43 40 79.8785
43 59 41.1859
43 100 69.2084
43 129 18.1381
43 174 57.0815
43 188 70.4387
43 256 22.2912
44 34 20.3715
44 106 26.7504
45 124 49.9551
45 132 13.1577
45 172 29.0951
45 190 102.385
45 231 4.71477
45 245 78.1419
45 247 71.361
45 258 53.0008
45 272 18.2045
45 292 15.08
46 0 13.6664
46 49 40.7632
46 124 64.4049
46 257 31.3901
46 294 99.3656
47 31 80.1548
47 94 18.3915
47 139 60.0119
47 145 105.733
47 176 76.1723
47 211 6.43061
47 263 80.6826
47 280 15.0592
47 282 16.7018
48 25 50.2235
48 44 105.141
48 49 62.0005
48 57 99.0431
48 107 18.3519
48 212 27.536
48 228 58.0992
48 233 44.9984
48 265 60.5879
48 298 95.566
49 10 31.51
49 29 83.7269
49 37 8.24532
49 69 47.8917
49 114 66.6598
49 164 73.2094
49 260 17.0896
49 261 7.0087
49 262 81.0501
50 48 37.0334
50 49 57.9714
50 90 119.068
50 140 28.1497
50 151 101.412
50 157 69.1285
50 246 55.7785
50 293 83.0042
51 79 43.1608
51 170 53.7484
51 224 2.32785
51 236 20.9224
51 261 10.6967
51 262 63.1869
52 52 47.169
52 90 59.5065
52 110 38.6167
52 122 25.7654
52 259 79.5252
53 79 33.7483
53 119 36.9606
53 156 10.7407
53 198 26.7237
53 220 57.2051
54 2 45.1829
54 76 18.3755
54 102 8.39539
54 132 13.4222
54 171 62.1979
55 25 54.293
55 46 68.5337
55 98 5.84676
55 113 128.456
55 159 72.9243
55 267 91.9905
56 29 129.986
56 82 28.3449
56 146 30.4244
56 166 3.54169
56 208 25.9962
56 271 117.762
57 33 28.8591
57 59 44.812
57 67 38.3605
57 165 48.4442
57 176 67.8139
57 203 103.077
57 247 152.514
57 293 89.2642
58 58 20.3373
58 145 106.876
58 149 122.882
58 150 57.8784
58 157 97.7587
58 175 12.1001
58 288 72.2932
59 136 46.1911
59 148 7.96411
59 193 66.0305
59 214 30.599
59 235 130.761
59 292 19.0851
60 1 101.906
60 78 5.76363
60 90 118.564
60 180 84.7154
60 246 77.6215
60 274 27.9067
61 1 78.3288
61 8 63.2997
61 20 37.0294
61 76 27.7345
61 116 40.3155
61 184 91.1847
61 199 35.7774
61 204 31.1182
61 237 122.788
61 295 93.3716
62 43 58.6125
62 52 47.3843
62 64 69.7763
62 72 87.9014
62 123 68.9235
62 265 69.5548
62 289 9.58287
63 13 63.8974
63 48 18.6928
63 78 7.38441
63 81 35.8564
63 87 37.5694
63 102 16.1041
63 220 82.2193
63 229 64.0623
63 274 42.6193
63 285 67.5898
64 16 27.2862
64 104 97.7298
64 143 112.821
64 145 122.593
64 151 77.1905
64 168 33.4731
64 197 22.7359
64 244 2.51855
64 259 59.895
64 266 61.839
65 45 22.1516
65 148 12.4588
65 223 32.2489
65 294 55.2691
66 22 131.053
66 47 28.2004
66 64 75.8974
66 91 79.5027
66 123 60.6102
66 223 50.4567
66 250 23.325
67 35 62.1633
67 55 51.7421
67 95 51.668
67 182 56.5216
67 221 25.1136
67 232 41.733
68 9 76.9792
68 114 50.9774
68 218 25.1498
68 224 2.37754
69 76 26.9044
69 78 4.91264
69 105 29.9259
69 137 93.6829
69 147 14.0892
69 152 46.7664
69 171 48.7592
69 205 69.2627
69 216 98.0964
70 39 59.4997
70 95 23.3151
70 131 9.11508
70 134 38.6424
70 196 20.4588
70 253 10.5751
70 291 5.44389
71 32 76.3497
71 40 25.4613
71 56 74.9867
71 70 59.4971
71 86 47.4719
71 140 24.4528
71 224 3.24503
71 242 65.0138
71 262 58.7993
72 18 83.1236
72 100 44.0642
72 113 63.8623
72 131 7.46666
72 148 7.01061
72 158 77.7786
72 289 12.5497
73 91 87.9892
73 161 83.6407
73 169 33.3905
73 252 15.9131
74 37 8.95923
74 60 72.8704
74 90 102.37
74 114 79.1853
74 129 25.5107
74 145 66.6096
74 169 39.0333
74 191 27.0442
74 194 24.9123
74 267 59.3401
75 3 62.6337
75 20 40.1035
75 75 67.9085
75 209 33.8088
76 9 31.1989
76 61 29.988
76 73 3.24486
76 86 40.0142
76 111 70.4446
76 170 57.5862
76 173 87.9037
76 209 38.5163
77 54 42.9995
77 75 51.729
77 99 95.3633
77 132 11.8764
77 146 27.5517
77 163 68.6501
77 198 15.9896
77 245 80.4857
77 287 69.4875
78 23 69.2779
78 88 16.3982
78 102 22.8179
78 144 96.6348
78 173 66.1268
78 210 6.61235
78 237 50.4318
78 244 2
79 25 67.4259
79 141 117.119
79 150 63.4205
79 156 37.7414
80 5 14.7619
80 58 20.569
80 70 72.5068
80 103 66.8894
80 140 28.3691
80 291 4.80577
81 53 22.586
81 100 65.4799
81 101 98.6709
81 104 141.013
81 112 41.8429
81 166 3.15414
81 197 33.9722
81 200 40.418
81 216 58.4341
81 220 72.999
81 274 36.0933
81 293 106.318
82 1 119.985
82 115 25.8738
82 119 48.4149
82 134 57.5515
82 229 110.701
82 266 75.702
83 0 16.3726
83 109 28.4077
83 154 46.8153
83 168 27.5152
83 190 58.2209
83 205 40.9873
83 272 14.7151
84 23 67.0609
84 97 3.71515
84 110 125.797
84 128 61.5147
84 132 18.5715
84 176 82.7249
84 180 84.6028
85 75 81.7384
85 144 71.7629
85 257 22.1135
85 261 6.4966
85 299 5.42226
86 39 43.3209
86 89 66.4869
86 111 55.6865
86 139 50.5262
86 215 11.8723
86 216 81.2186
86 274 44.5452
86 278 2.07016
86 284 34.3496
87 20 38.6476
87 69 45.913
87 77 73.7168
87 148 5.01449
87 180 81.1759
87 181 74.2691
87 224 2.13504
87 257 21.5837
88 56 58.0753
88 77 98.6541
88 80 43.3299
88 121 63.9289
88 144 66.24
88 179 87.6971
88 247 55.2322
89 17 9.89809
89 30 10.2837
89 80 35.7079
89 110 76.3909
89 148 9.35101
89 200 44.3229
89 281 23.8858
90 15 57.2001
90 31 40.4114
90 112 78.7628
90 150 60.006
91 37 7.52402
91 140 8.72734
91 179 99.9916
92 38 49.5886
92 95 72.6852
92 139 73.6393
92 159 67.181
92 175 13.5347
92 245 54.7493
92 263 77.6677
93 5 18.0389
93 26 20.8771
93 58 15.0965
93 125 44.0541
93 133 105.561
93 158 81.824
93 237 94.4186
94 18 132.878
94 36 65.625
94 64 74.8388
94 105 52.1714
94 272 22.0488
94 280 18.3076
95 0 17.2357
95 46 38.1186
95 77 96.7091
95 89 30.936
95 104 97.8755
95 168 23.228
96 10 62.1818
96 40 43.4542
96 61 24.7321
96 67 28.0668
96 88 15.116
96 165 44.4955
96 180 66.382
96 214 28.0445
96 262 71.0842
97 1 70.9165
97 29 94.1575
97 31 48.7656
97 77 99.5993
97 119 48.0286
97 130 53.1443
97 154 53.1645
97 208 37.7313
97 220 68.5733
97 257 34.8779
97 279 4.63527
98 49 53.5047
98 129 19.5996
98 135 6.68425
98 248 34.5746
98 261 5.34678
98 281 20.8346
99 44 125.335
99 111 81.2876
99 118 38.8072
99 124 38.6608
99 142 37.8695
99 153 114.429
99 199 56.2148
99 222 122.66
99 287 68.7471
100 54 33.2986
100 101 45.7003
100 105 29.8416
100 260 26.286
101 10 55.8597
101 193 63.1649
101 242 70.9829
101 270 26.6846
102 119 46.5406
102 152 47.4071
102 197 35.4909
102 254 28.5607
102 270 33.8066
103 35 36.9499
103 42 18.6179
103 110 47.4965
103 147 21.5
103 201 42.7493
103 202 74.0973
103 214 26.6284
103 273 92.2739
104 70 91.6796
104 109 41.1007
104 135 11.2092
104 151 74.8758
104 254 62.6349
105 36 49.778
105 55 51.715
105 181 113.077
105 184 68.5617
105 273 99.3032
105 295 107.08
106 85 52.5077
106 87 41.3205
106 137 104.59
106 224 2.56107
106 232 49.8872
107 33 45.4174
107 39 37.8737
107 221 24.3279
107 237 93.6265
108 47 19.2064
108 58 9.92089
108 67 60.2092
108 94 19.8277
108 142 37.8666
108 163 34.8163
108 226 73.82
108 228 65.7851
109 36 62.0636
109 84 51.0333
109 96 43.3429
109 251 4.61454
109 275 17.5634
110 28 36.9874
110 52 53.1834
110 54 41.3926
110 65 41.1019
110 89 63.2569
110 106 34.9211
110 144 92.6402
110 198 17.8619
110 250 32.6223
110 253 14.0062
111 19 7.07135
111 55 50.2532
111 121 51.9725
111 187 23.3895
111 263 47.0374
111 276 75.9039
111 296 35.8768
112 17 10.1895
112 53 34.5954
112 169 32.6925
112 238 19.506
112 250 27.0731
113 19 7.17297
113 75 98.9059
113 276 49.7762
114 20 40.0969
114 65 40.3555
114 66 136.202
114 81 44.984
114 170 44.8758
115 7 26.3288
115 27 27.6041
115 57 77.5822
115 66 82.9527
115 74 14.1516
115 95 69.7189
115 168 27.2461
115 188 65.3946
115 214 30.6384
115 216 44.4188
115 233 30.899
115 278 2
116 67 63.565
116 78 6.92032
116 108 23.9847
116 162 104.188
116 233 50.9623
116 254 42.6753
116 263 82.078
117 11 66.2722
117 17 9.1533
117 91 85.0644
117 107 22.1005
117 188 81.3064
117 233 51.1238
117 242 58.6371
117 275 17.789
117 292 15.9883
118 33 51.7479
118 35 31.1294
118 50 26.1696
118 114 68.8985
118 125 46.5569
118 179 77.5231
118 199 39.508
118 253 7.97337
119 49 83.4892
119 77 89.9147
119 139 66.7156
119 192 101.115
119 202 98.4156
120 2 34.5859
120 36 85.0991
120 158 59.5294
120 162 52.31
120 226 132.167
120 280 18.5779
121 11 119.723
121 47 18.9635
121 102 12.1975
121 126 15.6577
121 134 60.8492
121 218 46.0403
121 272 22.7989
122 77 95.4675
122 111 86.9161
122 133 108.578
122 141 108.571
122 144 78.8126
122 158 95.0409
122 180 92.4016
123 84 43.8179
123 91 67.2257
123 167 95.7521
123 187 17.2377
123 228 30.0373
124 85 28.9623
124 153 59.9395
124 183 33.7857
124 206 3.53068
124 216 103.625
124 261 8.67537
124 264 37.6495
125 90 111.451
125 108 24.1308
125 128 37.2261
125 130 82.9807
125 204 42.595
125 264 62.8916
125 277 11.965
125 286 77.5734
126 4 52.2743
126 144 70.0496
126 254 48.6739
126 278 2.15608
127 38 67.9378
127 50 25.5733
127 107 27.4734
127 135 12.8885
127 197 36.5355
128 48 31.142
128 184 84.6933
128 282 10.7369
129 8 71.5348
129 48 22.5072
129 83 87.4302
129 131 3.97679
129 146 16.3116
129 161 90.0455
129 170 69.3352
129 182 88.6675
130 45 15.5511
130 79 35.5073
130 97 3.8168
130 115 25.0424
130 116 19.3984
130 158 94.1901
130 177 68.9826
130 214 32.0403
130 241 29.9803
131 116 43.4761
131 156 27.0386
131 166 2.98516
131 194 45.1478
131 239 61.4785
131 267 88.6906
131 285 46.0335
132 27 66.9376
132 79 40.9671
132 81 33.8971
132 123 51.669
132 125 66.0246
133 61 25.2312
133 136 43.7555
133 142 26.1632
133 144 72.68
133 200 27.7368
134 33 58.7149
134 42 18.725
134 49 48.7295
134 73 5.0281
134 136 36.2159
134 159 72.4198
135 45 12.9901
135 64 89.3758
135 99 98.4111
135 186 14.2561
135 197 26.7523
135 289 8.14924
136 135 10.3984
136 171 50.5253
136 187 22.5117
136 195 39.2691
136 235 125.972
136 251 6.83806
137 21 105.882
137 57 62.4959
137 63 24.9017
137 95 39.2678
137 99 85.5492
137 100 51.242
137 128 30.6477
137 195 19.5509
137 223 49.1602
137 236 8.92582
138 47 25.1837
138 73 7.82088
138 88 16.9072
138 129 20.1069
138 141 107.816
138 143 44.997
138 164 56.5798
138 199 67.6064
138 242 67.8911
138 278 2.42428
138 282 16.0629
139 0 15.8351
139 31 58.2952
139 54 47.4248
139 58 21.0773
139 62 7.48156
139 141 135.168
139 287 61.1425
140 16 25.5496
140 38 81.0195
140 47 35.0961
140 118 68.1755
140 125 30.1509
140 184 96.9065
141 100 52.4012
141 176 85.976
141 255 29.0472
141 265 62.7357
141 270 16.0573
141 271 120.799
141 272 13.9103
142 93 68.7767
142 146 29.0696
142 147 20.4368
142 178 29.8013
142 201 65.0944
142 293 91.4539
143 0 20.9876
143 100 82.9517
143 121 76.0208
143 133 106.115
143 139 33.2938
143 181 74.6377
143 208 36.2921
143 221 26.7477
144 23 77.8788
144 90 127.629
144 135 14.7524
144 144 51.8426
144 172 27.3025
144 275 20.6968
145 15 16.5129
145 32 72.8285
145 58 16.5434
145 88 9.45093
145 225 15.272
145 283 52.9419
145 295 116.243
146 20 53.3243
146 42 17.8067
146 202 94.321
146 211 9.17881
146 231 5.13833
146 291 6.98713
147 30 11.0485
147 52 50.3496
147 86 30.7876
147 94 26.3368
147 120 123.729
147 126 23.7864
147 163 80.7507
147 207 18.5304
148 208 27.1331
148 229 89.9375
148 271 124.879
149 63 59.8081
149 70 105.45
149 71 32.3848
149 110 101.122
149 186 27.9381
149 192 94.368
149 210 5.89482
149 234 70.2617
149 268 62.5441
149 280 20.7694
149 299 8.92495
150 8 70.1684
150 24 5.24886
150 101 105.604
150 113 86.451
150 258 32.202
150 279 5.49699
151 4 42.5874
151 59 41.6061
151 66 76.9427
151 127 78.1935
151 189 16.3278
151 215 16.5538
151 252 26.8861
152 19 7.67181
152 26 16.3187
152 53 29.9877
152 70 68.587
152 76 17.3043
152 87 29.1787
152 92 92.3606
152 102 15.8098
152 162 98.0676
152 172 25.6624
152 187 16.742
152 206 4.12247
152 220 80.2075
152 243 61.9807
152 250 24.5161
153 101 119.365
153 110 88.0176
153 123 59.4427
153 127 98.0303
153 176 69.8563
153 188 39.5239
153 206 3.72014
153 227 19.1457
153 239 27.322
153 272 19.6049
154 55 62.13
154 81 54.2964
154 87 54.0547
154 88 17.4329
154 98 6.8551
154 112 49.0944
154 150 61.5414
154 181 102.66
154 245 79.5129
155 20 62.5317
155 90 98.3495
155 113 69.2039
155 118 91.8641
155 200 56.853
155 203 115.428
155 222 80.4364
155 240 27.5781
155 272 23.2794
156 46 51.0552
156 66 97.3015
156 187 20.4377
156 238 16.2785
156 240 40.7771
156 258 60.2332
157 43 114.729
157 68 18.7059
157 147 14.0194
157 183 33.5
157 185 9.01366
157 236 16.927
157 292 19.2025
158 10 50.5412
158 11 32.7121
158 19 8.57663
158 77 93.9362
158 141 61.1601
158 150 77.1131
158 153 87.8678
158 259 82.2987
158 296 36.4002
159 11 70.1691
159 33 56.2376
159 55 40.6584
159 65 40.4403
159 122 26.9878
159 127 133.828
159 188 43.4488
159 257 30.4885
159 259 69.0826
159 266 94.3698
160 0 15.6523
160 2 34.2737
160 13 40.3166
160 40 92.7807
160 106 38.7533
160 147 21.6203
160 217 66.5557
161 41 43.9136
161 108 24.3974
161 127 32.7096
161 224 3.16982
161 233 63.8137
161 247 55.7066
161 278 2
162 116 47.4117
162 165 30.0753
162 202 123.181
162 248 46.6957
162 251 7.01269
163 38 40.9511
163 75 59.0582
163 124 70.2345
163 191 39.9763
164 6 50.1388
164 30 10.9457
164 56 94.4734
164 69 62.1279
164 103 53.4977
164 117 16.5028
164 171 27.8531
164 199 46.1458
164 212 26.016
164 234 116.04
164 236 18.2532
164 238 19.3463
164 276 60.0886
164 295 122.019
165 6 66.1537
165 11 98.3991
165 48 28.1235
165 62 7.69943
165 88 17.3695
165 112 52.303
165 208 41.1827
165 297 60.3896
166 7 37.339
166 79 45.12
166 176 93.3924
166 192 84.1368
166 195 40.2012
166 238 18.679
167 14 3.07184
167 192 82.7881
167 220 85.7282
167 238 21.8543
167 253 8.31482
167 271 71.0916
168 3 51.8888
168 76 29.3012
168 98 5.34229
168 237 66.6744
168 255 28.014
169 21 58.0534
169 48 37.6338
169 55 65.4282
169 56 131.097
169 68 43.6933
169 89 71.1145
169 97 3.56634
169 148 8.39154
169 223 41.6706
169 248 59.6777
169 284 38.5579
170 13 44.9187
170 31 70.8899
170 73 5.83508
170 103 40.4924
170 113 65.5365
170 135 17.5159
170 155 2
170 184 54.366
170 254 64.386
171 25 71.7606
171 162 61.9755
171 240 36.6764
171 267 110.109
172 2 25.4009
172 76 17.7233
172 168 41.7429
172 201 76.296
172 206 4.85837
172 240 35.3872
172 288 99.5068
172 299 10.7694
173 145 114.52
173 156 28.1792
173 185 8.36683
173 256 23.2051
174 69 54.4742
174 70 89.815
174 119 37.163
174 176 93.0375
174 192 61.0384
174 202 102.306
174 210 6.05584
174 214 41.6023
174 221 31.6781
175 28 38.9283
175 51 62.2024
175 104 50.6116
175 117 10.0554
175 124 33.7086
175 163 93.4695
175 167 77.768
175 169 34.9995
175 179 91.5618
176 89 53.9549
176 152 52.7478
176 154 38.9763
176 178 44.061
176 214 30.7525
176 225 8.0052
176 230 74.2759
176 263 73.8524
176 269 107.918
177 29 86.8427
177 39 41.4488
177 65 54.2934
177 90 103.01
178 20 48.3833
178 22 97.4646
178 31 79.2668
178 90 82.825
178 108 30.6008
178 109 41.1594
178 133 106.762
178 148 9.81926
178 158 75.5244
178 207 12.4615
178 219 56.7497
178 290 22.7513
179 60 71.2168
179 85 65.3202
179 92 55.5982
179 131 8.59104
179 150 78.5141
179 164 27.0418
179 216 53.3479
179 240 31.9236
180 19 3.71574
180 69 70.8689
180 87 42.1391
180 139 79.2813
180 193 47.495
180 200 38.5008
180 232 55.1384
180 234 82.467
180 240 18.2282
180 283 40.1827
180 295 76.8307
181 46 43.1572
181 129 21.6151
181 171 47.4711
181 221 25.9939
182 6 67.6379
182 60 63.1938
182 101 81.6883
182 184 130.293
182 202 115.237
182 295 72.7435
183 10 49.3666
183 23 80.5872
183 84 56.6868
183 220 95.4579
183 246 56.482
183 265 84.4466
183 299 9.59028
184 17 15.5038
184 30 8.22737
184 75 87.8825
184 107 14.589
184 111 105.125
184 113 89.1872
184 203 87.1185
184 210 7.78474
184 261 5.82514
184 279 4.02348
185 9 63.0005
185 61 28.5719
185 111 96.659
185 138 23.8664
185 143 95.406
185 168 25.1708
185 184 84.6428
185 188 37.8365
185 255 30.0945
186 6 48.449
186 17 10.0676
186 29 115.587
186 44 52.9009
186 45 19.5389
186 94 21.5682
186 125 47.743
186 199 28.762
186 254 66.9273
187 3 67.9595
187 213 57.9493
187 215 14.2264
187 291 7.27428
187 296 37.9475
188 72 68.1927
188 173 92.9125
188 191 37.8197
188 223 60.3858
189 74 24.8417
189 83 161.113
189 182 42
189 187 19.8943
190 28 51.0071
190 53 23.9749
190 63 46.3976
190 93 146.019
190 184 132.857
191 2 47.9918
191 31 74.9209
191 67 43.1589
191 76 32.4138
191 115 29.4946
191 118 52.7945
191 143 107.799
191 158 76.5823
191 198 17.3391
191 214 25.5665
192 32 91.1802
192 35 17.3986
192 38 80.5681
192 42 25.1474
192 80 54.9316
192 109 35.5984
192 234 84.7059
192 292 12.0125
193 23 88.3171
193 42 24.1746
193 78 8.369
193 98 4.77314
193 133 108.353
193 152 41.9441
193 217 51.1467
193 241 30.1138
193 243 57.0383
193 276 92.0835
193 285 70.2127
194 15 66.0171
194 19 7.07107
194 97 4.61288
194 116 43.2799
194 280 11.47
195 27 40.616
195 46 42.0583
195 49 61.2285
195 59 40.8665
195 161 64.2589
195 187 16.6128
195 216 75.4573
195 229 121.482
195 265 63.0389
195 299 10.3426
196 50 29.4517
196 106 31.4431
196 185 7.50635
196 228 33.6382
196 287 46.6985
196 288 88.2942
197 6 51.2515
197 13 28.7667
197 20 35.9254
197 97 4.24662
197 204 32.1923
197 218 27.5202
197 224 3.04197
197 252 30.2363
198 150 78.6652
198 230 61.4336
198 244 2.07192
198 262 84.6427
199 5 33.1652
199 13 55.2811
199 21 106.833
199 212 22.3318
199 277 12.2566
199 286 52.9126
200 111 47.077
200 120 80.2408
200 176 78.1597
200 185 8.10693
200 189 18.3336
200 197 27.4921
201 61 25.7449
201 105 38.1819
201 164 40.33
201 239 66.2844
201 251 10.2817
201 260 18.2196
202 3 48.1851
202 119 55.4225
202 206 4.44902
202 274 60.0315
202 278 2
203 22 102.129
203 58 16.2933
203 72 71.7925
203 80 27.3564
203 119 52.1585
203 132 13.1626
203 148 11.4917
203 268 57.394
204 98 4.6197
204 129 18.1068
204 224 3.09257
205 41 19.4409
205 57 66.6544
205 66 26.458
205 96 33.5203
205 97 3.96428
205 99 76.0423
205 101 110.732
205 121 49.8646
205 251 9.25744
205 253 9.0163
206 10 47.4222
206 81 33.1946
206 197 20.9214
206 240 29.4808
206 270 43.7845
206 272 21.1232
206 290 23.0772
207 1 88.9316
207 59 49.6602
207 82 14.5684
207 110 56.5587
207 134 45.8011
207 149 65.5925
207 174 58.7997
207 229 107.233
208 87 36.9969
208 100 41.4687
208 145 116.487
208 216 124.784
208 225 11.7759
208 282 14.8972
208 284 46.1329
208 298 67.0287
209 31 47.6887
209 43 36.5239
209 180 113.89
209 250 19.6661
209 262 53.2642
209 280 19.4896
209 282 9.11371
210 18 108.071
210 34 30.7184
210 119 48.2182
210 204 57.3828
210 216 47.1998
210 260 27.9641
210 266 68.7235
211 50 20.3558
211 76 20.5707
211 145 86.5019
211 165 27.8637
211 181 87.4595
211 188 66.3604
211 240 25.7217
212 10 86.8502
212 14 2.02917
212 15 83.1798
212 42 14.867
212 111 43.9484
212 231 4.00273
212 262 60.784
213 17 7.38562
213 66 93.9255
213 113 99.6415
213 117 14.8883
213 171 54.3527
213 245 87.2682
214 44 77.7682
214 95 58.0126
214 115 25.2233
214 120 39.386
214 126 19.9185
214 187 18.985
214 206 5.26631
214 229 104.873
214 270 37.2833
214 287 54.9986
215 4 83.2065
215 186 23.2002
215 289 8.09658
216 59 51.0554
216 74 22.61
216 224 3.25655
216 228 40.621
217 27 109.43
217 30 11.1918
217 44 109.527
217 54 42.3545
217 69 59.1228
217 97 4.31877
217 114 60.2022
217 118 73.7999
217 139 64.2819
217 196 19.4459
217 202 62.8256
217 261 5.0182
218 107 22.5684
218 198 19.8068
218 242 58.8923
218 243 43.9443
218 265 67.1838
218 272 16.4957
219 12 15.5232
219 25 70.3509
219 87 40.4825
219 124 70.0077
219 133 80.7051
219 179 82.0255
219 186 22.4127
220 13 54.384
220 24 3.25322
220 59 59.5912
220 77 128.637
220 154 29.0243
220 215 16.2932
220 217 58.1006
220 221 22.5171
221 3 82.5612
221 57 60.5781
221 96 44.7685
221 141 96.3631
221 158 98.385
221 186 20.4916
221 210 7.35418
221 251 7.90254
221 263 65.6349
222 36 71.3184
222 76 19.862
222 118 92.0849
222 176 76.4246
222 203 105.8
222 252 34.2217
222 287 49.8309
223 11 110.393
223 16 31.2139
223 182 73.1825
223 183 19.2804
223 206 3.65551
223 213 65.1939
223 266 107.898
224 46 53.8014
224 51 86.1262
224 74 23.6534
224 118 73.2933
224 156 50.5602
224 283 55.4242
224 285 59.7971
225 109 29.4701
225 178 28.9879
225 232 61.7996
225 244 2
225 267 101.775
226 20 49.3807
226 61 23.785
226 130 89.7751
226 185 7.48436
226 214 32.7889
226 233 95.7462
226 259 59.9838
226 262 96.4406
227 16 19.129
227 136 40.916
227 146 23.3105
227 215 15.9013
227 224 3.10422
227 248 18.4793
227 271 96.8641
227 284 51.1347
228 18 111.404
228 127 132.056
228 166 2.83759
228 214 27.3186
228 229 93.4215
228 246 94.7392
228 256 24.5253
229 2 25.676
229 20 44.8853
229 24 4.51614
229 55 55.7863
229 66 81.2249
229 97 5.24723
229 108 24.4536
229 121 69.1768
229 142 42.387
229 148 7.34263
229 216 76.0365
229 221 15.217
229 241 34.6418
229 251 10.0125
229 257 16.757
230 23 85.99
230 77 67.8114
230 95 77.6141
230 117 11.3805
230 190 118.211
230 257 33.8906
230 264 35.742
231 63 28.9883
231 82 13.7166
231 92 102.995
231 149 96.2719
231 193 86.1835
231 201 70.6908
231 215 16.7283
232 1 45.4687
232 14 3.06401
232 119 61.6176
232 180 71.3045
233 4 58.3636
233 28 35.8533
233 56 98.0947
233 59 42.4141
233 90 75.1711
233 253 11.8829
234 56 69.346
234 69 65.0667
234 79 54.9702
234 155 2.24503
234 203 115.548
234 210 7.9204
234 217 49.6294
235 38 63.0974
235 87 42.8255
235 180 76.3586
235 243 66.2996
236 0 10.0815
236 74 21.4253
236 76 25.4697
236 80 50.5503
236 119 61.4365
236 143 78.2794
236 154 42.9571
236 192 84.9652
236 276 67.7137
236 292 16.0956
237 53 23.6194
237 59 51.5083
237 120 65.9308
237 260 20.4166
238 0 17.9137
238 58 17.217
238 151 86.6526
238 159 89.0381
238 176 81.0621
238 197 30.6609
238 201 96.0484
238 226 58.06
238 241 22.0781
238 285 88.0835
239 12 21.8525
239 18 79.3744
239 32 43.8967
239 63 32.7629
239 130 87.5883
239 168 34.9882
239 217 75.5919
239 236 15.1779
239 255 27.0594
240 0 17.4599
240 70 93.4088
240 77 59.7177
240 139 67.8158
240 146 37.4196
240 226 79.288
240 290 22.6394
240 296 66.172
241 14 3.86895
241 26 20.5972
241 29 109.68
241 68 55.0057
241 104 127.78
241 192 60.0198
241 270 20.8696
241 272 20.1742
241 298 65.8753
242 64 97.3431
242 102 15.7078
242 117 14.7624
242 138 35.6833
242 143 144.639
242 212 37.8989
242 233 48.1641
243 6 91.167
243 33 44.4047
243 43 126.567
243 54 33.5742
243 142 41.7991
243 253 10.1337
243 267 70.277
243 286 69.6548
243 291 12.3982
244 3 96.6575
244 54 32.9205
244 63 35.2112
244 83 132.684
244 108 29.0875
244 138 19.2262
244 141 55.3594
244 151 73.3172
244 224 2.7668
244 244 2.38976
244 252 23.2615
244 256 15.6196
244 258 45.4496
244 265 56.0491
244 285 72.827
244 287 67.6224
245 25 76.5114
245 47 19.9003
245 60 81.6347
245 69 81.3393
245 87 52.2115
245 101 37.2676
245 110 73.3604
245 251 4.47055
246 32 118.637
246 100 46.8445
246 148 9.90101
246 153 69.2703
246 182 94.64
246 198 24.64
246 210 11.1869
246 235 135.879
246 284 38.7147
247 78 6.48827
247 179 79.873
247 182 77.1279
247 185 9.15821
247 243 72.6988
247 264 50.4444
248 37 7.66502
248 62 9.3479
248 74 14.0349
248 122 24.8499
248 144 92.152
248 194 36.1746
248 196 20.4594
249 25 97.4143
249 37 9.55214
249 96 42.4498
249 136 32.8251
249 201 70.0194
249 225 20.6534
249 260 13.2527
250 108 30.476
250 154 28.8386
250 210 8.01645
251 52 63.2451
251 183 13.0712
251 185 5.1137
251 224 3.69501
251 273 80.9831
252 55 44.2394
252 62 7.41116
252 94 27.4045
252 297 48.9845
253 69 76.1713
253 94 24.2846
253 105 49.2138
253 140 31.7799
253 222 109.201
254 33 36.8831
254 73 4.20379
254 169 22.2101
254 203 62.2235
254 231 6.01293
254 294 56.4886
255 108 32.832
255 141 74.3712
255 240 36.1474
256 8 74.7096
256 63 42.1702
256 76 21.9405
256 140 20.0871
256 171 53.297
256 203 100.953
257 6 104.231
257 21 75.8606
257 24 3.12432
257 31 88.2746
257 47 22.0426
257 79 52.9848
257 208 45.1305
257 232 37.0494
257 241 22.6907
257 283 39.1425
258 33 62.8197
258 174 51.2786
258 239 52.0435
258 263 51.7562
259 40 83.7008
259 76 21.3155
259 81 38.7764
259 99 95.1629
259 147 10.2483
259 186 31.6886
259 235 115.801
259 285 85.2367
259 291 5.92968
259 299 5.67541
260 120 113.032
260 125 37.4784
260 178 38.5931
260 228 54.9305
260 237 81.4111
260 273 100.102
260 291 10.392
261 30 12.9011
261 70 76.1298
261 147 18.8551
261 186 27.1281
261 189 13.9927
261 212 34.9408
262 20 52.7354
262 43 109.423
262 76 31.265
262 215 13.4199
262 228 30.8309
262 234 106.394
262 248 39.3979
263 43 49.2873
263 57 56.3816
263 67 28.4164
263 134 58.4391
263 204 47.3657
263 248 48.7856
263 258 42.0125
264 97 3.67055
264 169 31.3181
264 176 41.1749
264 225 16.3236
264 244 2
264 254 43.5861
264 277 9.45099
265 9 75.743
265 14 3.07834
265 21 102.803
265 32 92.0534
265 65 42.4388
265 123 53.212
265 180 54.6791
265 236 12.992
265 287 60.6355
266 14 2.38181
266 66 90.9485
266 104 59.9794
266 159 108.264
266 175 14.3145
266 198 26.2404
266 262 52.4624
266 274 66.47
267 2 31.4416
267 73 5.13468
267 147 16.9612
267 187 18.9542
268 112 56.3424
268 132 11.9908
268 136 22.3443
268 140 38.0607
268 217 41.3808
268 262 56.7088
269 1 67.6009
269 21 94.4542
269 23 62.5896
269 32 56.5749
269 44 65.4229
269 81 36.1002
269 106 23.7395
269 180 61.5054
269 199 33.9429
269 200 68.2482
269 208 50.1411
269 228 44.99
270 48 29.2414
270 58 14.0707
270 80 40.3144
270 105 47.5144
270 107 24.2188
270 211 7.66655
270 252 30.6853
271 7 32.321
271 9 67.884
271 19 7.5637
271 39 62.4533
271 212 41.2957
271 213 77.1808
271 241 36.6696
271 271 108.026
271 281 30.6102
271 282 9.96154
271 285 37.8591
271 288 122.468
272 11 83.3714
272 41 34.7159
272 59 52.3703
272 65 35.677
272 80 42.7643
272 86 42.2511
272 87 56.5408
272 93 50.1571
272 167 132.739
272 215 19.0856
272 296 35.2715
273 107 23.6884
273 122 26.4116
273 139 51.2783
273 157 71.6686
273 165 43.5443
273 243 58.5801
273 248 59.3684
273 287 68.2986
273 296 61.8507
274 4 72.4416
274 221 11.9419
274 225 14.5875
274 266 54.2093
274 274 33.0583
275 44 98.3642
275 50 18.4622
275 91 68.4077
275 135 8.74601
275 170 37.494
275 239 47.7323
275 276 101.058
276 148 3.93591
276 169 32.6677
276 258 46.3611
276 287 56.7503
277 20 49.229
277 84 70.4846
277 100 80.8555
277 164 72.6419
277 172 36.1284
277 210 5.51105
277 239 40.576
278 68 35.2815
278 224 2.74349
278 231 7.35377
279 11 103.696
279 13 46.2441
279 52 31.2244
279 59 34.2555
279 93 118.171
279 99 111.417
279 151 86.7633
279 181 82.0054
279 203 87.876
279 245 114.122
279 247 77.9195
280 59 44.9053
280 79 60.2764
280 115 21.6451
280 140 19.1771
281 7 30.488
281 11 73.18
281 87 27.729
281 108 25.3032
281 126 17.1208
281 141 111.6
281 152 64.6429
281 207 11.6092
281 213 71.9281
281 226 104.266
282 18 91.1713
282 34 27.9234
282 107 12.2259
282 179 110.084
282 207 22.9716
282 264 62.8912
282 285 65.3785
282 292 16.332
283 26 29.3402
283 42 13.1108
283 104 117.501
283 123 51.9459
283 214 26.1418
283 266 57.4999
284 7 44.1713
284 26 18.9739
284 52 54.503
284 63 55.0882
284 98 6.40837
284 107 23.1839
284 222 77.1126
284 238 19.507
285 0 10.5541
285 3 64.7115
285 36 92.243
285 96 12.4452
285 139 70.6617
285 148 11.7755
285 160 62.0608
285 168 25.0892
285 176 82.8856
285 205 40.0106
286 16 26.1878
286 21 73.4511
286 106 33.6425
286 117 15.9852
286 240 33.1195
286 271 95.762
287 169 25.3407
287 245 76.298
288 65 34.9526
288 80 28.9725
288 120 68.1466
288 154 46.191
288 173 111.848
288 182 59.9309
288 198 22.2629
288 205 64.4456
288 210 7.47281
288 257 33.5967
288 282 14.5903
289 23 45.388
289 37 12.2751
289 63 22.4737
289 79 45.428
289 111 66.7612
289 155 2.57136
289 164 36.9772
289 213 73.1318
289 252 23.7968
290 14 2.42179
290 44 63.5044
290 80 38.7526
290 111 56.0468
290 180 57.1784
290 186 24.5091
290 220 60.1823
290 272 17.8129
291 51 98.2439
291 78 6.85448
291 94 20.4979
291 228 34.434
291 260 15.5859
291 262 42.294
292 14 3.00973
292 21 61.0449
292 32 56.4791
292 55 57.5956
292 101 75.7896
292 112 82.3789
292 245 104.736
292 254 54.8041
293 23 71.3609
293 68 44.7302
293 90 96.4628
293 108 21.5263
293 133 91.6662
293 135 13.8799
293 210 5.72682
293 216 114.185
293 230 29.5797
293 263 68.4662
294 30 13.5469
294 105 42.5468
294 114 48.8466
294 274 39.3621
294 278 2.27035
294 298 77.0718
295 5 26.7686
295 30 15.8603
295 59 64.3801
295 125 59.1594
295 131 7.87909
295 140 32.3731
295 176 79.4972
295 209 22.9277
296 86 27.14
296 120 45.7551
296 185 9.30308
296 297 43.5117
297 38 106.495
297 43 59.9292
297 98 5.70811
297 103 38.988
297 159 66.2247
297 201 83.5002
297 294 101.774
297 297 64.5051
298 44 66.2631
298 82 22.8661
298 153 104.665
298 162 70.6986
298 172 31.4226
298 225 15.9011
298 239 51.6504
299 3 54.1279
299 187 23.0964
299 194 21.88
