150 150 1188
0 3 85.5582
0 20 14.0246
0 32 39.1213
0 35 81.6254
0 97 13.1794
1 2 88.654
1 27 45.6308
1 34 100.152
1 37 35.4579
1 41 27.0528
1 49 2.4399
1 63 20.9417
1 86 36.2028
1 111 63.3885
1 114 8.79699
1 140 19.6209
1 142 89.05
2 1 31.2105
2 38 21.0644
2 49 2
2 55 80.678
2 113 95.7843
2 147 11.6707
3 7 79.1216
3 8 6.50759
3 9 27.6674
3 61 90.0693
3 79 45.0998
3 86 37.1121
4 12 35.62
4 40 57.0011
4 49 2.56299
4 73 49.0424
4 107 37.1803
4 115 87.5547
4 117 34.9533
5 10 6.2568
5 68 90.8227
5 86 28.7076
5 118 69.6616
5 136 25.9213
6 5 18.481
6 6 23.655
6 16 33.1875
6 23 21.7127
6 48 41.2236
6 68 96.1909
6 72 59.4963
6 104 39.1971
6 112 64.1753
7 13 26.0153
7 16 24.9825
7 63 36.9185
7 82 36.4727
7 85 60.9687
7 112 66.2101
7 127 6.95112
7 146 80.3089
8 3 69.1984
8 39 19.4555
8 54 7.26088
8 61 56.7923
8 63 42.79
8 67 55.5508
8 70 82.1273
8 77 46.8271
8 99 28.2448
8 125 29.5149
8 147 14.7843
9 22 94.7283
9 28 38.8836
9 52 92.0183
9 54 9.89018
9 109 97.7694
9 135 2.77827
10 12 18.2956
10 21 66.6736
10 78 107.477
10 79 56.5975
10 98 17.4939
10 99 24.7044
10 138 59.04
10 142 63.2473
10 144 94.6185
11 19 51.9369
11 30 16.4201
11 141 12.1995
12 22 83.1372
12 94 22.306
12 121 34.1768
12 137 39.069
13 14 3.45176
13 42 83.3407
13 93 6.42531
13 113 64.2878
13 115 82.6548
13 129 50.6806
14 45 82.3779
14 46 28.2736
14 89 76.3203
14 106 82.8418
14 116 29.9084
14 133 64.266
14 148 45.9677
15 0 50.8205
15 28 44.1916
15 50 39.4122
15 52 61.199
15 76 21.2354
15 102 28.5832
15 119 51.1876
15 139 39.8985
16 8 7.13616
16 14 3.56288
16 18 64.942
16 46 45.4745
16 57 72.2532
16 58 32.8758
16 76 37.5396
16 81 7.85536
16 83 46.3135
16 86 17.1435
16 92 10.4614
16 93 5.20587
16 110 49.0425
16 127 5.61066
16 135 3.43888
16 137 57.3599
16 143 120.26
17 51 53.3223
17 53 6.78886
17 63 27.3954
17 67 57.3289
17 72 81.4124
17 90 71.9016
17 92 11.2245
17 101 40.643
17 116 27.8788
17 147 13.2874
18 3 42.4516
18 24 14.6018
18 42 87.3408
18 56 4.37415
18 59 34.9739
18 62 46.3229
18 103 81.7307
19 15 78.5626
19 49 2.23105
19 95 73.1442
19 106 74.8347
19 119 17.0257
19 129 108.602
19 137 75.9423
20 24 11.1211
20 47 95.3097
20 68 76.4325
20 85 32.7409
20 104 36.4774
20 106 87.2671
20 117 35.7917
20 127 9.30978
20 137 58.2994
21 1 25.5047
21 25 146.221
21 56 4.49238
21 70 88.4228
21 92 18.0712
21 113 38.8236
21 114 9.83911
21 122 29.825
22 30 24.323
22 35 84.1481
22 40 48.3306
22 142 83.1436
23 21 82.8045
23 22 70.1876
23 34 92.5488
23 47 52.2951
23 78 89.5945
23 93 4.76329
23 98 22.5348
23 122 37.0449
23 137 68.177
24 2 88.1495
24 3 122.941
24 31 6.84568
24 61 56.5331
24 79 74.3704
24 89 90.5212
24 99 21.0448
24 105 44.8206
24 132 53.2767
24 136 15.937
24 146 80.2514
25 45 89.2736
25 72 51.802
25 75 4.9885
25 98 21.8783
25 126 70.4606
25 135 3.7155
26 74 6.14785
26 79 51.5174
26 96 50.1894
26 110 40.2064
26 134 18.0496
26 143 38.9932
26 148 51.0674
27 19 50.5588
27 26 62.1192
27 37 44.2229
27 47 62.3046
27 51 50.4381
27 53 4.13839
27 61 59.161
27 125 33.0263
27 134 47.5663
28 13 22.7065
28 24 13.8017
28 27 34.6784
28 33 88.6396
28 36 19.5387
28 41 39.899
28 66 66.6478
28 79 61.2391
28 82 53.2133
28 103 28.2769
29 6 39.9032
29 51 87.4082
29 64 42.241
29 66 158.403
29 79 83.4997
29 83 34.3968
29 85 47.4536
29 87 21.6023
29 95 55.0519
29 139 23.3471
30 24 11.347
30 49 2.25087
30 80 83.5219
30 91 118.284
31 31 2.6466
31 33 110.661
31 62 65.7438
31 70 99.0013
31 83 47.3593
31 116 25.7351
32 58 45.9596
32 132 51.0766
33 19 45.0774
33 24 14.1611
33 85 30.2984
33 97 15.5996
33 145 5.89168
34 7 55.6859
34 19 64.8916
34 24 17.0506
34 45 67.3747
34 83 25.6234
35 20 37.4126
35 64 54.3919
35 67 64.6234
35 80 60.0447
35 94 17.0955
35 137 49.9594
35 144 56.6331
36 12 25.5982
36 18 44.4631
36 28 49.9954
36 51 56.725
36 52 75.2916
36 80 65.5354
36 90 80.5023
37 1 48.8703
37 3 102.451
37 19 44.895
37 34 107.27
37 39 28.0412
37 45 90.9659
37 47 54.7655
37 78 77.1493
37 104 38.0402
37 108 8.99288
38 2 93.5728
38 16 23.2588
38 23 48.5037
38 54 2.52877
38 72 56.8516
38 80 63.1814
39 30 27.7521
39 51 66.7922
39 94 14.362
39 104 52.8591
39 133 56.062
39 134 64.751
39 135 3.65477
39 139 22.5838
39 140 20.7635
39 144 101.101
39 148 28.6658
40 24 8.30498
40 44 61.7783
40 88 11.1556
40 106 92.4114
40 109 45.224
40 113 84.0924
40 141 12.3761
41 1 19.8642
41 72 56.29
41 78 64.6168
41 87 12.7932
41 103 97.6387
41 106 120.638
41 112 103.523
41 115 91.1013
41 126 40.7966
41 140 26.91
41 148 34.5205
42 22 81.1506
42 52 67.3958
42 136 15.917
43 40 52.8893
43 54 7.58159
43 80 63.9646
43 81 12.5453
43 122 21.3182
43 126 61.4421
43 138 71.7725
43 140 34.6962
44 59 67.8705
44 61 54.8914
44 88 11.7308
44 94 19.5228
45 13 35.656
45 36 9.77691
45 95 86.0721
45 96 53.5305
45 116 26.3483
45 121 22.3146
45 124 45.7942
46 4 11.213
46 25 72.3293
46 34 69.2472
46 85 40.9709
46 111 85.2793
46 119 34.0272
46 139 20.9827
46 149 82.0275
47 3 104.037
47 81 6.97385
47 83 25.8723
48 10 5.03544
48 24 13.1927
48 33 126.438
48 45 88.5487
48 53 4.61094
48 59 23.7342
48 76 36.6049
48 80 59.0235
48 86 20.5218
48 95 60.0824
48 118 112.01
48 119 38.9322
48 124 58.8444
48 138 83.1641
49 34 59.4413
49 86 25.7972
49 87 10.6985
49 117 39.076
49 124 38.374
49 130 30.4815
49 136 28.7965
49 145 2.68613
50 12 41.0633
50 16 18.2996
50 21 88.9238
50 35 64.8293
50 66 89.6977
50 106 135.472
50 115 120.917
50 131 79.1397
51 49 2.10582
51 76 22.0079
51 114 7.49426
51 136 27.8433
51 143 84.5109
52 3 95.1549
52 94 18.2788
52 96 45.0835
52 98 10.1357
52 126 52.405
53 18 29.0539
53 22 52.3875
53 28 35.1093
53 37 20.6952
53 48 37.3383
53 75 5.34609
53 95 66.6901
53 99 15.9032
53 100 36.7028
53 128 87.4359
53 140 29.7359
54 6 24.2255
54 61 66.9999
54 104 22.3439
54 123 8.60555
54 127 5.29828
54 143 106.54
54 144 148.79
55 10 4.85135
55 18 46.7976
55 38 20.0902
55 73 40.0008
55 107 97.3202
55 138 42.3831
55 146 83.0626
56 29 18.2195
56 51 90.313
56 57 55.4963
56 102 48.7384
56 110 38.2331
56 113 87.6036
56 132 52.356
57 9 20.5555
57 29 13.0817
57 38 23.44
57 40 63.3314
57 69 22.4315
57 140 26.4741
57 145 4.36568
58 1 34.1213
58 70 43.2134
58 123 8.80911
58 138 57.8457
58 139 20.6924
58 145 5.15437
59 0 84.1007
59 3 100.532
59 16 23.9202
59 47 84.3941
59 66 81.916
59 71 20.5212
59 85 43.2845
59 89 67.2615
59 96 71.371
59 109 53.4088
59 148 34.3943
60 51 58.9636
60 89 79.3914
60 100 28.9056
60 103 88.1568
60 119 45.2216
60 132 56.2736
61 16 23.56
61 31 5.44135
61 52 55.4419
61 95 53.2356
61 96 59.6568
61 101 64.9748
61 104 45.945
61 108 5.59713
62 11 72.8187
62 20 27.1267
62 22 61.9173
62 28 44.4413
62 40 54.8392
62 52 46.4587
62 116 20.2745
62 145 5.40415
63 18 52.1633
63 23 36.4209
63 27 34.361
63 29 21.3703
63 83 43.6903
63 88 8.9468
63 104 49.1638
63 114 10.8442
63 115 100.802
63 123 11.4517
63 138 64.6252
63 145 4.85827
64 27 22.2049
64 51 88.6714
65 10 4.27824
65 50 23.8925
65 72 60.3993
65 93 6.00021
65 95 56.8081
66 28 48.9707
66 31 8.82944
66 39 13.2236
66 47 69.3578
66 88 8.31509
66 117 42.5125
66 124 41.8494
66 132 62.4917
67 19 37.808
67 49 2
67 73 61.2721
67 83 36.0025
67 84 13.708
68 0 46.5947
68 15 53.2086
68 27 50.7377
68 33 112.176
68 55 68.4329
68 82 51.1731
68 114 11.1965
68 136 21.2039
69 8 4.08169
69 20 29.0846
69 46 71.1469
69 52 90.5418
69 91 122.14
69 95 77.4166
70 21 56.996
70 39 22.3633
70 60 93.7455
70 61 52.5882
70 83 42.1622
70 86 16.988
70 98 16.5902
70 107 60.3425
70 122 31.1978
71 19 28.6192
71 42 91.8773
71 48 45.3621
71 76 19.8645
71 77 62.7329
71 95 62.4668
71 121 62.2951
71 128 41.763
71 132 65.8328
71 140 29.0164
71 142 81.2166
72 22 61.692
72 48 46.3236
72 49 2.19363
72 54 11.354
72 67 51.8214
72 68 57.8608
72 74 4.90436
72 93 4.98586
72 100 42.6962
72 114 8.60351
72 145 5.36655
73 2 73.1236
73 5 26.8789
73 54 13.3546
73 63 25.0502
73 68 40.6303
73 95 70.372
73 135 3.29587
73 147 19.3683
74 26 61.3018
74 68 74.2561
74 74 5.45338
74 113 64.9041
74 120 87.54
74 140 16.585
74 144 66.8991
74 146 81.2014
75 24 14.2636
75 45 71.9695
75 77 53.5818
75 94 21.3413
75 138 74.8079
76 43 66.8319
76 64 51.4616
76 85 48.3146
76 89 90.0929
76 101 96.9623
76 129 95.3565
76 140 20.6569
77 50 22.4371
77 82 49.6247
77 86 26.9836
77 104 39.4964
77 111 53.4735
77 112 106.24
77 147 13.7702
78 26 48.1198
78 103 96.1253
78 106 85.4107
78 110 48.1579
78 145 6.20397
79 39 20.656
79 54 10.4583
79 100 36.1073
79 108 11.12
79 116 27.4165
79 124 52.3348
79 140 21.713
80 19 30.3649
80 38 29.1264
80 45 88.1958
80 104 47.8917
80 113 37.7152
81 6 26.8908
81 84 11.0449
81 92 11.2296
81 113 96.3284
81 129 74.8972
81 131 107.289
81 132 59.0068
81 135 2.83982
82 7 87.3918
82 8 7.0552
82 57 66.0176
82 69 27.3716
82 78 91.3792
82 91 27.8921
82 96 59.4356
82 125 47.8593
82 133 44.2961
82 136 12.4869
83 6 48.8668
83 41 31.2611
83 70 96.3663
83 71 29.9262
83 97 18.5744
83 101 66.3274
83 125 27.3392
83 141 16.0214
84 5 31.9119
84 14 2.85039
84 27 53.2022
84 33 98.6547
84 45 83.6728
84 116 28.9502
84 137 70.7723
84 146 70.7257
85 34 73.4054
85 51 64.9899
85 55 53.1894
85 59 52.4708
85 71 16.87
85 80 81.4314
85 91 80.6255
85 94 17.8789
85 119 29.3565
85 124 56.8962
86 20 29.2481
86 44 75.1405
86 60 37.7325
86 124 47.131
86 148 34.6696
87 4 17.2997
87 5 23.403
87 13 24.2238
87 15 94.7145
87 42 83.0938
87 57 49.1833
87 84 10.5179
87 133 96.5823
87 139 23.4327
87 148 26.7054
88 5 26.063
88 10 4.62426
88 29 15.0568
88 57 54.1236
88 69 14.7792
88 117 46.6468
88 123 10.1611
89 3 85.4871
89 16 12.4975
89 26 54.6966
89 31 6.96773
89 33 71.7026
89 60 83.6682
89 87 17.4053
89 95 65.5106
89 103 26.2125
89 130 25.2552
89 131 89.3519
90 1 27.977
90 5 18.1976
90 50 25.4881
90 63 23.1075
90 86 18.6745
90 103 72.7111
90 119 30.6481
90 127 6.28807
91 2 47.4385
91 19 47.1885
91 23 62.8384
91 47 104.429
91 103 50.1099
91 115 88.7502
92 6 38.0779
92 22 87.396
92 54 10.9871
92 55 78.4387
92 57 76.9653
92 96 44.1611
92 100 34.5394
92 109 81.3128
92 125 47.6773
92 128 60.5232
92 132 53.5471
92 143 81.7105
93 3 100.289
93 8 5.99421
93 41 25.7694
93 45 67.6319
93 56 5.39766
93 69 19.9674
93 111 80.0163
93 121 64.8297
93 123 7.50875
93 146 72.7061
93 148 35.1282
94 4 11.3566
94 7 43.5077
94 12 34.277
94 26 33.1636
94 49 2
94 50 22.7449
94 52 89.5147
94 53 5.94728
94 63 32.4179
94 75 6.71871
94 80 58.952
94 134 41.3735
94 136 20.6433
94 142 93.9503
94 149 70.9908
95 15 35.8363
95 42 58.3909
95 49 2
95 61 42.2431
95 65 50.9984
95 73 52.7076
95 74 5.28232
95 101 109.177
95 108 13.582
95 148 39.8799
96 0 72.0038
96 11 58.874
96 15 74.872
96 27 36.0659
96 47 92.6592
96 57 76.272
96 60 75.2153
96 89 54.065
96 92 7.60875
96 93 7.58634
96 102 62.1996
96 109 103.143
96 114 9.77586
96 122 15.1937
96 128 50.3138
96 133 91.2176
97 1 49.1749
97 62 54.1034
97 72 54.3121
97 100 30.8329
97 108 10.0919
97 111 66.0015
97 120 108.635
97 126 45.5346
97 147 18.2901
98 37 30.3024
98 45 88.2313
98 64 52.4868
98 80 76.0251
98 144 69.7474
99 5 24.9326
99 11 55.7874
99 28 50.1296
99 49 2
99 60 92.2093
99 70 55.9335
99 87 12.7158
99 99 15.7639
100 23 45.04
100 40 75.8965
100 53 5.63562
100 54 11.4425
100 84 13.7781
100 95 24.6214
100 96 38.7877
100 107 98.468
100 139 22.1988
100 149 54.1482
101 7 75.6928
101 13 32.7147
101 22 36.1659
101 27 46.9988
101 54 11.206
101 71 23.2036
101 124 74.8805
101 141 14.1816
102 29 12.9003
102 40 33.6904
102 42 61.661
102 54 7.97991
102 72 57.2926
102 75 7.32625
102 114 10.5158
102 123 11.8308
103 6 34.7933
103 20 18.4316
103 22 43.5747
103 40 58.5602
103 60 48.8985
103 93 5.61442
103 95 62.1225
103 123 5.93548
103 144 100.687
103 146 41.5733
104 43 85.8965
104 63 31.306
104 65 37.0895
104 76 34.8183
104 85 24.2645
104 106 100.139
104 130 26.9551
104 137 71.9632
104 149 85.6397
105 22 87.5309
105 53 4.8315
105 56 5.04249
105 70 85.4396
105 84 16.6102
105 87 9.19169
105 93 5.89273
105 114 11.2058
105 126 76.2395
105 133 70.4809
105 139 38.4158
105 140 21.5533
106 48 37.7901
106 116 31.5217
107 29 10.5767
107 43 106.278
107 51 92.5876
107 54 9.60257
107 115 64.328
107 138 70.3705
108 76 18.16
108 99 27.2595
108 108 10.4822
109 3 122.538
109 41 28.9664
109 43 77.6496
109 79 68.1972
109 85 61.8841
109 91 109.715
109 104 58.8126
109 110 56.7075
109 129 85.2911
109 130 30.7647
109 132 65.8856
109 141 16.1652
110 40 54.8691
110 71 26.1662
110 81 10.935
110 96 64.4164
110 123 7.61425
110 140 16.5502
111 12 23.862
111 14 4.52967
111 76 24.2327
111 78 107.798
111 83 34.2321
111 88 15.3655
111 117 52.8936
111 120 119.054
111 137 69.0968
112 16 23.1572
112 19 68.8147
112 24 19.6896
112 34 73.3171
112 35 78.9038
112 42 82.7962
112 60 100.933
112 94 12.5967
112 96 37.2036
112 148 41.9812
113 0 74.2728
113 87 10.1245
113 103 103.491
113 114 8.86203
113 143 59.8903
114 2 74.7162
114 23 35.4259
114 24 14.6595
114 38 26.1853
114 39 25.5598
114 48 48.1178
114 55 106.486
114 73 63.5778
114 79 108.472
114 104 49.0612
114 106 137.329
114 145 5.21113
115 1 32.6844
115 4 15.4065
115 26 44.8166
115 40 48.0448
115 42 59.4176
115 55 74.9641
115 82 25.1356
115 107 64.4636
115 125 47.0402
115 126 92.64
115 135 3.19359
116 95 42.7855
116 97 18.5103
116 99 21.0453
116 100 32.9885
116 117 47.1235
116 131 104.723
116 133 60.6208
116 134 88.6616
116 136 26.2835
117 1 29.0885
117 26 44.7675
117 37 29.552
117 53 6.59896
117 123 11.5528
117 135 2.74077
118 9 22.3315
118 20 26.1453
118 26 58.8109
118 78 86.089
118 90 48.5224
119 95 75.83
119 97 17.5849
119 116 25.8574
119 118 72.3705
119 125 40.9952
119 136 17.1168
120 1 46.6607
120 119 35.9986
121 9 16.1565
121 16 14.5167
121 23 51.9817
121 53 5.05287
121 70 90.6859
121 77 60.6804
121 88 11.0218
121 90 71.6039
121 122 21.5454
121 139 25.5172
122 28 36.6128
122 33 71.2415
122 62 31.0864
122 66 80.8133
122 69 28.297
122 97 13.0385
122 121 56.9483
122 132 62.8847
123 11 67.5056
123 40 37.9186
123 88 17.8407
123 117 27.0931
123 125 58.746
123 142 93.4764
124 14 5.01341
124 15 96.4506
124 76 37.0794
124 87 14.7394
124 128 50.5421
124 132 63.0165
124 144 109.811
125 15 62.4037
125 24 15.0777
125 29 18.7599
125 36 14.5167
125 38 32.5835
125 55 66.6223
125 69 17.7177
125 125 54.7166
125 133 48.5698
125 144 121.538
126 20 46.5348
126 87 9.47694
126 95 55.0399
126 145 4.44298
126 147 14.1003
127 2 90.8432
127 50 32.6432
127 59 55.2977
127 86 30.7156
127 122 18.7963
127 136 22.8252
127 146 41.9521
128 7 36.3593
128 12 20.5269
128 24 18.0491
128 31 5.87083
128 55 66.9615
128 70 95.3031
128 75 5.78243
128 77 45.0733
128 94 21.5371
128 96 38.5121
128 127 5.66411
128 130 31.6769
129 14 4.39153
129 67 61.7208
129 87 22.8565
129 98 8.55085
129 112 73.7501
129 113 126.158
129 134 79.5797
129 140 20.5652
129 142 63.9662
130 40 35.8311
130 46 54.3368
130 86 35.5793
130 115 102.336
130 134 51.0171
131 5 27.3794
131 11 74.5536
131 14 3.8466
131 15 134.101
131 33 106.113
131 41 36.3801
131 45 66.6992
131 68 57.9929
131 72 39.2036
131 110 30.0229
131 137 64.5769
132 0 57.0599
132 24 16.2146
132 53 5.89894
132 56 5.44815
132 77 48.6784
132 87 13.4565
132 92 9.32969
132 96 56.4416
132 114 7.41256
132 123 8.55076
132 129 59.653
132 140 25.5873
132 147 20.2545
133 7 44.7662
133 26 73.4945
133 46 67.0065
133 54 12.1871
133 87 9.07044
133 117 34.6319
133 134 112.201
133 139 36.4071
134 5 35.9058
134 47 77.8059
134 49 2
134 51 70.0081
134 52 97.6818
134 61 43.2571
134 95 44.3818
134 100 39.0319
134 109 70.7737
134 116 26.8835
134 117 29.5317
134 132 67.6882
134 134 37.2493
135 22 79.9197
135 76 34.6064
135 140 25.9592
135 149 58.7517
136 8 7.10927
136 32 40.9721
136 39 17.866
136 90 87.9658
136 92 10.6795
136 111 56.7117
136 123 7.36147
137 1 42.1208
137 5 26.9553
137 6 52.1413
137 9 19.9594
137 23 36.0145
137 33 63.9989
137 68 72.0603
137 140 17.6165
138 21 86.5985
138 35 96.958
138 69 23.8716
138 71 23.3052
138 89 70.8714
138 96 65.1262
138 114 7.10955
139 5 30.6062
139 11 37.7756
139 17 83.2399
139 21 72.1365
139 31 5.47168
139 50 34.5862
139 74 2
139 93 7.14465
139 123 9.75566
139 140 31.5649
139 146 78.4893
139 147 13.4768
139 148 42.5887
140 25 124.835
140 58 29.1027
140 87 15.8487
140 100 33.4689
140 120 78.684
141 11 67.4996
141 15 63.8103
141 50 27.3408
141 60 83.029
141 80 62.2306
141 82 58.0409
141 88 14.7651
141 99 13.9435
141 126 61.9993
141 136 22.3522
142 13 30.9053
142 19 48.1828
142 31 5.72011
142 34 119.399
142 43 120.591
142 91 107.094
142 110 51.7525
142 130 31.5404
143 0 51.1885
143 1 23.6593
143 12 33.3586
143 16 18.0066
143 22 100.072
143 43 145.27
143 66 96.5842
143 67 63.2483
143 71 41.3293
143 84 10.6853
143 98 14.0306
143 108 8.00246
143 148 43.9868
144 8 5.4364
144 29 13.565
144 43 72.0908
144 91 98.3478
144 94 14.1962
144 101 77.6404
144 109 72.5709
144 114 9.41225
144 115 89.1004
144 120 138.018
144 127 6.60349
144 137 61.9351
145 9 15.694
145 13 34.4629
145 56 6.12671
145 70 70.0633
145 71 35.247
145 128 74.4974
145 130 24.7663
145 131 113.008
145 132 62.2436
145 145 5.89897
146 21 20.033
146 27 45.5446
146 72 30.6749
146 111 100.284
146 115 57.5627
146 128 55.9861
146 140 24.4155
147 0 63.4127
147 49 2
147 54 8.27861
147 73 60.9835
147 74 4.08389
147 81 9.01329
147 89 65.2305
147 95 73.9302
147 105 45.8298
148 15 60.8306
148 39 28.7184
148 77 47.8722
148 86 35.6847
148 89 57.6601
148 97 11.9682
148 99 31.5601
148 105 44.3498
148 106 46.1245
148 117 34.2562
149 3 100.054
149 10 4.93369
149 24 13.5858
149 39 15.659
149 100 38.3382
149 120 87.7864
