100 100 770
0 0 45.1999
0 9 61.1693
0 10 61.8576
0 30 68.0797
0 32 15.4057
0 56 5.93936
0 63 39.5199
0 67 14.5004
0 72 16.4959
0 79 24.414
1 0 60.1414
1 21 24.1961
1 34 15.2751
1 36 2.55464
1 56 8.00886
1 59 51.9988
1 63 27.9021
1 72 5.67554
2 1 97.1346
2 21 25.8506
2 54 17.003
2 77 75.0872
2 78 54.1866
2 89 52.5276
2 91 86.3846
2 92 24.8838
3 0 24.3845
3 10 64.655
3 14 23.9692
3 34 22.3254
3 49 106.676
3 51 38.4201
3 53 30.6072
3 63 44.2452
3 94 4.67202
4 9 57.2585
4 13 23.0434
4 28 43.5707
4 45 96.4596
4 51 24.664
4 57 57.466
4 77 72.245
4 82 84.4817
4 95 28.591
5 59 46.7165
5 63 43.6305
5 70 54.4378
5 72 11.0126
5 73 12.4225
5 75 32.6039
5 83 64.6973
6 1 49.5123
6 13 27.0685
6 26 37.9191
6 57 77.8502
6 58 65.3257
6 62 28.1024
6 66 108.612
6 76 66.4924
6 98 60.6046
7 34 21.5632
7 74 50.128
7 79 44.909
7 81 38.2383
7 93 49.0601
7 94 4.58299
8 1 82.4554
8 15 84.1927
8 25 35.2358
8 28 43.8961
8 40 10.3925
8 56 11.5138
8 57 72.2501
8 60 20.9055
8 73 9.49019
8 91 41.2411
8 92 18.9663
8 93 56.1151
9 4 30.5819
9 14 22.2466
9 31 83.8865
9 46 20.6725
9 49 131.459
9 54 16.4228
9 55 76.1116
9 85 82.7217
9 95 39.7192
10 4 42.0211
10 16 22.5444
10 17 36.8815
10 18 68.7266
10 33 83.7357
10 34 27.9602
10 43 39.1753
11 29 28.614
11 75 34.7089
11 86 28.8977
11 87 116.571
11 96 9.35273
12 27 96.3409
12 48 46.6832
12 63 33.046
12 76 88.6028
12 87 55.458
12 94 2.95735
12 95 42.4597
12 98 47.359
13 0 59.0566
13 4 31.7149
13 23 73.8267
13 26 61.9239
13 34 30.5204
13 63 38.502
13 67 19.9865
13 78 70.3991
13 96 7.28032
14 5 19.7732
14 29 57.2453
14 30 62.9931
14 44 15.6156
14 58 47.551
14 60 16.5885
14 63 29.1273
14 70 65.1357
14 71 99.6167
14 83 61.5075
15 2 19.8903
15 21 25.8237
15 31 84.1329
15 43 50.9707
15 51 45.0526
15 53 14.4167
15 57 55.4672
15 60 16.642
15 76 98.5179
16 16 13.627
16 21 32.6193
16 22 15.9773
16 31 114.513
16 52 15.8978
16 66 67.4387
16 74 41.9299
17 9 73.2378
17 11 12.8213
17 12 34.5832
17 18 68.0879
17 28 46.603
17 41 80.465
17 42 61.6696
17 51 44.2521
17 69 39.7057
17 91 77.1744
17 93 48.9728
17 99 73.8941
18 6 25.6898
18 11 16.9864
18 13 45.0336
18 16 11.277
18 26 65.4198
18 27 112.677
18 31 65.5778
18 32 23.6733
18 37 53.1336
18 42 61.1074
18 63 30.3295
18 66 99.0169
18 72 9.95537
18 79 34.6709
18 97 80.5713
19 24 58.978
19 35 54.7718
19 38 33.2904
19 62 31.5305
19 71 124.759
19 83 59.3871
20 6 27.9385
20 25 111.118
20 61 34.2154
20 70 36.4264
20 76 81.4805
20 77 41.3541
20 85 84.4786
20 96 5.54684
20 99 85.8141
21 0 53.9762
21 3 37.0498
21 25 87.7158
21 39 28.146
21 58 69.5404
21 80 73.9044
22 21 30.3215
22 27 100.683
22 54 15.7933
22 68 109.445
23 44 14.4995
23 58 76.8574
23 86 42.8531
24 3 29.6075
24 12 42.5162
24 13 15.2437
24 69 29.1832
24 79 41.9998
24 80 49.637
24 85 84.9137
25 10 54.7659
25 21 36.7315
25 22 17.0458
25 46 29.2361
25 62 26.5352
25 69 33.0358
25 72 9.29226
26 21 28.2278
26 22 8.60542
26 33 95.7638
26 55 83.5794
26 67 22.9141
26 74 25.1168
26 78 51.4378
26 80 48.0743
26 81 67.0954
27 11 14.3379
27 16 15.2366
27 19 83.7179
27 45 64.3448
27 52 10.1916
27 68 86.2215
27 73 11.5869
27 79 53.5921
27 85 92.1011
27 92 26.1072
28 20 83.5746
28 43 52.0685
28 52 6.05944
28 87 124.655
29 2 16.7837
29 51 30.4977
29 67 15.5083
29 79 65.8596
30 5 9.46625
30 9 73.8204
30 34 20.2647
30 39 38.0621
30 50 7.10494
30 56 10.4363
30 67 21.6275
31 14 18.579
31 42 51.5744
31 52 17.3926
31 62 38.3353
31 98 54.0351
31 99 130.26
32 14 24.6628
32 16 24.7109
32 44 15.8922
32 48 57.7406
32 59 51.3045
32 66 143.269
32 91 57.7449
32 97 109.826
33 0 33.6667
33 5 15.4424
33 16 14.3663
33 18 66.3109
33 44 16.2134
33 49 124.845
33 51 30.318
33 54 14.3601
33 64 18.9407
33 67 19.8967
34 12 23.3819
34 13 35.1298
34 23 52.719
34 38 32.0224
34 41 96.9208
34 65 43.6815
34 91 86.2871
35 3 39.452
35 27 62.6259
35 33 78.9432
35 35 46.5072
35 40 14.451
35 42 62.9605
35 52 20.1981
35 55 87.1874
35 73 12.5204
35 76 101.904
35 80 50.4096
35 95 36.3541
36 1 38.6091
36 82 81.8386
37 6 28.0231
37 18 77.5017
37 26 66.7764
37 35 48.0652
37 39 40.2756
37 50 6.75527
37 55 62.871
37 58 63.3561
37 61 32.833
37 64 18.3872
37 76 100.392
37 79 59.4052
38 21 35.4346
38 35 42.547
38 51 19.4729
38 53 37.5015
38 58 57.784
38 73 10.8361
38 91 51.5148
38 94 4.45273
38 96 6.41418
39 1 45.2052
39 4 39.921
39 12 11.6309
39 25 70.2143
39 39 32.8688
39 50 6.93809
39 56 6.95628
39 64 17.6203
39 65 47.2977
39 80 65.2916
39 86 37.2867
39 88 45.3806
40 2 13.4888
40 4 31.399
40 6 28.7486
40 7 47.347
40 15 61.4608
40 29 52.082
40 34 14.783
40 52 14.0444
40 53 32.9659
40 85 71.6274
41 13 17.2547
41 18 62.9731
41 31 78.1534
41 51 21.2206
41 57 48.3373
42 3 31.2956
42 19 38.0821
42 25 100.076
42 49 84.3004
42 86 31.1299
42 87 88.1302
42 99 67.7955
43 1 89.7975
43 15 83.0365
43 30 101.695
43 42 56.7616
43 46 13.6154
43 52 15.1368
43 62 27.6969
43 70 57.2923
43 97 114.776
44 8 55.648
44 15 68.4503
44 18 102.889
44 24 49.9032
44 26 43.6003
44 39 35.5011
44 53 30.4378
44 63 32.2115
44 73 14.6515
44 76 63.2206
45 1 74.4209
45 4 34.3503
45 47 20.9421
45 57 50.333
45 85 86.3788
45 89 96.1208
45 92 16.037
46 0 63.7324
46 54 19.6191
46 57 56.2593
46 81 79.0982
46 94 4.38881
47 0 32.4824
47 12 41.0285
47 15 56.5429
47 17 70.3659
47 52 15.389
47 97 129.094
48 8 45.3937
48 63 39.8712
49 13 37.0651
49 18 72.935
49 26 43.1342
49 35 58.9433
49 39 50.7816
49 42 46.2454
49 56 5.65841
49 61 45.4924
49 68 83.0213
49 78 86.5266
49 90 32.6208
50 5 15.7306
50 42 57.5402
50 46 19.2576
50 66 71.0266
50 73 10.1134
51 6 20.1079
51 53 31.4028
51 55 68.1035
51 64 13.8382
52 9 95.0789
52 18 84.9926
52 24 57.0204
52 46 13.0964
52 58 43.7272
52 67 11.1695
52 80 45.6373
52 95 34.2342
53 6 27.6013
53 32 22.9034
53 36 2.52201
53 37 32.8938
53 55 65.51
53 62 33.7834
53 86 35.3528
53 88 51.9332
53 94 3.84242
54 7 80.6734
54 11 17.8443
54 20 88.8684
54 32 17.4083
54 34 25.1784
54 46 22.762
54 62 24.243
54 84 90.9682
54 89 119.563
55 2 15.7458
55 17 86.8924
55 60 22.2203
55 83 27.9083
55 91 66.0769
56 2 17.1598
56 20 108.218
56 39 35.9599
56 41 67.6411
56 53 33.9531
56 75 26.245
56 94 3.15134
57 27 97.8856
57 68 124.909
57 71 105.122
57 79 16.6771
57 82 79.7078
57 93 88.3088
58 10 42.4568
58 14 19.3629
58 29 30.9492
58 46 19.9648
58 79 55.2671
58 84 91.1992
58 85 83.051
58 91 65.8099
59 1 64.2671
59 4 44.0189
59 15 74.7846
59 25 76.5067
59 45 69.9185
59 51 46.6679
59 68 71.3949
59 70 52.1354
59 71 119.697
59 91 71.4164
60 1 30.2581
60 2 10.7069
60 12 31.2261
60 29 68.9733
60 38 31.5372
60 43 58.9699
60 61 44.8479
60 74 62.2241
60 76 83.3787
60 87 106.51
60 88 57.3628
60 90 31.0984
60 93 54.4208
61 19 58.295
61 41 80.7999
61 44 17.5817
61 46 13.8657
61 47 32.5349
62 15 79.9074
62 18 52.3248
62 39 49.7148
62 41 112.426
62 72 5.22562
62 81 76.2038
63 2 14.2196
63 23 98.4633
63 25 117.152
63 32 17.244
63 34 21.9998
63 62 29.4298
63 63 35.4368
63 80 41.6287
64 67 19.2106
64 71 165.125
64 79 53.7248
64 80 50.4789
64 84 150.71
64 92 10.8893
65 5 15.3534
65 38 34.3662
65 57 70.9722
65 58 39.5539
65 91 76.2222
66 0 61.2781
66 3 46.2446
66 19 58.9793
66 20 92.0707
66 22 19.2959
66 29 68.0178
66 60 15.7955
66 61 29.3931
66 80 51.9023
66 83 33.7691
67 4 40.8855
67 28 46.8362
67 39 49.643
67 42 63.1762
67 52 9.25403
67 68 52.6788
67 72 12.1459
67 82 88.8986
68 35 24.2798
68 38 32.461
68 39 64.7411
68 42 48.8852
68 46 17.4862
68 52 16.3906
68 57 62.0727
68 76 87.0933
68 85 98.6033
68 95 22.08
69 4 18.6181
69 11 17.5016
69 30 70.2286
69 35 56.3283
69 68 80.1542
69 74 59.3655
69 87 109.645
70 0 46.2894
70 14 25.3808
70 37 72.0351
70 56 6.75732
70 63 32.6607
70 66 112.895
70 70 67.8442
70 73 10.0662
70 86 44.7585
71 18 80.6075
71 25 86.4486
71 35 62.4646
71 36 2.97414
71 60 20.9771
71 69 30.5846
71 70 63.1164
71 85 118.415
72 2 14.0979
72 56 5.28875
72 58 62.1968
72 62 32.2653
72 86 30.3167
72 94 4.36395
73 3 48.4699
73 12 37.5523
73 33 32.658
73 36 2.88376
73 46 24.7126
73 48 21.9571
73 51 36.3351
73 52 12.2004
73 55 65.9842
73 96 5.20154
74 3 42.225
74 12 43.1598
74 23 72.7963
74 26 83.3243
74 33 93.7012
74 79 52.0807
74 86 20.2161
75 7 59.1573
75 21 26.4938
75 32 16.8498
75 34 22.6931
75 60 15.0342
75 74 34.3647
76 50 4.25941
76 53 22.0968
76 54 16.1556
76 56 5.81889
76 62 30.3934
76 65 42.6902
76 74 38.0971
77 9 65.4209
77 48 71.8415
77 59 39.7384
77 67 16.2076
77 71 77.0046
77 72 13.3751
77 82 77.3082
78 36 3.06011
78 48 44.9163
78 49 69.9368
78 64 17.5924
78 66 79.1
78 67 28.6855
78 74 43.1315
78 80 52.859
78 90 40.6429
79 13 40.7806
79 14 24.3497
79 25 79.4254
79 33 73.5526
79 42 70.286
79 45 87.266
79 49 53.649
79 53 19.085
79 57 65.9114
79 86 26.1537
80 12 44.2166
80 13 27.6396
80 14 25.0152
80 21 17.2622
80 30 75.4454
80 82 82.6284
80 96 6.87508
81 0 45.9499
81 1 61.0599
81 2 15.0811
81 4 34.8631
81 12 38.9911
81 15 85.4594
81 40 10.772
81 41 90.6667
81 43 51.4259
81 52 14.967
81 66 94.4442
81 68 51.3131
82 2 19.1326
82 34 22.6814
82 75 30.4382
83 11 10.3803
83 74 36.7763
83 76 97.0093
83 78 41.4211
83 87 122.637
84 0 75.6266
84 10 58.761
84 11 17.5864
84 21 28.3432
84 53 21.9401
84 60 22.05
84 62 24.3836
84 63 29.7079
84 68 109.201
84 80 59.2205
85 20 56.0087
85 46 20.4956
85 49 150.653
85 50 9.33708
85 54 13.9851
85 65 47.7464
85 85 111.327
85 94 2
86 1 49.6867
86 6 7.59849
86 21 27.3454
86 46 21.2413
86 56 9.79994
86 62 25.596
86 86 37.3665
86 92 9.51219
86 96 7.74875
87 27 118.449
87 60 11.9628
87 64 22.5478
87 77 61.0431
87 99 73.8993
88 7 65.5979
88 47 37.3026
88 61 38.9008
88 87 108.41
88 97 118.798
89 3 40.6083
89 10 50.5462
89 21 23.1104
89 27 123.689
89 36 3.88424
89 70 52.928
90 16 16.5528
90 26 56.7975
90 46 29.8485
90 55 57.5663
90 79 29.7681
90 81 74.3768
91 2 20.7003
91 28 42.8261
91 75 41.1131
91 77 68.2908
91 88 60.0082
91 94 3.53102
92 13 24.3754
92 16 19.7315
92 24 57.6547
92 33 42.7949
92 37 50.9985
92 49 93.6153
92 52 14.898
92 69 18.6165
92 75 43.5281
92 79 41.0068
92 99 90.5832
93 2 16.8615
93 20 70.2381
93 93 72.6112
94 9 54.4633
94 17 83.6449
94 27 73.9043
94 36 2.96427
94 40 13.7472
94 43 62.7178
94 50 9.91062
94 55 94.4216
94 60 14.8199
94 67 18.7207
94 69 21.9503
95 8 60.2995
95 11 8.71355
95 19 100.881
95 39 58.4661
95 77 53.7624
95 80 55.1916
95 88 84.1925
95 95 47.7263
96 53 13.6197
96 63 41.4974
96 77 53.1137
96 78 65.9518
96 93 51.4698
97 6 24.7076
97 19 81.0562
97 37 37.019
97 64 21.1986
97 69 15.1863
97 77 80.2983
97 89 68.2836
98 7 86.3112
98 11 10.594
98 14 20.2921
98 19 41.4476
98 34 22.5968
98 38 29.1158
98 45 102.859
98 47 33.5653
98 48 46.6045
98 67 14.5449
98 71 90.6673
98 75 27.0604
98 91 60.4035
98 95 27.9672
99 17 87.3031
99 24 55.0329
99 36 2.85359
99 45 71.8776
99 85 86.4762
99 99 115.068
