100 100 798
0 16 15.4404
0 19 67.5896
0 41 68.2806
0 64 20.3964
0 71 38.4923
0 72 101.455
0 84 96.2878
0 85 120.409
1 9 46.3023
1 10 74.0898
1 21 25.8727
1 47 72.6295
1 51 97.4764
1 66 23.1632
1 68 2.35956
2 3 4.69085
2 25 31.1678
2 45 21.9224
2 55 10.4109
2 70 3.32569
3 12 43.1944
3 28 67.3798
3 42 37.7407
3 44 32.3258
3 64 9.6468
3 78 53.4348
4 2 60.6319
4 22 91.5674
4 54 39.7714
4 57 73.6672
4 80 2.91021
5 13 112.545
5 14 25.7789
5 31 42.0563
5 42 60.1319
5 53 97.8529
5 59 81.8602
5 61 64.0869
5 73 65.5552
5 78 101.121
5 99 45.8075
6 8 46.4235
6 25 43.2487
6 50 13.8937
6 69 7.85516
7 5 79.4077
7 31 47.2749
7 37 27.4674
7 42 69.037
7 49 21.3595
7 95 26.2156
8 13 61.2139
8 39 15.1577
8 41 67.8399
8 43 97.9894
8 59 90.5803
8 62 36.8381
8 65 84.583
8 89 7.4036
8 93 68.7148
8 97 74.025
9 21 26.0755
9 52 64.6805
10 25 49.635
10 32 19.1526
10 34 47.5753
10 35 7.29193
10 52 46.2371
10 53 105.055
10 55 29.3479
10 67 100.216
10 80 2.30026
10 82 48.3073
10 98 16.7842
11 29 30.7628
11 39 16.5497
11 46 14.0737
11 49 30.6228
11 68 2
11 72 88.7381
11 90 29.3725
11 95 28.0985
11 98 22.1244
12 10 101.564
12 19 47.3422
12 28 50.9113
12 36 85.6152
12 55 20.9387
12 71 56.3136
12 92 11.5939
12 98 14.7273
12 99 37.6673
13 4 75.4192
13 12 28.5937
13 13 93.6093
13 24 90.5381
13 30 60.5158
13 41 62.8729
13 53 102.189
13 54 73.6264
13 72 84.9033
13 77 98.9187
13 79 84.3478
13 85 106.463
14 7 66.5482
14 31 25.0341
14 32 15.2801
14 33 18.7114
14 35 14.7696
14 40 87.1802
14 48 63.7839
14 51 102.388
14 59 103.723
14 68 2
14 69 20.0826
14 74 76.1803
14 86 91.0897
14 91 65.1388
14 93 60.4373
15 8 23.8545
15 18 13.0843
15 19 46.7249
15 44 62.4161
15 72 73.9963
15 79 51.1515
15 89 17.5139
16 4 106.106
16 15 17.5078
16 17 33.2765
16 28 50.433
16 62 36.8177
16 65 71.1169
16 71 46.484
16 94 89.254
17 0 96.3474
17 12 31.5345
17 13 94.5074
17 21 22.7368
17 30 57.5626
17 42 64.6515
17 56 55.8818
17 65 77.7993
17 77 78.5378
17 83 52.6965
17 84 75.2876
18 14 44.5409
18 26 15.1838
18 34 68.2528
18 83 36.261
18 99 42.2019
19 1 78.232
19 6 83.1916
19 16 13.4902
19 24 111.939
19 45 35.542
19 49 27.8532
19 52 44.0256
19 57 61.4045
19 75 21.3455
19 76 84.5268
19 79 46.1054
19 87 28.9245
19 89 18.733
20 50 19.3265
20 61 66.4916
20 71 97.4887
21 21 33.1267
21 55 19.9306
21 73 59.1555
21 74 59.261
21 75 19.0153
21 84 74.5764
21 87 23.8832
21 90 27.7117
22 3 10.1885
22 6 82.7065
22 21 15.1154
22 25 74.5633
22 52 42.9558
22 53 127.359
22 64 17.3704
22 75 13.0478
22 76 106.94
22 92 10.3831
22 94 90.8582
23 8 32.2719
23 16 10.5482
23 27 23.9564
23 28 39.7866
23 41 62.0742
23 65 70.1755
23 75 25.8514
23 86 109.822
23 95 28.292
23 99 49.1702
24 14 76.6665
24 25 60.5598
24 44 31.2374
24 46 12.6683
24 63 19.0981
24 73 74.3162
24 76 100.369
25 7 64.0061
25 27 9.48724
25 35 11.6617
25 51 95.891
25 77 62.9831
25 86 59.9787
25 87 31.5606
26 6 95.9474
26 12 21.5286
26 36 45.1617
26 55 15.6819
26 57 70.4548
26 82 47.2964
26 98 14.6087
27 27 13.1731
27 43 54.4391
27 47 56.6037
27 56 43.6533
27 83 53.4867
28 10 73.8672
28 14 81.3189
28 29 31.7636
28 60 121.185
28 66 35.1528
28 71 71.2748
28 73 99.7814
28 85 67.5098
28 90 25.4431
28 98 20.0278
29 0 86.248
29 18 13.3868
29 28 41.8076
29 37 20.8788
29 49 28.4499
29 59 88.5279
29 64 13.4827
29 66 29.8123
29 76 81.8084
29 84 52.0975
30 23 96.5029
30 49 23.9716
30 68 2.01829
31 18 11.6363
31 38 98.3516
31 42 70.688
31 44 50.3655
31 72 72.1546
31 73 50.1475
31 86 80.3557
32 3 10.7531
32 7 63.651
32 8 41.3322
32 13 67.2131
32 23 73.3914
32 32 20.0467
32 68 2.07097
32 72 77.1984
32 79 57.1099
32 84 96.0384
32 94 79.7127
32 96 34.7674
33 6 67.7948
33 9 65.7394
33 19 61.6214
33 25 52.8463
33 27 16.646
33 30 62.8175
33 42 69.4569
33 52 56.7698
33 89 9.72509
34 15 18.6203
34 22 67.1899
34 56 52.0601
34 79 53.1306
34 85 131.15
34 91 51.0766
35 12 28.7251
35 24 79.6997
35 27 22.4587
35 74 58.5818
35 76 109.441
35 78 63.2601
35 80 3.24521
35 88 78.1999
35 91 68.7734
35 93 71.3794
36 5 53.7059
36 8 40.0709
36 12 25.2363
36 28 42.4025
36 29 20.318
36 33 15.5914
36 43 106.37
36 50 19.1902
36 65 61.5594
36 66 30.9308
36 68 2
36 69 12.3219
36 76 161.726
36 87 36.2512
37 35 15.587
37 36 82.6753
37 40 50.0623
37 45 46.3354
37 59 53.0844
37 62 36.1034
38 21 14.3371
38 32 29.9544
38 41 61.3685
38 79 83.8319
38 93 67.3414
38 96 53.1759
39 1 103.089
39 8 42.7953
39 17 22.7187
39 26 19.3752
39 31 44.9895
39 97 71.577
40 4 38.7518
40 77 45.0423
40 80 3.13307
41 0 92.4528
41 37 14.6409
41 46 8.88382
41 48 60.8713
41 55 23.3374
41 59 25.4362
41 65 81.2772
41 71 90.3871
41 81 72.2576
41 89 13.8248
42 0 85.7307
42 4 103.321
42 17 27.2292
42 23 88.1156
42 27 17.8258
42 66 30.8616
42 70 2.96666
42 72 62.4636
42 74 115.196
42 80 3.96799
43 8 38.3916
43 11 59.6073
43 14 96.6882
43 20 19.6925
43 23 67.3872
43 27 23.5534
43 48 71.5433
43 93 80.5713
43 94 76.533
44 9 45.8049
44 30 56.4776
44 42 84.1336
44 82 30.9119
45 16 11.7885
45 24 67.7323
45 46 13.5707
45 48 52.6571
45 57 37.6778
45 58 54.5927
45 71 77.7658
45 73 77.0691
45 77 65.7863
45 85 107.225
45 86 83.4518
45 95 20.9886
46 10 83.1473
46 16 15.838
46 21 24.8891
46 29 21.6649
46 37 27.9121
46 75 17.9349
46 76 105.378
46 82 41.9057
46 94 61.6335
47 7 83.8061
47 14 74.9458
47 51 58.0247
47 70 4.61234
47 85 95.4729
47 92 9.6307
48 39 15.926
48 44 43.4776
48 50 17.9878
48 53 90.0329
48 57 73.7961
48 61 77.9356
48 83 45.7595
48 99 39.7981
49 2 83.427
49 10 52.5991
49 19 82.5994
49 43 102.38
49 59 79.2517
49 61 117.107
49 70 3.87221
49 80 3.33903
49 82 40.6555
50 7 97.6918
50 30 70.5291
50 52 36.1269
50 53 97.2847
50 57 69.3193
50 93 34.478
50 95 24.2749
51 21 16.7038
51 25 47.1726
51 29 18.2825
51 39 17.6403
51 64 17.6433
51 83 56.2944
52 3 7.51351
52 6 79.5234
52 30 66.2867
52 36 65.8019
52 40 81.5496
52 46 14.7386
52 50 11.8793
52 56 43.4438
52 70 3.56589
52 74 53.2637
52 75 20.4982
52 82 46.1816
52 92 15.2477
52 94 87.2047
53 1 115.84
53 23 51.9633
53 36 86.2844
53 37 17.3655
53 72 93.4597
53 76 62.7655
53 77 57.0911
53 85 78.7337
53 86 83.9878
53 87 40.1173
53 89 19.908
53 91 60.1666
54 2 71.871
54 7 91.7453
54 22 97.5463
54 79 42.4925
54 80 2.87821
54 81 106.867
54 82 22.5428
54 90 19.5793
54 98 14.3375
55 10 119.409
55 44 40.8756
55 47 46.0423
55 63 24.0948
55 72 77.4992
55 79 71.7666
55 84 102.676
55 91 58.232
55 97 96.8156
56 40 51.7251
56 50 16.0957
56 52 58.8847
56 56 46.98
56 92 17.0857
57 51 90.8945
57 61 77.8467
57 67 74.0021
57 72 115.585
57 76 72.5718
57 96 34.0453
57 99 42.4435
58 41 58.543
58 48 49.3513
58 50 16.0601
58 75 14.2874
58 77 114.757
58 86 86.5241
58 95 29.5869
59 12 32.434
59 13 78.4834
59 14 54.0263
59 15 14.5542
59 18 11.3173
59 44 35.231
59 50 14.7361
59 60 137.241
59 62 29.8814
59 68 2
59 69 11.2645
59 82 54.6613
59 97 92.3299
60 26 20.5208
60 39 13.8274
60 59 113.24
60 82 43.1209
60 88 46.9933
60 93 74.3143
60 97 79.906
61 2 63.132
61 5 40.6993
61 24 40.4986
61 26 17.6732
61 57 82.1996
61 75 23.9481
61 83 32.7384
61 95 27.7052
62 35 12.471
62 37 17.0432
62 45 33.7093
62 61 98.0497
62 75 16.7069
62 76 68.9722
62 78 80.8863
63 5 69.1297
63 51 67.4761
63 75 17.2341
63 76 126.771
64 5 98.3419
64 35 12.9339
64 39 16.5326
64 69 11.8227
64 80 3.07527
64 90 31.9452
65 3 8.38513
65 5 63.4374
65 23 67.3565
65 24 60.6485
65 34 33.998
65 46 8.79962
65 55 18.0176
65 70 4.81504
65 86 79.7096
66 9 62.286
66 26 28.079
66 29 29.226
66 32 7.62704
66 50 13.0691
66 61 149.449
66 67 92.8567
66 74 48.5505
66 86 46.0376
66 97 110.785
67 19 72.3621
67 46 10.7441
67 52 42.7028
67 66 21.0277
67 67 99.69
67 71 45.9105
67 81 109.573
67 87 25.176
67 93 62.6533
67 98 10.6243
67 99 39.1998
68 14 58.4714
68 52 38.646
68 60 80.3981
68 61 96.2219
68 77 74.6164
68 83 39.6728
69 4 86.673
69 32 17.9362
69 56 49.9239
69 86 68.6335
69 98 8.09674
70 3 5.40609
70 10 68.7738
70 24 80.1393
70 45 25.6492
70 51 86.1515
70 54 56.2616
70 60 72.7936
70 65 67.8164
70 67 87.1698
70 68 2.1256
70 69 15.1281
70 85 105.429
70 89 11.6149
70 97 81.8076
71 25 34.1715
71 31 38.4116
71 32 17.0182
71 50 7.87715
71 56 54.5673
71 91 32.9846
72 11 52.7514
72 18 16.8375
72 27 13.4911
72 37 22.6057
72 48 35.2444
72 49 21.8857
72 81 73.5796
72 82 43.6495
73 3 10.3302
73 12 23.5886
73 13 62.4399
73 17 23.6251
73 18 13.7595
73 30 64.9128
73 38 65.695
73 72 90.5026
73 83 32.4175
73 89 13.4779
74 12 37.4205
74 15 17.876
74 31 39.1579
74 35 10.8908
74 40 51.9769
74 64 25.7582
74 66 22.4276
75 17 39.5121
75 25 40.1374
75 36 78.513
75 39 10.7136
75 59 98.615
76 4 62.047
76 17 12.1697
76 18 12.0885
76 34 52.0432
76 39 16.3907
76 74 60.2464
76 90 23.7548
77 4 143.076
77 45 40.4828
77 46 15.369
77 61 104.303
77 82 29.2926
77 86 78.7366
77 91 58.2321
77 92 15.5358
77 96 69.51
77 98 15.5156
78 11 65.0576
78 15 17.68
78 18 17.0758
78 20 24.9731
78 30 44.2543
78 43 101.177
78 50 8.08552
78 56 55.6699
78 64 15.4999
78 65 64.6154
78 70 3.71014
79 3 7.64753
79 7 44.8123
79 47 48.4807
79 97 91.2262
80 1 127.323
80 10 120.398
80 19 55.7929
80 28 57.1239
80 34 42.6765
80 35 15.8975
80 37 31.162
80 39 14.9315
80 43 57.333
80 62 24.1399
80 70 4.47689
80 85 101.957
80 88 51.4538
80 89 7.83359
80 96 32.9631
81 14 62.0428
81 37 19.5667
81 39 11.9465
81 69 14.9764
81 77 91.1085
82 15 9.7937
82 17 22.5758
82 34 42.5923
82 60 108.453
82 73 60.9915
82 75 18.5278
82 91 59.6358
83 53 144.548
83 61 107.588
83 64 8.71336
83 67 94.9161
83 68 2.1544
83 91 76.7383
84 1 87.4108
84 13 89.503
84 52 35.6556
84 72 87.3859
84 97 108.826
84 98 18.5392
85 15 22.5045
85 16 15.1589
85 47 48.5861
85 51 85.1784
85 66 21.9
85 70 4.61623
85 88 57.1036
86 19 80.5194
86 26 13.1432
86 32 19.2069
86 38 114.59
86 48 54.3226
86 55 28.307
86 79 54.2226
86 83 55.8326
87 11 87.4001
87 12 33.4742
87 19 55.648
87 20 25.2646
87 41 35.7465
87 62 43.8416
87 92 13.6441
87 96 52.8072
88 12 16.136
88 16 13.2169
88 20 27.4081
88 29 36.1687
88 41 56.1741
88 44 49.3749
88 79 48.7251
88 84 72.398
88 88 77.1842
88 96 45.3755
88 97 91.9197
89 18 13.6205
89 62 33.8837
89 96 23.4113
90 0 67.7592
90 10 54.0285
90 14 75.0004
90 37 17.651
90 38 78.0905
90 72 65.1051
90 99 54.4646
91 15 13.7986
91 34 31.27
91 43 77.909
91 49 16.3725
92 8 39.487
92 10 79.5733
92 22 77.8401
92 31 23.5597
92 32 18.4019
92 38 82.9541
92 60 96.5138
92 74 60.9281
92 76 116.114
92 78 111.18
92 99 42.8407
93 15 13.763
93 19 60.5888
93 52 68.149
93 71 79.4333
93 92 12.767
94 41 69.3629
94 43 124.729
94 62 38.8361
94 69 19.5983
94 75 21.0338
94 76 127.705
94 79 61.5993
95 0 88.6369
95 15 12.8765
95 31 43.6345
95 33 18.1876
95 55 26.538
95 56 60.3206
95 58 40.2862
95 76 114.944
95 85 143.717
95 86 86.0622
95 90 29.3596
96 26 12.5141
96 35 13.84
96 44 34.8412
96 63 21.4111
96 78 64.6753
96 81 105.929
96 90 16.5119
96 99 24.3684
97 1 88.0107
97 4 73.6865
97 9 56.9215
97 17 18.5356
97 24 97.8329
97 44 28.7996
98 3 9.46492
98 4 112.857
98 7 45.2607
98 22 88.9476
98 30 49.7698
98 61 125.224
98 77 80.4009
99 16 13.3869
99 19 75.8354
99 29 27.7133
99 35 12.0212
99 38 57.9816
99 47 76.5822
99 84 65.7392
99 87 42.6761
99 89 13.1056
99 90 23.3759
99 96 48.8453
99 99 36.2745
