300 300 2193
0 6 111.239
0 10 7.46034
0 21 47.6975
0 27 36.8227
0 146 126.077
0 186 58.8844
0 252 5.30868
1 8 45.345
1 56 10.093
1 63 20.4951
1 99 59.9896
1 102 76.9872
1 105 11.4861
1 151 55.1611
1 165 38.2951
1 180 20.8
1 213 48.6926
1 298 6.10327
2 20 82.4676
2 27 42.3532
2 83 30.0169
2 146 110.633
2 161 92.8213
2 170 73.8018
2 207 39.7516
2 237 21.2771
2 292 57.2974
3 17 37.6541
3 29 26.3789
3 95 89.3133
3 99 50.7464
3 126 88.3446
3 198 59.8815
3 205 59.7634
3 262 5.29144
4 76 64.1014
4 104 71.189
4 151 53.1352
4 155 24.736
4 201 29.4023
4 204 3.1937
4 257 49.0486
4 294 99.3192
5 67 63.7919
5 93 69.2876
5 114 57.1886
5 131 25.4722
5 156 66.2698
5 267 62.5889
6 13 37.5089
6 58 74.9997
6 96 71.6686
6 119 65.5272
6 224 6.85567
7 93 87.1271
7 178 57.6102
7 221 23.9432
7 233 79.6177
7 268 90.6205
8 3 52.7761
8 21 44.6262
8 65 78.2794
8 153 26.1892
8 154 30.1756
8 247 2.19831
8 263 37.7092
8 274 55.6198
9 34 18.5613
9 169 31.2421
9 211 4.83423
9 252 4.84598
9 285 77.1441
10 39 109.211
10 42 21.9039
10 109 85.7354
10 116 50.0228
10 131 18.055
10 137 10.6017
10 196 13.2617
10 204 6.61003
10 262 5.78481
11 135 10.1682
11 159 21.6446
11 191 105.178
11 223 130.821
11 235 132.029
11 290 43.095
12 5 35.897
12 13 35.2245
12 53 58.0249
12 70 48.4062
12 82 18.0428
12 89 71.4733
12 93 94.1
12 127 33.6856
12 142 6.30225
13 5 37.2766
13 41 36.3021
13 163 39.2488
13 190 36.3783
13 196 19.262
13 222 33.6884
13 228 41.4559
13 237 13.3184
13 256 113.936
14 7 22.9148
14 22 88.1416
14 196 14.0568
15 62 60.7972
15 133 60.9239
15 175 15.3087
15 252 2.1227
15 259 17.0654
16 62 60.8822
16 63 32.4889
16 72 77.8888
16 88 11.9216
16 116 47.6588
16 134 96.7075
16 184 40.9969
16 247 2
17 11 20.3159
17 48 38.2651
17 57 11.2752
17 71 31.6194
17 109 73.2831
17 124 82.8088
17 268 31.356
18 65 95.2351
18 75 66.9645
18 85 4.16526
18 101 9.34748
18 156 78.741
18 266 72.6148
18 271 50.3151
19 14 70.4991
19 69 49.625
19 70 80.4995
19 104 87.0279
19 117 64.2823
19 243 4.90394
19 257 46.886
19 265 51.1147
20 4 18.5422
20 37 13.4465
20 52 45.4926
20 105 11.6136
20 126 99.6313
20 151 48.9196
20 197 26.9656
20 257 33.1024
20 274 48.9586
21 50 76.6759
21 80 5.78181
21 161 62.1649
21 165 39.1347
21 209 50.8463
21 229 19.0248
22 40 22.2455
22 107 38.8039
22 119 59.335
22 128 48.3097
22 214 9.9079
22 225 125.295
22 251 55.3317
22 286 18.3328
22 289 42.2456
23 1 60.6635
23 38 31.139
23 53 58.6798
23 70 101.825
23 81 23.8526
23 135 10.7957
23 298 5.34007
24 15 39.2717
24 62 75.2587
24 75 79.4782
24 110 18.6774
24 130 74.8037
24 131 28.7995
24 151 55.74
24 197 27.5761
24 234 33.5765
25 82 11.0327
25 194 81.0479
25 235 111.956
25 242 42.9309
25 285 82.3779
26 3 86.289
26 9 29.6396
26 17 54.2137
26 62 30.6479
26 153 35.4335
26 185 63.1342
26 213 37.8601
26 221 11.1719
26 228 24.5849
26 265 63.2723
26 278 78.0206
27 14 60.7709
27 19 76.5809
27 22 41.9496
27 176 39.9091
28 106 21.7426
28 107 50.2415
28 122 28.4835
28 178 77.6669
28 185 54.8748
28 219 68.4081
28 245 24.9053
28 275 65.9022
28 278 100.044
29 71 16.7995
29 148 22.0139
29 150 29.798
30 37 14.6968
30 53 58.1827
30 62 51.263
30 87 69.8528
30 100 52.5953
30 156 49.117
30 172 2
30 210 29.6567
30 245 31.7008
31 4 17.8427
31 39 106.871
31 56 8.87789
31 250 54.4494
32 0 20.4033
32 55 48.5337
32 65 78.4438
32 90 21.3448
32 215 70.8886
32 261 19.7635
33 0 16.4597
33 145 69.3795
33 209 35.9639
34 75 39.1185
34 95 64.8032
34 170 57.2901
34 172 2.0726
34 242 25.7831
34 259 19.9944
35 0 20.5144
35 32 73.0045
35 52 47.1262
35 75 38.9123
35 111 29.4883
35 115 66.4408
35 173 60.7443
35 176 44.3321
35 206 87.2161
35 218 141.526
35 232 106.916
35 240 70.0262
35 246 102.818
35 294 81.0584
35 295 88.6153
36 52 27.7757
36 55 18.124
36 114 63.2636
36 163 76.6175
36 254 38.6981
37 5 32.8743
37 75 72.2485
37 85 6.18472
37 95 107.425
37 188 59.8143
37 190 21.5015
37 265 45.7766
37 266 31.2285
37 267 33.1106
37 268 45.3033
37 279 69.7306
38 15 42.742
38 22 94.6752
38 32 89.6313
38 116 44.9646
38 124 55.8808
38 145 110.036
38 212 43.776
38 233 157.693
38 253 131.504
38 264 4.92465
38 280 2.14702
38 287 23.1263
39 6 128.836
39 56 10.5725
39 141 59.6494
39 143 2.06814
39 150 17.5665
39 177 36.5718
39 191 75.313
39 231 86.8516
39 246 107.521
40 53 53.3372
40 117 45.1677
40 160 23.4341
40 201 50.7132
40 208 70.4424
40 231 71.9134
40 259 15.5057
40 289 54.0798
41 1 57.0951
41 81 16.7429
41 90 24.1495
41 180 22.5891
41 217 70.7267
42 67 80.7811
42 110 28.9264
42 111 13.1167
42 168 38.3467
42 190 21.7419
42 265 50.419
43 67 52.9819
43 188 56.725
43 189 72.3911
43 190 33.2915
43 249 101.524
44 49 103.569
44 72 84.8415
44 81 31.1793
44 128 47.0908
44 146 49.9658
44 161 91.4222
44 221 39.5176
45 49 81.1159
45 98 55.0705
45 154 38.9966
45 194 59.8131
45 205 44.1409
45 212 47.549
45 252 6.05906
45 295 57.4835
46 24 2
46 65 89.5208
46 133 42.4277
46 240 100.104
46 295 29.1635
47 1 67.2329
47 27 44.1147
47 35 128.135
47 41 45.6714
47 44 58.7139
47 46 62.153
47 77 21.4632
47 144 7.77444
47 197 20.2568
47 254 73.2717
47 264 4.57075
47 295 70.8276
48 13 59.524
48 21 47.6093
48 82 17.0197
48 124 89.6456
48 134 86.6937
48 250 25.808
49 10 6.05393
49 44 60.579
49 55 52.3647
49 78 56.8905
49 81 35.7581
49 89 59.8224
49 93 93.6161
49 102 41.8078
49 161 64.5706
50 72 79.4194
50 92 75.6156
50 123 118.257
50 126 116.506
50 149 81.3935
50 289 62.4495
51 12 93.0184
51 29 43.7372
51 31 22.728
51 102 58.8735
51 123 74.8999
51 233 109.369
51 265 40.9884
51 284 31.3313
51 293 47.5365
52 10 5.36976
52 48 39.6287
52 76 81.3214
52 111 28.1182
52 125 30.6193
52 126 75.6397
52 193 70.0429
52 234 50.4095
52 241 80.5102
52 274 34.5101
52 287 22.0499
52 299 76.28
53 33 11.642
53 99 42.1764
53 105 9.69479
53 113 37.7272
53 117 61.177
53 178 93.3907
53 197 41.4978
53 222 50.7286
54 0 11.9473
54 29 39.543
54 121 7.11423
54 141 79.5748
54 173 82.438
54 194 64.8238
54 241 81.2692
54 282 18.1699
54 299 72.1619
55 23 88.2504
55 74 37.8406
55 125 27.3112
55 186 56.1933
55 205 46.0148
55 208 39.6515
55 211 7.3523
55 216 92.1909
56 1 37.9025
56 98 35.3639
56 128 56.5841
56 167 51.9734
56 170 70.3802
56 195 103.055
56 206 64.7779
56 245 52.8479
57 17 48.8698
57 57 6.5465
57 63 27.3461
57 68 75.5082
57 82 20.4465
57 125 19.7897
57 166 69.0225
57 173 74.3184
57 180 24.9395
57 214 8.17339
57 220 42.4326
57 236 43.683
57 277 26.4628
58 8 61.2383
58 26 22.436
58 91 67.7253
58 96 73.2483
58 131 32.0395
58 155 63.5396
58 179 56.3593
58 210 23.1419
58 218 66.3985
58 229 73.4023
58 258 13.2581
59 37 11.2973
59 38 22.0199
59 40 36.8228
59 94 85.0471
59 101 6.94516
59 120 23.3526
59 122 41.7108
59 146 83.863
59 180 18.3626
59 195 114.496
59 200 45.2939
59 220 38.5167
59 221 19.3008
59 244 6.81991
59 268 61.6285
60 59 24.1946
60 80 5.32748
60 94 86.9439
60 130 110.144
60 185 55.1246
60 193 92.6818
60 199 54.3231
60 200 70.7565
60 275 62.3941
60 291 3.67198
61 94 122.065
61 104 81.6099
61 108 24.1546
61 112 6.25488
61 117 43.0995
61 120 23.402
61 153 60.6324
61 237 8.23504
61 244 8.24063
61 271 41.1732
61 278 102.396
62 29 21.727
62 114 74.7386
62 235 74.7942
62 263 91.5284
63 82 10.2553
63 83 35.494
63 124 76.6011
63 139 80.4452
63 145 82.0387
63 152 73.1334
64 67 73.8834
64 130 84.6276
64 151 34.4629
64 154 40.5261
64 180 19.6943
64 215 83.084
64 240 50.6073
64 297 38.3222
65 8 97.8106
65 21 61.3614
65 41 30.6239
65 193 84.219
66 99 47.1289
66 148 19.9132
66 184 31.1256
66 205 31.8414
66 228 31.1151
66 237 18.7156
66 250 47.3521
67 164 23.256
67 208 121.616
67 257 23.1603
67 279 73.0902
68 46 61.1022
68 59 27.9151
68 85 8.32556
68 152 87.5117
68 182 20.4484
68 210 28.1399
69 10 5.54457
69 25 54.1919
69 26 21.779
69 27 48.7377
69 35 56.1436
69 87 111.194
69 102 81.2111
69 127 22.9236
69 154 35.9226
69 176 51.8563
69 180 23.8211
69 220 40.1297
69 272 86.8183
70 62 41.3385
70 63 30.4415
70 69 55.5442
70 197 36.2198
71 48 38.3632
71 113 53.0151
71 191 115.468
71 198 86.2118
71 249 33.9662
71 254 61.9615
71 275 105.624
72 12 95.9949
72 22 106.033
72 33 10.0899
72 59 18.2184
72 133 43.6275
72 189 69.7161
72 269 13.1756
72 280 2.11711
73 31 28.2717
73 73 66.4806
73 128 50.6668
73 205 43.2184
73 236 34.3978
73 288 10.4736
74 0 18.8723
74 69 63.0816
74 89 75.2357
74 103 91.6337
74 237 20.3484
75 21 64.2462
75 126 76.5449
75 175 12.8482
75 178 62.0314
75 196 15.247
75 231 93.3761
75 250 54.8178
76 154 33.9846
76 187 12.4938
76 279 59.8512
77 38 23.9599
77 52 35.5552
77 95 57.7722
77 121 4.66317
77 132 40.856
77 152 84.3871
77 195 47.528
77 227 27.3246
77 250 48.2314
77 261 12.2922
77 273 3.80872
77 283 5.77484
78 15 59.7773
78 50 41.6099
78 75 56.1877
78 104 130.065
78 116 37.2105
78 121 7.97631
78 158 4.04658
78 203 43.61
78 238 63.3576
78 254 68.6051
78 298 5.1362
78 299 80.9679
79 10 7.08954
79 67 64.9005
79 77 15.0016
79 105 13.9249
79 145 92.9033
79 245 48.9716
79 275 137.758
79 298 3.59008
80 114 72.6629
80 175 19.6532
80 193 101.032
80 228 41.8915
80 286 15.4181
81 17 47.5419
81 21 59.6645
81 31 36.1169
81 50 84.7993
81 62 51.4256
81 81 18.1926
81 117 40.8486
81 183 2.99519
81 203 63.7834
81 228 35.2245
81 240 67.111
81 284 30.1239
82 6 91.5139
82 20 96.6936
82 25 56.6517
82 39 106.809
82 79 95.4441
82 107 43.8475
82 139 98.2958
82 150 28.6246
82 192 56.8255
83 36 30.1154
83 39 83.8688
83 50 61.3668
83 56 11.8086
83 69 64.5727
83 86 87.1756
83 93 70.4615
83 116 48.5285
83 165 22.762
83 185 48.0495
83 261 12.7101
84 4 23.0022
84 56 8.8599
84 146 81.2512
84 192 31.6206
84 255 10.673
84 293 52.5131
85 86 125.191
85 90 14.5723
85 104 115.552
85 120 20.0571
85 224 5.52555
85 272 88.566
85 277 11.8944
86 26 27.404
86 35 100.05
86 116 43.3333
86 173 72.6979
86 238 35.1322
86 270 70.0615
87 45 87.9841
87 84 82.1935
87 209 59.8375
87 244 14.4221
88 47 2
88 67 61.8855
88 108 21.8702
88 171 46.3087
88 210 28.4177
88 263 69.8188
89 76 71.9106
89 114 57.2278
89 118 80.7289
89 185 62.9639
89 236 34.1519
90 5 30.2436
90 18 24.056
90 127 23.4708
90 168 49.8376
90 257 31.2665
90 268 92.0644
90 277 18.7512
90 278 49.3814
90 293 52.2133
91 4 23.8008
91 69 48.4897
91 89 75.1335
91 102 78.2106
91 196 15.1024
91 204 8.72627
91 222 29.5455
92 18 25.9289
92 34 23.6114
92 51 33.9811
92 55 48.3365
92 72 92.4347
92 169 37.5322
92 240 50.5254
92 243 6.19611
93 8 61.7367
93 51 33.7513
93 55 33.8116
93 97 24.8421
93 110 23.8157
93 159 16.6176
93 192 61.7473
93 255 11.2386
93 282 12.6201
93 283 7.65848
93 295 50.7205
94 84 75.6558
94 138 51.7475
94 139 83.7355
94 202 10.1847
94 220 68.5246
94 296 108.222
94 297 83.3381
95 4 18.7868
95 101 4.29949
95 124 90.5093
95 205 42.7358
95 208 58.5294
95 250 42.6854
95 274 32.0294
96 113 44.1895
96 128 36.6811
96 131 19.8698
96 163 41.3542
96 164 27.3232
96 194 69.2381
96 227 10.425
96 278 85.9006
97 23 61.7591
97 55 53.2557
97 92 83.7995
97 128 32.2168
97 145 53.2679
97 258 36.3124
97 282 19.2233
97 293 56.407
98 151 46.7064
98 161 64.8073
98 168 55.5237
98 237 17.4922
98 268 102.78
99 47 2
99 53 62.8599
99 62 61.8695
99 80 4.46325
99 90 17.0849
99 122 20.1287
99 128 40.2046
99 175 22.7615
99 182 5.73099
99 190 29.9611
99 210 26.9681
99 214 4.83189
99 217 80.3358
99 296 84.0637
100 6 114.446
100 130 79.0691
100 137 16.1212
100 140 81.1505
100 168 52.2581
100 215 85.8736
100 222 52.9634
100 275 85.0245
101 35 79.4497
101 90 13.1837
101 109 94.3854
101 184 45.1811
101 277 27.5451
101 295 84.5377
102 9 32.8597
102 43 23.2688
102 74 44.4024
102 125 27.5707
102 137 12.2895
102 205 43.6537
102 212 27.7374
102 242 34.5694
102 276 67.1791
102 281 46.6901
103 0 19.8409
103 21 50.1986
103 81 18.4361
103 91 93.9269
103 192 56.2311
103 206 95.1068
103 259 17.2181
104 23 53.9254
104 129 17.2671
104 152 62.0663
104 168 24.9844
104 206 64.0303
104 232 128.393
104 256 132.146
104 290 64.5805
104 292 87.0283
104 296 91.4424
105 5 13.4358
105 82 14.8194
105 96 85.1786
105 119 76.4887
105 138 34.6808
105 145 100.451
105 253 73.7658
106 5 35.6935
106 29 42.3889
106 81 28.4549
106 117 36.2923
106 184 57.623
106 185 54.5403
106 219 67
106 227 26.2221
106 260 76.0276
107 90 10.852
107 122 37.861
107 140 110.731
107 144 18.9848
107 260 94.2355
108 101 7.76987
108 154 27.8498
108 178 64.9969
108 185 57.2648
108 296 86.9571
109 6 59.7134
109 51 21.6594
109 97 21.3896
109 123 21.0819
109 126 84.9184
109 153 60.203
109 155 68.1393
110 22 104.491
110 51 30.6979
110 91 72.5067
110 238 48.2069
110 269 11.2329
110 278 113.412
111 9 20.3966
111 34 21.1106
111 54 59.9683
111 77 13.6883
111 80 4.38573
111 111 19.5419
111 124 62.6843
111 153 48.7504
111 159 20.3211
111 169 22.4821
111 226 57.2998
111 258 36.6565
111 259 24.5171
111 267 49.8748
112 4 25.8328
112 26 31.243
112 34 14.9129
112 38 34.5083
112 81 21.8516
112 85 4.32185
112 123 75.0108
112 131 26.9328
112 155 57.5775
112 197 24.4674
112 223 116.736
113 2 70.8116
113 49 82.0613
113 85 3.90295
113 115 44.1645
113 128 27.3205
113 142 5.24054
113 221 27.6877
113 258 50.7327
114 77 15.4345
114 194 58.8596
114 221 29.284
114 230 67.2579
114 247 2
114 258 35.2777
115 20 87.9528
115 93 125.781
115 141 83.3388
115 172 2
115 235 120.429
115 256 92.5698
115 280 2
116 11 13.558
116 34 16.7044
116 38 30.4314
116 168 56.849
116 192 51.4534
116 236 38.3603
116 257 32.4971
116 280 2.03779
117 121 7.69018
117 159 21.6373
117 201 47.8709
117 238 50.7709
117 274 52.4926
117 281 18.5979
118 17 43.454
118 30 29.0982
118 47 2.1917
118 59 27.3038
118 120 13.0575
118 153 61.9946
118 270 85.5545
119 33 14.7353
119 37 13.6147
119 218 126.926
119 222 47.0771
119 247 2
119 295 39.6627
120 105 10.0045
120 215 100.052
120 262 5.4095
121 1 37.5025
121 20 117.509
121 30 31.1423
121 62 46.0658
121 107 59.1888
121 112 4.33959
121 114 67.2468
121 118 72.6854
121 144 12.4799
121 191 30.7881
121 203 55.6397
121 247 2.16237
121 266 93.8387
121 274 57.5748
121 295 53.7477
122 27 33.6148
122 66 41.4407
122 121 6.77695
122 127 25.6855
122 195 51.8693
122 218 112.49
123 31 38.767
123 68 129.2
123 70 60.6871
123 90 16.4162
123 188 38.5003
123 223 92.5019
123 237 15.1107
123 250 74.4811
123 278 82.1818
124 113 42.4498
124 115 128.161
124 175 12.1798
124 182 16.0729
124 195 84.6378
124 214 8.4069
124 242 35.1421
124 250 57.5303
124 276 43.0111
125 92 55.1906
125 121 8.98931
125 183 3.30457
125 239 38.7532
125 281 36.6585
126 127 33.5503
126 161 83.2438
126 198 61.3433
126 208 74.796
126 250 48.6899
126 280 2
127 17 68.4644
127 41 36.7188
127 54 91.6221
127 92 66.8674
127 150 19.1748
127 171 43.3296
127 205 61.3305
127 240 57.4264
127 295 100.357
128 8 65.8509
128 121 5.47639
128 146 113.697
128 184 45.8956
128 191 96.9485
128 232 93.5508
128 235 89.7299
128 236 40.2523
129 27 28.991
129 71 33.316
129 267 37.1347
130 17 51.2368
130 20 131.249
130 59 27.0239
130 129 27.9572
130 263 93.6322
130 282 18.5916
131 50 90.935
131 96 50.5363
131 188 50.062
131 230 133.272
131 235 105.241
131 294 80.7256
132 28 18.5608
132 57 13.3281
132 129 36.9939
132 140 141.419
132 192 48.1114
132 218 78.4276
132 222 41.6856
132 232 90.1615
132 245 48.4647
132 267 35.7022
132 288 12.4725
133 29 40.0049
133 31 30.9929
133 58 88.7099
133 75 47.2144
133 79 101.018
133 90 23.2109
133 154 42.747
133 186 74.2847
133 226 40.4655
133 246 80.3632
134 2 78.5156
134 87 115.499
134 141 52.941
134 210 28.6997
134 240 74.8753
134 255 11.1106
134 271 46.4966
134 273 4.25593
134 276 67.1715
134 292 59.6631
135 8 80.2678
135 53 49.0794
135 58 108.474
135 72 88.9885
135 76 64.3229
135 87 111.538
135 110 29.7931
135 139 78.8776
135 172 2.09687
135 228 29.8574
135 268 85.3135
136 56 11.2097
136 57 5.1503
136 132 35.6433
136 147 48.2555
136 159 26.8383
136 204 8.15005
136 210 17.1927
136 218 90.0651
136 261 23.1507
136 292 72.7271
137 10 5.11437
137 50 60.2497
137 164 35.6556
137 190 30.5231
138 28 22.7189
138 105 10.5985
138 191 80.5645
138 198 54.1336
138 201 31.6695
138 237 25.6589
138 242 36.5716
139 6 109.741
139 103 76.7555
139 113 37.1414
139 181 97.9109
139 267 38.6311
140 12 120.918
140 14 64.9373
140 50 87.6326
140 102 56.4154
140 126 93.6912
140 167 100.922
140 172 2
140 227 24.6403
140 249 51.66
140 269 16.146
140 276 33.076
141 11 19.5475
141 120 16.5906
141 134 86.6088
141 171 35.1914
141 179 61.1763
141 210 26.4645
141 256 106.433
141 259 19.904
142 104 89.9299
142 223 86.5251
142 238 56.9899
143 33 13.4705
143 36 33.0931
143 42 17.8597
143 95 81.4509
143 155 74.9846
143 229 41.4919
143 239 18.3589
144 41 35.2231
144 51 39.9617
144 91 87.7562
144 169 17.7713
144 196 17.8605
144 255 10.0105
145 0 26.2265
145 8 55.4474
145 73 73.852
145 92 51.1078
145 114 92.5331
145 203 34.1201
146 28 18.9303
146 67 61.7603
146 96 39.7877
146 105 16.9868
146 108 33.4055
146 155 56.2303
146 164 26.4101
146 178 73.6641
146 208 91.926
146 251 76.6095
146 296 77.9352
147 11 18.2653
147 78 56.8139
147 104 39.4518
147 123 86.7331
147 126 98.1133
147 144 15.7857
147 260 76.5043
147 271 43.051
147 293 66.0058
148 15 41.0071
148 16 25.2145
148 76 55.8635
148 109 121.858
148 119 62.4789
148 172 2.11588
149 69 44.5029
149 111 18.8556
149 183 3.30475
149 223 110.636
149 231 83.3161
149 295 65.7421
150 137 11.6406
150 159 25.083
150 209 62.3664
150 255 9.35367
150 263 69.7472
150 273 2.88552
151 8 65.8085
151 28 21.2103
151 52 34.0553
151 56 8.39774
151 66 21.7248
151 83 45.8206
151 105 14.1678
151 138 55.3253
151 168 49.9547
151 279 90.0119
152 19 73.9275
152 25 58.6114
152 82 19.359
152 136 60.9318
152 155 79.7018
152 209 61.7025
152 225 94.0115
152 227 26.445
152 274 47.8169
153 59 34.3818
153 70 83.8328
153 119 45.4148
153 180 21.5738
153 244 11.33
153 258 31.4848
153 264 3.56863
153 279 44.7079
154 31 35.9682
154 142 5.13763
154 144 11.1612
154 172 2.32823
154 214 8.56546
155 72 117.418
155 102 62.6237
155 115 75.3675
155 117 79.8861
155 139 52.9201
155 187 21.8661
155 195 47.7275
155 263 93.3261
156 45 73.8871
156 100 31.0191
156 247 2.08353
157 0 13.46
157 18 15.6654
157 27 41.1068
157 28 22.5927
157 69 51.1785
157 71 30.8449
157 92 40.2697
157 93 84.7759
157 106 35.0406
157 144 16.6097
157 201 49.4894
158 37 10.9856
158 41 17.0962
158 63 46.3312
158 126 54.771
158 134 104.386
158 221 19.1027
158 224 7.48939
158 257 52.469
158 262 8.78619
159 3 83.9338
159 7 20.3584
159 30 32.2581
159 39 121.336
159 63 33.2441
159 110 22.8799
159 136 60.8298
159 145 75.873
159 193 69.6314
159 210 31.8771
159 219 54.2675
160 1 62.2696
160 81 22.4429
160 132 31.1876
160 215 91.5386
160 240 58.8529
160 247 2.34497
160 297 32.9492
161 31 34.2962
161 67 66.4442
161 160 26.0403
161 188 59.1252
161 197 49.0153
161 212 37.8564
161 240 54.3626
161 241 47.3728
162 17 62.6071
162 58 84.5687
162 71 20.5868
162 102 81.2198
162 123 116.627
162 163 73.3121
162 178 63.2677
162 289 62.5996
162 292 66.6952
163 58 111.512
163 72 87.5546
163 100 52.4749
163 107 20.3183
163 123 108.866
163 141 84.8379
163 144 18.5297
163 150 20.9458
163 157 11.3741
163 189 63.3066
163 249 72.1414
164 50 61.8694
164 62 55.9946
164 63 18.1236
164 166 65.6366
164 207 57.6244
164 256 107.391
164 270 72.033
165 28 15.84
165 64 21.6561
165 85 5.43451
165 120 20.7872
165 191 30.0444
165 223 73.8158
165 237 24.0569
165 257 13.8678
166 8 62.3177
166 37 13.7245
166 162 58.0796
166 206 65.2944
167 37 14.1403
167 78 81.4451
167 99 58.5849
167 103 61.0244
167 136 83.6387
167 186 87.9474
167 273 3.54443
168 44 86.1099
168 183 2.79135
168 195 63.0871
168 201 45.8198
168 259 16.8155
168 293 39.2376
169 8 73.6811
169 24 2.20881
169 118 76.3939
169 151 43.639
169 153 41.388
169 162 36.4737
169 254 61.1091
169 263 95.3185
170 7 42.0827
170 27 39.208
170 28 23.7616
170 49 81.2619
170 62 40.1206
170 142 6.57595
170 162 30.4365
170 249 98.5403
170 296 133.509
171 40 27.3605
171 45 69.384
171 78 35.9234
171 145 65.9417
171 172 2
171 205 53.015
172 18 23.464
172 199 81.535
172 212 44.3787
172 214 10.5417
173 0 19.5593
173 55 37.849
173 126 98.54
173 128 49.9292
173 146 99.7667
173 206 90.3517
173 220 50.2813
173 221 19.4198
173 228 21.6333
173 291 2.77164
174 83 40.077
174 118 85.5925
174 120 13.4939
174 129 19.6295
174 163 79.5659
174 193 72.4919
174 196 18.9475
174 198 69.3516
174 283 5.55543
174 288 14.2439
175 17 40.3937
175 47 2.21715
175 143 2.38199
175 184 27.1917
176 18 32.6123
176 22 91.3638
176 53 82.0373
176 95 118.46
176 120 5.59146
176 124 106.969
176 137 12.35
176 166 103.884
176 220 40.6384
176 268 58.0981
177 17 63.4781
177 78 70.6811
177 80 4.99442
177 86 93.0655
177 96 82.8283
177 201 39.0182
177 249 77.9073
178 36 43.1767
178 84 104.759
178 108 20.7239
178 132 26.4013
178 158 4.88138
178 194 80.0796
178 220 48.2685
178 247 2
179 20 74.1014
179 25 46.8156
179 34 21.3323
179 74 48.6312
179 76 42.1795
179 83 47.5167
179 120 23.6825
179 178 123.619
179 266 70.5475
179 282 13.9027
180 38 25.8427
180 40 24.9765
180 140 102.738
180 172 2
180 200 72.2144
180 224 6.15528
180 257 43.5767
180 264 5.81933
180 278 111.557
181 22 118.11
181 29 26.408
181 53 62.1751
181 73 54.6162
181 83 32.4079
181 163 70.8859
181 210 19.3145
181 219 70.1357
181 266 47.6373
182 21 75.1815
182 62 55.5717
182 120 18.7436
182 168 39.761
182 217 52.4501
182 222 31.8949
182 235 132.069
182 237 15.4074
182 268 70.8807
183 13 41.3728
183 53 72.7942
183 71 16.6085
183 97 10.2177
183 112 6.79221
183 125 28.3485
183 136 55.612
183 146 111.567
183 228 27.1686
183 231 89.7327
183 236 35.3583
184 63 26.7783
184 64 11.0558
184 135 15.0002
184 139 60.2269
184 174 48.7472
184 238 52.749
184 297 42.2025
185 6 88.9194
185 24 2
185 53 62.3065
185 151 62.6499
185 197 43.4212
186 2 92.5171
186 81 23.5004
186 274 30.6705
187 57 15.6153
187 141 100.852
187 233 115.456
188 17 72.641
188 38 16.591
188 101 5.67352
188 109 89.17
188 119 51.2763
188 136 45.6727
188 198 93.487
188 205 66.9029
188 229 53.2496
189 22 112.672
189 70 90.4332
189 86 84.1057
189 97 27.8535
189 120 19.0202
189 130 92.2902
189 134 123.559
189 144 13.7341
189 164 32.5545
190 17 36.904
190 191 93.5493
190 249 65.2497
191 86 93.9514
191 129 30.7742
191 170 38.6958
191 177 43.7192
191 216 66.9731
192 77 16.5786
192 84 73.2624
192 99 40.585
192 118 79.7024
192 173 65.0339
192 187 11.902
192 281 53.2845
193 3 104.804
193 4 26.5304
193 8 85.3044
193 88 14.824
193 165 55.4682
193 230 76.3962
194 34 23.5894
194 52 36.8151
194 113 54.0707
194 129 14.6743
194 160 19.3326
194 201 36.9821
194 262 7.05182
194 276 51.4654
195 23 34.6104
195 133 33.141
195 178 56.2995
195 187 11.5971
195 242 23.3091
195 250 48.1629
195 268 82.6611
196 23 29.6144
196 37 13.4698
196 51 41.5854
196 88 18.2995
196 112 9.42925
196 175 15.6476
196 270 54.0569
197 63 33.1864
197 66 22.412
197 148 30.1446
197 288 6.82166
197 296 122.031
198 13 27.4667
198 32 83.1232
198 64 13.6947
198 139 92.6257
198 151 58.9869
198 173 82.8347
199 62 45.3259
199 108 25.2717
199 127 34.165
199 142 6.96277
199 144 20.0745
199 148 42.4725
199 155 77.242
199 177 22.7328
199 194 31.2341
199 216 92.7354
199 277 22.132
199 296 116.759
200 72 90.3399
200 236 42.0354
200 237 20.0791
200 261 20.4462
200 288 12.7037
201 75 71.9438
201 98 46.5194
201 146 126.672
201 148 28.357
201 206 117.989
201 266 61.6771
201 298 3.98211
202 1 38.6458
202 44 77.651
202 166 85.8716
202 175 12.8106
202 182 12.4565
202 233 98.0675
202 235 73.9769
202 259 24.3269
202 261 15.5026
202 279 50.6048
203 70 64.7749
203 139 115.37
203 141 89.6585
203 192 50.5876
203 215 74.7064
203 249 97.4161
203 298 3.12243
204 14 61.481
204 33 11.9851
204 81 24.6141
204 190 35.0299
204 200 58.8583
204 211 7.63212
205 17 40.8415
205 78 53.8001
205 139 67.5857
205 183 3.75497
205 197 42.8856
205 228 33.4863
205 240 55.5684
206 19 65.4608
206 59 37.8299
206 64 10.489
206 78 69.5304
206 165 29.7446
206 177 49.0657
206 196 22.9547
206 199 78.63
206 231 103.849
206 274 20.979
207 35 62.0052
207 40 21.2549
207 109 98.382
207 141 78.1265
207 219 65.7057
207 252 6.65618
208 60 51.0003
208 93 74.2176
208 105 12.5033
208 129 37.6968
208 130 48.2725
208 152 89.1007
208 192 47.4581
208 218 85.2772
208 239 37.9074
208 298 4.47099
209 63 37.6768
209 78 61.6319
209 102 52.4068
209 181 63.0651
209 216 137.785
209 248 16.1006
209 264 5.44651
209 265 37.2565
210 0 18.8256
210 4 15.5512
210 26 17.3587
210 63 20.8678
210 78 81.3418
210 86 86.9717
210 106 29.7764
210 121 5.99487
210 183 3.53102
210 219 27.1167
210 243 5.86409
211 87 77.1464
211 124 90.9166
211 144 8.35903
211 214 7.76259
211 238 45.1688
211 271 45.0895
212 97 25.5183
212 118 97.8754
212 128 47.6622
212 147 45.0359
212 240 77.9926
212 251 60.2437
212 254 54.0513
213 214 6.49179
214 65 64.8484
214 99 40.1092
214 116 37.6855
214 160 33.0196
214 197 46.2912
214 198 45.9463
214 240 46.5968
215 106 24.5644
215 111 19.3114
215 169 36.9332
215 217 69.9734
215 242 43.3159
215 267 46.9277
215 289 28.5868
216 146 97.3198
216 164 29.8548
216 244 9.10868
217 36 36.4577
217 93 80.3597
217 133 36.9864
217 199 56.5724
217 202 7.66899
217 263 100.721
218 73 81.9636
218 74 5.82943
218 79 72.6767
218 95 116.084
218 116 64.6943
218 147 32.7974
218 155 58.1732
218 189 78.1896
218 212 44.9537
218 218 117.662
218 226 106.1
218 245 56.9355
218 266 58.1072
218 294 100.457
219 6 74.9008
219 8 49.8891
219 105 6.53898
219 172 2
219 219 33.1308
220 3 49.3269
220 19 31.3089
220 25 57.7148
220 61 13.4187
220 73 35.747
220 75 33.4
220 106 13.5376
220 116 51.0344
220 119 58.2439
220 138 33.9152
220 169 29.5734
220 252 6.53825
220 257 50.9652
221 11 12.7085
221 58 83.9886
221 122 42.5766
221 155 59.5994
221 164 36.8069
221 178 82.9766
221 186 82.0678
221 260 126.608
221 266 60.9261
222 61 6.36122
222 62 59.6744
222 69 73.4066
222 141 96.1725
222 142 6.10393
222 144 24.7165
222 175 17.6735
222 204 2.3129
222 209 46.0648
222 218 57.5842
222 257 35.5039
222 261 10.977
222 278 89.7496
223 18 26.2912
223 21 53.1639
223 50 68.068
223 55 55.67
223 67 58.1265
223 93 94.4896
223 98 50.3271
223 120 15.0499
223 131 27.537
223 202 8.98375
223 218 125.731
223 222 38.3301
223 287 20.0089
223 291 3.58389
224 60 47.9437
224 97 14.5054
224 115 138.362
224 144 17.0198
224 149 69.2578
224 157 7.47376
224 190 31.3635
225 65 78.5918
225 195 51.1685
225 204 5.24904
225 210 25.1014
226 9 17.1891
226 102 31.163
226 145 100.789
226 219 61.6665
226 233 90.339
227 13 34.5482
227 45 112.22
227 70 63.9468
227 84 80.201
227 104 51.8615
227 117 47.2399
227 136 51.3388
227 211 6.63624
227 224 4.43794
227 277 14.3677
227 287 29.6188
227 296 61.631
228 85 5.05686
228 86 76.825
228 136 25.1251
229 26 23.0254
229 89 76.8167
229 109 73.5282
229 121 7.35972
229 200 48.0117
229 250 53.557
229 291 3.75329
230 21 65.3719
230 42 16.8573
230 43 29.864
230 56 7.54183
230 66 23.4152
230 96 53.043
230 131 37.4677
230 205 40.5655
230 218 69.8314
230 293 39.6231
231 28 24.2255
231 75 37.4929
231 193 27.7012
231 194 23.4382
231 200 51.412
231 226 97.3793
231 291 4.22374
232 6 77.9455
232 20 100.232
232 81 31.6101
232 164 15.2136
232 220 43.6506
232 259 23.2584
232 271 22.7598
233 137 13.0083
233 186 49.3306
233 200 89.8346
233 229 50.8784
233 233 97.6163
233 284 15.5897
233 289 64.372
234 18 12.3439
234 160 30.0335
235 13 31.7383
235 21 56.8505
235 206 52.4599
236 23 68.9634
236 39 57.7841
236 41 30.1378
236 80 5.47689
236 83 35.2464
236 144 13.1093
236 155 72.7702
236 165 32.5945
236 221 21.3702
236 250 48.4483
237 6 105.998
237 43 26.7353
237 49 136.218
237 50 78.3822
237 72 98.8935
237 105 10.0916
237 199 60.4675
238 16 17.5781
238 82 11.4855
238 94 84.6691
238 235 105.092
238 241 75.4836
238 257 37.9217
238 292 69.6272
239 0 13.3868
239 105 11.4606
239 204 7.34969
239 220 46.4039
239 255 13.0359
240 130 68.6365
240 195 97.443
240 218 88.4701
240 299 82.3109
241 57 17.4747
241 171 44.1964
241 185 62.8241
242 74 29.4717
242 280 2.05712
243 96 63.3649
243 223 84.4195
244 14 59.2789
244 201 37.7314
244 211 7.74037
244 228 20.3013
244 248 13.9222
244 276 37.6505
245 1 44.4596
245 16 29.4673
245 38 30.5057
245 88 12.599
245 113 43.1479
245 120 20.0734
245 138 27.2952
245 148 25.3077
245 252 5.67566
246 100 81.0039
246 109 75.8144
246 130 96.2561
247 4 19.0787
247 30 18.5563
247 52 47.5705
247 76 35.9458
247 145 72.4001
247 191 104.886
247 242 39.247
247 258 28.6406
247 291 5.07246
248 85 5.37595
248 112 11.6987
248 134 63.4282
248 182 20.3456
248 199 57.8467
248 210 23.2314
248 218 94.2959
248 232 120.316
248 262 5.47538
248 285 89.85
249 110 24.1037
249 114 64.0198
249 195 90.8036
250 22 106.392
250 35 80.2358
250 58 103.161
250 137 21.016
250 161 72.4751
250 191 78.8884
250 202 7.52722
250 255 11.0065
250 266 81.4845
251 14 72.9014
251 16 36.3795
251 30 34.7146
251 74 58.8171
251 205 37.2956
251 295 46.5032
252 70 69.083
252 179 101.582
252 268 58.435
253 103 43.0887
253 109 119.093
253 134 55.9159
253 150 21.9446
253 155 53.4398
253 192 48.7691
253 199 71.5601
253 250 71.2025
253 296 104.038
254 57 18.1414
254 117 57.7441
254 156 63.4067
254 185 31.3787
254 189 68.3523
254 280 2
255 36 53.8402
255 39 81.7478
255 116 37.5682
255 176 31.0817
255 229 51.139
255 251 66.0949
255 268 90.8527
256 40 27.9854
256 54 66.1431
256 69 49.9769
256 73 70.857
256 91 64.9382
256 230 40.6591
257 27 22.0478
257 79 87.1828
257 96 49.9577
257 138 55.4184
257 193 99.6205
257 200 58.4234
257 291 3.51247
258 49 79.564
258 146 102.203
258 154 23.9838
258 182 19.6214
258 229 40.9629
259 14 66.298
259 46 66.7506
259 60 36.1597
259 76 49.6504
259 126 56.7344
259 139 46.4874
259 146 171.43
259 170 93.0549
259 189 108.231
259 190 31.6717
259 196 12.4867
259 210 25.386
259 223 96.9702
259 251 52.8528
259 260 94.2026
259 290 29.4596
260 105 11.1313
260 118 111.074
260 144 10.1757
260 161 67.2592
260 233 110.206
260 251 41.6661
260 274 35.5539
260 281 31.5771
261 6 74.4619
261 23 72.6072
261 57 16.0962
261 186 61.5094
261 246 53.504
261 295 83.9199
262 66 24.6314
262 144 9.28032
262 214 13.3141
262 266 30.0858
262 287 25.8738
263 37 15.3434
263 51 26.6416
263 95 79.6531
263 203 42.2358
263 205 52.1587
263 244 4.65884
264 75 85.5246
264 88 29.816
264 129 27.1052
264 148 31.6937
264 156 61.6265
264 176 46.2848
264 188 54.3448
264 272 77.0677
264 281 33.7539
265 62 41.7067
265 75 83.718
265 139 88.7872
265 200 64.1097
265 244 13.6485
265 259 24.5672
266 66 30.9173
266 110 21.7344
266 156 33.7931
266 218 75.9291
266 242 27.9989
267 18 18.767
267 103 71.1291
267 136 70.6218
267 180 26.8766
267 204 4.33896
267 262 7.33152
267 288 9.82942
268 18 13.6116
268 42 13.1444
268 53 59.8463
268 69 83.4384
268 180 16.2116
268 244 12.2329
268 249 60.6531
269 43 22.575
269 157 11.9123
270 49 57.0874
270 139 108.349
270 232 103.321
270 238 29.8431
271 22 98.5733
271 69 71.3977
271 83 43.7567
271 102 100.585
271 104 85.3323
271 113 33.4414
271 221 25.4614
271 233 108.912
271 244 10.4191
271 267 60.147
271 297 42.1739
272 201 42.8431
272 234 43.865
272 273 4.156
273 57 14.0997
273 174 47.9738
273 251 51.0749
273 270 57.5072
273 299 63.8075
274 33 8.2192
274 89 53.4743
274 124 90.9328
274 136 39.7193
274 145 86.383
274 179 96.3525
274 198 105.952
274 206 62.2699
275 63 24.3807
275 81 28.5307
275 129 28.1433
275 141 65.5948
275 153 46.8556
275 227 19.4439
275 267 67.0575
276 28 17.6264
276 43 30.0595
276 67 60.3444
276 129 22.8001
276 142 6.407
276 158 5.31044
276 175 19.7333
276 176 54.2818
276 259 20.7687
276 279 69.2608
277 20 104.177
277 42 21.7439
277 67 47.1994
277 96 59.3363
277 97 18.9085
277 164 33.0732
277 174 54.1681
277 198 60.2582
277 225 107.312
277 241 48.9954
277 255 8.74128
278 27 36.8711
278 58 99.9106
278 61 9.54506
278 67 71.8639
278 123 73.7162
278 154 23.5881
278 180 15.2373
278 199 53.9446
278 200 72.6403
278 207 53.2213
278 274 60.5679
279 8 61.424
279 12 72.9216
279 39 141.017
279 44 90.282
279 57 23.2935
279 198 67.4338
279 215 83.0679
279 241 90.4297
279 276 46.9992
279 287 24.2272
279 291 4.1862
280 134 106.256
280 154 26.1865
280 295 61.6964
281 0 15.8029
281 107 46.6532
281 152 114.343
281 183 3.31028
281 194 47.8446
281 212 24.6928
281 228 23.4051
281 245 44.8015
281 275 82.8701
282 128 51.9884
282 176 57.542
282 275 111.501
283 107 59.8788
283 118 98.4788
284 60 64.0785
284 62 62.9895
284 181 20.2046
284 235 82.0483
284 237 18.1485
284 259 34.5782
284 278 78.4234
285 67 83.8669
285 86 75.1206
285 101 11.6574
285 127 40.5934
285 160 35.8986
285 173 79.2744
285 190 38.2643
285 195 81.2228
285 238 29.1903
285 296 125.64
286 30 37.7472
286 77 12.8851
286 170 66.4716
286 263 56.3164
287 89 79.8674
287 100 45.5784
287 174 46.3432
287 193 94.8265
287 270 92.1897
288 16 24.3122
288 96 58.4498
288 158 5.87125
288 223 97.4396
288 277 22.0366
289 219 43.8499
289 225 89.8809
289 251 55.8998
290 23 62.3085
290 119 47.9156
290 121 5.66508
290 134 103.304
290 194 73.1489
290 257 26.5607
291 137 13.7553
291 142 6.63294
291 159 18.831
291 168 49.8426
291 238 36.7612
291 290 40.7156
292 99 34.825
292 110 36.4598
292 118 92.7167
292 182 26.2847
292 198 88.6661
292 216 116.057
293 56 7.17075
293 107 54.5501
293 118 93.9174
293 126 69.2317
293 135 12.2754
293 146 96.1691
293 165 13.7794
293 218 70.2654
293 282 25.0729
294 105 5.84855
294 126 82.0376
294 178 75.8096
295 35 94.5221
295 65 108.021
295 121 4.08523
295 182 28.8978
295 228 32.0062
295 231 70.2821
296 14 47.8066
296 91 84.5704
296 97 28.7819
296 118 68.6219
296 258 36.4346
297 49 107.705
297 67 44.2704
297 89 64.4557
297 99 46.6517
297 105 12.1663
297 131 28.4181
297 150 17.9192
297 158 3.74757
297 209 31.9215
297 288 14.8212
298 110 11.2956
298 117 65.0116
298 125 22.5456
298 188 42.9934
298 218 64.0142
299 17 42.8793
299 30 32.7709
299 55 26.8873
299 78 58.4598
299 161 98.735
299 230 54.6888
299 258 44.207
