50 50 381
0 12 43.47
0 21 14.8944
0 24 59.5841
0 29 51.686
0 30 13.6553
0 41 18.8564
0 47 86.5911
1 2 23.5409
1 9 41.5401
1 21 13.6965
1 24 54.4808
2 5 2.68135
2 12 32.5585
2 16 163.564
2 38 78.8293
2 43 74.4074
3 15 47.7105
3 16 62.4466
3 18 88.4427
3 26 55.1397
3 27 54.2562
3 47 71.9554
4 10 25.0062
4 13 74.9691
4 21 8.83085
4 26 41.7379
4 29 41.212
4 32 69.5866
4 47 65.4226
5 1 14.8822
5 12 46.0602
5 13 82.151
5 16 66.8939
5 17 56.0054
5 18 119.064
5 34 113.854
5 37 84.2784
5 40 36.0827
5 43 118.409
6 0 44.0509
6 16 134.08
6 17 36.9487
6 18 88.678
6 24 42.9691
6 33 23.8394
6 36 42.4056
6 39 89.302
6 40 24.8469
7 2 17.6653
7 5 3.63969
7 17 75.313
7 27 32.1234
7 36 36.5271
7 37 93.1134
7 38 71.5366
8 1 13.6315
8 2 26.0134
8 6 86.6222
8 24 88.986
8 36 37.0823
8 45 83.7783
9 6 147.245
9 14 34.4408
9 15 126.945
9 19 35.1574
9 24 65.6385
9 26 58.3917
9 31 33.6595
9 36 35.9403
9 37 85.4633
9 45 89.9905
9 46 30.6698
10 0 30.4189
10 1 9.35948
10 8 60.9254
10 18 100.889
11 8 75.1026
11 13 89.608
11 16 114.481
11 18 99.9316
11 19 27.6505
11 21 12.3511
11 37 69.0109
11 41 18.8916
11 47 70.8303
12 9 39.824
12 14 49.7506
12 17 88.6569
12 18 93.3644
12 30 10.3448
12 33 18.517
12 35 44.1303
12 37 114.941
12 38 107.489
12 48 43.0662
13 0 31.8734
13 2 24.9752
13 8 47.4937
13 26 38.255
13 32 45.2343
13 33 38.3107
13 36 24.7735
13 37 59.6745
13 39 79.2381
14 0 45.385
14 6 100.796
14 9 37.4357
14 20 28.0591
14 31 57.4011
14 41 21.6421
15 0 54.905
15 6 82.8199
15 7 33.8153
15 21 14.4429
15 23 46.4984
15 26 76.0236
15 46 54.976
16 11 83.6875
16 13 67.3521
16 15 79.3777
16 18 58.7936
16 22 103.359
16 23 37.7596
16 25 113.497
16 30 11.4184
16 41 20.2433
16 42 65.6126
16 43 72.7974
17 2 30.1828
17 4 64.1365
17 13 61.9777
17 22 66.747
17 29 56.9912
17 31 36.0419
18 12 48.2481
18 19 30.5966
18 21 14.1422
18 26 61.779
18 30 13.5068
18 32 91.2121
18 35 36.6393
18 39 37.7938
19 12 50.5343
19 20 8.76188
19 30 7.4357
19 40 25.4817
19 46 52.9355
20 5 3.90883
20 26 27.6828
20 34 77.0834
20 41 21.6183
20 47 79.8119
21 7 58.7069
21 8 63.9484
21 13 75.3691
21 17 71.1746
21 19 31.0635
21 23 58.2222
21 33 30.2597
21 34 114.42
21 35 46.7539
21 40 36.7697
22 3 32.5115
22 36 29.4022
22 43 99.4579
23 4 106.506
23 10 17.8838
23 11 55.112
23 20 9.75982
23 29 25.4556
23 30 9.48023
23 31 37.2033
23 40 21.0883
23 41 21.6788
23 46 39.2562
23 48 52.7165
24 7 58.4652
24 10 16.2657
24 11 67.3339
24 23 56.0628
24 48 80.9675
25 1 10.9497
25 3 29.3449
25 8 31.3641
25 22 81.7532
25 24 46.2495
25 29 42.1183
25 34 65.4374
25 36 21.4238
25 40 42.0699
25 45 95.3558
26 2 22.4318
26 10 13.4731
26 28 112.077
26 31 46.2895
26 37 90.4114
26 38 133.297
26 39 77.5564
26 40 31.2303
26 49 33.3365
27 3 78.4838
27 15 58.349
27 16 89.1647
27 19 13.2404
27 22 40.6605
27 25 34.6143
27 31 44.5095
27 39 78.4097
27 43 87.4209
28 7 49.2153
28 13 74.5938
28 14 24.0499
28 15 73.7611
28 18 98.5214
28 19 28.7105
28 23 77.7025
28 25 117.523
28 27 37.2762
28 43 85.5388
29 0 58.1102
29 12 48.228
29 37 90.3712
29 39 69.6604
29 40 43.9421
29 49 31.1183
30 4 70.1903
30 25 110.282
30 31 52.1763
30 42 53.1666
30 43 94.3306
31 12 28.1488
31 23 46.5025
31 31 40.2588
31 33 44.5287
31 34 113.756
31 38 88.0337
31 42 60.4427
31 49 38.484
32 2 34.7426
32 5 2.39322
32 16 54.3387
32 18 116.323
32 35 44.7307
32 38 101.436
32 49 38.5351
33 2 20.348
33 5 3.07365
33 6 101.873
33 7 65.2207
33 9 22.7908
33 10 14.9067
33 12 53.5902
33 24 41.4802
33 25 98.587
33 31 35.4184
33 44 86.1414
33 48 86.85
34 3 58.5072
34 6 116.857
34 33 42.3851
34 41 16.732
35 5 2.66835
35 6 84.2471
35 12 37.9867
35 15 70.1065
35 19 33.412
35 31 33.073
35 36 29.6193
35 41 9.87257
35 47 75.0136
36 13 74.3023
36 18 32.4682
36 40 41.0609
36 41 20.7436
36 42 47.8552
37 10 14.4145
37 14 49.8945
37 22 73.8391
37 23 25.5536
37 25 89.2762
37 27 57.5917
37 44 70.372
37 45 75.0692
37 48 57.8035
38 5 2.93466
38 10 16.1721
38 11 78.2384
38 20 24.1304
38 25 103.457
38 28 102.506
38 33 27.7089
38 42 60.9236
38 48 90.6933
39 10 16.8201
39 12 37.5858
39 20 24.3158
39 25 96.8984
39 31 56.4665
39 33 26.8468
39 34 82.8108
40 0 45.4472
40 9 33.3134
40 10 17.413
40 20 24.1669
40 21 8.71248
40 27 86.7888
40 39 78.8518
40 49 31.3768
41 1 22.2841
41 17 63.1438
41 18 69.0763
41 20 27.0881
41 27 96.9709
41 29 64.6986
41 40 42.4029
42 0 57.6954
42 1 14.1221
42 6 116.739
42 7 54.5723
42 10 17.2717
42 14 31.7094
42 21 15.1477
42 26 50.3111
42 27 80.8646
42 47 78.0326
43 17 61.0546
43 31 46.5251
43 34 95.5013
43 35 41.796
43 44 78.2752
44 7 43.8868
44 15 95.7895
44 16 123.88
44 17 85.227
44 22 80.7265
44 29 92.1044
44 30 12.0524
45 3 30.9319
45 5 2.72399
45 17 57.2621
45 26 49.4173
45 32 73.5926
45 41 14.5361
45 42 52.9541
45 49 49.1427
46 0 33.5654
46 7 35.6876
46 9 44.5416
46 21 10.0207
46 24 72.8497
46 25 102.874
46 26 27.3064
46 35 53.9857
46 44 90.3382
46 48 51.4644
47 0 57.1217
47 2 18.3169
47 3 52.7319
47 11 71.5012
47 27 38.6138
47 31 45.0177
47 32 71.2383
47 34 126.962
47 40 32.5892
48 3 59.0582
48 6 86.2992
48 8 66.1574
48 18 109.45
48 20 24.6395
48 25 122.221
48 30 9.37491
48 46 49.0505
49 1 12.6714
49 11 66.1049
49 17 78.4929
49 23 51.5608
49 29 46.5536
49 30 11.5859
49 41 17.3586
49 44 95.5801
49 48 68.5213
