100 100 790
0 6 71.9441
0 20 88.5107
0 24 37.6873
0 25 37.4498
0 31 114.378
0 40 63.5272
0 48 61.769
0 51 43.4099
0 56 33.0032
0 96 122.306
1 0 36.599
1 1 23.9719
1 6 83.4225
1 14 79.031
1 17 64.6227
1 22 14.0157
1 66 6.16417
1 83 89.8896
2 1 22.5241
2 25 34.1304
2 28 38.2492
2 32 44.6286
2 40 62.4413
2 42 17.307
2 46 41.9218
2 58 65.7616
2 65 48.0593
2 88 113.312
3 11 19.2999
3 19 73.7255
3 49 46.0127
3 65 118.598
3 71 54.3526
3 76 100.66
3 82 75.822
3 91 79.2499
4 25 33.1617
4 43 16.464
4 49 35.5564
4 71 52.6536
4 78 20.1846
4 91 60.0127
5 2 21.8392
5 5 52.9126
5 9 37.4583
5 22 19.8286
5 30 51.6328
5 39 83.0974
5 77 11.876
5 91 67.9823
6 18 89.2506
6 22 12.6683
6 30 65.4468
6 39 48.6491
6 40 88.2987
6 59 52.3638
6 63 29.1547
6 71 42.3497
7 8 31.0399
7 22 19.569
7 79 23.3944
7 80 55.6529
7 83 69.4369
7 97 18.7956
8 4 20.0234
8 14 89.135
8 26 4.8702
8 42 9.52529
8 46 55.8607
8 50 87.7183
8 59 45.6497
8 61 40.8719
8 63 44.1261
8 71 53.4678
8 74 56.118
8 83 72.5617
9 15 28.6497
9 42 11.892
9 46 46.0768
9 50 76.8765
9 51 53.8108
9 88 88.9969
10 22 14.527
10 29 20.1921
10 44 103.922
10 68 87.2701
10 71 43.3515
10 84 124.589
10 91 71.0402
10 92 55.7821
10 96 107.934
11 3 31.5248
11 15 26.8515
11 29 24.5967
11 40 47.4574
11 51 54.809
11 54 58.7261
11 63 26.0377
11 71 33.1494
11 72 18.8398
11 74 62.1502
11 80 36.5672
11 84 85.69
11 92 69.4096
12 21 79.6559
12 47 4.89981
12 54 54.483
12 63 28.7907
12 79 22.6505
12 87 7.46684
13 49 46.9039
13 56 5.76724
13 59 43.2092
13 93 7.56148
14 7 106.945
14 23 34.912
14 24 52.3791
14 44 85.9803
14 58 75.8398
14 61 45.9278
15 32 38.7943
15 34 28.4351
15 49 23.1051
15 55 76.4583
15 73 3.27275
15 89 15.9258
16 2 21.9065
16 37 9.22054
16 43 20.9881
16 76 82.8327
17 9 29.289
17 12 61.0915
17 18 90.6726
17 27 56.7936
17 29 19.3116
17 41 86.5548
17 43 12.7532
17 55 109.056
18 3 35.1058
18 22 17.075
18 41 52.1647
18 45 83.7409
18 50 105.954
18 55 92.7827
18 68 103.521
19 5 72.3739
19 22 16.2124
19 31 87.9351
19 43 25.0976
19 49 40.1086
19 61 36.9735
19 62 36.1192
19 64 42.6493
19 66 6.76
19 83 113.203
19 95 10.1468
20 3 35.4877
20 40 52.0156
20 58 100.945
20 61 62.0413
20 66 5.07952
20 94 19.6864
21 9 45.9746
21 13 37.2183
21 19 52.3184
21 24 50.995
21 60 59.9657
21 61 29.6983
21 68 89.8554
21 75 18.6426
21 78 28.3492
22 89 32.3684
23 9 65.368
23 20 74.1732
23 23 31.2335
23 40 74.2632
23 45 73.9733
23 56 19.9913
23 68 111.768
23 70 79.6854
23 75 25.875
23 79 20.195
23 84 97.9496
23 89 30.3211
23 94 7.74655
24 2 20.5081
24 3 44.4189
24 18 93.3656
24 20 89.2973
24 22 19.6195
24 24 65.8225
24 35 68.9055
24 48 49.097
24 63 29.2941
24 75 25.4978
24 76 78.6323
24 79 26.6357
24 83 88.1619
25 2 16.8377
25 8 45.0669
25 9 54.2413
25 29 20.9405
25 37 10.3063
25 68 115.386
25 91 66.1969
26 12 56.9072
26 51 38.1161
26 59 43.7276
26 74 66.7317
27 26 4.40986
27 27 92.9868
27 49 54.3112
27 64 40.4525
27 71 47.5058
27 74 40.9163
27 94 16.8752
28 7 96.1293
28 21 65.2173
28 27 95.494
28 46 46.5804
28 54 59.123
28 65 94.0129
29 4 17.7532
29 20 110.073
29 24 71.9823
29 41 71.4725
29 68 96.8782
29 77 15.3208
29 79 29.227
29 82 50.3733
29 83 78.6007
29 85 40.508
30 1 36.1112
30 5 61.8628
30 12 86.7552
30 17 77.7606
30 23 22.1555
30 29 27.2463
30 42 13.594
30 50 84.9862
30 51 50.357
30 59 47.3235
31 3 36.8054
31 11 18.1677
31 13 20.1608
31 19 66.5899
31 37 6.59452
31 41 50.1974
31 45 66.6444
31 59 50.0975
31 60 72.7166
31 80 49.0938
31 98 2.05513
32 10 99.9767
32 12 78.2003
32 15 34.946
32 32 43.71
32 56 31.6628
32 57 73.8368
32 72 18.1876
33 3 27.1206
33 12 71.49
33 14 68.3624
33 27 73.4715
33 46 46.579
33 51 46.5306
33 54 48.7954
33 55 123.616
33 56 20.7029
33 60 147.701
33 66 6.99001
33 79 25.1865
33 83 79.0475
34 10 126.177
34 13 34.2547
34 14 49.2574
34 23 22.0557
34 31 44.3382
34 33 77.8733
34 49 39.3117
34 73 4.42572
34 81 86.2887
34 84 76.0291
34 88 112.213
34 93 6.37155
35 11 16.0129
35 14 60.4393
35 20 77.3071
35 57 78.2628
35 66 4.00084
35 79 20.7476
35 95 5.98628
36 8 27.4056
36 39 116.344
36 53 111.03
36 59 57.6177
36 80 41.635
37 10 118.113
37 16 9.32162
37 30 100.754
37 39 108.729
37 52 43.2934
37 61 46.0545
37 76 69.1474
38 3 23.5742
38 29 30.3678
38 35 39.1596
38 43 25.7974
38 76 33.4664
38 87 16.1461
38 94 27.6047
39 8 52.8989
39 11 22.0554
39 32 39.5903
39 34 35.1841
39 60 146.804
39 77 10.8615
39 93 9.57602
39 94 11.1108
40 3 32.0718
40 9 53.8047
40 10 125.072
40 11 13.808
40 16 10.6327
40 20 99.5319
40 28 28.735
40 35 66.7805
40 39 112.739
40 61 38.5826
40 76 58.9579
40 80 73.688
41 7 79.5248
41 23 20.4536
41 32 37.0727
41 43 23.1531
41 50 73.5185
41 62 44.8503
41 80 55.1666
42 12 44.7051
42 24 72.8608
42 31 98.1166
42 42 16.2256
42 46 29.3661
42 69 79.9883
42 90 89.8485
43 27 107.148
43 36 54.4181
43 43 13.3365
43 75 15.4539
43 84 54.1914
43 92 65.2165
44 6 108.32
44 99 58.6223
45 21 102.69
45 37 9.18708
45 74 60.3183
45 99 69.7516
46 20 146.488
46 32 53.2723
46 39 122.072
46 58 88.0251
46 63 38.2061
46 91 81.7433
47 3 36.2769
47 7 109.22
47 23 23.1481
47 49 62.121
47 53 79.4742
47 58 70.3287
47 66 4.74984
47 70 44.2382
48 13 43.8282
48 16 10.5171
48 35 90.9342
48 42 8.07391
48 47 6.66753
48 51 46.868
48 66 4.66533
48 70 124.66
48 71 49.1123
48 77 14.7858
48 87 14.6215
48 99 54.4533
49 4 18.4025
49 7 110.505
49 25 33.1503
49 31 113.742
49 49 34.3794
49 54 77.8445
49 87 17.2403
49 96 65.7195
50 6 61.5574
50 8 46.364
50 13 34.4261
50 20 75.2828
50 21 65.1237
50 23 26.3346
50 25 30.3671
50 33 66.4433
50 37 9.03908
50 39 92.3952
50 44 82.2925
50 52 32.7724
50 56 18.7386
50 57 94.9277
50 61 59.9059
50 62 56.527
50 66 7.31064
50 72 26.8616
50 77 10.1469
50 89 26.6884
50 90 63.7633
51 1 22.801
51 8 46.5152
51 11 16.1864
51 19 64.0799
51 25 35.0465
51 27 73.9084
51 34 24.8809
51 56 27.5425
51 86 92.0368
52 29 26.6735
52 47 6.64476
52 50 79.3283
52 57 91.586
52 61 40.4982
52 76 83.11
52 90 47.019
52 98 2.05091
53 24 22.3085
53 74 61.5437
53 76 63.9015
53 83 105.023
54 18 103.562
54 19 51.3064
54 28 27.5533
54 53 128.212
54 68 82.7364
54 85 30.3321
55 0 89.9452
55 31 94.4477
55 44 49.5268
55 54 57.5985
55 58 72.9689
55 65 77.3183
55 69 72.4
55 81 67.2458
56 6 111.417
56 7 79.5938
56 8 39.3686
56 33 46.5431
56 35 93.3882
56 51 66.0258
56 61 47.5593
57 7 104.872
57 12 83.2631
57 21 79.4114
57 44 133.067
57 59 45.4598
57 74 62.5723
57 77 8.21315
57 84 103.23
57 87 12.8934
58 2 19.7119
58 3 36.1038
58 19 70.2618
58 35 71.4736
58 42 15.6183
58 58 83.4881
58 70 87.5595
58 79 23.4674
58 89 39.4923
58 97 35.5578
59 13 39.3247
59 54 64.7514
59 65 63.6426
59 77 9.62296
59 81 100.219
59 82 78.9718
59 85 37.1444
60 19 74.8242
60 23 8.39331
60 66 5.70244
60 88 86.3851
61 1 21.4957
61 37 8.65535
61 57 80.3511
61 65 68.8051
61 74 82.0856
61 81 120.792
61 82 53.7819
61 83 68.2678
62 8 44.4982
62 28 20.798
62 82 50.8766
62 91 87.2752
63 0 99.8249
63 10 113.419
63 23 15.9848
63 30 46.5428
63 36 56.1071
63 40 42.75
63 69 59.7803
63 77 8.76238
63 84 104.64
63 85 20.577
63 87 15.421
64 4 30.569
64 38 71.5234
64 51 45.2718
64 67 98.0164
64 70 61.6837
64 73 4.28638
64 98 2
65 2 18.3951
65 23 26.865
65 29 23.5725
65 30 64.8253
65 39 97.0574
65 49 34.5596
65 52 22.8767
65 58 105.474
65 86 84.3259
65 93 7.64556
66 3 31.1867
66 7 95.9034
66 10 70.0919
66 13 43.749
66 24 51.2452
66 44 115.025
66 58 71.1738
66 86 69.3481
66 95 6.1255
67 1 27.9976
67 7 81.1824
67 16 16.9781
67 56 26.7149
68 6 70.4043
68 15 17.9046
68 25 31.7699
68 28 28.4506
68 37 11.1574
68 41 61.7567
68 45 81.869
68 72 17.0548
69 19 89.9506
69 22 19.6788
69 24 45.2696
69 54 74.779
69 59 69.9857
69 66 5.94622
69 72 27.7573
69 76 111.662
69 78 18.3325
69 92 35.6237
69 94 16.5869
70 2 10.8078
70 7 96.221
70 10 76.2689
70 32 54.5286
70 42 11.2909
70 59 41.8505
70 88 106.577
70 93 5.93194
71 8 41.8602
71 14 59.0602
71 23 22.8916
71 32 46.6861
71 53 102.281
71 75 16.5419
72 36 46.9374
72 45 61.8489
72 63 42.5163
72 84 101.102
72 92 41.0808
72 93 8.567
72 95 6.21649
73 1 25.8772
73 3 40.134
73 7 85.796
73 15 25.9055
73 20 90.0628
73 29 18.3653
73 95 6.71583
74 16 11.2256
74 24 44.7863
74 57 68.7874
74 61 53.0603
74 72 22.5983
74 90 46.1787
74 98 2.09043
74 99 67.9312
75 3 35.8668
75 14 74.7401
75 16 18.4733
75 30 105.382
75 47 6.36207
75 60 101.836
75 79 25.9441
75 87 5.75
75 95 7.51132
75 98 2.17354
76 4 27.3825
76 9 58.2808
76 16 7.8336
76 27 58.0003
76 60 102.652
76 80 33.2529
76 99 86.659
77 4 34.5758
77 8 34.9276
77 32 61.4872
77 67 84.2461
77 78 26.9303
77 81 121.296
77 94 21.2159
78 3 40.8683
78 9 39.4215
78 15 35.3657
78 19 79.2106
78 22 17.9879
78 32 21.732
78 68 85.8923
78 90 49.8056
78 92 76.062
79 13 35.3791
79 27 91.5206
79 47 5.91652
79 49 44.223
79 57 67.2964
79 61 36.818
79 78 23.1328
79 81 122.515
79 82 63.4431
79 87 11.2112
79 89 24.6955
80 10 106.672
80 31 108.583
80 32 72.7502
80 57 102.866
80 60 90.7444
80 63 38.0929
80 67 69.8225
80 68 111.242
80 74 78.575
80 76 58.8903
81 7 55.2106
81 10 75.1888
81 13 35.664
81 33 71.0229
81 46 12.6837
81 91 62.1275
82 19 67.4698
82 38 61.6992
82 46 57.0173
82 82 51.9106
82 85 32.0479
83 2 22.5316
83 6 65.705
83 45 87.6051
83 50 95.4252
83 76 98.3125
83 79 27.4978
83 87 9.62035
84 22 17.6566
84 29 24.1897
84 59 58.3493
84 63 32.7453
84 74 56.5157
84 93 8.05116
85 1 32.79
85 14 67.5553
85 16 10.3572
85 22 21.8304
85 31 103.759
85 76 98.7464
85 83 51.1583
85 86 75.0517
86 0 72.3406
86 34 39.2795
86 55 55.1006
86 58 77.4086
86 65 90.401
86 69 78.5563
86 73 4.0407
86 96 74.1722
87 2 22.8435
87 5 89.6438
87 16 9.99273
87 29 19.9244
87 41 52.7485
87 58 92.8603
87 69 68.437
88 17 59.4817
88 27 125.274
88 28 27.6541
88 41 59.4597
88 43 26.9878
88 57 87.6386
88 68 64.6498
88 76 73.3235
88 81 81.176
88 85 37.0464
88 94 18.6393
89 43 21.7169
89 54 55.0324
89 69 56.4692
89 80 41.3304
90 14 67.816
90 16 12.134
90 61 50.979
90 66 6.66952
90 68 54.8542
91 28 20.2846
91 30 40.6442
91 53 98.7338
91 55 91.2261
91 73 4.75915
91 95 8.81599
92 0 44.4452
92 28 26.8728
92 34 26.7265
92 60 71.9668
92 74 100.879
92 84 73.3037
92 85 31.5805
92 87 15.3685
92 91 80.3784
93 10 96.4262
93 12 55.2851
93 43 25.7892
93 49 35.5021
93 65 86.09
93 68 74.0347
93 69 102.242
94 2 19.8706
94 9 47.9392
94 27 92.3903
94 42 7.59019
94 52 18.1233
94 84 89.4943
94 85 28.7571
95 1 23.6799
95 3 38.1902
95 6 37.7791
95 31 131.534
95 33 80.6254
95 35 74.2989
95 42 21.2235
95 72 25.9749
95 79 17.1671
95 89 36.5921
95 95 7.27524
96 6 86.6297
96 17 61.9455
96 19 79.37
96 24 39.6572
96 35 77.1164
96 38 67.1864
96 41 67.4473
96 49 54.8916
97 1 23.9072
97 14 53.2524
97 25 29.2736
97 26 3.61387
97 32 35.8846
97 35 106.173
97 52 41.4589
97 54 61.0909
97 70 117.527
97 76 73.5518
98 10 126.832
98 15 11.4301
98 25 34.4076
98 35 71.159
98 36 65.5107
98 43 21.9684
98 45 62.3529
98 76 85.0171
99 9 32.2798
99 13 25.0506
99 33 117.792
99 34 30.0761
99 40 79.2698
99 61 45.9605
99 63 44.3964
99 69 69.2806
99 83 75.713
99 89 32.6833
99 99 60.631
