200 200 1385
0 15 104.115
0 105 35.3068
0 120 69.5639
0 135 90.5357
0 179 40.403
1 18 28.9497
1 21 56.1525
1 43 52.3634
1 73 55.7138
1 106 3.74541
2 0 13.0016
2 46 64.195
2 105 45.6809
2 111 18.9458
2 118 30.7216
2 142 53.5461
3 63 74.8263
3 86 39.8575
4 7 34.3302
4 16 73.3876
4 24 29.8556
4 54 72.9787
4 59 32.7066
4 64 28.8489
4 67 37.7318
4 77 94.4204
4 163 4.9957
4 188 19.9237
5 26 90.8182
5 40 7.197
5 65 22.2378
5 70 72.5766
5 88 55.9261
5 102 120.013
5 123 5.12194
5 130 120.29
5 139 34.3404
5 171 76.9085
5 194 29.8624
6 11 80.665
6 38 14.789
6 41 111.104
6 58 102.657
6 96 50.4478
6 151 40.6301
6 152 128.034
6 186 10.7504
7 112 115.923
7 146 87.6023
8 65 28.1747
8 71 60.431
8 73 89.661
8 166 4.36684
9 2 61.8811
9 153 73.0031
9 161 69.6485
9 169 69.6514
9 175 39.4811
9 196 45.8229
10 5 30.3575
10 49 90.0061
10 97 12.2709
11 43 80.1076
11 161 132.004
11 198 78.6988
12 1 64.3205
12 4 62.4353
12 16 79.9059
12 42 7.03927
12 51 50.7037
12 78 58.6068
12 88 42.4376
12 111 21.8141
13 38 11.1064
13 99 34.4852
13 112 124.395
13 198 40.4547
14 92 30.396
14 108 34.9733
14 118 30.8227
14 171 49.9107
15 50 85.2052
15 51 46.8591
15 118 37.1454
15 188 17.6126
15 198 90.4403
16 23 29.5472
16 41 68.5583
16 44 94.1952
16 71 45.858
16 81 29.0517
16 113 16.2152
16 127 53.6025
16 150 5.25385
17 39 17.7082
17 73 135.963
17 80 106.944
17 103 3.90996
17 161 68.8258
18 51 52.3804
18 53 6.13867
18 73 131.357
18 96 72.1427
18 99 25.1522
18 137 26.5428
18 193 104.55
19 34 43.2312
19 40 9.91839
19 44 45.2084
19 54 28.2453
19 84 38.1808
19 93 30.6658
19 119 30.1768
19 127 62.8003
19 138 76.3207
19 167 67.6037
20 37 32.1016
20 70 84.0804
20 77 59.6692
20 105 34.3852
20 137 34.9383
20 144 35.8993
20 166 3.80832
20 175 46.5915
20 196 39.2892
21 38 11.7181
21 53 5.9358
21 57 34.9997
21 77 130.805
21 91 5.69346
21 101 8.12416
21 142 86.053
22 26 61.3784
22 73 82.879
22 90 41.3684
22 94 66.0224
22 108 26.0668
22 112 116.612
22 165 76.0438
22 177 29.6333
23 18 40.9132
23 21 59.1573
23 57 33.628
23 67 68.4047
23 71 77.5117
23 134 13.4397
23 157 13.5523
23 183 53.1793
24 27 128.341
24 29 55.6462
24 59 31.0881
24 67 57.9508
24 137 38.6783
24 164 77.4938
25 48 32.7234
25 79 2.8998
25 145 26.9129
25 163 5.40294
26 26 46.1162
26 31 67.118
26 111 32.7556
26 147 64.5001
26 159 33.4863
26 160 6.57738
26 163 5.8284
26 171 78.4268
26 177 31.9062
27 4 73.1018
27 6 118.267
27 8 26.2018
27 26 54.61
27 43 49.7222
27 61 67.1115
27 94 25.8055
27 174 32.577
27 177 26.819
28 38 12.5303
28 54 55.8822
28 102 123.97
28 182 37.0799
28 190 38.477
29 39 27.3942
29 84 21.6995
29 124 109.569
30 136 5.95719
30 171 70.4027
31 44 89.6827
31 45 69.1752
31 53 4.19871
31 70 102.158
31 100 73.307
31 113 11.465
31 179 43.0545
32 8 25.9695
32 18 35.1613
32 58 107.4
32 198 48.5223
33 35 62.8213
33 41 72.5628
33 75 6.42725
33 92 22.1911
33 128 38.0494
33 151 46.4339
33 186 11.9577
33 191 25.5111
34 11 106.592
34 39 33.9585
34 73 79.9753
34 102 140.757
34 141 33.4731
34 161 81.3891
34 166 3.88612
34 183 31.9875
35 41 55.7589
35 67 37.2377
35 90 31.4936
35 126 84.7474
35 156 79.7667
35 196 39.7246
36 31 73.3213
36 52 67.5085
36 55 6.4986
36 66 50.4603
36 112 103.043
36 149 25.6074
36 173 66.3141
37 16 82.9829
37 24 48.3849
37 44 47.0536
37 68 60.3232
37 89 54.7377
37 109 74.1011
37 123 6.00035
37 130 38.2191
37 141 33.0537
37 168 75.1724
37 169 73.0783
38 135 63.2981
38 155 69.0802
39 62 99.2944
39 118 30.42
39 124 75.5063
39 129 77.8352
39 161 77.5447
39 171 80.8809
40 25 99.3109
40 106 18.964
40 117 31.4543
40 149 31.805
40 150 3.94368
40 155 57.8273
41 42 9.69494
41 71 51.4577
41 112 70.7502
41 133 42.875
41 192 29.0599
42 43 61.1728
42 113 11.8489
42 160 6.50082
42 179 34.8603
43 11 68.0946
43 33 80.0191
43 37 24.7
43 48 31.2431
43 51 57.4992
43 61 90.7421
43 69 39.3014
43 97 11.2829
43 112 62.6374
43 114 73.9623
43 133 74.0855
43 154 39.4446
43 163 6.55198
43 184 29.7647
44 65 22.8392
44 66 37.2088
44 70 73.3202
44 79 2.76731
44 120 104.478
44 193 63.1643
45 57 25.8513
45 95 85.6299
45 98 17.8726
45 119 51.5821
45 132 89.6409
45 151 29.4722
45 169 78.9346
45 196 39.1809
46 23 18.1865
46 25 95.1882
46 79 3.42658
46 104 127.885
46 126 66.8747
46 131 14.8937
46 163 5.67296
46 194 29.9202
47 6 78.0127
47 27 87.5361
47 53 5.02244
47 69 63.1415
47 78 61.5704
47 105 18.5928
47 155 71.0024
47 157 13.3482
48 49 107.324
48 74 50.3165
48 87 11.1135
48 100 50.5267
48 146 97.192
48 169 79.3797
48 186 5.80698
49 18 37.3243
49 26 34.3672
49 43 41.5005
49 61 73.3591
49 82 61.9745
49 118 25.4134
49 136 4.41006
49 149 21.6709
49 157 6.4734
50 4 76.8944
50 36 8.65014
50 68 86.9822
50 91 7.53762
50 97 16.9993
50 109 64.6689
50 150 3.84977
51 53 5.40984
51 67 34.0238
51 84 23.5714
51 125 30.5988
51 140 93.044
51 189 27.3618
52 0 16.7566
52 2 139.487
52 6 75.4428
52 63 91.3526
52 75 5.84538
52 103 9.12728
52 140 58.9839
52 162 24.1463
53 29 67.5861
53 32 83.9126
53 48 21.0227
53 79 3.11379
53 109 62.0582
53 130 58.2056
53 132 68.1385
53 153 43.9066
54 4 68.2211
54 26 69.5383
54 45 107.437
54 113 3.59506
54 134 13.0868
54 175 41.1159
55 17 51.8839
55 18 40.1956
55 133 71.6229
55 159 14.5291
55 163 7.27268
55 164 57.8562
56 1 41.4719
56 7 40.1064
56 39 31.3667
56 79 3.64402
56 96 67.5067
56 133 65.2582
56 146 104.126
56 161 129.278
57 4 75.9283
57 40 7.08394
57 59 31.516
57 69 58.7488
57 115 12.0094
57 177 35.5607
58 54 81.5678
58 55 7.1791
58 77 97.7669
58 91 7.0064
58 101 7.51066
58 129 71.6883
58 191 28.8845
59 19 46.7879
59 50 60.3089
59 92 31.8963
59 119 36.0536
59 166 3.55336
60 29 62.1127
60 34 25.3212
60 38 16.6179
60 85 6.76379
60 114 68.9338
60 156 84.1669
61 2 72.6255
61 17 50.5003
61 20 11.9055
61 60 57.3237
61 119 44.7884
61 176 68.7744
62 8 22.5039
62 17 48.5399
62 108 36.2502
62 157 10.5715
62 162 42.0494
62 180 67.1215
62 184 36.0649
63 30 42.0348
63 41 72.9262
63 51 59.576
63 79 3.89735
63 131 14.8022
63 132 95.2733
63 192 23.44
63 193 92.2893
63 196 22.501
64 26 67.448
64 34 35.6614
64 103 3.35906
64 104 118.641
64 143 77.3188
64 176 67.9603
64 182 50.6897
65 54 63.0899
65 57 20.8895
65 71 75.716
65 98 16.6512
65 120 70.8316
65 130 67.6498
65 133 50.3849
65 157 15.436
65 175 32.8955
66 41 43.7116
66 74 37.525
66 83 36.0473
66 106 7.10707
66 118 24.2544
66 169 38.4852
66 184 32.9724
66 188 17.4033
67 13 98.5886
67 16 88.8713
67 25 77.2238
67 130 85.8738
67 140 88.959
67 150 3.47698
67 184 57.6222
67 187 29.7789
68 3 91.8891
68 16 72.1807
68 50 64.9072
68 74 42.9165
68 101 7.40147
68 133 94.3903
69 0 14.6533
69 24 49.9987
69 33 44.3995
69 46 65.576
69 51 50.1813
69 102 109.15
69 110 86.7213
69 143 93.5058
69 151 59.9488
69 156 27.3405
69 157 16.6392
69 160 5.18586
69 180 71.9933
70 5 48.1652
70 22 16.525
70 39 30.8682
70 54 65.1973
70 57 29.7183
70 132 99.1936
70 177 34.9337
71 14 70.5217
71 28 39.3017
71 121 66.0406
71 141 28.9472
71 154 37.0531
71 170 108.832
72 74 40.26
72 77 50.9415
72 143 75.0175
72 152 87.1779
72 186 11.7116
72 198 46.0186
73 10 48.6982
73 61 69.0485
73 65 42.4432
73 121 72.3167
73 156 94.9134
73 160 5.67545
73 163 3.49533
74 2 80.4365
74 29 52.8885
74 40 6.96873
74 61 57.9684
74 77 96.1318
74 125 26.6484
74 150 3.07907
74 158 23.7013
75 4 89.0271
75 26 54.3445
75 35 82.5332
75 48 36.1907
75 60 64.3773
75 74 34.969
75 86 37.7604
76 1 45.1992
76 6 95.1763
76 61 87.6243
76 74 30.1133
76 99 33.077
76 112 82.1643
76 114 77.8553
76 133 70.5307
76 179 46.0812
76 182 74.3267
76 194 35.9979
77 17 48.9782
77 37 46.3862
77 44 110.45
77 65 37.1184
77 66 44.2855
77 105 26.3117
77 160 8.30527
77 172 65.0363
77 179 25.344
77 199 23.7292
78 10 84.9724
78 39 26.9271
78 56 84.6137
78 65 36.2728
78 83 56.0906
78 95 85.6288
78 97 19.2605
78 98 26.54
78 114 63.1947
78 128 33.9747
78 181 120.951
78 184 56.5173
79 40 6.6012
79 73 29.354
79 124 99.9425
79 125 24.4102
79 191 27.2292
80 9 62.4339
80 105 36.9158
80 154 49.8477
80 181 76.9113
80 198 36.1788
81 3 67.2914
81 28 34.6718
81 78 52.551
81 104 72.0829
81 165 74.5381
82 90 21.595
83 75 4.36608
83 87 6.50247
83 124 95.8337
83 162 50.5072
83 180 24.1583
83 183 27.1213
83 196 36.5996
84 1 55.1417
84 31 54.6694
84 38 12.855
84 52 84.7141
84 66 44.6753
84 85 7.33538
84 95 51.4253
84 109 66.8816
84 152 67.7739
84 183 30.085
85 41 98.5554
85 77 79.2564
86 1 32.3621
86 20 12.1146
86 51 26.3463
86 63 74.5723
86 151 54.9042
87 11 57.1899
87 33 68.473
87 90 40.1993
87 99 34.8184
87 106 9.07062
87 113 11.3267
87 126 104.555
87 152 84.2942
87 179 50.0664
88 18 38.5775
88 30 72.472
88 31 47.0041
88 48 25.1282
88 53 8.4441
88 61 70.5889
88 66 31.2692
88 87 8.85072
88 111 28.2187
88 184 29.8398
89 0 17.6174
89 47 66.1727
89 53 7.6747
89 59 32.2287
89 96 48.6511
89 117 38.1432
89 167 56.6902
89 168 106.466
90 7 42.2097
90 16 71.3824
90 34 44.3283
90 71 66.9684
90 73 128.107
90 90 37.4281
90 105 41.1028
90 126 86.3907
90 138 27.4535
90 172 71.6071
91 17 66.8924
91 19 21.7885
91 40 4.4378
91 63 68.9784
91 179 58.4268
92 2 79.3689
92 11 91.8136
92 78 42.8334
92 96 44.38
92 113 9.93192
92 156 101.95
93 56 78.8611
93 57 20.6656
93 72 33.0334
93 92 30.8808
94 11 74.5566
94 12 55.6763
94 32 107.881
94 35 73.9266
94 67 48.8436
94 90 36.514
95 17 58.3709
95 45 87.8526
95 94 76.8175
95 102 110.514
95 160 5.80858
95 176 107.347
96 0 19.3037
96 30 96.3831
96 77 93.4291
96 103 6.80965
96 157 12.3218
96 162 27.3451
96 170 69.6273
97 89 62.5202
97 99 31.2465
97 105 35.8228
97 108 33.7543
97 157 10.6082
97 164 75.3437
97 186 8.48204
98 10 58.0463
98 11 72.9425
98 28 49.8304
98 56 73.1847
98 65 38.4096
98 78 43.1166
98 82 51.4833
98 119 31.8697
98 138 53.0258
98 174 33.5712
98 191 19.4216
99 1 52.8314
99 87 9.2954
99 120 61.6476
99 124 79.3546
99 128 35.2695
99 146 88.7548
99 177 24.6984
99 188 28.1778
100 27 71.5904
100 65 26.6158
100 134 18.2413
100 151 30.0295
100 194 44.6426
101 20 10.8779
101 99 35.9634
101 136 6.1343
101 140 101.986
101 154 46.7319
101 163 7.12623
101 173 41.2173
102 43 39.2503
102 52 56.7227
102 60 75.5278
102 61 75.189
102 121 40.3243
102 165 32.0333
103 6 97.2321
103 8 18.9784
103 19 36.9515
103 20 9.12484
103 35 78.9242
103 40 7.63552
103 73 116.186
103 87 6.6422
103 131 14.6393
103 140 97.7505
103 150 4.33633
103 173 38.9835
103 193 93.9451
103 197 33.9311
104 34 27.12
104 59 31.7538
104 91 5.47103
104 139 34.1482
104 149 23.1481
105 25 74.8391
105 62 87.9592
105 84 34.727
105 90 22.2922
105 190 53.1576
105 198 41.53
106 25 70.9796
106 28 50.5785
106 40 6.24287
106 51 40.7638
106 69 56.7693
106 78 57.1555
106 108 24.6072
106 145 33.995
106 162 42.6105
106 175 49.1557
106 184 49.6919
107 6 94.5982
107 8 13.3062
107 58 80.2561
107 63 68.1313
107 75 5.45247
107 122 31.102
107 156 87.6008
107 192 19.9613
108 49 95.2292
108 138 65.2927
108 176 58.8548
109 105 45.1047
110 6 92.2381
110 40 6.64021
110 66 24.587
110 73 91.7606
110 97 19.1328
110 107 46.5201
110 125 34.1601
110 171 76.4187
111 5 49.5302
111 7 23.5348
111 63 88.8335
111 78 41.1249
111 82 21.9806
111 100 85.0436
111 122 33.9385
111 137 27.7278
111 145 25.0375
111 147 40.1649
111 172 68.3528
111 178 76.4335
111 180 55.1769
112 1 51.2501
112 13 85.2993
112 14 59.2618
112 51 41.7923
112 74 33.7342
112 112 103.806
112 129 125.776
112 148 56.1096
112 177 35.9921
112 196 37.4969
113 1 60.2901
113 2 89.4468
113 11 75.5105
113 13 87.2936
113 50 90.9058
113 67 53.1873
113 109 59.9085
114 68 60.5214
114 101 7.22391
114 108 35.1809
114 124 77.0823
114 130 48.6616
114 173 44.3737
114 188 27.0842
115 53 3.64706
115 101 7.50149
115 130 64.2521
115 137 27.8329
116 65 31.5663
116 88 23.4489
116 107 58.4924
116 144 49.5776
116 157 12.4755
116 173 63.8457
116 197 30.2516
117 27 69.1207
117 59 15.7046
117 91 7.70507
117 123 4.43921
117 147 40.773
117 163 5.52326
117 187 16.2901
117 191 28.7839
118 14 71.7688
118 34 26.7831
118 47 34.9808
118 54 74.1913
118 73 100.757
118 84 34.5593
118 122 41.0378
118 131 13.2312
118 146 114.283
118 150 5.58629
118 167 57.7593
119 19 28.8051
119 65 36.7608
119 76 56.7924
119 87 13.0063
119 95 79.9883
119 174 45.0638
120 4 83.3157
120 14 79.668
120 21 64.5044
120 64 42.3897
120 70 77.5763
120 124 82.8864
120 196 56.2116
121 10 65.9411
121 49 96.9688
121 70 58.5603
121 76 80.3257
121 99 20.0877
121 104 99.106
121 120 86.2096
121 137 32.2479
122 15 76.5126
122 29 53.3891
122 125 16.4547
122 162 36.6821
122 193 102.409
123 26 60.7465
123 50 78.4011
123 141 39.4713
123 154 55.8623
123 185 7.29543
123 187 22.0787
123 197 38.0977
124 1 34.0973
124 84 36.5032
124 135 132.866
124 170 74.4603
124 172 64.3814
124 181 79.8297
125 3 85.4679
125 53 5.98701
125 56 74.1891
125 60 62.0052
125 95 70.8088
125 195 83.143
126 14 69.4791
126 28 55.8016
126 95 98.6378
126 181 118.15
126 194 37.6674
127 42 9.89575
127 57 31.1777
127 65 21.1144
127 98 14.9838
127 116 15.4644
127 139 28.6418
127 164 60.234
127 171 75.2779
127 173 77.7719
127 197 37.3806
128 8 14.1091
128 27 73.5167
128 88 35.8007
128 124 104.728
128 137 20.65
128 149 18.8674
129 10 80.6031
129 50 85.5978
129 56 75.0269
129 70 94.2718
129 88 21.7612
129 89 48.9403
129 99 28.119
129 148 74.2212
129 174 31.5686
129 175 31.2687
130 26 64.1256
130 33 81.598
130 69 46.5939
130 93 33.5484
130 105 25.6172
130 115 14.6569
130 154 57.1039
131 33 93.8233
131 66 41.0003
131 70 107.489
131 77 93.4114
131 90 23.8611
131 107 58.7089
131 174 56.4151
132 28 52.871
132 35 54.3202
132 39 40.733
132 48 47.2105
132 94 68.1141
132 131 15.3474
132 152 74.624
132 167 15.4422
133 23 20.1376
133 31 68.3331
133 32 114.501
133 34 42.046
133 59 27.8371
133 68 59.5512
133 118 35.6952
133 164 44.1227
133 169 71.4562
134 97 9.97417
135 31 50.8408
135 60 67.6193
135 63 47.353
135 84 34.9497
135 103 6.02516
135 160 7.60805
135 163 6.81851
135 178 110.823
136 15 91.6738
136 20 10.8924
136 25 113.233
136 181 83.1168
137 32 103.681
137 63 74.8978
137 83 65.1763
137 121 44.9975
137 144 49.0343
137 148 61.3914
137 162 32.8426
137 192 30.1956
137 195 67.1876
137 196 38.8844
138 0 16.338
138 5 22.9186
138 6 69.0762
138 23 27.7572
138 49 126.385
138 99 24.7455
138 184 20.4141
139 2 118.187
139 72 30.2354
139 80 113.485
139 127 47.2238
139 132 119.476
139 148 34.5791
139 197 29.0001
140 9 67.6721
140 47 55.1661
140 48 33.8
140 51 46.4427
140 58 132.341
140 91 6.35726
140 94 91.1507
140 155 94.0183
140 165 46.5984
140 168 96.5811
140 189 22.1382
141 58 84.9976
141 107 79.7038
141 146 106.251
141 154 44.8775
141 168 61.8151
141 191 12.1585
142 17 62.1271
142 43 75.5751
142 105 45.1347
142 130 116.819
142 142 35.7169
142 176 87.4725
142 190 52.4513
142 199 15.5546
143 7 57.2462
143 19 41.7167
143 42 9.52647
143 82 44.3907
143 93 20.7628
143 94 71.2417
143 115 19.5764
143 139 39.8913
143 143 81.5885
143 148 52.8517
143 153 34.0203
143 171 62.1437
143 184 40.8716
144 29 39.5575
144 37 38.9635
144 41 83.0546
144 72 37.7067
144 77 54.7449
144 82 60.287
144 115 25.4555
144 157 12.3056
144 162 44.884
145 15 105.541
145 46 61.6367
145 53 3.96687
145 54 93.2757
145 96 51.4448
145 98 22.1384
145 126 59.7168
145 131 11.4748
145 143 67.1584
145 144 55.5256
145 170 116.348
146 5 39.3052
146 45 103.447
146 101 7.95235
146 151 32.7791
146 195 90.3345
147 10 27.3898
147 16 84.8106
147 32 134.336
147 58 118.747
147 66 71.106
147 81 30.4644
147 93 29.2906
147 123 5.16992
147 146 101.773
147 153 97.9768
147 186 13.8113
148 59 17.7919
148 112 67.0917
148 114 65.1674
148 126 72.0498
148 166 3.45564
148 198 81.0344
149 20 6.63377
149 48 36.2886
149 49 134.65
149 56 100.007
149 142 31.4338
149 159 27.0199
150 9 82.9975
150 31 67.3867
150 49 133.296
150 57 9.25945
150 92 20.6163
150 93 29.066
150 120 52.8258
150 145 32.2091
150 146 133.961
150 190 52.4846
151 1 55.6735
151 5 40.537
151 8 25.7872
151 64 33.0647
151 100 48.7137
151 141 36.3203
151 173 39.7589
151 184 49.8461
152 131 16.7261
152 135 70.4864
152 138 56.0683
152 188 24.4802
153 12 51.7929
153 55 3.03402
153 77 82.8397
153 84 24.6643
153 185 14.3442
153 199 17.7535
154 50 102.822
154 65 32.1359
154 95 68.5223
154 104 81.0647
154 173 80.9046
154 194 30.2591
155 32 129.074
155 45 68.0259
155 79 2.58661
155 124 71.3613
155 174 40.6457
155 193 98.2438
156 3 97.9808
156 42 16.6654
156 65 24.0948
156 74 41.1429
156 112 60.7922
156 189 37.8277
157 58 101.712
157 101 7.31696
157 117 27.9598
157 179 27.5827
158 9 78.3373
158 16 99.0689
158 29 62.5999
158 54 39.5448
158 134 22.6756
159 53 6.61161
159 92 29.8132
159 97 17.285
159 191 24.0581
159 196 38.4482
160 4 76.2266
160 66 44.0284
160 99 23.8615
160 101 8.43228
160 195 124.71
161 6 112.773
161 30 74.7638
161 78 41.111
161 128 47.783
161 135 131.978
161 144 58.4077
161 151 39.7574
161 167 91.3192
161 186 7.95993
162 31 69.1006
162 33 50.367
162 49 92.4806
162 52 98.9303
162 56 72.3853
162 60 61.2665
162 76 62.2457
162 122 35.3522
162 146 133.224
162 168 94.4051
163 9 47.8228
163 52 72.74
163 76 53.8313
163 84 30.2907
163 106 9.0121
163 124 92.2452
163 145 23.1125
163 183 39.4904
163 190 58.3311
164 16 81.5542
164 22 16.0006
164 66 59.64
164 85 6.8436
164 100 67.6119
164 107 41.8754
164 113 11.1887
164 123 3.7926
164 128 55.2914
164 143 79.2367
164 154 57.0269
164 171 69.5178
165 51 48.1643
165 88 35.9291
165 98 21.9903
165 116 17.7546
165 132 61.169
165 156 92.4928
165 171 71.0743
166 4 81.9342
166 27 84.0864
166 97 20.9299
166 145 32.2078
166 171 70.5665
167 23 25.2704
168 13 84.6015
168 54 92.1349
168 175 38.448
168 182 34.0139
168 187 25.9863
168 190 57.1472
169 42 9.95122
169 61 74.8016
169 109 55.8063
170 5 25.8119
170 33 62.4448
170 157 16.1637
170 158 23.7784
170 172 97.8832
171 21 76.5329
171 38 6.4461
171 42 11.4693
171 129 91.2693
171 157 17.3766
172 9 53.6038
172 14 92.4339
172 31 82.0945
172 61 79.0604
172 77 116.18
172 158 30.91
172 161 84.5516
172 176 92.675
172 180 51.1702
172 192 33.7668
173 30 59.8145
173 41 61.7569
173 73 112.192
173 126 103.513
173 136 3.58309
173 152 83.5318
173 164 75.0028
173 180 40.6857
173 195 74.3258
174 32 110.559
174 46 68.7696
174 96 75.4797
174 102 122.209
174 109 39.7926
174 149 18.4276
174 152 63.1666
174 155 87.5322
174 181 99.1501
175 53 6.207
175 94 78.9208
175 121 80.9605
175 150 3.46382
175 173 48.6837
175 177 34.9036
176 0 25.1624
176 44 71.2498
176 83 53.706
176 113 13.8941
176 138 83.8383
177 109 32.9167
177 167 61.8006
177 173 56.0454
178 69 53.6871
178 83 43.4869
179 32 103.944
179 55 4.65418
179 118 20.893
179 179 54.9653
179 180 42.7646
180 17 55.1665
180 67 61.2304
180 69 70.1375
180 76 72.9095
180 115 14.1166
180 116 19.3253
180 125 33.5649
180 183 46.9639
181 61 89.852
181 163 4.14917
181 183 37.0105
181 198 68.5132
182 17 77.1746
182 97 13.7169
182 109 49.7565
182 148 53.0355
182 183 46.4249
183 18 30.3305
183 35 66.7106
183 37 44.3697
183 85 6.40528
183 95 35.8968
183 111 27.0929
183 120 75.5981
183 160 6.60368
183 169 70.0541
183 171 75.7262
183 174 39.9878
184 5 47.1872
184 37 38.7998
184 61 88.0383
184 67 57.3088
184 101 8.43936
184 126 68.3399
184 146 92.1582
184 198 87.688
185 12 31.3197
185 31 41.613
185 52 60.5125
185 70 60.1047
185 119 64.2757
185 123 6.83055
185 124 155.455
186 18 38.3461
186 35 46.0351
186 44 47.0777
186 154 31.7719
187 57 24.4762
187 75 6.31877
187 88 28.9622
187 95 60.9211
187 103 7.83802
187 109 53.0341
187 116 14.765
187 122 49.7602
187 153 43.3623
187 164 79.9404
187 176 64.9704
187 185 12.2296
188 32 57.2271
188 59 42.0787
188 66 39.5543
188 71 60.3633
188 133 67.3177
188 139 27.9224
188 142 59.5227
189 5 40.2607
189 7 22.2198
189 76 50.2798
189 110 96.0092
189 116 17.7298
189 162 28.647
189 180 67.0562
189 199 24.0611
190 4 93.7929
190 41 67.4462
190 63 66.1462
190 74 42.9832
190 77 67.2743
190 102 110.848
190 162 34.1408
190 175 26.4152
190 180 54.7318
190 199 17.6405
191 8 27.5374
191 28 71.7345
191 44 62.0377
191 64 63.6332
191 78 33.6632
191 139 27.2065
191 192 32.1614
192 2 124.264
192 5 43.9594
192 45 60.6474
192 56 69.4148
192 73 60.7004
192 119 42.4052
192 133 60.2645
192 168 95.897
192 174 46.0998
192 177 24.8566
192 189 15.2188
193 45 85.1265
193 47 53.5177
193 83 44.9217
193 92 32.1271
193 151 38.6421
193 164 65.5638
194 8 18.3981
194 55 2.9161
194 96 47.4798
194 139 22.1969
194 158 25.5831
194 166 4.80421
195 13 68.6054
195 50 90.8396
195 61 81.3134
195 163 7.22546
196 18 38.7779
196 29 47.5625
196 100 64.9602
196 114 65.2845
196 193 109.086
197 2 127.711
197 12 68.4237
197 20 4.21693
197 27 98.9482
197 61 91.5122
197 127 29.814
197 184 46.204
198 4 64.7407
198 24 65.9392
198 30 86.628
198 58 76.0864
198 65 20.8719
198 73 64.5157
198 77 88.6905
198 94 72.4944
198 101 5.81191
198 125 22.0108
198 136 5.98161
198 153 45.5641
198 173 49.8894
198 194 44.8006
199 37 39.0343
199 83 54.4339
199 113 10.5078
199 130 64.4995
199 136 6.21392
199 165 49.2281
199 179 44.9476
