150 150 1209
0 0 13.516
0 29 23.1487
0 34 126.236
0 64 11.9012
0 79 54.3428
0 95 86.3737
0 105 58.2803
0 113 37.1918
0 133 36.0798
0 139 131.895
1 6 105.471
1 26 30.2886
1 32 3.15045
1 36 53.2816
1 40 3.30843
1 41 20.9696
1 44 29.8381
1 59 36.0755
1 145 105.781
2 2 54.138
2 13 93.229
2 36 78.257
2 43 45.7311
2 46 57.3642
2 66 24.2355
2 90 13.9748
2 94 63.5838
2 110 63.4967
2 125 37.1921
2 149 57.9968
3 19 13.4611
3 28 2.38633
3 38 92.9897
3 104 59.9521
3 107 51.5234
3 120 85.2656
3 135 22.5345
4 4 50.283
4 9 26.1562
4 47 63.7577
4 80 53.585
4 88 38.2985
4 100 88.2246
4 133 37.1532
5 49 16.9099
5 53 99.371
5 70 61.3345
5 111 103.861
5 125 17.9253
5 141 57.1287
5 146 41.801
5 149 57.4041
6 17 40.0985
6 30 49.8093
6 33 53.954
6 72 23.1664
6 103 4.28419
6 114 13.3697
6 130 42.2814
6 136 88.4337
7 10 28.142
7 64 11.5037
7 71 27.8919
7 76 98.174
7 99 52.816
7 148 49.232
8 26 58.8186
8 36 54.5882
8 68 35.0601
8 74 62.6155
8 79 48.2338
8 82 72.3321
8 128 50.2506
8 134 56.1039
8 135 33.337
8 142 83.5808
8 146 64.2146
8 148 53.0204
9 25 58.5424
9 30 75.4322
9 52 52.1916
9 74 95.2931
9 104 32.601
9 111 130.075
9 118 10.855
9 130 83.761
10 30 74.8365
10 48 43.5118
10 54 70.0764
10 57 16.1477
10 144 79.2361
11 18 65.1169
11 27 54.6297
11 76 59.5473
11 103 7.85965
11 115 31.6588
11 121 21.693
11 124 82.7634
11 126 129.534
12 1 15.1149
12 7 23.3014
12 22 36.0649
12 33 65.3335
12 106 17.7456
12 113 47.2061
13 11 34.6844
13 23 91.5629
13 40 3.29417
13 46 84.6218
13 49 34.0844
13 58 50.2577
13 65 28.6428
13 112 15.944
13 131 46.7301
13 136 75.1176
13 147 85.138
13 149 51.1557
14 3 86.9023
14 41 17.913
14 82 70.2707
14 103 7.28028
14 112 20.9377
14 118 9.91535
14 127 18.9848
14 130 73.2934
14 146 33.1504
14 147 44.4776
15 5 82.1004
15 20 29.6724
15 53 106.452
15 62 53.291
15 63 62.7021
15 88 35.4115
15 103 4.97119
15 112 6.80937
15 130 42.532
16 1 91.0932
16 4 68.9106
16 5 59.9419
16 29 38.693
16 55 18.3334
16 91 76.1519
16 94 56.7235
16 130 60.4678
17 38 50.726
17 51 4.61996
17 72 40.1756
17 91 52.8224
17 137 4.01183
17 149 85.1658
18 13 86.832
18 18 57.8171
18 19 16.6074
18 20 26.248
18 50 68.3502
18 61 56.8046
18 71 16.4084
18 77 61.3393
18 112 20.2973
18 128 143.84
18 142 58.2124
19 24 81.3075
19 26 58.2725
19 44 58.8538
19 106 29.269
19 114 23.32
20 21 9.32404
20 35 21.2938
20 87 52.2282
20 95 68.8568
21 9 34.8699
21 25 42.8522
21 39 61.9943
21 41 13.9951
21 46 89.3443
21 75 23.8636
21 99 40.6049
21 105 45.1699
21 113 11.7548
22 2 109.858
22 12 48.4721
22 23 68.6187
22 59 39.5565
22 96 30.652
22 107 35.4479
22 131 97.0796
22 144 106.242
22 145 135.34
23 18 51.5141
23 32 2.45821
23 105 59.7481
24 27 33.5214
24 38 92.7651
24 43 57.978
24 69 12.3235
24 106 22.0745
24 125 33.0827
24 137 4.49666
24 148 48.7334
25 48 60.7757
25 76 72.8475
25 104 53.1653
25 135 28.9226
25 142 98.21
26 13 29.1268
26 15 22.0667
26 67 73.9333
26 84 23.8285
26 86 31.4285
26 91 37.0241
26 113 35.1817
26 126 90.3864
26 127 21.5988
26 128 113.591
26 145 64.6358
27 1 51.5689
27 15 41.7596
27 17 51.3868
27 20 36.4064
27 23 60.8241
27 31 12.8455
27 34 86.2135
27 126 73.9833
28 17 51.9648
28 32 3.582
28 81 34.713
28 98 29.2918
28 134 72.7873
29 7 24.7288
29 142 57.0629
30 48 68.5308
30 49 31.7767
30 54 105.283
30 59 10.8313
30 63 48.5146
30 74 75.24
31 15 34.227
31 29 47.858
31 77 53.0031
31 82 63.3487
31 94 53.2222
31 129 9.78615
31 139 70.927
32 22 34.5121
32 82 40.3196
32 105 42.0919
32 111 99.7403
32 122 100.236
32 135 38.1827
32 137 2.96965
33 8 44.9203
33 18 64.8565
33 21 9.3044
33 22 40.4281
33 27 47.4987
33 47 60.4985
33 53 109.835
33 61 46.378
33 85 26.0109
33 107 41.1426
33 109 106.373
33 111 103.596
33 113 41.0465
33 122 97.6662
33 128 112.742
33 131 114.336
33 139 47.5229
33 140 57.8924
33 146 44.9737
34 2 114.229
34 5 94.2051
34 10 18.106
34 51 5.8679
34 68 21.3811
34 82 49.7018
34 84 24.9794
34 129 9.51101
34 135 52.6432
35 20 34.7424
35 27 48.9077
35 72 32.2994
35 107 30.3599
35 132 110.526
35 139 100.717
35 145 27.3094
36 34 111.497
36 38 82.6634
36 43 44.0706
36 45 8.45538
36 59 63.0496
36 63 60.8755
36 65 58.2717
36 89 10.2051
36 90 16.9058
36 135 30.491
37 17 53.7946
37 21 10.5874
37 102 73.0192
37 123 40.6653
37 136 110.99
37 141 70.6847
38 10 25.5964
38 22 40.3304
38 30 94.8361
38 58 51.4774
38 68 27.5706
38 72 25.7075
38 132 70.2188
39 23 68.1306
39 58 83.6555
39 66 27.7991
39 83 22.0016
39 90 16.434
39 100 88.9695
40 7 23.4627
40 90 11.2931
40 94 23.9435
40 101 29.3838
40 113 34.0986
40 141 52.2927
41 49 22.4355
41 100 62.1458
41 125 23.9985
41 136 76.7769
42 33 77.7562
42 51 4.38914
42 68 19.2456
42 74 74.9604
43 32 3.08883
43 33 57.308
43 63 35.062
43 98 22.021
43 108 105.047
43 121 28.6729
44 0 16.2903
44 7 20.1704
44 14 108.438
44 59 38.8927
44 64 12.546
44 76 48.6823
44 99 64.2632
45 3 106.835
45 22 30.7494
45 25 59.4734
45 47 42.0326
45 66 28.9983
45 84 29.9592
46 18 49.0294
46 47 44.2146
46 54 68.3306
46 74 73.6777
46 88 30.3228
46 92 45.0091
46 114 14.1666
46 126 93.711
47 28 3.70471
47 60 50.6072
47 89 10.296
47 90 20.0985
47 129 13.9322
47 138 83.5658
48 64 13.3951
48 65 46.4459
48 93 50.425
48 96 25.8978
48 102 40.5708
48 141 57.4044
49 32 2.57762
49 56 30.8729
49 63 42.6342
49 67 70.5878
49 128 96.2599
49 129 11.8099
49 139 81.2604
50 16 61.9492
50 43 39.7748
50 69 12.4828
50 75 16.312
50 88 49.7477
50 91 94.1295
50 116 60.6056
50 128 123.767
50 129 12.3676
50 131 43.6727
50 132 96.2042
51 8 47.303
51 16 60.6181
51 22 20.809
51 25 30.6748
51 27 37.5235
51 80 70.2728
51 110 59.7307
51 124 136.322
51 134 73.9032
51 135 23.1912
51 138 83.1165
52 9 27.1151
52 15 22.4136
52 22 36.3195
52 27 39.3673
52 33 76.9045
52 39 33.0505
52 53 98.6329
52 68 32.8502
52 117 56.4281
52 121 10.6032
52 132 57.9147
53 22 39.9663
53 25 43.2262
53 74 91.3086
53 82 57.0143
53 83 41.0324
53 134 117.429
53 144 106.497
53 146 44.4978
54 13 84.6106
54 25 65.2065
54 44 140.624
54 45 11.999
54 83 37.6125
54 88 35.1807
54 102 58.2703
55 9 37.4501
55 30 107.314
55 51 3.05764
55 53 122.198
55 72 27.9966
55 90 15.6578
55 98 35.6643
55 121 22.6933
55 127 16.1607
55 143 6.81704
55 144 119.507
55 147 62.5253
56 40 3.00616
56 55 17.0761
56 76 97.9436
56 78 48.3
56 93 88.0155
56 124 96.9021
56 143 5.83201
57 3 59.8445
57 14 95.5847
57 71 26.4776
57 101 82.4995
57 102 50.0283
58 2 106.338
58 12 48.5926
58 61 49.21
58 68 26.4413
58 85 23.7157
58 106 20.6444
58 109 79.0747
58 121 39.8606
58 125 43.225
58 128 130.316
58 136 116.52
59 34 47.3175
59 55 22.7968
59 63 50.8301
59 67 76.1477
59 87 111.66
60 46 76.9733
60 53 90.6271
60 82 61.4188
60 88 32.8823
60 127 13.1646
60 129 9.955
60 137 3.69941
60 139 76.6933
60 142 51.1579
60 143 9.7002
60 149 44.2307
61 9 17.6315
61 11 20.591
61 61 36.5638
61 80 68.4363
61 85 31.0435
61 98 22.7269
61 106 24.57
62 10 24.7267
62 133 45.6075
63 1 70.4833
63 5 105.047
63 36 38.9882
63 64 8.92144
63 111 107.377
63 117 59.6486
64 1 96.9782
64 42 24.8742
64 49 36.318
64 59 47.1802
64 61 38.7785
64 63 64.3649
64 77 60.1094
64 97 68.7609
64 100 83.1308
64 109 62.7966
65 0 12.3355
65 38 111.042
65 44 116.004
65 46 68.6095
65 56 41.7846
65 69 18.62
65 72 20.8753
66 20 30.7615
66 26 60.7925
66 32 2.57166
66 35 64.5016
66 41 17.1419
66 65 61.0704
66 76 90.752
66 98 35.5332
66 130 62.7143
67 5 112.359
67 11 32.5102
67 23 66.2025
67 41 12.2166
67 44 97.4628
67 75 15.4805
67 88 29.6702
67 101 53.3685
67 104 45.871
67 124 93.6989
67 146 45.4014
68 20 46.6326
68 25 53.1792
68 43 52.5915
68 78 66.1767
68 80 104.096
68 85 18.4378
68 116 47.7583
68 117 48.9367
69 22 26.8063
69 23 53.6485
69 31 10.9478
69 41 15.9648
69 54 50.5962
69 106 28.577
70 14 127.348
70 20 37.7258
70 21 10.2265
70 34 112.165
70 54 50.0515
70 59 36.8769
70 64 11.6793
70 92 26.8587
70 103 4.70543
70 115 58.902
70 134 69.2239
70 136 92.7357
70 148 45.1589
71 19 11.4028
71 39 98.8702
71 44 76.2646
71 46 88.3458
71 49 34.8341
71 50 25.7345
71 58 63.5465
71 76 84.8358
71 115 36.9145
72 82 47.1353
72 123 24.141
73 32 2.72798
73 36 48.5788
73 50 76.0405
73 64 16.4863
73 93 74.2709
73 101 70.664
73 115 48.0999
73 127 22.8389
73 129 12.2546
73 140 64.318
73 144 118.534
74 25 53.431
74 36 51.7793
74 54 60.9439
74 79 66.0015
74 85 24.0986
74 103 5.71181
74 110 102.068
75 9 33.8194
75 10 33.7417
75 21 8.46799
75 27 36.5868
75 39 79.9742
75 56 43.9564
75 65 50.6487
75 80 100.88
76 0 7.31842
76 48 90.555
76 49 35.621
76 67 56.6357
76 68 28.2144
76 85 21.4626
76 90 14.8612
76 111 97.796
76 117 77.7932
76 131 95.5213
76 140 133.402
77 18 53.5645
77 22 42.1759
77 42 23.9745
77 51 4.17905
77 71 24.4336
77 74 24.2183
77 84 23.0572
77 94 45.9004
77 97 49.6674
77 109 133.844
77 123 32.029
78 16 56.121
78 30 69.222
78 84 28.4774
78 97 55.1154
78 111 44.3389
78 132 106.414
79 2 130.946
79 15 19.9197
79 52 61.3685
79 53 164.608
79 74 48.1969
79 113 27.654
79 123 44.6773
79 128 104.626
79 130 64.0652
79 146 20.5295
80 0 10.8491
80 2 57.7635
80 4 74.29
80 8 26.3816
80 40 2.65298
80 45 14.1197
80 58 83.5006
80 76 109.49
80 92 55.9706
80 98 20.1381
80 107 24.2767
80 112 15.5348
80 122 77.9769
80 130 78.2994
80 134 44.16
80 141 85.7581
81 1 65.3014
81 10 28.9001
81 30 68.6916
81 41 27.4259
81 45 16.8423
81 59 64.4984
81 76 83.0754
81 91 98.6822
81 113 36.5893
81 121 19.4722
81 148 41.4226
82 28 3.19627
82 47 66.741
82 49 32.3793
82 55 21.6103
82 62 40.7823
82 75 11.4314
82 100 111.525
82 111 110.581
82 128 106.833
82 132 58.6703
83 9 37.4252
83 20 34.8319
83 34 61.6418
83 45 14.3487
83 56 46.6958
83 58 54.6648
83 76 71.7878
83 85 21.2511
83 87 74.0274
83 126 108.791
83 130 87.8876
84 15 30.3543
84 17 32.9706
84 20 38.0268
84 31 12.7315
84 40 2.92103
84 41 21.2675
84 73 70.0648
84 87 100.573
84 96 29.0733
84 108 105.245
84 113 59.2795
84 114 19.2761
84 117 63.4408
84 141 54.5615
84 149 24.59
85 2 102.854
85 9 27.9412
85 16 67.9524
85 31 15.7401
85 50 66.5779
85 70 41.4499
85 100 72.6773
85 118 3.79068
85 125 38.0649
85 126 60.161
85 135 35.3361
85 142 91.3879
86 26 51.9206
86 28 2.45316
86 33 87.8369
86 54 74.4022
86 125 23.0139
86 134 96.6182
86 135 47.0686
87 17 77.502
87 22 32.4276
87 29 37.1573
87 30 79.6108
87 48 62.6241
87 51 5.35216
87 80 51.2777
87 89 10.6483
87 91 91.7476
87 96 9.61005
87 122 119.419
87 139 83.4849
88 0 12.3722
88 5 105.249
88 26 51.4949
88 35 93.3297
88 39 79.2142
88 72 44.4897
88 86 53.1866
88 102 18.5844
88 126 64.4522
89 10 22.1469
89 11 30.4789
89 26 50.9747
89 29 29.3055
89 50 30.4567
89 105 50.4783
89 106 25.7006
89 132 101.514
89 145 109.066
89 148 26.4481
90 11 25.7998
90 62 59.4666
90 91 93.861
90 123 26.9227
90 134 70.8444
90 142 73.5555
90 143 6.71332
91 23 52.4605
91 42 15.8361
91 61 41.9945
91 87 47.302
91 111 112.022
91 148 42.5883
92 8 49.7949
92 18 37.7251
92 20 34.3731
92 38 94.4696
92 44 53.1595
92 84 18.2983
92 92 65.9725
92 101 82.455
93 12 33.667
93 66 20.8229
93 73 54.9387
93 75 23.4398
93 100 33.3011
93 144 141.266
94 0 12.9679
94 2 93.2396
94 9 32.218
94 50 51.1392
94 55 17.1059
94 74 85.2579
94 112 16.7005
94 147 49.1755
94 149 67.6285
95 1 92.7945
95 10 28.8932
95 13 70.532
95 16 52.4681
95 28 2.12759
95 35 83.2071
95 108 101.32
95 117 86.1144
96 2 96.0118
96 20 37.7556
96 34 98.6001
96 37 23.0804
96 62 55.4019
96 65 60.5882
96 95 64.1011
96 103 7.36709
96 129 9.85769
97 9 21.9212
97 48 63.0895
97 66 14.8885
97 76 73.2063
97 86 53.43
97 92 50.7405
97 113 46.3883
97 116 60.4794
97 127 20.2589
98 15 49.3502
98 16 58.7917
98 36 56.5639
98 43 44.2438
98 44 75.7434
98 50 67.7874
98 81 21.7676
98 100 65.2386
98 119 2
98 121 34.1348
99 16 54.4853
99 19 19.5661
99 76 78.2233
99 77 55.9785
99 109 44.3758
99 120 83.1088
99 130 60.2942
100 42 17.3262
100 47 49.9585
100 49 46.6794
100 62 68.6363
100 66 15.1281
100 73 49.4741
100 81 24.8311
100 102 50.0056
100 113 30.1102
100 118 12.1311
101 29 23.5725
101 43 34.695
101 78 77.1766
101 100 59.1268
101 126 70.0208
101 138 86.904
101 139 107.362
101 143 7.2204
102 39 72.9085
102 40 3.39786
102 87 105.854
102 95 58.4411
102 99 51.2094
102 105 38.7661
102 133 34.4751
102 134 59.3763
103 94 52.4396
103 101 87.5573
103 117 77.1374
103 124 80.7863
104 20 30.0344
104 25 43.5053
104 97 87.0235
104 102 57.1984
104 125 56.0355
104 138 22.6934
105 36 56.9652
105 116 74.8644
105 127 21.5613
106 10 36.5234
106 35 71.7821
106 41 16.6502
106 87 87.829
106 110 83.8973
106 120 84.1791
106 135 42.3654
107 5 64.212
107 13 82.5127
107 29 40.8036
107 30 80.6194
107 77 51.746
107 84 36.5444
107 137 4.56437
108 14 138.092
108 49 30.7387
108 54 47.2812
108 70 84.3869
108 76 76.2065
108 96 38.5912
108 120 81.0384
108 125 38.5602
108 141 47.249
109 13 43.6655
109 23 61.532
109 38 118.994
109 64 15.1229
109 65 45.0926
109 69 13.0748
109 82 93.6955
109 108 78.4257
109 117 37.2877
109 118 13.1815
109 129 11.0739
109 130 33.7812
109 145 78.4445
110 17 58.5062
110 26 34.6302
110 44 78.9219
110 85 26.1357
110 86 48.9432
110 96 30.4383
110 147 54.1009
111 24 97.2199
111 34 94.1808
111 54 86.894
111 60 53.1287
111 64 6.32837
111 85 24.5104
111 147 67.0403
112 26 55.5266
112 43 35.8681
112 44 122.021
112 104 43.5386
112 122 91.508
112 126 51.9591
112 135 42.384
112 140 87.7857
112 143 5.40625
112 148 47.3153
113 57 16.7862
113 71 16.1491
113 87 53.2652
113 91 107.045
113 117 54.8513
113 139 79.2425
114 3 128.016
114 24 79.1291
114 25 45.2532
114 35 86.7012
114 36 38.7107
114 49 36.5052
114 52 50.9949
114 58 70.6367
114 75 25.8
114 94 46.6787
114 137 3.5852
114 141 50.4599
114 142 75.0708
114 145 72.9179
115 10 28.4137
115 18 63.5416
115 43 55.5266
115 49 18.2036
115 61 46.8075
115 62 55.8438
115 67 35.4847
115 69 9.35127
115 76 101.468
115 106 34.5217
115 115 32.6084
115 149 62.1174
116 19 14.0715
116 29 34.1763
116 38 125.626
116 76 80.1925
116 104 38.0702
116 105 50.243
116 110 63.5509
116 120 51.6061
116 138 70.095
117 3 79.4153
117 60 61.2429
117 101 54.5456
117 120 59.0808
117 145 80.0396
117 146 38.288
118 4 90.5124
118 7 22.6458
118 54 75.2693
118 76 53.6013
118 86 46.1224
118 100 90.4238
118 108 130.251
118 122 89.1888
118 138 67.0405
119 25 82.8273
119 29 22.5616
119 36 39.795
119 83 20.4413
120 20 40.6226
120 25 51.2694
120 31 14.7994
120 37 70.9299
120 40 3.0898
120 56 42.6573
120 69 12.32
120 124 119.191
120 145 27.3067
120 147 43.1018
121 6 91.293
121 12 53.3216
121 14 89.9321
121 16 74.942
121 54 70.7537
121 120 77.0758
121 146 30.1037
122 31 17.4006
122 61 30.0511
122 64 7.83478
122 74 62.39
122 108 134.934
123 19 16.3268
123 25 58.1371
123 26 40.2614
123 93 85.5706
123 114 15.8708
123 119 2
124 13 60.6198
124 46 66.7118
124 52 42.2178
124 85 19.0706
124 96 22.6515
124 101 95.1581
124 106 24.5558
124 109 83.3479
124 143 6.40063
125 84 12.0396
125 88 41.9972
125 91 45.7152
125 106 21.205
125 121 23.656
125 126 128.521
125 127 29.8026
125 140 93.4979
125 143 7.6081
126 17 72.3983
126 93 51.2517
126 141 110.46
126 143 4.67923
127 48 62.0074
127 111 105.702
127 116 52.2082
127 140 60.291
128 77 43.8342
128 79 45.6226
128 134 55.6882
128 147 73.1118
129 66 24.5599
129 69 16.2506
129 90 17.3036
129 93 58.8074
129 98 29.6337
129 124 85.2037
129 142 93.9697
130 8 43.9384
130 11 19.2313
130 15 40.2056
130 34 102.035
130 58 71.1354
130 78 73.8359
130 99 51.1078
130 136 87.708
131 16 67.3198
131 22 21.7886
131 58 61.599
131 78 36.5107
131 82 48.7475
132 13 51.6796
132 34 127.713
132 38 133.513
132 69 14.4329
132 98 17.1013
132 126 95.6944
132 138 80.9371
133 7 20.9455
133 38 44.7462
133 69 14.9397
133 76 73.2217
133 114 12.64
133 115 44.7079
133 147 56.5157
134 43 66.2327
134 58 55.9264
134 71 28.3278
134 82 58.2664
134 86 40.2873
134 91 102.711
134 110 93.3059
134 118 7.79378
134 136 84.2143
134 146 68.4682
135 38 104.528
135 39 110.523
135 53 93.4473
135 66 27.8838
135 68 36.3069
135 116 48.074
135 118 11.5076
135 126 91.4049
135 133 36.1305
135 140 87.1285
136 10 18.554
136 35 62.2061
136 50 67.14
136 57 15.1478
136 102 86.24
136 139 42.746
137 7 20.1092
137 18 49.7594
137 29 49.2786
137 52 51.5425
137 59 39.5383
137 66 19.7417
137 69 12.0776
137 70 68.3038
137 73 61.1032
137 77 55.8573
137 90 16.5275
137 126 87.5196
138 12 32.7618
138 24 113.458
138 34 93.2432
138 35 76.281
138 43 60.2566
138 46 81.9778
138 56 42.0106
138 59 38.3822
138 119 2
139 11 26.5949
139 14 78.8251
139 48 57.3071
139 52 39.1178
139 55 24.759
139 80 88.3398
140 10 19.735
140 27 37.3855
140 40 3.17084
140 50 65.4538
140 78 69.4177
140 86 57.0068
140 103 6.71506
140 110 99.6553
140 131 105.087
141 0 12.2337
141 40 2.74862
141 54 52.8728
141 91 90.8038
141 98 22.9515
142 25 67.7449
142 40 2.42354
142 47 58.4968
142 62 68.4172
142 81 23.4845
142 92 56.6072
142 96 18.4103
142 100 68.4917
142 119 2.2489
142 140 78.8467
143 39 88.7353
143 82 43.7125
143 95 61.0522
143 96 22.8726
143 146 58.1935
144 1 65.1043
144 21 9.25813
144 47 68.7806
144 77 33.6413
144 78 41.422
144 91 124.283
144 116 30.6974
144 149 51.7791
145 2 75.6427
145 14 87.2579
145 48 75.3456
145 75 15.5134
145 110 84.1355
145 123 20.8783
145 126 100.722
146 2 96.6717
146 3 113.214
146 25 54.9231
146 43 57.6327
146 52 41.1615
146 58 73.7729
146 74 56.9216
146 78 54.4628
146 125 42.5222
146 137 4.82947
146 139 52.5408
146 140 58.6453
146 141 60.464
146 142 55.8906
147 32 2.84424
147 88 59.766
147 100 52.8234
147 101 97.8682
147 120 88.0278
147 139 116.597
148 12 45.8115
148 25 59.5185
148 26 42.5194
148 55 26.3169
148 56 65.2183
148 57 19.1739
148 58 56.9809
148 60 47.8373
148 72 32.5036
148 87 82.872
148 104 62.604
148 107 48.3037
148 120 75.5147
148 122 98.5579
149 17 89.8059
149 77 29.5229
149 84 24.5937
149 96 35.3516
149 107 24.7772
149 113 47.8681
149 133 33.3207
149 145 107.153
