300 300 2138
0 122 65.17
0 166 27.7834
0 241 49.2812
0 283 84.1693
0 292 102.216
1 42 133.975
1 137 45.033
1 140 54.8007
1 209 67.504
1 238 4.13962
2 58 67.2405
2 63 84.6103
2 92 91.5163
2 113 55.782
2 140 27.1569
2 168 54.7781
2 171 79.1761
2 174 89.6992
2 231 12.7261
2 233 7.27208
3 2 129.518
3 201 5.49615
3 211 77.8375
3 218 103.121
3 259 75.2715
3 275 54.1592
4 123 37.6063
4 140 30.2877
4 141 115.008
4 160 33.6454
4 193 59.4374
4 209 70.2995
4 234 57.6071
4 244 12.1802
4 254 7.17123
4 271 36.3959
4 274 64.8904
5 3 10.7999
5 33 52.9115
5 63 77.7681
5 143 6.87432
5 145 73.8392
5 218 69.8013
5 239 26.6324
5 299 84.0804
6 21 74.7205
6 36 25.4608
6 70 24.38
6 88 52.8515
6 139 68.3634
6 145 124.869
6 173 26.5043
6 230 57.8897
6 263 58.2349
7 57 36.8738
7 65 138.061
7 68 101.854
7 87 101.777
7 220 69.3537
7 278 10.324
7 291 58.6083
8 65 119.276
8 75 31.2262
8 93 43.7058
8 98 65.9606
8 122 66.5641
8 173 39.1106
8 187 12.0224
8 211 60.2166
8 267 2.23457
8 296 56.7812
9 29 39.8142
9 72 65.2653
9 77 29.3543
9 91 38.5512
9 211 104.493
10 10 51.7621
10 66 46.0852
10 86 82.6971
10 97 65.5792
10 100 35.8489
10 186 11.2025
10 193 61.1319
10 228 100.003
10 230 47.2689
10 264 33.7788
10 299 45.2833
11 19 76.1787
11 35 111.883
11 43 28.2257
11 67 7.68141
11 101 12.4888
11 213 103.533
12 24 110.787
12 28 48.3254
12 32 72.6901
12 34 74.1387
12 95 89.8505
12 129 6.63375
12 134 34.6829
12 153 4.02901
12 155 91.6994
12 171 74.3426
12 175 63.2993
12 208 83.0099
13 46 69.8777
13 60 77.6297
13 61 18.2491
13 151 41.3709
13 160 33.2287
13 172 49.7578
13 241 44.3485
13 242 45.4878
13 271 24.0158
14 105 75.9617
14 114 16.4826
14 128 13.2863
14 143 7.61101
14 144 41.1898
14 167 4.46875
14 221 67.266
14 237 49.6339
14 256 15.3737
14 266 13.6559
15 57 18.2409
15 113 59.7001
15 137 75.3321
15 256 16.6023
16 104 32.4612
16 140 49.1884
17 7 66.88
17 27 96.8326
17 56 109.692
17 118 21.1782
17 164 58.577
17 209 53.9173
18 26 100.602
18 28 51.6999
18 170 62.3742
18 209 93.6933
18 224 26.4685
18 228 81.3009
18 241 25.1758
19 59 50.5677
19 77 47.5765
19 187 14.8713
19 209 49.8892
19 281 38.8524
20 10 37.9003
20 61 25.6675
20 76 53.9729
20 93 34.8634
20 98 104.375
20 131 50.7664
20 230 52.2702
20 238 7.11114
20 288 26.2106
20 296 53.8521
21 66 74.0017
21 106 27.2917
21 121 16.007
21 222 4.07801
21 226 67.7992
22 78 72.5997
22 221 62.631
22 225 69.3618
22 281 20.9988
23 11 65.8963
23 18 56.4575
23 27 70.7069
23 60 63.9628
23 166 23.1562
23 182 43.4518
23 221 79.2859
23 237 25.5533
24 89 49.0623
24 138 52.9724
24 231 30.1988
25 34 103.817
25 43 45.2789
25 67 5.45098
25 74 81.6982
25 94 3.89235
25 116 112.197
25 127 21.642
25 208 93.624
25 267 2
25 273 9.75155
25 286 78.5959
25 290 63.906
26 45 22.8739
26 53 104.541
26 55 71.1898
26 81 103.646
26 177 49.5261
26 205 49.4318
26 246 69.2092
26 258 93.846
26 288 46.2414
26 298 38.1594
27 15 61.6906
27 68 82.6185
27 74 45.6142
27 98 82.2749
27 146 36.675
27 160 47.2233
27 239 41.6071
27 277 34.3106
27 285 44.2062
28 99 13.4623
28 125 73.5334
28 149 89.4691
28 232 31.0108
28 250 29.9482
28 257 147.389
28 263 66.6643
28 286 80.7804
29 186 19.8907
29 215 21.0336
29 225 114.801
29 239 67.1113
30 41 57.8865
30 95 83.4462
30 98 91.6165
30 116 80.0993
30 150 39.791
30 180 4.90421
30 185 53.2117
30 258 89.2706
30 268 10.7683
31 10 44.0339
31 158 21.2039
31 165 65.2132
31 222 7.91495
32 44 78.1344
32 149 66.7827
32 198 47.2403
32 269 21.0432
32 276 88.7516
33 121 43.9914
33 174 128.86
33 176 12.0971
33 181 16.0349
33 274 38.5355
34 15 47.0134
34 29 42.1004
34 102 93.5313
34 118 24.7526
34 139 35.5349
34 143 5.64495
34 148 70.5738
34 156 42.795
34 222 5.87595
34 232 33.6794
34 237 30.5003
34 260 28.9156
34 294 21.0679
35 65 121.954
35 76 51.3146
35 194 74.198
35 264 48.8163
35 275 56.2683
36 16 41.1649
36 45 38.1256
36 96 49.948
36 135 49.0919
36 166 18.7913
36 209 76.2903
36 224 16.8709
36 234 29.0337
36 260 23.0835
37 68 95.7942
37 95 77.5162
37 161 34.4721
37 179 94.3551
38 29 86.9674
38 98 83.3648
38 105 55.6708
38 179 114.335
38 242 49.7037
38 273 11.5175
39 30 57.9002
39 48 7.52223
39 90 31.3735
39 171 71.8066
39 177 40.7221
39 241 48.7685
40 31 67.9366
40 89 42.8737
40 117 6.28827
40 141 101.041
40 196 39.4398
41 63 24.8224
41 87 24.7328
41 120 54.5921
41 169 93.1832
41 230 44.856
42 4 6.13573
42 12 81.4226
42 105 52.9769
42 120 53.4192
42 129 8.45703
42 142 70.4173
42 219 104.935
42 225 57.425
42 271 39.0612
43 23 77.2188
43 36 15.9183
43 42 86.6026
43 74 100.947
43 78 61.0324
43 94 2.51867
43 96 47.2432
43 261 22.3472
43 292 107.237
44 22 80.568
44 43 32.5524
44 89 74.5944
44 117 6.63659
44 120 75.2562
44 182 33.7804
44 223 43.9916
45 0 17.1656
45 47 15.2947
45 70 36.4287
45 107 60.3274
45 126 21.3341
45 155 85.9199
45 185 27.8504
46 45 30.2782
46 77 53.4181
46 83 4.81309
46 104 40.303
46 165 128.001
46 173 17.3884
46 206 73.2808
46 242 53.6534
46 291 48.325
47 46 86.1987
47 93 24.4299
47 117 2.27492
47 193 81.1978
47 215 60.4224
47 219 85.1542
47 228 72.2393
47 287 45.8098
48 3 14.8408
48 85 25.9636
48 87 99.522
48 139 55.5134
48 174 76.6338
48 218 29.8119
48 274 77.6063
48 275 64.9087
49 9 97.8138
49 114 6.85889
49 130 41.5071
49 187 19.3815
49 207 49.7484
49 209 94.7913
49 243 36.2807
49 284 49.1422
50 41 57.5746
50 128 15.9737
50 175 81.6781
50 213 99.8302
51 168 30.0508
51 176 7.47687
51 245 61.4295
51 274 74.8928
52 15 57.3615
52 20 67.261
52 51 56.6124
52 71 49.5117
52 75 27.3156
52 91 35.2385
52 171 93.3271
52 201 4.47647
52 241 48.0592
52 247 31.4318
53 7 31.9596
53 32 77.1181
53 43 24.0911
53 57 17.7762
53 78 73.0034
53 88 49.8849
53 112 45.5192
53 115 51.1466
53 186 25.2603
53 207 46.2409
54 3 18.645
54 55 81.0604
54 96 26.7414
54 120 42.8473
54 121 35.8694
54 148 95.7108
54 176 15.4417
54 233 12.8415
55 61 32.3145
55 105 28.891
55 141 51.6622
55 149 72.7364
55 186 21.0561
55 193 38.7758
55 207 48.2518
55 274 57.0724
56 1 19.0002
56 18 56.6464
56 33 75.6216
56 83 4.74666
56 86 70.3345
56 91 44.0728
56 100 21.464
56 120 68.9546
56 178 108.055
56 180 6.19852
56 183 27.1849
56 220 63.9376
56 233 13.9835
56 270 64.2922
56 276 86.5624
57 7 36.938
57 27 98.0385
57 62 18.1632
57 103 56.9203
57 161 21.8839
57 167 4.3982
57 190 8.4322
57 197 109.601
57 249 36.8135
57 272 68.8578
57 284 74.5536
58 38 31.6593
58 51 46.299
58 99 14.7533
58 201 5.31519
58 221 114.642
58 275 73.1609
58 280 84.2036
59 60 78.0943
59 146 64.7309
59 163 72.3285
59 252 3.43663
59 288 50.161
60 44 49.8446
60 77 74.193
60 271 39.165
61 7 37.5258
61 39 27.8506
61 61 46.0991
61 69 85.299
61 100 31.8057
61 145 52.2131
61 176 14.8156
61 260 24.7747
61 272 55.0339
62 154 4.62301
62 251 76.637
62 264 34.5782
63 64 80.3525
63 86 125.946
63 104 40.2371
64 75 38.0204
64 160 38.983
64 230 50.4107
64 232 33.3661
64 247 28.265
65 23 100.644
65 41 58.4463
65 98 113.448
65 162 41.8464
65 173 26.3999
65 193 55.9899
65 211 98.9788
66 20 52.6394
66 44 91.007
66 72 57.4282
66 126 35.1608
66 227 75.79
66 261 17.303
67 91 28.8377
67 188 102.28
68 28 83.1052
68 71 51.0973
68 87 90.1618
68 179 90.5706
68 219 94.1644
68 250 26.1955
68 254 17.3444
68 272 68.63
68 281 22.8953
69 24 67.0348
69 52 13.4777
69 95 74.1913
69 110 43.5192
69 196 59.2414
69 242 37.7081
70 35 70.9201
70 85 32.4378
70 97 63.9384
70 106 17.3106
70 108 11.5206
70 143 5.4493
70 157 27.4027
70 201 3.7785
70 222 5.68493
70 285 42.9448
71 12 65.5818
71 109 96.0343
71 117 5.32296
71 178 93.6397
71 193 60.5535
72 12 49.0128
72 34 70.0393
72 40 71.5177
72 56 70.2177
72 239 46.9951
72 245 93.6062
72 249 35.8356
73 19 59.0863
73 23 86.8458
73 69 81.1475
73 167 2.70524
73 212 8.0174
73 235 35.0501
73 264 50.5321
73 267 2.19144
73 287 113.663
74 2 126.037
74 25 2.21606
74 52 11.3341
74 72 60.1058
74 86 71.3748
74 120 76.5541
74 162 47.1167
74 224 13.6588
74 270 63.4701
75 78 101.445
75 94 2.69035
75 132 18.0545
75 155 162.795
75 191 16.9347
75 232 29.2749
75 276 61.3035
75 287 78.5743
76 50 22.1281
76 124 89.5531
76 129 9.33123
76 147 17.3785
76 223 79.4149
76 247 32.8815
76 276 90.6749
77 22 81.1232
77 73 30.6156
77 95 92.6241
77 142 37.9987
77 203 12.5261
77 252 3.59885
77 275 66.5157
77 292 100.21
78 113 63.3602
78 189 27.0667
78 203 13.7708
79 38 26.7074
79 54 27.3408
79 91 32.067
79 116 28.7208
79 118 21.2057
79 168 36.4777
79 252 2.67393
79 254 14.482
79 289 48.7765
80 82 8.6535
80 243 32.6372
80 267 2
80 275 84.4173
81 51 31.4149
81 114 16.1162
81 148 119.502
81 244 15.7177
81 291 68.844
82 40 41.7911
82 54 21.7184
82 62 14.8511
82 102 67.6045
82 159 104.928
82 168 53.8342
82 212 11.9353
82 247 31.5092
82 265 88.1506
83 9 51.6638
83 22 93.5936
83 33 96.6475
83 150 46.2786
83 215 56.3367
83 278 6.18967
84 27 84.1603
84 85 30.8892
84 145 94.7213
84 215 46.25
84 224 29.5274
84 234 67.2577
84 252 2.27274
84 263 49.4762
85 32 75.8749
85 71 46.694
85 88 58.5419
85 117 4.85716
85 164 44.541
85 201 3.06011
85 288 33.6014
85 294 23.5443
86 11 67.2407
86 15 50.5358
86 32 61.8908
86 45 28.849
86 54 23.4836
86 61 28.9042
86 110 31.9668
86 172 73.9538
86 177 29.0076
86 229 20.4411
87 14 41.5548
87 55 74.4428
87 230 44.1722
87 233 12.2744
87 257 147.299
88 34 95.683
88 46 77.8044
88 80 98.1502
88 92 63.2226
88 108 12.6568
88 162 40.9969
88 177 36.7503
88 198 31.4732
88 203 9.21507
88 228 82.4838
88 259 52.0205
89 11 46.4154
89 44 63.9234
89 57 17.8172
89 62 12.309
89 134 44.3932
89 152 12.9526
89 175 69.7465
89 199 87.1924
89 210 14.6593
90 57 20.2536
90 201 4.07334
90 237 34.4798
90 253 29.4183
90 273 9.18182
90 287 85.3607
90 291 78.9441
90 296 71.2855
91 11 72.0395
91 17 94.9307
91 70 46.9782
91 132 17.3277
91 133 2.39192
91 138 30.3878
91 171 84.602
91 218 72.9714
92 24 35.9007
92 47 35.198
92 53 86.0694
92 93 40.3897
92 94 3.10145
92 133 2
92 217 24.4675
92 250 30.5733
92 253 26.4508
93 80 99.423
93 141 113.076
93 146 30.4812
93 147 9.9942
93 178 91.4418
93 237 38.7634
93 246 60.3629
93 297 33.1479
94 99 21.1286
94 152 17.6738
94 165 83.6951
94 208 75.6631
94 212 6.25321
94 269 21.0281
94 278 7.26204
95 7 57.0449
95 68 88.7471
95 77 62.1388
95 89 66.746
95 136 50.8143
95 163 50.5018
95 204 18.742
95 214 19.1539
96 146 69.9407
96 212 13.7374
96 220 41.4566
96 261 23.4363
96 266 13.0588
96 267 2
96 282 38.2839
97 20 52.177
97 117 4.32825
97 134 43.0336
97 136 53.958
97 168 59.8201
97 247 35.7544
97 250 28.4356
97 299 54.5711
98 99 17.7264
98 109 99.8678
98 140 46.0507
98 155 82.3342
98 161 63.5647
98 198 47.0275
98 239 59.3453
98 273 11.8958
98 274 69.5043
98 280 83.795
98 289 48.302
99 59 56.7519
99 61 34.64
99 62 16.1401
99 65 132.528
99 83 5.57142
99 84 63.8792
99 115 45.2092
99 138 45.873
99 286 108.782
100 32 52.6938
100 91 24.9438
100 104 36.4427
100 113 59.6652
100 120 66.6458
100 138 41.1264
100 175 101.397
100 221 58.8699
100 230 32.0941
100 233 12.1188
100 283 62.8459
101 18 56.2388
101 22 47.1087
101 34 48.7618
101 58 101.675
101 263 54.2649
101 267 2
101 291 55.3228
102 15 25.9918
102 70 38.303
102 137 67.9511
102 144 30.8136
102 174 64.1895
102 176 12.7811
102 200 78.6728
102 213 63.4234
102 251 46.1812
103 110 36.0077
103 180 4.82623
103 252 3.10053
103 289 97.4573
104 13 14.1231
104 86 79.9983
104 118 11.8739
104 119 37.8232
104 175 55.0056
104 191 16.6215
104 250 33.5778
105 25 2.15962
105 32 91.0564
105 91 40.4204
105 93 24.2222
105 122 55.897
105 128 18.9377
105 192 113.518
105 202 63.3854
105 238 6.35125
105 247 29.8889
105 254 11.191
105 257 111.455
105 267 2
106 47 34.3671
106 56 103.968
106 87 98.6274
106 127 24.0858
106 138 49.3189
106 155 92.134
106 176 12.131
106 226 103.37
106 256 16.4259
106 259 64.0469
107 23 56.2456
107 86 110.375
107 175 108.722
107 296 57.841
108 25 2.10833
108 51 40.9286
108 62 19.5637
108 152 10.3872
108 199 48.5564
108 207 33.9374
108 210 36.0656
108 225 95.79
108 239 60.8307
108 266 9.26451
109 84 99.8429
109 90 8.7563
109 100 25.6263
109 139 72.9736
109 150 50.1013
109 155 48.5469
109 214 11.4224
109 252 3.03749
109 256 19.6513
110 3 23.4079
110 52 10.0425
110 132 24.3953
110 141 100.725
110 224 19.9852
110 240 13.6149
110 241 62.7587
111 76 51.995
111 87 89.1441
111 98 85.2021
111 105 49.0883
111 129 7.77397
111 176 5.6347
111 200 66.971
111 237 31.1236
111 283 86.2511
112 9 110.144
112 10 37.6502
112 107 68.9227
112 185 49.8642
112 199 65.0923
112 277 32.8464
112 290 35.0248
113 10 63.2158
113 18 34.1927
113 23 53.7591
113 73 27.311
113 89 78.3279
113 106 17.1982
113 111 8.8765
113 197 54.0634
114 35 98.353
114 128 15.3847
114 141 111.734
114 145 56.1979
114 167 4.36395
114 190 10.1073
115 41 92.6897
115 68 78.8005
115 152 16.007
115 202 89.4508
115 283 71.6673
115 289 65.3212
116 40 41.2861
116 53 76.9472
116 101 14.3862
116 120 66.5114
116 244 7.11062
116 245 76.6035
116 292 86.5194
117 12 57.2078
117 20 52.8896
117 90 42.2547
117 196 41.9395
117 222 5.80676
117 232 33.037
117 237 44.4268
118 5 61.5102
118 56 134.937
118 177 44.2449
119 25 2
119 28 53.1842
119 40 79.4134
119 54 15.2102
119 55 87.688
119 81 39.387
119 134 39.897
119 164 54.2928
119 198 38.3337
119 209 68.8426
119 225 81.0664
119 228 111.524
119 246 42.7678
119 252 3.60243
119 299 110.302
120 21 87.8325
120 26 109.581
120 42 71.3526
120 66 54.4783
120 91 45.3921
120 117 3.37755
120 155 98.1348
120 175 68.8842
120 198 38.0018
121 38 26.122
121 70 49.3775
121 82 10.0837
121 119 38.9332
121 150 50.6398
121 169 59.2648
121 182 49.033
121 201 3.78578
121 228 74.0218
121 296 64.6385
121 297 35.4969
122 3 19.5456
122 107 75.0219
122 130 35.5517
122 165 108.826
122 225 56.128
122 228 57.8146
122 265 89.3892
122 280 82.328
122 283 89.9662
123 2 116.491
123 64 123.279
123 67 8.06602
123 125 21.1219
123 131 64.3274
123 202 86.481
123 211 81.7833
123 213 93.2033
123 217 46.821
123 228 63.7683
123 257 76.2745
123 274 75.0218
124 50 25.622
124 208 56.3779
124 250 24.2976
124 251 60.4354
124 263 53.035
124 281 36.1649
125 4 5.8132
125 50 17.9035
125 97 80.9946
125 127 26.024
125 144 21.9635
125 299 94.6822
126 32 96.6627
126 49 23.0873
126 57 20.3496
126 81 82.0657
126 260 16.7008
127 106 23.9025
127 151 33.7331
127 217 35.4402
127 249 35.4412
127 272 70.8034
127 281 33.474
128 9 87.8177
128 49 43.7974
128 52 7.4017
128 178 71.8201
128 205 48.0266
128 215 59.0854
128 239 42.2261
128 250 34.6203
128 283 33.8338
128 294 16.3757
129 61 34.4111
129 74 78.4082
129 92 75.5402
129 102 76.0786
129 112 46.3155
129 131 62.638
129 137 65.3778
129 175 54.064
129 208 84.8964
129 213 87.6937
129 219 40.6512
129 265 75.9396
130 52 11.6955
130 57 13.4878
130 146 61.6527
130 183 22.3853
130 228 85.6078
130 269 16.6109
130 271 28.4381
130 283 70.6895
131 49 47.488
131 81 64.2934
131 132 26.188
131 163 73.826
131 217 41.0949
131 218 63.5428
131 268 16.5594
131 275 90.1742
132 97 69.5608
132 138 48.6503
132 184 52.1937
132 191 15.8699
132 197 134.088
132 199 73.8062
132 235 55.7381
133 19 69.2807
133 23 65.8095
133 81 53.177
133 234 51.5982
133 266 6.41413
133 271 35.8245
134 1 14.8777
134 53 100.263
134 89 62.5564
134 180 7.43633
134 250 30.4738
135 102 53.9383
135 107 86.1828
135 117 2.17923
135 160 45.742
135 206 86.0502
135 263 33.0921
135 290 73.3997
136 47 22.25
136 94 3.80114
136 106 26.3856
136 112 87.9789
136 196 48.1448
137 44 101.253
137 72 60.9189
137 89 70.4044
137 114 7.1161
137 118 21.492
137 241 58.6337
137 243 13.5068
137 273 6.59896
138 120 34.8843
139 3 13.3903
139 26 96.7156
139 65 84.9938
139 138 50.6779
139 182 48.6485
139 211 131.631
139 228 47.7047
139 245 78.2637
140 157 24.4759
140 176 11.1331
140 278 6.28701
140 280 58.7059
141 48 5.46806
141 121 58.1353
141 243 17.9397
141 265 77.3428
141 289 65.9895
142 32 84.4415
142 44 56.3989
142 55 140.379
142 112 58.5625
142 171 84.3059
142 176 15.699
142 237 34.4396
142 242 56.245
142 246 78.305
142 299 129.094
143 107 100.765
143 136 39.2272
143 171 49.7672
143 213 66.5534
143 290 69.491
143 293 96.1061
144 10 36.5872
144 20 17.936
144 31 86.604
144 146 42.8993
144 147 12.8514
144 217 32.5215
144 275 52.5139
145 13 11.5806
145 30 64.8622
145 47 43.7559
145 87 57.1371
146 71 37.8092
146 79 25.2914
146 87 98.6479
146 152 11.8749
146 167 3.28042
146 234 56.8046
146 281 32.2738
146 295 48.5336
147 1 14.4174
147 48 7.68085
147 76 64.5922
147 79 40.3486
147 96 34.8715
147 140 35.6639
147 299 125.014
148 87 66.5984
148 273 11.2998
149 55 93.7361
149 68 51.0858
149 105 70.4725
149 106 21.0752
149 121 55.5282
149 136 43.5411
149 140 44.9191
149 152 16.9642
149 165 132.874
149 184 49.8364
149 254 17.7253
149 291 60.6745
150 147 8.88294
150 176 11.9654
150 206 111.712
150 211 72.3686
150 244 19.2247
150 252 2.29441
150 257 97.4677
150 280 74.1817
150 281 38.0933
151 6 3.22572
151 16 54.1639
151 48 6.74908
151 174 47.4424
151 200 45.5418
151 202 56.8793
151 212 12.4629
151 231 44.2094
151 261 44.3422
151 288 53.2283
152 23 58.4514
152 57 28.4143
152 112 74.5594
152 113 22.7305
152 176 11.7432
152 218 68.9186
152 270 66.6947
153 24 39.5032
153 30 84.6362
153 76 51.822
153 106 13.2485
153 283 61.0471
154 22 77.128
154 67 8.01573
154 91 22.9186
154 206 75.8107
154 215 53.3508
155 53 144.537
155 96 44.8463
155 134 47.3266
155 152 11.7502
155 157 33.4642
155 168 30.4351
155 263 33.1041
155 267 2.10713
156 30 85.0299
156 45 20.7024
156 161 61.6021
156 282 28.3055
156 284 57.9123
157 9 119.751
157 123 39.3096
157 125 64.6741
157 138 39.1624
157 207 44.1572
157 211 127.807
157 245 85.0201
157 267 2
158 27 136.663
158 31 73.4176
158 65 66.7521
158 67 8.18984
158 75 48.7246
158 93 40.3633
158 109 67.6255
158 134 27.9064
158 156 47.1003
158 173 30.9538
158 195 28.8258
158 226 59.1938
158 242 37.6691
159 13 8.71136
159 65 113.025
159 152 14.1527
159 186 17.8667
159 277 33.8569
160 29 62.7612
160 30 84.2487
160 66 58.8484
160 139 68.5058
160 210 45.748
160 249 31.3625
160 262 42.4321
161 123 68.0879
161 125 75.994
161 202 44.7283
161 203 11.9575
161 220 59.2626
162 63 85.657
162 92 94.3007
162 149 81.0831
162 163 48.3515
162 255 25.349
163 97 41.8168
163 187 13.5889
163 225 54.9421
163 275 118.544
164 24 114.653
164 30 32.5058
164 140 38.8484
164 157 26.5772
164 161 62.9173
164 179 95.5106
164 273 7.77645
164 275 62.429
164 289 49.3923
165 36 18.3527
165 63 96.001
165 79 67.8557
165 146 44.0787
165 147 13.4503
166 7 49.8677
166 49 41.9347
166 137 62.3798
166 188 86.4029
166 277 35.4139
167 33 75.9671
167 180 10.5232
167 234 57.8625
168 65 109.946
168 84 92.2476
168 111 5.63988
168 162 56.196
168 165 74.5115
168 213 79.2818
169 33 49.367
169 113 37.8988
169 192 90.1126
169 263 64.6316
170 60 84.0207
170 63 88.9247
170 91 35.8366
170 99 16.5799
170 100 20.5071
170 139 45.1938
170 143 5.23529
170 151 51.0959
170 185 32.6477
170 216 18.1484
170 247 34.5623
170 254 12.5112
171 92 97.4187
171 137 49.7713
171 153 8.32668
171 156 74.8608
171 203 12.8686
171 236 53.4912
171 282 47.1078
172 100 31.9519
172 106 18.0182
172 190 8.73117
172 200 42.3813
172 257 125.009
173 32 80.527
173 148 107.601
173 161 66.1211
173 167 6.70677
173 174 93.479
173 209 44.8895
173 211 106.011
173 214 16.7857
174 8 8.53657
174 57 18.4437
174 180 5.3878
174 194 46.0294
174 211 105.97
174 226 113.917
174 249 39.1643
175 69 95.3729
175 117 7.03377
175 120 59.7852
175 131 32.0786
175 155 133.844
175 262 26.7342
176 24 81.1408
176 40 104.231
176 50 18.7982
176 69 92.9302
176 183 24.0594
176 298 43.1516
177 9 92.9739
177 47 35.0648
177 87 85.9564
177 101 14.5783
177 112 57.4585
177 176 9.78223
177 199 89.4189
177 221 95.1125
177 244 17.7511
177 274 53.6156
178 27 73.8262
178 257 128.384
178 259 70.6258
178 269 21.9537
179 40 81.8459
179 92 102.888
179 101 17.7072
179 203 13.0535
179 218 53.0935
179 219 57.0405
179 233 10.7662
179 293 115.146
180 32 68.6902
180 36 17.4778
180 235 67.4064
180 268 12.0311
181 63 58.6821
181 106 17.8424
181 155 84.2666
181 174 132.51
181 180 7.95064
181 261 23.738
182 21 87.8175
182 79 45.3129
182 88 69.5272
182 263 57.6201
183 108 14.9414
183 112 50.4162
183 117 4.10413
183 121 62.2219
183 218 41.7805
183 236 52.8723
184 187 9.68168
184 210 23.1298
184 282 22.9961
185 30 56.97
185 98 111.383
185 102 47.4233
185 155 97.6895
185 160 30.8034
185 185 41.1698
185 199 82.4123
185 230 37.9791
186 46 101.089
186 82 9.95603
186 156 35.9369
186 160 51.1958
186 207 42.0628
186 217 27.8214
186 233 12.1463
186 241 39.2992
186 247 39.8328
186 249 34.343
186 270 48.432
186 284 54.12
187 29 57.491
187 153 7.60922
187 154 3.44195
187 168 28.0369
187 192 109.924
187 250 32.2443
187 277 34.4853
188 2 130.703
188 77 73.186
188 115 54.3895
188 119 21.4114
188 126 38.2082
188 192 104.068
188 201 4.08476
188 239 47.2926
188 246 74.1499
189 45 20.8955
189 52 7.32892
189 80 57.5311
189 83 6.96059
189 104 65.8217
189 174 55.292
189 205 16.7087
189 266 13.4129
189 296 70.3824
189 299 95.0095
190 30 46.9435
190 77 75.4569
190 84 91.6502
190 123 62.8305
190 136 64.3711
190 180 6.20549
190 205 56.6495
190 248 73.5379
190 266 13.9019
190 280 48.5761
191 8 13.2314
191 38 43.2803
191 71 42.7875
191 172 39.4464
191 262 24.6413
192 105 53.5187
192 144 31.9335
192 153 6.8191
192 199 79.2374
192 294 20.8605
193 31 62.3085
193 59 42.2597
193 74 83.1092
193 100 32.2815
193 155 110.375
193 185 43.4287
194 41 54.9357
194 64 95.3532
194 164 40.3849
194 216 23.4164
194 250 29.3595
194 265 78.0796
194 272 60.2451
194 276 107.488
194 297 42.6553
195 3 12.986
195 32 62.6347
195 92 51.4765
195 127 17.762
195 154 4.10859
195 180 6.5486
196 6 3.04843
196 10 55.7392
196 21 78.9203
196 29 86.9144
196 56 100.516
196 86 82.9475
196 141 98.1034
196 194 69.0893
196 238 5.05163
196 273 10.3698
197 34 122.873
197 65 95.0698
197 106 13.0172
197 229 22.2984
198 2 86.7924
198 58 48.5289
198 81 72.5655
198 83 6.2543
198 116 74.6396
198 119 14.1801
198 190 5.91645
198 199 125.01
198 262 18.4758
198 299 117.04
199 14 39.6559
199 76 46.5913
199 100 27.4027
199 113 57.1681
199 126 26.8455
199 136 35.8503
199 198 39.331
199 258 82.8089
200 21 69.0582
200 126 28.4086
200 197 80.7408
200 231 29.4257
200 240 13.6391
201 16 48.8708
201 184 46.6944
202 46 85.0963
202 95 83.9933
202 124 74.3257
202 144 37.1978
202 147 15.6889
202 155 87.5781
202 159 68.0737
202 217 25.0956
202 275 53.424
203 102 48.9521
203 108 8.09121
203 140 29.4419
203 156 81.8009
203 167 3.49366
203 181 32.5875
203 185 38.596
203 271 39.6313
204 151 62.3143
204 200 70.4533
205 43 38.542
205 44 108.419
205 82 10.7296
205 85 31.5226
205 139 66.1319
205 173 32.4802
205 290 59.3761
206 27 76.4346
206 43 51.5965
206 87 101.595
206 150 38.7601
206 151 56.4403
206 177 45.5518
206 202 74.4038
206 245 51.83
206 251 47.2599
206 298 37.2359
207 0 12.1659
207 82 6.12494
207 120 83.6201
207 166 24.5877
207 295 36.9244
208 64 80.7227
208 75 44.9957
208 140 22.1391
208 193 60.1427
208 231 51.7607
208 253 25.4153
208 287 78.6147
209 43 17.8161
209 69 61.5991
209 93 41.0001
209 94 3.13275
209 209 70.053
209 222 4.66558
209 234 58.9223
209 294 13.9768
210 45 45.5648
210 98 98.2032
210 147 7.00674
210 218 52.5318
210 229 31.0879
211 2 43.3209
211 49 36.6668
211 89 95.1742
211 100 25.9218
211 113 64.4154
211 122 108.192
211 134 22.1579
211 163 49.4224
211 164 54.6366
211 171 67.264
211 176 10.3531
211 228 96.7329
211 266 12.3873
211 281 24.2654
211 282 42.6402
212 14 37.6909
212 39 15.9556
212 75 36.6644
212 127 22.4376
212 208 103.548
213 3 20.349
213 15 34.7999
213 118 20.2595
213 134 53.3083
213 195 29.768
213 203 13.2076
213 206 121.411
213 244 11.4776
213 273 10.3764
214 41 59.288
214 72 45.2414
214 105 50.8904
214 110 23.8189
214 179 83.5787
214 277 30.8443
215 21 99.4865
215 63 91.5127
215 78 36.0437
215 125 56.7147
215 154 5.61238
215 228 87.5993
215 234 66.7008
215 277 25.1203
215 294 17.5059
216 199 87.6669
216 226 76.6874
216 232 18.6225
216 254 9.96717
216 281 26.0862
216 295 45.6323
217 29 41.6395
217 53 96.7086
217 76 65.2393
217 131 51.5455
217 190 5.46715
217 214 15.8261
217 252 2.41593
217 266 16.9253
217 267 2
218 8 9.69316
218 46 54.2704
218 205 50.891
218 262 34.48
219 28 57.038
219 42 52.8741
219 51 52.8316
219 99 13.368
219 118 22.4647
219 137 56.2329
219 221 36.2248
219 252 2.68452
220 20 32.7998
220 83 6.73394
220 119 47.0955
220 173 27.4567
220 212 12.2185
220 227 42.0899
220 257 84.978
221 7 30.4682
221 16 65.5551
221 68 118.591
221 129 8.8439
221 152 13.8236
221 172 35.695
221 175 7.86983
221 198 47.7517
221 213 97.9608
221 279 83.4482
222 48 7.39706
222 52 9.17883
222 62 16.7948
222 110 23.754
222 113 48.358
222 155 94.0762
222 175 84.383
222 214 16.519
222 217 33.8554
222 274 55.924
222 294 19.4443
223 115 26.183
223 183 22.771
223 224 23.6786
223 272 58.8584
223 275 54.2157
224 60 49.4145
224 133 2
224 225 83.8323
224 229 21.1471
224 261 24.8476
225 47 35.6908
225 63 65.9902
225 248 109.979
225 249 36.7674
226 16 54.8218
226 105 40.6548
226 138 56.3913
226 158 12.0773
226 220 51.6937
226 243 32.2787
227 23 82.5138
227 33 65.4645
227 77 82.7777
227 98 132.163
227 115 62.2047
227 129 10.1768
227 214 23.0288
227 220 64.2769
227 233 8.73437
227 258 101.719
228 113 48.7064
228 143 5.68104
228 156 70.3987
228 174 69.7746
228 175 112.697
228 214 19.303
229 7 31.0913
229 137 37.0257
229 168 48.4025
230 4 2.93631
230 53 128.691
230 122 47.663
230 200 82.1543
230 202 35.043
230 231 56.6203
230 232 23.4458
230 240 17.2365
230 293 124.131
231 80 109.115
231 89 61.8631
231 113 74.76
231 138 36.9968
231 236 68.8181
231 246 71.0333
231 272 46.5788
231 281 37.5948
232 278 6.76324
233 17 72.8855
233 48 7.23905
233 80 98.4021
233 112 66.7495
233 127 26.0045
233 180 5.62429
233 185 31.3094
233 260 31.5195
234 69 73.574
234 85 41.1735
234 87 59.3273
234 101 12.3955
234 165 109.408
234 217 27.4467
234 244 24.9399
234 274 63.343
234 283 41.525
235 27 76.8968
235 51 48.5229
235 75 36.1335
235 188 52.975
235 222 9.4786
235 245 67.9477
236 10 51.1723
236 34 63.0166
236 49 45.3541
236 67 7.32384
236 180 7.79446
236 189 36.9716
236 211 86.9946
236 249 31.1135
236 262 34.3118
237 10 47.8094
237 41 81.3753
237 113 39.2723
237 235 40.5912
238 31 78.1141
238 48 12.0319
238 50 27.7357
238 74 129.42
238 76 58.4002
238 90 26.2582
238 236 60.3019
239 11 77.808
239 44 61.8344
239 67 5.13572
239 173 40.7889
239 187 12.0537
239 210 32.3842
239 246 87.9174
239 290 59.1459
239 299 70.7968
240 51 42.7259
240 61 33.3829
240 79 37.9261
240 101 13.7258
240 144 33.0502
240 216 21.1714
240 244 13.8165
240 248 122.146
240 252 3.31817
240 259 57.9041
240 277 22.1445
241 96 6.7373
241 117 6.73451
241 165 43.3467
241 240 20.4458
241 250 32.3619
241 275 106.752
242 9 105.104
242 10 36.0539
242 37 86.5007
242 43 40.6196
242 78 54.2473
242 85 31.5758
242 135 63.0934
242 179 99.5806
242 180 8.27265
242 192 101.079
242 251 52.3376
243 12 79.927
243 57 10.7392
243 61 29.8868
243 75 28.166
243 78 74.7922
243 135 65.9117
243 169 77.1951
243 182 43.1443
243 194 73.0331
243 224 24.1551
243 263 51.3648
243 299 69.6554
244 51 64.6095
244 79 66.6798
244 83 5.50166
244 163 61.8934
244 194 71.0644
244 213 65.8003
244 230 23.9995
244 277 31.1233
245 49 32.9117
245 56 86.4578
245 119 35.1703
245 124 70.1211
245 133 2
245 138 33.3511
245 169 67.6188
245 179 128.745
246 123 34.1802
246 134 30.3462
246 140 43.7431
246 172 19.337
246 180 4.50535
246 216 17.5636
246 294 18.4804
247 26 100.724
247 65 44.9238
247 143 6.97399
247 153 9.77228
247 173 25.0353
247 193 39.4149
247 221 85.6762
247 228 96.8817
247 248 152.447
247 282 51.626
247 288 55.9616
248 45 27.2529
248 53 87.4046
248 175 72.1176
248 198 44.1124
248 206 83.1506
248 244 16.9864
248 271 38.9569
249 37 93.6245
249 95 80.4606
249 105 39.2038
249 179 109.626
249 250 24.896
249 268 18.6546
250 0 6.53703
250 7 54.1941
250 36 25.3422
250 69 97.4858
250 79 63.1268
250 81 74.4608
250 120 44.2269
250 145 76.8766
250 165 79.9909
250 279 43.4858
250 287 92.5802
251 1 21.2296
251 116 88.2616
251 163 40.5968
251 166 23.5197
251 167 4.0803
251 240 21.4849
251 268 19.1949
251 286 127.199
252 48 12.1491
252 70 41.679
252 79 38.0303
252 227 63.4597
252 244 14.7198
252 264 47.8196
253 15 60.3188
253 25 2
253 96 42.535
254 4 5.0659
254 41 105.7
254 46 75.2604
254 148 93.8467
254 166 22.2714
254 189 27.3457
254 201 4.69846
254 232 23.7181
254 268 17.4927
254 296 70.2982
255 71 49.7267
255 106 24.3473
255 117 4.2554
255 122 62.6263
255 199 84.0763
255 255 19.2678
256 25 2
256 92 68.6711
256 150 45.2053
256 153 8.83109
256 159 122.987
256 200 44.7915
256 299 96.538
257 4 2.93977
257 154 4.74283
257 157 31.6605
257 193 47.7792
258 20 56.9995
258 57 21.0193
258 254 17.2615
258 286 124.646
259 83 7.20308
259 114 13.256
259 196 38.4026
259 269 14.6457
260 90 30.6504
260 159 85.1718
260 181 33.0243
260 223 76.5388
260 235 95.4768
260 253 33.9048
261 8 11.1692
261 35 69.9641
261 58 77.0787
261 75 39.7022
261 78 71.6858
261 137 50.8081
261 182 45.9336
261 208 54.4742
261 226 64.6737
261 228 76.4734
262 87 96.0637
262 107 108.962
262 134 35.0981
262 295 36.7612
262 298 49.7096
263 16 56.9844
263 46 66.3949
263 63 70.6318
263 85 40.2194
263 202 71.3651
263 203 6.6369
263 212 11.1233
263 223 38.2598
263 258 78.6565
263 286 81.918
264 8 12.5231
264 35 88.5736
264 99 14.1307
264 188 99.2956
264 199 63.4975
264 282 26.8007
265 36 18.4706
265 42 87.992
265 87 69.9539
265 97 52.4174
265 214 19.9031
265 215 28.7804
265 229 31.7998
265 258 82.4939
266 10 41.2613
266 238 3.82253
266 270 50.7974
267 11 101.746
267 93 47.5939
267 98 66.8196
267 200 33.5987
267 211 79.6365
267 231 40.3706
268 57 20.0073
268 204 31.8128
269 19 78.8522
269 56 62.5007
269 71 55.5779
269 73 30.2854
269 83 6.5551
269 93 43.8359
269 103 89.6587
269 171 63.6917
269 180 5.46152
269 267 2.08736
269 294 25.0012
270 3 16.4436
270 29 49.9412
271 9 73.493
271 13 4.12883
271 106 16.9282
271 116 75.6936
271 124 72.1984
271 125 85.6468
271 277 23.9273
272 10 50.7343
272 62 6.67557
272 127 20.3898
272 145 75.6645
272 169 59.7545
272 206 66.2953
272 216 24.7486
272 219 86.9351
273 52 11.1993
273 191 20.2641
273 201 4.2875
273 222 6.38482
274 7 37.5942
274 64 106.66
274 149 52.4537
274 185 30.9856
274 253 36.86
274 264 40.095
274 286 54.186
274 295 47.3683
275 13 13.3228
275 46 77.2252
275 47 13.3789
275 90 22.3603
275 98 106.112
275 109 76.0713
275 297 32.3812
276 49 29.3106
276 50 18.9772
276 144 30.5039
276 171 62.3461
276 174 72.8977
276 181 36.9728
276 183 19.9204
276 227 52.7994
276 261 33.5028
277 19 94.6405
277 99 22.8324
277 146 69.9768
277 181 40.133
277 197 58.6094
277 272 38.8264
277 292 75.577
278 28 43.3301
278 73 21.09
278 275 74.1287
279 123 53.1208
279 155 133.239
279 189 35.7597
279 195 33.2201
279 269 18.9762
280 112 59.2622
280 132 24.2603
280 141 66.9982
280 164 57.1153
280 260 30.5233
280 271 40.2272
280 273 8.80764
280 276 115.68
280 279 72.603
281 185 30.7837
282 28 44.8092
282 77 55.4381
282 103 80.6084
282 186 9.94779
282 209 70.4542
282 216 28.9513
282 249 38.359
282 298 43.5399
283 117 5.92234
283 145 60.5798
283 197 105.803
283 213 83.057
283 224 19.3126
283 246 90.1603
283 257 103.671
284 21 60.0454
284 34 106.197
284 83 7.50516
284 111 8.70443
284 113 63.1543
284 136 43.6262
284 234 56.4375
284 251 30.4527
284 256 9.25131
284 281 31.1891
284 286 98.0563
285 30 65.924
285 62 8.52633
285 107 76.5137
285 155 95.5188
285 208 78.2397
285 251 69.1646
285 260 20.7485
286 35 115.827
286 80 99.6619
286 86 70.7239
286 105 60.2169
286 111 9.83657
286 187 12.0366
286 193 51.9535
286 227 51.5031
286 239 59.4532
286 251 60.7988
286 264 41.7248
287 5 94.8172
287 6 3.05391
287 10 32.5669
287 127 21.2374
287 151 63.5334
287 184 57.247
287 195 23.3765
287 202 74.3393
287 219 98.8236
288 18 49.5681
288 40 44.5137
288 139 57.3817
288 211 106.575
288 297 25.2957
289 38 24.8123
289 39 27.7476
289 59 60.7643
289 106 25.569
289 115 62.6562
290 40 90.5227
290 56 55.9405
290 60 63.26
290 82 14.3965
290 134 29.686
290 148 106.356
290 243 24.6544
290 246 72.7981
290 250 13.7168
291 6 3.83307
291 21 103.854
291 71 45.3033
291 212 6.73171
291 264 46.2851
291 265 51.0305
291 274 50.8074
292 11 86.5348
292 22 98.5717
292 45 20.3056
292 50 14.5974
292 61 28.078
292 106 20.5545
292 118 21.5067
292 129 10.8952
292 217 33.7529
293 24 88.8065
293 30 62.6229
293 114 11.5778
293 247 32.8046
293 258 74.0596
294 8 14.9644
294 90 20.7962
294 128 16.6683
294 170 67.6734
294 253 32.8113
294 257 122.528
294 262 35.2652
294 263 46.8704
294 296 65.7027
295 26 76.2161
295 45 27.5219
295 98 72.802
295 266 12.2217
296 34 78.283
296 50 17.9303
296 83 6.93212
296 221 77.1259
296 253 34.8244
296 267 2
297 108 12.8966
297 116 82.1768
297 158 17.031
297 199 53.9602
297 211 61.514
297 257 76.815
297 262 31.2263
297 298 34.4158
298 54 32.4878
298 81 64.824
298 199 87.712
298 203 7.47603
298 240 23.1641
298 246 60.084
299 202 31.1495
299 253 30.8055
299 256 6.82433
