100 100 10000
0 0 701
0 1 702
0 2 672
0 3 791
0 4 679
0 5 732
0 6 760
0 7 815
0 8 670
0 9 531
0 10 564
0 11 997
0 12 969
0 13 765
0 14 870
0 15 842
0 16 757
0 17 585
0 18 536
0 19 811
0 20 842
0 21 1020
0 22 712
0 23 694
0 24 862
0 25 605
0 26 928
0 27 725
0 28 1000
0 29 702
0 30 842
0 31 678
0 32 892
0 33 1003
0 34 958
0 35 548
0 36 711
0 37 694
0 38 852
0 39 870
0 40 714
0 41 904
0 42 844
0 43 660
0 44 646
0 45 690
0 46 990
0 47 892
0 48 764
0 49 1014
0 50 679
0 51 582
0 52 1010
0 53 880
0 54 764
0 55 849
0 56 973
0 57 669
0 58 550
0 59 950
0 60 860
0 61 881
0 62 604
0 63 729
0 64 861
0 65 538
0 66 765
0 67 549
0 68 721
0 69 593
0 70 907
0 71 923
0 72 986
0 73 727
0 74 559
0 75 609
0 76 906
0 77 525
0 78 989
0 79 647
0 80 516
0 81 645
0 82 717
0 83 1014
0 84 1013
0 85 970
0 86 839
0 87 963
0 88 616
0 89 878
0 90 889
0 91 964
0 92 735
0 93 982
0 94 670
0 95 572
0 96 1009
0 97 923
0 98 610
0 99 707
1 0 1005
1 1 1005
1 2 607
1 3 968
1 4 709
1 5 654
1 6 553
1 7 591
1 8 668
1 9 519
1 10 726
1 11 673
1 12 652
1 13 932
1 14 663
1 15 642
1 16 878
1 17 991
1 18 581
1 19 983
1 20 846
1 21 959
1 22 923
1 23 558
1 24 917
1 25 569
1 26 619
1 27 903
1 28 981
1 29 717
1 30 586
1 31 962
1 32 698
1 33 681
1 34 907
1 35 895
1 36 824
1 37 948
1 38 975
1 39 981
1 40 955
1 41 678
1 42 630
1 43 584
1 44 587
1 45 782
1 46 714
1 47 954
1 48 750
1 49 784
1 50 913
1 51 572
1 52 719
1 53 813
1 54 618
1 55 613
1 56 871
1 57 725
1 58 1004
1 59 828
1 60 930
1 61 566
1 62 767
1 63 605
1 64 736
1 65 650
1 66 989
1 67 536
1 68 575
1 69 941
1 70 1006
1 71 1018
1 72 595
1 73 612
1 74 579
1 75 670
1 76 883
1 77 782
1 78 600
1 79 609
1 80 542
1 81 1002
1 82 670
1 83 750
1 84 791
1 85 776
1 86 851
1 87 638
1 88 990
1 89 832
1 90 955
1 91 897
1 92 887
1 93 698
1 94 990
1 95 600
1 96 837
1 97 956
1 98 624
1 99 900
2 0 873
2 1 607
2 2 895
2 3 956
2 4 708
2 5 963
2 6 603
2 7 567
2 8 721
2 9 692
2 10 665
2 11 752
2 12 670
2 13 823
2 14 990
2 15 950
2 16 576
2 17 818
2 18 565
2 19 542
2 20 627
2 21 1008
2 22 928
2 23 1002
2 24 683
2 25 895
2 26 578
2 27 1008
2 28 827
2 29 691
2 30 885
2 31 676
2 32 786
2 33 757
2 34 609
2 35 983
2 36 696
2 37 700
2 38 526
2 39 905
2 40 881
2 41 679
2 42 633
2 43 528
2 44 991
2 45 600
2 46 966
2 47 543
2 48 907
2 49 1019
2 50 574
2 51 1022
2 52 1004
2 53 990
2 54 1001
2 55 663
2 56 861
2 57 556
2 58 648
2 59 665
2 60 735
2 61 1021
2 62 829
2 63 1010
2 64 754
2 65 926
2 66 970
2 67 939
2 68 603
2 69 984
2 70 820
2 71 972
2 72 640
2 73 942
2 74 988
2 75 608
2 76 519
2 77 931
2 78 639
2 79 914
2 80 927
2 81 702
2 82 913
2 83 907
2 84 669
2 85 890
2 86 546
2 87 1018
2 88 934
2 89 682
2 90 659
2 91 646
2 92 680
2 93 977
2 94 633
2 95 922
2 96 879
2 97 579
2 98 837
2 99 970
3 0 540
3 1 634
3 2 919
3 3 669
3 4 553
3 5 883
3 6 765
3 7 560
3 8 791
3 9 892
3 10 963
3 11 694
3 12 571
3 13 852
3 14 577
3 15 728
3 16 719
3 17 612
3 18 723
3 19 629
3 20 782
3 21 871
3 22 764
3 23 951
3 24 824
3 25 886
3 26 849
3 27 680
3 28 954
3 29 663
3 30 626
3 31 982
3 32 786
3 33 521
3 34 627
3 35 828
3 36 893
3 37 881
3 38 877
3 39 660
3 40 749
3 41 816
3 42 843
3 43 809
3 44 645
3 45 908
3 46 513
3 47 852
3 48 1008
3 49 724
3 50 970
3 51 767
3 52 571
3 53 711
3 54 695
3 55 884
3 56 573
3 57 521
3 58 540
3 59 1016
3 60 672
3 61 655
3 62 974
3 63 947
3 64 664
3 65 578
3 66 752
3 67 534
3 68 947
3 69 605
3 70 683
3 71 673
3 72 910
3 73 1014
3 74 970
3 75 532
3 76 898
3 77 972
3 78 873
3 79 883
3 80 672
3 81 819
3 82 627
3 83 732
3 84 1019
3 85 810
3 86 593
3 87 569
3 88 819
3 89 621
3 90 561
3 91 980
3 92 764
3 93 512
3 94 904
3 95 917
3 96 579
3 97 632
3 98 940
3 99 1014
4 0 726
4 1 599
4 2 664
4 3 612
4 4 589
4 5 611
4 6 632
4 7 976
4 8 559
4 9 993
4 10 836
4 11 720
4 12 789
4 13 952
4 14 940
4 15 785
4 16 739
4 17 1021
4 18 842
4 19 535
4 20 619
4 21 892
4 22 1003
4 23 872
4 24 892
4 25 884
4 26 765
4 27 959
4 28 1005
4 29 681
4 30 950
4 31 707
4 32 769
4 33 591
4 34 807
4 35 846
4 36 690
4 37 928
4 38 799
4 39 737
4 40 898
4 41 611
4 42 945
4 43 663
4 44 539
4 45 862
4 46 937
4 47 767
4 48 860
4 49 755
4 50 790
4 51 968
4 52 624
4 53 770
4 54 816
4 55 1005
4 56 630
4 57 557
4 58 941
4 59 611
4 60 727
4 61 867
4 62 807
4 63 984
4 64 946
4 65 590
4 66 807
4 67 612
4 68 1007
4 69 582
4 70 838
4 71 881
4 72 681
4 73 760
4 74 521
4 75 709
4 76 598
4 77 946
4 78 964
4 79 947
4 80 678
4 81 731
4 82 891
4 83 790
4 84 989
4 85 683
4 86 771
4 87 595
4 88 729
4 89 689
4 90 695
4 91 944
4 92 532
4 93 990
4 94 905
4 95 967
4 96 557
4 97 688
4 98 556
4 99 540
5 0 758
5 1 883
5 2 910
5 3 928
5 4 619
5 5 919
5 6 614
5 7 706
5 8 841
5 9 555
5 10 629
5 11 1008
5 12 774
5 13 1009
5 14 774
5 15 739
5 16 668
5 17 522
5 18 823
5 19 886
5 20 699
5 21 1007
5 22 806
5 23 720
5 24 973
5 25 687
5 26 664
5 27 1019
5 28 864
5 29 709
5 30 536
5 31 598
5 32 568
5 33 934
5 34 1014
5 35 676
5 36 829
5 37 604
5 38 870
5 39 647
5 40 647
5 41 988
5 42 631
5 43 910
5 44 973
5 45 894
5 46 625
5 47 618
5 48 905
5 49 937
5 50 992
5 51 581
5 52 920
5 53 775
5 54 790
5 55 870
5 56 951
5 57 942
5 58 865
5 59 791
5 60 628
5 61 889
5 62 878
5 63 684
5 64 800
5 65 869
5 66 848
5 67 606
5 68 962
5 69 695
5 70 742
5 71 586
5 72 659
5 73 862
5 74 984
5 75 609
5 76 732
5 77 585
5 78 715
5 79 614
5 80 1010
5 81 684
5 82 683
5 83 907
5 84 948
5 85 961
5 86 753
5 87 875
5 88 880
5 89 594
5 90 643
5 91 996
5 92 972
5 93 1009
5 94 657
5 95 748
5 96 854
5 97 994
5 98 842
5 99 793
6 0 665
6 1 561
6 2 867
6 3 813
6 4 911
6 5 827
6 6 910
6 7 620
6 8 901
6 9 602
6 10 722
6 11 888
6 12 774
6 13 894
6 14 771
6 15 698
6 16 832
6 17 1012
6 18 550
6 19 688
6 20 582
6 21 681
6 22 661
6 23 531
6 24 667
6 25 806
6 26 768
6 27 1010
6 28 777
6 29 587
6 30 779
6 31 930
6 32 636
6 33 622
6 34 720
6 35 523
6 36 938
6 37 606
6 38 631
6 39 815
6 40 696
6 41 842
6 42 679
6 43 959
6 44 712
6 45 938
6 46 634
6 47 520
6 48 926
6 49 672
6 50 697
6 51 997
6 52 842
6 53 846
6 54 1017
6 55 998
6 56 629
6 57 761
6 58 984
6 59 894
6 60 836
6 61 740
6 62 801
6 63 960
6 64 851
6 65 1009
6 66 971
6 67 765
6 68 591
6 69 579
6 70 556
6 71 776
6 72 909
6 73 724
6 74 712
6 75 598
6 76 638
6 77 834
6 78 606
6 79 541
6 80 995
6 81 791
6 82 514
6 83 814
6 84 614
6 85 1019
6 86 788
6 87 732
6 88 756
6 89 749
6 90 602
6 91 569
6 92 978
6 93 892
6 94 1017
6 95 805
6 96 877
6 97 965
6 98 546
6 99 957
7 0 520
7 1 591
7 2 710
7 3 918
7 4 803
7 5 910
7 6 1004
7 7 930
7 8 721
7 9 587
7 10 959
7 11 692
7 12 866
7 13 962
7 14 995
7 15 969
7 16 958
7 17 759
7 18 677
7 19 691
7 20 997
7 21 768
7 22 748
7 23 951
7 24 637
7 25 741
7 26 733
7 27 1002
7 28 682
7 29 768
7 30 936
7 31 691
7 32 847
7 33 622
7 34 586
7 35 627
7 36 1021
7 37 566
7 38 533
7 39 718
7 40 641
7 41 980
7 42 899
7 43 996
7 44 918
7 45 870
7 46 942
7 47 853
7 48 606
7 49 595
7 50 520
7 51 579
7 52 852
7 53 756
7 54 1019
7 55 977
7 56 986
7 57 728
7 58 956
7 59 644
7 60 984
7 61 868
7 62 824
7 63 807
7 64 979
7 65 898
7 66 923
7 67 976
7 68 953
7 69 944
7 70 671
7 71 570
7 72 901
7 73 546
7 74 542
7 75 796
7 76 905
7 77 972
7 78 625
7 79 999
7 80 544
7 81 633
7 82 554
7 83 885
7 84 877
7 85 549
7 86 838
7 87 839
7 88 765
7 89 771
7 90 972
7 91 726
7 92 615
7 93 773
7 94 1021
7 95 571
7 96 648
7 97 921
7 98 524
7 99 577
8 0 841
8 1 683
8 2 635
8 3 718
8 4 718
8 5 666
8 6 1003
8 7 599
8 8 615
8 9 604
8 10 574
8 11 648
8 12 726
8 13 617
8 14 1021
8 15 579
8 16 654
8 17 836
8 18 907
8 19 908
8 20 583
8 21 856
8 22 610
8 23 687
8 24 605
8 25 608
8 26 747
8 27 742
8 28 1017
8 29 759
8 30 807
8 31 835
8 32 931
8 33 931
8 34 530
8 35 626
8 36 573
8 37 1021
8 38 714
8 39 677
8 40 602
8 41 776
8 42 813
8 43 816
8 44 882
8 45 811
8 46 884
8 47 513
8 48 623
8 49 767
8 50 909
8 51 695
8 52 600
8 53 1008
8 54 871
8 55 694
8 56 592
8 57 594
8 58 924
8 59 586
8 60 842
8 61 707
8 62 909
8 63 750
8 64 614
8 65 928
8 66 864
8 67 676
8 68 925
8 69 554
8 70 841
8 71 1015
8 72 819
8 73 631
8 74 808
8 75 677
8 76 930
8 77 668
8 78 678
8 79 530
8 80 924
8 81 564
8 82 713
8 83 1012
8 84 548
8 85 561
8 86 682
8 87 629
8 88 644
8 89 583
8 90 704
8 91 975
8 92 778
8 93 590
8 94 701
8 95 881
8 96 1006
8 97 541
8 98 534
8 99 908
9 0 584
9 1 863
9 2 900
9 3 892
9 4 982
9 5 684
9 6 545
9 7 889
9 8 840
9 9 712
9 10 907
9 11 740
9 12 765
9 13 597
9 14 729
9 15 802
9 16 647
9 17 900
9 18 920
9 19 779
9 20 971
9 21 600
9 22 730
9 23 726
9 24 678
9 25 919
9 26 584
9 27 661
9 28 949
9 29 606
9 30 545
9 31 1022
9 32 957
9 33 933
9 34 890
9 35 916
9 36 594
9 37 923
9 38 781
9 39 923
9 40 612
9 41 665
9 42 639
9 43 866
9 44 750
9 45 857
9 46 644
9 47 885
9 48 733
9 49 540
9 50 641
9 51 680
9 52 629
9 53 859
9 54 894
9 55 796
9 56 755
9 57 966
9 58 945
9 59 680
9 60 548
9 61 979
9 62 678
9 63 994
9 64 889
9 65 545
9 66 887
9 67 971
9 68 956
9 69 645
9 70 870
9 71 545
9 72 798
9 73 998
9 74 899
9 75 525
9 76 831
9 77 520
9 78 899
9 79 540
9 80 548
9 81 516
9 82 708
9 83 666
9 84 864
9 85 579
9 86 950
9 87 596
9 88 521
9 89 871
9 90 765
9 91 558
9 92 827
9 93 932
9 94 529
9 95 692
9 96 965
9 97 904
9 98 639
9 99 898
10 0 525
10 1 998
10 2 931
10 3 812
10 4 972
10 5 807
10 6 825
10 7 780
10 8 815
10 9 701
10 10 808
10 11 852
10 12 706
10 13 1005
10 14 1007
10 15 547
10 16 560
10 17 933
10 18 631
10 19 570
10 20 781
10 21 884
10 22 617
10 23 584
10 24 792
10 25 634
10 26 764
10 27 734
10 28 514
10 29 892
10 30 608
10 31 528
10 32 867
10 33 516
10 34 828
10 35 816
10 36 811
10 37 630
10 38 572
10 39 603
10 40 820
10 41 869
10 42 944
10 43 1014
10 44 850
10 45 927
10 46 537
10 47 899
10 48 837
10 49 657
10 50 958
10 51 594
10 52 517
10 53 551
10 54 666
10 55 798
10 56 673
10 57 919
10 58 1020
10 59 676
10 60 788
10 61 604
10 62 693
10 63 632
10 64 609
10 65 1009
10 66 936
10 67 908
10 68 616
10 69 997
10 70 1000
10 71 924
10 72 843
10 73 921
10 74 915
10 75 669
10 76 824
10 77 941
10 78 545
10 79 638
10 80 574
10 81 991
10 82 720
10 83 579
10 84 519
10 85 875
10 86 866
10 87 681
10 88 771
10 89 863
10 90 846
10 91 535
10 92 955
10 93 515
10 94 656
10 95 541
10 96 1013
10 97 568
10 98 937
10 99 605
11 0 542
11 1 914
11 2 1018
11 3 873
11 4 811
11 5 909
11 6 519
11 7 612
11 8 826
11 9 553
11 10 738
11 11 888
11 12 520
11 13 947
11 14 956
11 15 528
11 16 798
11 17 799
11 18 697
11 19 545
11 20 638
11 21 520
11 22 569
11 23 570
11 24 523
11 25 713
11 26 599
11 27 512
11 28 770
11 29 513
11 30 606
11 31 801
11 32 915
11 33 600
11 34 650
11 35 703
11 36 998
11 37 658
11 38 804
11 39 801
11 40 699
11 41 519
11 42 666
11 43 708
11 44 955
11 45 598
11 46 724
11 47 729
11 48 886
11 49 910
11 50 763
11 51 1012
11 52 918
11 53 820
11 54 558
11 55 929
11 56 1022
11 57 645
11 58 930
11 59 769
11 60 647
11 61 512
11 62 547
11 63 538
11 64 601
11 65 685
11 66 730
11 67 576
11 68 832
11 69 1023
11 70 865
11 71 1019
11 72 519
11 73 1019
11 74 703
11 75 962
11 76 594
11 77 916
11 78 667
11 79 968
11 80 803
11 81 919
11 82 956
11 83 697
11 84 716
11 85 1003
11 86 603
11 87 714
11 88 625
11 89 1022
11 90 972
11 91 760
11 92 1023
11 93 1007
11 94 787
11 95 600
11 96 669
11 97 1005
11 98 664
11 99 989
12 0 1005
12 1 1017
12 2 985
12 3 1012
12 4 1013
12 5 664
12 6 950
12 7 583
12 8 557
12 9 594
12 10 527
12 11 848
12 12 1001
12 13 971
12 14 522
12 15 693
12 16 950
12 17 614
12 18 896
12 19 551
12 20 612
12 21 844
12 22 800
12 23 611
12 24 828
12 25 563
12 26 700
12 27 985
12 28 544
12 29 853
12 30 951
12 31 526
12 32 847
12 33 912
12 34 514
12 35 836
12 36 553
12 37 952
12 38 907
12 39 599
12 40 522
12 41 922
12 42 936
12 43 1012
12 44 870
12 45 946
12 46 681
12 47 797
12 48 537
12 49 553
12 50 837
12 51 637
12 52 886
12 53 613
12 54 737
12 55 690
12 56 664
12 57 926
12 58 652
12 59 697
12 60 755
12 61 580
12 62 711
12 63 579
12 64 980
12 65 713
12 66 903
12 67 1022
12 68 642
12 69 786
12 70 597
12 71 653
12 72 685
12 73 1021
12 74 641
12 75 532
12 76 944
12 77 810
12 78 817
12 79 969
12 80 852
12 81 630
12 82 583
12 83 714
12 84 732
12 85 809
12 86 893
12 87 885
12 88 712
12 89 521
12 90 558
12 91 955
12 92 589
12 93 758
12 94 1023
12 95 546
12 96 959
12 97 902
12 98 545
12 99 578
13 0 665
13 1 630
13 2 719
13 3 839
13 4 628
13 5 849
13 6 859
13 7 548
13 8 635
13 9 652
13 10 1006
13 11 976
13 12 771
13 13 566
13 14 666
13 15 992
13 16 863
13 17 535
13 18 853
13 19 551
13 20 545
13 21 899
13 22 995
13 23 623
13 24 634
13 25 994
13 26 658
13 27 570
13 28 873
13 29 691
13 30 636
13 31 514
13 32 809
13 33 844
13 34 841
13 35 926
13 36 669
13 37 676
13 38 962
13 39 793
13 40 817
13 41 945
13 42 745
13 43 565
13 44 999
13 45 899
13 46 533
13 47 838
13 48 923
13 49 875
13 50 878
13 51 957
13 52 751
13 53 850
13 54 556
13 55 873
13 56 820
13 57 702
13 58 931
13 59 669
13 60 881
13 61 543
13 62 672
13 63 667
13 64 876
13 65 1001
13 66 569
13 67 521
13 68 654
13 69 1020
13 70 802
13 71 960
13 72 941
13 73 523
13 74 1014
13 75 916
13 76 911
13 77 524
13 78 731
13 79 810
13 80 887
13 81 586
13 82 743
13 83 614
13 84 924
13 85 788
13 86 976
13 87 720
13 88 978
13 89 883
13 90 878
13 91 836
13 92 915
13 93 527
13 94 991
13 95 767
13 96 1016
13 97 536
13 98 776
13 99 647
14 0 533
14 1 555
14 2 584
14 3 962
14 4 566
14 5 574
14 6 855
14 7 966
14 8 586
14 9 562
14 10 752
14 11 962
14 12 636
14 13 984
14 14 553
14 15 537
14 16 748
14 17 1017
14 18 745
14 19 703
14 20 876
14 21 600
14 22 515
14 23 767
14 24 615
14 25 995
14 26 1023
14 27 608
14 28 1020
14 29 775
14 30 744
14 31 529
14 32 818
14 33 816
14 34 979
14 35 873
14 36 879
14 37 811
14 38 815
14 39 954
14 40 862
14 41 544
14 42 892
14 43 987
14 44 1016
14 45 933
14 46 1012
14 47 741
14 48 926
14 49 734
14 50 932
14 51 779
14 52 822
14 53 936
14 54 523
14 55 926
14 56 907
14 57 522
14 58 1022
14 59 903
14 60 785
14 61 743
14 62 920
14 63 580
14 64 536
14 65 876
14 66 942
14 67 903
14 68 663
14 69 734
14 70 833
14 71 1013
14 72 766
14 73 702
14 74 976
14 75 759
14 76 611
14 77 964
14 78 988
14 79 514
14 80 674
14 81 896
14 82 781
14 83 985
14 84 809
14 85 792
14 86 887
14 87 692
14 88 803
14 89 886
14 90 571
14 91 565
14 92 605
14 93 980
14 94 634
14 95 630
14 96 832
14 97 552
14 98 1021
14 99 984
15 0 774
15 1 831
15 2 974
15 3 517
15 4 1021
15 5 926
15 6 764
15 7 609
15 8 867
15 9 728
15 10 611
15 11 518
15 12 601
15 13 881
15 14 992
15 15 898
15 16 650
15 17 856
15 18 566
15 19 942
15 20 719
15 21 626
15 22 995
15 23 813
15 24 582
15 25 605
15 26 931
15 27 903
15 28 645
15 29 928
15 30 863
15 31 908
15 32 735
15 33 813
15 34 913
15 35 733
15 36 716
15 37 653
15 38 830
15 39 560
15 40 870
15 41 930
15 42 567
15 43 959
15 44 788
15 45 535
15 46 834
15 47 927
15 48 880
15 49 889
15 50 845
15 51 575
15 52 1003
15 53 816
15 54 876
15 55 562
15 56 910
15 57 783
15 58 953
15 59 532
15 60 688
15 61 793
15 62 928
15 63 912
15 64 583
15 65 818
15 66 621
15 67 787
15 68 959
15 69 940
15 70 836
15 71 806
15 72 847
15 73 891
15 74 742
15 75 611
15 76 915
15 77 552
15 78 515
15 79 771
15 80 930
15 81 848
15 82 834
15 83 910
15 84 641
15 85 687
15 86 960
15 87 527
15 88 959
15 89 890
15 90 547
15 91 623
15 92 659
15 93 964
15 94 1023
15 95 731
15 96 758
15 97 621
15 98 1007
15 99 694
16 0 537
16 1 819
16 2 988
16 3 873
16 4 686
16 5 706
16 6 973
16 7 578
16 8 747
16 9 976
16 10 837
16 11 653
16 12 801
16 13 648
16 14 539
16 15 930
16 16 823
16 17 988
16 18 946
16 19 758
16 20 854
16 21 982
16 22 870
16 23 1002
16 24 923
16 25 870
16 26 710
16 27 657
16 28 979
16 29 693
16 30 840
16 31 1005
16 32 1000
16 33 805
16 34 854
16 35 663
16 36 1000
16 37 803
16 38 729
16 39 723
16 40 756
16 41 543
16 42 865
16 43 533
16 44 679
16 45 893
16 46 952
16 47 991
16 48 857
16 49 875
16 50 726
16 51 688
16 52 833
16 53 572
16 54 667
16 55 733
16 56 930
16 57 865
16 58 879
16 59 886
16 60 534
16 61 695
16 62 867
16 63 1023
16 64 988
16 65 698
16 66 662
16 67 965
16 68 990
16 69 880
16 70 665
16 71 722
16 72 911
16 73 1018
16 74 743
16 75 566
16 76 888
16 77 671
16 78 533
16 79 722
16 80 522
16 81 747
16 82 899
16 83 844
16 84 808
16 85 542
16 86 553
16 87 714
16 88 896
16 89 920
16 90 577
16 91 919
16 92 592
16 93 932
16 94 918
16 95 557
16 96 607
16 97 556
16 98 1010
16 99 573
17 0 924
17 1 651
17 2 783
17 3 811
17 4 646
17 5 1014
17 6 866
17 7 1023
17 8 662
17 9 888
17 10 721
17 11 673
17 12 611
17 13 596
17 14 1005
17 15 908
17 16 626
17 17 535
17 18 599
17 19 1011
17 20 943
17 21 664
17 22 906
17 23 1023
17 24 573
17 25 800
17 26 556
17 27 668
17 28 845
17 29 543
17 30 729
17 31 746
17 32 683
17 33 1001
17 34 533
17 35 817
17 36 991
17 37 888
17 38 816
17 39 630
17 40 752
17 41 514
17 42 791
17 43 852
17 44 598
17 45 772
17 46 736
17 47 713
17 48 795
17 49 824
17 50 700
17 51 715
17 52 976
17 53 582
17 54 715
17 55 525
17 56 871
17 57 760
17 58 682
17 59 692
17 60 791
17 61 899
17 62 926
17 63 962
17 64 876
17 65 948
17 66 756
17 67 844
17 68 813
17 69 549
17 70 963
17 71 541
17 72 551
17 73 730
17 74 881
17 75 637
17 76 991
17 77 594
17 78 839
17 79 763
17 80 906
17 81 515
17 82 967
17 83 859
17 84 586
17 85 658
17 86 872
17 87 946
17 88 906
17 89 530
17 90 614
17 91 674
17 92 918
17 93 517
17 94 613
17 95 771
17 96 954
17 97 857
17 98 592
17 99 743
18 0 894
18 1 531
18 2 772
18 3 933
18 4 749
18 5 630
18 6 547
18 7 717
18 8 713
18 9 874
18 10 969
18 11 595
18 12 878
18 13 912
18 14 943
18 15 953
18 16 546
18 17 791
18 18 875
18 19 941
18 20 810
18 21 977
18 22 591
18 23 704
18 24 983
18 25 693
18 26 964
18 27 913
18 28 526
18 29 532
18 30 632
18 31 909
18 32 551
18 33 893
18 34 819
18 35 789
18 36 1011
18 37 854
18 38 995
18 39 700
18 40 705
18 41 940
18 42 784
18 43 560
18 44 828
18 45 703
18 46 1001
18 47 863
18 48 983
18 49 852
18 50 780
18 51 769
18 52 806
18 53 860
18 54 962
18 55 765
18 56 529
18 57 903
18 58 654
18 59 544
18 60 923
18 61 775
18 62 941
18 63 963
18 64 644
18 65 737
18 66 728
18 67 631
18 68 568
18 69 700
18 70 820
18 71 761
18 72 616
18 73 581
18 74 809
18 75 932
18 76 773
18 77 787
18 78 772
18 79 732
18 80 615
18 81 528
18 82 990
18 83 909
18 84 877
18 85 929
18 86 651
18 87 895
18 88 808
18 89 794
18 90 927
18 91 707
18 92 545
18 93 845
18 94 646
18 95 678
18 96 558
18 97 863
18 98 798
18 99 614
19 0 539
19 1 595
19 2 864
19 3 643
19 4 664
19 5 650
19 6 552
19 7 925
19 8 925
19 9 812
19 10 634
19 11 516
19 12 829
19 13 600
19 14 914
19 15 683
19 16 1017
19 17 542
19 18 554
19 19 802
19 20 825
19 21 969
19 22 997
19 23 858
19 24 791
19 25 620
19 26 513
19 27 837
19 28 972
19 29 799
19 30 940
19 31 999
19 32 882
19 33 781
19 34 619
19 35 523
19 36 919
19 37 660
19 38 936
19 39 820
19 40 961
19 41 546
19 42 825
19 43 767
19 44 635
19 45 716
19 46 938
19 47 629
19 48 746
19 49 980
19 50 919
19 51 547
19 52 926
19 53 893
19 54 894
19 55 693
19 56 1002
19 57 896
19 58 1019
19 59 950
19 60 671
19 61 936
19 62 926
19 63 530
19 64 693
19 65 522
19 66 541
19 67 588
19 68 670
19 69 966
19 70 897
19 71 608
19 72 1000
19 73 698
19 74 863
19 75 612
19 76 903
19 77 778
19 78 729
19 79 625
19 80 734
19 81 625
19 82 661
19 83 637
19 84 1006
19 85 532
19 86 818
19 87 984
19 88 917
19 89 814
19 90 910
19 91 564
19 92 726
19 93 813
19 94 583
19 95 908
19 96 823
19 97 612
19 98 984
19 99 982
20 0 554
20 1 857
20 2 566
20 3 531
20 4 532
20 5 918
20 6 632
20 7 923
20 8 673
20 9 849
20 10 525
20 11 896
20 12 962
20 13 675
20 14 1021
20 15 945
20 16 696
20 17 816
20 18 905
20 19 589
20 20 606
20 21 792
20 22 642
20 23 821
20 24 581
20 25 713
20 26 705
20 27 892
20 28 814
20 29 666
20 30 851
20 31 857
20 32 1012
20 33 906
20 34 876
20 35 520
20 36 801
20 37 997
20 38 932
20 39 962
20 40 822
20 41 946
20 42 834
20 43 761
20 44 597
20 45 831
20 46 682
20 47 781
20 48 623
20 49 564
20 50 859
20 51 718
20 52 844
20 53 989
20 54 515
20 55 914
20 56 679
20 57 709
20 58 783
20 59 981
20 60 863
20 61 610
20 62 814
20 63 852
20 64 1004
20 65 667
20 66 860
20 67 781
20 68 640
20 69 769
20 70 720
20 71 951
20 72 691
20 73 530
20 74 689
20 75 776
20 76 850
20 77 859
20 78 534
20 79 961
20 80 912
20 81 882
20 82 656
20 83 733
20 84 848
20 85 660
20 86 623
20 87 1015
20 88 857
20 89 895
20 90 972
20 91 697
20 92 993
20 93 763
20 94 525
20 95 974
20 96 919
20 97 874
20 98 732
20 99 536
21 0 619
21 1 940
21 2 975
21 3 799
21 4 959
21 5 641
21 6 552
21 7 785
21 8 988
21 9 575
21 10 723
21 11 877
21 12 945
21 13 867
21 14 586
21 15 769
21 16 1015
21 17 698
21 18 760
21 19 849
21 20 569
21 21 709
21 22 522
21 23 539
21 24 961
21 25 536
21 26 1002
21 27 857
21 28 898
21 29 710
21 30 881
21 31 1006
21 32 627
21 33 833
21 34 781
21 35 562
21 36 962
21 37 821
21 38 835
21 39 927
21 40 884
21 41 535
21 42 780
21 43 806
21 44 890
21 45 854
21 46 551
21 47 882
21 48 529
21 49 800
21 50 707
21 51 586
21 52 998
21 53 717
21 54 613
21 55 935
21 56 741
21 57 592
21 58 768
21 59 616
21 60 790
21 61 626
21 62 598
21 63 906
21 64 947
21 65 868
21 66 956
21 67 886
21 68 665
21 69 768
21 70 789
21 71 526
21 72 791
21 73 546
21 74 820
21 75 658
21 76 888
21 77 860
21 78 516
21 79 905
21 80 636
21 81 711
21 82 980
21 83 610
21 84 917
21 85 570
21 86 522
21 87 634
21 88 650
21 89 778
21 90 738
21 91 929
21 92 893
21 93 825
21 94 811
21 95 816
21 96 669
21 97 744
21 98 678
21 99 823
22 0 1000
22 1 956
22 2 837
22 3 768
22 4 990
22 5 634
22 6 915
22 7 855
22 8 982
22 9 919
22 10 737
22 11 595
22 12 607
22 13 693
22 14 694
22 15 1012
22 16 752
22 17 705
22 18 622
22 19 890
22 20 972
22 21 849
22 22 795
22 23 841
22 24 650
22 25 582
22 26 633
22 27 808
22 28 814
22 29 800
22 30 607
22 31 791
22 32 732
22 33 932
22 34 536
22 35 699
22 36 543
22 37 939
22 38 530
22 39 1014
22 40 835
22 41 755
22 42 586
22 43 930
22 44 937
22 45 768
22 46 918
22 47 665
22 48 961
22 49 517
22 50 531
22 51 909
22 52 855
22 53 815
22 54 726
22 55 994
22 56 886
22 57 848
22 58 778
22 59 677
22 60 625
22 61 873
22 62 956
22 63 845
22 64 782
22 65 981
22 66 520
22 67 813
22 68 897
22 69 539
22 70 804
22 71 708
22 72 782
22 73 878
22 74 615
22 75 695
22 76 623
22 77 1022
22 78 848
22 79 560
22 80 516
22 81 868
22 82 958
22 83 859
22 84 659
22 85 661
22 86 830
22 87 521
22 88 998
22 89 584
22 90 686
22 91 599
22 92 946
22 93 619
22 94 933
22 95 704
22 96 577
22 97 942
22 98 1006
22 99 963
23 0 969
23 1 786
23 2 647
23 3 727
23 4 640
23 5 751
23 6 911
23 7 751
23 8 750
23 9 736
23 10 800
23 11 754
23 12 580
23 13 735
23 14 590
23 15 728
23 16 884
23 17 908
23 18 737
23 19 859
23 20 981
23 21 912
23 22 946
23 23 903
23 24 1020
23 25 856
23 26 584
23 27 574
23 28 774
23 29 566
23 30 513
23 31 719
23 32 841
23 33 649
23 34 935
23 35 970
23 36 888
23 37 822
23 38 697
23 39 615
23 40 535
23 41 986
23 42 857
23 43 603
23 44 697
23 45 936
23 46 819
23 47 558
23 48 821
23 49 533
23 50 905
23 51 778
23 52 934
23 53 828
23 54 658
23 55 930
23 56 660
23 57 731
23 58 993
23 59 922
23 60 786
23 61 994
23 62 618
23 63 603
23 64 619
23 65 530
23 66 549
23 67 996
23 68 841
23 69 735
23 70 588
23 71 864
23 72 697
23 73 933
23 74 955
23 75 883
23 76 846
23 77 750
23 78 930
23 79 643
23 80 772
23 81 811
23 82 910
23 83 682
23 84 616
23 85 545
23 86 589
23 87 764
23 88 764
23 89 558
23 90 663
23 91 527
23 92 529
23 93 769
23 94 618
23 95 637
23 96 787
23 97 656
23 98 610
23 99 604
24 0 879
24 1 686
24 2 956
24 3 553
24 4 596
24 5 888
24 6 925
24 7 930
24 8 615
24 9 831
24 10 550
24 11 875
24 12 619
24 13 949
24 14 534
24 15 723
24 16 982
24 17 611
24 18 975
24 19 723
24 20 657
24 21 615
24 22 738
24 23 675
24 24 872
24 25 845
24 26 800
24 27 636
24 28 989
24 29 898
24 30 729
24 31 845
24 32 560
24 33 662
24 34 887
24 35 644
24 36 526
24 37 788
24 38 550
24 39 630
24 40 595
24 41 589
24 42 994
24 43 703
24 44 514
24 45 1016
24 46 914
24 47 984
24 48 603
24 49 866
24 50 684
24 51 749
24 52 969
24 53 910
24 54 912
24 55 818
24 56 732
24 57 688
24 58 943
24 59 697
24 60 562
24 61 648
24 62 519
24 63 611
24 64 799
24 65 894
24 66 743
24 67 814
24 68 658
24 69 782
24 70 932
24 71 742
24 72 859
24 73 902
24 74 933
24 75 861
24 76 894
24 77 824
24 78 822
24 79 985
24 80 666
24 81 995
24 82 711
24 83 612
24 84 881
24 85 599
24 86 918
24 87 589
24 88 775
24 89 837
24 90 775
24 91 826
24 92 974
24 93 782
24 94 925
24 95 749
24 96 653
24 97 645
24 98 539
24 99 799
25 0 915
25 1 960
25 2 518
25 3 751
25 4 838
25 5 940
25 6 589
25 7 709
25 8 740
25 9 900
25 10 671
25 11 895
25 12 871
25 13 870
25 14 995
25 15 729
25 16 957
25 17 890
25 18 807
25 19 709
25 20 704
25 21 558
25 22 512
25 23 654
25 24 829
25 25 925
25 26 892
25 27 970
25 28 546
25 29 919
25 30 746
25 31 950
25 32 856
25 33 752
25 34 677
25 35 670
25 36 669
25 37 755
25 38 868
25 39 897
25 40 631
25 41 515
25 42 768
25 43 990
25 44 873
25 45 740
25 46 695
25 47 807
25 48 606
25 49 990
25 50 1004
25 51 798
25 52 525
25 53 1005
25 54 941
25 55 843
25 56 906
25 57 809
25 58 789
25 59 941
25 60 705
25 61 512
25 62 867
25 63 537
25 64 752
25 65 521
25 66 696
25 67 910
25 68 764
25 69 540
25 70 783
25 71 884
25 72 543
25 73 528
25 74 851
25 75 905
25 76 757
25 77 522
25 78 688
25 79 851
25 80 1001
25 81 669
25 82 626
25 83 1015
25 84 650
25 85 543
25 86 834
25 87 533
25 88 841
25 89 600
25 90 962
25 91 522
25 92 600
25 93 806
25 94 548
25 95 841
25 96 816
25 97 732
25 98 727
25 99 557
26 0 760
26 1 999
26 2 929
26 3 792
26 4 1016
26 5 756
26 6 673
26 7 749
26 8 767
26 9 850
26 10 577
26 11 745
26 12 1007
26 13 692
26 14 737
26 15 633
26 16 723
26 17 548
26 18 655
26 19 541
26 20 636
26 21 593
26 22 551
26 23 725
26 24 888
26 25 587
26 26 543
26 27 680
26 28 808
26 29 759
26 30 726
26 31 544
26 32 734
26 33 631
26 34 825
26 35 727
26 36 876
26 37 986
26 38 965
26 39 620
26 40 812
26 41 519
26 42 854
26 43 796
26 44 699
26 45 567
26 46 918
26 47 911
26 48 603
26 49 549
26 50 940
26 51 728
26 52 631
26 53 979
26 54 942
26 55 1007
26 56 543
26 57 974
26 58 664
26 59 839
26 60 709
26 61 878
26 62 872
26 63 932
26 64 998
26 65 673
26 66 635
26 67 850
26 68 636
26 69 577
26 70 959
26 71 937
26 72 584
26 73 789
26 74 710
26 75 771
26 76 845
26 77 604
26 78 658
26 79 937
26 80 642
26 81 575
26 82 641
26 83 761
26 84 531
26 85 560
26 86 745
26 87 562
26 88 1022
26 89 898
26 90 890
26 91 708
26 92 752
26 93 738
26 94 616
26 95 727
26 96 900
26 97 739
26 98 554
26 99 513
27 0 805
27 1 1001
27 2 939
27 3 877
27 4 766
27 5 626
27 6 625
27 7 587
27 8 718
27 9 771
27 10 1012
27 11 849
27 12 835
27 13 630
27 14 586
27 15 854
27 16 679
27 17 820
27 18 905
27 19 678
27 20 694
27 21 771
27 22 874
27 23 935
27 24 998
27 25 978
27 26 639
27 27 875
27 28 694
27 29 681
27 30 877
27 31 987
27 32 658
27 33 793
27 34 841
27 35 913
27 36 907
27 37 954
27 38 989
27 39 601
27 40 702
27 41 978
27 42 938
27 43 513
27 44 585
27 45 1013
27 46 855
27 47 752
27 48 810
27 49 737
27 50 919
27 51 993
27 52 996
27 53 769
27 54 905
27 55 971
27 56 724
27 57 520
27 58 822
27 59 906
27 60 689
27 61 675
27 62 870
27 63 836
27 64 957
27 65 687
27 66 725
27 67 840
27 68 617
27 69 690
27 70 929
27 71 807
27 72 645
27 73 844
27 74 809
27 75 718
27 76 834
27 77 641
27 78 958
27 79 621
27 80 866
27 81 853
27 82 590
27 83 838
27 84 599
27 85 984
27 86 785
27 87 811
27 88 992
27 89 584
27 90 694
27 91 658
27 92 748
27 93 540
27 94 982
27 95 681
27 96 716
27 97 683
27 98 1009
27 99 822
28 0 862
28 1 915
28 2 606
28 3 995
28 4 736
28 5 903
28 6 690
28 7 547
28 8 520
28 9 624
28 10 656
28 11 874
28 12 966
28 13 735
28 14 689
28 15 542
28 16 695
28 17 963
28 18 841
28 19 664
28 20 523
28 21 512
28 22 810
28 23 759
28 24 540
28 25 769
28 26 929
28 27 745
28 28 940
28 29 914
28 30 543
28 31 779
28 32 805
28 33 637
28 34 751
28 35 518
28 36 517
28 37 929
28 38 553
28 39 525
28 40 530
28 41 697
28 42 888
28 43 985
28 44 921
28 45 553
28 46 1015
28 47 593
28 48 1004
28 49 833
28 50 745
28 51 1015
28 52 833
28 53 532
28 54 751
28 55 862
28 56 789
28 57 656
28 58 584
28 59 706
28 60 546
28 61 615
28 62 973
28 63 840
28 64 741
28 65 701
28 66 846
28 67 746
28 68 607
28 69 888
28 70 760
28 71 625
28 72 561
28 73 624
28 74 586
28 75 971
28 76 665
28 77 578
28 78 540
28 79 646
28 80 900
28 81 774
28 82 637
28 83 710
28 84 794
28 85 877
28 86 548
28 87 559
28 88 1021
28 89 621
28 90 754
28 91 544
28 92 725
28 93 704
28 94 873
28 95 954
28 96 893
28 97 696
28 98 677
28 99 988
29 0 560
29 1 925
29 2 590
29 3 610
29 4 525
29 5 665
29 6 557
29 7 679
29 8 731
29 9 586
29 10 813
29 11 608
29 12 848
29 13 939
29 14 806
29 15 618
29 16 792
29 17 843
29 18 666
29 19 790
29 20 952
29 21 908
29 22 823
29 23 653
29 24 588
29 25 673
29 26 584
29 27 970
29 28 857
29 29 749
29 30 935
29 31 905
29 32 651
29 33 1013
29 34 1004
29 35 665
29 36 654
29 37 537
29 38 833
29 39 874
29 40 611
29 41 622
29 42 970
29 43 947
29 44 538
29 45 753
29 46 542
29 47 819
29 48 572
29 49 697
29 50 586
29 51 1013
29 52 581
29 53 897
29 54 643
29 55 658
29 56 546
29 57 715
29 58 605
29 59 892
29 60 953
29 61 516
29 62 773
29 63 581
29 64 1017
29 65 753
29 66 734
29 67 647
29 68 779
29 69 543
29 70 1010
29 71 879
29 72 654
29 73 957
29 74 803
29 75 681
29 76 686
29 77 833
29 78 988
29 79 746
29 80 1018
29 81 550
29 82 736
29 83 576
29 84 935
29 85 867
29 86 723
29 87 970
29 88 559
29 89 816
29 90 838
29 91 1001
29 92 820
29 93 588
29 94 558
29 95 813
29 96 830
29 97 781
29 98 949
29 99 585
30 0 813
30 1 936
30 2 952
30 3 955
30 4 869
30 5 731
30 6 612
30 7 531
30 8 541
30 9 577
30 10 766
30 11 536
30 12 615
30 13 990
30 14 601
30 15 527
30 16 834
30 17 812
30 18 985
30 19 881
30 20 605
30 21 800
30 22 858
30 23 913
30 24 876
30 25 905
30 26 703
30 27 683
30 28 662
30 29 629
30 30 756
30 31 963
30 32 541
30 33 685
30 34 895
30 35 898
30 36 905
30 37 995
30 38 918
30 39 935
30 40 549
30 41 660
30 42 959
30 43 652
30 44 627
30 45 537
30 46 667
30 47 949
30 48 838
30 49 629
30 50 807
30 51 931
30 52 917
30 53 642
30 54 821
30 55 770
30 56 523
30 57 1012
30 58 941
30 59 673
30 60 617
30 61 674
30 62 613
30 63 647
30 64 848
30 65 996
30 66 522
30 67 729
30 68 968
30 69 928
30 70 641
30 71 1005
30 72 565
30 73 577
30 74 633
30 75 680
30 76 602
30 77 789
30 78 606
30 79 928
30 80 907
30 81 902
30 82 836
30 83 800
30 84 520
30 85 633
30 86 547
30 87 532
30 88 622
30 89 977
30 90 694
30 91 728
30 92 628
30 93 795
30 94 863
30 95 964
30 96 767
30 97 873
30 98 670
30 99 712
31 0 777
31 1 799
31 2 693
31 3 830
31 4 865
31 5 815
31 6 999
31 7 955
31 8 580
31 9 581
31 10 860
31 11 975
31 12 972
31 13 673
31 14 752
31 15 980
31 16 794
31 17 788
31 18 1001
31 19 904
31 20 742
31 21 671
31 22 608
31 23 858
31 24 954
31 25 960
31 26 798
31 27 698
31 28 809
31 29 957
31 30 898
31 31 563
31 32 733
31 33 568
31 34 882
31 35 574
31 36 871
31 37 857
31 38 1017
31 39 939
31 40 927
31 41 854
31 42 891
31 43 875
31 44 1015
31 45 620
31 46 832
31 47 786
31 48 896
31 49 810
31 50 666
31 51 615
31 52 969
31 53 763
31 54 961
31 55 900
31 56 699
31 57 736
31 58 574
31 59 996
31 60 669
31 61 961
31 62 536
31 63 890
31 64 1017
31 65 906
31 66 952
31 67 864
31 68 739
31 69 946
31 70 780
31 71 643
31 72 777
31 73 648
31 74 1007
31 75 768
31 76 757
31 77 815
31 78 530
31 79 630
31 80 601
31 81 685
31 82 733
31 83 547
31 84 936
31 85 670
31 86 935
31 87 611
31 88 894
31 89 998
31 90 584
31 91 539
31 92 936
31 93 608
31 94 917
31 95 929
31 96 1002
31 97 846
31 98 770
31 99 718
32 0 768
32 1 527
32 2 849
32 3 521
32 4 664
32 5 832
32 6 778
32 7 909
32 8 624
32 9 797
32 10 515
32 11 714
32 12 970
32 13 736
32 14 749
32 15 883
32 16 894
32 17 661
32 18 982
32 19 764
32 20 636
32 21 543
32 22 792
32 23 548
32 24 639
32 25 686
32 26 966
32 27 618
32 28 1020
32 29 713
32 30 824
32 31 765
32 32 728
32 33 649
32 34 774
32 35 880
32 36 970
32 37 529
32 38 765
32 39 570
32 40 814
32 41 768
32 42 773
32 43 761
32 44 993
32 45 1010
32 46 620
32 47 863
32 48 648
32 49 578
32 50 604
32 51 772
32 52 610
32 53 885
32 54 809
32 55 737
32 56 547
32 57 751
32 58 843
32 59 544
32 60 952
32 61 644
32 62 797
32 63 657
32 64 781
32 65 548
32 66 513
32 67 728
32 68 565
32 69 767
32 70 787
32 71 868
32 72 512
32 73 536
32 74 605
32 75 993
32 76 523
32 77 713
32 78 833
32 79 659
32 80 780
32 81 926
32 82 920
32 83 878
32 84 787
32 85 705
32 86 592
32 87 822
32 88 944
32 89 923
32 90 855
32 91 873
32 92 544
32 93 628
32 94 1018
32 95 814
32 96 665
32 97 1020
32 98 518
32 99 719
33 0 763
33 1 793
33 2 563
33 3 764
33 4 817
33 5 657
33 6 734
33 7 828
33 8 858
33 9 543
33 10 976
33 11 615
33 12 958
33 13 872
33 14 981
33 15 721
33 16 553
33 17 550
33 18 520
33 19 985
33 20 961
33 21 863
33 22 835
33 23 994
33 24 980
33 25 829
33 26 784
33 27 621
33 28 825
33 29 790
33 30 829
33 31 565
33 32 559
33 33 880
33 34 818
33 35 865
33 36 514
33 37 528
33 38 670
33 39 860
33 40 560
33 41 622
33 42 963
33 43 1006
33 44 982
33 45 921
33 46 703
33 47 1023
33 48 959
33 49 712
33 50 985
33 51 897
33 52 551
33 53 796
33 54 867
33 55 1020
33 56 602
33 57 627
33 58 618
33 59 916
33 60 906
33 61 935
33 62 970
33 63 954
33 64 792
33 65 764
33 66 795
33 67 794
33 68 780
33 69 953
33 70 630
33 71 829
33 72 552
33 73 570
33 74 811
33 75 1022
33 76 980
33 77 1003
33 78 1022
33 79 916
33 80 691
33 81 984
33 82 790
33 83 731
33 84 757
33 85 634
33 86 727
33 87 848
33 88 749
33 89 833
33 90 740
33 91 632
33 92 745
33 93 687
33 94 562
33 95 513
33 96 939
33 97 845
33 98 795
33 99 696
34 0 775
34 1 914
34 2 1013
34 3 816
34 4 973
34 5 801
34 6 814
34 7 930
34 8 780
34 9 813
34 10 822
34 11 960
34 12 774
34 13 589
34 14 667
34 15 1019
34 16 711
34 17 883
34 18 843
34 19 949
34 20 693
34 21 560
34 22 557
34 23 926
34 24 735
34 25 607
34 26 927
34 27 651
34 28 940
34 29 699
34 30 835
34 31 692
34 32 589
34 33 825
34 34 996
34 35 539
34 36 602
34 37 787
34 38 957
34 39 871
34 40 577
34 41 756
34 42 808
34 43 839
34 44 833
34 45 963
34 46 834
34 47 520
34 48 823
34 49 654
34 50 957
34 51 1004
34 52 703
34 53 1003
34 54 907
34 55 926
34 56 586
34 57 811
34 58 553
34 59 1015
34 60 998
34 61 877
34 62 683
34 63 564
34 64 678
34 65 656
34 66 592
34 67 769
34 68 931
34 69 525
34 70 617
34 71 997
34 72 770
34 73 913
34 74 812
34 75 579
34 76 853
34 77 623
34 78 588
34 79 652
34 80 766
34 81 522
34 82 633
34 83 957
34 84 1013
34 85 517
34 86 860
34 87 575
34 88 816
34 89 902
34 90 567
34 91 791
34 92 755
34 93 739
34 94 843
34 95 922
34 96 883
34 97 923
34 98 668
34 99 791
35 0 937
35 1 773
35 2 764
35 3 683
35 4 663
35 5 552
35 6 751
35 7 1004
35 8 664
35 9 828
35 10 633
35 11 918
35 12 838
35 13 755
35 14 852
35 15 828
35 16 760
35 17 688
35 18 892
35 19 552
35 20 566
35 21 947
35 22 831
35 23 810
35 24 662
35 25 651
35 26 708
35 27 521
35 28 551
35 29 864
35 30 801
35 31 977
35 32 614
35 33 541
35 34 637
35 35 766
35 36 582
35 37 876
35 38 746
35 39 735
35 40 681
35 41 868
35 42 629
35 43 1007
35 44 599
35 45 969
35 46 812
35 47 848
35 48 633
35 49 680
35 50 888
35 51 688
35 52 603
35 53 696
35 54 986
35 55 753
35 56 836
35 57 670
35 58 763
35 59 875
35 60 1023
35 61 540
35 62 828
35 63 614
35 64 570
35 65 954
35 66 868
35 67 640
35 68 807
35 69 591
35 70 863
35 71 976
35 72 948
35 73 981
35 74 960
35 75 524
35 76 927
35 77 748
35 78 860
35 79 537
35 80 916
35 81 724
35 82 713
35 83 1007
35 84 909
35 85 675
35 86 737
35 87 721
35 88 834
35 89 988
35 90 572
35 91 834
35 92 1016
35 93 889
35 94 937
35 95 562
35 96 820
35 97 782
35 98 691
35 99 603
36 0 862
36 1 531
36 2 555
36 3 786
36 4 1000
36 5 1003
36 6 798
36 7 903
36 8 728
36 9 634
36 10 928
36 11 620
36 12 847
36 13 618
36 14 604
36 15 732
36 16 782
36 17 829
36 18 941
36 19 593
36 20 793
36 21 1002
36 22 915
36 23 786
36 24 868
36 25 829
36 26 837
36 27 664
36 28 587
36 29 1017
36 30 755
36 31 937
36 32 524
36 33 799
36 34 700
36 35 1013
36 36 778
36 37 986
36 38 892
36 39 994
36 40 597
36 41 797
36 42 591
36 43 932
36 44 904
36 45 683
36 46 641
36 47 662
36 48 1000
36 49 558
36 50 743
36 51 770
36 52 537
36 53 635
36 54 533
36 55 893
36 56 952
36 57 858
36 58 533
36 59 516
36 60 851
36 61 776
36 62 942
36 63 864
36 64 551
36 65 618
36 66 853
36 67 818
36 68 581
36 69 722
36 70 789
36 71 666
36 72 1008
36 73 869
36 74 575
36 75 888
36 76 528
36 77 704
36 78 526
36 79 1017
36 80 750
36 81 757
36 82 763
36 83 775
36 84 880
36 85 784
36 86 645
36 87 809
36 88 619
36 89 666
36 90 813
36 91 959
36 92 931
36 93 732
36 94 799
36 95 971
36 96 838
36 97 629
36 98 765
36 99 907
37 0 839
37 1 531
37 2 550
37 3 823
37 4 888
37 5 613
37 6 687
37 7 905
37 8 806
37 9 702
37 10 898
37 11 532
37 12 947
37 13 637
37 14 796
37 15 804
37 16 910
37 17 929
37 18 590
37 19 1017
37 20 572
37 21 891
37 22 953
37 23 991
37 24 599
37 25 729
37 26 938
37 27 926
37 28 846
37 29 680
37 30 810
37 31 661
37 32 699
37 33 848
37 34 973
37 35 564
37 36 950
37 37 637
37 38 957
37 39 732
37 40 827
37 41 831
37 42 753
37 43 751
37 44 957
37 45 526
37 46 532
37 47 843
37 48 944
37 49 610
37 50 837
37 51 1004
37 52 989
37 53 766
37 54 972
37 55 565
37 56 983
37 57 886
37 58 980
37 59 806
37 60 542
37 61 766
37 62 956
37 63 730
37 64 591
37 65 905
37 66 782
37 67 518
37 68 519
37 69 716
37 70 738
37 71 835
37 72 523
37 73 980
37 74 562
37 75 968
37 76 995
37 77 582
37 78 788
37 79 915
37 80 681
37 81 601
37 82 896
37 83 647
37 84 856
37 85 844
37 86 700
37 87 816
37 88 707
37 89 656
37 90 598
37 91 737
37 92 911
37 93 530
37 94 956
37 95 990
37 96 924
37 97 715
37 98 996
37 99 931
38 0 919
38 1 711
38 2 743
38 3 930
38 4 668
38 5 793
38 6 875
38 7 639
38 8 864
38 9 639
38 10 531
38 11 522
38 12 729
38 13 915
38 14 657
38 15 561
38 16 736
38 17 846
38 18 866
38 19 931
38 20 991
38 21 952
38 22 645
38 23 878
38 24 970
38 25 577
38 26 845
38 27 871
38 28 781
38 29 817
38 30 779
38 31 676
38 32 1017
38 33 1010
38 34 583
38 35 661
38 36 780
38 37 946
38 38 789
38 39 620
38 40 562
38 41 808
38 42 631
38 43 779
38 44 699
38 45 776
38 46 829
38 47 924
38 48 598
38 49 671
38 50 831
38 51 565
38 52 600
38 53 964
38 54 932
38 55 547
38 56 518
38 57 753
38 58 906
38 59 787
38 60 547
38 61 661
38 62 952
38 63 540
38 64 648
38 65 1023
38 66 690
38 67 916
38 68 946
38 69 967
38 70 513
38 71 997
38 72 751
38 73 632
38 74 753
38 75 939
38 76 896
38 77 558
38 78 840
38 79 982
38 80 718
38 81 647
38 82 524
38 83 807
38 84 588
38 85 944
38 86 842
38 87 594
38 88 673
38 89 725
38 90 870
38 91 709
38 92 875
38 93 798
38 94 737
38 95 1011
38 96 798
38 97 915
38 98 903
38 99 721
39 0 859
39 1 904
39 2 694
39 3 587
39 4 512
39 5 935
39 6 1015
39 7 897
39 8 982
39 9 831
39 10 856
39 11 677
39 12 966
39 13 868
39 14 972
39 15 530
39 16 789
39 17 791
39 18 613
39 19 950
39 20 1005
39 21 972
39 22 636
39 23 856
39 24 747
39 25 861
39 26 843
39 27 522
39 28 753
39 29 722
39 30 731
39 31 589
39 32 603
39 33 913
39 34 664
39 35 604
39 36 824
39 37 655
39 38 989
39 39 783
39 40 974
39 41 821
39 42 948
39 43 917
39 44 665
39 45 897
39 46 936
39 47 943
39 48 665
39 49 526
39 50 870
39 51 646
39 52 986
39 53 994
39 54 990
39 55 710
39 56 831
39 57 809
39 58 720
39 59 561
39 60 1020
39 61 939
39 62 638
39 63 600
39 64 828
39 65 790
39 66 692
39 67 629
39 68 934
39 69 657
39 70 900
39 71 885
39 72 967
39 73 825
39 74 778
39 75 608
39 76 699
39 77 691
39 78 528
39 79 852
39 80 705
39 81 886
39 82 986
39 83 668
39 84 856
39 85 952
39 86 866
39 87 663
39 88 738
39 89 562
39 90 713
39 91 735
39 92 989
39 93 839
39 94 824
39 95 794
39 96 606
39 97 1004
39 98 911
39 99 517
40 0 638
40 1 788
40 2 890
40 3 581
40 4 590
40 5 645
40 6 678
40 7 777
40 8 824
40 9 694
40 10 605
40 11 1018
40 12 556
40 13 567
40 14 662
40 15 900
40 16 1008
40 17 1016
40 18 540
40 19 722
40 20 554
40 21 741
40 22 946
40 23 520
40 24 557
40 25 746
40 26 802
40 27 651
40 28 727
40 29 690
40 30 657
40 31 853
40 32 967
40 33 524
40 34 923
40 35 534
40 36 657
40 37 577
40 38 799
40 39 970
40 40 760
40 41 893
40 42 964
40 43 804
40 44 948
40 45 603
40 46 681
40 47 933
40 48 595
40 49 709
40 50 632
40 51 638
40 52 939
40 53 554
40 54 647
40 55 984
40 56 789
40 57 938
40 58 612
40 59 1004
40 60 605
40 61 757
40 62 834
40 63 548
40 64 769
40 65 733
40 66 570
40 67 915
40 68 798
40 69 858
40 70 862
40 71 534
40 72 727
40 73 802
40 74 827
40 75 652
40 76 894
40 77 996
40 78 561
40 79 978
40 80 682
40 81 681
40 82 592
40 83 597
40 84 724
40 85 728
40 86 558
40 87 1001
40 88 642
40 89 658
40 90 982
40 91 735
40 92 904
40 93 792
40 94 772
40 95 650
40 96 1013
40 97 830
40 98 541
40 99 788
41 0 665
41 1 891
41 2 811
41 3 880
41 4 670
41 5 614
41 6 1020
41 7 540
41 8 587
41 9 558
41 10 1006
41 11 757
41 12 727
41 13 575
41 14 843
41 15 940
41 16 792
41 17 889
41 18 918
41 19 922
41 20 523
41 21 876
41 22 634
41 23 916
41 24 645
41 25 894
41 26 542
41 27 634
41 28 701
41 29 571
41 30 911
41 31 855
41 32 951
41 33 698
41 34 711
41 35 598
41 36 800
41 37 708
41 38 627
41 39 875
41 40 754
41 41 609
41 42 609
41 43 970
41 44 673
41 45 940
41 46 886
41 47 954
41 48 805
41 49 781
41 50 852
41 51 817
41 52 634
41 53 975
41 54 710
41 55 767
41 56 846
41 57 740
41 58 890
41 59 524
41 60 800
41 61 777
41 62 867
41 63 727
41 64 963
41 65 554
41 66 814
41 67 739
41 68 751
41 69 929
41 70 591
41 71 993
41 72 515
41 73 688
41 74 939
41 75 677
41 76 605
41 77 802
41 78 607
41 79 899
41 80 559
41 81 948
41 82 693
41 83 681
41 84 899
41 85 891
41 86 936
41 87 722
41 88 607
41 89 802
41 90 734
41 91 895
41 92 556
41 93 578
41 94 599
41 95 1007
41 96 621
41 97 902
41 98 722
41 99 860
42 0 807
42 1 802
42 2 829
42 3 810
42 4 979
42 5 744
42 6 976
42 7 560
42 8 523
42 9 559
42 10 947
42 11 570
42 12 995
42 13 617
42 14 739
42 15 871
42 16 996
42 17 652
42 18 569
42 19 580
42 20 943
42 21 792
42 22 964
42 23 987
42 24 858
42 25 540
42 26 970
42 27 967
42 28 930
42 29 669
42 30 803
42 31 713
42 32 959
42 33 609
42 34 1012
42 35 914
42 36 842
42 37 965
42 38 963
42 39 853
42 40 1012
42 41 887
42 42 911
42 43 984
42 44 992
42 45 627
42 46 831
42 47 964
42 48 768
42 49 889
42 50 521
42 51 688
42 52 657
42 53 973
42 54 651
42 55 1004
42 56 1001
42 57 598
42 58 948
42 59 907
42 60 756
42 61 728
42 62 597
42 63 692
42 64 825
42 65 586
42 66 583
42 67 644
42 68 527
42 69 522
42 70 985
42 71 515
42 72 897
42 73 873
42 74 987
42 75 866
42 76 989
42 77 795
42 78 807
42 79 734
42 80 660
42 81 816
42 82 910
42 83 806
42 84 765
42 85 538
42 86 787
42 87 742
42 88 624
42 89 711
42 90 626
42 91 869
42 92 927
42 93 712
42 94 537
42 95 729
42 96 786
42 97 608
42 98 861
42 99 801
43 0 619
43 1 823
43 2 805
43 3 1005
43 4 672
43 5 769
43 6 847
43 7 638
43 8 540
43 9 630
43 10 860
43 11 689
43 12 935
43 13 746
43 14 983
43 15 676
43 16 772
43 17 746
43 18 907
43 19 885
43 20 946
43 21 1022
43 22 730
43 23 850
43 24 710
43 25 756
43 26 555
43 27 984
43 28 852
43 29 905
43 30 762
43 31 960
43 32 704
43 33 543
43 34 941
43 35 865
43 36 801
43 37 764
43 38 991
43 39 829
43 40 883
43 41 828
43 42 1007
43 43 794
43 44 550
43 45 967
43 46 959
43 47 811
43 48 690
43 49 843
43 50 673
43 51 612
43 52 841
43 53 892
43 54 950
43 55 528
43 56 624
43 57 994
43 58 1001
43 59 965
43 60 875
43 61 739
43 62 901
43 63 555
43 64 771
43 65 818
43 66 909
43 67 548
43 68 559
43 69 876
43 70 866
43 71 930
43 72 681
43 73 849
43 74 701
43 75 719
43 76 792
43 77 636
43 78 1019
43 79 970
43 80 967
43 81 668
43 82 559
43 83 785
43 84 537
43 85 997
43 86 801
43 87 649
43 88 968
43 89 778
43 90 590
43 91 819
43 92 1006
43 93 979
43 94 863
43 95 753
43 96 774
43 97 748
43 98 790
43 99 821
44 0 601
44 1 632
44 2 728
44 3 770
44 4 969
44 5 917
44 6 978
44 7 738
44 8 529
44 9 974
44 10 684
44 11 985
44 12 619
44 13 732
44 14 747
44 15 644
44 16 705
44 17 525
44 18 781
44 19 650
44 20 792
44 21 860
44 22 957
44 23 774
44 24 816
44 25 797
44 26 1016
44 27 566
44 28 522
44 29 782
44 30 876
44 31 612
44 32 902
44 33 580
44 34 871
44 35 847
44 36 986
44 37 826
44 38 562
44 39 1004
44 40 776
44 41 734
44 42 965
44 43 883
44 44 955
44 45 689
44 46 1016
44 47 636
44 48 702
44 49 774
44 50 775
44 51 982
44 52 610
44 53 708
44 54 733
44 55 914
44 56 994
44 57 725
44 58 969
44 59 1004
44 60 995
44 61 822
44 62 592
44 63 873
44 64 891
44 65 951
44 66 697
44 67 853
44 68 753
44 69 747
44 70 833
44 71 1018
44 72 970
44 73 775
44 74 878
44 75 901
44 76 952
44 77 870
44 78 514
44 79 630
44 80 620
44 81 777
44 82 589
44 83 719
44 84 974
44 85 810
44 86 609
44 87 944
44 88 512
44 89 555
44 90 925
44 91 995
44 92 866
44 93 1005
44 94 845
44 95 733
44 96 933
44 97 519
44 98 562
44 99 663
45 0 754
45 1 883
45 2 658
45 3 701
45 4 635
45 5 512
45 6 579
45 7 563
45 8 871
45 9 581
45 10 682
45 11 979
45 12 847
45 13 760
45 14 674
45 15 798
45 16 547
45 17 772
45 18 718
45 19 547
45 20 816
45 21 619
45 22 519
45 23 658
45 24 601
45 25 852
45 26 879
45 27 1023
45 28 859
45 29 930
45 30 662
45 31 590
45 32 790
45 33 808
45 34 780
45 35 913
45 36 809
45 37 847
45 38 964
45 39 656
45 40 917
45 41 623
45 42 612
45 43 741
45 44 871
45 45 775
45 46 515
45 47 906
45 48 523
45 49 722
45 50 942
45 51 828
45 52 830
45 53 949
45 54 974
45 55 919
45 56 778
45 57 830
45 58 919
45 59 614
45 60 736
45 61 558
45 62 692
45 63 1014
45 64 855
45 65 960
45 66 904
45 67 640
45 68 784
45 69 845
45 70 785
45 71 677
45 72 956
45 73 885
45 74 906
45 75 804
45 76 636
45 77 910
45 78 687
45 79 648
45 80 608
45 81 605
45 82 964
45 83 926
45 84 531
45 85 915
45 86 822
45 87 797
45 88 722
45 89 718
45 90 899
45 91 946
45 92 764
45 93 568
45 94 937
45 95 595
45 96 1016
45 97 818
45 98 724
45 99 777
46 0 639
46 1 997
46 2 942
46 3 571
46 4 858
46 5 825
46 6 864
46 7 983
46 8 712
46 9 527
46 10 608
46 11 808
46 12 620
46 13 549
46 14 711
46 15 639
46 16 952
46 17 1022
46 18 925
46 19 651
46 20 716
46 21 800
46 22 573
46 23 969
46 24 856
46 25 999
46 26 540
46 27 849
46 28 793
46 29 753
46 30 603
46 31 921
46 32 726
46 33 522
46 34 980
46 35 561
46 36 835
46 37 821
46 38 521
46 39 524
46 40 836
46 41 617
46 42 821
46 43 945
46 44 654
46 45 1020
46 46 561
46 47 583
46 48 1019
46 49 974
46 50 722
46 51 712
46 52 751
46 53 784
46 54 658
46 55 584
46 56 760
46 57 686
46 58 922
46 59 530
46 60 927
46 61 1013
46 62 939
46 63 630
46 64 1023
46 65 896
46 66 679
46 67 835
46 68 693
46 69 688
46 70 847
46 71 1017
46 72 794
46 73 644
46 74 938
46 75 937
46 76 641
46 77 988
46 78 1008
46 79 637
46 80 938
46 81 707
46 82 838
46 83 666
46 84 980
46 85 984
46 86 738
46 87 716
46 88 647
46 89 637
46 90 734
46 91 551
46 92 626
46 93 649
46 94 669
46 95 626
46 96 521
46 97 837
46 98 949
46 99 703
47 0 1014
47 1 773
47 2 696
47 3 784
47 4 906
47 5 611
47 6 697
47 7 524
47 8 576
47 9 682
47 10 649
47 11 1002
47 12 878
47 13 976
47 14 645
47 15 834
47 16 936
47 17 872
47 18 527
47 19 559
47 20 997
47 21 749
47 22 598
47 23 599
47 24 887
47 25 756
47 26 713
47 27 897
47 28 569
47 29 639
47 30 577
47 31 559
47 32 901
47 33 761
47 34 831
47 35 783
47 36 861
47 37 1017
47 38 796
47 39 925
47 40 676
47 41 934
47 42 904
47 43 530
47 44 886
47 45 526
47 46 853
47 47 798
47 48 886
47 49 868
47 50 846
47 51 859
47 52 594
47 53 933
47 54 946
47 55 970
47 56 665
47 57 636
47 58 843
47 59 722
47 60 764
47 61 908
47 62 770
47 63 641
47 64 646
47 65 578
47 66 913
47 67 996
47 68 571
47 69 686
47 70 898
47 71 736
47 72 596
47 73 779
47 74 754
47 75 970
47 76 793
47 77 584
47 78 745
47 79 655
47 80 940
47 81 568
47 82 1002
47 83 1022
47 84 989
47 85 925
47 86 969
47 87 630
47 88 538
47 89 788
47 90 841
47 91 790
47 92 673
47 93 587
47 94 920
47 95 808
47 96 653
47 97 810
47 98 781
47 99 713
48 0 984
48 1 655
48 2 937
48 3 557
48 4 923
48 5 668
48 6 1015
48 7 692
48 8 740
48 9 737
48 10 835
48 11 657
48 12 793
48 13 814
48 14 656
48 15 759
48 16 715
48 17 601
48 18 878
48 19 742
48 20 878
48 21 695
48 22 1020
48 23 528
48 24 770
48 25 917
48 26 824
48 27 912
48 28 704
48 29 582
48 30 601
48 31 664
48 32 726
48 33 515
48 34 709
48 35 625
48 36 671
48 37 701
48 38 806
48 39 900
48 40 927
48 41 618
48 42 533
48 43 697
48 44 920
48 45 677
48 46 944
48 47 612
48 48 766
48 49 798
48 50 842
48 51 621
48 52 981
48 53 839
48 54 637
48 55 728
48 56 732
48 57 949
48 58 617
48 59 925
48 60 1020
48 61 707
48 62 566
48 63 722
48 64 710
48 65 764
48 66 836
48 67 870
48 68 953
48 69 618
48 70 747
48 71 857
48 72 724
48 73 768
48 74 530
48 75 620
48 76 934
48 77 962
48 78 720
48 79 677
48 80 737
48 81 539
48 82 786
48 83 695
48 84 866
48 85 911
48 86 911
48 87 575
48 88 837
48 89 1017
48 90 988
48 91 833
48 92 700
48 93 530
48 94 531
48 95 898
48 96 782
48 97 855
48 98 745
48 99 712
49 0 962
49 1 980
49 2 545
49 3 662
49 4 725
49 5 564
49 6 770
49 7 635
49 8 1015
49 9 979
49 10 800
49 11 728
49 12 1007
49 13 562
49 14 911
49 15 849
49 16 962
49 17 799
49 18 913
49 19 775
49 20 792
49 21 877
49 22 584
49 23 981
49 24 896
49 25 604
49 26 856
49 27 655
49 28 948
49 29 577
49 30 855
49 31 886
49 32 534
49 33 889
49 34 524
49 35 747
49 36 941
49 37 783
49 38 870
49 39 933
49 40 739
49 41 647
49 42 637
49 43 722
49 44 698
49 45 525
49 46 547
49 47 636
49 48 812
49 49 948
49 50 899
49 51 581
49 52 802
49 53 972
49 54 538
49 55 674
49 56 553
49 57 883
49 58 817
49 59 989
49 60 948
49 61 649
49 62 852
49 63 971
49 64 515
49 65 864
49 66 694
49 67 944
49 68 624
49 69 541
49 70 853
49 71 851
49 72 677
49 73 979
49 74 549
49 75 863
49 76 992
49 77 585
49 78 987
49 79 781
49 80 1022
49 81 863
49 82 851
49 83 801
49 84 812
49 85 878
49 86 964
49 87 853
49 88 737
49 89 758
49 90 819
49 91 662
49 92 895
49 93 647
49 94 609
49 95 898
49 96 1000
49 97 792
49 98 819
49 99 600
50 0 821
50 1 649
50 2 940
50 3 986
50 4 605
50 5 978
50 6 826
50 7 573
50 8 539
50 9 790
50 10 843
50 11 538
50 12 629
50 13 670
50 14 828
50 15 930
50 16 524
50 17 768
50 18 759
50 19 749
50 20 1014
50 21 555
50 22 899
50 23 886
50 24 690
50 25 996
50 26 761
50 27 666
50 28 764
50 29 556
50 30 755
50 31 562
50 32 694
50 33 671
50 34 524
50 35 787
50 36 625
50 37 839
50 38 849
50 39 653
50 40 605
50 41 668
50 42 680
50 43 722
50 44 826
50 45 996
50 46 629
50 47 838
50 48 740
50 49 877
50 50 563
50 51 731
50 52 920
50 53 951
50 54 593
50 55 586
50 56 923
50 57 842
50 58 740
50 59 664
50 60 887
50 61 983
50 62 715
50 63 557
50 64 631
50 65 728
50 66 833
50 67 744
50 68 543
50 69 658
50 70 885
50 71 636
50 72 814
50 73 541
50 74 847
50 75 616
50 76 513
50 77 964
50 78 942
50 79 742
50 80 817
50 81 994
50 82 962
50 83 713
50 84 921
50 85 531
50 86 787
50 87 821
50 88 862
50 89 1016
50 90 974
50 91 726
50 92 976
50 93 665
50 94 771
50 95 583
50 96 881
50 97 581
50 98 816
50 99 912
51 0 727
51 1 677
51 2 525
51 3 517
51 4 707
51 5 860
51 6 621
51 7 709
51 8 800
51 9 540
51 10 940
51 11 594
51 12 1022
51 13 878
51 14 795
51 15 919
51 16 898
51 17 559
51 18 717
51 19 737
51 20 552
51 21 667
51 22 951
51 23 1016
51 24 820
51 25 699
51 26 576
51 27 677
51 28 768
51 29 880
51 30 566
51 31 983
51 32 534
51 33 579
51 34 988
51 35 729
51 36 928
51 37 586
51 38 926
51 39 704
51 40 614
51 41 842
51 42 786
51 43 612
51 44 697
51 45 558
51 46 1020
51 47 571
51 48 606
51 49 713
51 50 796
51 51 646
51 52 869
51 53 723
51 54 639
51 55 665
51 56 911
51 57 703
51 58 831
51 59 655
51 60 560
51 61 886
51 62 614
51 63 582
51 64 953
51 65 579
51 66 800
51 67 857
51 68 653
51 69 703
51 70 538
51 71 755
51 72 522
51 73 813
51 74 856
51 75 707
51 76 860
51 77 853
51 78 767
51 79 954
51 80 543
51 81 540
51 82 576
51 83 900
51 84 752
51 85 704
51 86 542
51 87 639
51 88 896
51 89 861
51 90 782
51 91 944
51 92 723
51 93 885
51 94 1015
51 95 653
51 96 952
51 97 792
51 98 999
51 99 581
52 0 983
52 1 514
52 2 825
52 3 994
52 4 816
52 5 658
52 6 678
52 7 652
52 8 1000
52 9 933
52 10 583
52 11 519
52 12 961
52 13 648
52 14 908
52 15 689
52 16 840
52 17 938
52 18 816
52 19 712
52 20 776
52 21 575
52 22 633
52 23 988
52 24 948
52 25 625
52 26 617
52 27 876
52 28 905
52 29 593
52 30 946
52 31 865
52 32 595
52 33 748
52 34 835
52 35 900
52 36 894
52 37 1001
52 38 528
52 39 870
52 40 911
52 41 600
52 42 878
52 43 848
52 44 736
52 45 763
52 46 514
52 47 552
52 48 677
52 49 819
52 50 753
52 51 942
52 52 882
52 53 874
52 54 906
52 55 807
52 56 988
52 57 1011
52 58 659
52 59 869
52 60 581
52 61 582
52 62 710
52 63 665
52 64 818
52 65 522
52 66 541
52 67 688
52 68 1012
52 69 558
52 70 535
52 71 899
52 72 646
52 73 902
52 74 724
52 75 871
52 76 641
52 77 727
52 78 912
52 79 807
52 80 522
52 81 641
52 82 725
52 83 893
52 84 1004
52 85 607
52 86 676
52 87 968
52 88 595
52 89 823
52 90 813
52 91 664
52 92 894
52 93 1012
52 94 818
52 95 688
52 96 1023
52 97 847
52 98 865
52 99 1012
53 0 894
53 1 888
53 2 887
53 3 517
53 4 767
53 5 588
53 6 876
53 7 896
53 8 803
53 9 764
53 10 679
53 11 813
53 12 893
53 13 893
53 14 682
53 15 874
53 16 988
53 17 846
53 18 818
53 19 560
53 20 646
53 21 608
53 22 713
53 23 516
53 24 597
53 25 1019
53 26 693
53 27 597
53 28 843
53 29 534
53 30 585
53 31 713
53 32 911
53 33 961
53 34 718
53 35 654
53 36 525
53 37 571
53 38 527
53 39 817
53 40 823
53 41 695
53 42 607
53 43 693
53 44 564
53 45 777
53 46 543
53 47 529
53 48 600
53 49 850
53 50 577
53 51 735
53 52 947
53 53 778
53 54 740
53 55 521
53 56 774
53 57 921
53 58 606
53 59 593
53 60 944
53 61 680
53 62 794
53 63 831
53 64 617
53 65 1001
53 66 974
53 67 631
53 68 548
53 69 989
53 70 936
53 71 860
53 72 661
53 73 519
53 74 529
53 75 714
53 76 785
53 77 561
53 78 731
53 79 874
53 80 900
53 81 797
53 82 585
53 83 824
53 84 552
53 85 814
53 86 833
53 87 814
53 88 712
53 89 928
53 90 895
53 91 632
53 92 584
53 93 666
53 94 951
53 95 689
53 96 643
53 97 902
53 98 808
53 99 680
54 0 868
54 1 721
54 2 516
54 3 1017
54 4 728
54 5 534
54 6 708
54 7 1001
54 8 584
54 9 927
54 10 851
54 11 972
54 12 701
54 13 925
54 14 772
54 15 741
54 16 715
54 17 582
54 18 531
54 19 915
54 20 998
54 21 914
54 22 523
54 23 559
54 24 556
54 25 963
54 26 737
54 27 688
54 28 841
54 29 522
54 30 857
54 31 686
54 32 731
54 33 862
54 34 680
54 35 947
54 36 884
54 37 876
54 38 924
54 39 956
54 40 779
54 41 752
54 42 905
54 43 968
54 44 653
54 45 654
54 46 685
54 47 856
54 48 724
54 49 705
54 50 747
54 51 699
54 52 595
54 53 759
54 54 746
54 55 640
54 56 698
54 57 971
54 58 817
54 59 516
54 60 981
54 61 650
54 62 691
54 63 688
54 64 1000
54 65 859
54 66 612
54 67 861
54 68 711
54 69 513
54 70 794
54 71 979
54 72 753
54 73 675
54 74 924
54 75 894
54 76 817
54 77 586
54 78 726
54 79 518
54 80 779
54 81 962
54 82 705
54 83 863
54 84 697
54 85 939
54 86 991
54 87 884
54 88 887
54 89 784
54 90 889
54 91 845
54 92 923
54 93 556
54 94 1021
54 95 899
54 96 904
54 97 610
54 98 736
54 99 591
55 0 611
55 1 1018
55 2 546
55 3 852
55 4 670
55 5 959
55 6 722
55 7 976
55 8 521
55 9 937
55 10 982
55 11 788
55 12 875
55 13 664
55 14 628
55 15 549
55 16 579
55 17 595
55 18 921
55 19 955
55 20 868
55 21 787
55 22 776
55 23 767
55 24 832
55 25 774
55 26 643
55 27 712
55 28 872
55 29 867
55 30 791
55 31 971
55 32 862
55 33 826
55 34 799
55 35 1020
55 36 762
55 37 1010
55 38 972
55 39 771
55 40 923
55 41 931
55 42 536
55 43 774
55 44 571
55 45 652
55 46 812
55 47 639
55 48 736
55 49 709
55 50 570
55 51 580
55 52 985
55 53 835
55 54 836
55 55 793
55 56 585
55 57 967
55 58 993
55 59 945
55 60 811
55 61 761
55 62 893
55 63 649
55 64 564
55 65 669
55 66 646
55 67 814
55 68 655
55 69 595
55 70 561
55 71 555
55 72 1014
55 73 586
55 74 817
55 75 562
55 76 726
55 77 606
55 78 689
55 79 951
55 80 803
55 81 748
55 82 1020
55 83 765
55 84 559
55 85 832
55 86 534
55 87 632
55 88 776
55 89 1016
55 90 554
55 91 563
55 92 753
55 93 935
55 94 701
55 95 805
55 96 580
55 97 836
55 98 595
55 99 724
56 0 919
56 1 645
56 2 767
56 3 910
56 4 719
56 5 561
56 6 960
56 7 934
56 8 655
56 9 625
56 10 861
56 11 947
56 12 861
56 13 857
56 14 688
56 15 908
56 16 666
56 17 711
56 18 517
56 19 930
56 20 703
56 21 559
56 22 982
56 23 944
56 24 983
56 25 659
56 26 726
56 27 540
56 28 983
56 29 809
56 30 753
56 31 879
56 32 942
56 33 1008
56 34 765
56 35 638
56 36 546
56 37 701
56 38 548
56 39 690
56 40 815
56 41 898
56 42 613
56 43 653
56 44 731
56 45 790
56 46 538
56 47 886
56 48 990
56 49 543
56 50 792
56 51 669
56 52 591
56 53 750
56 54 590
56 55 551
56 56 898
56 57 804
56 58 579
56 59 857
56 60 589
56 61 820
56 62 712
56 63 1020
56 64 805
56 65 966
56 66 634
56 67 840
56 68 643
56 69 671
56 70 1018
56 71 947
56 72 545
56 73 608
56 74 576
56 75 765
56 76 886
56 77 602
56 78 627
56 79 852
56 80 634
56 81 907
56 82 1010
56 83 713
56 84 634
56 85 576
56 86 752
56 87 1020
56 88 868
56 89 820
56 90 854
56 91 946
56 92 616
56 93 543
56 94 942
56 95 910
56 96 997
56 97 553
56 98 726
56 99 617
57 0 712
57 1 720
57 2 540
57 3 746
57 4 816
57 5 605
57 6 999
57 7 679
57 8 695
57 9 602
57 10 1020
57 11 818
57 12 998
57 13 1007
57 14 1019
57 15 609
57 16 559
57 17 748
57 18 605
57 19 916
57 20 544
57 21 948
57 22 838
57 23 649
57 24 980
57 25 757
57 26 536
57 27 953
57 28 799
57 29 750
57 30 547
57 31 1000
57 32 959
57 33 576
57 34 722
57 35 752
57 36 670
57 37 698
57 38 920
57 39 854
57 40 788
57 41 917
57 42 648
57 43 763
57 44 900
57 45 644
57 46 860
57 47 947
57 48 880
57 49 954
57 50 840
57 51 913
57 52 878
57 53 655
57 54 539
57 55 835
57 56 901
57 57 564
57 58 765
57 59 676
57 60 802
57 61 800
57 62 653
57 63 738
57 64 865
57 65 863
57 66 979
57 67 1023
57 68 537
57 69 875
57 70 853
57 71 814
57 72 768
57 73 989
57 74 554
57 75 644
57 76 609
57 77 903
57 78 568
57 79 978
57 80 833
57 81 896
57 82 868
57 83 688
57 84 528
57 85 895
57 86 1011
57 87 917
57 88 947
57 89 752
57 90 569
57 91 726
57 92 529
57 93 710
57 94 953
57 95 882
57 96 550
57 97 908
57 98 882
57 99 576
58 0 760
58 1 711
58 2 879
58 3 1016
58 4 677
58 5 922
58 6 637
58 7 775
58 8 801
58 9 693
58 10 729
58 11 610
58 12 566
58 13 574
58 14 786
58 15 582
58 16 957
58 17 774
58 18 988
58 19 881
58 20 1014
58 21 533
58 22 584
58 23 520
58 24 732
58 25 513
58 26 890
58 27 771
58 28 910
58 29 748
58 30 835
58 31 646
58 32 948
58 33 691
58 34 639
58 35 602
58 36 589
58 37 764
58 38 865
58 39 878
58 40 946
58 41 571
58 42 977
58 43 1001
58 44 633
58 45 740
58 46 560
58 47 566
58 48 1002
58 49 524
58 50 936
58 51 993
58 52 545
58 53 1008
58 54 1001
58 55 766
58 56 1010
58 57 868
58 58 513
58 59 896
58 60 593
58 61 837
58 62 518
58 63 517
58 64 1017
58 65 646
58 66 607
58 67 582
58 68 898
58 69 961
58 70 949
58 71 820
58 72 1020
58 73 902
58 74 797
58 75 629
58 76 618
58 77 846
58 78 684
58 79 597
58 80 858
58 81 597
58 82 566
58 83 891
58 84 581
58 85 543
58 86 634
58 87 568
58 88 899
58 89 636
58 90 952
58 91 981
58 92 962
58 93 959
58 94 986
58 95 955
58 96 581
58 97 570
58 98 514
58 99 968
59 0 1019
59 1 951
59 2 764
59 3 1015
59 4 830
59 5 538
59 6 621
59 7 937
59 8 872
59 9 794
59 10 1022
59 11 707
59 12 879
59 13 564
59 14 574
59 15 948
59 16 596
59 17 697
59 18 1005
59 19 984
59 20 821
59 21 933
59 22 941
59 23 760
59 24 869
59 25 904
59 26 691
59 27 939
59 28 962
59 29 694
59 30 883
59 31 957
59 32 622
59 33 624
59 34 949
59 35 940
59 36 651
59 37 547
59 38 853
59 39 1011
59 40 829
59 41 851
59 42 694
59 43 684
59 44 904
59 45 757
59 46 609
59 47 988
59 48 943
59 49 590
59 50 948
59 51 741
59 52 1012
59 53 866
59 54 989
59 55 857
59 56 746
59 57 657
59 58 772
59 59 684
59 60 839
59 61 631
59 62 618
59 63 949
59 64 744
59 65 544
59 66 866
59 67 883
59 68 579
59 69 695
59 70 871
59 71 896
59 72 523
59 73 542
59 74 557
59 75 915
59 76 788
59 77 654
59 78 880
59 79 707
59 80 733
59 81 805
59 82 936
59 83 721
59 84 647
59 85 902
59 86 555
59 87 881
59 88 535
59 89 815
59 90 542
59 91 862
59 92 935
59 93 648
59 94 788
59 95 656
59 96 681
59 97 630
59 98 515
59 99 748
60 0 814
60 1 874
60 2 621
60 3 825
60 4 904
60 5 666
60 6 717
60 7 668
60 8 809
60 9 573
60 10 863
60 11 518
60 12 866
60 13 776
60 14 728
60 15 1001
60 16 654
60 17 771
60 18 859
60 19 678
60 20 563
60 21 889
60 22 517
60 23 987
60 24 514
60 25 793
60 26 619
60 27 683
60 28 911
60 29 622
60 30 919
60 31 701
60 32 985
60 33 517
60 34 1015
60 35 865
60 36 672
60 37 708
60 38 1022
60 39 969
60 40 770
60 41 862
60 42 976
60 43 612
60 44 614
60 45 681
60 46 590
60 47 757
60 48 940
60 49 938
60 50 924
60 51 992
60 52 803
60 53 929
60 54 955
60 55 805
60 56 698
60 57 551
60 58 976
60 59 586
60 60 662
60 61 872
60 62 776
60 63 623
60 64 877
60 65 767
60 66 977
60 67 526
60 68 964
60 69 975
60 70 984
60 71 710
60 72 813
60 73 937
60 74 811
60 75 916
60 76 594
60 77 890
60 78 650
60 79 1023
60 80 804
60 81 550
60 82 991
60 83 583
60 84 967
60 85 923
60 86 877
60 87 642
60 88 963
60 89 830
60 90 716
60 91 601
60 92 678
60 93 980
60 94 713
60 95 532
60 96 724
60 97 666
60 98 546
60 99 664
61 0 618
61 1 1018
61 2 863
61 3 919
61 4 931
61 5 650
61 6 811
61 7 1013
61 8 516
61 9 950
61 10 1013
61 11 808
61 12 988
61 13 980
61 14 880
61 15 932
61 16 880
61 17 733
61 18 550
61 19 819
61 20 539
61 21 755
61 22 908
61 23 706
61 24 712
61 25 598
61 26 726
61 27 924
61 28 752
61 29 760
61 30 565
61 31 858
61 32 755
61 33 916
61 34 754
61 35 662
61 36 542
61 37 542
61 38 652
61 39 547
61 40 980
61 41 641
61 42 843
61 43 944
61 44 598
61 45 700
61 46 852
61 47 966
61 48 921
61 49 891
61 50 761
61 51 949
61 52 622
61 53 646
61 54 631
61 55 822
61 56 732
61 57 845
61 58 723
61 59 973
61 60 582
61 61 776
61 62 808
61 63 825
61 64 669
61 65 538
61 66 976
61 67 700
61 68 568
61 69 605
61 70 735
61 71 525
61 72 735
61 73 555
61 74 957
61 75 821
61 76 743
61 77 786
61 78 763
61 79 641
61 80 654
61 81 1013
61 82 566
61 83 764
61 84 636
61 85 686
61 86 563
61 87 857
61 88 1019
61 89 775
61 90 806
61 91 578
61 92 528
61 93 590
61 94 892
61 95 685
61 96 617
61 97 844
61 98 873
61 99 674
62 0 938
62 1 585
62 2 687
62 3 649
62 4 629
62 5 620
62 6 958
62 7 861
62 8 895
62 9 698
62 10 990
62 11 525
62 12 688
62 13 533
62 14 778
62 15 812
62 16 708
62 17 830
62 18 645
62 19 704
62 20 582
62 21 940
62 22 770
62 23 598
62 24 1019
62 25 638
62 26 771
62 27 612
62 28 971
62 29 621
62 30 774
62 31 885
62 32 695
62 33 949
62 34 1023
62 35 812
62 36 546
62 37 957
62 38 649
62 39 930
62 40 632
62 41 616
62 42 944
62 43 808
62 44 638
62 45 699
62 46 596
62 47 834
62 48 1018
62 49 730
62 50 514
62 51 576
62 52 646
62 53 773
62 54 662
62 55 642
62 56 899
62 57 922
62 58 742
62 59 847
62 60 519
62 61 1005
62 62 708
62 63 703
62 64 931
62 65 707
62 66 1003
62 67 966
62 68 641
62 69 629
62 70 872
62 71 761
62 72 733
62 73 792
62 74 546
62 75 860
62 76 980
62 77 631
62 78 671
62 79 974
62 80 849
62 81 673
62 82 526
62 83 984
62 84 935
62 85 676
62 86 603
62 87 810
62 88 574
62 89 833
62 90 634
62 91 582
62 92 815
62 93 830
62 94 773
62 95 722
62 96 514
62 97 753
62 98 664
62 99 644
63 0 870
63 1 513
63 2 894
63 3 580
63 4 793
63 5 928
63 6 929
63 7 750
63 8 536
63 9 576
63 10 700
63 11 874
63 12 738
63 13 714
63 14 835
63 15 649
63 16 879
63 17 926
63 18 948
63 19 942
63 20 736
63 21 558
63 22 1012
63 23 527
63 24 877
63 25 762
63 26 738
63 27 880
63 28 1004
63 29 890
63 30 1012
63 31 850
63 32 891
63 33 883
63 34 919
63 35 661
63 36 788
63 37 824
63 38 899
63 39 812
63 40 888
63 41 576
63 42 662
63 43 602
63 44 778
63 45 985
63 46 740
63 47 633
63 48 887
63 49 664
63 50 551
63 51 599
63 52 710
63 53 540
63 54 615
63 55 563
63 56 791
63 57 841
63 58 931
63 59 771
63 60 708
63 61 919
63 62 598
63 63 575
63 64 779
63 65 1005
63 66 725
63 67 543
63 68 805
63 69 601
63 70 843
63 71 670
63 72 665
63 73 993
63 74 761
63 75 932
63 76 955
63 77 989
63 78 541
63 79 819
63 80 629
63 81 581
63 82 906
63 83 827
63 84 610
63 85 1010
63 86 879
63 87 889
63 88 827
63 89 786
63 90 637
63 91 1023
63 92 682
63 93 723
63 94 575
63 95 949
63 96 704
63 97 789
63 98 980
63 99 998
64 0 878
64 1 799
64 2 644
64 3 520
64 4 769
64 5 893
64 6 940
64 7 700
64 8 859
64 9 970
64 10 1007
64 11 976
64 12 528
64 13 890
64 14 780
64 15 626
64 16 877
64 17 635
64 18 1004
64 19 680
64 20 909
64 21 617
64 22 680
64 23 568
64 24 828
64 25 743
64 26 1005
64 27 1021
64 28 1021
64 29 961
64 30 995
64 31 875
64 32 737
64 33 615
64 34 884
64 35 995
64 36 997
64 37 801
64 38 671
64 39 832
64 40 747
64 41 655
64 42 784
64 43 764
64 44 522
64 45 541
64 46 879
64 47 887
64 48 665
64 49 859
64 50 544
64 51 551
64 52 965
64 53 712
64 54 607
64 55 769
64 56 944
64 57 588
64 58 766
64 59 941
64 60 526
64 61 737
64 62 793
64 63 752
64 64 841
64 65 654
64 66 723
64 67 814
64 68 943
64 69 883
64 70 622
64 71 667
64 72 514
64 73 895
64 74 919
64 75 525
64 76 925
64 77 774
64 78 901
64 79 566
64 80 610
64 81 934
64 82 605
64 83 551
64 84 623
64 85 700
64 86 809
64 87 543
64 88 777
64 89 552
64 90 973
64 91 791
64 92 778
64 93 743
64 94 520
64 95 595
64 96 885
64 97 731
64 98 897
64 99 804
65 0 590
65 1 1008
65 2 960
65 3 593
65 4 879
65 5 856
65 6 606
65 7 781
65 8 607
65 9 996
65 10 835
65 11 705
65 12 906
65 13 928
65 14 745
65 15 1017
65 16 604
65 17 530
65 18 537
65 19 870
65 20 570
65 21 999
65 22 638
65 23 836
65 24 718
65 25 646
65 26 919
65 27 579
65 28 865
65 29 793
65 30 872
65 31 943
65 32 778
65 33 808
65 34 512
65 35 633
65 36 640
65 37 607
65 38 903
65 39 735
65 40 579
65 41 714
65 42 929
65 43 974
65 44 618
65 45 650
65 46 967
65 47 711
65 48 668
65 49 993
65 50 557
65 51 727
65 52 968
65 53 683
65 54 539
65 55 662
65 56 818
65 57 947
65 58 730
65 59 659
65 60 717
65 61 578
65 62 579
65 63 983
65 64 875
65 65 579
65 66 593
65 67 1003
65 68 675
65 69 984
65 70 715
65 71 743
65 72 674
65 73 620
65 74 693
65 75 781
65 76 759
65 77 637
65 78 980
65 79 915
65 80 606
65 81 514
65 82 619
65 83 551
65 84 686
65 85 647
65 86 701
65 87 992
65 88 571
65 89 919
65 90 627
65 91 776
65 92 986
65 93 695
65 94 736
65 95 837
65 96 763
65 97 817
65 98 816
65 99 926
66 0 778
66 1 1020
66 2 645
66 3 940
66 4 617
66 5 827
66 6 698
66 7 864
66 8 952
66 9 654
66 10 755
66 11 534
66 12 657
66 13 863
66 14 573
66 15 832
66 16 998
66 17 763
66 18 800
66 19 545
66 20 659
66 21 916
66 22 809
66 23 621
66 24 587
66 25 521
66 26 946
66 27 838
66 28 827
66 29 739
66 30 741
66 31 581
66 32 735
66 33 875
66 34 1010
66 35 840
66 36 678
66 37 684
66 38 680
66 39 606
66 40 827
66 41 924
66 42 629
66 43 972
66 44 763
66 45 691
66 46 780
66 47 737
66 48 942
66 49 557
66 50 770
66 51 578
66 52 961
66 53 556
66 54 687
66 55 525
66 56 566
66 57 609
66 58 852
66 59 881
66 60 837
66 61 569
66 62 950
66 63 548
66 64 932
66 65 937
66 66 877
66 67 586
66 68 597
66 69 534
66 70 681
66 71 912
66 72 946
66 73 798
66 74 860
66 75 686
66 76 977
66 77 617
66 78 912
66 79 896
66 80 662
66 81 659
66 82 963
66 83 600
66 84 703
66 85 626
66 86 614
66 87 758
66 88 724
66 89 954
66 90 615
66 91 537
66 92 1012
66 93 542
66 94 574
66 95 920
66 96 967
66 97 940
66 98 995
66 99 541
67 0 962
67 1 652
67 2 941
67 3 885
67 4 939
67 5 778
67 6 548
67 7 893
67 8 883
67 9 948
67 10 765
67 11 522
67 12 583
67 13 705
67 14 611
67 15 775
67 16 819
67 17 713
67 18 1021
67 19 520
67 20 644
67 21 613
67 22 545
67 23 632
67 24 644
67 25 608
67 26 528
67 27 588
67 28 524
67 29 1012
67 30 617
67 31 975
67 32 640
67 33 534
67 34 837
67 35 556
67 36 800
67 37 873
67 38 937
67 39 660
67 40 797
67 41 679
67 42 671
67 43 869
67 44 872
67 45 771
67 46 621
67 47 667
67 48 972
67 49 618
67 50 675
67 51 592
67 52 720
67 53 709
67 54 713
67 55 852
67 56 806
67 57 729
67 58 928
67 59 819
67 60 718
67 61 521
67 62 770
67 63 847
67 64 544
67 65 583
67 66 891
67 67 833
67 68 944
67 69 804
67 70 981
67 71 718
67 72 971
67 73 629
67 74 564
67 75 820
67 76 888
67 77 673
67 78 975
67 79 837
67 80 779
67 81 627
67 82 918
67 83 988
67 84 825
67 85 607
67 86 816
67 87 607
67 88 825
67 89 721
67 90 914
67 91 519
67 92 731
67 93 661
67 94 854
67 95 763
67 96 732
67 97 721
67 98 572
67 99 653
68 0 1014
68 1 530
68 2 860
68 3 962
68 4 648
68 5 912
68 6 758
68 7 513
68 8 561
68 9 710
68 10 839
68 11 829
68 12 826
68 13 734
68 14 793
68 15 627
68 16 829
68 17 586
68 18 723
68 19 631
68 20 796
68 21 613
68 22 639
68 23 1015
68 24 762
68 25 982
68 26 755
68 27 983
68 28 680
68 29 816
68 30 613
68 31 670
68 32 835
68 33 961
68 34 608
68 35 971
68 36 849
68 37 855
68 38 973
68 39 899
68 40 541
68 41 788
68 42 704
68 43 855
68 44 1010
68 45 985
68 46 970
68 47 816
68 48 548
68 49 669
68 50 935
68 51 832
68 52 771
68 53 551
68 54 823
68 55 1022
68 56 1021
68 57 555
68 58 982
68 59 677
68 60 859
68 61 571
68 62 835
68 63 670
68 64 1021
68 65 932
68 66 618
68 67 846
68 68 763
68 69 567
68 70 721
68 71 792
68 72 844
68 73 914
68 74 624
68 75 830
68 76 876
68 77 571
68 78 622
68 79 912
68 80 729
68 81 534
68 82 720
68 83 988
68 84 573
68 85 520
68 86 987
68 87 570
68 88 564
68 89 945
68 90 735
68 91 911
68 92 1005
68 93 547
68 94 558
68 95 1002
68 96 968
68 97 664
68 98 825
68 99 707
69 0 720
69 1 523
69 2 988
69 3 540
69 4 925
69 5 589
69 6 859
69 7 777
69 8 648
69 9 970
69 10 666
69 11 865
69 12 992
69 13 875
69 14 830
69 15 542
69 16 884
69 17 793
69 18 601
69 19 936
69 20 715
69 21 825
69 22 823
69 23 696
69 24 860
69 25 870
69 26 675
69 27 804
69 28 1023
69 29 988
69 30 1000
69 31 719
69 32 999
69 33 965
69 34 748
69 35 901
69 36 530
69 37 583
69 38 655
69 39 666
69 40 529
69 41 809
69 42 1019
69 43 1010
69 44 660
69 45 826
69 46 529
69 47 520
69 48 595
69 49 618
69 50 944
69 51 799
69 52 931
69 53 744
69 54 983
69 55 768
69 56 591
69 57 635
69 58 549
69 59 590
69 60 599
69 61 526
69 62 798
69 63 575
69 64 979
69 65 522
69 66 965
69 67 997
69 68 594
69 69 596
69 70 640
69 71 612
69 72 893
69 73 636
69 74 599
69 75 529
69 76 950
69 77 616
69 78 538
69 79 522
69 80 723
69 81 971
69 82 809
69 83 631
69 84 691
69 85 768
69 86 887
69 87 770
69 88 892
69 89 925
69 90 849
69 91 979
69 92 940
69 93 623
69 94 531
69 95 895
69 96 633
69 97 984
69 98 869
69 99 716
70 0 556
70 1 998
70 2 816
70 3 937
70 4 610
70 5 903
70 6 955
70 7 537
70 8 1008
70 9 982
70 10 547
70 11 707
70 12 929
70 13 844
70 14 826
70 15 597
70 16 589
70 17 690
70 18 856
70 19 969
70 20 591
70 21 681
70 22 925
70 23 1019
70 24 792
70 25 944
70 26 891
70 27 914
70 28 905
70 29 737
70 30 606
70 31 949
70 32 711
70 33 910
70 34 863
70 35 810
70 36 790
70 37 795
70 38 835
70 39 774
70 40 754
70 41 870
70 42 969
70 43 659
70 44 690
70 45 771
70 46 744
70 47 768
70 48 949
70 49 576
70 50 713
70 51 517
70 52 745
70 53 615
70 54 513
70 55 513
70 56 536
70 57 892
70 58 915
70 59 929
70 60 606
70 61 1010
70 62 855
70 63 805
70 64 896
70 65 695
70 66 591
70 67 663
70 68 979
70 69 915
70 70 925
70 71 709
70 72 761
70 73 871
70 74 856
70 75 940
70 76 618
70 77 577
70 78 685
70 79 544
70 80 641
70 81 886
70 82 550
70 83 875
70 84 990
70 85 551
70 86 877
70 87 1014
70 88 932
70 89 769
70 90 919
70 91 514
70 92 755
70 93 750
70 94 808
70 95 628
70 96 934
70 97 887
70 98 779
70 99 889
71 0 778
71 1 680
71 2 574
71 3 516
71 4 527
71 5 918
71 6 945
71 7 634
71 8 983
71 9 606
71 10 667
71 11 601
71 12 981
71 13 705
71 14 964
71 15 947
71 16 744
71 17 817
71 18 937
71 19 653
71 20 563
71 21 833
71 22 655
71 23 806
71 24 560
71 25 951
71 26 922
71 27 982
71 28 815
71 29 678
71 30 847
71 31 570
71 32 847
71 33 909
71 34 575
71 35 863
71 36 804
71 37 1008
71 38 985
71 39 763
71 40 590
71 41 629
71 42 853
71 43 547
71 44 822
71 45 793
71 46 982
71 47 543
71 48 587
71 49 896
71 50 684
71 51 639
71 52 705
71 53 828
71 54 933
71 55 753
71 56 756
71 57 832
71 58 711
71 59 547
71 60 998
71 61 534
71 62 606
71 63 821
71 64 932
71 65 669
71 66 661
71 67 712
71 68 653
71 69 622
71 70 964
71 71 732
71 72 740
71 73 793
71 74 767
71 75 538
71 76 563
71 77 726
71 78 570
71 79 639
71 80 599
71 81 743
71 82 766
71 83 792
71 84 547
71 85 676
71 86 521
71 87 792
71 88 996
71 89 721
71 90 828
71 91 971
71 92 744
71 93 922
71 94 769
71 95 652
71 96 568
71 97 918
71 98 853
71 99 709
72 0 517
72 1 794
72 2 930
72 3 745
72 4 564
72 5 673
72 6 772
72 7 615
72 8 888
72 9 830
72 10 743
72 11 975
72 12 550
72 13 997
72 14 743
72 15 586
72 16 649
72 17 753
72 18 866
72 19 622
72 20 963
72 21 670
72 22 570
72 23 683
72 24 569
72 25 827
72 26 824
72 27 625
72 28 722
72 29 654
72 30 823
72 31 727
72 32 936
72 33 729
72 34 961
72 35 988
72 36 890
72 37 709
72 38 580
72 39 755
72 40 516
72 41 811
72 42 706
72 43 554
72 44 785
72 45 938
72 46 628
72 47 923
72 48 668
72 49 983
72 50 522
72 51 607
72 52 629
72 53 580
72 54 779
72 55 686
72 56 896
72 57 580
72 58 799
72 59 594
72 60 722
72 61 598
72 62 809
72 63 635
72 64 815
72 65 746
72 66 600
72 67 682
72 68 944
72 69 668
72 70 926
72 71 948
72 72 968
72 73 609
72 74 991
72 75 730
72 76 524
72 77 596
72 78 630
72 79 680
72 80 555
72 81 640
72 82 776
72 83 673
72 84 708
72 85 532
72 86 847
72 87 580
72 88 600
72 89 623
72 90 663
72 91 811
72 92 710
72 93 960
72 94 934
72 95 1014
72 96 683
72 97 1023
72 98 673
72 99 604
73 0 668
73 1 575
73 2 528
73 3 612
73 4 673
73 5 1008
73 6 831
73 7 685
73 8 581
73 9 949
73 10 853
73 11 624
73 12 565
73 13 606
73 14 785
73 15 762
73 16 627
73 17 609
73 18 831
73 19 715
73 20 721
73 21 982
73 22 1015
73 23 920
73 24 918
73 25 925
73 26 910
73 27 578
73 28 925
73 29 560
73 30 670
73 31 569
73 32 624
73 33 687
73 34 669
73 35 785
73 36 672
73 37 989
73 38 958
73 39 741
73 40 914
73 41 788
73 42 853
73 43 967
73 44 882
73 45 615
73 46 706
73 47 998
73 48 713
73 49 513
73 50 689
73 51 922
73 52 983
73 53 680
73 54 818
73 55 878
73 56 582
73 57 705
73 58 945
73 59 995
73 60 753
73 61 591
73 62 540
73 63 865
73 64 767
73 65 698
73 66 626
73 67 927
73 68 663
73 69 560
73 70 644
73 71 554
73 72 837
73 73 986
73 74 1010
73 75 696
73 76 578
73 77 692
73 78 670
73 79 779
73 80 693
73 81 848
73 82 678
73 83 653
73 84 1016
73 85 985
73 86 1020
73 87 575
73 88 666
73 89 941
73 90 547
73 91 908
73 92 1020
73 93 576
73 94 749
73 95 764
73 96 763
73 97 864
73 98 667
73 99 915
74 0 913
74 1 800
74 2 957
74 3 726
74 4 762
74 5 943
74 6 911
74 7 829
74 8 612
74 9 557
74 10 584
74 11 794
74 12 893
74 13 751
74 14 935
74 15 886
74 16 712
74 17 931
74 18 949
74 19 867
74 20 849
74 21 985
74 22 751
74 23 845
74 24 537
74 25 989
74 26 585
74 27 788
74 28 829
74 29 741
74 30 680
74 31 719
74 32 517
74 33 613
74 34 933
74 35 768
74 36 533
74 37 820
74 38 573
74 39 634
74 40 866
74 41 646
74 42 916
74 43 735
74 44 885
74 45 828
74 46 597
74 47 574
74 48 736
74 49 523
74 50 929
74 51 561
74 52 996
74 53 656
74 54 895
74 55 1022
74 56 622
74 57 969
74 58 787
74 59 939
74 60 686
74 61 955
74 62 634
74 63 692
74 64 545
74 65 544
74 66 948
74 67 567
74 68 853
74 69 1010
74 70 689
74 71 696
74 72 632
74 73 582
74 74 919
74 75 1006
74 76 898
74 77 1005
74 78 556
74 79 611
74 80 1016
74 81 973
74 82 660
74 83 989
74 84 606
74 85 531
74 86 987
74 87 716
74 88 988
74 89 751
74 90 632
74 91 651
74 92 682
74 93 755
74 94 831
74 95 716
74 96 788
74 97 755
74 98 772
74 99 618
75 0 741
75 1 950
75 2 802
75 3 862
75 4 1020
75 5 698
75 6 844
75 7 895
75 8 679
75 9 888
75 10 994
75 11 672
75 12 838
75 13 631
75 14 637
75 15 933
75 16 651
75 17 601
75 18 625
75 19 615
75 20 840
75 21 746
75 22 755
75 23 1011
75 24 989
75 25 562
75 26 704
75 27 754
75 28 806
75 29 964
75 30 860
75 31 524
75 32 890
75 33 638
75 34 875
75 35 887
75 36 824
75 37 695
75 38 758
75 39 992
75 40 560
75 41 729
75 42 640
75 43 887
75 44 848
75 45 766
75 46 796
75 47 987
75 48 855
75 49 910
75 50 579
75 51 672
75 52 632
75 53 823
75 54 660
75 55 598
75 56 873
75 57 853
75 58 841
75 59 656
75 60 794
75 61 677
75 62 669
75 63 660
75 64 804
75 65 521
75 66 524
75 67 605
75 68 704
75 69 770
75 70 573
75 71 753
75 72 988
75 73 702
75 74 616
75 75 812
75 76 956
75 77 900
75 78 776
75 79 788
75 80 787
75 81 844
75 82 949
75 83 908
75 84 643
75 85 586
75 86 995
75 87 1005
75 88 927
75 89 812
75 90 637
75 91 697
75 92 977
75 93 795
75 94 846
75 95 758
75 96 804
75 97 859
75 98 851
75 99 997
76 0 606
76 1 913
76 2 726
76 3 570
76 4 591
76 5 831
76 6 871
76 7 523
76 8 708
76 9 623
76 10 800
76 11 983
76 12 956
76 13 725
76 14 868
76 15 575
76 16 800
76 17 839
76 18 556
76 19 704
76 20 627
76 21 682
76 22 890
76 23 581
76 24 966
76 25 713
76 26 827
76 27 746
76 28 548
76 29 655
76 30 720
76 31 642
76 32 544
76 33 935
76 34 700
76 35 623
76 36 742
76 37 548
76 38 635
76 39 939
76 40 660
76 41 924
76 42 898
76 43 592
76 44 626
76 45 742
76 46 655
76 47 914
76 48 558
76 49 699
76 50 594
76 51 673
76 52 870
76 53 972
76 54 743
76 55 812
76 56 661
76 57 546
76 58 535
76 59 697
76 60 690
76 61 743
76 62 828
76 63 722
76 64 654
76 65 1016
76 66 834
76 67 885
76 68 541
76 69 958
76 70 800
76 71 689
76 72 858
76 73 675
76 74 769
76 75 972
76 76 906
76 77 912
76 78 863
76 79 952
76 80 588
76 81 945
76 82 602
76 83 947
76 84 893
76 85 833
76 86 735
76 87 531
76 88 868
76 89 758
76 90 717
76 91 535
76 92 990
76 93 521
76 94 745
76 95 621
76 96 514
76 97 556
76 98 994
76 99 543
77 0 1002
77 1 771
77 2 720
77 3 837
77 4 934
77 5 978
77 6 786
77 7 816
77 8 867
77 9 625
77 10 745
77 11 944
77 12 546
77 13 835
77 14 867
77 15 928
77 16 645
77 17 578
77 18 948
77 19 1002
77 20 825
77 21 641
77 22 513
77 23 791
77 24 650
77 25 747
77 26 900
77 27 652
77 28 791
77 29 871
77 30 684
77 31 770
77 32 618
77 33 893
77 34 583
77 35 528
77 36 847
77 37 857
77 38 833
77 39 690
77 40 970
77 41 554
77 42 611
77 43 1005
77 44 878
77 45 966
77 46 910
77 47 1011
77 48 521
77 49 834
77 50 989
77 51 834
77 52 963
77 53 991
77 54 602
77 55 590
77 56 714
77 57 991
77 58 731
77 59 993
77 60 838
77 61 903
77 62 739
77 63 945
77 64 773
77 65 811
77 66 961
77 67 596
77 68 644
77 69 771
77 70 775
77 71 591
77 72 813
77 73 874
77 74 572
77 75 668
77 76 816
77 77 970
77 78 655
77 79 825
77 80 781
77 81 621
77 82 636
77 83 720
77 84 589
77 85 727
77 86 799
77 87 791
77 88 694
77 89 1018
77 90 760
77 91 1021
77 92 898
77 93 988
77 94 942
77 95 647
77 96 775
77 97 880
77 98 731
77 99 908
78 0 627
78 1 995
78 2 987
78 3 929
78 4 845
78 5 536
78 6 574
78 7 638
78 8 995
78 9 718
78 10 952
78 11 752
78 12 827
78 13 565
78 14 961
78 15 905
78 16 780
78 17 736
78 18 672
78 19 962
78 20 731
78 21 921
78 22 959
78 23 605
78 24 886
78 25 878
78 26 740
78 27 637
78 28 734
78 29 960
78 30 522
78 31 850
78 32 931
78 33 997
78 34 756
78 35 753
78 36 1022
78 37 818
78 38 880
78 39 993
78 40 512
78 41 808
78 42 722
78 43 828
78 44 861
78 45 660
78 46 709
78 47 617
78 48 885
78 49 870
78 50 556
78 51 592
78 52 767
78 53 1004
78 54 685
78 55 629
78 56 858
78 57 914
78 58 755
78 59 569
78 60 851
78 61 765
78 62 908
78 63 759
78 64 739
78 65 641
78 66 1000
78 67 738
78 68 948
78 69 856
78 70 708
78 71 949
78 72 641
78 73 918
78 74 753
78 75 990
78 76 555
78 77 951
78 78 584
78 79 928
78 80 798
78 81 628
78 82 1008
78 83 542
78 84 609
78 85 670
78 86 660
78 87 956
78 88 561
78 89 904
78 90 1014
78 91 900
78 92 645
78 93 898
78 94 635
78 95 873
78 96 516
78 97 612
78 98 588
78 99 952
79 0 956
79 1 784
79 2 877
79 3 573
79 4 679
79 5 607
79 6 540
79 7 722
79 8 535
79 9 613
79 10 626
79 11 821
79 12 729
79 13 611
79 14 851
79 15 827
79 16 769
79 17 999
79 18 759
79 19 818
79 20 879
79 21 749
79 22 695
79 23 1013
79 24 624
79 25 818
79 26 863
79 27 628
79 28 918
79 29 939
79 30 556
79 31 851
79 32 700
79 33 921
79 34 913
79 35 867
79 36 1017
79 37 941
79 38 566
79 39 528
79 40 530
79 41 681
79 42 837
79 43 748
79 44 780
79 45 665
79 46 552
79 47 526
79 48 640
79 49 799
79 50 833
79 51 1008
79 52 524
79 53 1016
79 54 998
79 55 637
79 56 810
79 57 838
79 58 753
79 59 705
79 60 753
79 61 798
79 62 533
79 63 942
79 64 695
79 65 934
79 66 785
79 67 689
79 68 852
79 69 839
79 70 705
79 71 871
79 72 1008
79 73 518
79 74 596
79 75 765
79 76 671
79 77 636
79 78 779
79 79 800
79 80 923
79 81 588
79 82 785
79 83 936
79 84 580
79 85 759
79 86 549
79 87 879
79 88 573
79 89 791
79 90 561
79 91 815
79 92 565
79 93 582
79 94 733
79 95 749
79 96 1005
79 97 1007
79 98 926
79 99 833
80 0 823
80 1 607
80 2 680
80 3 807
80 4 613
80 5 764
80 6 548
80 7 773
80 8 888
80 9 816
80 10 549
80 11 788
80 12 892
80 13 823
80 14 700
80 15 961
80 16 558
80 17 738
80 18 817
80 19 620
80 20 1017
80 21 867
80 22 924
80 23 559
80 24 938
80 25 634
80 26 796
80 27 919
80 28 617
80 29 698
80 30 728
80 31 928
80 32 793
80 33 896
80 34 712
80 35 895
80 36 637
80 37 749
80 38 645
80 39 1013
80 40 541
80 41 683
80 42 778
80 43 922
80 44 994
80 45 967
80 46 860
80 47 529
80 48 682
80 49 654
80 50 637
80 51 676
80 52 1009
80 53 538
80 54 723
80 55 923
80 56 660
80 57 1007
80 58 818
80 59 765
80 60 682
80 61 522
80 62 670
80 63 964
80 64 907
80 65 870
80 66 835
80 67 520
80 68 596
80 69 968
80 70 1022
80 71 625
80 72 628
80 73 777
80 74 524
80 75 598
80 76 720
80 77 872
80 78 615
80 79 890
80 80 1014
80 81 741
80 82 542
80 83 1000
80 84 767
80 85 754
80 86 899
80 87 916
80 88 737
80 89 694
80 90 658
80 91 908
80 92 705
80 93 816
80 94 848
80 95 588
80 96 663
80 97 659
80 98 597
80 99 747
81 0 604
81 1 596
81 2 861
81 3 721
81 4 862
81 5 873
81 6 807
81 7 558
81 8 721
81 9 910
81 10 937
81 11 712
81 12 628
81 13 968
81 14 688
81 15 883
81 16 698
81 17 564
81 18 776
81 19 924
81 20 746
81 21 922
81 22 808
81 23 940
81 24 714
81 25 633
81 26 1017
81 27 866
81 28 781
81 29 591
81 30 589
81 31 874
81 32 675
81 33 938
81 34 571
81 35 514
81 36 787
81 37 866
81 38 561
81 39 997
81 40 753
81 41 986
81 42 685
81 43 869
81 44 931
81 45 862
81 46 729
81 47 606
81 48 914
81 49 993
81 50 1019
81 51 637
81 52 891
81 53 804
81 54 553
81 55 582
81 56 925
81 57 546
81 58 936
81 59 682
81 60 625
81 61 1014
81 62 532
81 63 789
81 64 928
81 65 591
81 66 791
81 67 692
81 68 945
81 69 840
81 70 665
81 71 675
81 72 803
81 73 839
81 74 520
81 75 711
81 76 677
81 77 738
81 78 805
81 79 567
81 80 708
81 81 800
81 82 693
81 83 576
81 84 580
81 85 734
81 86 646
81 87 993
81 88 769
81 89 559
81 90 652
81 91 883
81 92 549
81 93 672
81 94 648
81 95 966
81 96 751
81 97 928
81 98 634
81 99 673
82 0 745
82 1 788
82 2 837
82 3 525
82 4 603
82 5 846
82 6 724
82 7 769
82 8 560
82 9 1017
82 10 825
82 11 757
82 12 793
82 13 1006
82 14 821
82 15 862
82 16 717
82 17 956
82 18 832
82 19 975
82 20 1003
82 21 972
82 22 834
82 23 529
82 24 620
82 25 971
82 26 984
82 27 860
82 28 875
82 29 595
82 30 1022
82 31 597
82 32 872
82 33 835
82 34 610
82 35 963
82 36 657
82 37 822
82 38 708
82 39 706
82 40 815
82 41 1021
82 42 951
82 43 585
82 44 1004
82 45 748
82 46 936
82 47 697
82 48 681
82 49 744
82 50 648
82 51 661
82 52 692
82 53 971
82 54 678
82 55 801
82 56 918
82 57 639
82 58 638
82 59 770
82 60 722
82 61 637
82 62 855
82 63 570
82 64 961
82 65 953
82 66 1022
82 67 594
82 68 751
82 69 707
82 70 789
82 71 543
82 72 705
82 73 716
82 74 617
82 75 686
82 76 953
82 77 529
82 78 871
82 79 610
82 80 762
82 81 1008
82 82 760
82 83 943
82 84 955
82 85 926
82 86 721
82 87 850
82 88 542
82 89 847
82 90 596
82 91 753
82 92 973
82 93 939
82 94 811
82 95 910
82 96 868
82 97 810
82 98 992
82 99 596
83 0 1006
83 1 758
83 2 628
83 3 687
83 4 963
83 5 733
83 6 861
83 7 893
83 8 751
83 9 709
83 10 992
83 11 1002
83 12 694
83 13 728
83 14 921
83 15 626
83 16 631
83 17 618
83 18 964
83 19 661
83 20 954
83 21 536
83 22 902
83 23 903
83 24 964
83 25 690
83 26 789
83 27 808
83 28 988
83 29 758
83 30 893
83 31 970
83 32 1004
83 33 1009
83 34 634
83 35 944
83 36 719
83 37 984
83 38 813
83 39 959
83 40 669
83 41 781
83 42 937
83 43 852
83 44 997
83 45 835
83 46 966
83 47 605
83 48 941
83 49 906
83 50 754
83 51 872
83 52 931
83 53 632
83 54 752
83 55 871
83 56 810
83 57 517
83 58 656
83 59 775
83 60 764
83 61 525
83 62 722
83 63 745
83 64 1023
83 65 844
83 66 665
83 67 719
83 68 805
83 69 967
83 70 654
83 71 962
83 72 724
83 73 568
83 74 791
83 75 698
83 76 891
83 77 733
83 78 791
83 79 809
83 80 616
83 81 522
83 82 657
83 83 524
83 84 642
83 85 897
83 86 883
83 87 941
83 88 903
83 89 516
83 90 693
83 91 643
83 92 530
83 93 903
83 94 876
83 95 529
83 96 724
83 97 518
83 98 737
83 99 1017
84 0 973
84 1 879
84 2 956
84 3 674
84 4 936
84 5 723
84 6 861
84 7 803
84 8 945
84 9 629
84 10 588
84 11 537
84 12 639
84 13 734
84 14 550
84 15 769
84 16 608
84 17 921
84 18 687
84 19 999
84 20 926
84 21 868
84 22 619
84 23 944
84 24 747
84 25 984
84 26 961
84 27 960
84 28 991
84 29 674
84 30 953
84 31 940
84 32 530
84 33 885
84 34 591
84 35 954
84 36 585
84 37 940
84 38 734
84 39 1018
84 40 545
84 41 810
84 42 532
84 43 672
84 44 521
84 45 570
84 46 930
84 47 617
84 48 980
84 49 594
84 50 593
84 51 882
84 52 951
84 53 701
84 54 802
84 55 675
84 56 661
84 57 740
84 58 611
84 59 628
84 60 903
84 61 540
84 62 545
84 63 922
84 64 914
84 65 624
84 66 852
84 67 987
84 68 541
84 69 562
84 70 982
84 71 574
84 72 861
84 73 1002
84 74 735
84 75 871
84 76 548
84 77 642
84 78 977
84 79 1017
84 80 725
84 81 547
84 82 875
84 83 652
84 84 736
84 85 653
84 86 815
84 87 885
84 88 882
84 89 914
84 90 1002
84 91 761
84 92 943
84 93 523
84 94 659
84 95 834
84 96 635
84 97 1000
84 98 798
84 99 664
85 0 539
85 1 756
85 2 727
85 3 889
85 4 735
85 5 951
85 6 736
85 7 772
85 8 570
85 9 690
85 10 765
85 11 783
85 12 725
85 13 616
85 14 923
85 15 949
85 16 758
85 17 714
85 18 811
85 19 616
85 20 605
85 21 789
85 22 866
85 23 525
85 24 800
85 25 1013
85 26 847
85 27 924
85 28 990
85 29 621
85 30 565
85 31 1017
85 32 865
85 33 780
85 34 882
85 35 577
85 36 708
85 37 595
85 38 837
85 39 766
85 40 774
85 41 578
85 42 525
85 43 987
85 44 682
85 45 936
85 46 912
85 47 929
85 48 627
85 49 699
85 50 522
85 51 721
85 52 977
85 53 876
85 54 734
85 55 753
85 56 866
85 57 557
85 58 653
85 59 832
85 60 667
85 61 707
85 62 826
85 63 1021
85 64 975
85 65 684
85 66 574
85 67 660
85 68 768
85 69 899
85 70 914
85 71 518
85 72 965
85 73 927
85 74 994
85 75 624
85 76 840
85 77 883
85 78 530
85 79 956
85 80 558
85 81 540
85 82 654
85 83 1023
85 84 904
85 85 876
85 86 753
85 87 747
85 88 922
85 89 895
85 90 555
85 91 565
85 92 578
85 93 869
85 94 562
85 95 530
85 96 530
85 97 625
85 98 678
85 99 787
86 0 1012
86 1 569
86 2 794
86 3 954
86 4 985
86 5 764
86 6 555
86 7 801
86 8 623
86 9 573
86 10 734
86 11 670
86 12 601
86 13 876
86 14 670
86 15 994
86 16 729
86 17 912
86 18 717
86 19 627
86 20 783
86 21 761
86 22 681
86 23 849
86 24 607
86 25 732
86 26 868
86 27 625
86 28 845
86 29 523
86 30 901
86 31 833
86 32 580
86 33 671
86 34 764
86 35 541
86 36 924
86 37 807
86 38 831
86 39 523
86 40 868
86 41 541
86 42 682
86 43 958
86 44 906
86 45 841
86 46 929
86 47 612
86 48 729
86 49 622
86 50 727
86 51 1000
86 52 872
86 53 897
86 54 826
86 55 967
86 56 605
86 57 670
86 58 569
86 59 939
86 60 682
86 61 958
86 62 748
86 63 750
86 64 606
86 65 1001
86 66 779
86 67 1018
86 68 784
86 69 586
86 70 518
86 71 628
86 72 616
86 73 688
86 74 563
86 75 1011
86 76 1017
86 77 980
86 78 599
86 79 723
86 80 579
86 81 815
86 82 699
86 83 939
86 84 688
86 85 1014
86 86 882
86 87 782
86 88 661
86 89 940
86 90 697
86 91 831
86 92 874
86 93 934
86 94 557
86 95 968
86 96 911
86 97 825
86 98 963
86 99 672
87 0 900
87 1 969
87 2 788
87 3 1005
87 4 634
87 5 840
87 6 992
87 7 628
87 8 796
87 9 568
87 10 839
87 11 863
87 12 871
87 13 515
87 14 778
87 15 536
87 16 1017
87 17 637
87 18 807
87 19 654
87 20 553
87 21 993
87 22 974
87 23 916
87 24 903
87 25 1019
87 26 861
87 27 791
87 28 821
87 29 800
87 30 951
87 31 697
87 32 745
87 33 716
87 34 678
87 35 868
87 36 532
87 37 647
87 38 984
87 39 816
87 40 703
87 41 800
87 42 656
87 43 551
87 44 803
87 45 923
87 46 576
87 47 797
87 48 536
87 49 871
87 50 939
87 51 578
87 52 840
87 53 890
87 54 982
87 55 720
87 56 886
87 57 819
87 58 1000
87 59 683
87 60 596
87 61 927
87 62 868
87 63 829
87 64 620
87 65 523
87 66 674
87 67 641
87 68 658
87 69 634
87 70 945
87 71 850
87 72 923
87 73 578
87 74 889
87 75 702
87 76 989
87 77 953
87 78 987
87 79 1013
87 80 801
87 81 903
87 82 568
87 83 618
87 84 769
87 85 526
87 86 826
87 87 631
87 88 834
87 89 803
87 90 803
87 91 918
87 92 706
87 93 648
87 94 724
87 95 815
87 96 659
87 97 886
87 98 944
87 99 806
88 0 1009
88 1 866
88 2 633
88 3 908
88 4 932
88 5 1011
88 6 587
88 7 897
88 8 941
88 9 550
88 10 887
88 11 718
88 12 942
88 13 944
88 14 824
88 15 688
88 16 958
88 17 627
88 18 808
88 19 769
88 20 918
88 21 587
88 22 664
88 23 601
88 24 723
88 25 876
88 26 904
88 27 871
88 28 739
88 29 825
88 30 654
88 31 724
88 32 667
88 33 775
88 34 609
88 35 575
88 36 762
88 37 684
88 38 961
88 39 679
88 40 722
88 41 825
88 42 886
88 43 641
88 44 746
88 45 687
88 46 817
88 47 681
88 48 802
88 49 601
88 50 938
88 51 697
88 52 677
88 53 578
88 54 787
88 55 889
88 56 942
88 57 668
88 58 736
88 59 658
88 60 981
88 61 879
88 62 870
88 63 624
88 64 630
88 65 967
88 66 688
88 67 881
88 68 628
88 69 626
88 70 537
88 71 838
88 72 940
88 73 911
88 74 968
88 75 662
88 76 575
88 77 761
88 78 831
88 79 866
88 80 851
88 81 745
88 82 539
88 83 1016
88 84 812
88 85 815
88 86 881
88 87 731
88 88 971
88 89 594
88 90 877
88 91 928
88 92 961
88 93 723
88 94 528
88 95 568
88 96 667
88 97 705
88 98 937
88 99 783
89 0 819
89 1 963
89 2 598
89 3 735
89 4 851
89 5 542
89 6 885
89 7 914
89 8 792
89 9 692
89 10 756
89 11 619
89 12 926
89 13 784
89 14 611
89 15 714
89 16 575
89 17 981
89 18 933
89 19 522
89 20 551
89 21 787
89 22 938
89 23 1000
89 24 999
89 25 955
89 26 544
89 27 642
89 28 636
89 29 970
89 30 914
89 31 943
89 32 909
89 33 1001
89 34 655
89 35 737
89 36 520
89 37 516
89 38 627
89 39 800
89 40 697
89 41 872
89 42 907
89 43 600
89 44 632
89 45 1007
89 46 803
89 47 696
89 48 964
89 49 713
89 50 706
89 51 1004
89 52 988
89 53 621
89 54 980
89 55 963
89 56 553
89 57 1013
89 58 582
89 59 677
89 60 959
89 61 985
89 62 597
89 63 845
89 64 962
89 65 740
89 66 558
89 67 970
89 68 745
89 69 673
89 70 747
89 71 931
89 72 522
89 73 630
89 74 1019
89 75 642
89 76 614
89 77 799
89 78 826
89 79 555
89 80 1000
89 81 1021
89 82 535
89 83 964
89 84 619
89 85 1004
89 86 904
89 87 660
89 88 993
89 89 974
89 90 825
89 91 928
89 92 935
89 93 911
89 94 750
89 95 874
89 96 627
89 97 796
89 98 820
89 99 861
90 0 958
90 1 544
90 2 768
90 3 968
90 4 662
90 5 764
90 6 587
90 7 765
90 8 540
90 9 902
90 10 809
90 11 516
90 12 899
90 13 833
90 14 969
90 15 1007
90 16 813
90 17 849
90 18 643
90 19 782
90 20 800
90 21 957
90 22 687
90 23 712
90 24 844
90 25 925
90 26 562
90 27 959
90 28 698
90 29 871
90 30 797
90 31 632
90 32 903
90 33 542
90 34 577
90 35 542
90 36 795
90 37 652
90 38 796
90 39 823
90 40 530
90 41 581
90 42 827
90 43 918
90 44 902
90 45 773
90 46 901
90 47 692
90 48 598
90 49 520
90 50 962
90 51 887
90 52 965
90 53 625
90 54 575
90 55 786
90 56 527
90 57 626
90 58 722
90 59 713
90 60 986
90 61 1007
90 62 834
90 63 866
90 64 525
90 65 899
90 66 896
90 67 808
90 68 527
90 69 669
90 70 607
90 71 546
90 72 739
90 73 923
90 74 953
90 75 618
90 76 672
90 77 830
90 78 798
90 79 759
90 80 839
90 81 736
90 82 622
90 83 781
90 84 850
90 85 686
90 86 544
90 87 865
90 88 800
90 89 754
90 90 555
90 91 762
90 92 737
90 93 877
90 94 604
90 95 751
90 96 752
90 97 989
90 98 536
90 99 768
91 0 635
91 1 632
91 2 803
91 3 862
91 4 531
91 5 732
91 6 968
91 7 692
91 8 539
91 9 742
91 10 939
91 11 867
91 12 966
91 13 538
91 14 625
91 15 793
91 16 712
91 17 657
91 18 635
91 19 1000
91 20 899
91 21 678
91 22 739
91 23 613
91 24 531
91 25 832
91 26 852
91 27 772
91 28 798
91 29 876
91 30 517
91 31 921
91 32 996
91 33 808
91 34 759
91 35 1016
91 36 517
91 37 704
91 38 684
91 39 545
91 40 934
91 41 599
91 42 900
91 43 877
91 44 625
91 45 1014
91 46 646
91 47 826
91 48 647
91 49 770
91 50 803
91 51 523
91 52 936
91 53 518
91 54 624
91 55 956
91 56 839
91 57 964
91 58 705
91 59 613
91 60 817
91 61 710
91 62 1023
91 63 789
91 64 1007
91 65 759
91 66 781
91 67 1012
91 68 951
91 69 954
91 70 533
91 71 861
91 72 530
91 73 922
91 74 715
91 75 643
91 76 912
91 77 850
91 78 958
91 79 535
91 80 596
91 81 737
91 82 546
91 83 1020
91 84 743
91 85 659
91 86 953
91 87 559
91 88 599
91 89 634
91 90 660
91 91 904
91 92 832
91 93 660
91 94 670
91 95 815
91 96 907
91 97 940
91 98 804
91 99 834
92 0 870
92 1 825
92 2 672
92 3 888
92 4 724
92 5 875
92 6 1020
92 7 612
92 8 701
92 9 954
92 10 636
92 11 785
92 12 667
92 13 671
92 14 782
92 15 899
92 16 818
92 17 711
92 18 947
92 19 905
92 20 833
92 21 584
92 22 786
92 23 642
92 24 732
92 25 945
92 26 946
92 27 615
92 28 861
92 29 726
92 30 937
92 31 708
92 32 528
92 33 585
92 34 572
92 35 740
92 36 949
92 37 569
92 38 841
92 39 626
92 40 1012
92 41 965
92 42 899
92 43 656
92 44 612
92 45 658
92 46 531
92 47 918
92 48 857
92 49 967
92 50 800
92 51 667
92 52 527
92 53 562
92 54 798
92 55 747
92 56 995
92 57 720
92 58 850
92 59 833
92 60 935
92 61 764
92 62 517
92 63 952
92 64 838
92 65 578
92 66 668
92 67 763
92 68 635
92 69 998
92 70 878
92 71 623
92 72 939
92 73 754
92 74 768
92 75 527
92 76 900
92 77 788
92 78 934
92 79 733
92 80 731
92 81 710
92 82 889
92 83 746
92 84 761
92 85 664
92 86 981
92 87 733
92 88 873
92 89 808
92 90 543
92 91 784
92 92 548
92 93 548
92 94 712
92 95 875
92 96 614
92 97 869
92 98 615
92 99 738
93 0 843
93 1 981
93 2 850
93 3 759
93 4 711
93 5 594
93 6 775
93 7 587
93 8 870
93 9 685
93 10 809
93 11 577
93 12 884
93 13 675
93 14 811
93 15 622
93 16 827
93 17 769
93 18 843
93 19 676
93 20 553
93 21 874
93 22 948
93 23 590
93 24 911
93 25 637
93 26 953
93 27 1014
93 28 995
93 29 544
93 30 728
93 31 815
93 32 1014
93 33 555
93 34 550
93 35 701
93 36 637
93 37 814
93 38 776
93 39 996
93 40 987
93 41 562
93 42 549
93 43 848
93 44 725
93 45 849
93 46 958
93 47 528
93 48 594
93 49 778
93 50 692
93 51 635
93 52 629
93 53 617
93 54 713
93 55 517
93 56 743
93 57 643
93 58 1019
93 59 715
93 60 676
93 61 724
93 62 1018
93 63 666
93 64 767
93 65 545
93 66 855
93 67 893
93 68 848
93 69 608
93 70 865
93 71 812
93 72 658
93 73 903
93 74 636
93 75 871
93 76 729
93 77 571
93 78 888
93 79 811
93 80 837
93 81 556
93 82 935
93 83 955
93 84 662
93 85 625
93 86 960
93 87 894
93 88 757
93 89 956
93 90 585
93 91 921
93 92 657
93 93 580
93 94 563
93 95 912
93 96 614
93 97 906
93 98 782
93 99 950
94 0 1003
94 1 624
94 2 738
94 3 637
94 4 1016
94 5 862
94 6 997
94 7 721
94 8 922
94 9 861
94 10 1020
94 11 736
94 12 906
94 13 932
94 14 667
94 15 545
94 16 534
94 17 604
94 18 927
94 19 779
94 20 537
94 21 1000
94 22 676
94 23 682
94 24 557
94 25 728
94 26 571
94 27 659
94 28 611
94 29 841
94 30 585
94 31 590
94 32 953
94 33 811
94 34 716
94 35 945
94 36 650
94 37 689
94 38 643
94 39 548
94 40 527
94 41 640
94 42 772
94 43 922
94 44 548
94 45 928
94 46 955
94 47 570
94 48 1020
94 49 858
94 50 838
94 51 533
94 52 835
94 53 1002
94 54 704
94 55 880
94 56 706
94 57 763
94 58 515
94 59 805
94 60 580
94 61 589
94 62 884
94 63 1022
94 64 888
94 65 576
94 66 944
94 67 515
94 68 753
94 69 563
94 70 551
94 71 769
94 72 691
94 73 812
94 74 667
94 75 728
94 76 716
94 77 598
94 78 787
94 79 713
94 80 945
94 81 601
94 82 735
94 83 757
94 84 580
94 85 927
94 86 613
94 87 774
94 88 666
94 89 617
94 90 556
94 91 734
94 92 694
94 93 928
94 94 733
94 95 559
94 96 992
94 97 653
94 98 562
94 99 722
95 0 705
95 1 602
95 2 979
95 3 885
95 4 902
95 5 623
95 6 589
95 7 594
95 8 710
95 9 864
95 10 795
95 11 632
95 12 954
95 13 1018
95 14 877
95 15 1022
95 16 922
95 17 979
95 18 773
95 19 564
95 20 572
95 21 817
95 22 787
95 23 755
95 24 722
95 25 1008
95 26 803
95 27 690
95 28 638
95 29 853
95 30 901
95 31 832
95 32 943
95 33 857
95 34 693
95 35 822
95 36 968
95 37 770
95 38 904
95 39 655
95 40 611
95 41 676
95 42 775
95 43 541
95 44 671
95 45 628
95 46 540
95 47 569
95 48 584
95 49 801
95 50 622
95 51 645
95 52 594
95 53 897
95 54 888
95 55 805
95 56 882
95 57 668
95 58 983
95 59 1008
95 60 1009
95 61 861
95 62 816
95 63 929
95 64 694
95 65 997
95 66 727
95 67 639
95 68 744
95 69 608
95 70 782
95 71 844
95 72 773
95 73 534
95 74 874
95 75 932
95 76 651
95 77 902
95 78 990
95 79 723
95 80 679
95 81 588
95 82 856
95 83 762
95 84 974
95 85 721
95 86 543
95 87 832
95 88 877
95 89 1015
95 90 816
95 91 863
95 92 852
95 93 609
95 94 769
95 95 523
95 96 583
95 97 985
95 98 651
95 99 815
96 0 569
96 1 922
96 2 636
96 3 830
96 4 944
96 5 998
96 6 739
96 7 571
96 8 876
96 9 706
96 10 783
96 11 531
96 12 783
96 13 615
96 14 781
96 15 733
96 16 825
96 17 812
96 18 541
96 19 679
96 20 803
96 21 846
96 22 518
96 23 632
96 24 944
96 25 776
96 26 644
96 27 1015
96 28 737
96 29 783
96 30 807
96 31 794
96 32 681
96 33 931
96 34 601
96 35 601
96 36 905
96 37 829
96 38 661
96 39 758
96 40 1023
96 41 932
96 42 777
96 43 782
96 44 524
96 45 535
96 46 1003
96 47 837
96 48 836
96 49 521
96 50 1004
96 51 616
96 52 856
96 53 1011
96 54 736
96 55 776
96 56 763
96 57 868
96 58 767
96 59 988
96 60 628
96 61 551
96 62 759
96 63 797
96 64 971
96 65 848
96 66 887
96 67 853
96 68 654
96 69 525
96 70 587
96 71 653
96 72 945
96 73 853
96 74 923
96 75 957
96 76 876
96 77 903
96 78 771
96 79 689
96 80 913
96 81 752
96 82 793
96 83 745
96 84 739
96 85 1018
96 86 1009
96 87 991
96 88 863
96 89 753
96 90 956
96 91 979
96 92 793
96 93 691
96 94 753
96 95 740
96 96 516
96 97 616
96 98 569
96 99 658
97 0 629
97 1 645
97 2 800
97 3 551
97 4 986
97 5 700
97 6 997
97 7 839
97 8 579
97 9 745
97 10 1016
97 11 981
97 12 985
97 13 786
97 14 702
97 15 701
97 16 780
97 17 688
97 18 668
97 19 619
97 20 930
97 21 601
97 22 575
97 23 700
97 24 780
97 25 816
97 26 929
97 27 785
97 28 920
97 29 987
97 30 932
97 31 526
97 32 608
97 33 708
97 34 566
97 35 571
97 36 896
97 37 540
97 38 898
97 39 964
97 40 773
97 41 891
97 42 921
97 43 734
97 44 653
97 45 600
97 46 923
97 47 921
97 48 777
97 49 568
97 50 517
97 51 684
97 52 657
97 53 580
97 54 872
97 55 926
97 56 884
97 57 777
97 58 688
97 59 781
97 60 740
97 61 596
97 62 796
97 63 837
97 64 793
97 65 851
97 66 896
97 67 666
97 68 879
97 69 771
97 70 606
97 71 628
97 72 638
97 73 1016
97 74 850
97 75 780
97 76 593
97 77 750
97 78 678
97 79 859
97 80 807
97 81 684
97 82 519
97 83 952
97 84 752
97 85 880
97 86 855
97 87 613
97 88 634
97 89 519
97 90 883
97 91 863
97 92 604
97 93 655
97 94 676
97 95 886
97 96 995
97 97 549
97 98 528
97 99 850
98 0 808
98 1 623
98 2 967
98 3 935
98 4 616
98 5 794
98 6 692
98 7 698
98 8 520
98 9 858
98 10 533
98 11 815
98 12 518
98 13 541
98 14 744
98 15 759
98 16 909
98 17 576
98 18 860
98 19 520
98 20 584
98 21 720
98 22 871
98 23 677
98 24 863
98 25 524
98 26 539
98 27 835
98 28 562
98 29 556
98 30 661
98 31 859
98 32 667
98 33 604
98 34 771
98 35 771
98 36 887
98 37 951
98 38 957
98 39 895
98 40 786
98 41 979
98 42 687
98 43 793
98 44 1008
98 45 920
98 46 528
98 47 894
98 48 985
98 49 877
98 50 903
98 51 545
98 52 573
98 53 750
98 54 710
98 55 925
98 56 763
98 57 738
98 58 736
98 59 813
98 60 782
98 61 886
98 62 648
98 63 937
98 64 979
98 65 907
98 66 685
98 67 842
98 68 835
98 69 619
98 70 714
98 71 597
98 72 574
98 73 890
98 74 878
98 75 559
98 76 786
98 77 895
98 78 942
98 79 747
98 80 748
98 81 821
98 82 781
98 83 810
98 84 548
98 85 980
98 86 712
98 87 799
98 88 694
98 89 936
98 90 589
98 91 964
98 92 799
98 93 726
98 94 878
98 95 754
98 96 610
98 97 540
98 98 573
98 99 934
99 0 647
99 1 775
99 2 1019
99 3 710
99 4 641
99 5 874
99 6 758
99 7 916
99 8 745
99 9 676
99 10 639
99 11 982
99 12 985
99 13 909
99 14 769
99 15 1022
99 16 865
99 17 969
99 18 797
99 19 535
99 20 882
99 21 875
99 22 988
99 23 657
99 24 578
99 25 843
99 26 900
99 27 677
99 28 871
99 29 961
99 30 587
99 31 1007
99 32 712
99 33 583
99 34 694
99 35 842
99 36 945
99 37 940
99 38 734
99 39 667
99 40 593
99 41 861
99 42 626
99 43 555
99 44 747
99 45 883
99 46 553
99 47 588
99 48 828
99 49 839
99 50 612
99 51 687
99 52 691
99 53 576
99 54 832
99 55 757
99 56 908
99 57 709
99 58 922
99 59 756
99 60 646
99 61 998
99 62 740
99 63 846
99 64 557
99 65 922
99 66 665
99 67 990
99 68 839
99 69 887
99 70 634
99 71 921
99 72 724
99 73 748
99 74 964
99 75 960
99 76 608
99 77 1005
99 78 524
99 79 924
99 80 820
99 81 624
99 82 588
99 83 999
99 84 689
99 85 908
99 86 733
99 87 573
99 88 593
99 89 632
99 90 817
99 91 728
99 92 606
99 93 533
99 94 551
99 95 651
99 96 944
99 97 704
99 98 618
99 99 760
