500 500 3770
0 119 990.997
0 132 458.679
0 165 356.591
0 231 394.844
0 330 1052.93
0 456 319.119
0 483 341.981
1 67 409.975
1 201 598.58
1 287 511.765
1 309 475.445
1 403 547.951
1 404 522.072
1 446 572.825
1 469 879.518
2 207 268.573
2 244 245.129
2 361 119.505
2 447 122.451
2 482 116.822
3 86 305.352
3 93 512.702
3 162 372.003
3 257 540.73
3 372 336.19
3 377 295.254
4 308 785.191
4 343 832.579
4 385 413.031
4 393 708.801
4 396 548.079
4 401 378.605
4 492 705.749
5 26 921.255
5 69 390.245
5 172 536.977
5 332 330.361
5 347 350.344
5 366 472.681
5 376 575.081
5 421 422.256
5 466 363.801
6 12 167.407
6 59 118.667
6 97 320.987
6 112 153.041
6 140 157.541
6 260 177.088
6 267 198.008
6 397 227.969
6 490 138.621
7 48 577.606
7 219 342.518
7 239 689.838
7 253 403.412
7 406 420.874
8 26 390.147
8 172 2125.93
8 332 597.309
8 347 588.58
8 349 379.035
8 366 356.327
8 461 313.565
9 79 301.719
9 88 88.4988
9 233 71.0437
9 256 64.3021
9 299 47.513
9 402 98.554
9 430 56.5301
9 449 61.1756
9 464 60.808
10 14 73.0092
10 131 265.031
10 149 75.613
10 151 131.749
10 159 87.0373
10 249 74.943
10 254 79.9056
10 291 131.728
10 311 98.4836
10 318 357.074
10 331 81.5612
10 335 98.9518
10 338 106.462
10 348 152.42
10 354 108.518
10 384 82.2327
10 412 81.2275
10 427 75.1633
10 470 71.5162
11 307 410.126
11 399 688.576
11 417 372.879
12 37 401.65
12 58 230.335
12 113 227.02
12 120 172.709
12 184 681.963
12 221 1457.14
12 224 329.74
12 252 327.341
12 381 166.664
12 447 265.746
12 482 286.525
13 19 464.643
13 38 419.029
13 238 160.678
13 263 218.223
13 324 281.796
13 365 657.138
13 373 223.916
13 445 162.706
14 184 375.401
14 207 436.74
14 244 619.268
14 447 620.821
14 482 559.535
15 11 19.3326
15 93 23.5407
15 162 115.584
15 229 24.656
15 257 18.6813
15 300 21.6116
15 372 45.7902
15 394 20.2272
15 490 17.3082
16 126 677.584
16 178 581.782
16 186 683.654
16 310 600.255
16 363 442.142
16 400 475.59
17 10 393.625
17 87 1813.04
17 115 819.854
17 163 535.554
17 205 640.397
17 212 398.705
17 250 471.473
17 340 446.452
17 408 533.038
17 424 24832.5
17 460 397.853
17 481 414.758
18 53 88.437
18 56 80.1001
18 79 652.513
18 81 76.9283
18 88 101.592
18 233 142.351
18 256 143.231
18 299 85.6817
18 387 79.3338
18 402 110.408
18 449 153.32
18 464 85.0797
19 17 651.82
19 200 672.497
19 240 692.387
19 362 575.08
19 390 439.157
20 14 119.895
20 121 240.028
20 130 126.089
20 149 150.479
20 185 182.787
20 337 120.952
20 341 99.6559
20 351 120.386
20 360 264.953
20 370 101.718
20 471 172.957
20 478 109.463
21 1 541.897
21 81 619.216
21 202 378.262
21 228 20803.3
21 256 306.709
21 259 324.492
21 299 311.592
21 327 301.03
21 387 543.741
21 450 321.174
21 452 588.52
22 125 241.334
22 190 297.793
22 275 167.638
22 312 323.861
22 453 261.371
22 476 221.852
23 45 152.643
23 71 185.816
23 84 230.536
23 89 159.027
23 177 111.748
23 259 110.943
23 271 568.326
23 450 104.384
24 12 383.116
24 18 459.834
24 139 534.352
24 260 633.166
24 355 435.2
24 380 374.141
24 397 453.542
25 6 530.61
25 48 960.061
25 52 635.644
25 219 1874.25
25 239 935.643
25 326 450.78
25 406 956.101
25 420 534.304
25 438 440.34
26 86 39.8024
26 93 91.491
26 162 58.6886
26 257 88.4501
26 372 55.4808
26 377 45.3933
27 60 354.42
27 147 200.634
27 255 4135.06
27 290 368.848
27 329 242.394
27 339 358.485
27 423 240.725
28 25 1284.38
28 107 167.114
28 161 192.726
28 286 100.609
28 333 226.595
28 350 164.683
29 42 355.409
29 50 417.928
29 67 684.125
29 110 341.335
29 196 1086.87
29 242 432.081
29 287 1012.44
29 288 412.359
29 361 477.985
29 404 828.846
29 446 562.427
30 80 418.922
30 166 511.832
30 290 450.786
30 304 426.274
30 329 568.181
30 382 425.674
30 423 757.871
30 486 480.081
31 34 419.228
31 69 308.023
31 158 652.727
31 301 484.75
31 455 336.958
31 457 423.821
32 85 804.852
32 208 267.211
32 261 396.109
32 269 446.441
32 419 2552.44
32 495 253.074
33 120 60.1688
33 184 38.8662
33 221 31.3819
33 258 39.2423
33 342 47.6608
33 381 90.6521
34 125 664.523
34 190 413.157
34 241 690.216
34 275 821.789
34 312 780.536
34 453 675.808
34 476 443.07
35 4 574.084
35 82 470.957
35 160 596.163
35 181 514.81
35 273 574.066
35 456 448.659
35 472 421.999
36 26 970.492
36 61 567.805
36 69 871.991
36 158 490.797
36 376 1207.52
36 421 919.966
36 466 573.104
37 44 93.855
37 117 68.6375
37 127 118.809
37 188 70.8374
37 248 428.404
37 352 69.4649
37 461 88.2399
37 466 88.2232
37 467 125.667
37 489 98.6876
38 22 112.91
38 178 192.652
38 369 194.178
38 496 141.933
39 32 421.225
39 80 468.605
39 166 1203.05
39 304 496.068
39 382 732.311
39 423 353.651
39 439 351.073
39 486 927.432
40 106 65.5286
40 292 132.653
40 308 63.699
40 343 66.5309
40 385 75.3458
40 393 58.6101
40 396 591.286
41 53 135.187
41 173 267.357
41 319 213.681
41 398 333.651
41 454 174.276
42 123 558.691
42 207 487.087
42 210 485.547
42 226 446.588
42 244 427.826
42 258 598.238
42 276 424.202
42 325 441.181
42 447 421.298
42 499 602.596
43 13 423.266
43 31 360.292
43 40 361.627
43 284 309.593
44 1 337.721
44 228 281.013
44 259 351.785
44 271 286.39
44 327 250.547
44 450 322.816
45 24 298.085
45 206 258.843
45 303 277.682
45 305 502.383
45 374 279.473
45 429 404.873
45 468 1056.14
46 292 489.075
46 343 334.422
46 385 666.82
46 393 401.131
46 396 1390.53
47 235 74.832
47 323 47.5311
47 358 16.9241
47 494 11.02
48 79 173.642
48 88 293.333
48 233 147.86
48 256 119.199
48 261 120.186
48 269 102.629
48 299 119.25
48 402 450.948
48 430 149.708
48 464 100.768
48 495 119.495
49 46 286.341
49 230 407.085
50 45 608.451
50 71 523.031
50 84 740.623
50 89 572.273
50 177 414.551
50 259 579.995
50 271 1141.26
50 327 415.626
50 450 533.722
51 80 330.926
51 166 393.765
51 290 265.932
51 304 255.708
51 329 282.462
51 382 288.791
51 423 407.509
51 439 251.28
51 486 376.013
52 120 92.782
52 123 88.7341
52 226 94.6717
52 258 226.533
52 325 124.5
52 381 113.299
52 499 101.95
53 154 179.404
53 223 210.123
53 409 270.197
53 417 88.6352
53 493 152.924
54 129 6447.46
54 144 386.702
54 170 516.18
54 220 1074.41
54 245 2394.25
54 278 389.701
54 283 425.374
54 302 430.388
54 346 352.607
54 363 603.336
54 414 554.711
54 444 340.802
55 4 434.177
55 47 413.518
55 65 1158.16
55 108 363.428
55 117 433.599
55 146 674.746
55 160 444.676
55 181 552.955
55 359 507.301
55 456 386.964
56 30 97.805
56 86 128.91
56 257 89.1385
56 377 104.141
56 422 139.78
56 437 82.4306
57 81 10.9348
57 228 11.0086
57 233 8.90149
57 256 8.61693
57 259 26.8057
57 299 13.3957
57 327 30.6891
57 387 12.47
57 450 30.4578
58 71 448.218
58 271 391.204
58 413 427.281
59 42 247.272
59 67 415.969
59 196 357.271
59 242 230.221
59 287 3136.21
59 288 255.943
59 361 244.376
59 403 246.484
59 404 781.644
59 446 801.361
60 70 43.7388
60 95 49.2547
60 99 52.9608
60 168 61.7575
60 294 44.5717
60 320 127.355
60 425 108.356
60 487 93.2836
61 17 427.602
61 95 214.293
61 240 425.801
61 294 321.32
61 362 195.036
62 68 2.73255
62 72 2.91536
62 97 2.63206
62 140 5.6513
62 229 2.76017
62 267 5.54161
62 300 6.05718
62 372 3.17161
62 377 2.90558
62 490 12.5079
63 44 232.531
63 127 243.35
63 172 186.03
63 248 569.262
63 421 209.758
63 461 292.184
63 466 284.435
63 467 228.177
63 489 210.17
64 41 398.394
64 47 346.103
64 66 320.75
64 108 425.518
64 150 482.742
64 264 355.162
64 337 642.692
64 351 458.85
64 359 330.016
64 483 346.862
65 37 481.766
65 120 654.403
65 184 2179.45
65 221 1063.9
65 224 450.034
65 252 555.009
65 342 497.67
65 381 652.572
65 447 534.516
65 482 543.234
66 46 510.485
66 55 441.515
66 59 369.648
66 217 473.957
66 491 493.205
67 37 207.164
67 120 230.273
67 184 683.841
67 221 380.747
67 224 187.944
67 244 192.166
67 252 204.907
67 342 184.709
67 381 245.808
67 447 358.384
67 482 356.463
68 0 528.389
68 167 565.207
68 226 481.351
68 258 1902.43
68 325 893.183
68 381 433.69
68 499 437.485
69 46 339.534
69 110 261.012
69 242 250.677
69 405 254.539
70 102 31.3061
70 111 26.5314
70 116 37.7133
70 135 29.9364
70 249 23.05
70 266 20.5425
70 274 22.3958
70 279 22.319
70 338 22.0328
70 354 26.3836
70 388 19.3811
70 427 40.0971
70 442 28.4254
70 485 26.7223
71 51 536.075
71 165 466.991
71 231 438.768
71 272 360.011
71 303 341.472
71 345 1024.26
71 356 490.307
71 378 291.789
72 142 366.324
72 255 336.324
72 290 881.25
72 329 260.883
72 423 456.136
73 50 337.318
73 100 410.617
73 105 425.066
73 110 396.353
73 180 407.315
73 242 1126.71
73 288 1095.8
73 405 583.247
74 23 933.115
74 41 409.462
74 44 446.296
74 66 446.427
74 171 1232.68
74 188 434.345
74 264 515.862
74 352 721.79
75 123 370.453
75 207 641.336
75 210 399.467
75 244 329.162
75 276 330.31
75 297 280.762
75 499 349.02
76 46 367.376
76 55 254.415
76 59 193.684
76 217 242.527
76 491 352.369
77 25 50.2292
77 448 147.419
78 96 318.808
78 154 309.2
78 223 410.252
78 409 517.792
78 417 322.031
78 493 403.086
79 96 193.91
79 123 508.979
79 155 542.364
79 210 609.691
79 226 266.505
79 276 1126.47
79 297 1052.5
79 379 219.291
79 477 628.043
79 499 363.193
80 2 431.665
80 16 655.669
80 130 351.725
80 141 415.639
80 206 498.968
80 341 413.483
80 374 441.704
80 392 435.483
80 433 451.781
80 436 733.083
80 441 378.604
80 474 511.398
81 76 369.388
81 192 909.863
81 199 684.925
81 204 701.016
81 435 1825.24
81 498 538.098
82 94 51.2251
82 176 62.9657
82 243 171.985
82 475 47.8599
83 25 521.771
83 107 683.192
83 161 941.916
83 286 359.52
83 333 771.695
83 350 1520.09
84 1 20.4718
84 70 30.8875
84 202 25.8948
84 459 55.9917
85 56 290.596
85 204 311.142
85 235 500.214
85 323 435.849
85 434 403.763
85 494 357.765
86 176 303.024
86 243 241.041
86 247 236.735
86 473 565.056
87 13 452.257
87 31 244.005
87 118 234.617
87 191 252.023
87 192 426.614
87 199 242.314
87 204 311.146
87 284 283.19
87 435 346.293
88 126 431.748
88 170 517.906
88 178 471.914
88 186 493.836
88 310 486.329
88 363 795.522
89 17 352.685
89 99 569.649
89 111 331.276
89 240 345.397
89 306 626.611
89 362 569.714
89 442 275.945
89 487 237.652
90 166 321.431
90 290 388.542
90 329 536.033
90 423 743.843
90 486 306.17
91 369 350.999
91 374 270.56
91 433 323.068
91 441 564.753
91 448 326
91 474 359.466
91 496 427.93
92 70 264.908
92 95 260.251
92 202 246.767
92 425 267.784
92 459 300.613
93 1 2040.72
93 202 274.242
93 228 380.181
93 452 266.281
94 131 29.8798
94 159 22.6777
94 249 52.7926
94 254 25.0203
94 318 35.3637
94 338 167.03
94 354 69.495
94 427 54.4698
94 432 28.7083
95 119 467.016
95 132 626.147
95 165 693.441
95 231 629.422
95 272 1354.9
95 345 432.202
95 351 367.316
95 378 426.921
95 483 633.973
96 0 511.011
96 96 914.264
96 155 379.709
96 226 423.257
96 325 358.968
96 409 472.216
96 477 376.2
96 493 476.893
97 78 312.961
97 136 459.954
97 151 314.508
97 291 322.383
97 292 368.44
97 298 329.025
97 311 335.841
97 316 460.725
97 321 1381.15
97 331 414.897
97 335 380.422
97 384 427.235
97 412 353.779
97 470 502.166
98 26 568.801
98 69 433.221
98 172 439.381
98 347 417.665
98 366 11498.7
98 376 500.787
98 410 421.048
99 12 202.07
99 18 343.527
99 139 208.925
99 260 332.959
99 397 252.606
100 13 570.733
100 62 333.114
100 118 520.906
100 191 586.451
100 192 563.708
100 199 344.815
100 284 679.584
100 435 351.469
101 29 382.344
101 193 598.098
101 280 1480.24
101 289 410.198
101 324 791.851
101 365 471.89
101 416 608.281
101 458 594.376
102 153 228.896
102 194 207.873
102 201 640.988
102 309 591.104
102 403 251.045
102 469 1013.54
103 131 14.2206
103 249 48.138
103 254 13.7661
103 318 16.0869
103 338 72.0045
103 354 33.5395
103 427 52.8658
103 432 18.5788
104 86 216.274
104 93 294.491
104 162 168.455
104 257 363.961
104 372 169.568
104 377 178.843
105 42 263.04
105 50 439.237
105 67 408.407
105 110 275.338
105 196 857.473
105 242 220.337
105 287 255.06
105 361 933.035
105 404 302.828
106 86 479.274
106 169 1179.82
106 422 424.479
107 79 630.373
107 88 282.801
107 233 191.659
107 256 172.206
107 299 131.629
107 402 314.65
107 430 173.458
107 449 164.469
107 464 183.463
108 82 309.879
108 119 281.924
108 273 244.45
108 330 334.208
108 456 234.064
109 23 199.816
109 33 244.504
109 152 202.68
109 187 212.187
109 249 216.444
109 254 211.453
109 352 176.617
109 368 506.656
109 432 452.438
110 60 600.34
110 147 554.221
110 255 182.415
110 339 497.553
110 357 232.242
110 480 156.781
111 53 146.555
111 56 102.238
111 79 57.1756
111 398 53.6998
111 434 50.6855
111 449 188.711
112 19 290.039
112 38 374.303
112 235 501.222
112 238 458.09
112 263 381.656
112 323 540.886
112 358 2664.69
112 445 302.847
113 5 1002.66
113 104 683.608
113 153 586.889
113 163 417.384
113 211 724.604
113 214 5049.71
113 251 541.873
113 268 897.026
113 282 526.721
113 309 436.389
113 336 643.716
113 460 565.62
114 42 721.677
114 67 688.823
114 196 408.417
114 287 554.808
114 379 714.621
114 404 803.608
114 446 488.5
114 469 414.117
115 9 304.956
115 29 428.773
115 193 401.363
115 213 458.556
115 215 280.715
115 237 516.471
115 280 397.585
115 289 257.42
115 451 486.855
116 128 1036.18
116 230 608.017
116 328 458.756
116 462 328.877
117 27 139.555
117 100 270.721
117 105 272.897
117 180 260.736
117 216 340.15
117 293 146.611
117 395 337.842
117 405 135.139
118 26 303.201
118 69 381.946
118 158 230.985
118 366 236.831
118 376 368.221
119 56 335.739
119 79 612.306
119 88 463.767
119 233 278.663
119 402 446.202
119 430 371.965
119 434 319.933
119 449 366.645
119 464 726.845
119 498 340.945
120 12 472.483
120 55 495.433
120 59 461.839
120 83 905.692
120 112 385.796
120 113 375.8
120 217 393.523
120 260 361.599
120 265 838.905
120 314 2522.1
120 355 654.481
120 397 366.26
121 17 374.135
121 200 429.546
121 240 396.362
121 362 354.255
121 390 281.373
122 14 299.166
122 121 371.623
122 149 417.845
122 185 443.019
122 316 175.171
122 331 172.22
122 348 168.821
122 360 310.225
122 384 165.371
122 412 207.913
122 471 433.478
122 478 218.8
123 87 379.273
123 91 726.257
123 154 677.021
123 223 483.092
123 296 367.402
123 409 376.06
123 410 383.682
124 0 168.259
124 96 226.638
124 123 554.148
124 155 612.447
124 210 419.547
124 226 337.337
124 276 550.024
124 297 4184.04
124 325 179.548
124 379 169.97
124 477 1635.81
124 499 430.573
125 3 62.7956
125 21 98.7839
125 34 60.641
125 101 87.1225
125 195 58.3736
125 218 112.326
125 236 85.5456
125 281 126.675
125 301 93.173
126 16 398.848
126 206 417.761
126 305 392.498
126 369 553.326
126 374 636.556
126 433 871.6
126 441 3326.43
126 474 1173.37
126 496 733.006
127 61 315.503
127 65 306.614
127 117 358.275
127 127 255.617
127 143 753.77
127 181 313.791
127 489 286.446
128 157 619.396
128 168 355.377
128 274 317.981
128 385 1041.7
128 388 368.494
128 393 471.178
128 396 309.911
129 80 228.716
129 142 209.688
129 255 221.065
129 290 444.005
129 329 283.73
129 423 747.872
130 70 300.399
130 95 119.272
130 157 117.388
130 168 167.998
130 320 250.642
130 425 642.54
130 459 197.843
130 487 182.546
131 4 687.54
131 65 371.344
131 108 504.114
131 146 1655.58
131 160 655.144
131 330 502.334
131 359 575.159
131 456 938.894
132 46 29.2324
132 128 30.5079
132 230 59.249
133 4 243.155
133 65 239.147
133 160 256.441
133 181 466.536
134 87 583.191
134 91 1181.47
134 115 613.396
134 154 436.055
134 205 447.885
134 296 424.45
134 349 572.754
134 410 831.654
134 424 460.092
135 95 183.521
135 173 39.12
135 294 97.458
136 308 185.51
136 343 194.089
136 385 94.939
136 393 172.753
136 396 118.46
136 401 95.2579
136 492 201.763
137 235 330.025
137 238 179.598
137 323 415.456
137 358 260.082
138 42 461.347
138 123 494.654
138 207 704.475
138 210 746.688
138 276 588.617
138 297 411.086
138 379 407.165
138 477 356.788
138 499 413.683
139 85 44.6173
139 419 53.6391
140 33 282.429
140 49 258.451
140 90 5779.63
140 103 258.805
140 152 344.512
140 187 309.217
140 307 276.982
141 31 349.858
141 270 323.086
142 4 204.615
142 82 1166.86
142 160 199.782
142 273 529.858
142 456 217.717
143 98 240.921
143 99 301.299
143 102 362.925
143 111 1509.11
143 116 516.901
143 135 293.558
143 279 333.917
143 306 945.875
143 362 302.131
143 418 276.038
143 442 873.363
143 485 272.926
144 128 1232.52
144 230 857.711
144 328 492.689
144 462 491.832
145 32 295.052
145 39 236.334
145 153 233.487
145 194 215.577
145 315 648.532
146 35 520.805
146 80 385.882
146 142 1260.11
146 290 471.084
146 295 452.539
146 423 391.138
146 439 398.872
147 18 332.367
147 68 344.759
147 114 529.478
147 473 489.268
148 14 197.337
148 121 440.764
148 130 211.729
148 149 232.924
148 185 313.56
148 337 185.011
148 341 168.974
148 351 186.585
148 360 498.49
148 370 166.712
148 471 294.302
148 478 167.928
149 117 35.1441
149 127 60.2079
149 188 31.6111
149 248 24.1572
149 466 17.9962
149 467 347.436
149 489 56.4263
150 9 528.473
150 29 182.593
150 73 278.322
150 145 186.948
150 215 315.275
150 237 273.234
150 443 504.804
150 451 200.438
151 5 162.265
151 32 174.926
151 80 187.802
151 166 262.476
151 211 288.944
151 268 225.013
151 340 168.95
151 382 212.505
151 439 167.908
151 486 294.535
152 13 346.06
152 31 441.568
152 204 178.105
153 123 410.24
153 148 562.131
153 155 844.782
153 210 467.489
153 276 571.483
153 297 563.873
153 379 512.37
153 477 536.58
153 499 359.853
154 1 279.261
154 70 328.98
154 202 604.906
154 452 307.818
154 459 490.144
155 17 24.8328
155 95 42.0062
155 240 24.3783
155 294 53.7889
156 46 400.293
156 50 165.414
156 110 258.087
156 242 153.513
156 491 138.481
157 6 182.595
157 52 170.716
157 109 261.66
157 134 194.321
157 219 122.649
157 326 365.823
157 411 218.625
157 420 155.889
157 480 165.448
158 53 388
158 56 672.857
158 79 299.402
158 434 306.999
158 449 598.639
158 464 233.97
159 92 469.566
159 142 373.22
159 197 500.898
159 295 667.471
159 455 308.24
159 497 744.295
160 50 161.097
160 55 171.836
160 265 212.415
160 314 152.755
160 491 262.026
161 19 1105.26
161 38 854.764
161 137 355.616
161 238 348.339
161 263 406.855
161 289 365.398
161 324 341.747
161 358 411.861
161 365 540.529
161 465 368.677
162 45 543.08
162 84 413.192
162 89 588.076
162 177 1305.47
162 271 296.8
163 139 98.6185
163 232 78.0986
163 380 136.95
164 42 786.528
164 67 443.217
164 196 323.264
164 207 686.91
164 210 386.893
164 276 349.753
164 361 506.597
164 379 403.466
164 404 331.253
165 22 239.464
165 43 167.049
165 124 335.722
165 141 174.716
165 203 220.576
165 278 149.722
165 298 409.46
165 364 1088.08
166 36 98.7654
166 106 37.5714
166 308 49.7718
166 313 77.6683
166 343 48.0674
166 346 31.4151
166 401 40.5195
167 5 174.866
167 104 113.815
167 163 137.433
167 211 58.0321
167 214 86.2285
167 251 65.684
167 268 91.6113
167 282 97.6131
167 336 95.3751
167 340 59.219
167 460 261.72
167 481 62.7146
168 44 404.96
168 61 367.52
168 117 470.076
168 127 984.187
168 188 465.139
168 248 980.604
168 461 360.41
168 466 460.107
168 467 1180.71
168 489 758.526
169 7 24.1615
169 36 31.1443
169 144 27.4123
169 179 32.1211
169 220 23.974
169 245 26.1446
169 302 81.0561
169 313 37.8962
169 346 190.303
169 371 31.2067
169 414 38.0109
169 431 58.962
169 444 24.5862
170 17 529.071
170 95 468.342
170 240 524.112
170 294 677.942
171 126 550.344
171 186 2730.24
171 310 4627.75
171 363 256.296
171 400 280.482
172 14 111.517
172 43 107.99
172 78 176.4
172 121 292.455
172 130 105.255
172 136 111.938
172 141 82.6513
172 185 192.159
172 316 91.4641
172 331 78.9922
172 341 165.757
172 360 233.016
172 412 89.248
172 471 177.817
173 8 10.6955
173 120 13.4203
173 167 16.8699
173 222 14.3755
173 225 12.1365
173 258 15.9836
173 325 12.6334
173 342 13.4116
173 381 16.1102
173 383 14.0896
174 19 333.276
174 38 271.853
174 198 296.178
174 280 415.088
174 324 1068.64
174 365 524.324
174 373 413.48
174 407 439.238
174 416 458.599
174 458 675.005
175 184 466.344
175 207 431.951
175 221 381.11
175 244 616.953
175 447 719.371
175 482 649.911
176 17 188.838
176 95 147.227
176 99 332.917
176 168 136.593
176 240 180.656
176 294 169.207
176 306 159.749
176 320 170.722
176 362 177.31
176 425 142.048
176 487 177.571
177 53 321.564
177 74 774.006
177 173 477.38
177 183 433.393
177 277 432.097
177 319 1049.31
177 398 434.941
177 426 305.8
177 454 10787.8
177 484 489.435
177 494 317.227
178 16 603.986
178 206 496.764
178 369 545.316
178 374 700.473
178 433 971.703
178 436 481.644
178 441 1728.56
178 474 4237.53
178 496 708.691
179 2 142.569
179 51 175.351
179 119 144.302
179 132 142.699
179 165 308.879
179 231 253.72
179 272 689.775
179 345 219.758
179 356 138.825
179 378 252.045
179 483 139.409
180 53 669.235
180 56 488.791
180 74 630.077
180 319 537.306
180 398 601.065
180 449 424.113
180 454 794.016
180 484 900.157
180 494 551.787
181 9 132.552
181 29 151.777
181 145 94.3726
181 193 68.7512
181 213 65.6356
181 215 79.2958
181 237 158.216
181 386 89.262
181 443 66.7736
181 451 78.528
182 5 195.676
182 32 170.37
182 153 325.332
182 211 605.505
182 214 250.627
182 268 276.14
182 315 235.294
183 12 717.561
183 59 425.488
183 83 1117.16
183 112 424.305
183 113 415.933
183 139 614.626
183 260 836.56
183 265 420.069
183 314 621.166
183 355 2318.89
183 397 651.888
184 87 360.826
184 91 1147.27
184 115 344.817
184 154 491.973
184 223 437.721
184 296 416.701
184 349 415.63
184 410 458.522
185 85 240.77
185 259 204.081
185 261 235.353
185 269 226.653
185 299 241.949
185 327 279.07
185 419 362.771
185 450 217.616
186 106 1163.51
186 124 1000.4
186 170 416.584
186 203 713.893
186 278 587.671
186 292 655.264
186 298 448.318
186 364 506.122
187 6 285.839
187 48 4923.19
187 52 322.2
187 195 323.216
187 219 573.368
187 239 808.946
187 253 405.226
187 406 1420.75
187 420 295.94
187 438 288.24
188 76 349.731
188 192 2720.57
188 199 759.207
188 204 500.422
188 435 844.595
188 498 410.099
189 70 640.631
189 202 625.008
189 425 409.71
189 459 1158.2
190 80 468.148
190 142 269.348
190 166 293.127
190 290 340.769
190 423 419.475
190 439 366.683
190 486 309.58
191 28 140.047
191 128 190.857
191 182 156.638
191 230 184.496
191 328 652.246
191 391 181.19
192 30 502.415
192 93 353.305
192 257 367.853
192 377 721.388
192 490 339.337
193 41 452.584
193 47 1296.39
193 65 248.897
193 66 544.305
193 108 331.222
193 117 250.062
193 146 258.182
193 171 241.148
193 188 449.909
193 359 443.902
193 467 242.263
194 49 659.922
194 98 923.786
194 103 867.635
194 133 648.511
194 279 457.862
194 389 1662.65
194 390 476.351
194 418 670.853
194 479 760.386
195 91 290.758
195 154 1013.86
195 223 639.445
195 409 527.707
195 417 260.966
195 493 396.643
196 43 1324.57
196 78 1785.07
196 121 439.929
196 136 1072.98
196 141 709.15
196 185 434.366
196 298 672.584
196 316 436.196
196 321 494.971
196 341 609.268
196 360 405.824
196 436 411.354
196 471 430.407
197 151 418.559
197 292 424.39
197 311 543.831
197 335 488.982
197 385 708.787
197 396 573.299
197 470 694.213
198 61 510.015
198 117 362.742
198 127 642.552
198 143 355.618
198 248 628.195
198 421 572.676
198 461 357.229
198 466 1005.84
198 467 495.494
198 489 536.894
199 11 538.955
199 68 190.191
199 72 182.549
199 114 160.231
199 140 178.325
199 162 258.346
199 229 1861.55
199 300 226.775
199 372 240.575
199 394 740.852
199 490 174.901
200 6 356.099
200 48 532.267
200 52 395.271
200 195 430.869
200 219 376.727
200 239 327.187
200 253 299.525
200 406 785.991
200 438 551.872
201 2 318.533
201 51 402.501
201 206 243.565
201 272 204.601
201 303 391.646
201 305 234.387
201 356 291.073
201 378 624.803
202 60 202.305
202 142 155.65
202 255 812.798
202 290 497.879
202 329 211.788
202 339 204.043
202 423 246.463
203 53 339.248
203 56 848.87
203 79 307.393
203 434 404.451
203 449 473.331
203 464 283.651
204 26 6.76268
204 172 12.2029
204 332 6.22819
204 347 6.16531
204 349 4.68327
204 366 5.32857
204 376 5.3253
204 421 5.22673
204 466 5.05249
205 96 205.726
205 123 1119.75
205 155 402.271
205 210 748.641
205 226 330.019
205 258 180.258
205 276 896.184
205 297 1248.29
205 325 189.216
205 379 188.385
205 477 696.442
205 499 582.795
206 106 592.193
206 124 471.917
206 129 286.292
206 170 450.101
206 203 605.453
206 220 395.44
206 245 312.789
206 278 787.209
206 292 288.153
206 313 296.876
206 364 289.977
207 2 21.4167
207 51 21.9365
207 206 33.4036
207 303 29.3205
207 305 81.7525
207 356 20.9472
207 374 29.6645
207 378 21.5311
207 433 24.2107
207 468 29.0176
208 70 210.892
208 157 455.24
208 168 215.113
208 320 164.319
208 385 122.983
208 393 154.901
208 425 158.941
208 459 144.98
208 487 159.865
209 9 204.216
209 29 133.859
209 213 389.042
209 215 217.222
209 237 362.853
209 317 143.867
209 451 843.289
210 54 238.51
210 64 201.632
210 76 230.44
210 77 240.917
210 199 151.645
211 17 375.031
211 200 218.45
211 240 403.455
211 294 175.723
211 362 245.457
212 27 327.489
212 100 1420.27
212 105 900.51
212 180 589.64
212 216 373.859
212 242 295.807
212 285 323.738
212 288 463.172
212 293 266.748
212 395 337.855
212 405 376.853
213 90 176.399
213 307 472.024
213 399 305.351
213 417 259.08
214 20 418.248
214 54 502.346
214 76 293.166
214 77 431.767
214 208 422.26
214 261 348.65
214 269 359.866
214 367 397.813
214 430 334.11
214 495 524.937
215 25 345.67
215 107 135.419
215 161 138.807
215 286 98.5026
215 333 151.731
215 350 120.824
215 448 76.2851
216 176 540.683
216 247 714.603
216 473 680.894
217 122 426.251
217 128 373.586
217 180 273.683
217 216 246.857
217 293 454.958
217 405 497.635
217 462 406.666
218 153 158.624
218 194 25.4311
218 201 22.9151
218 211 37.8722
218 214 31.0843
218 268 26.8821
218 309 31.4333
218 315 45.0884
219 15 659.288
219 63 657.759
219 156 443.151
219 209 417.743
219 472 342.247
219 488 388.382
220 125 412.139
220 241 541.251
220 275 673.485
220 312 456.9
220 445 270.081
220 453 401.934
220 476 266.574
221 71 134.294
221 84 92.1438
221 89 73.1679
221 271 137.301
221 413 74.2211
222 0 483.328
222 96 401.975
222 123 586.592
222 210 400.663
222 226 766.294
222 258 1233.57
222 276 375.837
222 297 440.637
222 325 866.002
222 477 454.033
222 499 809.617
223 57 171.139
223 62 103.162
223 138 123.752
223 175 149.205
223 234 143.714
223 415 128.277
224 18 17.1093
224 68 12.328
224 72 11.6894
224 114 15.9804
224 473 7.22727
225 62 49.7089
225 64 42.8051
225 118 34.4926
225 138 33.2286
225 175 38.9158
225 191 38.8417
225 234 34.383
225 415 43.664
225 463 38.9933
226 35 1.40073
226 80 1.39716
226 142 1.70118
226 290 1.55008
226 423 1.46886
226 439 1.38333
227 131 545.618
227 149 330.982
227 159 978.614
227 249 408.382
227 254 1459.38
227 318 347.905
227 338 473.302
227 354 310.049
227 432 500.44
227 478 414.726
228 5 125.357
228 87 74.843
228 104 86.9255
228 163 289.785
228 214 78.0242
228 268 99.6216
228 282 84.697
228 336 78.9989
228 340 135.506
228 424 93.7912
228 460 292.063
228 481 82.6078
229 55 116.346
229 59 80.9824
229 83 86.508
229 217 78.7483
229 265 236.466
229 314 146.483
229 491 109.393
230 129 58.9026
230 144 384.192
230 179 56.5108
230 245 57.5252
230 283 262.92
230 302 69.4493
230 346 50.3847
230 414 120.799
230 444 304.738
231 149 274.414
231 150 449.415
231 159 568.072
231 171 303.213
231 254 607.772
231 264 524.242
231 432 301.768
231 478 460.239
232 70 98.2497
232 202 170.652
232 452 110.264
232 459 120.678
233 17 93.3046
233 98 111.638
233 200 157.328
233 240 95.9241
233 306 99.2731
233 362 135.093
233 389 123.123
233 390 263.38
233 418 99.6498
234 204 189.464
234 235 70.5567
234 323 68.3065
234 434 87.2669
234 435 125.115
235 53 21.8824
235 56 77.3326
235 79 19.9421
235 434 58.0585
235 449 25.7588
235 464 23.8874
235 498 18.7714
236 76 169.334
236 191 150.235
236 192 441.789
236 199 440.737
236 435 162.861
236 498 147.533
237 308 282.522
237 343 273.988
237 401 450.391
237 413 293.359
237 492 426.554
238 9 1.34535
238 213 1.35054
238 215 1.59381
238 237 1.28399
238 317 2.33934
238 334 1.34883
238 451 1.36604
239 31 343.808
239 204 448.107
239 235 347.215
239 323 372.027
240 62 46.1301
240 64 55.6375
240 76 37.1212
240 175 37.6075
240 191 39.37
240 199 38.1858
240 415 41.2741
240 463 40.0048
241 32 150.594
241 39 253.337
241 153 212.147
241 194 249.622
241 227 176.65
241 309 151.735
241 315 602.116
241 375 182.485
242 14 470.781
242 121 1080.11
242 130 572.966
242 149 545.582
242 185 738.253
242 337 478.26
242 341 437.607
242 351 490.27
242 360 1327.52
242 370 446.025
242 471 693.338
242 478 405.147
243 54 448.915
243 76 263.08
243 77 402.719
243 88 415.102
243 261 300.171
243 269 266.977
243 402 350.721
243 430 946.056
243 464 236.185
243 495 543.389
243 498 200.695
244 201 240.527
244 285 136.86
244 287 157.192
244 309 172.481
244 403 220.602
244 404 148.438
244 446 189.701
244 469 385.025
245 87 45.7811
245 91 52.3931
245 115 51.9618
245 205 35.3434
245 349 33.526
245 410 52.7432
245 424 34.4817
246 26 1893.17
246 69 942.533
246 158 501.663
246 366 660.872
246 376 1676.69
246 421 456.42
247 119 684.887
247 132 484.393
247 165 280.579
247 231 308.413
247 272 246.97
247 330 293.951
247 345 189.31
247 483 296.912
248 207 54.3921
248 244 42.0623
248 361 35.0137
249 87 471.014
249 104 461.776
249 154 462.754
249 163 706.392
249 282 552.5
249 336 447.059
249 424 512.013
249 460 460.701
249 481 2401.04
250 129 555.254
250 144 1446.06
250 179 383.652
250 220 421.378
250 245 551.876
250 283 1172.94
250 302 642.914
250 346 429.519
250 363 352.453
250 414 1648.98
250 444 980.968
251 32 353.057
251 166 275.256
251 211 137.966
251 304 174.438
251 315 125.239
251 382 556.967
251 486 234.177
252 15 229.537
252 63 223.679
252 156 221.998
252 181 224.385
252 209 431.928
252 353 220.846
252 472 264.003
252 488 293.445
253 114 153.439
253 473 213.99
254 2 351.763
254 206 893.274
254 305 1305.63
254 374 1675.53
254 433 1004.81
254 441 453.271
254 468 365.261
254 474 526.449
255 5 71.2084
255 80 106.102
255 166 116.675
255 211 103.137
255 268 93.823
255 340 91.5677
255 382 83.5866
255 439 95.3824
255 486 140.789
256 46 180.704
256 50 561.327
256 110 379.259
256 196 213.894
256 242 164.747
256 361 216.922
256 491 182.127
257 35 212.702
257 80 824.477
257 166 271.029
257 423 207.839
257 439 457.134
257 486 308.065
258 133 71.4939
258 200 89.8886
258 246 59.7578
258 389 64.2117
258 390 141.713
259 19 233.005
259 193 308.538
259 213 248.775
259 280 555.489
259 289 296.499
259 324 419.554
259 365 281.056
259 416 286.178
259 451 234.315
259 458 282.959
260 9 369.743
260 29 1546.62
260 145 395.873
260 193 1334.98
260 237 527.224
260 280 597.754
260 386 416.387
260 416 430.112
260 451 381.591
261 58 141.588
261 113 113.228
261 139 771.051
261 224 107.742
261 355 136.774
261 380 404.046
262 149 182.762
262 150 215.17
262 159 145.227
262 264 159.521
262 337 240.179
262 351 175.796
262 478 251.748
263 67 136.303
263 201 172.562
263 285 133.812
263 287 203.891
263 309 130.781
263 403 206.836
263 404 186.053
263 446 252.923
263 469 231.093
264 90 170.906
264 174 190.404
264 223 164.587
264 262 195.049
264 296 260.209
264 307 292.848
264 417 301.62
265 104 523.173
265 148 3707.16
265 251 807.714
265 282 648.874
265 336 594.564
265 481 411.757
266 8 205.355
266 120 863.797
266 184 267.991
266 221 219.462
266 342 508.768
266 381 3028.31
267 53 416.173
267 56 630.933
267 74 375.579
267 434 408.34
267 449 335.69
267 454 348.959
267 484 751.71
267 494 769.263
268 10 164.244
268 35 166.405
268 92 229.963
268 205 127.403
268 212 220.982
268 250 165.965
268 408 150.421
269 58 30.0961
269 83 31.9982
269 139 149.764
269 260 36.7791
269 355 49.7027
269 380 51.6676
270 106 1405.96
270 124 640.344
270 170 385.144
270 203 589.39
270 220 345.279
270 278 564.57
270 292 494.512
270 364 363.123
271 53 276.303
271 74 337.666
271 173 920.228
271 183 274.805
271 277 305.354
271 319 1234.88
271 398 518.827
271 454 694.912
271 484 265.134
272 129 579.159
272 144 416.134
272 186 383.461
272 220 402.293
272 245 475.614
272 283 611.675
272 310 441.656
272 363 662.203
272 414 416.412
272 444 396.962
273 91 174.105
273 154 15051.5
273 223 267.794
273 409 389.293
273 481 193.518
273 493 339.139
274 19 660.286
274 38 437.865
274 280 435.27
274 289 356.69
274 324 2270.84
274 365 1464.03
274 373 398.899
274 407 354.332
274 416 382.863
274 458 464.208
275 25 344.832
275 107 216.19
275 161 306.153
275 286 197.65
275 333 3319.07
275 350 387.564
276 157 389.947
276 274 492.009
276 311 446.547
276 385 850.725
276 388 609.71
276 470 440.939
277 101 417.995
277 195 281.18
277 197 948.842
277 295 368.431
277 497 693.997
278 36 474.393
278 129 654.792
278 170 488.317
278 220 926.032
278 245 874.719
278 278 489.691
278 302 700.579
278 313 652.739
278 346 740.161
278 414 566.463
279 50 389.9
279 67 307.826
279 196 346.967
279 207 452.467
279 244 347.189
279 361 553.92
280 0 24.6358
280 96 40.3422
280 123 32.8019
280 148 24.4802
280 155 103.992
280 210 29.3181
280 226 36.1039
280 276 34.3339
280 297 48.9301
280 477 58.8985
280 493 26.9171
280 499 31.4486
281 142 747.844
281 255 396.163
281 290 669.275
281 295 375.907
281 423 413.645
282 14 7.60591
282 43 8.64045
282 78 10.3786
282 121 18.9699
282 130 13.7471
282 136 7.4951
282 141 7.28484
282 185 11.3472
282 341 17.6765
282 360 25.1183
282 370 8.65949
282 392 8.23976
282 471 10.6788
283 98 290.755
283 102 191.531
283 111 222.662
283 116 191.142
283 200 194.6
283 240 184.491
283 279 230.786
283 306 294.996
283 362 316.568
283 389 258.115
283 390 293.259
283 418 274.673
283 442 229.698
284 25 196.678
284 107 174.724
284 161 148.228
284 333 122.169
284 350 121.34
284 448 127.692
285 2 127.916
285 51 369.553
285 206 120.237
285 303 595.634
285 305 138.863
285 356 276.703
285 378 197.133
286 20 1570.91
286 85 293.768
286 208 818.516
286 269 307.848
286 367 2203.17
287 40 427.074
287 62 2224.99
287 118 1213.57
287 138 373.662
287 175 750.411
287 191 1104.4
287 234 1231.28
287 284 671.669
287 415 1022.71
288 164 76.4799
288 198 98.1208
288 280 75.8591
288 324 116.892
288 365 101.001
288 373 265.62
288 407 249.142
288 416 98.0334
288 453 94.918
288 458 135.178
288 476 109.661
289 4 451.507
289 65 396.178
289 160 474.125
289 181 682.837
289 209 376.656
289 472 360.633
290 10 275.987
290 35 183.776
290 87 206.92
290 115 189.126
290 163 181.152
290 205 215.841
290 212 189.787
290 250 279.974
290 340 372.768
290 408 305.161
290 424 260.773
290 439 179.347
290 460 168.829
291 104 305.035
291 148 357.135
291 154 309.776
291 163 303.387
291 251 288.055
291 282 388.219
291 336 308.25
291 409 264.506
291 481 1092.99
291 493 323.147
292 126 549.514
292 178 516.566
292 186 353.212
292 322 720.442
292 400 1445.91
292 448 439.243
293 20 206.209
293 85 507.253
293 208 284.904
293 261 235.18
293 269 301.385
293 367 173.396
293 419 313.973
293 495 169.686
294 8 203.115
294 75 298.579
294 120 289.751
294 145 225.362
294 184 194.92
294 221 203.225
294 252 257.104
294 342 304.35
294 381 224.585
294 386 224.465
295 99 238.328
295 111 239.377
295 116 215.262
295 168 208.634
295 274 640.015
295 388 453.821
295 442 209.932
295 485 2191.7
295 487 199.664
296 7 122.509
296 36 128.859
296 179 103.401
296 302 101.52
296 313 118.777
296 346 128.644
296 371 211.659
296 401 148.773
296 413 300.549
296 431 237.574
297 131 100.681
297 159 92.2375
297 249 234.988
297 254 112.322
297 318 94.6682
297 338 423.442
297 354 125.524
297 427 128.424
297 432 141.37
298 164 11.4775
298 176 16.4671
298 232 17.8321
298 243 12.5071
298 247 13.9244
298 344 18.1176
298 440 12.5346
299 131 46.4202
299 159 38.6706
299 249 131.506
299 254 44.334
299 318 50.8811
299 338 992.42
299 354 92.5132
299 427 100.545
299 432 57.1231
300 133 357.914
300 167 191.471
300 222 200.85
300 246 239.94
300 383 238.989
300 390 185.122
300 479 207.19
301 56 610.168
301 79 413.307
301 434 890.844
301 449 401.739
301 464 858.467
301 498 579.951
302 58 14.2301
302 75 124.806
302 145 17.4647
302 224 15.7895
302 252 21.0529
302 386 19.3911
303 55 336.67
303 244 395.396
303 265 472.845
303 314 363.589
303 491 404.513
304 4 232.56
304 47 279.904
304 65 204.51
304 108 524.952
304 146 622.225
304 160 228.319
304 330 214.027
304 359 760.444
304 456 263.626
305 20 708.82
305 54 608.871
305 76 379.514
305 77 534.727
305 208 720.223
305 261 524.999
305 269 555.605
305 367 660.1
305 430 444.743
305 495 752.921
306 37 144.651
306 75 388.321
306 120 171.001
306 145 181.071
306 184 150.079
306 221 166.693
306 224 158.482
306 252 255.351
306 342 172.056
306 381 141.935
306 386 189.206
307 14 279.747
307 131 1597.89
307 149 329.399
307 151 400.499
307 159 441.601
307 249 324.94
307 254 399.52
307 291 408.554
307 311 314.924
307 318 752.669
307 331 289.524
307 335 320.22
307 338 462.925
307 348 497.558
307 354 396.339
307 384 289.777
307 412 296.727
307 427 297.326
307 432 285.293
307 478 308.137
308 53 284.314
308 56 573.494
308 79 350.081
308 434 436.578
308 449 404.516
308 464 383.029
308 498 250.645
309 36 422.006
309 106 1433.33
309 124 382.894
309 292 850.396
309 308 521.711
309 313 414.074
309 343 535.409
309 396 544.659
310 54 501.669
310 64 219.3
310 76 410.867
310 77 504.423
310 199 215.821
310 430 207.04
310 495 194.419
311 120 166.524
311 184 130.696
311 221 102.276
311 258 118.136
311 342 131.155
311 381 231.329
311 447 98.8296
311 482 96.2265
312 21 1560
312 101 404.04
312 195 513.461
312 218 1472.9
312 236 539.358
312 253 579.714
312 281 1197.25
313 87 284.731
313 115 410.972
313 205 485.576
313 212 466.279
313 250 341.199
313 366 361.341
313 408 349.156
313 410 366.543
314 28 616.984
314 182 754.018
314 230 407.849
314 328 923.113
314 391 974.681
314 437 489.623
315 29 260.449
315 75 286.542
315 193 315.016
315 386 256.491
315 416 256.728
315 440 303.139
316 26 332.011
316 61 172.995
316 69 258.352
316 158 145.55
316 376 389.426
316 421 297.791
316 466 183.063
317 19 325.361
317 38 411.649
317 235 428.605
317 238 404.494
317 263 368.474
317 323 443.624
317 358 1112.78
317 445 282.246
318 120 202.033
318 184 225.43
318 221 172.668
318 258 186.446
318 342 165.756
318 381 247.151
318 447 202.75
318 482 193.786
319 401 526.698
319 413 510.276
319 492 339.086
320 106 240.445
320 292 355.169
320 308 346.51
320 343 368.623
320 385 317.126
320 393 309.557
320 396 1100.97
321 55 120.432
321 59 92.0647
321 83 115.507
321 113 82.0866
321 217 85.4471
321 265 265.773
321 314 229.466
321 355 96.4962
321 491 96.2547
322 94 315.941
322 243 270.779
322 475 247.244
323 44 243.053
323 61 263.225
323 127 381.095
323 248 584.568
323 421 293.954
323 461 276.359
323 466 438.64
323 467 329.682
323 489 317.785
324 142 343.684
324 255 207.514
324 290 361.848
324 295 183.036
324 423 214.509
325 79 81.4136
325 88 89.8805
325 233 119.253
325 256 88.3514
325 261 76.2146
325 269 66.4808
325 299 125.357
325 327 65.8611
325 387 66.7748
325 402 106.644
325 430 63.9416
325 495 64.8062
326 4 193.738
326 82 160.076
326 160 201.106
326 181 176.897
326 273 194.922
326 456 152.046
326 472 147.501
327 53 266.489
327 56 125.996
327 74 70.4938
327 319 69.5392
327 398 111.387
327 449 125.588
327 454 85.5089
327 484 95.1918
327 494 77.2364
328 15 811.282
328 63 766.322
328 156 691.538
328 209 715.319
328 353 465.73
328 472 394.855
328 488 1031.71
329 31 220.153
329 270 144.535
330 29 484.089
330 75 462.035
330 145 553.3
330 193 371.384
330 386 693.115
331 169 785.583
332 5 225.758
332 104 563.675
332 148 294.854
332 163 284.794
332 214 190.605
332 251 380.892
332 282 1276.94
332 336 555.682
332 460 245.088
332 481 365.734
333 164 487.701
333 198 346.701
333 232 1344.3
333 344 1543.73
333 440 657.893
334 57 1284.75
334 62 368.403
334 138 1415.55
334 175 568.94
334 189 935.955
334 234 402.568
334 415 475.718
334 463 742.549
335 18 251.637
335 139 383.264
335 380 337.08
336 23 425.253
336 33 693.258
336 44 373.563
336 90 266.019
336 152 653.87
336 174 413.765
336 187 854.224
336 262 363.639
336 352 461.913
336 368 341.501
337 206 324.882
337 305 589.266
337 374 552.669
337 433 368.922
337 441 179.069
337 468 156.755
337 474 202.84
338 7 363.616
338 71 182.493
338 179 177.035
338 371 369.727
338 413 275.299
338 431 204.832
339 16 237.881
339 43 370.44
339 78 188.486
339 130 152.02
339 136 139.092
339 141 469.467
339 298 143.295
339 341 340.865
339 392 139.917
339 436 373.349
340 100 49.347
340 105 58.9289
340 122 35.3646
340 180 62.6594
340 216 39.9106
340 242 42.3342
340 288 50.3949
340 293 43.3938
340 405 146.197
341 53 36.5221
341 74 28.6603
341 173 35.6219
341 319 47.7129
341 398 82.2316
341 449 23.1765
341 454 54.3475
341 484 27.1261
342 30 284.64
342 97 263.233
342 267 220.938
342 300 231.976
342 377 322.653
342 490 294.496
343 131 156.288
343 159 183.395
343 249 491.91
343 254 251.45
343 338 331.242
343 354 174.779
343 368 211.041
343 427 206.806
343 432 867.368
344 10 243.923
344 35 152.381
344 87 213.522
344 115 322.659
344 205 934.971
344 212 448.406
344 250 444.894
344 408 566.459
344 424 202.342
345 50 77.1205
345 100 92.8036
345 105 90.8387
345 110 84.4466
345 180 83.2243
345 196 81.063
345 242 271.255
345 287 87.2733
345 288 755.217
345 405 98.9015
345 446 86.5588
346 132 318.476
346 165 222.25
346 231 211.443
346 272 311.076
346 337 268.947
346 351 364.336
346 370 283.154
346 392 218.944
346 483 424.486
347 11 269.8
347 18 440.797
347 68 1985.83
347 72 2162.33
347 114 680.594
347 140 408.684
347 229 289.057
347 267 367.268
347 300 254.259
347 394 308.221
348 125 24.1151
348 238 26.6676
348 241 64.5964
348 263 31.9903
348 275 62.588
348 312 25.3639
348 373 28.3222
348 445 39.284
348 453 40.1487
348 476 26.0307
349 85 347.702
349 261 110.595
349 269 120.864
349 419 274.823
350 37 975.283
350 58 889.431
350 113 3913.24
350 139 432.522
350 184 453.806
350 221 544.986
350 224 784.38
350 252 480.29
350 355 444.101
350 380 403.24
350 447 472.694
350 482 509.6
351 0 275.592
351 399 462.612
352 8 816.263
352 120 294.086
352 145 295.425
352 222 229.737
352 225 337.324
352 342 390.832
352 381 249.123
352 386 263.604
353 126 391.932
353 170 402.442
353 178 391.816
353 186 461.638
353 310 454.433
353 363 664.979
354 96 67.9658
354 154 95.2366
354 223 65.1148
354 409 210.362
354 493 468.831
355 17 299766
355 95 369.407
355 99 352.22
355 240 10061
355 294 514.708
355 306 358.404
355 362 711.827
356 16 686.38
356 22 472.281
356 43 1503.68
356 78 553.9
356 136 431.096
356 141 9301.8
356 298 527.901
356 341 657.926
356 364 413.989
356 436 968.214
357 96 569.117
357 148 373.633
357 155 672.869
357 226 411.125
357 297 450.939
357 409 485.214
357 477 509.796
357 493 629.753
358 369 357.749
358 374 361.582
358 433 411.587
358 441 540.749
358 448 438.673
358 474 402.682
358 496 409.31
359 25 241.468
359 448 468.106
360 5 178.742
360 104 164.99
360 163 537.03
360 214 110.527
360 251 103.983
360 268 119.916
360 282 164.421
360 336 143.957
360 340 107.137
360 424 98.163
360 460 357.621
360 481 136.888
361 30 364.432
361 46 329.859
361 230 325.227
362 14 230.63
362 43 214.873
362 78 408.944
362 121 467.158
362 130 178.57
362 136 246.726
362 141 160.119
362 185 384.304
362 316 193.872
362 321 149.647
362 331 163.551
362 341 288.141
362 360 357.006
362 384 157.459
362 412 185.187
362 471 360.519
363 92 390.967
363 101 346.144
363 158 251.43
363 197 402.643
363 301 502.671
363 455 2428.83
363 497 402.952
364 39 38.5349
364 153 49.5087
364 194 50.6969
364 201 26.9135
364 227 31.2694
364 309 33.0634
364 315 94.9946
364 375 29.3745
365 21 361.091
365 101 453.298
365 195 677.771
365 218 376.617
365 253 334.016
365 281 1161.89
365 301 268.185
366 64 945.553
366 189 399.392
366 463 455.575
367 178 411.442
367 369 231.065
367 400 159.539
367 448 279.476
367 496 195.236
368 51 218.74
368 303 344.417
368 305 256.129
368 356 242.126
368 429 210.579
368 468 378.158
369 125 340.581
369 190 351.995
369 312 470.109
369 453 302.447
369 476 261.396
370 60 887.105
370 134 500.209
370 147 2799.26
370 339 720.648
370 357 1161.13
370 411 460.208
370 480 649.519
371 10 345.866
371 92 459.7
371 205 384.894
371 212 614.5
371 250 402.168
371 366 323.406
371 408 381.904
372 40 574.024
372 57 478.055
372 62 526.695
372 118 465.665
372 138 444.64
372 175 685.571
372 191 410.906
372 234 862.81
372 415 626.036
373 26 71.2596
373 69 84.3889
373 92 69.3123
373 158 79.8852
373 366 103.718
373 376 76.8028
373 455 77.3146
374 22 422.68
374 124 471.556
374 170 397.409
374 203 676.418
374 278 432.528
374 298 274.942
374 364 567.596
375 7 314.084
375 371 447.224
375 401 414.542
375 413 3669.82
375 431 379.742
376 49 534.279
376 98 1082.54
376 102 432.097
376 103 288.729
376 111 263.205
376 116 312.823
376 135 448.422
376 266 375.001
376 279 779.219
376 389 449.468
376 418 2087.89
376 442 317.324
377 91 354.254
377 223 455.138
377 296 854.798
377 307 438.898
377 349 307.423
377 417 668.888
378 2 371.27
378 130 683.126
378 337 369.368
378 351 495.301
378 360 355.79
378 370 1516.07
378 378 320.396
378 392 667.741
379 46 680.698
379 50 415.967
379 110 685.22
379 242 426.377
380 74 447.807
380 137 772.432
380 183 724.058
380 213 389.19
380 277 531.59
380 289 737.854
380 334 466.294
380 426 614.783
380 465 1065.23
381 125 111.437
381 190 66.7348
381 241 56.6311
381 275 63.4406
381 312 175.514
381 453 73.2069
381 476 57.7502
382 18 104.359
382 260 59.4461
382 397 48.1065
383 34 225.859
383 69 190.914
383 158 439.021
383 301 258.492
383 376 138.77
383 455 196.868
383 457 232.419
384 209 859.634
384 472 1690.05
385 86 27.2956
385 169 30.0042
385 422 31.8624
386 70 369.801
386 157 520.51
386 168 681.803
386 320 424.556
386 385 217.888
386 393 237.699
386 425 363.252
386 459 251.809
386 487 427.773
387 12 451.655
387 18 437.403
387 83 412.322
387 139 487.272
387 260 856.901
387 355 470.449
387 397 558.848
388 27 25.6515
388 39 23.5948
388 194 20.8842
388 227 40.1972
388 285 20.6176
388 375 34.1505
388 395 19.6233
388 403 16.1672
388 428 40.6353
389 53 543.945
389 81 318.037
389 173 334.235
389 319 326.102
389 398 1025
389 449 397.375
389 452 379.658
389 454 322.154
390 23 791.752
390 33 361.593
390 44 347.304
390 152 303.827
390 171 212.581
390 174 235.879
390 187 360.666
390 262 218.419
390 352 774.618
390 368 267.092
391 18 213.537
391 176 205.298
391 247 294.207
392 47 160.402
392 65 170.808
392 66 155.914
392 117 379.019
392 127 262.07
392 188 302.623
392 467 349.327
392 489 303.249
393 98 253.346
393 102 625.53
393 111 820.166
393 116 1070.88
393 135 426.571
393 266 216.029
393 279 482.048
393 306 372.07
393 362 197.736
393 418 317.409
393 442 2835.77
393 485 219.277
394 62 246.044
394 64 232.275
394 76 247.975
394 118 209.479
394 191 243.29
394 192 241.421
394 199 288.724
394 415 208.112
395 164 239.292
395 190 311.692
395 198 230.193
395 243 188.302
395 344 242.114
395 407 220.437
395 476 260.686
396 9 487.596
396 73 725.846
396 200 457.223
396 215 547.283
396 317 435.156
396 443 814.236
397 28 379.835
397 86 538.317
397 422 1500.18
397 437 401.304
398 57 141.357
398 62 482.767
398 118 188.125
398 138 238.636
398 175 885.904
398 189 145.527
398 191 185.694
398 234 381.099
398 284 140.817
398 415 1578.51
398 463 206.629
399 20 473.055
399 85 1563.55
399 208 607.286
399 261 876.289
399 269 1078.8
399 367 412.365
399 419 1825.04
399 495 538.84
400 14 117.687
400 43 118.204
400 78 139.614
400 121 320.67
400 130 304.025
400 185 181.826
400 341 225.384
400 351 115.245
400 360 582.937
400 370 170.868
400 392 148.902
400 471 170.304
401 42 118.383
401 67 82.7246
401 379 238.548
401 404 81.8902
402 119 387.809
402 132 144.991
402 165 221.52
402 231 261.653
402 272 152.179
402 330 174.533
402 345 204.576
403 45 570.626
403 84 388.082
403 89 425.389
403 177 386.516
403 259 652.234
403 271 345.451
403 327 695.92
403 450 681.999
404 0 326.734
404 167 603.159
404 222 298.682
404 383 376.998
404 399 285.472
405 24 803.165
405 286 355.021
405 429 300.534
406 0 125.533
406 96 109.3
406 123 154.192
406 155 87.0743
406 210 98.8785
406 226 256.219
406 258 213.654
406 276 94.5966
406 297 117.716
406 325 217.867
406 477 124.601
406 499 230.541
407 42 74.8918
407 67 51.7296
407 207 151.74
407 210 50.8219
407 276 45.2377
407 361 66.5624
407 379 45.7076
408 45 25.969
408 71 31.8959
408 84 37.2965
408 89 37.2065
408 177 34.3103
408 271 27.4386
409 0 391.546
409 96 775.819
409 123 431.017
409 155 881.074
409 210 357.456
409 226 579.557
409 276 405.76
409 297 600.68
409 325 343.045
409 477 768.586
409 493 354.694
409 499 436.417
410 69 405.548
410 92 550.619
410 366 760.342
410 455 456.858
411 49 629.461
411 98 281.765
411 102 325.491
411 103 236.968
411 116 235.117
411 135 407.916
411 266 1397.71
411 279 359.954
411 418 325.869
412 51 356.42
412 119 282.247
412 165 641.76
412 231 597.5
412 272 400.962
412 303 245.867
412 345 4108.78
412 356 316.49
412 378 251.866
413 169 219.902
414 106 308.338
414 292 539.822
414 308 346.395
414 343 363.085
414 385 456.357
414 393 352.06
414 396 5777.95
415 23 425.73
415 44 1598.55
415 174 499.308
415 248 624.68
415 262 511.366
415 352 526.096
415 461 973.078
416 27 175.25
416 100 182.171
416 105 166.646
416 180 153.23
416 216 170.752
416 285 141.722
416 395 1175.69
417 12 483.981
417 30 500.351
417 55 548.727
417 59 830.282
417 97 663.813
417 112 999.532
417 217 994.86
417 397 429.386
418 12 334.171
418 83 444.473
418 139 338.088
418 260 448.017
418 314 267.422
418 355 805.861
418 397 324.807
419 3 4.04932
419 15 3.34539
419 34 8.26674
419 63 3.36254
419 156 4.14348
419 158 3.59418
419 236 3.54185
419 353 6.41253
419 457 8.00799
419 488 3.97663
420 32 165.277
420 80 125.178
420 166 455.555
420 211 110.986
420 304 120.429
420 382 308.596
420 439 100.38
420 486 379.673
421 28 504.706
421 182 442.498
421 391 371.205
421 422 530.417
421 437 467.574
422 73 377.691
422 200 1622.24
422 390 420.847
422 443 301.753
423 27 399.551
423 201 348.485
423 285 548.022
423 287 498.298
423 288 316.375
423 403 847.33
423 404 347.129
423 428 305.586
423 446 923.784
423 469 380.228
424 87 44.6919
424 91 51.397
424 115 38.937
424 154 38.2436
424 205 28.3384
424 349 28.0762
424 410 35.193
424 424 35.6365
425 20 256.763
425 64 194.948
425 208 194.578
425 367 323.127
426 235 1054.81
426 323 836.85
426 358 492.889
426 434 437.016
426 494 572.326
427 86 349.677
427 169 1299.62
428 129 316.438
428 186 339.695
428 245 267.738
428 283 326.777
428 310 409.225
428 363 432.79
429 8 407.125
429 73 459.1
429 222 573.715
429 225 664.149
429 246 2134.26
429 383 484.924
429 443 343.972
430 8 39.2558
430 9 27.5753
430 29 24.524
430 73 26.626
430 145 48.7401
430 225 27.211
430 386 39.8348
430 443 32.3124
431 74 1419.13
431 173 587.095
431 183 698.517
431 277 673.232
431 319 1196.21
431 398 496.019
431 426 456.821
431 454 2848.09
431 484 685.988
431 494 440.397
432 26 403.813
432 172 526.49
432 332 282.842
432 347 276.963
432 366 260.856
432 376 293.927
432 421 294.755
432 466 276.998
433 32 65.2959
433 80 51.9284
433 166 128.324
433 304 86.2669
433 382 119.927
433 486 97.2951
434 95 228.869
434 173 435.294
434 319 250.881
434 398 222.036
435 1 134.159
435 81 129.825
435 202 384.104
435 228 149.151
435 398 124.528
435 452 383.276
436 10 48.3513
436 35 50.4684
436 80 112.64
436 166 50.3361
436 340 83.1057
436 439 162.859
436 486 59.4405
437 32 80.4805
437 80 40.3973
437 166 86.389
437 211 54.9756
437 268 40.7927
437 304 45.6628
437 315 41.3759
437 382 104.72
437 486 80.5203
438 36 179.962
438 106 706.167
438 124 161.371
438 292 308.729
438 308 207.439
438 313 179.221
438 343 211.747
438 396 201.867
439 164 446.552
439 232 954.492
439 344 584.791
439 380 409.104
439 440 747.713
440 10 271.095
440 35 371.052
440 80 812.662
440 142 279.236
440 166 299.338
440 423 284.591
440 439 686.163
440 486 332.697
441 48 222.49
441 239 201.054
441 253 332.901
441 406 183.44
442 5 248.581
442 80 466.871
442 166 356.734
442 211 304.922
442 268 308.854
442 340 422.304
442 382 250.707
442 439 453.66
442 460 253.912
442 486 433.605
443 111 389.851
443 116 412.869
443 274 1189.39
443 338 407.194
443 354 673.921
443 388 880.702
443 427 592.925
443 485 855.18
444 2 884.737
444 130 247.731
444 206 495.132
444 305 253.036
444 370 279.802
444 374 300.201
444 378 312.854
444 392 411.327
444 433 266.572
444 474 236.272
445 18 68.8528
445 68 93.7205
445 72 110.687
445 97 69.1728
445 140 457.755
445 229 68.8125
445 267 3674.19
445 300 116.455
445 490 139.563
446 4 448.716
446 82 477.631
446 146 223.935
446 160 429.469
446 273 441.784
446 330 230.885
446 456 455.314
447 108 401.906
447 119 497.365
447 132 2577.91
447 165 401.136
447 231 405.542
447 272 449.933
447 330 444.451
447 337 405.614
447 351 444.388
447 483 3550.29
448 31 118.485
448 270 185.819
449 32 43.8445
449 80 37.6875
449 166 73.9557
449 211 45.1183
449 268 35.0419
449 382 59.5273
449 439 31.9571
449 486 78.8674
450 39 312.057
450 153 250.254
450 194 659.961
450 201 202.32
450 227 276.022
450 309 236.556
450 315 306.571
450 375 231.698
450 428 202.656
450 469 158.881
451 74 174.23
451 173 634.546
451 183 187.489
451 277 241.689
451 319 398.1
451 334 182.976
451 398 166.565
451 454 244.35
452 128 1252.13
452 230 794.963
452 328 594.288
452 462 411.552
453 102 102.748
453 111 100.115
453 116 139.364
453 135 93.8168
453 249 64.8059
453 274 79.0269
453 279 72.7074
453 306 62.9551
453 338 63.2471
453 354 78.3689
453 388 66.7626
453 427 106.829
453 442 104.387
453 485 102.968
454 41 304.704
454 47 1712.27
454 66 324.123
454 108 188.517
454 146 122.289
454 150 133.366
454 171 124.085
454 188 188.694
454 264 131.111
454 359 231.644
455 32 122.377
455 153 115.649
455 166 91.2455
455 211 177.089
455 214 87.6548
455 268 103.317
455 315 125.606
455 382 106.92
455 486 89.9791
456 11 114.632
456 68 171.812
456 72 195.545
456 114 109.566
456 140 498.678
456 229 158.277
456 267 281.487
456 300 266.88
456 372 128.62
456 394 140.488
456 490 233.01
457 70 221.39
457 95 203.365
457 202 148.647
457 294 150.561
457 320 171.621
457 425 248.278
457 459 231.431
458 131 176.941
458 149 175.803
458 150 151.082
458 159 915.812
458 254 489.92
458 264 154.887
458 432 149.903
458 478 316.387
459 36 361.835
459 106 1349.67
459 124 300.061
459 203 288.575
459 278 305.811
459 292 468.12
459 308 371.984
459 313 369.664
459 343 376.692
459 396 324.757
460 36 153.234
460 302 93.0952
460 313 144.561
460 346 139.005
460 371 102.627
460 401 119.416
460 413 109.112
460 431 164.512
461 3 552.124
461 21 346.968
461 34 1436.17
461 156 356.515
461 158 452.976
461 218 367.307
461 236 557.689
461 301 403.63
461 353 412.191
461 457 1030.59
462 130 278.407
462 132 322.981
462 272 327.554
462 337 338.335
462 351 482.093
462 370 393.469
462 392 288.44
462 483 420.345
463 37 5.64189
463 58 6.00276
463 75 13.2773
463 221 5.06411
463 224 6.45538
463 252 7.93894
463 386 5.30947
464 23 102.878
464 150 81.7567
464 159 89.2911
464 171 116.238
464 254 115.511
464 264 104.943
464 352 86.9983
464 368 99.2536
464 432 118.695
465 106 706.432
465 292 822.625
465 308 328.192
465 343 339.405
465 396 446.118
466 27 372.017
466 100 371.49
466 105 322.383
466 180 283.94
466 216 294.864
466 285 290.629
466 395 4354.57
466 428 248.974
467 10 45.9601
467 87 100.758
467 115 370.489
467 205 171.102
467 212 65.1811
467 250 62.1536
467 408 70.2581
467 410 53.9189
467 424 75.1887
468 125 225.873
468 190 174.154
468 241 292.112
468 275 336.911
468 312 259.093
468 373 168.921
468 445 167.464
468 453 330.303
468 476 199.035
469 54 942.617
469 76 579.147
469 77 919.911
469 88 583.222
469 261 350.214
469 269 321.227
469 402 485.956
469 430 1421.64
469 464 473.964
469 495 524.618
469 498 417.725
470 9 100.741
470 213 372.571
470 215 149.887
470 237 116.579
470 317 138.378
470 334 73.8088
470 451 364.943
471 31 146.608
471 270 219.773
472 9 308.306
472 73 177.517
472 213 211.508
472 215 610.29
472 237 212.884
472 317 391.288
472 443 223.743
472 451 239.53
473 48 140.552
473 195 161.235
473 219 67.2608
473 239 74.1047
473 253 119.105
473 281 70.7994
473 406 176.026
473 438 67.5634
474 42 358.917
474 50 201.572
474 67 1942.18
474 196 460.726
474 287 399.678
474 361 368.806
474 379 188.951
474 404 943.743
474 446 257.36
475 154 401.994
475 223 864.184
475 307 410.404
475 409 547.166
475 417 578.158
475 493 402.823
476 7 318.161
476 179 205.138
476 346 178.112
476 371 736.985
476 401 172.293
476 413 468.871
476 431 365.621
477 8 308.969
477 9 483.165
477 29 476.49
477 145 700.775
477 215 313.997
477 237 435.511
477 386 589.886
477 443 373.601
478 131 307.626
478 149 280.949
478 150 322.712
478 159 803.376
478 254 1325.33
478 264 362.305
478 338 274.534
478 432 401.407
478 478 433.616
479 126 442.011
479 178 281.894
479 186 242.968
479 310 204.53
479 322 349.442
479 400 1001.76
479 448 187.235
480 74 105.15
480 137 89.5912
480 183 63.5278
480 426 136.566
480 454 64.2684
480 465 57.6077
480 484 181.806
480 494 193.321
481 401 54.3353
481 492 83.5279
482 6 482.547
482 48 835.513
482 52 567.521
482 195 385.088
482 219 667.587
482 239 513.349
482 253 340.017
482 326 325.957
482 406 1254.11
482 420 336.904
482 438 539.055
483 41 649.981
483 47 535.838
483 66 1014.71
483 127 353.125
483 150 366.66
483 171 740.682
483 188 1634.87
483 264 432.993
483 467 481.528
483 489 354.283
484 131 194.437
484 151 248.368
484 249 193.521
484 274 288.371
484 291 221.131
484 311 263.669
484 318 337.306
484 335 217.881
484 338 254.751
484 348 191.362
484 354 568.581
484 388 282.473
484 427 288.932
484 485 205.245
485 46 546.983
485 110 416.703
485 242 406.553
485 405 433.524
486 79 168.594
486 81 186.192
486 88 145.563
486 233 387.384
486 256 271.528
486 259 145.97
486 299 831.321
486 327 199.993
486 387 224.77
486 402 164.704
486 450 155.57
487 26 6.81454
487 34 8.62652
487 69 11.3693
487 158 25.84
487 301 9.7389
487 376 8.12488
487 455 9.60047
487 457 9.06435
488 20 480.98
488 85 174.926
488 208 495.997
488 261 138.744
488 269 161.688
488 367 370.994
488 419 134.247
488 495 129.93
489 74 292.431
489 137 363.883
489 183 615.512
489 277 395.052
489 289 296.483
489 334 305.234
489 426 327.875
489 465 391.698
490 32 135.403
490 153 173.329
490 211 193.643
490 214 107.469
490 268 116.774
490 315 194.054
490 382 111.112
491 10 648.449
491 35 482.504
491 92 335.956
491 115 341.511
491 205 492.648
491 212 1618.96
491 250 794.309
491 408 672.726
492 91 506.205
492 154 690.6
492 223 1023.72
492 296 404.375
492 409 459.898
492 417 398.038
492 493 370.288
493 30 430.31
493 86 844.167
493 257 443.218
493 377 465.614
493 422 1091.25
493 437 473.766
494 45 230.927
494 71 209.792
494 84 284.231
494 89 219.586
494 177 160.406
494 259 222.217
494 271 446.567
494 327 160.488
494 450 204.865
495 120 121.762
495 184 71.8767
495 221 55.0916
495 252 41.4503
495 342 79.462
495 381 178.639
495 447 42.4768
495 482 42.0582
496 123 456.51
496 148 386.583
496 155 757.438
496 210 586.414
496 226 325.427
496 276 765.78
496 297 629.481
496 379 589.344
496 477 551.01
496 499 379.977
497 19 534.331
497 38 414.095
497 193 396.97
497 198 396.715
497 280 657.542
497 324 2783.96
497 365 875.145
497 373 535.22
497 407 548.015
497 416 641.113
497 458 869.385
498 19 530.719
498 38 367.742
498 280 412.06
498 289 307.219
498 324 3096.94
498 365 1068.72
498 373 364.325
498 407 331.934
498 416 365.315
498 458 449.954
499 36 198.956
499 308 227.674
499 343 218.296
499 401 482.934
499 413 223.552
499 492 267.532
