500 500 3703
0 8 827.518
0 40 411.343
0 63 171.193
0 132 374.378
0 240 287.584
0 259 374.847
0 308 219.658
0 368 177.664
0 414 159.917
0 424 755.892
0 447 464.354
1 82 47.2252
1 102 46.9561
1 133 71.6033
1 293 55.1886
1 385 49.6327
2 26 1374.43
2 221 1047.42
2 388 455.021
2 480 392.551
2 488 457.968
3 387 70.048
4 168 164.614
4 307 126.301
4 342 236.335
4 375 557.173
4 485 162.195
5 3 451.769
5 137 502.561
5 304 1890.94
5 326 502.711
5 341 1942.02
5 347 475.615
5 430 435.629
5 454 4081.57
6 75 142.806
6 78 97.018
6 79 64.2286
6 138 75.6554
6 413 74.7441
6 482 77.8474
7 16 757.787
7 53 4604.24
7 244 2150.54
7 284 292.221
7 296 298.079
7 302 340.885
7 310 334.652
7 384 337.77
7 423 381.424
7 491 291.21
7 494 286.309
8 105 143.039
8 144 104.862
8 210 103.418
8 247 118.369
8 254 113.386
8 462 124.879
8 470 184.267
9 88 161.007
9 141 233.995
9 222 193.73
9 228 239.107
9 271 182.238
9 316 160.969
9 329 237.3
10 14 749.006
10 289 518.415
10 373 668.71
11 118 55.2819
11 425 53.987
12 36 353.844
12 75 551.383
12 184 408.918
12 189 465.791
12 362 756.156
12 413 1223.09
13 24 456.867
13 77 960.383
13 283 847.406
13 288 966.417
13 324 889.612
13 337 913.986
13 359 1141.46
13 367 629.907
13 433 518.92
14 73 1085.13
14 159 710.141
14 462 795.894
14 470 474.233
15 13 344.704
15 198 377.418
15 212 215.699
15 242 395.115
15 354 230.93
15 377 200.406
15 445 214.405
15 464 308.353
15 487 179.66
16 16 3258.72
16 53 1035.9
16 69 367.912
16 143 313.202
16 244 721.02
16 258 326.33
16 284 523.679
16 296 463.44
16 302 326.651
16 310 694.769
16 384 305.301
16 423 413.273
16 491 345.825
17 66 55.979
17 82 101.209
17 102 148.602
17 133 62.2947
17 268 125.09
17 293 75.9745
17 410 69.5294
17 435 64.4245
18 5 334.449
18 110 393.129
18 124 298.494
18 335 572.085
18 337 268.282
18 393 328.322
18 440 538.358
18 443 516.24
18 471 447.937
19 270 199.006
19 314 759.983
19 485 217.109
20 0 683.948
20 29 132.713
20 160 204.689
20 195 191.249
20 264 86.4131
20 496 352.771
21 8 382.086
21 40 839.766
21 123 1151.54
21 169 817.024
21 240 696.448
21 368 583.68
21 404 372.459
21 418 421.179
21 424 396.071
21 447 665.977
21 495 478.546
22 38 124.056
22 215 77.1329
22 261 276.291
22 322 70.8854
22 328 113.642
22 360 118.861
22 437 125.487
23 109 50.7064
23 196 53.4548
23 384 38.0576
23 418 67.1849
23 494 41.0473
24 218 668.849
24 242 420.779
24 372 919.08
24 464 321.766
24 487 1087.61
25 64 793.734
25 212 253.427
25 214 348.743
26 225 406.744
26 476 471.454
27 8 88.1867
27 40 92.2621
27 259 98.4285
27 302 169.53
27 308 955.945
27 384 133.53
27 423 124.786
27 424 83.3694
27 447 81.7143
27 491 124.76
28 166 29.4185
28 344 17.034
28 457 13.7389
29 26 36.4474
29 221 54.1014
29 273 44.1734
29 388 92.523
29 480 35.9114
29 488 162.43
30 14 66.8954
30 140 51.3469
30 289 64.6133
30 373 194.659
30 478 51.4692
31 74 625.636
31 100 742.104
31 167 1472.64
31 181 271.935
31 188 374.343
31 207 267.883
31 318 266.056
31 357 361.169
31 379 303.284
31 456 323.61
31 476 369.938
31 497 248.789
32 80 345.081
32 140 1271.61
32 373 310.843
32 469 352.584
32 478 652.842
33 9 910.013
33 68 444.107
33 87 803.499
33 181 2239.29
33 188 595.479
33 203 810.866
33 207 2169.61
33 309 745.697
33 318 746.062
33 319 952.881
33 349 608.759
33 456 1175.61
33 476 410.26
33 497 462.584
34 3 439.172
34 137 503.447
34 304 2251.97
34 326 534.569
34 341 1782.46
34 347 464.094
34 430 460.242
34 454 7522.84
35 66 443.919
35 82 479.355
35 385 14383
35 405 334.825
36 75 198.159
36 78 133.942
36 79 676.401
36 248 177.272
36 250 207.08
36 413 137.509
36 463 203.738
37 36 784.298
37 189 436.936
37 263 976.059
37 290 471.884
37 300 691.849
37 303 363.54
37 325 384.281
37 362 417.879
38 11 1273.38
38 30 326.234
38 58 436.579
38 86 370.105
38 197 989.745
38 315 448.531
38 332 706.404
39 201 246.608
39 204 426.361
39 297 705.238
39 306 201.928
39 398 274.217
40 126 52.4354
40 204 62.8208
40 214 63.3245
40 426 94.1512
40 436 72.5112
41 61 448.866
41 62 353.988
41 84 410.193
41 128 344.396
41 139 334.337
41 157 536.141
41 205 606.235
41 206 1080.56
41 220 584.31
41 231 398.442
41 415 363.232
41 486 359.846
42 36 252.002
42 120 295.902
42 185 223.37
42 239 206.087
42 263 480.047
42 276 279.271
42 290 368.686
42 300 234.446
42 303 378.552
42 325 207.917
43 169 53.7777
43 240 42.9476
43 245 213.936
43 368 72.4433
43 392 44.6678
43 404 552.892
43 495 71.9974
44 260 455.663
44 361 578.374
45 13 423.02
45 260 402.994
45 272 312.057
45 291 403.678
45 305 290.343
45 336 2139.27
45 354 489.562
45 361 419.008
46 12 27.8695
46 32 22.2047
46 78 21.7505
46 138 20.9257
46 179 21.6871
46 180 38.4405
46 252 20.245
46 327 33.7261
46 403 24.6382
47 51 150.457
47 95 193.126
47 113 152.976
47 174 154.611
47 178 131.495
47 272 145.842
47 291 126.766
47 305 218.966
47 361 124.125
47 453 182.499
48 16 428.409
48 23 204.072
48 53 265.745
48 69 440.195
48 170 255.391
48 244 221.548
48 258 216.652
48 284 3211.35
48 296 217.968
48 310 1000.21
48 371 203.335
48 396 237.949
49 103 140.484
49 116 197.865
49 163 152.569
49 171 210.522
49 234 107.5
49 325 120.437
49 444 138.256
49 449 162.688
50 13 87.43
50 260 48.9214
50 272 54.6913
50 291 77.3434
50 336 325.867
50 354 126.359
50 361 49.5759
51 34 95.1949
51 158 139.024
51 224 147.692
51 312 121.516
51 406 119.876
52 84 238.29
52 205 192.47
52 208 479.163
52 220 237.569
52 270 402.544
52 338 357.708
53 1 413.65
53 50 545
53 65 513.084
53 148 412.441
53 277 488.111
53 317 530.697
53 400 595.049
53 493 595.007
54 19 568.072
54 37 410.372
54 65 437.3
54 148 767.527
54 202 580.536
54 434 851.808
54 451 450.243
55 198 282.709
55 218 568.339
55 242 572.572
55 372 705.289
55 464 401.727
55 487 1331.44
56 10 1076.12
56 18 674.253
56 71 1236.32
56 73 621.72
56 90 433.729
56 93 841.94
56 145 726.012
56 266 484.527
56 286 575.25
56 395 541.969
56 411 1486.27
56 460 785.461
57 73 806.915
57 159 330.052
57 266 399.626
57 395 329.092
57 462 2525.37
57 470 507.149
58 56 128.088
58 67 202.268
58 153 125.502
58 162 151.198
58 233 138.208
58 365 151.583
58 378 92.5367
58 435 114.02
58 448 107.885
58 473 92.9179
59 47 264.869
59 74 195.07
59 88 168.363
59 100 169.985
59 146 305.625
59 167 149.151
59 316 171.943
59 357 147.354
59 379 142.047
59 422 559.691
59 477 263.456
60 10 144.735
60 18 74.8018
60 71 381.118
60 73 76.7858
60 90 82.561
60 93 138.612
60 145 102.523
60 286 155.027
60 411 125.987
60 460 101.635
61 159 595.217
61 273 580.145
61 388 348.974
61 391 412.267
61 416 2384.95
61 488 387.978
62 67 421.749
62 153 412.205
62 162 394.355
62 196 533.627
62 448 545.52
62 473 984.177
62 494 644.6
63 9 32.6325
63 68 15.5598
63 87 37.3944
63 181 103.778
63 188 21.9423
63 203 25.9877
63 207 45.1098
63 309 30.2252
63 318 30.8168
63 319 28.5173
63 349 24.9428
63 456 42.954
63 476 15.258
64 17 54.9179
64 45 67.1204
64 112 113.966
64 127 62.7622
64 173 79.2172
64 183 82.8771
64 222 71.0186
64 223 41.4185
64 228 54.6926
64 466 95.1155
64 483 119.188
65 14 42.6336
65 289 29.0547
65 373 36.2746
66 11 326.911
66 43 509.438
66 58 712.325
66 86 2227.07
66 197 534.644
66 294 537.64
66 332 266.444
67 4 94.1366
67 201 232.096
67 204 80.1457
67 217 77.5694
67 297 113.584
67 306 75.4859
67 352 64.9824
67 398 100.951
68 10 324.483
68 18 624.549
68 71 207.337
68 90 173.054
68 93 286.15
68 145 416.583
68 149 321.076
68 156 441.996
68 187 268.309
68 194 201.124
68 232 201.073
68 266 184.524
68 376 393.051
68 395 242.63
68 411 347.396
68 439 212.217
68 460 495.385
69 186 67.281
69 204 159.648
69 257 86.4687
69 297 188.55
69 306 70.1503
69 323 98.426
69 436 62.4481
70 99 537.811
70 133 333.243
70 172 640.271
71 38 193.686
71 59 364.763
71 215 176.72
71 328 230.736
71 437 281.292
71 479 379.975
72 51 329.493
72 95 555.366
72 113 328.57
72 174 543.467
72 178 435.882
72 272 305.963
72 305 433.907
72 361 295.9
72 453 667.122
73 55 215.109
73 72 156.506
73 139 132.615
73 157 399.813
73 205 114.966
73 206 181.509
73 231 1041.08
73 243 203.708
73 358 235.032
73 492 170.905
74 99 76.5882
74 102 149.365
74 133 233.729
74 268 101.808
74 293 391.348
75 92 472.71
75 107 479.981
75 226 468.826
75 331 565.471
75 475 2210.77
76 0 72.0069
76 29 68.1645
76 160 133.188
76 195 67.7675
76 496 55.693
77 4 392.867
77 85 481.41
77 135 3880.86
77 152 392.809
77 192 385.525
77 213 675.742
77 217 697.548
77 230 455.624
77 299 731.891
77 394 479.267
77 442 391.25
77 480 545.629
78 61 346.44
78 62 307.067
78 128 310.165
78 139 206.998
78 157 225.77
78 205 243.127
78 206 413.543
78 220 429.247
78 381 200.332
78 415 340.785
78 486 305.975
79 20 131.861
79 47 200.283
79 88 1952.92
79 146 239.033
79 316 2538.19
79 329 270.868
79 422 148.492
79 455 133.95
79 477 216.219
80 118 1834.58
80 216 569.198
80 350 305.489
80 369 266.651
80 425 463.084
81 38 251.578
81 114 352.654
81 141 327.769
81 215 367.723
81 227 684.339
81 246 328.838
81 253 1086.73
81 479 278.083
81 481 362.552
82 335 259.718
82 337 200.292
82 425 161.138
82 440 1028.47
82 443 254.25
82 471 160.279
83 80 281.31
83 140 564.965
83 373 298.52
83 469 207.078
83 478 498.913
84 68 393.201
84 149 330.173
84 177 612.989
84 203 309.233
84 251 513.947
84 319 306.008
84 321 990.747
84 386 578.589
84 497 395.251
85 26 38.3927
85 71 19.8821
85 221 31.1208
85 286 33.0414
86 425 33.3449
87 78 312.942
87 119 1428.31
87 144 626.442
87 247 562.986
87 470 323.382
88 36 453.387
88 189 413.003
88 263 405.126
88 300 397.73
88 303 370.378
88 362 519.331
88 413 555.948
89 8 521.597
89 40 1445.17
89 123 336.523
89 132 441.832
89 169 357.296
89 240 1794.51
89 245 277.377
89 259 330.076
89 308 280.79
89 368 561.575
89 404 287.473
89 414 283.065
89 424 578.382
89 447 3181.16
90 45 227.427
90 112 256.175
90 127 206.127
90 173 196.435
90 183 283.754
90 222 847.158
90 228 351.711
90 466 424.773
90 483 236.839
91 218 292.454
91 372 123.01
91 487 178.539
92 39 68.6711
92 248 51.8175
92 250 63.2914
92 285 56.7302
92 326 93.8391
92 430 134.875
92 463 67.4214
92 484 74.7373
93 91 1443.78
93 108 404.643
93 143 413.107
93 259 362.576
93 296 360.297
93 346 1390.11
93 401 386.572
93 491 417.345
94 17 283.459
94 45 515.519
94 112 391.058
94 127 472.433
94 173 330.734
94 183 683.846
94 222 313
94 223 252.755
94 228 219.596
94 466 316.793
94 483 489.022
95 40 71.0675
95 123 292.081
95 169 282.562
95 240 73.4668
95 245 60.8582
95 368 82.0904
95 404 67.5357
95 418 68.9364
95 447 65.2769
95 495 128.878
96 25 978.96
96 28 728.073
96 101 804.832
96 246 461.423
96 322 668.34
96 330 396.668
96 356 727.649
96 360 431.454
96 421 638.703
96 432 1793.58
97 46 148.086
97 60 195.155
97 76 126.017
97 237 213.186
97 282 260.779
97 374 155.154
97 472 354.774
98 212 323.191
98 214 240.976
98 242 443.164
98 372 315.378
98 445 475.516
98 464 1000.74
98 487 310.325
99 186 25.3176
99 204 50.6171
99 257 30.3956
99 297 38.2546
99 323 48.5772
99 419 20.5541
99 436 27.923
100 19 683.856
100 37 601.856
100 65 751
100 148 1815.05
100 202 456.912
100 434 1488.38
100 493 454.301
101 122 419.584
101 126 2375.33
101 129 637.557
101 165 1066.6
101 397 1032.42
101 407 1072.68
101 409 826.479
101 419 842.222
101 426 962.823
101 436 753.637
102 99 230.836
102 172 336.419
103 147 1043.37
103 267 746.375
103 383 6632.66
104 99 497.952
104 109 445.511
104 123 512.726
104 169 357.932
104 172 604.622
104 418 851.862
105 79 131.04
105 248 636.851
105 250 252.588
105 463 218.449
105 484 325.304
106 78 210.339
106 119 132.709
106 144 77.4258
106 180 82.4755
107 39 329.671
107 248 307.173
107 250 382.464
107 285 274.264
107 326 491.784
107 430 720.495
107 463 408.984
107 484 469.705
108 43 1341
108 56 349.214
108 58 305.555
108 86 617.629
108 197 254.519
108 233 259.07
108 294 548.869
108 339 286.253
109 20 189.084
109 45 465.863
109 112 182.826
109 127 371.423
109 183 673.52
109 222 334.259
109 228 176.356
109 313 192.609
109 466 198.166
109 483 196.166
110 1 307.481
110 33 234.97
110 35 238.249
110 50 246.001
110 52 261.02
110 191 420.948
110 209 225.139
110 281 302.315
110 351 251.852
110 366 230.569
110 441 373.932
110 468 225.999
111 17 164.187
111 45 291.201
111 112 267.971
111 127 257.526
111 173 208.565
111 183 395.162
111 222 463.147
111 228 241.472
111 466 330.017
111 483 269.17
112 112 341.443
112 141 556.807
112 222 347.523
112 227 914.969
112 228 724.113
112 253 424.164
112 466 561.175
112 479 382.837
113 57 471.086
113 229 1217.02
113 429 423.294
113 446 523.51
113 461 392.262
114 24 144.529
114 77 427.012
114 283 170.133
114 288 176.946
114 324 266.05
114 337 188.956
114 359 193.351
114 367 216.688
114 433 129.56
114 446 187.282
115 3 362.689
115 117 314.731
115 151 536.885
115 287 542.793
115 458 314.915
115 490 363.466
116 22 17.5319
116 57 25.0241
116 94 18.509
116 229 27.8984
116 355 18.2963
116 429 17.0736
116 438 19.7264
116 461 35.3003
117 16 201
117 32 227.465
117 96 531.346
117 170 504.378
117 179 239.07
117 235 508.643
117 252 255.442
117 284 209.177
117 371 200.623
117 396 385.899
117 402 280.03
117 403 198.092
117 417 382.197
118 19 298.443
118 81 798.707
118 163 409.156
118 190 411.499
118 202 854.409
118 292 633.296
118 451 330.777
119 99 2004.69
119 109 470.794
119 133 264.024
119 172 777.164
119 196 310.141
119 418 254.007
120 68 427.765
120 177 592.141
120 203 420.28
120 207 369.033
120 251 933.487
120 319 440.76
120 321 544.069
120 357 410.26
120 386 2327.3
120 497 933.514
121 13 414.223
121 212 1624.73
121 214 562.032
121 242 370.373
121 354 359.827
121 445 1901.03
121 464 769.498
122 2 713.836
122 15 287.479
122 317 468.92
122 400 382.518
122 431 716.081
122 493 281.069
123 7 429.941
123 8 336.431
123 63 480.113
123 132 524.587
123 240 251.323
123 259 274.865
123 364 477.789
123 392 243.581
123 406 233.341
123 414 906.098
123 420 251.32
123 424 356.008
123 447 254.206
124 72 233.899
124 84 257.541
124 125 772.795
124 157 208.632
124 205 256.949
124 241 366.528
124 243 229.65
124 380 350.875
125 54 635.879
125 107 427.958
125 111 417.308
125 115 644.73
125 161 468.956
125 226 417.646
125 238 482.689
126 13 404.051
126 212 2059.61
126 214 1498.46
126 354 396.138
126 445 975.284
126 464 481.154
127 48 61.4869
127 63 63.0111
127 70 144.724
127 91 91.8
127 97 70.1816
127 278 94.5225
127 334 60.382
127 346 84.7057
127 364 58.2753
127 389 146.243
127 474 101.788
128 223 190.728
129 166 334.355
129 344 277.128
130 30 190.274
130 138 364.717
130 184 118.274
130 315 92.3352
130 482 2269.17
131 19 55.0314
131 81 62.5648
131 148 45.8584
131 190 55.9877
131 202 238.138
131 292 47.4486
131 434 48.8996
131 451 64.6819
132 27 123.664
132 92 170.815
132 107 63.0733
132 320 105.396
132 331 160.858
132 340 66.0574
133 98 875.857
133 184 347.66
133 315 708.587
133 332 421.066
133 387 386.57
133 412 991.971
133 465 425.268
134 29 412.993
134 160 351.498
134 195 340.859
134 431 361.201
135 98 12.5031
135 150 24.772
135 234 11.3967
135 387 109.788
135 412 20.2818
135 465 11.371
136 24 456.41
136 77 682.31
136 283 1161.33
136 288 1257.27
136 324 866.011
136 337 880.17
136 359 1708.48
136 367 597.957
136 370 397.012
136 433 593.983
137 80 291.656
137 140 264.791
137 146 297.66
137 271 375.423
137 379 246.22
137 469 420.55
137 478 274.693
138 19 243.765
138 37 316.97
138 65 300.733
138 148 589.311
138 202 255.797
138 434 876.363
138 451 268.379
139 168 297.362
139 175 586.315
139 234 244.868
139 307 466.851
139 345 938.283
139 444 180.266
140 104 309.622
140 225 2654.83
140 399 280.961
141 127 311.492
141 223 544.672
141 313 323.345
141 433 333.272
142 24 1278.87
142 324 654.941
142 367 924.128
142 433 439.211
143 71 84.351
143 73 188.794
143 159 149.411
143 286 72.642
143 411 76.8371
143 462 84.266
144 74 752.985
144 100 267.101
144 146 78.1468
144 167 230.791
144 357 128.458
144 379 95.8587
144 422 110.788
145 102 130.879
145 133 245.708
145 293 171.362
146 158 106.946
146 224 111.165
146 312 99.0348
146 406 93.1886
147 13 1139.02
147 198 664.884
147 242 421.651
147 260 515.657
147 336 847.775
147 354 885.426
147 361 440.961
147 377 456.792
148 33 5.62028
148 52 20.5723
148 120 5.02721
148 209 7.75388
148 239 5.83181
148 276 6.35276
148 281 6.74999
148 290 5.09586
148 303 4.61187
148 351 15.6303
148 366 39.4885
148 468 10.3283
149 6 24.572
149 97 23.1779
149 154 20.9141
149 176 82.3089
149 193 67.3996
149 334 20.7808
149 459 40.0234
150 20 320.914
150 88 439.094
150 222 454.802
150 228 350.312
150 316 430.702
150 329 1165.42
151 61 1263.34
151 66 415.138
151 82 267.812
151 128 438.589
151 139 563.701
151 206 338.9
151 381 1106.37
151 410 343.927
151 415 338.728
151 486 838.42
151 492 295.072
152 105 327.317
152 159 333.15
152 254 302.039
152 391 440.247
152 416 700.978
153 150 136.042
153 375 94.8673
153 387 175.213
153 412 91.5848
154 96 486.35
154 153 506.792
154 162 440.158
154 170 382.761
154 235 441.749
154 417 451.799
154 473 493.672
154 494 461.792
155 99 174.795
155 109 87.2995
155 133 92.1238
155 172 143.231
155 293 79.5117
156 151 633.896
156 161 360.96
156 236 731.925
156 238 364.35
156 382 636.019
156 490 706.74
157 36 703.251
157 103 350.428
157 171 304.053
157 189 366.553
157 239 317.457
157 263 1224.25
157 290 464.909
157 300 709.219
157 325 457.343
157 362 324.474
157 449 387.608
158 10 391.117
158 18 636.652
158 145 452.983
158 149 655.926
158 156 2147.51
158 187 1387.21
158 194 685.897
158 232 856.325
158 376 2861.05
158 395 442.652
158 411 415.411
158 439 693.643
158 460 482.997
159 248 768.05
159 250 585.363
159 326 315.209
159 430 362.631
159 454 268.912
159 463 533.852
159 484 2651.3
160 10 694.702
160 18 251.624
160 71 540.843
160 90 501.142
160 93 1443.23
160 145 695.622
160 149 235.658
160 156 194.626
160 286 332.79
160 411 360.501
160 460 534.364
161 89 1161.83
161 200 1436
161 265 290.69
161 295 259.632
161 390 266.077
161 399 257.405
161 452 269.301
161 472 252.764
162 62 84.2297
162 208 113.689
162 220 112.951
162 270 75.6724
162 338 73.3795
162 339 89.2856
162 378 83.0756
163 118 274.014
163 216 152.667
163 425 279.666
164 73 283.498
164 105 284.844
164 159 356.772
164 416 319.386
164 462 321.044
164 470 321.832
165 39 1970.65
165 194 405.379
165 266 805.836
165 285 2315.1
165 395 597.732
165 439 430.78
165 462 424.966
166 4 3057.05
166 135 125.826
166 201 216.623
166 217 243.575
166 306 123.063
166 352 124.997
166 480 163.214
167 36 624.027
167 98 203.422
167 103 429.848
167 171 292.998
167 184 213.346
167 189 328.721
167 263 273.729
167 300 1003.18
167 325 227.932
167 362 235.169
167 449 231.711
167 465 244.754
168 87 11.6543
168 181 10.3746
168 188 22.5152
168 318 15.5373
168 456 12.7827
168 476 38.9955
169 0 249.525
169 15 185.548
169 29 519.589
169 160 301.128
169 195 353.537
169 431 211.995
169 496 199.418
170 69 14.8542
170 108 13.7695
170 143 18.8128
170 254 10.1095
170 258 52.7322
170 280 37.1089
170 284 9.76057
170 296 13.9709
170 310 11.8149
170 401 10.2415
171 100 233.622
171 167 225.69
171 188 276.046
171 379 265.87
171 476 453.378
172 16 563.362
172 53 744.265
172 170 323.644
172 244 637.342
172 284 339.268
172 310 333.479
172 384 289.594
172 396 279.273
172 494 389.434
173 51 216.501
173 95 231.109
173 113 225.063
173 174 211.993
173 178 186.298
173 260 179.039
173 272 229.966
173 291 214.937
173 305 311.478
173 336 196.315
173 361 242.164
173 453 253.824
174 31 434.573
174 42 1653.61
174 117 404.985
174 265 414.173
174 295 475.975
174 382 399.224
174 390 407.079
174 452 480.944
174 458 652.608
174 467 1109.99
175 13 265.67
175 212 789.316
175 214 328.704
175 242 257.3
175 354 226.624
175 445 1194.06
175 464 588.023
176 69 71.2642
176 108 298.446
176 143 212.396
176 258 188.404
176 280 327.346
176 296 106.337
176 401 142.105
177 160 168.839
178 36 1833.16
178 103 423.143
178 184 424.579
178 189 770.521
178 263 718.736
178 290 424.204
178 300 1270.19
178 362 694.722
179 75 1151.63
179 79 1296.88
179 248 434.687
179 250 413.606
179 413 913.576
180 21 230.7
180 55 652.718
180 72 334.109
180 139 224.015
180 157 421.093
180 206 250.555
180 231 769.228
180 243 448.939
180 298 214.797
180 358 801.844
180 492 329.176
181 66 52.9972
181 82 108.31
181 102 167.017
181 133 71.7632
181 268 94.7483
181 293 86.1465
181 385 49.6479
181 410 53.6432
181 435 49.9914
182 81 229.94
182 155 577.491
182 163 236.627
182 190 283.301
182 292 239.976
182 444 316.364
183 38 364.528
183 59 199.18
183 215 268.714
183 261 149.728
183 328 259.164
183 437 741.581
183 479 215.137
184 98 454.001
184 103 1054.47
184 116 852.511
184 150 318.238
184 171 1042.7
184 234 363.002
184 300 333.72
184 412 334.055
184 449 310.041
184 465 992.704
185 24 263.94
185 57 313.304
185 77 534.724
185 324 401.971
185 337 266.611
185 359 268.818
185 367 384.66
185 446 631.677
186 34 82.5889
186 49 1146.19
186 51 59.672
186 113 55.5807
186 121 77.5503
186 154 989.362
186 278 59.8654
186 312 78.355
186 420 65.9369
187 14 93.0004
187 289 113.435
187 373 323.751
188 52 205.748
188 120 166.143
188 209 187.685
188 239 945.078
188 263 260.666
188 276 200.22
188 290 514.457
188 303 172.836
188 325 329.884
188 351 194.31
188 366 242.734
188 449 223.627
188 468 214.442
189 177 370.457
189 251 986.463
189 321 436.87
189 357 293.824
189 386 759.288
189 497 443.71
190 9 621.166
190 68 758.607
190 131 317.612
190 134 389.641
190 177 455.061
190 182 419.511
190 187 357.987
190 203 562.491
190 207 341.979
190 219 350.188
190 232 459.872
190 309 604.872
190 319 465.594
190 321 331.622
190 349 597.808
190 498 683.536
191 16 422.875
191 53 477.798
191 143 456.039
191 244 526.379
191 296 611.237
191 302 1096.06
191 308 694.001
191 384 669.331
191 423 2164.49
191 491 2760.63
192 166 693.765
192 198 461.048
192 260 555.939
192 361 415.454
192 377 692.155
193 81 413.95
193 155 770.603
193 163 500.491
193 190 450.187
193 292 460.851
193 444 876.111
194 91 51.0059
194 108 74.1818
194 136 34.5741
194 143 61.2106
194 258 41.7384
194 280 45.8667
194 296 42.0123
194 346 47.627
194 401 62.0611
194 491 36.1439
195 175 11.4432
195 307 10.5373
195 345 12.9178
195 444 12.4946
196 28 351.763
196 38 437.204
196 114 337.692
196 215 802.837
196 227 476.182
196 246 498.51
196 253 624.959
196 356 353.913
196 421 314.37
196 437 372.237
196 479 362.443
196 481 362.904
197 17 1316.12
197 45 210.111
197 112 339.297
197 127 218.91
197 173 486.22
197 183 212.319
197 223 249.847
197 301 211.676
197 466 187.525
197 483 529.701
198 3 407.228
198 248 251.298
198 304 293.577
198 341 275.528
198 427 269.981
198 454 353.508
198 484 276.426
199 6 193.183
199 85 105.691
199 135 135.692
199 201 110.855
199 213 158.188
199 217 116.437
199 299 303.914
199 343 321.808
199 348 108.658
199 394 212.533
199 398 110.938
199 459 116.48
200 81 1213.75
200 155 739.436
200 163 868.938
200 190 773.316
200 202 449.858
200 292 1640.57
200 444 437.359
200 451 405.9
201 114 127.986
201 141 264.822
201 227 596.848
201 228 234.942
201 253 207.511
201 466 180.313
201 479 145.897
202 80 134.482
202 114 174.921
202 141 160.221
202 227 101.708
202 253 115.402
202 271 146.888
202 481 138.633
203 27 114.839
203 54 770.94
203 107 129.819
203 111 263.651
203 115 110.577
203 226 106.058
204 0 715.497
204 29 414.076
204 160 1141.8
204 195 482.937
204 264 344.254
204 496 526.784
205 89 604.856
205 200 507.045
205 399 552.489
206 225 558.641
207 13 2618.09
207 198 428.249
207 212 368.691
207 242 338.567
207 336 442.732
207 354 851.76
207 377 276.105
207 445 313.894
207 464 341.18
208 35 10.0519
208 191 11.0562
208 363 9.01514
208 490 5.92141
209 198 323.219
209 218 1061.35
209 242 405.542
209 372 386.751
209 377 342.347
209 487 839.93
210 31 544.539
210 46 888.672
210 60 624.314
210 76 3433.14
210 115 373.774
210 199 805.864
210 295 348.129
210 353 1003.34
210 390 395.662
210 472 368.673
211 7 335.248
211 8 1003.12
211 40 391.268
211 63 511.76
211 132 7663.1
211 240 427.128
211 259 569.823
211 364 396.335
211 368 310.938
211 414 497.559
211 424 1145.83
211 447 492.663
212 74 287.933
212 100 454.139
212 167 347.199
212 188 203.848
212 379 695.832
212 469 265.356
212 476 258.631
213 118 384.308
213 335 508.581
213 393 334.707
213 425 1516.62
213 440 356.286
213 443 563.636
214 186 333.637
214 204 1975.52
214 257 399.877
214 297 919.177
214 306 339.42
214 323 526.303
214 398 374.944
214 436 396.359
215 24 154.186
215 57 151.739
215 77 244.815
215 283 135.696
215 324 235.706
215 337 136.001
215 359 142.539
215 367 233.533
215 446 309.31
216 1 428.144
216 19 441.156
216 37 419.269
216 50 535.131
216 65 629.623
216 148 496.346
216 277 415.139
216 317 484.113
216 400 626.772
216 434 425.628
216 493 683.95
217 166 1392.39
217 344 367.872
217 377 460.391
217 457 492.384
218 30 62.8045
218 98 39.4694
218 138 35.2446
218 184 43.0158
218 197 37.1182
218 315 150.508
218 332 81.6798
218 412 39.4925
218 482 40.7131
219 150 29.6792
219 168 38.247
219 234 24.3493
219 307 29.5349
219 342 27.7482
219 345 24.4439
219 375 66.0911
219 387 24.5191
220 1 330.321
220 19 244.715
220 33 947.81
220 50 212.064
220 52 479.423
220 209 698.347
220 239 202.656
220 281 214.241
220 351 267.068
220 366 346.383
220 441 303.492
220 468 542.074
221 0 603.724
221 15 1037.45
221 29 1291.74
221 160 494.847
221 195 1008.7
221 431 587.577
221 496 583.292
222 56 609.546
222 67 720.861
222 153 640.274
222 162 855.358
222 233 357.638
222 365 306.803
222 448 304.929
222 473 312.008
223 47 207.641
223 74 919.167
223 100 450.627
223 146 215.275
223 167 429.224
223 357 390.628
223 379 219.388
223 422 372.922
223 477 202.545
223 497 196.919
224 475 193.301
225 64 212.772
225 212 137.76
225 214 217.708
225 445 108.759
226 0 295.308
226 15 227.918
226 29 494.071
226 147 144.223
226 160 199.886
226 195 599.719
226 431 142.762
226 496 295.175
227 0 166.255
227 29 151.91
227 160 330.209
227 195 153.192
227 496 126.287
228 7 1020.84
228 34 268.029
228 63 584.254
228 70 304.61
228 121 325.388
228 132 234.111
228 278 344.358
228 312 210.07
228 364 1358.22
228 406 230.406
228 414 254.155
228 420 357.481
228 474 440.54
229 66 312.088
229 82 443.285
229 385 1020.24
230 255 318.785
230 269 827.36
230 282 333.6
230 311 641.061
230 374 318.915
230 399 345.063
231 10 345.271
231 71 359.869
231 90 1136.66
231 93 406.837
231 145 362.304
231 286 434.166
231 460 327.039
232 39 31.4589
232 250 19.2612
232 285 23.3834
232 326 20.0318
232 430 24.6165
232 463 20.8876
232 484 19.188
233 80 374.666
233 140 969.393
233 373 439.215
233 469 415.969
233 478 619.434
234 26 106.572
234 221 77.8242
235 8 399.612
235 259 478.381
235 302 817.584
235 308 1654.6
235 384 584.69
235 423 712.118
235 491 777.609
236 104 649.501
236 225 610.779
236 255 664.843
236 269 599.827
236 399 710.269
237 149 498.68
237 177 492.647
237 251 494.234
237 321 747.659
237 386 476.197
238 105 414.392
238 254 467.807
238 391 1607.95
238 416 341.384
239 89 709.925
239 200 957.157
239 211 390.833
239 265 409.763
239 452 364.087
240 105 210.378
240 108 210.503
240 254 278.326
240 258 178.003
240 280 238.322
240 391 324.758
240 401 200.371
241 81 6.43858
241 155 11.815
241 190 10.7336
241 451 9.80129
242 42 250.189
242 89 237.915
242 199 218.667
242 200 314.496
242 265 595.761
242 295 567.363
242 390 418.35
242 452 764.847
243 87 91.1615
243 181 69.6557
243 188 108.804
243 211 80.1054
243 318 109.622
243 456 80.5454
243 476 116.336
244 61 552.433
244 66 1036.13
244 82 427.359
244 139 774.474
244 381 1461.48
244 385 389.321
244 405 644.107
244 486 470.592
244 492 464.206
245 101 162.815
245 261 315.855
245 322 185.406
245 360 259.386
246 21 1010.95
246 55 729.747
246 72 404.605
246 139 486.176
246 157 438.054
246 231 647.07
246 243 460.549
246 298 807.937
246 358 936.015
246 492 1023.89
247 40 478.012
247 123 570.721
247 169 348.497
247 240 334.261
247 308 296.099
247 368 272.487
247 418 374.258
247 447 363.308
248 61 133.694
248 66 94.6065
248 139 460.703
248 206 78.6258
248 231 74.0515
248 381 232.618
248 405 88.5266
248 486 87.9237
248 492 119.284
249 75 479.852
249 184 364.84
249 189 367.994
249 362 560.452
249 413 676.131
249 482 320.046
250 24 88.0782
250 223 120.699
250 313 87.9049
250 433 106.674
251 12 467.821
251 32 1221.76
251 96 120.827
251 142 100.04
251 170 140.543
251 179 284.482
251 180 147.408
251 235 138.852
251 252 618.473
251 327 178.328
251 371 205.829
251 396 177.58
251 402 138.736
251 403 184.333
251 417 114.562
252 105 460.422
252 108 368.286
252 143 280.803
252 254 658.046
252 258 351.93
252 280 460.632
252 391 537.241
252 401 337.668
253 80 191.9
253 140 420.731
253 271 137.981
253 379 119.549
253 469 282.14
253 478 315.728
254 74 187.206
254 167 175.288
254 177 185.981
254 203 194.996
254 207 218.681
254 251 369.394
254 319 217.631
254 357 413.877
254 386 519.346
254 497 1817.97
255 100 198.164
255 140 170.812
255 167 168.152
255 379 434.19
255 469 285.551
255 476 167.816
256 10 220.564
256 71 336.38
256 73 214.966
256 93 219.143
256 159 260.093
256 286 398.121
256 411 209.759
257 10 390.226
257 18 660.562
257 39 552.417
257 73 466.936
257 194 454.315
257 266 3983.64
257 285 770.062
257 376 442.236
257 395 2884.37
257 411 525.725
257 439 501.038
257 460 404.522
257 462 406.53
258 46 19.0886
258 60 25.1802
258 76 17.859
258 199 15.6708
258 237 13.6409
258 282 12.7086
258 295 11.5961
258 353 11.1558
258 390 14.0256
258 472 40.7645
259 17 1045
259 45 152.423
259 112 244.289
259 127 158.893
259 173 350.287
259 183 153.789
259 223 183.104
259 301 156.226
259 466 135.942
259 483 376.394
260 102 238.4
260 133 189.143
260 268 217.637
260 293 284.91
260 448 152.32
261 38 546.529
261 59 427.809
261 215 371.032
261 261 357.717
261 328 995.649
261 437 1287.36
261 479 357.229
262 74 86.3382
262 167 79.7671
262 177 76.3131
262 203 80.4191
262 207 91.6301
262 251 157.143
262 319 89.4345
262 357 207.998
262 386 201.17
262 497 483.789
263 95 437.473
263 174 903.657
263 178 785.181
263 361 475.57
263 453 1523.96
264 50 267.138
264 277 657.119
264 317 350.945
264 400 256.905
264 408 274.337
265 30 136.107
265 78 113.625
265 138 324.908
265 482 193.544
266 174 528.017
266 178 520.838
266 260 407.392
266 361 558.301
266 453 684.142
267 185 171.253
267 248 171.005
267 427 156.264
268 3 531.384
268 117 384.389
268 137 348.358
268 287 559.389
268 304 438.359
268 341 600.125
268 347 476.563
268 454 488.272
269 9 449.736
269 68 745.729
269 177 1112.33
269 203 681.067
269 207 458.734
269 251 458.909
269 309 343.376
269 319 681.525
269 321 628.638
269 357 324.345
269 386 687.047
269 497 623.784
270 105 59.9283
270 254 40.9859
270 391 26.5773
270 416 21.4445
271 7 24.2469
271 34 11.1607
271 49 6.1307
271 63 8.81462
271 70 6.89351
271 121 15.032
271 278 8.19801
271 312 8.08293
271 364 14.0325
271 406 8.79093
271 414 6.82164
271 420 18.4197
271 474 9.04472
272 22 333.939
272 57 700.11
272 229 492.6
272 355 331.153
272 446 318.313
272 461 412.86
273 126 563.911
273 129 227.632
273 165 350.966
273 397 360.869
273 407 316.245
273 409 312.064
273 419 327.863
273 426 1317.34
273 436 422.018
274 150 469.491
274 387 856.011
274 412 351.18
275 80 500.155
275 140 904.669
275 271 420.778
275 379 597.034
275 469 2398.6
275 478 685.716
276 118 315.111
276 251 401.866
276 386 327.579
277 50 18.9293
277 277 27.2001
277 317 24.6057
277 400 20.7828
277 493 18.8831
278 119 944.44
278 142 197.039
278 144 741.861
278 210 249.713
278 247 500.919
278 470 200.598
279 118 86.8827
279 216 36.9025
279 350 22.1445
279 425 44.9271
280 31 621.732
280 42 534.359
280 76 338.703
280 115 243.434
280 199 565.435
280 295 395.519
280 353 280.645
280 390 379.441
280 452 242.106
280 467 450.916
281 161 438.264
281 236 228.786
281 238 423.949
281 382 197.672
282 141 71.2835
282 222 113.486
282 227 54.5438
282 228 156.096
282 329 70.8289
282 466 74.3237
283 7 12.4883
283 8 15.7198
283 63 26.7785
283 70 11.1557
283 91 12.7117
283 132 16.7195
283 259 23.14
283 278 10.2658
283 346 13.8452
283 364 16.1589
283 414 10.2642
283 424 14.6604
283 474 12.0837
284 1 65.1645
284 33 121.226
284 52 1767.38
284 120 62.0067
284 209 202.648
284 239 86.867
284 276 77.1602
284 281 90.1146
284 290 66.7051
284 351 153.961
284 366 314.264
284 441 64.1223
284 468 312.247
285 99 1178.78
285 109 510.87
285 133 451.776
285 172 895.813
285 196 376.359
285 293 399.405
286 49 253.319
286 51 244.083
286 97 246.935
286 113 243.071
286 154 282.239
286 176 670.152
286 193 609.94
286 272 238.344
286 459 340.768
287 57 380.456
287 94 361.14
287 229 626.588
287 429 353.607
287 438 303.453
287 461 814.229
288 73 33.3744
288 105 38.9642
288 159 41.6174
288 254 32.9621
288 416 40.2662
288 462 38.3402
288 470 40.4695
289 25 555.523
289 28 1142.07
289 38 466.784
289 101 921.98
289 215 455.754
289 246 515.519
289 322 1038.33
289 356 1070.57
289 360 847.147
289 421 501.678
289 432 779.76
290 0 1042.36
290 15 100.582
290 29 240.133
290 160 240.606
290 195 447.549
290 496 468.275
291 30 385.979
291 58 662.734
291 86 315.619
291 138 271.273
291 197 379.378
291 294 268.006
291 332 285.173
291 482 240.922
292 53 203.783
292 244 243.642
292 296 163.665
292 302 2497.37
292 308 310.837
292 384 760.985
292 423 402.221
292 491 293.454
292 494 172.086
293 99 966.225
293 109 488.873
293 133 537.98
293 172 854.773
293 293 457.809
294 34 62.1667
294 121 54.0748
294 158 68.7992
294 224 73.4259
294 312 83.8702
294 406 72.4757
294 420 53.2359
295 225 1797.67
296 40 97.045
296 123 201.022
296 169 2808.26
296 240 112.542
296 245 96.9701
296 368 143.374
296 404 110.699
296 447 92.7792
296 495 220.692
297 168 57.5288
297 175 147.865
297 234 63.6607
297 307 75.4434
297 345 108.364
297 444 90.9087
298 225 348.722
298 379 315.305
298 476 381.631
299 74 961.399
299 100 1760.91
299 167 3335.82
299 188 287.127
299 357 359.757
299 379 362.325
299 422 257.943
299 456 252.159
299 476 300.988
300 80 313.636
300 140 314.005
300 373 458.217
300 478 349.081
301 3 548.415
301 117 493.734
301 151 395.454
301 287 814.693
301 304 418.337
301 341 550.582
301 347 527.371
301 454 454.219
301 458 382.346
302 62 166.575
302 67 161.155
302 128 179.249
302 233 190.309
302 268 196.342
302 365 780.635
302 378 183.607
302 410 248.742
302 415 183.83
302 435 842.487
303 35 471.763
303 50 333.064
303 191 291.903
303 275 354.7
303 277 395.188
303 408 987.286
304 147 196.594
304 267 322.426
304 275 235.822
304 277 318.011
304 383 183.781
304 408 288.545
305 35 431.193
305 83 472.959
305 151 531.916
305 191 560.855
305 363 5313.8
305 427 447.798
305 450 498.4
305 490 746.843
306 43 489.115
306 56 520.069
306 86 259.25
306 233 340.111
306 294 308.369
306 339 279.825
306 378 206.731
307 49 238.916
307 51 616.301
307 95 543.755
307 113 511.768
307 154 250.941
307 272 344.582
307 291 240.008
307 305 529.659
308 25 100.963
308 28 388.613
308 38 98.5076
308 101 87.6025
308 215 116.967
308 246 146.513
308 322 92.8161
308 356 355.824
308 360 98.4091
308 421 107.474
308 432 120.443
308 437 67.485
309 11 427.251
309 43 353.039
309 208 564.749
309 339 378.973
310 35 448.908
310 191 2026.08
310 281 292.557
310 363 361.967
310 441 249.251
311 8 1037.2
311 40 884.754
311 63 438.07
311 132 1107.96
311 169 402.031
311 240 1354.36
311 245 408.369
311 259 561.251
311 368 718.648
311 404 409.197
311 414 596.03
311 424 1288.41
311 447 1457.38
312 196 85.0184
312 448 74.3655
312 473 118.355
312 494 186.456
313 188 181.37
313 318 168.313
313 476 221.18
314 49 217.731
314 51 408.633
314 113 426.63
314 154 242.003
314 176 258.158
314 193 401.123
314 272 442.968
314 291 357.376
314 305 301.167
315 2 710.589
315 37 503.243
315 65 546.838
315 148 351.293
315 317 457.867
315 400 1342.08
315 431 351.356
315 493 1118.91
316 47 4.76847
316 88 11.2113
316 146 7.98636
316 271 4.95769
316 316 11.7428
316 329 8.62834
316 477 4.95142
317 4 483.926
317 135 1128.51
317 201 493.186
317 213 391.86
317 217 1333.41
317 299 526.091
317 394 342.24
317 480 467.496
318 80 369.112
318 88 296.379
318 140 320.398
318 146 455.098
318 271 519.787
318 316 303.698
318 379 316.542
318 469 480.87
318 478 335.718
319 41 692.092
319 106 368.878
319 131 344.075
319 134 388.047
319 137 6798.98
319 182 465.355
319 219 461.161
319 304 478.959
319 341 553.925
319 347 845.141
319 454 413.406
319 489 461.594
320 80 57.9386
320 140 60.8143
320 271 27.2628
320 469 26.3835
320 478 142.016
321 85 323.447
321 135 944.425
321 152 296.157
321 192 263.652
321 213 402.791
321 217 357.445
321 230 336.325
321 262 241.244
321 273 242.575
321 299 369.722
321 388 251.687
321 394 273.605
321 442 267.579
321 480 356.919
322 23 462.235
322 105 1110.23
322 144 401.513
322 210 550.577
322 247 428.507
322 254 722.362
322 470 441.554
323 6 307.968
323 48 228.729
323 70 226.718
323 85 222.039
323 97 875.158
323 176 389.788
323 192 215.576
323 262 268.568
323 278 217.063
323 334 1017.78
323 348 348.952
323 389 324.052
323 394 271.271
323 442 215.785
323 459 433.728
324 89 159.801
324 200 176.292
324 211 123.511
325 4 230.172
325 201 424.01
325 204 140.964
325 217 161.051
325 297 217.064
325 306 179.669
325 352 153.927
325 398 154.544
326 24 69.6868
326 324 60.0744
326 367 87.4607
326 446 38.0117
327 90 569.868
328 112 229.018
328 141 351.72
328 222 487.153
328 227 283.622
328 228 1323.87
328 329 259.818
328 466 406.271
329 61 1.16485
329 62 1.19514
329 128 1.52389
329 268 1.13244
329 365 1.19906
329 378 1.14038
329 381 1.13699
329 410 1.8927
329 415 1.35753
329 435 1.25857
329 486 1.28499
330 12 585.237
330 32 542.64
330 96 357.055
330 179 731.155
330 180 400.197
330 235 377.21
330 252 505.727
330 327 1850.25
330 402 560.84
330 403 1423.33
330 417 393.327
331 314 384.266
331 485 209.565
332 74 693.893
332 100 557.885
332 167 780.479
332 181 504.005
332 188 471.723
332 203 415.744
332 207 633.184
332 251 398.542
332 318 401.191
332 319 475.604
332 357 931.413
332 386 458.587
332 456 540.764
332 476 393.359
332 497 679.81
333 42 329.923
333 106 268.604
333 117 272.863
333 211 254.056
333 265 690.5
333 295 311.999
333 390 256.843
333 452 764.234
333 458 326
334 48 63.414
334 85 66.0673
334 108 49.5763
334 136 85.3842
334 152 297.021
334 192 78.4489
334 230 119.083
334 262 59.749
334 391 58.1747
334 401 64.3607
334 442 78.006
335 82 391.962
335 102 434.288
335 133 762.521
335 293 545.547
335 385 385.692
336 47 419.01
336 74 1319.49
336 100 712.551
336 146 395.158
336 167 722.093
336 357 891.052
336 379 378.639
336 422 773.814
336 477 406.315
336 497 412.126
337 1 287.251
337 19 370.05
337 33 1116.22
337 52 394.944
337 202 254.614
337 209 830.132
337 239 278.821
337 351 244.924
337 366 331.598
337 441 254.308
337 468 563.665
338 31 285.633
338 107 169.021
338 115 581.971
338 161 218.383
338 226 197.22
338 238 249.288
338 353 196.35
338 382 172.353
338 467 182.057
339 11 817.807
339 43 313.338
339 58 321.63
339 86 356.85
339 197 506.465
339 332 295.39
340 165 443.882
340 186 421.106
340 204 815.654
340 257 450.535
340 297 500.826
340 323 937.556
340 397 480.635
340 419 520.077
340 426 432.691
340 436 918.195
341 10 439.825
341 18 654.641
341 93 419.751
341 145 532.011
341 149 936.053
341 156 26466.4
341 187 1512.54
341 194 542.249
341 232 823.571
341 321 397.549
341 376 1432.14
341 395 418.762
341 411 447.524
341 439 550.04
341 460 560.61
342 13 571.833
342 212 455.612
342 214 335.561
342 336 328.438
342 354 819.12
342 445 312.681
342 464 259.395
343 84 9.77216
343 241 10.7959
343 270 16.2447
343 314 28.5569
343 338 14.6945
343 380 12.3535
344 44 269.814
344 47 632.349
344 118 318.454
344 216 532.774
344 350 1541.43
344 369 316.052
344 422 388.267
344 455 511.144
344 477 587.286
345 118 409.035
345 425 597.601
346 223 391.629
347 31 428.723
347 42 338.116
347 115 354.896
347 161 476.325
347 236 392.473
347 238 597.796
347 382 653.357
347 467 584.768
348 16 20.3048
348 23 22.9675
348 69 90.8415
348 105 19.7541
348 143 23.0494
348 254 22.9097
348 258 36.0026
348 280 29.2624
348 284 30.1316
348 296 22.4049
348 310 34.6723
349 147 547.837
349 267 192.984
349 383 443.397
350 204 135.816
350 297 56.9771
350 323 39.6188
350 398 61.3748
350 436 41.8965
351 30 3990.98
351 58 355.921
351 138 506.953
351 184 277.413
351 197 368.447
351 315 426.843
351 332 506.287
351 482 521.157
352 116 321.497
352 150 288.774
352 168 233.449
352 175 890.797
352 234 797.027
352 307 272.503
352 345 320.511
352 444 241.506
353 80 292.009
353 114 570.519
353 141 265.152
353 253 271.265
353 271 256.09
353 428 292.765
353 481 452.724
354 15 203.008
354 29 127.734
354 147 448.933
354 195 134.991
354 267 151.777
354 383 188.465
354 496 139.073
355 108 169.032
355 136 11.8147
355 143 17.3507
355 258 15.3378
355 280 21.6616
355 296 11.3229
355 401 47.1414
356 186 18.9539
356 204 9.06394
356 257 32.8299
356 297 9.83318
356 306 8.09826
356 323 19.1573
356 436 8.12443
356 438 9.69474
357 2 1230.22
357 37 162.736
357 65 161.93
357 317 205.802
357 400 304.238
357 431 226.499
357 493 239.692
358 49 440.269
358 51 963.479
358 95 797.092
358 113 792.971
358 154 464.126
358 272 538.58
358 291 379.118
358 305 751.616
359 260 793.17
359 361 1183.1
359 453 475.78
360 87 372.97
360 188 353.035
360 211 590.008
360 318 392.154
360 476 356.179
361 1 75.9863
361 19 23.636
361 33 26.2982
361 35 26.9335
361 50 85.2619
361 191 29.3555
361 441 138.766
362 34 90.3626
362 49 106.65
362 51 54.5739
362 95 63.269
362 121 74.8291
362 154 95.9807
362 312 119.687
362 406 64.0847
362 420 66.2456
363 118 410.041
363 335 815.39
363 393 458.282
363 425 1060.06
363 440 541.296
363 443 917.605
364 166 32.6668
364 260 27.4199
364 361 23.4186
365 74 710.932
365 100 497.911
365 167 778.04
365 181 275.209
365 188 290.887
365 207 317.278
365 319 253.268
365 357 706.901
365 386 271.362
365 422 263.265
365 456 302.171
365 476 260.952
365 497 374.725
366 83 212.298
366 151 368.894
366 363 650.624
366 427 228.248
366 450 245.298
366 490 598.616
367 41 288.902
367 106 297.535
367 131 514.026
367 134 650.132
367 137 307.048
367 182 481.565
367 219 1111.97
367 274 419.044
367 309 206.015
367 347 259.085
367 349 240.35
367 489 484.747
367 498 255.149
368 12 112.839
368 23 245.503
368 32 108.49
368 69 91.3474
368 142 619.056
368 170 93.9364
368 180 117.904
368 210 173.97
368 252 104.574
368 371 228.739
368 396 106.596
369 75 30.4944
369 79 58.8046
369 248 39.2576
369 250 55.6388
369 463 58.4233
369 484 31.8846
370 10 806.222
370 18 997.889
370 71 490.145
370 73 295.016
370 90 268.663
370 93 562.979
370 145 649.408
370 149 287.833
370 156 323.03
370 266 361.168
370 286 272.816
370 376 337.081
370 395 472.361
370 411 2683.88
370 460 835.583
371 20 1387.26
371 44 696.811
371 45 366.476
371 127 338.908
371 164 364.533
371 183 381.234
371 222 378.359
371 279 431.632
371 313 370.214
371 329 395.616
371 333 336.707
371 369 367.522
371 455 365.97
372 20 207.355
372 44 275.049
372 47 239.151
372 118 341.536
372 164 203.52
372 216 503.418
372 350 615.886
372 369 493.103
372 455 574.58
372 477 235.342
373 36 315.636
373 103 118.045
373 189 157.337
373 263 319.312
373 290 152.198
373 300 278.849
373 303 113.505
373 325 134.553
373 362 144.586
373 449 117.748
374 33 80.1965
374 52 134.694
374 120 103.051
374 209 108.57
374 239 305.608
374 263 112.967
374 276 134.07
374 281 84.6597
374 290 261.781
374 303 104.158
374 325 113.765
374 351 134.885
374 366 174.739
374 449 85.9886
374 468 130.968
375 39 638.161
375 250 391.415
375 285 496.322
375 326 530.065
375 430 679.038
375 463 419.53
375 484 422.595
376 14 83.9224
376 130 59.1738
376 289 62.1001
376 373 88.9075
377 163 274.368
377 175 472.801
377 234 269.257
377 307 266.848
377 345 341.419
377 444 841.744
378 34 20.6501
378 49 19.5414
378 95 26.2517
378 312 26.698
378 406 19.911
379 267 293.244
379 275 878.439
379 277 204.223
379 408 469.348
380 74 2134.95
380 100 2753.09
380 167 7133.61
380 188 473.825
380 357 673.833
380 379 593.125
380 422 467.517
380 456 426.112
380 476 487.07
381 198 615.686
381 218 548.298
381 242 620.909
381 377 677.892
381 487 722.067
382 30 335.98
382 58 359.297
382 138 357.42
382 294 266.614
382 327 353.394
382 403 305.867
382 482 286.713
383 80 1099.91
383 140 861.305
383 271 471.851
383 373 393.348
383 469 385.81
383 478 1531.57
384 33 12.3958
384 52 12.6703
384 202 8.33672
384 209 16.6683
384 239 19.4484
384 290 9.75311
384 325 10.4335
384 351 9.12649
384 366 12.6011
384 449 9.20052
384 468 16.8087
385 71 199.356
385 73 287.563
385 159 960.557
385 286 199.93
385 416 217.384
386 68 89.7167
386 90 95.9876
386 145 91.8605
386 149 180.931
386 156 99.7098
386 177 116.175
386 187 96.3058
386 321 197.23
386 460 86.3607
387 98 138.637
387 103 154.786
387 116 375.176
387 150 168.685
387 171 176.062
387 175 117.433
387 234 219.975
387 387 125.552
387 412 124.929
387 465 229.621
388 15 2211.37
388 29 446.362
388 147 418.165
388 195 407.028
388 277 457.448
388 317 732.684
388 431 602.78
389 35 62.1868
389 161 108.083
389 236 94.1142
389 238 88.136
389 275 62.2088
389 382 64.5523
390 105 738.672
390 210 375.025
390 247 355.774
390 254 522.883
390 470 439.411
391 12 434.713
391 32 343.118
391 78 399.336
391 119 405.258
391 142 359.631
391 180 1047.64
391 327 371.511
391 371 330.628
392 155 35.9884
392 444 35.5473
393 0 372.138
393 147 751.444
393 195 360.689
393 383 531.031
393 496 487.793
394 8 912.682
394 40 2323.92
394 123 453.418
394 132 721.939
394 169 467.41
394 240 1742.21
394 259 541.626
394 308 440.02
394 368 700.151
394 414 419.115
394 424 1021.45
394 447 37912.1
395 21 626.709
395 55 328.128
395 139 296.887
395 157 228.34
395 231 328.388
395 243 224.543
395 298 457.785
395 358 399.761
395 405 248.683
395 492 695.365
396 39 68.5293
396 41 90.6737
396 194 101.073
396 304 69.0873
396 326 132.79
396 430 119.161
396 439 93.9649
397 168 225.574
397 307 165.204
397 342 313.003
397 345 127.546
397 375 245.902
397 485 181.107
398 61 262.317
398 62 328.588
398 128 1116.51
398 206 167.643
398 220 203.007
398 365 176.811
398 378 175.107
398 381 172.075
398 410 307.104
398 415 1088.95
398 435 185.759
398 486 431.472
399 53 269.353
399 96 275.918
399 153 303.957
399 162 272.384
399 244 269.973
399 473 364.991
399 494 432.543
400 166 133.878
400 344 64.4325
400 377 56.7917
400 457 199.925
401 48 599.736
401 85 306.807
401 108 253.637
401 136 2009.73
401 152 383.351
401 192 453.044
401 230 392.195
401 262 353.593
401 348 256.134
401 401 363.823
401 442 440.06
402 116 274.639
402 175 877.914
402 234 357.089
402 307 255.658
402 345 328.892
402 444 399.678
403 98 790.104
403 103 307.938
403 116 335.391
403 150 462.199
403 171 282.853
403 234 321.586
403 315 293.396
403 387 544.618
403 412 949.167
403 465 668.877
404 19 72.2662
404 81 116.84
404 148 63.2719
404 155 62.9116
404 190 103.987
404 202 517.358
404 292 83.063
404 434 67.9212
404 451 114.15
405 37 166.755
405 65 108.627
405 148 123.33
405 434 144.991
405 451 95.7987
406 16 294.084
406 53 409.614
406 244 490.366
406 302 396.896
406 384 556.504
406 423 304.319
406 494 1328.72
407 21 379.448
407 298 475.659
408 20 636.511
408 44 439.083
408 45 508.394
408 127 452.118
408 183 578.149
408 222 701.067
408 228 366.957
408 313 365.822
408 329 473.629
409 26 115.571
409 221 155.809
409 273 224.406
409 388 1740.04
409 480 198.758
409 488 983.932
410 9 95.7766
410 87 293.04
410 181 260.678
410 188 318.85
410 203 85.7981
410 207 128.803
410 309 95.9664
410 318 955.567
410 319 92.2958
410 349 88.6648
410 456 461.355
410 476 149.887
411 3 555.557
411 83 359.636
411 427 518.087
411 450 429.825
411 454 339.818
412 13 971.627
412 198 416.377
412 260 419.29
412 291 422.392
412 336 1506.89
412 354 1153.1
412 361 394.218
413 137 4.03326
413 304 10.1871
413 326 7.54513
413 341 6.38935
413 430 6.59634
413 454 10.3845
413 484 4.91817
414 14 31.4441
414 130 100.397
414 256 51.2655
414 330 35.6426
415 2 34.8301
415 15 132.007
415 29 36.7197
415 195 32.7028
415 277 33.6656
415 317 65.6205
415 400 33.005
415 431 60.3227
416 164 240.437
416 279 274.358
416 283 571.475
416 288 485.353
416 313 258.403
416 324 231.733
416 333 294.835
416 337 285.57
416 359 462.865
416 370 646.627
416 433 443.553
417 25 364.059
417 28 592.52
417 38 270.374
417 101 209.367
417 114 232.107
417 215 407.457
417 246 2882.51
417 253 270.051
417 322 212.717
417 330 233.658
417 356 618.075
417 360 216.676
417 421 508.475
417 428 286.739
417 432 345.252
417 481 270.68
418 62 170.341
418 208 257.778
418 220 181.126
418 233 153.978
418 339 290.026
418 378 205.611
419 4 6.41091
419 201 5.47125
419 297 5.9349
419 306 17.3043
419 352 21.8958
419 499 11.9587
420 72 339.308
420 84 297.411
420 125 731.371
420 157 274.652
420 205 307.054
420 241 404.334
420 243 328.289
420 380 381.213
421 46 679.23
421 60 663.274
421 76 437.652
421 237 547.011
421 353 464.702
421 475 466.448
422 67 666.156
422 153 370.158
422 162 419.754
422 233 339.59
422 268 463.37
422 365 547.487
422 435 560.813
422 448 634.905
422 473 402.077
423 85 143.283
423 135 138.415
423 136 93.1322
423 152 200.738
423 192 126.665
423 213 131.858
423 230 209.445
423 262 104.588
423 273 95.6236
423 299 100.296
423 348 91.3036
423 394 88.6442
423 442 128.424
423 480 96.6735
424 85 787.061
424 135 946.871
424 152 662.085
424 192 605.954
424 213 909.052
424 217 472.284
424 230 841.074
424 262 532.426
424 299 662.552
424 348 491.775
424 394 535.777
424 442 617.824
424 480 470.177
425 64 52.8888
425 212 30.7651
425 214 49.8205
425 398 24.3603
425 445 25.4561
426 61 440.901
426 62 671.813
426 128 1168.49
426 268 421.401
426 365 812.684
426 378 510.039
426 410 1717.86
426 415 1091.94
426 435 1020.22
426 486 678.973
427 83 799.692
427 120 444.122
427 185 541.247
427 191 410.672
427 276 415.789
427 281 673.486
427 303 377.395
427 351 413.959
427 363 693.714
427 427 499.287
427 450 622.228
428 72 473.021
428 84 495.174
428 125 1241.01
428 205 480.694
428 241 867.848
428 243 455.438
428 380 771.09
429 188 376.638
429 225 377.012
429 476 583.643
430 42 486.551
430 200 392.368
430 265 1601.85
430 295 631.198
430 390 482.955
430 452 4895.47
430 458 342.99
431 16 102.894
431 53 97.5545
431 108 75.5488
431 143 152.816
431 244 96.8538
431 258 112.223
431 280 87.4048
431 296 375.492
431 302 98.9363
431 310 92.0285
431 384 78.2111
431 423 182.028
431 491 209.836
432 32 206.597
432 56 205.793
432 96 419.111
432 153 225.973
432 162 204.631
432 170 193.434
432 179 273.007
432 235 369.511
432 252 220.54
432 294 199.352
432 327 210.685
432 396 190.634
432 402 557.495
432 403 279.063
432 417 643.112
433 168 40.8131
433 175 52.4008
433 307 56.4561
433 345 82.1286
433 444 36.9371
434 6 500.35
434 85 323.269
434 135 456.543
434 201 342.506
434 213 501.16
434 217 379.189
434 299 1093.35
434 343 726.634
434 348 320.77
434 394 623.194
434 398 315.743
434 459 315.561
435 23 271.337
435 69 547.479
435 105 311.043
435 108 260.611
435 143 293.383
435 254 393.368
435 258 470.152
435 280 454.694
435 284 279.169
435 296 256.574
435 310 311.593
436 67 315.841
436 96 670.721
436 153 509.275
436 162 425.77
436 170 370.188
436 179 315.334
436 235 558.813
436 396 334.263
436 402 439.816
436 417 653.354
436 473 333.549
437 6 1.18875
437 48 1.1884
437 85 1.46949
437 135 1.34405
437 136 1.1797
437 152 1.23393
437 192 1.29879
437 213 1.97521
437 217 1.18715
437 230 1.33262
437 262 1.28664
437 299 1.43296
437 348 1.28592
437 394 1.35323
437 442 1.30659
438 73 5.83681
438 144 7.13184
438 247 8.47013
438 462 11.0959
438 470 71.1513
439 26 959.129
439 221 936.405
439 286 295.09
439 388 336.433
439 488 382.712
440 20 57.5834
440 44 78.7053
440 164 174.63
440 279 85.6474
440 313 42.6834
440 333 104.425
440 369 83.4987
440 370 49.6338
440 455 48.4983
441 225 1732.51
442 3 672.953
442 151 870.564
442 287 551.728
442 490 524.227
443 126 504.978
443 165 412.597
443 204 401.877
443 214 461.186
443 397 428.791
443 419 417.054
443 426 1193.9
443 436 617.504
443 445 400.36
444 48 461.445
444 70 351.922
444 91 420.203
444 97 308.535
444 136 374.856
444 192 285.398
444 262 306.351
444 278 275.35
444 334 311.741
444 346 365.049
444 348 278.082
444 389 476.786
444 442 281.485
444 474 278.037
445 75 162.079
445 78 71.8138
445 79 58.3189
445 138 52.7555
445 413 69.4795
445 482 55.0415
446 0 692.164
446 15 239.305
446 29 597.006
446 160 350.186
446 195 1298.59
446 496 659.807
447 64 66.5802
447 113 50.6044
447 193 75.1577
447 272 61.6669
447 291 80.448
447 336 53.5293
447 354 58.5081
448 196 365.567
448 448 291.908
448 473 456.284
448 494 555.188
449 13 132.711
449 198 289.637
449 218 126.824
449 242 601.554
449 372 113.384
449 377 172.566
449 445 117.781
449 464 184.185
449 487 199.93
450 36 61.5905
450 75 45.9013
450 184 46.8234
450 189 67.0359
450 300 53.0972
450 362 103.275
450 413 94.1735
451 78 648.944
451 119 652.71
451 144 343.3
452 140 48.7068
452 225 46.0874
452 379 40.6781
452 469 46.7697
452 478 38.1064
453 46 639.989
453 60 671.024
453 76 418.386
453 237 662.087
453 353 421.426
453 475 421.682
454 66 588.512
454 82 1935.68
454 102 287.593
454 268 246.455
454 381 301.265
454 385 357.967
454 410 270.214
454 486 256.396
455 26 443.051
455 221 368.537
455 499 448.328
456 186 449.24
456 204 1070.68
456 257 583.496
456 297 1711.57
456 306 528.662
456 323 617.486
456 352 412.885
456 398 401.82
456 436 403.463
457 104 310.778
457 225 574.666
457 373 401.031
458 106 55.0763
458 211 108.968
458 265 64.4771
458 274 48.2441
458 452 53.4052
458 489 43.6345
459 67 8.92448
459 153 9.27305
459 162 8.71879
459 196 7.43832
459 448 9.81067
459 473 22.1063
459 494 9.53891
460 114 377.534
460 246 122.625
460 253 149.506
460 256 130.143
460 330 156.587
460 421 123.877
460 428 247.012
460 481 364.789
461 31 351.991
461 42 948.456
461 199 275.641
461 295 302.486
461 382 324.315
461 452 278.931
461 458 371.596
461 467 1586.25
462 8 491.38
462 40 343.821
462 63 155.996
462 132 430.822
462 240 398.991
462 259 226.4
462 308 139.202
462 368 213.006
462 414 185.598
462 424 658.794
462 447 578.082
463 255 356.239
463 269 558.523
463 311 542.105
464 40 544.09
464 123 856.587
464 169 2735.95
464 240 681.502
464 245 552.938
464 368 946.382
464 404 636.346
464 447 532.107
464 495 1027.79
465 168 398.132
465 175 608.993
465 234 301.216
465 307 597.3
465 345 1097.41
465 444 318.14
466 251 231.198
466 321 226.222
466 386 203.056
467 44 72.6065
467 47 62.9258
467 118 114.368
467 164 58.6679
467 216 160.639
467 350 146.758
467 369 132.721
467 455 130.358
467 477 61.8561
468 38 338.664
468 261 929.455
468 328 652.507
468 360 291.804
468 437 415.104
469 80 463.206
469 114 420.081
469 141 997.808
469 227 464.063
469 228 480.09
469 271 771.456
470 112 579.458
470 141 378.867
470 173 436.03
470 222 433.564
470 227 508.96
470 228 763.622
470 466 1235.48
470 479 479.461
470 483 432.189
471 81 91.1226
471 116 79.202
471 155 75.2644
471 163 271.472
471 171 78.8446
471 292 125.708
471 444 138.347
471 449 90.2405
472 0 307.436
472 29 440.654
472 160 400.357
472 195 365.014
472 431 318.674
473 81 113.595
473 155 351.516
473 190 157.171
473 292 112.482
473 444 119.87
473 451 111.47
474 59 5250.99
474 112 317.328
474 173 349.858
474 301 504.245
474 328 415.922
474 437 361.476
474 479 640.164
475 89 436.25
475 200 327.115
475 269 370.232
475 282 579.05
475 311 339.858
475 374 347.14
475 399 430.302
475 472 512.041
476 126 410.622
476 165 256.609
476 397 262.531
476 407 240.407
476 409 261.34
476 419 243.654
476 426 9235.18
476 436 317.145
477 35 118.802
477 161 106.634
477 236 95.9349
477 238 92.6393
477 275 128.718
477 408 104.061
478 3 171.607
478 83 159.464
478 151 123.749
478 185 97.078
478 363 106.838
478 427 401.775
478 450 285.239
478 490 107.111
479 40 17.831
479 123 29.602
479 169 97.1361
479 240 21.4799
479 245 16.9613
479 368 27.937
479 404 19.2326
479 447 17.2382
479 495 31.0236
480 7 527.19
480 34 3850.69
480 49 608.624
480 121 1674.86
480 154 526.987
480 158 415.745
480 224 443.341
480 278 390.863
480 312 3145.85
480 364 423.461
480 406 994.112
480 420 1352.32
481 208 24.4361
481 270 8.20715
481 314 7.4509
481 338 7.30053
482 66 9.72671
482 82 13.6933
482 102 12.766
482 128 10.3364
482 268 14.776
482 293 8.58357
482 365 8.83872
482 410 17.1981
482 415 8.71358
482 435 12.942
482 486 10.2212
483 26 18.6567
483 159 12.859
483 221 25.3611
483 273 17.9858
483 388 21.2203
483 416 11.5796
483 480 12.354
483 488 28.3815
484 13 422.602
484 64 510.478
484 113 448.271
484 193 572.955
484 272 561.466
484 291 782.686
484 336 510.388
484 354 549.039
485 5 285.098
485 22 571.993
485 110 240.742
485 124 333.704
485 186 353.12
485 257 315.886
485 355 1095.29
485 438 253.784
486 9 662.715
486 68 534.975
486 177 310.876
486 181 209.405
486 203 969.051
486 207 299.772
486 232 171.642
486 309 383.336
486 319 576.811
486 321 196.743
486 349 309.654
486 386 173.014
486 456 169.724
486 497 184.769
486 498 200.089
487 64 743.775
487 214 276.742
487 343 344.536
487 398 435.188
488 21 463.519
488 66 462.959
488 139 470.585
488 298 402.502
488 381 442.506
488 405 3267.47
488 492 501.523
489 2 200.5
489 15 339.938
489 277 242.318
489 317 829.377
489 400 238.206
489 431 256.604
489 493 183.384
490 2 167.637
490 37 35.333
490 65 33.2325
490 317 36.7274
490 400 51.4641
490 431 44.1591
490 493 44.9098
491 80 172.886
491 140 714.648
491 271 103.635
491 469 147.264
491 478 462.973
492 225 304.83
492 476 195.367
493 54 19.2038
493 111 21.6339
493 267 27.7379
493 275 130.21
493 408 27.8698
494 2 834.557
494 15 442.578
494 317 1071.83
494 400 737.026
494 431 753.322
494 493 494.054
495 188 460.498
495 318 329.515
495 379 295.54
495 456 300.892
495 476 890.427
496 94 126.957
496 122 186.986
496 126 254.845
496 129 891.865
496 165 337.552
496 249 192.487
496 397 284.825
496 407 1048.25
496 409 228.089
496 419 240.035
496 426 137.621
496 436 149.424
497 14 36.2525
497 140 37.1336
497 289 42.7095
497 373 502.202
497 478 34.6885
498 85 145.748
498 135 266.936
498 152 103.459
498 192 108.526
498 213 222.628
498 217 110.857
498 230 130.469
498 262 101.934
498 299 184.571
498 348 100.678
498 394 127.773
498 442 110.599
498 480 95.6193
499 186 201.599
499 204 202.992
499 257 240.911
499 297 179.407
499 323 546.496
499 397 125.262
499 419 137.776
499 436 177.352
499 438 139.861
