500 500 3647
0 16 269.926
0 31 388.856
0 114 134.067
0 304 231.971
0 340 162.612
1 26 866.118
1 78 511.267
1 165 418.415
1 180 125.306
1 463 170.05
1 491 699.167
2 111 161.11
2 112 177.636
2 170 368.883
2 206 1387.8
2 250 164.067
2 306 187.15
2 387 193.171
2 435 157.014
3 87 86.9873
3 128 112.904
3 166 58.6807
3 224 83.6217
3 229 57.8064
3 233 58.0818
3 256 55.2469
3 274 86.858
3 350 63.1908
3 358 85.6429
3 398 99.0177
3 426 60.4489
3 474 197.564
4 9 128.651
4 89 169.858
4 107 203.693
4 237 170.187
4 240 140.742
4 275 115.811
4 342 233.787
4 359 221.005
4 368 297.192
4 433 150.223
5 30 1966.39
5 82 392.218
5 150 1416.34
5 217 331.651
5 298 322.421
5 319 318.789
5 363 387.589
6 159 307.154
6 307 175.422
6 323 584.915
6 402 833.036
6 410 173.87
6 418 274.01
7 133 104.652
7 206 90.5956
7 485 121.41
8 8 377.6
8 30 411.092
8 98 711.417
8 217 1630.02
8 272 380.518
8 298 1756.29
8 330 509.371
8 444 1170.09
9 67 349.658
9 191 1317.9
9 296 528.96
9 300 427.263
10 37 45.3833
10 38 51.3453
10 87 62.0256
10 128 41.2275
10 204 47.2454
10 224 63.5892
10 230 37.5648
10 233 48.8468
10 274 36.988
10 350 76.486
10 358 67.3575
10 398 89.7124
10 474 275.685
10 498 51.783
11 206 89.3205
11 485 96.6726
12 5 110.033
12 15 138.534
12 16 286.316
12 31 377.723
12 72 107.664
12 139 130.442
12 264 110.181
12 304 112.284
12 345 105.276
13 191 2004.52
13 296 633.804
13 300 492.329
14 135 41.78
14 247 81.6166
14 262 49.9119
14 357 109.086
14 376 57.0585
14 439 170.839
15 55 412.298
15 117 632.093
15 275 270.477
15 452 301.515
15 472 814.922
16 130 166.164
16 135 244.868
16 301 300.801
16 364 176.226
16 366 301.976
16 461 342.928
17 156 205.934
17 164 198.608
17 183 355.637
17 187 193.448
17 198 207.725
17 266 260.188
17 320 658.573
17 382 570.523
18 268 534.508
18 313 389.345
18 490 1268.6
19 5 35.7269
19 9 19.6714
19 72 19.1043
19 139 22.2763
19 237 45.0747
19 264 16.5376
19 345 16.2837
19 359 19.6695
19 368 27.3756
20 133 453.386
20 170 331.696
20 206 294.226
20 387 473.828
21 89 339.001
21 107 303.229
21 209 431.333
21 223 607.436
21 240 371.257
21 260 567.974
21 434 1129.22
22 14 577.218
22 20 524.661
22 88 1418.77
22 93 1104.87
22 138 444.247
22 251 3402.16
22 331 562.509
22 360 519.077
22 361 497.891
22 395 1188.03
22 477 1586.28
23 13 31.8367
23 23 30.6177
23 47 29.6894
23 95 67.2471
23 120 38.8055
23 136 37.3476
23 182 40.232
23 189 29.6902
23 225 185.64
23 333 28.4574
23 338 31.0138
23 348 104.328
23 393 38.1646
23 423 30.3739
23 441 42.8282
24 53 657.654
24 103 377.598
24 121 229.416
24 160 224.973
24 212 518.928
24 312 494.427
24 476 271.671
24 499 258.052
25 54 660.386
25 108 1011.21
25 118 512.565
25 155 1925.76
25 184 717.963
25 244 849.418
25 279 754.881
25 332 1071.52
25 394 825.987
25 399 673.906
25 453 326.813
26 39 48.2501
26 58 46.2259
26 205 70.6362
26 238 83.9092
26 356 61.5764
27 40 389.291
27 52 347.447
27 222 648.012
27 292 376.251
27 328 317.445
28 18 83.9362
28 109 149.208
28 249 40.156
29 71 144.519
29 106 335.498
29 143 166.313
29 188 159.759
29 388 183.682
29 411 291.992
29 492 265.617
30 146 261.641
30 227 212.688
30 270 296.145
30 355 537.38
30 372 261.056
31 129 328.56
31 153 335.683
31 171 386.501
31 349 389.31
31 484 643.504
31 495 550.694
32 49 643.514
32 278 297.458
32 290 217.522
32 299 217.115
32 315 219.227
32 344 569.762
32 346 312.499
32 442 275.809
32 497 271.462
33 156 105.9
33 161 76.2232
33 187 69.6444
33 198 79.5872
33 265 44.8967
33 320 46.2605
33 329 54.561
33 422 186.639
33 462 66.0651
34 133 338.429
34 176 325.959
34 409 380.572
34 433 540.396
34 449 1194.02
35 2 493.589
35 25 166.003
35 46 194.813
35 65 178.486
35 74 457.593
35 105 571.777
35 119 187.341
35 213 248.947
35 241 231.23
35 243 189.804
35 255 694.152
35 271 168
35 302 463.272
35 305 179.709
35 378 168.343
35 407 481.974
36 40 56.7269
36 52 50.0983
36 90 38.0797
36 179 38.0518
36 222 94.9747
36 257 32.7827
36 292 41.9751
36 328 44.1233
37 1 33.8737
37 13 36.7055
37 23 35.9554
37 47 32.4633
37 69 34.0135
37 95 77.9082
37 120 47.8774
37 136 37.0431
37 172 33.2063
37 182 49.4397
37 225 108.217
37 333 32.6036
37 338 39.6907
37 348 133.231
37 393 38.0494
37 423 44.1538
37 441 49.8843
38 99 248.032
38 183 275.448
38 200 1101.56
38 246 260.739
38 267 345.766
38 459 458.031
39 245 208.784
39 254 274.036
39 258 273.571
39 337 265.857
39 353 211.723
40 30 415.749
40 47 606.414
40 136 268.32
40 150 291.59
40 182 257.796
40 189 364.871
40 215 824.677
40 441 289.376
41 111 16.6437
41 116 12.1653
41 170 23.2041
41 206 14.8285
41 250 55.5509
41 306 17.9461
41 387 13.1804
41 435 14.1091
42 8 653.727
42 98 564.293
42 217 510.336
42 272 435.24
42 298 527.813
42 330 1426.6
42 444 771.007
43 58 196.897
43 200 241.959
43 246 888.646
43 267 521.777
44 43 375.621
44 63 391.736
44 132 398.952
44 158 284.507
44 167 463.148
44 428 777.541
45 280 397.998
45 314 255.756
45 379 176.553
45 436 294.797
45 478 173.753
46 147 500.055
46 245 186.164
46 268 239.443
46 310 323.832
46 339 173.289
46 353 185.856
46 408 226.772
46 490 213.871
47 90 6.89616
47 328 6.4557
47 475 11.5246
47 496 10.1166
48 53 453.232
48 153 521.229
48 160 403.716
48 216 448.5
48 349 335.658
48 476 524.18
48 495 543.512
48 499 409.585
49 7 86.9931
49 70 88.9308
49 199 91.3061
49 214 152.083
49 380 119.611
49 427 139.383
49 460 195.276
49 465 85.6045
49 473 88.7755
50 23 307.082
50 120 351.097
50 155 388.633
50 172 328.977
50 192 305.515
50 332 309.94
50 338 475.095
50 394 343.461
50 399 639.888
50 423 397.286
50 453 704.187
51 104 378.879
51 159 358.13
51 242 587.147
51 317 573.602
51 344 361.646
51 386 1011.43
51 410 639.083
51 482 442.828
51 483 1055.66
51 497 452.271
52 58 558.883
52 183 128.453
52 187 151.142
52 198 140.587
52 205 166.099
52 238 488.805
52 266 190.861
53 51 506.316
53 112 469.264
53 485 551.479
54 82 449.028
54 129 619.858
54 153 575.858
54 171 662.155
54 216 458.564
54 319 414.66
54 349 424.998
54 484 655.597
54 495 879.948
55 45 594.07
55 197 419.682
55 219 532.458
55 220 690.937
55 231 1303.23
56 66 287.994
56 101 142.943
56 210 110.771
56 385 112.358
56 480 126.687
56 487 121.144
57 10 187.021
57 18 427.253
57 96 156.607
57 109 222.676
57 193 152.421
57 249 220.457
58 154 1516.98
58 232 384.285
58 335 1798.59
58 424 1236.45
59 35 421.363
59 140 470.127
59 234 354.602
59 236 1115.82
59 396 382.874
59 486 1366.13
60 188 289.005
60 207 505.931
60 255 203.876
60 305 240.824
60 324 384.292
60 365 260.988
60 411 408.571
60 492 531.061
61 3 239.26
61 40 139.887
61 52 154.15
61 90 169.25
61 179 185.622
61 257 139.197
61 475 240.552
61 496 196.507
62 147 836.992
62 268 1150.47
62 310 457.126
63 47 4761.32
63 95 731.793
63 136 580.504
63 182 769.155
63 189 712.591
63 190 439.568
63 215 2171.74
63 225 567.138
63 393 406.481
63 441 1007.09
64 67 218.221
64 140 741.863
64 234 539.943
64 374 180.22
64 447 195.814
64 486 212.413
65 44 417.024
65 81 592.1
65 82 641.148
65 129 892.892
65 150 381.152
65 171 1198.61
65 319 1569.67
65 322 1834.95
65 362 507.801
65 484 381.97
66 78 377.623
66 165 462.547
66 222 408.217
66 328 402.542
66 463 673.905
66 491 395.548
67 24 162.888
67 131 2527.42
67 134 478.099
67 295 3748.39
67 309 186.508
68 51 217.604
68 111 464.506
68 112 262.835
68 154 248.001
68 206 157.119
68 232 356.673
68 306 401.303
68 335 161.99
68 390 159.249
68 424 196.036
68 435 743.238
69 12 272.993
69 25 271.076
69 73 316.782
69 97 630.943
69 203 273.81
69 243 361.083
69 274 261.669
69 276 254.365
69 378 325.022
69 429 1074.82
70 1 343.195
70 69 342.998
70 95 336.148
70 172 269.93
70 182 360.353
70 190 289.278
70 196 310.195
70 225 241.218
70 348 239.516
70 383 220.563
70 423 273.852
70 440 214.162
70 441 297.479
70 479 233.122
70 494 228.191
71 55 407.747
71 117 728.549
71 275 294.384
71 452 328.802
71 472 814.049
72 64 773.811
72 99 456.448
72 144 498.963
72 194 444.488
72 218 883.198
72 261 845.693
72 282 409.002
72 286 920.492
72 337 510.906
72 430 1936.29
73 147 270.395
73 268 1421.14
73 490 297.972
74 26 660.802
74 78 568.881
74 165 441.953
74 176 302.828
74 180 414.371
74 491 549.668
75 0 62.5509
75 2 83.3526
75 25 46.941
75 46 76.8948
75 65 57.3773
75 74 101.099
75 105 200.597
75 119 46.6102
75 241 58.5994
75 255 66.2088
75 271 65.8636
75 302 230.276
75 367 66.6986
75 407 201.152
76 22 58.7509
76 32 65.4729
76 201 62.9314
76 236 63.2949
76 396 91.3207
76 425 62.2766
76 431 57.4694
76 486 88.4026
77 40 81.1279
77 52 83.9171
77 90 81.135
77 222 359.257
77 328 116.557
78 168 305.345
78 191 154.307
78 259 124.524
78 296 207.186
78 300 133.144
78 372 113.783
79 133 430.678
79 485 1055.26
80 0 319.435
80 2 522.678
80 25 287.962
80 46 451.431
80 65 348.326
80 74 618.151
80 105 2184.84
80 119 268.143
80 203 262.401
80 213 276.846
80 241 336.808
80 243 271.274
80 255 439.996
80 271 340.693
80 302 2496.53
80 367 335.654
80 407 1237.39
81 6 544.917
81 57 421.731
81 269 698.557
81 278 356.036
81 293 891.893
81 346 364.469
81 369 447.835
81 473 407.226
82 56 211.384
82 98 459.436
82 217 212.24
82 298 218.522
82 330 277.054
82 376 252.46
82 439 271.345
82 444 330.277
82 454 313.574
83 4 964.822
83 28 650.084
83 34 735.433
83 71 497.602
83 79 1045.92
83 113 882.972
83 177 1067.69
83 188 506.902
83 208 375.464
83 277 1803.93
83 352 869.87
83 365 649.605
83 388 406.75
83 391 953.889
83 397 1107.54
83 413 881.797
83 417 542.148
83 448 611.185
83 493 1662.26
84 27 1004.1
84 145 1018.08
84 147 454.961
84 209 573.885
84 281 2136.76
84 450 510.259
85 60 351.27
85 116 561.614
85 152 335.103
85 311 328.033
85 370 837.771
85 375 393.871
85 390 319.544
86 7 492.933
86 50 468.103
86 70 604.106
86 104 559.676
86 199 427.875
86 380 504.408
86 427 466.087
86 456 468.884
86 460 906.445
86 465 691.356
87 45 2.13249
87 164 1.83958
87 197 2.39478
87 220 1.93496
87 231 1.69123
87 450 1.73012
87 467 1.65587
88 268 63.1213
88 297 83.5875
88 304 85.7254
88 340 63.8109
88 470 48.0893
89 47 161.473
89 95 101.086
89 136 203.047
89 160 62.131
89 182 83.2172
89 189 253.494
89 215 125.658
89 225 112.842
89 348 69.1926
89 393 100.009
89 441 101.562
90 32 584.852
90 44 559.229
90 81 2252.5
90 129 445.93
90 171 644.755
90 319 577.405
90 322 1473.62
90 362 517.705
90 431 486.414
90 484 390.447
91 58 1437.39
91 183 525.565
91 205 438.63
91 238 617.637
91 246 411.992
91 266 773.166
91 267 402.42
91 320 407.65
91 382 438.171
92 91 289.841
92 265 178.761
92 406 2990.14
93 171 194.921
93 313 162.169
93 400 191.932
93 484 1377.7
94 14 370.437
94 64 327.637
94 88 786.535
94 93 600.431
94 149 319.137
94 251 510.574
94 282 636.032
94 360 358.079
94 395 440.806
94 443 338.759
94 477 582.648
95 14 423.352
95 19 572.373
95 20 2930.99
95 88 453.586
95 93 466.411
95 138 446.936
95 251 667.547
95 252 701.883
95 290 523.635
95 331 562.327
95 361 1268.9
95 395 618.094
95 442 466.224
95 477 528.493
95 488 472.466
96 214 995.854
96 235 383.803
96 380 437.943
96 427 630.798
97 48 158.253
97 86 249.06
97 181 184.673
97 311 208.791
97 371 378.43
97 375 146.081
97 446 650.513
97 466 155.841
98 42 806.009
98 110 287.234
98 263 392.449
98 307 733.653
98 323 291.481
98 356 336.263
98 412 682.702
98 418 404.114
99 45 135.144
99 151 144.268
99 197 93.2
99 219 288.482
99 220 191.379
99 231 166.604
99 321 165.818
99 467 330.136
100 5 282.903
100 72 246.744
100 176 846.945
100 180 246.641
100 409 444.293
101 45 114.678
101 145 114.507
101 197 114.849
101 211 164.986
101 220 110.585
101 321 109.567
101 450 207.814
101 467 115.723
102 156 428.312
102 161 1193.71
102 187 366.318
102 198 375.477
102 265 879.99
102 329 1038.98
102 422 674.545
102 455 457.832
102 457 495.244
102 462 704.467
103 35 74.835
103 239 92.2992
103 447 68.1671
103 496 76.6235
104 163 1443.83
104 166 1091.8
104 224 1012.36
104 233 825.108
104 274 419.121
104 358 928.26
104 474 407.764
105 24 330.262
105 131 700.002
105 134 839.72
105 173 374.56
105 295 820.961
105 309 831.251
105 374 440.561
106 140 861.378
106 234 509.389
106 236 462.534
106 486 740.8
107 114 9.90776
107 115 11.2002
107 313 35.5419
107 340 11.262
107 400 11.737
107 445 51.067
108 98 393.2
108 135 325.374
108 330 709.205
108 376 327.962
108 439 601.734
108 444 383.442
109 33 115.992
109 64 127.824
109 83 216.261
109 194 522.676
109 218 205.205
109 261 115.004
109 282 97.6914
109 286 277.485
109 430 102.816
109 453 94.8974
110 131 295.916
110 134 586.535
110 295 320.574
110 309 244.734
110 374 202.746
111 27 587.887
111 145 931.545
111 209 756.975
111 211 463.178
111 223 539.073
111 281 680.899
111 434 664.902
111 450 634.181
112 53 225.907
112 103 490.161
112 121 185.86
112 212 810.06
112 254 180.418
112 261 150.715
112 312 289.754
113 176 244.353
113 237 223.694
113 275 229.346
113 342 240.645
113 368 271.499
113 409 219.495
113 433 636.477
113 449 228.53
114 15 123.914
114 72 93.5514
114 139 86.2055
114 264 118.727
114 345 117.327
114 496 85.0964
115 19 510.629
115 20 123.064
115 85 158.309
115 169 106.585
115 252 114.531
115 442 136.435
115 488 299.792
116 11 194.742
116 91 211.797
116 161 190.899
116 265 315.976
116 329 240.038
116 406 313.148
116 455 304.155
116 457 271.732
117 168 515.65
117 191 497.855
117 296 366.074
117 300 951.321
117 372 365.491
118 59 251.563
118 168 107.208
118 202 158.251
118 259 102.983
118 285 422.035
118 381 104.965
118 384 100.659
119 13 608.748
119 23 546.513
119 47 402.604
119 95 521.185
119 120 567.297
119 121 510.672
119 136 911.22
119 160 402.342
119 182 387.513
119 189 557.747
119 225 963.95
119 333 565.94
119 338 426.614
119 348 779.851
119 393 1654.31
119 441 425.185
119 499 434.454
120 17 955.622
120 94 541.708
120 130 465.59
120 175 680.198
120 287 532.685
120 366 581.661
120 416 646.732
120 461 698.696
120 489 1034.62
121 11 186.732
121 39 188.636
121 58 230.561
121 156 171.593
121 187 219.214
121 198 195.304
121 205 162.649
121 238 357.688
121 266 156.229
121 462 167.253
122 60 750.454
122 152 1826.03
122 157 514.035
123 164 53.4788
123 258 51.5328
123 414 78.8541
123 459 60.9936
124 59 171.292
124 168 159.507
124 202 191.429
124 259 149.057
124 285 345.903
124 372 113.212
124 381 136.468
124 384 121.597
125 10 124.2
125 18 137.856
125 96 78.3502
125 109 59.5389
125 193 86.8682
125 249 155.113
126 58 361.658
126 156 729.754
126 161 317.782
126 183 480.565
126 187 692.773
126 198 802.55
126 266 550.696
126 320 937.671
126 382 653.036
126 422 456.843
126 462 334.987
127 30 650.468
127 82 908.632
127 129 515.05
127 150 1023.34
127 319 498.542
128 268 1003.22
128 340 444.938
128 490 428.435
129 24 692.367
129 131 369.623
129 134 238.631
129 173 199.402
129 292 199.364
129 295 375.704
129 309 235.242
130 66 341.64
130 77 441.582
130 101 380.786
130 174 367.06
130 210 1151.03
130 343 414.875
130 354 625.371
130 385 461.908
130 392 656.614
130 401 343.729
130 480 456.9
130 487 1002.93
131 3 326.768
131 179 191.782
131 447 239.052
131 475 202.261
131 496 218.66
132 137 295.08
132 270 1061.65
132 316 540.674
132 355 1034.58
133 37 87.0452
133 56 84.4419
133 98 108.434
133 204 92.3034
133 376 159.204
133 439 109.443
133 444 85.4292
133 454 213.565
133 498 127.256
134 135 127.093
134 247 126.109
134 301 141.397
135 45 543.212
135 151 405.122
135 197 371.396
135 211 322.944
135 219 569.897
135 220 731.988
135 231 514.882
135 321 535.231
135 467 924.537
136 14 222.899
136 93 138.347
136 246 195.333
136 267 166.36
136 438 139.655
136 477 125.105
137 10 404.448
137 102 1023.89
137 193 664.42
137 249 527.836
137 284 361.341
137 308 911.199
137 469 646.458
138 71 52.1424
138 106 412.323
138 143 126.94
138 294 64.1204
138 347 65.1912
138 388 65.0487
138 411 58.8532
138 492 54.9052
139 36 65.2658
139 87 81.0551
139 190 63.8102
139 230 126.748
139 256 180.54
139 398 63.1346
139 426 67.4111
139 479 90.1779
139 494 116.706
140 89 21.3793
140 107 28.7188
140 117 21.2407
140 240 42.2191
140 260 24.6682
140 275 23.3122
140 342 32.5482
140 452 19.6242
141 70 74.1224
141 280 290.084
141 314 85.53
141 379 117.161
141 436 164.585
141 478 115.536
142 61 427.317
142 138 448.439
142 149 421.445
142 185 238.67
142 228 206.437
142 251 141.425
142 327 419.766
142 331 328.687
142 351 388.905
142 360 732.864
142 395 228.534
142 443 188.961
142 468 230.716
142 481 319.958
143 42 594.013
143 263 438.54
143 307 826.198
143 356 1004.37
143 412 488.587
143 418 396.442
144 92 120.554
144 246 337.113
144 267 195.33
145 66 1031.26
145 101 611.832
145 122 417.503
145 195 425.791
145 226 314.056
145 289 470.458
146 209 181.769
146 211 299.875
146 223 1128.4
146 260 215.017
146 434 338.036
146 450 193.9
147 349 5143.04
147 476 866.021
147 490 389.796
147 495 490.265
148 27 346.636
148 145 726.636
148 209 348.409
148 211 724.668
148 223 390.796
148 281 490.236
148 434 351.628
148 450 7279.96
149 5 230.768
149 9 279.245
149 16 173.844
149 31 224.459
149 139 202.184
149 237 357.615
149 304 190.385
149 359 195.211
149 368 217.811
150 53 417.319
150 103 345.988
150 212 400.901
150 312 595.243
150 349 279.796
150 476 560.116
151 13 279.175
151 23 264.793
151 53 338.897
151 103 318.202
151 121 536.19
151 162 279.131
151 212 376.801
151 312 244.819
151 333 332.625
151 499 213.511
152 131 200.769
152 134 335.782
152 295 210.793
152 296 148.011
152 309 192.713
152 374 204.623
153 48 28.9627
153 116 31.5132
153 311 47.328
153 370 70.9128
153 371 25.7666
153 375 52.2122
153 446 23.6704
154 37 2369.86
154 38 3123.15
154 204 2161.37
154 224 393.832
154 233 478.563
154 350 1388.55
154 358 409.153
154 376 409.944
154 398 363.741
154 432 325.36
154 474 399.636
154 498 581.209
155 170 398.733
155 387 1064.13
155 472 540.104
156 8 34.1008
156 135 46.6216
156 301 38.4627
156 330 53.5459
156 366 35.8886
156 439 41.4356
157 6 236.344
157 43 243.656
157 63 232.323
157 158 337.569
157 269 451.749
157 278 232.738
157 293 332.671
157 346 221.339
158 86 936.867
158 291 808.033
158 371 425.652
158 446 445.657
158 451 599.698
158 466 633.478
159 97 195.944
159 166 86.4263
159 274 72.8957
159 429 98.8379
160 9 852.281
160 89 475.861
160 107 349.319
160 237 363.708
160 240 290.227
160 297 321.363
160 342 299.895
160 359 604.223
160 368 396.873
160 470 569.299
161 280 115.145
161 314 139.711
161 379 105.423
161 436 485.067
161 478 112.055
162 64 139.962
162 103 180.191
162 162 141.53
162 212 153.409
162 218 157.043
162 254 202.725
162 261 479.993
162 286 193.101
162 337 207.488
162 430 228.667
163 25 595.398
163 46 596.805
163 65 912.179
163 73 482.832
163 105 254.953
163 127 1792.86
163 128 298.36
163 203 648.13
163 229 733.813
163 243 278.023
163 302 269.651
163 426 436.999
164 73 60.6325
164 87 72.2232
164 127 58.2926
164 128 227.246
164 166 61.1347
164 224 69.9605
164 229 79.2882
164 256 59.7572
164 274 127.513
164 358 70.4916
164 398 74.6459
164 426 77.0474
164 474 105.914
165 77 247.058
165 124 308.054
165 174 754.637
165 210 209.954
165 343 625.832
165 354 266.1
165 385 140.274
165 392 276.018
165 401 254.111
165 405 249.059
165 487 199.785
166 14 808.318
166 88 354.63
166 93 424.779
166 251 348.92
166 290 309.724
166 361 413.056
166 477 401.601
167 26 581.027
167 78 1238.13
167 165 638.566
167 345 308.524
167 463 327.504
167 491 853.12
168 29 55.7155
168 76 15.4885
168 130 14.3234
168 137 10.7574
168 141 13.5415
168 336 10.3653
168 364 13.1668
168 437 41.6071
169 62 781.315
169 123 349.944
169 130 406.29
169 141 603.326
169 175 504.588
169 186 515.678
169 273 400.587
169 325 1750.32
169 336 1215.04
170 148 10.8914
170 253 13.738
170 288 10.6805
170 377 13.2008
170 389 16.4699
170 471 16.3628
171 1 987.571
171 69 992.242
171 95 517.361
171 172 751.308
171 182 492.725
171 190 398.983
171 192 470.396
171 196 596.89
171 225 434.698
171 348 495.15
171 383 412.579
171 423 782.31
171 440 507.126
171 441 436.721
171 479 378.915
172 137 251.059
172 270 754.218
172 316 493.584
172 355 639.412
173 326 411.485
174 4 745.35
174 34 430.525
174 71 512.137
174 79 769.822
174 113 413.638
174 177 700.597
174 188 1277.58
174 207 580.355
174 277 638.94
174 324 474.613
174 365 4610.7
174 388 481.944
174 391 381.722
174 397 399.655
174 411 380.1
174 413 370.316
174 492 560.038
174 493 495.084
175 37 453.36
175 38 561.059
175 163 341.327
175 204 413.056
175 224 372.193
175 233 613.534
175 350 374.916
175 358 375.533
175 432 402.162
176 6 531.821
176 7 219.385
176 50 210.187
176 57 380.934
176 269 428.154
176 278 241.655
176 293 903.652
176 346 259.074
176 369 282.932
176 473 321.381
177 10 379.949
177 18 266.344
177 96 461.087
178 44 535.941
178 81 437.937
178 82 539.011
178 129 499.781
178 150 499.499
178 171 460.898
178 319 1008.76
178 322 703.453
178 362 1013.25
178 363 586.267
178 431 363.555
179 22 77.8737
179 32 80.2421
179 44 60.2865
179 84 46.8932
179 201 69.6357
179 334 100.934
179 396 45.209
179 425 51.4325
179 431 103.048
180 268 711.674
180 313 306.46
180 340 368.363
180 445 313.03
180 490 383.189
181 78 214.055
181 90 177.667
181 165 194.955
181 328 197.168
181 475 196.557
181 491 193.665
182 26 334.673
182 41 601.039
182 78 227.37
182 165 229.019
182 180 975.333
182 409 231.898
182 491 243.415
183 17 301.792
183 135 238.18
183 175 274.074
183 287 242.677
183 301 244.426
183 366 630.035
183 416 304.562
183 461 442.466
183 489 473.64
184 55 214.545
184 116 519.659
184 250 205.118
184 311 377.055
184 370 716.371
184 371 217.324
184 375 826.64
185 76 38.4236
185 137 70.802
185 270 27.8195
185 316 61.777
185 355 25.8901
186 30 24.7268
186 47 9.89137
186 82 14.1504
186 129 9.90987
186 150 25.3027
186 189 9.83531
186 215 10.7762
186 319 9.93096
187 45 315.987
187 151 189.01
187 197 210.807
187 219 518.034
187 220 438.114
187 231 880.529
187 467 247.998
188 67 616.602
188 84 378.646
188 123 539.603
188 273 453.226
188 425 439.286
189 66 80.7624
189 77 87.9482
189 210 78.8208
189 385 171.96
189 392 88.9271
189 415 86.2069
189 480 268.059
189 487 104.999
190 30 316.007
190 82 225.12
190 150 417.085
190 272 322.507
190 319 242.621
190 362 317.175
190 363 1015.33
191 122 326.462
191 132 412.467
191 167 409.733
191 169 631.36
191 195 333.733
191 226 381.166
192 17 1345.03
192 94 782.076
192 175 301.137
192 287 745.367
192 416 817.377
192 489 845.883
193 5 3.22143
193 9 4.04119
193 89 2.99307
193 107 2.94243
193 237 12.0566
193 342 2.93034
193 359 4.80292
193 368 9.10393
194 17 92.9169
194 29 97.3627
194 130 157.666
194 141 106.812
194 175 155.954
194 301 93.5303
194 366 141.437
194 461 2949.1
194 489 98.452
195 9 196.883
195 27 266.816
195 209 251.844
195 281 173.21
195 297 341.258
195 470 601.039
196 26 2541.34
196 41 395.06
196 78 887.893
196 165 1235.19
196 180 422.171
196 463 740.164
196 491 1199.94
197 9 155.731
197 16 240.293
197 31 386.488
197 297 189.936
197 304 512.285
197 340 171.948
197 470 156.009
198 59 337.981
198 146 419.271
198 168 459.459
198 285 740.819
198 372 455.108
199 0 592.255
199 1 241.67
199 36 254.123
199 69 240.511
199 80 3784.2
199 125 372.051
199 172 229.712
199 192 314.225
199 196 274.668
199 271 229.688
199 367 482.056
199 383 315.126
199 420 576.132
199 440 356.459
199 458 3232.64
200 247 468.196
200 330 439.13
200 357 654.98
200 376 699.209
200 439 2973.48
201 43 535.525
201 63 572.321
201 85 400.255
201 132 716.744
201 158 392.235
201 167 1035.26
201 169 572.934
201 428 1018.11
202 142 139.636
202 280 102.001
202 314 378.902
202 436 142.302
203 67 190.937
203 140 684.368
203 234 355.221
203 236 221.469
203 447 183.366
203 486 336.312
204 140 373.857
204 173 513.804
204 234 317.592
204 309 552.239
204 374 819.657
204 447 624.087
205 37 30.3777
205 98 30.1429
205 204 31.558
205 357 38.5013
205 376 86.9846
205 439 60.8098
205 454 40.4241
205 498 34.5389
206 6 94.7312
206 57 59.1185
206 158 51.2319
206 269 205.695
206 278 164.348
206 293 113.269
206 346 145.601
207 151 1041.12
207 219 208.882
207 221 306.482
207 291 171.894
207 321 371.367
207 451 207.571
207 467 283.35
208 114 254.366
208 115 315.539
208 313 304.535
208 340 201.727
208 400 274.486
208 445 389.466
209 51 101.991
209 111 96.6721
209 112 203.838
209 170 86.0649
209 206 170.834
209 232 96.0574
209 306 116.054
209 435 104.073
210 66 348.976
210 385 294.03
210 415 346.58
210 480 349.602
211 171 267.907
211 349 416.291
211 476 258.812
211 484 513.478
211 495 413.111
212 147 190.016
212 245 463.07
212 310 218.34
212 339 208.128
212 353 394.679
212 408 254.965
212 490 226.163
213 140 665.637
213 234 301.921
213 374 272.457
213 447 764.294
214 70 406.164
214 280 6974.34
214 379 507.477
214 402 366.887
214 436 421.581
214 465 382.942
214 478 468.123
215 0 119.818
215 2 177.845
215 25 143.087
215 46 225.382
215 65 176.516
215 73 106.469
215 74 195.083
215 105 1035.3
215 127 114.432
215 203 127.695
215 213 125.841
215 241 117.131
215 243 132.181
215 255 178.667
215 271 115.562
215 302 1759.99
215 367 121.275
215 407 297.398
216 146 129.148
216 168 318.84
216 285 125.517
216 296 83.2868
216 372 225.132
217 48 299.58
217 68 283.019
217 157 673.577
218 19 973.68
218 20 499.006
218 85 464.189
218 252 760.626
218 290 617.206
218 361 460.729
218 442 1327.79
218 488 543.554
219 202 1001.62
219 259 650.076
219 381 1565.23
219 384 6712.12
220 97 420.224
220 163 1397.24
220 166 1868.63
220 224 654.305
220 233 552.369
220 274 453.872
220 358 618.584
221 35 441.175
221 115 251.476
221 236 266.488
221 396 204.552
221 400 173.552
222 205 666.798
222 238 382.403
222 242 636.527
222 356 403.07
222 482 520.053
223 81 550.455
223 82 581.304
223 129 978.493
223 171 5343.76
223 319 756.979
223 322 903.472
223 484 670.786
224 45 1086.58
224 164 656.804
224 197 11103
224 220 672.366
224 231 520.469
224 414 383.044
225 48 285.076
225 68 710.429
225 157 297.814
226 89 316.107
226 107 412.493
226 117 559.355
226 240 469.683
226 260 332.138
226 275 862.045
226 342 494.864
226 433 313.077
226 452 633.013
227 15 3.76618
227 16 9.06252
227 31 20.4332
227 139 3.33764
227 304 3.78157
228 148 387.781
228 253 405.293
228 288 405.339
228 377 422.245
228 389 467.581
228 471 464.838
229 135 499.166
229 247 1648.02
229 301 480.502
229 357 497.803
229 439 417.116
230 135 769.795
230 247 404.727
230 301 609.712
230 357 236.429
230 366 255.317
230 439 266.69
231 59 755.476
231 146 468.016
231 168 457.47
231 202 402.602
231 285 6240.26
231 318 358.957
231 372 434.655
232 89 305.267
232 107 335.905
232 117 236.047
232 223 232.568
232 240 562.575
232 260 1257.6
232 342 317.696
232 434 253.348
233 70 728.095
233 199 1651.43
233 214 426.043
233 235 434.795
233 283 471.791
233 379 517.253
233 380 12122.3
233 427 1487.38
233 465 542.536
233 478 481.248
234 55 242.259
234 116 330.237
234 311 538.475
234 370 473.885
234 371 261.143
234 375 3388.67
234 446 220.204
235 29 593.154
235 62 343.594
235 76 2395.88
235 130 374.393
235 137 686.445
235 141 445.851
235 316 452.278
235 336 384.853
235 437 789.864
236 53 1650.05
236 153 684.532
236 160 835.929
236 212 453.102
236 216 743.6
236 312 441.219
236 393 430.094
236 476 515.719
236 495 523.657
236 499 1037.76
237 6 123.404
237 158 113.143
237 269 228.621
237 278 104.482
237 293 190.977
237 346 102.302
238 41 410.804
238 133 359.576
238 180 424.304
238 326 506.861
238 409 452.293
238 449 428.041
239 112 134.741
239 206 147.598
239 485 230.574
240 199 316.364
240 235 2629.87
240 283 484.043
240 380 302.221
240 419 304.862
240 427 327.165
241 77 362.64
241 101 369.651
241 126 373.959
241 174 380.162
241 210 1114.71
241 343 379.936
241 354 768.588
241 385 340.931
241 392 527.575
241 401 390.777
241 480 331.193
241 487 659.796
242 5 118.29
242 72 34.3076
242 139 39.6696
242 237 14.1642
242 264 23.8476
242 345 23.5948
243 29 2449.98
243 76 483.797
243 130 1041.91
243 141 734.843
243 175 525.246
243 336 498.03
243 364 645.606
243 437 784.891
243 461 544.933
244 8 79.298
244 135 205.567
244 301 153.068
244 330 91.4304
244 366 134.734
244 439 81.129
245 27 428.025
245 145 800.428
245 209 278.54
245 281 2536.15
245 434 182.028
245 450 290.588
246 199 457.087
246 214 787.301
246 235 501.869
246 380 555.718
246 427 851.959
247 48 455.306
247 86 597.61
247 181 625.032
247 311 495.377
247 371 760.975
247 446 1084.91
247 466 459.65
248 183 897.19
248 200 791.891
248 266 570.345
248 267 481.128
248 320 541.175
248 382 672.504
248 459 685.158
249 104 15.7554
249 159 35.9937
249 242 22.5465
249 307 15.2056
249 323 28.6095
249 386 41.8205
249 402 17.4768
249 410 94.9533
249 418 27.1619
249 483 15.2329
250 19 9.10387
250 20 8.91138
250 61 19.0222
250 138 16.3335
250 169 10.9218
250 185 9.03243
250 228 11.218
250 327 18.909
250 331 13.0882
250 351 14.0425
250 360 9.81689
250 468 10.4837
250 481 9.87254
250 488 12.336
251 219 654.879
251 220 421.753
251 231 561.808
252 71 41.7828
252 106 190.127
252 143 61.4959
252 188 40.5284
252 294 38.666
252 347 36.3575
252 388 53.6394
252 411 59.6917
252 492 55.2191
253 12 162.798
253 106 218.238
253 143 289.316
253 276 185.526
253 411 214.384
253 492 157.948
254 12 752.547
254 25 331.074
254 73 334.037
254 97 373.079
254 213 513.77
254 243 571.156
254 276 428.529
254 305 534.088
254 378 1014.83
254 429 844.88
255 111 116.635
255 116 118.894
255 170 91.0829
255 250 280.559
255 306 111.561
255 370 74.0362
255 390 110.108
255 435 95.8827
256 16 89.6552
256 31 75.8816
256 114 462.664
256 239 72.6909
256 340 102.686
256 445 72.2306
257 147 223.889
257 268 523.643
257 490 372.83
258 14 150.479
258 88 57.0339
258 93 71.8025
258 251 44.0389
258 438 41.6275
258 477 58.8718
259 19 424.349
259 43 534.652
259 63 563.831
259 85 1113.92
259 158 426.009
259 167 409.352
259 169 549.593
259 428 540.275
259 488 473.978
260 147 1077.58
260 268 520.975
260 310 553.554
260 408 378.332
260 490 383.161
261 99 158.912
261 144 139.891
261 254 159.55
261 337 424.186
261 430 116.707
262 164 80.5575
262 258 97.4259
262 339 70.2672
262 414 141.918
262 459 78.396
263 245 54.226
263 258 20.1234
263 310 13.1838
263 339 21.5797
263 353 72.3106
263 408 20.7128
264 8 856.708
264 217 388.042
264 272 770.291
264 298 393.721
264 330 522.817
264 363 405.368
264 444 423.637
265 53 1811.97
265 121 460.932
265 136 404.12
265 153 577.379
265 160 868.607
265 212 434.725
265 216 679.762
265 393 500.6
265 476 399.936
265 495 422.041
265 499 1261.2
266 131 131.294
266 134 224.03
266 259 126.387
266 295 130.523
266 296 119.293
266 381 108.897
266 384 92.3774
267 37 784.721
267 38 494.454
267 204 804.071
267 262 350.507
267 350 425.261
267 357 326.406
267 376 745.234
267 432 301.678
267 439 280.723
267 454 287.449
267 498 431.946
268 43 397.546
268 63 441.772
268 85 300.432
268 158 258.377
268 167 160.848
268 169 160.011
268 428 331.351
269 268 348.321
269 340 124.257
269 490 154.606
270 20 327.141
270 252 838.266
270 290 1378.96
270 361 569.214
270 442 481.419
270 497 314.002
271 48 150.073
271 55 133.808
271 86 191.269
271 311 285.598
271 371 557.336
271 375 169.757
271 446 739.337
272 183 403.734
272 200 4416.12
272 246 489.436
272 267 719.131
272 459 460.281
273 52 139.643
273 90 200.211
273 328 192.46
273 475 292.2
273 496 180.267
274 101 1045.07
274 122 1256.89
274 195 1020.32
274 226 360.135
274 228 380.053
274 468 332.935
275 164 188.509
275 258 146.121
275 339 122.353
275 414 469.652
276 89 203.043
276 107 177.359
276 209 193.301
276 223 218.681
276 240 223.9
276 260 305.482
276 342 153.633
276 434 350.474
277 15 465.805
277 16 758.348
277 31 540.468
277 114 930.303
277 239 445.034
277 340 429.623
278 11 414.741
278 39 442.773
278 288 412.455
278 455 374.211
279 5 91.5995
279 72 154.683
279 78 105.108
279 139 118.766
279 264 185.62
279 345 200.403
279 491 92.7381
280 30 26.1759
280 47 9.84164
280 82 8.4754
280 150 14.1249
280 189 8.37745
280 215 11.2575
280 217 7.85216
281 99 252.238
281 144 198.729
281 200 147.296
281 337 162.123
281 438 127.225
281 459 191.558
282 248 571.766
282 404 537.004
282 415 1266.87
283 53 15.5487
283 103 16.0112
283 212 17.4441
283 312 27.9529
283 349 13.7356
283 476 25.1816
284 168 780.414
284 202 628.753
284 259 942.925
284 285 590.545
284 296 641.055
284 381 602.889
284 384 473.217
285 153 205.727
285 171 233.314
285 349 281.029
285 484 446.832
285 495 331.537
286 25 2320
286 46 507.372
286 65 878.871
286 73 2791.97
286 97 355.648
286 105 339.665
286 127 600.632
286 128 389.492
286 203 3981.41
286 229 647.677
286 243 673.921
286 274 385.949
286 302 348.87
286 378 331.761
286 426 384.42
287 55 14.4576
287 86 11.8952
287 117 23.2601
287 260 11.5383
287 275 11.0379
287 452 11.1452
287 472 13.559
288 10 289.551
288 102 285.697
288 181 560.605
288 284 1492.46
288 469 478.594
289 12 726.661
289 276 577.725
289 305 464.803
289 378 410.396
289 411 495.878
289 492 338.772
290 11 145.42
290 39 133.449
290 91 126.518
290 161 140.03
290 265 248.519
290 329 181.815
290 406 182.403
290 455 245.598
290 457 214.821
290 462 134.047
291 51 493.144
291 112 466.405
291 485 509.9
292 14 497.915
292 64 506.806
292 88 602.712
292 93 590.447
292 144 389.697
292 218 376.972
292 251 408.414
292 282 875.439
292 438 639.924
292 477 510.268
293 9 5398.69
293 89 215.727
293 107 178.525
293 237 344.395
293 297 189.789
293 304 175.826
293 359 384.771
293 368 302.957
293 470 275.527
294 5 230.089
294 26 218.076
294 72 281.955
294 78 226.468
294 139 228.146
294 176 251.18
294 180 205.397
294 264 256.446
294 345 270.249
294 409 199.096
294 491 211.543
295 14 468.916
295 246 881.738
295 267 608.989
296 56 309.748
296 87 475.043
296 190 278.692
296 230 1388.25
296 256 483.097
296 398 353.396
296 479 299.719
296 494 393.989
297 54 455.222
297 118 517.261
297 126 665.715
297 174 560.3
297 210 418.812
297 244 365.523
297 343 374.552
297 354 584.37
297 401 1120.83
297 405 417.746
298 66 136.888
298 77 136.461
298 210 160.161
298 343 108.537
298 354 114.51
298 385 211.578
298 392 159.973
298 480 252.616
298 487 215.753
299 49 148.032
299 278 48.4249
299 299 40.0957
299 315 40.9258
299 344 126.039
299 346 51.9397
299 442 42.3806
299 497 48.2396
300 51 2888.96
300 112 641.391
300 232 865.211
300 306 287.506
300 424 296.199
300 435 319.733
301 5 917.376
301 9 285.818
301 72 397.45
301 139 460.979
301 237 546.559
301 264 328.762
301 345 324.668
301 359 290.856
301 368 393.026
302 58 440.027
302 183 370.973
302 187 170.351
302 198 168.149
302 200 167.589
302 238 199.786
302 266 657.363
302 267 171.759
302 320 242.439
302 382 275.594
303 206 290.135
303 485 717.473
304 153 497.292
304 216 381.212
304 349 576.885
304 476 442.472
304 484 378.613
304 495 1292.47
305 142 258.644
305 280 306.992
305 314 405.274
305 436 275.433
306 97 39.2871
306 128 44.5962
306 163 59.046
306 166 105.311
306 224 118.508
306 233 60.9421
306 274 67.2522
306 358 110.63
306 474 57.5933
307 35 415.947
307 114 1335.05
307 115 433.266
307 239 457.874
307 340 412.659
307 445 431.621
308 19 602.783
308 85 587.28
308 169 748.637
308 488 921.985
309 35 405.436
309 140 474.072
309 234 322.508
309 236 927.505
309 396 311.055
309 486 849.142
310 22 435.922
310 32 490.313
310 44 605.9
310 201 370.995
310 334 1402.17
310 362 377.501
310 431 859.134
311 14 1117.38
311 88 598.788
311 93 714.708
311 246 403.319
311 251 454.042
311 282 402.617
311 438 575.75
311 477 593.607
312 51 560.612
312 111 277.554
312 112 391.655
312 154 341.291
312 232 1070.91
312 306 272.131
312 335 248.9
312 424 431.571
312 435 328.295
313 15 336.005
313 16 1036.84
313 31 2184.52
313 139 275.754
313 304 321.472
314 70 27.5697
314 159 32.3332
314 280 40.5394
314 323 38.7846
314 402 85.8978
314 465 31.2652
315 4 370.979
315 71 450.74
315 79 449.79
315 106 407.833
315 177 427.95
315 188 941.869
315 207 642.396
315 324 499.882
315 365 677.094
315 388 496.177
315 411 768.027
315 492 2073.6
316 19 317.447
316 20 273.389
316 252 870.076
316 290 823.58
316 361 331.431
316 442 1719.5
317 147 662.631
317 268 664.455
317 310 432.671
317 490 520.455
318 19 422.822
318 20 412.027
318 252 2280.52
318 290 1448.49
318 361 543.747
318 442 1199.24
319 45 570.973
319 161 399.54
319 197 433.59
319 219 525.691
319 220 631.022
319 231 1004.45
319 422 417.353
320 29 230.895
320 62 149.606
320 76 164.645
320 130 268.216
320 137 108.557
320 141 579.319
320 175 173.556
320 325 148.265
320 336 298.153
320 437 155.301
320 461 112.094
321 1 737.808
321 69 745.165
321 120 441.008
321 155 462.679
321 172 1195.41
321 192 891.89
321 338 525.117
321 348 417.267
321 394 539.415
321 399 610.041
321 423 1299.73
321 440 721.973
321 453 417.922
322 33 9.13374
322 54 30.0556
322 108 10.0784
322 118 37.3485
322 155 12.7108
322 184 10.4228
322 244 32.5751
322 279 11.0339
322 332 24.9298
322 394 9.00667
322 399 10.6099
322 453 9.45278
322 464 12.98
323 55 340.292
323 86 132.162
323 117 171.4
323 371 116.875
323 472 190.583
324 8 40.4175
324 17 36.4217
324 44 36.8782
324 94 44.5185
324 272 56.273
324 287 80.4435
324 334 53.2337
324 363 37.1176
324 416 65.2147
324 489 44.1808
325 62 540.12
325 84 424.283
325 123 1246.2
325 186 609.266
325 273 1389.13
325 325 848.976
325 336 493.332
326 1 414.761
326 47 392.949
326 69 414.829
326 95 941.278
326 172 355.129
326 182 1232.31
326 190 618.646
326 196 398.11
326 215 361.049
326 225 516.438
326 348 438.21
326 423 381.459
326 441 866.142
326 479 361.307
326 494 388.557
327 133 193.946
327 449 105.657
327 485 105.389
328 10 93.4532
328 18 46.8387
328 96 44.9466
328 102 32.8584
328 193 47.0356
328 249 73.9913
328 308 32.0932
329 1 446.082
329 36 561.189
329 69 441.212
329 80 268.316
329 172 322.165
329 190 272.238
329 192 294.021
329 196 2722.56
329 383 886.98
329 420 411.615
329 423 249.819
329 440 356.022
329 458 308.667
329 479 533.964
329 494 355.504
330 13 447.595
330 23 432.64
330 47 377.556
330 95 851.771
330 120 571.099
330 136 470.467
330 182 528.668
330 189 375.951
330 225 1740.47
330 333 395.063
330 338 452.207
330 348 1852.56
330 393 493.42
330 423 447.699
330 441 551.578
331 29 593.789
331 76 246.158
331 130 1839.34
331 141 730.025
331 175 442.55
331 325 254.077
331 336 390.809
331 364 247.786
331 437 304.29
331 461 341.585
332 71 159.659
332 106 433.428
332 143 177.703
332 188 165.426
332 294 127.381
332 365 121.133
332 388 209.17
332 411 246.511
332 492 243.222
333 146 679.309
333 168 234.3
333 227 330.875
333 270 273.399
333 355 338.114
333 372 645.389
333 403 236.512
334 7 671.077
334 50 653.536
334 104 774.14
334 299 465.98
334 315 476.619
334 456 686.107
334 460 852.463
334 465 425.877
334 473 385.183
335 92 140.259
335 205 62.938
335 242 67.3586
335 317 114.754
335 482 333.117
335 483 80.8684
335 497 57.3491
336 45 1426.34
336 164 370.771
336 197 950.136
336 219 345.319
336 220 858.021
336 231 735.513
337 21 385.172
337 42 710.02
337 110 616.477
337 142 337.124
337 263 589.955
337 307 332.344
337 412 984.218
338 49 104.186
338 92 127.479
338 252 106.184
338 290 139.049
338 317 173.324
338 344 122.246
338 442 108.955
338 482 99.5625
338 483 131.388
338 497 365.835
339 200 390.633
339 258 408.487
339 459 1771.09
340 29 887.887
340 62 210.709
340 76 425.004
340 130 379.735
340 137 252.072
340 141 423.529
340 175 235.036
340 336 298.704
340 364 226.476
340 437 559.347
341 67 453.5
341 84 382.051
341 123 618.536
341 273 489.701
341 425 402.703
342 176 530.106
342 409 568.943
342 433 597.332
342 449 623.23
343 3 1086.29
343 40 687.925
343 52 647.547
343 90 491.53
343 173 381.311
343 179 1649.04
343 257 987.708
343 292 412.824
343 328 358.265
343 475 370.156
344 48 300.103
344 55 334.766
344 86 624.698
344 181 313.52
344 311 526.125
344 371 1513.78
344 375 348.889
344 446 8451.3
344 466 298.623
345 109 289.554
346 159 603.409
346 280 509.005
346 323 821.144
346 402 2641.94
346 418 488.26
346 465 436.409
347 4 516.843
347 34 321.576
347 71 318.246
347 79 422.904
347 177 396.557
347 188 636.03
347 207 706.119
347 277 419.243
347 324 540.214
347 365 970.721
347 388 310.086
347 411 309.889
347 492 441.593
347 493 338.099
348 35 777.576
348 140 223.717
348 236 548.152
348 239 234.675
348 486 271.868
349 87 218.498
349 128 48.5272
349 230 198.674
349 256 77.7276
349 398 111.605
349 426 48.1976
349 454 47.9672
349 474 60.5579
349 494 47.1404
349 498 51.6196
350 47 292.704
350 95 312.857
350 182 596.556
350 190 342.742
350 215 279.266
350 225 189.305
350 441 555.066
350 494 165.11
351 151 473.645
351 211 374.354
351 223 283.234
351 291 298.028
351 321 582.745
351 451 381.575
351 467 360.624
352 21 545.556
352 110 375.548
352 148 404.791
352 288 309.898
352 377 440.21
353 32 1278.46
353 44 435.845
353 81 654.477
353 322 359.274
353 396 624.569
353 431 607.496
354 147 37.4723
354 245 72.5778
354 310 41.2604
354 339 37.394
354 353 63.8939
354 408 45.7209
354 490 48.2325
355 102 401.299
355 219 377.966
355 221 327.944
355 308 427.69
355 469 285.269
356 13 666.134
356 23 552.743
356 53 218.494
356 120 323.906
356 121 2318.79
356 162 301.127
356 333 1084.16
356 338 261.867
356 348 227.213
356 393 275.893
357 349 1257.81
357 476 290.843
357 484 157.58
357 495 238.121
358 133 605.709
358 449 406.635
359 4 250.623
359 34 291.686
359 79 95.8801
359 113 190.096
359 177 93.6734
359 208 262.947
359 248 88.2035
359 277 186.613
359 352 98.4731
359 365 111.594
359 391 88.0394
359 397 131.613
359 404 91.5156
359 417 169.004
359 421 103.712
359 448 159.915
359 493 168.054
360 25 396.117
360 65 332.741
360 73 565.992
360 97 466.554
360 127 378.803
360 128 798.825
360 166 388.99
360 203 447.575
360 229 541.841
360 274 1910.94
360 426 394.179
360 474 346.069
361 6 259.61
361 7 95.2198
361 49 99.0107
361 50 101.715
361 57 212.209
361 269 98.8648
361 278 117.518
361 293 127.425
361 299 133.207
361 315 99.0674
361 344 81.2442
361 346 152.5
361 456 93.5239
361 473 79.5798
362 4 755
362 28 414.157
362 34 445.543
362 71 670.968
362 79 1340.66
362 113 447.238
362 177 1141.15
362 188 1464.9
362 207 433.707
362 277 738.852
362 324 370.167
362 352 410.903
362 365 2763.42
362 388 584.738
362 391 465.322
362 397 455.697
362 413 448.906
362 492 498.737
362 493 567.361
363 13 107.453
363 23 112.052
363 103 82.8085
363 120 83.9471
363 121 128.556
363 162 377.292
363 212 82.5218
363 261 135.233
363 286 87.161
363 333 121.283
363 338 85.54
364 26 275.082
364 41 277.682
364 176 736.893
364 180 511.165
364 409 584.153
365 16 81.0462
365 31 131.529
365 297 57.8587
365 304 151.576
365 340 57.3356
366 70 782.449
366 199 447.969
366 280 712.394
366 379 690.884
366 380 369.229
366 402 314.193
366 465 603.216
366 478 569.368
367 349 581.275
367 476 152.164
367 495 99.7202
368 25 113.813
368 73 147.066
368 97 516.487
368 166 104.486
368 203 119.156
368 243 125.748
368 274 145.624
368 429 196.504
369 53 82.1303
369 103 150.644
369 212 152.829
369 254 111.964
369 312 466.672
369 476 83.8035
370 30 717.117
370 82 728.678
370 129 472.421
370 150 2633.05
370 319 594.506
370 322 365.7
370 362 420.836
370 363 536.387
371 33 480.237
371 64 550.583
371 83 574.308
371 88 349.691
371 194 369.34
371 218 517.721
371 282 1043.89
371 286 370.042
371 443 387.481
372 13 620.043
372 23 557.469
372 95 418.189
372 120 655.565
372 121 423.456
372 136 475.262
372 182 306.72
372 189 338.943
372 225 788.98
372 333 531.453
372 338 444.014
372 348 1016.26
372 393 679.05
372 423 305.67
372 441 326.82
373 15 376.142
373 16 150.006
373 239 197.539
373 475 150.747
373 496 263.968
374 47 1151.99
374 95 407.029
374 136 303.606
374 182 393.941
374 189 355.204
374 190 204.554
374 215 667.118
374 225 312.444
374 348 197.582
374 393 209.261
374 441 544.905
375 41 1448.37
375 180 459.316
375 326 395.528
376 72 316.694
376 78 310.346
376 139 265.748
376 264 374.425
376 345 389.114
376 491 271.874
377 11 25.0607
377 39 28.3616
377 238 22.7291
377 356 43.4254
378 183 753.885
378 200 627.921
378 266 480.128
378 267 396.617
378 320 429.829
378 382 537.59
378 459 477.854
379 3 144.997
379 239 154.507
379 475 195.777
379 496 317.775
380 75 411.956
380 100 522.976
380 119 409.336
380 124 327.514
380 178 1560.2
380 208 354.61
380 241 330.697
380 248 345.876
380 303 655.857
380 341 375.196
380 373 5064.05
380 421 840.081
381 81 217.51
381 171 300.644
381 322 224.54
381 400 258.793
381 484 1645.23
382 26 97.5018
382 41 59.311
382 78 51.1036
382 165 54.1381
382 180 67.4966
382 463 43.2792
382 491 57.6651
383 11 110.837
383 91 137.167
383 265 158.236
383 329 125.214
383 406 180.209
383 455 162.731
383 457 145.328
384 16 371.948
384 31 424.758
384 114 362.483
384 297 393.964
384 304 726.336
384 340 971.359
385 97 406.646
385 128 563.588
385 163 393.589
385 166 704.838
385 224 645.798
385 233 402.828
385 274 1088.99
385 358 631.493
385 474 537.397
386 3 564.955
386 140 525.265
386 173 414.979
386 447 1232.2
387 211 298.89
387 223 440.103
387 260 313.533
387 291 400.071
387 434 286.407
387 451 460.912
388 58 230.993
388 205 205.616
388 238 216.248
388 246 116.855
388 266 130.194
389 48 1646.71
389 157 210.127
389 311 211.55
389 370 192.159
389 371 174.783
389 375 178.923
389 446 180.222
390 26 135.767
390 41 790.594
390 180 223.066
390 326 126.567
391 11 452.249
391 39 500.14
391 455 368.367
391 457 338.154
392 3 493.836
392 24 321.513
392 40 597.666
392 52 468.277
392 90 330.112
392 173 425.934
392 179 728.084
392 257 2296.94
392 292 785.989
393 67 192.958
393 140 329.725
393 234 539.009
393 486 195.304
394 97 335.052
394 163 497.437
394 166 2747.64
394 224 370.65
394 233 289.003
394 274 354.31
394 358 352.974
395 36 128.482
395 182 141.013
395 190 429.404
395 196 129.11
395 230 117.24
395 256 126.412
395 383 119.144
395 441 122.228
395 479 221.46
395 494 448.79
396 35 580.499
396 115 244.123
396 236 254.893
396 239 187.717
396 396 185.697
396 400 172.369
397 53 493.016
397 153 347.86
397 160 314.043
397 212 345.316
397 216 323.242
397 312 428.172
397 349 408.363
397 476 1054.27
397 495 383.13
397 499 332.144
398 159 285.43
398 242 418.44
398 307 205.897
398 323 269.497
398 386 493.15
398 410 587.125
398 418 355.618
398 483 199.647
399 19 393.679
399 20 458.006
399 61 581.276
399 138 767.785
399 169 299.038
399 228 294.899
399 327 565.821
399 331 730.674
399 351 402.166
399 360 381.21
399 395 396.935
399 481 296.13
399 488 525.066
400 62 496.862
400 123 673.196
400 141 318.445
400 175 329.169
400 186 543.82
400 273 848.233
400 325 813.557
400 336 433.628
401 151 175.975
401 181 230.539
401 221 328.111
401 284 164.109
401 291 206.338
401 451 211.467
401 466 293.889
401 469 231.695
402 202 609.867
402 259 288.307
402 381 679.905
402 384 2371.31
403 33 700.178
403 64 283.57
403 83 3847.09
403 194 637.066
403 218 360.206
403 282 281.676
403 286 349.251
403 443 293.042
403 464 394.46
404 25 188.019
404 36 143.596
404 46 208.35
404 65 231.539
404 73 182.128
404 127 816.761
404 128 185.763
404 203 204.716
404 229 446.884
404 256 164.732
404 426 448.872
405 147 414.545
405 245 1548.87
405 258 550.338
405 310 625.964
405 339 949.173
405 353 2192.12
405 408 1235.72
406 131 71.3772
406 134 73.8076
406 173 167.048
406 295 76.9729
406 309 311.478
406 374 142.975
406 447 91.044
407 148 351.559
407 263 318.415
407 288 492.094
408 2 220.75
408 74 193.838
408 119 212.615
408 188 203.032
408 207 917.884
408 213 197.094
408 241 201.526
408 255 254.383
408 305 210.952
408 324 948.179
408 365 210.368
408 411 220.985
408 492 254.082
409 209 138.64
409 211 137.824
409 223 398.621
409 240 134.84
409 260 264.008
409 434 302.898
410 76 409.064
410 137 579.745
410 270 352.465
410 316 1254.37
410 355 293.303
411 32 1094.19
411 44 849.082
411 81 1697.2
411 171 423.948
411 319 440.002
411 322 735.651
411 362 583.135
411 396 391.351
411 431 811.208
412 60 496.241
412 116 849.305
412 152 410.019
412 370 819.314
412 375 443.617
412 390 552.355
413 33 336.271
413 64 398.371
413 83 361.18
413 88 363.237
413 93 316.463
413 218 347.81
413 251 279.771
413 282 1016.3
413 443 317.803
413 477 305.187
414 91 227.844
414 406 193.567
414 455 159.015
415 26 612.796
415 41 729.563
415 78 384.404
415 165 432.101
415 180 556.141
415 463 423.133
415 491 431.423
416 92 838.805
416 205 544.939
416 246 460.923
416 317 397.374
416 482 533.612
417 19 256.996
417 20 380.358
417 61 589.529
417 138 1424.96
417 149 313.567
417 185 248.519
417 228 258.326
417 251 293.924
417 327 565.604
417 331 2030.47
417 351 389.387
417 360 487.973
417 395 501.949
417 468 262.875
417 481 290.32
417 488 297.205
418 42 255.723
418 263 262.827
418 288 231.059
418 307 205.902
418 356 268.267
418 412 220.901
419 66 1036.95
419 101 555.507
419 122 431.065
419 195 445.289
419 226 364.889
419 289 639.813
420 4 506.185
420 28 572.944
420 71 2581.95
420 79 1564.25
420 106 451.489
420 177 1559.56
420 188 1051.62
420 277 557.214
420 352 451.831
420 365 786.2
420 388 1373.53
420 391 569.874
420 397 447.116
420 413 554.898
420 492 503.826
420 493 496.962
421 99 540.231
421 144 441.846
421 200 173.607
421 337 142.357
421 430 146.183
421 438 274.515
421 459 134.095
422 14 212.714
422 92 234.328
422 246 597.594
422 267 363.157
423 107 130.72
423 117 157.71
423 240 134.108
423 275 475.827
423 342 160.926
423 433 131.896
423 452 273.142
424 29 462.789
424 130 767.771
424 141 465.4
424 175 600.116
424 336 363.158
424 364 407.255
424 366 444.628
424 461 2171.69
425 92 613.025
425 205 988.599
425 238 417.767
425 242 370.193
425 317 387.973
425 482 684.183
426 51 1451.21
426 111 310.651
426 112 853.746
426 154 254.412
426 232 1518.24
426 306 324.446
426 424 273.811
426 435 372.628
427 18 425.033
427 91 181.683
427 109 681.899
427 249 213.257
428 13 86.993
428 23 100.517
428 120 74.6992
428 121 71.1256
428 162 203.208
428 261 48.2567
428 333 89.4108
428 338 85.4779
428 453 57.032
429 48 41.9791
429 60 42.4685
429 116 38.3725
429 152 51.1225
429 157 38.5372
429 370 53.6758
429 375 34.8476
430 168 13.4585
430 191 28.2811
430 259 15.9033
430 296 45.4502
430 300 13.2219
431 30 311.924
431 47 385.737
431 56 399.864
431 182 310.419
431 190 341.673
431 215 445.217
431 217 333.373
431 298 325.051
431 441 319.014
432 70 331.805
432 199 271.727
432 280 391.615
432 283 193.31
432 379 669.458
432 380 209.391
432 436 187.983
432 465 251.939
432 478 493.16
433 239 396.18
433 475 258.23
433 496 378.426
434 168 537.854
434 191 888.766
434 259 554.592
434 296 2299
434 300 454.652
435 81 467.885
435 129 374.449
435 171 744.521
435 319 356.762
435 322 552.166
435 400 293.452
435 484 559.701
436 245 468.102
436 312 352.625
436 353 407.381
436 476 374.713
437 18 103.305
437 91 269.003
437 193 115.768
437 249 103.699
437 406 132.022
438 15 427.945
438 72 369.09
438 264 438.178
438 345 442.622
438 475 459.326
438 496 519.321
439 35 35.9389
439 239 38.6945
440 248 73.2075
440 415 141.117
440 480 73.3198
441 0 304.448
441 75 374.036
441 80 345.661
441 108 536.143
441 125 852.488
441 155 313.278
441 184 526.256
441 271 404.624
441 279 480.323
441 341 410.864
441 367 353.208
441 394 408.732
441 405 320.964
441 458 308.975
442 19 1072.83
442 20 400.582
442 85 296.629
442 252 477.01
442 290 364.158
442 361 325.297
442 442 584.365
442 488 455.559
443 30 508.685
443 98 348.076
443 150 414.032
443 217 666.359
443 272 409.874
443 298 651.841
443 363 453.9
443 444 446.929
444 9 876.959
444 89 379.842
444 237 414.321
444 297 700.112
444 304 475.211
444 359 477.943
444 368 387.277
444 470 1624.52
445 6 176.48
445 49 113.191
445 57 120.061
445 85 122.019
445 158 118.111
445 269 284.851
445 278 610.802
445 293 189.149
445 346 391.534
446 135 367.409
446 247 1112.24
446 262 316.475
446 301 361.697
446 357 403.035
446 439 318.532
447 47 184.364
447 95 117.261
447 136 330.057
447 153 121.018
447 160 164.38
447 189 851.338
447 215 169.408
447 216 147.214
447 225 133.205
447 393 177.637
447 441 118.494
447 499 148.523
448 59 413.088
448 168 195.452
448 202 290.819
448 259 189.189
448 285 733.538
448 381 191.74
448 384 182.567
449 1 687.308
449 36 283.366
449 69 683.738
449 95 300.228
449 172 450.03
449 182 312.307
449 190 296.292
449 192 314.261
449 196 572.069
449 348 259.491
449 383 349.082
449 420 255.118
449 423 388.802
449 440 356.789
449 441 271.895
449 479 316.76
449 494 280.029
450 17 285.668
450 22 291.013
450 84 271.236
450 94 411.921
450 201 245.525
450 272 264.113
450 287 649.802
450 334 502.475
450 416 428.757
450 489 292.994
451 59 154.256
451 146 273.189
451 227 699.853
451 285 152.109
451 318 270.072
451 372 160.76
451 403 947.82
452 82 469.977
452 129 383.54
452 150 119.843
452 153 103.698
452 171 152.801
452 216 97.878
452 319 181.361
452 322 110.389
452 495 94.0897
453 89 337.247
453 107 441.454
453 117 477.533
453 240 584.665
453 260 410.883
453 275 508.406
453 342 506.916
453 452 420.041
454 148 606.129
454 253 842.279
454 288 534.822
454 377 946.875
454 389 1112.91
454 471 1072.11
455 28 515.356
455 71 1480.49
455 79 612.321
455 106 483.685
455 177 635.953
455 188 508.061
455 294 598.671
455 365 413.15
455 388 1239.8
455 391 446.972
455 413 444.207
456 70 152.836
456 199 159.568
456 214 263.056
456 380 211.766
456 427 250.365
456 460 307.468
456 465 145.851
456 473 145.335
457 38 382.132
457 87 570.398
457 128 592.974
457 166 400.712
457 224 659.519
457 233 439.659
457 274 516.939
457 350 486.466
457 358 684.037
457 398 697.177
457 474 2141.69
457 498 376.311
458 161 452.229
458 231 432.984
458 265 490.135
458 329 456.692
458 406 477.303
458 422 386.763
459 35 413.048
459 114 346.428
459 115 303.966
459 239 298.896
460 51 384.815
460 112 529.742
460 170 437.833
460 206 863.874
460 306 372.135
460 485 409.286
461 131 1647.23
461 134 1411.39
461 295 1335.48
461 309 418.243
462 21 184.003
462 42 483.887
462 110 237.191
462 148 180.78
462 263 528.22
462 288 230.755
462 307 197.042
462 356 178.703
462 412 376.475
463 6 283.434
463 43 296.918
463 63 282.811
463 158 416.672
463 269 568.139
463 278 286.916
463 293 399.22
463 346 271.091
464 154 132.527
464 335 182.887
464 424 180.252
465 71 97.3339
465 106 201.882
465 143 174.867
465 294 245.946
465 347 270.406
465 388 114.342
466 168 196.643
466 191 113.621
466 259 78.8106
466 296 129.524
466 300 104.677
466 372 81.0315
467 485 1139.58
468 48 150.355
468 60 163.958
468 116 206.758
468 152 168.158
468 311 146.319
468 370 314.286
468 375 167.08
469 12 485.702
469 276 834.479
469 305 287.062
469 378 350.978
469 429 488.876
470 122 306.085
470 132 1017.22
470 167 658.715
470 169 336.02
470 195 323.844
470 226 780.675
470 289 296.511
471 14 373.051
471 92 301.606
471 246 559.596
471 267 403.517
472 49 302.655
472 315 188.752
472 317 265.049
472 344 426.953
472 483 288.385
472 497 602.747
473 140 375.346
473 234 169.307
473 447 331.562
474 117 193.272
474 275 433.646
474 433 334.323
474 449 206.47
474 452 481.595
475 15 184.346
475 475 271.867
475 496 406.043
476 248 250.423
476 404 580.384
476 415 296.46
476 417 223.434
476 448 205.273
477 62 575.189
477 123 206.876
477 186 979.556
477 270 261.244
477 273 252.964
477 300 238.162
477 316 249.641
477 325 240.179
477 336 237.397
478 22 300.991
478 201 331.532
478 236 410.794
478 396 446.089
478 425 356.679
478 486 729.684
479 48 214.564
479 60 355.972
479 152 552.916
479 157 265.214
479 370 236.941
480 54 203.984
480 83 202.411
480 118 198.801
480 155 254.628
480 194 253.636
480 244 255.675
480 332 262.901
480 399 334.626
480 453 1240.29
481 133 198.376
481 449 95.2409
481 485 85.1613
482 130 17.1473
482 135 26.4335
482 301 31.8185
482 364 17.1305
482 366 36.3588
482 461 35.8985
483 41 134.213
483 180 95.6983
483 326 342.868
484 22 166.854
484 32 352.891
484 44 171.237
484 81 176.931
484 201 167.148
484 334 172.079
484 396 315.743
484 431 261.837
484 486 172.028
485 159 276.892
485 280 325.026
485 323 350.85
485 402 795.436
485 418 230.155
485 465 240.722
486 103 228.277
486 254 462.773
486 312 225.49
486 337 404.21
487 135 299.692
487 247 518.193
487 262 355.788
487 357 737.409
487 376 459.888
487 439 2104.82
488 5 6333.58
488 72 1019.64
488 139 1458.31
488 237 533.691
488 264 760.045
488 345 737.563
489 55 94.4158
489 116 160.451
489 311 171.092
489 370 210.89
489 371 94.2345
489 375 494.702
489 446 80.9017
490 54 463.499
490 118 528.024
490 126 702.769
490 174 560.038
490 210 425.883
490 343 378.044
490 354 590.876
490 401 1092.52
490 405 419.512
491 51 446.126
491 111 1353.42
491 112 521.266
491 154 724.906
491 232 653.592
491 250 416.144
491 306 995.969
491 335 459.95
491 390 513.654
491 424 496.149
491 435 1654.73
492 326 287.787
492 485 150.567
493 27 216.034
493 145 229.14
493 209 371.464
493 211 178.355
493 223 318.441
493 260 145.681
493 281 200.493
493 434 656.786
493 450 188.268
494 52 311.097
494 78 281.261
494 90 414.233
494 165 295.004
494 222 346.954
494 328 627.118
494 463 282.363
494 475 304.305
494 491 273.44
495 62 277.241
495 186 421.841
495 270 276.861
495 273 212.518
495 300 321.741
495 316 203.515
496 99 29.4927
496 144 25.4006
496 200 25.1961
496 267 16.4091
496 438 22.1184
496 459 17.0421
497 37 586.117
497 38 572.524
497 87 269.974
497 204 686.421
497 224 259.536
497 233 268.821
497 350 2256.87
497 358 271.047
497 376 252.252
497 398 352.864
497 454 255.938
497 474 351.117
497 498 634.645
498 24 369.905
498 40 328.977
498 222 295.613
498 257 321.609
498 292 725.707
499 3 796.772
499 40 395.733
499 52 426.156
499 90 450.726
499 179 529.3
499 257 421.951
499 447 385.422
499 475 603.455
499 496 546.269
