500 500 3835
0 37 358.94
0 188 381.851
0 306 331.015
0 320 625.128
0 485 420.081
0 499 569.255
1 105 222.93
1 106 212.381
1 148 180.559
1 239 238.768
1 284 378.077
1 409 621.779
1 424 307.499
2 75 578.353
2 479 452.191
2 480 799.162
3 123 115.312
3 260 50.2583
3 382 47.9967
3 388 61.9728
3 396 48.6732
3 481 64.2012
3 483 57.8743
4 76 145.223
4 157 149.539
4 196 162.971
4 240 130.311
4 261 201.972
4 262 116.806
4 271 181.748
4 345 184.941
4 408 102.536
4 420 312.303
4 453 111.229
4 495 548.237
5 4 220.282
5 171 354.078
5 259 248.06
5 300 329.916
5 318 271.949
5 361 1643.85
6 3 39.7539
6 55 89.0445
6 141 35.9959
6 166 36.2612
6 309 67.9018
6 347 54.197
6 353 36.6398
6 364 36.1376
6 433 43.9354
7 40 127.691
7 79 266.655
7 155 287.695
7 187 136.837
7 314 264.312
7 324 130.924
7 357 150.992
7 384 199.962
7 477 127.971
8 51 492.925
8 76 435.72
8 113 223.083
8 122 339.279
8 240 1037.97
8 262 230.124
8 271 255.218
8 345 473.204
8 358 313.459
8 362 238.221
8 408 709.358
8 420 379.149
8 453 1411.17
8 495 224.556
9 33 472.213
9 125 320.039
9 160 325.399
9 425 4385.63
10 75 620.633
10 479 425.553
10 480 574.38
11 197 93.8462
11 355 41.3686
11 386 44.0605
11 397 54.1761
11 471 46.8202
12 18 112.203
12 41 35.9737
12 52 63.7605
12 65 28.8876
12 87 29.4682
12 130 29.0445
12 241 46.6441
12 279 39.2436
12 297 56.3735
12 308 37.895
12 367 57.1814
12 376 102.983
12 418 194.621
12 466 30.3859
13 15 1265.33
13 49 525.298
13 123 316.728
13 176 316.547
13 190 335.96
13 260 318.997
13 360 696.942
14 6 1019.29
14 128 401.905
14 231 262.333
14 301 527.697
14 330 428.399
14 359 398.71
14 371 340.511
14 390 359.727
14 398 537.532
15 148 41.0999
15 165 51.6785
15 170 53.4402
15 212 54.11
15 282 53.0918
15 284 53.4356
15 292 122.63
15 409 59.5336
15 428 126.163
15 469 44.3232
16 85 336.752
16 98 161.013
16 255 156.974
16 277 403.748
16 322 210.683
16 439 158.766
16 463 198.817
17 2 407.562
17 49 464.14
17 109 338.726
17 176 286.006
17 190 769.587
17 201 282.614
17 360 259.941
18 71 232.803
18 86 173.105
18 129 212.633
18 178 238.62
18 200 338.825
18 229 195.688
18 280 751.392
18 287 252.781
18 373 352.066
18 395 515.736
18 431 233.195
19 16 211.502
19 24 126.536
19 26 155.557
19 58 129.034
19 151 130.124
19 162 145.388
19 182 185.907
19 265 1475.15
19 337 190.953
19 467 166.405
19 493 457.713
20 61 116.486
20 157 137.187
20 196 663.703
20 261 323.786
20 399 223.368
20 495 175.624
21 35 758.265
21 88 244.756
21 139 482.567
21 247 280.577
21 298 272.887
21 313 278.125
21 381 406.508
22 89 81.6606
22 118 109.831
22 126 95.6152
22 185 119.699
22 229 69.2887
22 275 665.388
22 303 106.549
22 343 91.7988
22 378 149.322
22 415 75.174
23 5 435.443
23 150 383.041
23 230 1163.79
23 283 1511.08
23 323 409.125
23 350 671.956
23 415 381.319
23 489 604.529
24 19 82.1512
24 60 135.186
24 154 230.015
24 195 113.876
24 259 80.6713
24 352 85.9594
25 14 1038.47
25 111 535.835
25 143 260.086
25 169 243.821
25 216 302.748
25 234 264.972
25 248 424.81
25 356 453.545
25 369 288.755
25 437 465.97
26 17 546.654
26 96 438.521
26 111 299.373
26 167 842.366
26 193 283.403
26 203 310.144
26 274 298.767
26 356 277.282
26 369 548.294
26 389 301.809
26 392 464.21
26 432 340.044
26 437 293.201
26 444 567.4
26 445 272.945
26 474 342.255
27 75 164.373
27 177 163.037
27 296 156.813
27 450 222.727
27 480 150.932
28 166 777.834
28 266 246.831
28 295 558.396
28 309 321.45
28 364 251.075
28 433 294.802
28 465 1233.55
29 72 90.1372
29 108 85.3223
29 145 123.621
29 191 72.687
29 220 78.4639
29 321 174.349
29 333 248.485
29 385 74.7335
29 402 180.81
30 13 414.982
30 101 717.832
30 104 558.116
30 218 423.444
30 311 1516.26
31 30 542.296
31 80 445.778
31 119 873.364
31 143 458.815
31 169 416.987
31 234 402.615
31 273 695.001
31 326 667.577
31 404 1596.12
31 492 317.351
32 115 1037.23
32 224 570.023
32 267 369.324
32 383 457.263
32 390 377.216
32 454 375.481
33 66 23.6133
33 262 20.6137
33 312 27.7999
33 315 20.9939
33 362 30.2402
33 370 77.7304
33 400 32.718
33 408 21.2418
33 425 20.0712
34 38 267.665
34 93 283.344
34 379 213.844
34 435 1006.73
35 157 190.814
35 240 208.527
35 262 547.176
35 315 268.443
35 362 2117.46
35 370 378.641
35 375 163.105
35 408 200.418
36 2 166.193
36 49 107
36 109 166.259
36 190 160.244
37 80 130.771
37 119 65.5183
37 131 92.3492
37 189 57.1246
37 273 85.7025
37 276 59.2683
37 336 74.8045
37 404 75.2709
37 457 78.6526
37 492 117.673
38 2 244.689
38 49 153.886
38 109 243.87
38 190 224.456
39 76 192.533
39 157 197.307
39 196 371.265
39 261 368.474
39 271 309.095
39 345 218.213
39 399 205.408
39 420 286.147
39 457 190.737
39 495 477.886
40 3 45.9498
40 55 70.6505
40 141 85.7514
40 347 408.512
41 64 5.49767
41 74 5.84413
41 77 5.35212
41 81 5.99669
41 107 17.7277
41 161 25.9803
41 168 12.7913
41 194 23.6308
41 254 9.65389
41 456 33.742
41 494 8.58687
42 27 276.862
42 68 196.953
42 84 165.668
42 86 245.562
42 105 217.415
42 129 185.363
42 198 443.508
42 239 180.294
42 267 167.203
42 284 173.361
42 393 465.396
42 424 203.042
42 436 481.37
42 446 159.855
43 247 111.162
43 260 187.365
43 313 102.823
43 381 88.9037
43 387 101.628
43 448 396.743
43 461 87.9914
44 108 138.317
44 145 119.818
44 379 132.493
44 385 126.127
44 435 181.002
44 473 206.857
45 142 62.3251
45 151 30.7091
45 180 34.7095
45 214 55.9535
45 278 37.2514
45 302 61.4369
45 354 68.0342
45 414 79.7985
46 4 356.424
46 20 341.443
46 171 644.655
46 259 335.941
46 300 451.616
46 318 377.299
46 361 1501.4
47 126 516.338
47 178 365.05
47 229 506.235
47 280 348.557
47 287 2116.11
47 343 404.655
47 373 387.012
47 395 405.346
47 431 302.403
48 1 227.342
48 5 199.016
48 89 196.241
48 118 214.935
48 209 170.017
48 230 338.142
48 283 172.577
48 303 272.044
48 325 179.877
48 350 248.483
48 407 357.122
48 415 455.654
49 90 546.484
49 102 232.042
49 138 118.619
49 203 106.577
49 258 118.851
49 299 271.929
49 339 416.229
49 438 108.709
50 60 538.074
50 154 622.695
50 224 359.413
50 380 298.983
50 442 260.789
51 38 811.713
51 121 371.878
51 219 300.718
51 287 360.645
51 343 346.929
51 379 313.108
52 41 825.386
52 52 467.792
52 65 840.605
52 87 1352.2
52 173 910.99
52 183 662.779
52 227 723.395
52 241 558.566
52 249 596.909
52 308 553.047
52 376 383.987
52 380 506.986
52 487 796.777
53 42 475.709
53 202 301.581
53 246 277.45
53 372 522.265
53 443 656.504
54 0 299.345
54 199 421.35
54 294 2292.18
54 432 346.445
55 15 132.55
55 49 60.6014
55 123 112.708
55 260 85.6469
55 360 56.7066
56 177 331.617
56 331 2175.5
56 377 316.64
56 450 426.38
57 85 432.94
57 110 390.484
57 124 1171.39
57 255 345.762
57 322 442
57 439 346.066
58 116 456.397
58 137 1683.17
58 172 1613.07
58 202 478.367
58 233 601.76
58 253 424.044
58 316 838.059
58 374 841.64
58 498 625.596
59 4 357.78
59 152 483.214
59 455 532.106
60 35 66.0404
60 139 88.4846
60 247 156.947
60 313 193.354
60 342 76.1479
60 381 173.461
60 387 92.9629
60 406 68.4153
60 461 63.1589
60 476 94.3236
60 491 95.601
61 83 212.442
61 98 121.074
61 215 120.077
61 423 118.592
62 10 520.026
62 148 2814.82
62 165 1330.79
62 170 858.146
62 211 399.479
62 284 565.469
62 323 352.101
62 409 335.286
62 446 990.88
62 458 350.346
63 12 388.011
63 93 621.891
63 185 207.415
63 288 233.983
63 435 214.632
64 0 377.914
64 147 575.218
64 193 201.765
64 274 257.736
64 348 278.453
65 32 124.192
65 39 58.5842
65 46 94.0098
65 81 68.06
65 161 68.083
65 184 125.333
65 187 89.8169
65 194 64.2463
65 245 62.7398
65 254 91.2694
65 456 67.5473
65 494 95.0075
66 55 476.441
66 166 1231.84
66 295 489.713
66 309 1023.92
66 364 537.273
66 433 711.191
66 465 684.593
67 5 66.9161
67 27 62.4412
67 84 92.0997
67 86 42.7561
67 126 48.9664
67 129 45.7544
67 150 104.011
67 178 308.453
67 198 45.9962
67 200 78.1116
67 229 75.1128
67 280 49.629
67 287 44.1168
67 373 246.379
67 393 47.5383
67 395 127.804
67 431 365.122
68 136 725.032
68 153 1110.14
68 237 405.306
68 296 849.762
68 331 376.132
68 450 483.936
69 36 188.188
69 37 80.8247
69 136 133.933
69 153 141.236
69 188 80.469
69 206 78.424
69 237 234.224
69 296 137.905
69 368 83.5467
69 405 124.301
69 426 103.29
70 47 402.536
70 57 1001.39
70 158 385.857
70 266 845.289
70 295 509.355
70 465 403.648
71 85 544.648
71 98 436.783
71 277 814.41
71 463 984.557
72 31 151.848
72 60 99.237
72 97 184.791
72 249 101.376
72 259 109.319
72 300 100.715
72 318 117.841
72 442 247.691
72 460 222.447
72 484 96.9237
72 487 103.716
73 0 148.444
73 147 170.377
73 193 141.784
73 274 166.237
73 348 280.858
74 51 68.4542
74 240 92.4456
74 262 73.2412
74 362 108.393
74 370 174.023
74 400 65.6258
74 408 118.172
74 425 65.6616
74 453 72.7729
75 29 144.58
75 217 127.089
75 223 89.35
75 236 89.9513
75 269 143.577
75 290 138.769
75 363 117.166
76 110 2126.43
76 124 243.71
76 163 203.814
77 63 1460.57
77 140 500.716
77 164 589.593
77 222 373.334
77 242 275.997
77 413 275.2
77 430 486.529
78 2 401.64
78 49 350.513
78 176 906.506
78 190 292.442
78 201 938.451
78 270 352.008
78 360 354.734
79 14 392.803
79 30 180.168
79 111 278.625
79 119 187.014
79 143 235.711
79 169 260.725
79 216 335.898
79 234 290.999
79 235 189.338
79 248 237.399
79 264 204.757
79 356 273.678
79 437 233.162
80 258 336.157
80 478 365.711
80 496 619.776
81 7 389.525
81 53 372.599
81 90 417.044
81 102 353.009
81 205 301.738
81 258 302.647
81 299 344.525
81 339 456.347
82 30 176.242
82 80 124.813
82 119 378.498
82 143 244.287
82 169 433.44
82 216 114.262
82 234 488.667
82 235 114.392
82 273 227.115
82 326 101.865
82 404 229.312
83 0 125.486
83 147 108.464
83 193 80.7517
83 274 134.455
83 348 85.7396
83 444 62.5862
84 115 416.566
84 301 649.391
84 352 444.9
84 390 888.823
85 71 217.389
85 126 193.283
85 129 208.717
85 150 187.89
85 178 294.177
85 200 341.292
85 229 242.463
85 280 524.812
85 287 303.927
85 373 447.287
85 395 675.061
85 431 274.902
86 25 287.659
86 230 281.682
86 293 281.864
86 325 294.316
86 350 810.281
86 384 301.349
86 407 285.046
86 489 418.936
87 85 177.755
87 110 95.9263
87 124 176.665
87 277 103.278
87 322 119.606
88 79 481.232
88 149 534.162
88 155 6655.41
88 314 473.14
88 324 715.778
88 384 527.068
89 36 1054.46
89 37 460.651
89 188 534.143
89 206 789.674
89 237 649.236
89 296 377.082
89 368 1067.76
89 405 528.356
89 426 951.933
89 479 434.705
89 499 414.731
90 9 297.469
90 76 439.556
90 131 251.348
90 196 250.254
90 261 259.368
90 271 1620.1
90 345 459.64
90 358 327.711
90 420 506.397
90 457 258.821
90 495 350.257
91 15 155.775
91 260 1028.77
91 448 219.806
92 29 126.036
92 217 116.873
92 223 114.711
92 236 94.1283
92 269 215.647
92 290 140.259
92 363 113.611
93 19 53.5693
93 152 85.6746
93 195 41.8087
93 243 73.8293
93 289 52.0702
93 317 48.1597
93 338 51.1258
93 352 43.4027
94 31 362.521
94 97 502.639
94 132 217.322
94 382 522.496
94 481 305.78
94 483 206.198
94 484 217.024
95 36 296.816
95 136 266.069
95 153 334.194
95 206 351.87
95 237 690.207
95 296 476.157
95 368 284.676
95 479 593.875
95 480 377.185
96 54 416.017
96 181 387.228
96 204 2669.82
96 244 1202.82
96 285 518.686
96 459 626.508
96 470 426.356
97 60 614.983
97 115 449.171
97 154 761.091
97 224 874.293
97 380 587.243
98 1 67.2191
98 39 68.5901
98 56 206.922
98 89 79.5667
98 209 99.0951
98 225 66.6201
98 245 69.4879
98 288 64.5419
98 475 90.8174
99 5 78.1538
99 84 43.7614
99 118 54.2308
99 150 52.4018
99 230 242.595
99 283 65.3434
99 303 53.0415
99 350 58.39
99 407 50.1883
99 415 82.7388
100 35 2226.41
100 88 483.469
100 139 665.634
100 247 454.18
100 298 446.519
100 313 457.213
100 381 633.614
100 476 449.653
101 0 775.493
101 147 516.297
101 274 345.03
101 294 649.667
101 432 516.238
102 177 81.9719
102 331 1208.16
102 377 80.2265
102 450 101.406
103 33 623.157
103 69 252.212
103 73 295.607
103 113 345.807
103 160 264.676
103 425 539.423
104 1 1165.79
104 39 80.3758
104 56 83.1266
104 89 169.415
104 209 231.874
104 303 94.5772
104 325 147.09
104 351 92.2533
104 407 203.407
104 415 88.0805
105 163 50.696
105 197 46.0283
105 256 50.0865
105 332 75.935
105 341 48.8956
105 355 45.5747
105 397 158.048
105 471 44.3857
106 9 418.481
106 76 494.033
106 189 246.357
106 271 795.592
106 276 254.53
106 345 437.679
106 358 443.841
106 420 387.22
106 453 246.126
106 495 245.148
107 5 647.121
107 84 510.824
107 118 563.207
107 126 966.413
107 150 643.443
107 178 1271.39
107 200 465.059
107 229 2923.43
107 280 426.371
107 287 612.173
107 343 429.232
107 373 920.421
107 395 764.462
107 431 777.082
108 18 22.3332
108 78 27.8782
108 133 39.2704
108 297 31.4945
108 342 64.6479
108 418 19.7845
108 476 53.0861
108 491 20.36
109 1 1448.32
109 39 102.017
109 56 111.519
109 89 281.719
109 209 375.374
109 303 140.564
109 325 171.376
109 351 112.697
109 407 265.071
109 415 126.834
110 54 450.318
110 204 997.261
110 244 1568.38
110 422 428.327
110 459 6415.24
111 21 1069.85
111 59 707.994
111 99 759.474
111 263 419.281
111 340 1181.66
111 458 503.656
112 41 674.295
112 52 601.865
112 65 1484.34
112 87 696.799
112 100 466.394
112 130 471.144
112 173 374.321
112 227 1454.35
112 241 511.373
112 249 1286.79
112 308 390.546
112 367 491.226
112 376 442.158
112 418 306.553
112 484 411.535
112 487 563.987
113 51 641.939
113 73 432.403
113 76 363.127
113 94 648.054
113 113 419.691
113 122 821.664
113 228 832.97
113 240 279.118
113 345 309.605
113 358 541.342
113 408 293.64
113 453 430.096
113 482 466.07
114 152 1269.25
114 243 369.644
114 455 470.057
115 115 90.9592
115 224 20.7234
115 390 27.3627
116 33 500.571
116 125 819.526
116 160 665.951
116 425 639.363
116 490 741.147
117 45 78.3059
117 158 61.6147
117 163 61.8895
117 256 97.3543
117 332 145.676
117 341 111.175
117 397 113.346
117 471 67.569
118 16 349.899
118 26 1060.66
118 53 682.462
118 63 395.221
118 242 919.382
118 394 1169.52
118 413 1895.69
118 430 654.439
119 85 445.168
119 98 400.107
119 124 467.054
119 174 494.059
119 255 798.97
119 277 745.85
119 322 1828.76
119 439 813.362
120 15 213.308
120 123 191.075
120 260 520.692
120 448 176.322
121 103 463.117
121 128 523.137
121 175 319.294
121 301 543.259
121 330 516.533
121 371 407.489
121 429 355.803
121 440 358.739
121 468 516.554
122 20 141.124
122 23 135.093
122 171 115.767
122 388 111.23
122 396 135.694
123 74 88.9179
123 77 80.8393
123 120 225.082
123 134 485.138
123 144 348.155
123 215 131.874
123 327 315.856
123 328 335.46
123 419 510.982
124 5 330.659
124 89 281.679
124 118 1139.01
124 126 660.634
124 178 277.937
124 185 285.148
124 229 468.493
124 275 729.535
124 303 521.334
124 343 329.935
124 378 325.012
124 415 414.826
125 19 1043.7
125 195 723.959
125 338 448.681
125 352 1126.88
126 15 441.242
126 260 2524.19
126 448 688.483
127 20 104.797
127 31 75.476
127 123 93.7499
127 382 111.453
127 388 228.137
127 396 99.4092
127 452 161.771
127 481 157.755
127 483 467.253
128 41 387.48
128 60 377.882
128 65 606.929
128 87 485.716
128 173 341.59
128 227 683.093
128 249 679.758
128 380 382.533
128 442 520.655
128 487 1929.33
129 152 1788.81
129 243 450.803
129 455 554.106
130 63 384.106
130 140 1265.23
130 164 272.059
130 222 415.226
130 430 276.292
130 478 277.396
131 35 1500.11
131 88 424.834
131 139 663.508
131 247 404.911
131 298 471.263
131 313 402.146
131 381 562.363
132 176 233.284
132 201 254.376
132 270 384.374
133 97 386.412
133 100 446.971
133 130 433.287
133 132 671.781
133 382 288.003
133 406 357.351
133 461 334.969
133 484 595.41
133 491 267.819
134 12 445.53
134 288 989.692
134 475 938.575
135 11 69.3941
135 272 55.6799
135 281 43.0516
135 441 47.6262
136 91 661.964
136 156 642.669
136 179 398.124
136 243 422.961
136 289 435.639
136 317 505.332
136 338 355.748
136 403 421.07
136 447 1382.93
137 164 189.817
137 223 215.459
137 236 700.238
137 269 189.373
137 290 1628.99
137 307 282.713
138 15 524.258
138 49 642.158
138 176 796.878
138 190 413.007
138 201 660.904
138 360 2902.42
139 17 277.957
139 96 560.282
139 167 788.333
139 193 200.227
139 203 247.749
139 274 176.014
139 369 163.383
139 389 313.621
139 392 759.428
139 444 322.289
139 445 278.748
139 474 186.914
140 17 630.547
140 90 483.047
140 96 446.841
140 111 431.338
140 138 1221.32
140 203 616.73
140 299 470.008
140 335 1813.78
140 339 431.091
140 356 510.043
140 389 414.525
140 392 417.068
140 474 1195.18
141 1 432.747
141 89 779.072
141 118 647.348
141 126 332.234
141 185 309.053
141 209 474.052
141 275 732.78
141 303 1666.59
141 378 341.632
141 407 397.055
141 415 653.473
142 38 258.093
142 118 246.16
142 126 574.641
142 185 252.927
142 229 372.112
142 275 270.116
142 287 516.525
142 343 683.982
142 378 273.641
143 22 137.506
143 50 66.3234
143 127 97.4939
143 197 72.5253
143 269 93.2677
143 329 67.1385
143 363 65.7828
143 401 136.821
143 471 101.985
144 66 113.314
144 67 79.4912
144 251 69.1445
144 262 96.3619
144 312 87.9118
144 315 132.963
144 362 146.698
144 370 225.652
144 375 97.493
144 400 112.681
145 136 546.101
145 153 444.077
145 237 159.216
145 296 254.125
145 331 163.434
145 450 155.902
146 177 460.453
146 377 327.944
146 450 527.91
147 2 67.9502
147 49 69.6308
147 176 257.529
147 201 239.129
147 270 96.8003
147 360 102.994
148 51 634.765
148 76 495.742
148 122 489.266
148 240 3106.25
148 262 543.433
148 345 544.605
148 358 392.8
148 362 628.479
148 370 517.988
148 408 2722.09
148 420 513.727
148 453 953.346
149 35 346.241
149 66 1119.37
149 67 486.696
149 88 1327.17
149 208 360.84
149 251 2255.67
149 312 467.313
149 315 349.195
149 346 441.706
149 349 1631.73
149 366 785.055
149 375 593.264
149 400 528.732
150 24 2646.7
150 58 389.514
150 142 267.003
150 151 564.463
150 159 525.283
150 162 381.615
150 180 598.016
150 182 344.372
150 207 304.486
150 302 240.019
150 334 238.209
150 414 235.66
150 451 1592.97
150 467 281.504
150 493 289.87
151 64 1354.87
151 74 507.688
151 77 1777.92
151 107 315.811
151 120 365.853
151 161 286.632
151 168 356.903
151 194 293.762
151 456 293.901
152 148 492.778
152 165 655.841
152 170 658.256
152 212 396.361
152 282 378.468
152 284 629.96
152 292 677.53
152 409 563.723
152 428 755.864
152 446 372.719
153 272 155.693
153 441 192.562
154 15 448.252
154 123 1219.8
154 260 514.754
154 388 516.842
154 396 435.089
154 481 501.375
154 483 461.684
155 177 430.34
155 298 1756.65
155 312 360.117
155 377 485.221
156 32 332.173
156 40 594.292
156 79 377.804
156 81 1014.23
156 82 356.888
156 161 370.866
156 168 398.346
156 184 548.138
156 187 750.481
156 194 343.256
156 254 374.667
156 314 443.707
156 456 382.967
156 494 364.734
157 38 402.282
157 121 391.503
157 219 313.737
157 287 354.427
157 343 246.277
157 379 254.645
158 13 357.215
158 101 308.25
158 104 192.225
158 252 183.112
158 311 221.032
159 12 112.601
159 93 125.075
159 288 79.6435
160 15 587.663
160 49 379.358
160 176 364.899
160 201 326.197
160 360 804.615
161 34 406.534
161 135 334.263
161 181 1388.39
161 204 357.374
161 214 481.844
161 253 342.198
161 285 379.957
161 302 338.265
161 470 485.725
162 33 51.688
162 75 67.2816
162 125 346.505
162 160 142.5
162 490 825.919
163 36 422.776
163 37 195.891
163 188 232.542
163 206 306.943
163 237 231.778
163 368 475.647
163 405 217.063
163 426 447.417
163 479 162.933
163 499 178.104
164 38 22.3414
164 121 7.29624
164 287 8.27251
164 343 10.2459
164 379 6.97264
165 106 554.974
165 224 620.13
165 380 833.458
165 454 695.749
166 72 483.72
166 108 635.277
166 145 828.145
166 191 416.391
166 220 587.967
166 321 1862.74
166 333 1056.24
166 385 560.939
166 402 851.837
167 197 42.9443
167 471 35.0185
168 66 807.906
168 67 315.619
168 88 388.659
168 251 368.747
168 312 638.138
168 315 371.857
168 349 344.684
168 362 322.178
168 366 312.322
168 370 478.573
168 375 401.417
168 400 1120.78
169 47 300.335
169 57 284.808
169 266 276.74
169 295 449.062
169 465 328.82
170 163 330.568
170 256 186.204
170 332 282.497
170 355 246.75
170 397 873.622
171 30 383.92
171 80 1065.98
171 119 639.38
171 131 479.436
171 169 454.797
171 234 423.584
171 273 891.186
171 326 461.956
171 336 412.392
171 404 798.809
171 457 427.636
171 492 601.968
172 27 1071.04
172 84 687.764
172 86 403.705
172 150 484.633
172 198 672.482
172 200 373.333
172 283 408.743
172 393 1039.08
172 431 439.33
172 436 566.634
172 446 417.635
173 170 376.473
173 212 443.377
173 292 366.372
173 305 372.313
173 428 452.602
173 458 415.107
174 53 402.287
174 90 504.964
174 102 840.456
174 258 937.427
174 299 677.818
174 339 472.953
175 83 212.37
175 98 242.002
175 174 147.548
175 215 156.796
175 423 167.65
176 166 168.979
176 295 174.162
176 309 228.839
176 324 163.886
176 344 275.188
176 364 350.673
176 433 327.224
176 465 199.5
176 477 215.708
177 40 631.601
177 79 652.286
177 81 716.507
177 82 341.482
177 184 578.444
177 187 1353.92
177 314 887.036
177 357 358.305
178 34 367.269
178 135 260.073
178 181 2559.4
178 214 406.156
178 233 231.892
178 253 320.66
178 302 284.874
178 470 279.822
179 68 799.671
179 86 386.812
179 105 440.057
179 129 376.922
179 239 394.813
179 267 847.848
179 383 1273.49
179 416 657.028
179 424 330.058
179 436 309.658
180 110 454.882
180 163 2029.26
180 256 484.997
180 332 694.437
180 355 471.635
180 397 953.945
181 33 793.698
181 69 442.9
181 125 948.832
181 160 1007.84
181 425 612.885
181 490 790.72
182 115 165.731
182 224 81.8603
182 267 85.3971
182 383 110.571
182 390 124.608
183 136 574.239
183 153 371.965
183 296 272.627
183 405 259.897
184 102 135.936
184 258 310.064
184 478 145.949
184 496 158.481
185 16 485.699
185 26 227.564
185 53 183.884
185 58 171.23
185 162 198.535
185 182 156.44
185 207 152.628
185 265 356.716
185 337 144.245
185 493 477.651
186 128 255.162
186 301 397.174
186 330 258.903
186 390 282.704
186 468 270.473
187 9 967.163
187 76 410.241
187 189 337.381
187 271 406.34
187 276 343.407
187 345 344.126
187 358 559.973
187 420 290.942
187 482 295.756
188 97 58.1995
188 100 189.818
188 130 189.872
188 132 128.622
188 249 57.5094
188 297 58.2704
188 342 64.3474
188 367 91.0539
188 406 81.6658
188 461 67.3582
188 484 162.521
188 491 69.1747
189 14 584.677
189 111 322.849
189 199 208.437
189 248 885.47
189 356 247.474
189 369 309.93
189 432 244.414
189 437 1163.65
190 76 464.536
190 157 440.537
190 196 386.67
190 240 500.869
190 261 471.7
190 262 402.433
190 271 476.239
190 345 614.78
190 358 302.991
190 362 322.928
190 408 369.037
190 420 1004.89
190 453 391.518
190 495 871.185
191 25 295.242
191 230 392.301
191 283 417.989
191 323 315.014
191 350 880.001
191 489 824.538
192 186 3855.1
192 192 607.118
192 212 406.396
192 282 601.14
192 291 702.52
192 305 446.582
192 310 485.693
192 412 655.481
192 466 498.749
192 469 756.495
192 472 578.85
192 488 700.587
192 497 778.956
193 34 449.449
193 44 413.084
193 135 447.415
193 137 500.643
193 172 421.621
193 233 542.772
193 253 380.663
193 316 424.96
193 374 398.615
193 391 397.526
193 411 604.186
194 31 340.009
194 60 282.162
194 97 277.173
194 259 528.779
194 300 433.554
194 318 590.787
194 442 496.345
194 460 8900.76
195 10 89.8256
195 148 95.205
195 165 192.468
195 170 295.082
195 211 79.7316
195 263 66.1714
195 284 63.0568
195 323 63.312
195 340 67.7981
195 428 70.745
195 446 76.3794
195 458 139.518
196 29 280.567
196 142 209.262
196 151 205.367
196 182 293.642
196 217 241.653
196 265 212.387
196 278 303.581
196 337 485.831
196 363 205.474
196 414 199.924
196 467 389.557
197 12 346.527
197 38 199.193
197 93 735.247
197 185 328.875
197 288 190.123
197 343 220.26
197 378 277.228
197 435 184.325
198 197 5.1006
198 355 9.0682
198 386 8.25091
199 11 549.365
199 72 394.591
199 95 583.064
199 281 2167.08
199 286 490.193
200 44 353.766
200 116 425.203
200 218 551.812
200 411 373.846
200 449 465.941
201 71 818.519
201 121 483.425
201 219 535.131
201 231 742.862
201 280 445.72
201 359 579.324
201 365 442.955
201 398 469.973
202 16 257.837
202 26 750.676
202 53 350.652
202 63 245.641
202 242 302.895
202 265 249.043
202 394 336.654
202 413 414.847
202 430 455.1
202 493 221.864
203 57 341.636
203 158 47.7338
203 256 38.8733
203 266 172.972
203 295 38.2181
203 341 40.666
203 462 43.0058
203 465 33.0728
204 54 857.135
204 204 324.97
204 244 286.598
204 285 1131.96
204 459 263.754
204 470 464.898
205 153 495.132
205 206 409.736
205 237 731.253
205 296 730.415
205 450 414.729
205 479 737.777
205 480 557.908
206 35 2326.53
206 88 288.764
206 139 215.468
206 251 221.185
206 298 191.539
206 349 221.625
206 381 214.417
206 476 203.726
207 47 221.441
207 120 260.987
207 134 460.234
207 144 397.65
207 215 269.958
207 327 797.56
207 328 319.918
207 419 345.911
208 72 641.924
208 95 375.059
208 108 416.052
208 121 379.662
208 145 768.189
208 191 1301.15
208 219 409.378
208 321 433.894
208 333 557.276
208 379 448.893
208 402 985.807
209 6 580.901
209 71 451.996
209 128 465.24
209 231 3628.62
209 330 464.811
209 359 897.673
209 365 1244.45
209 371 560.837
209 398 632.204
209 429 425.848
210 15 654.422
210 260 327.919
210 360 412.509
211 98 688.924
211 423 1143.22
212 0 419.057
212 147 271.871
212 167 242.621
212 193 273.733
212 274 439.506
212 294 204.271
212 348 197.901
212 432 300.257
212 444 383.249
213 35 346.136
213 66 403.172
213 67 365.973
213 78 331.964
213 88 631.642
213 133 356.675
213 208 410.426
213 251 939.453
213 346 680.831
213 349 1115.84
213 366 696.188
213 375 373.84
214 148 48.3214
214 165 64.7886
214 170 69.3985
214 212 67.8272
214 282 58.9454
214 284 56.9114
214 292 136.566
214 305 44.3442
214 409 58.8235
214 428 190.508
214 469 48.7459
215 4 9.41168
215 20 10.2596
215 23 14.8915
215 171 10.3569
215 396 9.44408
215 464 10.4646
216 0 495.998
216 147 779.666
216 274 340.781
216 348 396.362
217 66 445.244
217 67 750.718
217 78 425.836
217 88 449.959
217 133 380.874
217 208 1610.29
217 251 674.258
217 315 370.247
217 319 432.673
217 346 2189.4
217 349 728.953
217 366 1310.13
217 375 625.461
218 0 1639.48
218 147 863.924
218 274 533.664
218 294 655.105
218 432 596.355
218 444 434.883
219 70 106.549
219 134 81.4015
219 144 83.9319
219 327 82.144
219 344 118.879
219 477 76.1311
220 3 513.107
220 55 766.084
220 166 818.774
220 221 443.358
220 309 856.491
220 347 461.19
220 364 427.12
220 433 539.141
220 465 449.455
221 5 1159.5
221 27 397.674
221 84 623.108
221 118 649.593
221 126 687.296
221 150 944.694
221 178 1304.49
221 200 407.192
221 229 1308.75
221 230 416.471
221 287 402.602
221 303 417.072
221 373 721.399
221 395 571.14
221 415 466.076
221 431 831.541
222 38 370.99
222 72 357.244
222 121 823.791
222 145 430.603
222 191 714.914
222 219 804.896
222 379 1054.08
222 402 392.675
223 142 239.886
223 181 390.859
223 214 856.533
223 285 271.613
223 302 422.684
223 354 336.252
223 414 259.952
223 470 420.417
224 33 1068.23
224 69 872.362
224 73 432.109
224 113 425.039
224 125 787.482
224 160 1329.41
224 425 420.401
224 490 697.927
225 56 269.944
225 225 295.543
225 288 250.866
225 475 328.84
226 9 193.919
226 73 212.669
226 94 440.952
226 122 219.132
226 228 353.512
226 358 235.139
226 482 4378.19
227 60 81.5401
227 115 132.376
227 154 113.627
227 224 290.335
227 380 86.8562
228 179 55.9882
228 289 53.0362
228 301 44.6733
228 317 47.9595
228 338 68.6714
228 440 49.5463
228 468 74.8738
229 11 134.289
229 114 147.433
229 226 136.281
229 232 168.236
229 238 301.046
229 281 105.435
229 333 102.043
230 139 220.868
230 177 707.466
230 331 268.794
230 377 1220.49
230 450 288.596
231 6 332.728
231 95 295.688
231 103 526.891
231 128 441.104
231 175 300.43
231 231 438.434
231 286 447.246
231 330 425.069
231 359 333.092
231 365 1116.39
231 371 641.641
231 429 658.062
232 19 388.953
232 152 659.219
232 195 349.098
232 361 460.796
233 85 147.416
233 124 295.716
233 255 156.951
233 277 134.68
233 322 218.894
233 439 157.251
234 62 189.478
234 252 158.655
234 291 124.587
234 304 208.349
234 310 172.09
234 391 108.593
234 417 194.015
234 422 166.708
234 427 400.671
234 434 212.316
234 472 145.009
234 497 100.031
235 73 128.828
235 94 263.741
235 113 107.446
235 122 106.846
235 228 190.834
235 482 251.537
236 4 131.113
236 455 104.776
236 464 112.854
237 66 306.778
237 67 1046.19
237 208 454.783
237 251 301.591
237 315 511.945
237 319 551.971
237 346 332.938
237 349 303.178
237 366 440.879
237 375 652.083
237 410 281.171
238 28 599.693
238 80 582.755
238 131 1156.82
238 146 536.26
238 213 907.63
238 235 425.412
238 457 1462.73
239 30 88.8455
239 119 19.461
239 143 33.8162
239 169 13.9362
239 234 14.4645
239 268 15.5546
239 273 14.0228
239 326 21.7405
239 404 19.2135
240 110 1946.51
240 124 513.313
240 163 546.586
241 165 31.0674
241 170 36.8255
241 212 34.2601
241 282 22.9556
241 292 37.0809
241 305 23.7424
241 428 55.0318
241 458 26.0065
242 31 246.199
242 60 281.831
242 259 1076.94
242 300 529.77
242 318 751.951
242 361 238.422
242 442 356.473
242 460 842.027
243 117 673.954
243 223 321.175
243 307 559.896
244 75 199.112
244 479 75.8669
244 480 112.118
245 62 95.4201
245 192 142.216
245 212 279.077
245 282 98.7169
245 291 71.302
245 292 102.978
245 305 275.793
245 310 83.003
245 417 72.1147
245 422 80.5499
245 428 111.327
245 434 88.603
245 469 80.1103
245 472 78.642
245 497 102.143
246 8 283.324
246 214 276.658
246 285 296.12
246 354 681.572
246 470 382.731
247 0 666.58
247 147 450.89
247 193 236.679
247 274 389.731
247 348 232.926
247 444 209.649
248 44 114.062
248 135 182.324
248 304 290.737
248 391 265.926
248 417 126.181
248 422 112.893
249 10 270.186
249 25 151.787
249 148 98.1848
249 165 97.6342
249 211 555.435
249 263 232.223
249 283 96.881
249 323 519.067
249 340 96.4292
249 446 106.848
249 458 118.221
249 489 157.698
250 10 228.995
250 25 1058.42
250 99 196.342
250 149 194.391
250 211 298.134
250 263 409.537
250 293 326.967
250 323 321.788
250 489 343.402
251 35 521.438
251 66 718.931
251 67 404.177
251 88 4455.93
251 208 353.274
251 251 1427.5
251 312 503.825
251 346 457.568
251 349 1308.15
251 366 626.596
251 375 456.332
251 400 514.8
252 33 236.271
252 51 195.16
252 69 215.735
252 73 1230.54
252 94 239.407
252 113 818.223
252 122 257.8
252 228 279.545
252 453 140.469
253 0 3220.63
253 147 1081.71
253 274 459.326
253 294 442.421
253 432 391.695
253 444 340.383
254 79 332.585
254 149 386.14
254 155 443.564
254 293 357.637
254 350 321.999
254 351 331.544
254 357 366.845
254 384 690.297
255 7 132.394
255 42 114.306
255 58 77.1867
255 202 150.58
255 205 172.19
255 207 93.7531
255 210 192.724
255 334 115.306
255 443 160.134
256 197 418.324
256 223 469.336
256 269 655.32
256 401 262.529
256 471 269.958
257 10 256.242
257 21 250.795
257 99 255.257
257 165 261.467
257 170 296.649
257 211 270.014
257 263 331.449
257 340 598.422
257 458 1680.6
258 0 125.055
258 147 57.498
258 193 33.0287
258 274 49.9747
258 294 34.4843
258 348 28.4931
258 432 39.0103
258 444 37.2871
259 19 273.051
259 60 188.92
259 154 272.922
259 195 474.884
259 259 157.082
259 352 284.057
260 33 449.969
260 69 1273.26
260 73 504.346
260 94 326.454
260 113 415.467
260 122 265.443
260 160 303.261
260 228 328.282
261 22 331.082
261 45 198.58
261 127 182.876
261 401 302.756
261 471 536.451
262 28 179.663
262 61 187.896
262 92 301.138
262 146 198.258
262 213 136.164
262 246 296.967
262 257 389.144
262 372 233.684
263 2 318.531
263 49 105.641
263 109 117.349
263 176 101.208
263 190 137.651
263 201 105.54
263 270 107.983
264 3 260.651
264 45 193.832
264 55 201.079
264 158 223.672
264 166 273.617
264 221 1076.24
264 462 299.076
265 32 59.1821
265 39 63.3722
265 46 74.8662
265 56 86.8094
265 225 119.055
265 245 77.0049
266 30 335.848
266 80 407.192
266 119 1679.48
266 143 368.974
266 169 639.07
266 216 212.698
266 234 565.017
266 235 250.264
266 273 1340.58
266 326 253.833
266 404 956.348
267 41 367.511
267 87 425.549
267 106 409.445
267 173 528.594
267 183 734.363
267 380 1014.97
267 487 378.672
268 22 920.003
268 43 332.988
268 50 368.88
268 127 572.236
268 197 318.98
268 269 422.945
268 329 372.546
268 363 343.335
268 401 917.179
268 471 491.725
269 63 236.912
269 140 81.0946
269 164 200.265
269 236 79.6015
269 430 173.633
270 75 140.117
270 479 64.3274
270 480 93.4856
271 17 645.318
271 96 1130.55
271 167 692.923
271 193 214.658
271 203 450.301
271 369 261.047
271 389 449.561
271 392 1229.77
271 444 334.049
271 445 281.815
271 474 355.12
272 60 189.221
272 65 127.824
272 97 128.089
272 227 142.172
272 249 152.209
272 259 125.476
272 442 591.785
272 460 189.652
272 487 200.634
273 62 501.717
273 135 499.091
273 304 2501.54
273 391 499.441
273 417 932.172
273 422 769.525
273 427 538.343
273 434 530.805
274 3 151.98
274 45 162.189
274 158 187.552
274 166 163.023
274 221 3251.84
274 266 128.085
274 462 266.202
275 177 222.986
275 331 402.476
275 377 205.418
275 450 262.094
276 41 345.769
276 52 187.823
276 65 966.686
276 87 564.884
276 100 110.54
276 130 111.248
276 173 178.779
276 183 121.508
276 227 465.779
276 241 197.798
276 249 302.54
276 279 107.164
276 308 159.841
276 367 121.013
276 376 138.547
276 487 240.049
277 14 397.668
277 17 451.909
277 111 1226.51
277 138 312.59
277 216 302.85
277 248 303.539
277 264 304.596
277 335 405.278
277 356 2074.96
277 369 575.289
277 437 445.394
277 474 498.331
278 116 48.6014
278 246 41.625
278 316 41.7602
278 372 45.3403
278 443 43.2135
279 13 315.656
279 18 353.901
279 78 369.885
279 101 973.606
279 133 282.513
279 297 340.024
279 311 324.256
279 418 339.494
280 76 266.628
280 131 413.742
280 196 315.919
280 261 302.386
280 271 460.741
280 345 281.583
280 420 323.654
280 457 456.135
280 495 348.175
281 42 376.019
281 138 200.157
281 372 314.006
281 438 488.553
281 443 216.925
282 108 703.102
282 145 455.854
282 385 758.392
282 435 415.075
282 473 6050.31
283 44 213.788
283 104 244.759
283 252 643.238
283 304 276.73
283 391 334.668
283 427 284.105
283 434 200.578
284 10 403.425
284 148 364.73
284 165 572.835
284 170 722.192
284 211 388.056
284 263 376.088
284 340 465.47
284 428 341.152
284 458 1262.07
285 16 303.897
285 24 459.367
285 58 312.085
285 142 260.832
285 151 510.266
285 159 273.796
285 162 347.175
285 180 310.727
285 182 870.543
285 207 253.106
285 265 555.413
285 337 335.627
285 451 372.809
285 467 557.65
285 493 683.385
286 36 59.3943
286 136 125.375
286 153 83.6825
286 237 59.6602
286 296 61.2405
286 405 61.7156
287 35 429.697
287 78 840.129
287 133 2073.58
287 342 542.252
287 346 492.17
287 349 413.325
287 476 945.135
288 91 2648.96
288 156 813.17
288 179 666.629
288 243 591.987
288 289 1236.34
288 317 2244.84
288 338 728.956
288 403 440.148
288 447 522.35
289 15 338.812
289 260 190.678
289 360 145.387
290 3 101.52
290 8 89.5738
290 22 99.5538
290 43 97.8937
290 45 74.226
290 50 72.423
290 127 73.214
290 221 115.693
290 401 95.248
290 462 72.1781
291 12 566.41
291 89 490.107
291 93 399.478
291 185 810.765
291 209 423.39
291 275 655.724
291 288 636.933
291 303 418.757
291 378 828.984
291 475 653.841
292 45 932.699
292 158 517.221
292 256 466.996
292 332 512.401
292 341 736.904
292 397 442.4
292 462 435.105
292 471 814.336
293 17 798.493
293 96 335.746
293 111 261.095
293 138 278.089
293 167 248.902
293 203 412.651
293 299 205.934
293 335 346.741
293 356 291.439
293 369 272.419
293 389 263.987
293 392 309.277
293 474 3254.08
294 68 603.69
294 105 559.857
294 115 389.732
294 239 586.885
294 267 965.616
294 383 1779.17
294 416 414.812
294 424 453.222
294 454 433.401
295 11 971.451
295 238 207.194
295 281 269.546
296 149 181.185
296 293 127.905
296 309 122.64
296 324 191.98
296 353 756.186
296 364 137.722
296 433 129.883
297 7 414.619
297 24 550.645
297 58 1040.48
297 159 1883.58
297 162 808.517
297 180 420.773
297 202 568.106
297 205 573.007
297 207 1125.16
297 210 788.721
297 334 839.279
297 451 794.621
297 498 613.751
298 42 211.944
298 202 334.568
298 205 145.262
298 210 246.755
298 372 143.218
298 443 546.7
298 498 137.024
299 66 30.6458
299 88 29.5714
299 298 41.5267
299 312 77.9399
299 370 27.627
299 400 54.5775
299 425 33.8183
300 116 184.274
300 137 896.682
300 172 693.595
300 202 183.015
300 233 281.209
300 253 189.446
300 316 332.425
300 374 374.234
300 498 249.615
301 83 599.066
301 120 237.533
301 134 238.156
301 144 222.067
301 215 1324.06
301 327 244.498
301 328 406.358
301 419 352.277
302 14 430.114
302 30 615.491
302 80 329.256
302 119 698.748
302 143 1061.73
302 169 902.538
302 216 423.541
302 234 1131.22
302 235 356.669
302 248 352.131
302 273 497.895
302 404 526.228
303 42 277.113
303 61 326.167
303 92 371.841
303 246 827.93
303 257 373.108
303 372 705.935
303 443 255.444
304 72 488.581
304 108 462.765
304 114 400.246
304 145 542.263
304 220 699.545
304 321 975.499
304 333 1193
304 385 436.504
304 402 706.748
305 85 133.014
305 124 38.2326
305 277 41.4267
305 322 36.8314
306 35 209.838
306 66 314.654
306 67 156.968
306 88 5534.49
306 251 460.347
306 312 236.802
306 346 165.102
306 349 414.296
306 366 227.361
306 375 180.18
306 400 238.924
307 34 730.567
307 135 500.399
307 181 10704.2
307 214 651.735
307 233 432.777
307 253 600.863
307 302 477.656
307 470 461.951
308 149 669.895
308 155 551.492
308 293 341.031
308 324 958.04
308 353 411.082
308 364 292.591
309 63 1608.11
309 140 379.111
309 164 360.004
309 222 235.083
309 242 220.459
309 394 204.118
309 413 220.406
309 430 416.075
310 272 57.1528
310 441 65.6257
311 12 139.135
311 93 82.2166
311 185 173.608
311 275 68.159
311 288 107.704
311 343 58.2376
311 378 140.52
311 475 82.9883
312 17 36.3972
312 96 93.8571
312 102 22.3452
312 167 28.8584
312 203 93.8045
312 299 23.1069
312 389 93.3224
312 392 69.0593
312 444 19.5307
312 445 23.7905
312 474 30.1575
313 54 360.206
313 181 586.9
313 204 564.209
313 214 371.126
313 244 444.22
313 285 659.141
313 470 739.712
314 97 436.608
314 100 531.281
314 130 521.455
314 132 2117.98
314 382 402.06
314 387 446.938
314 406 763.403
314 461 700.849
314 484 617.855
314 491 505.704
315 31 728.161
315 97 589.118
315 382 8490.64
315 388 430.919
315 452 552.299
315 481 1802.39
315 483 821.201
316 75 578.753
316 479 320.194
316 480 471.109
317 44 154.013
317 116 200.749
317 316 190.047
317 411 272.065
318 10 246.422
318 25 1019.7
318 99 222.231
318 149 202.895
318 211 324.928
318 263 503.849
318 293 337.143
318 323 335.991
318 340 200.02
318 489 325.097
319 6 26.5829
319 95 22.899
319 103 35.6265
319 128 32.5526
319 231 37.8428
319 286 30.3769
319 330 31.5973
319 359 27.5704
319 365 118.652
319 371 46.1339
319 398 23.7534
319 429 42.218
320 149 195.325
320 155 307.329
320 324 930.56
320 353 177.682
320 364 164.024
320 433 133.663
321 24 185.254
321 58 198.66
321 137 170.492
321 159 356.196
321 162 174.592
321 172 196.474
321 180 167.566
321 202 222.559
321 207 197.545
321 210 250.379
321 334 171.877
321 374 218.733
321 451 241.108
321 498 476.516
322 29 161.535
322 217 125.03
322 269 73.2839
322 278 83.1525
322 290 83.1538
322 337 88.9676
322 363 102.278
322 467 68.627
323 47 612.707
323 174 573.429
323 255 1094.1
323 322 534.363
323 439 1038.61
324 54 168.398
324 141 176.604
324 285 126.381
324 347 116.324
325 44 489.535
325 104 485.499
325 252 712.537
325 304 495.609
325 391 907.895
325 427 408.095
326 157 856.57
326 196 373.934
326 240 483.069
326 261 446.712
326 262 2103.33
326 315 427.973
326 362 760.783
326 370 412.531
326 408 405.016
326 410 388.652
326 420 399.358
326 495 488.503
327 60 301.495
327 115 274.957
327 154 651.741
327 195 220.339
327 224 306.755
327 352 200.005
328 51 465.148
328 73 520.901
328 76 322.48
328 94 1670.83
328 113 452.499
328 122 588.71
328 228 1438.26
328 358 461.541
328 453 349.481
328 482 936.361
329 85 476.975
329 124 842.98
329 255 602.583
329 277 487.313
329 322 895.137
329 439 604.236
330 421 439.608
330 496 75.1658
331 41 441.144
331 65 719.878
331 87 588.281
331 173 386.348
331 183 327.53
331 227 779.86
331 241 334.27
331 249 712.233
331 380 390.514
331 442 398.097
331 487 3092.63
332 21 158.383
332 54 134.623
332 59 258.778
332 99 122.779
332 141 128.481
333 57 285.138
333 158 209.18
333 166 337.169
333 221 195.93
333 266 326.992
333 295 363.268
333 462 246.448
333 465 392.927
334 33 748.952
334 51 412.703
334 69 368.865
334 73 602.556
334 94 323.682
334 113 810.576
334 122 460.735
334 228 365.808
334 408 359.151
334 425 414.715
334 453 325.972
335 54 218.677
335 181 148.637
335 204 187.819
335 244 156.863
335 285 1071.04
335 470 591.96
336 9 85.5159
336 51 98.3459
336 73 66.4106
336 76 111.23
336 94 97.096
336 113 64.9497
336 122 99.2647
336 228 101.976
336 271 72.7076
336 345 87.8506
336 358 269.365
336 420 67.776
336 453 88.5562
336 482 115.814
337 71 248.956
337 126 317.877
337 178 341.354
337 200 289.034
337 229 370.69
337 280 417.619
337 287 764.061
337 343 239.087
337 373 416.114
337 395 481.664
337 431 291.34
338 7 413.8
338 16 397.776
338 26 237.233
338 53 297.267
338 58 297.58
338 162 310.156
338 205 392.084
338 207 343.793
338 334 421.082
338 493 225.606
339 44 1759.24
339 104 487.635
339 252 286.452
339 391 615.454
339 411 563.306
340 13 232.547
340 44 226.181
340 104 609.75
340 252 343.296
340 391 209.647
341 28 577.845
341 80 858.389
341 131 975.204
341 146 526.377
341 169 414.419
341 213 872.854
341 235 528.484
341 273 511.792
341 457 999.057
342 13 163.861
342 186 194.698
342 279 214.389
342 291 178.577
342 308 146.137
342 310 128.468
342 412 450.386
342 466 399.854
342 472 148.433
342 488 604.446
342 497 138.951
343 21 229.38
343 55 292.145
343 59 307.199
343 141 399.97
343 347 415.342
343 353 270.683
344 2 383.953
344 49 439.948
344 109 218.17
344 176 367.034
344 190 428.591
344 201 358.572
344 270 227.032
344 360 286.799
345 8 878.422
345 22 824.969
345 29 386.242
345 43 1505.94
345 50 1904.48
345 127 1403.96
345 217 440.689
345 329 1618.52
345 363 519.803
345 401 892.859
346 36 840.44
346 37 407.425
346 136 652.494
346 153 596.532
346 188 389.108
346 237 687.67
346 296 522.047
346 405 706.503
346 426 470.373
347 6 12.2638
347 71 24.4101
347 129 10.3886
347 231 11.3962
347 280 13.6492
347 359 16.8691
347 398 18.6855
347 416 13.4367
348 83 768.582
348 174 299.814
348 215 980.241
348 327 308.12
348 328 405.967
348 419 372.202
349 18 959.117
349 52 165.472
349 101 124.394
349 241 136.996
349 279 134.401
349 297 343.001
349 308 120.787
349 367 179.316
349 376 220.016
349 418 852.821
350 11 513.529
350 112 406.156
350 226 432.65
350 232 455.641
350 238 797.981
351 67 561.83
351 208 377.994
351 315 561.585
351 319 786.464
351 366 345.662
351 375 468.012
351 410 524.017
352 5 277.301
352 84 120.737
352 89 125.614
352 118 306.852
352 126 137.315
352 150 155.029
352 178 131.715
352 229 150.87
352 230 215.956
352 275 139.106
352 283 121.479
352 303 243.679
352 407 138.906
352 415 454.413
353 216 668.971
353 235 391.412
353 264 3275.62
353 335 277.626
353 356 271.811
354 177 193.5
354 377 155.285
354 450 146.339
355 7 495.695
355 42 484.544
355 202 612.091
355 205 617.797
355 207 350.854
355 210 738.96
355 334 425.378
355 443 715.417
356 28 443.409
356 61 1268.28
356 92 1358.74
356 146 444.471
356 213 350.526
356 246 481.827
356 257 804.538
356 399 588.045
357 1 559.846
357 39 405.869
357 56 832.806
357 89 722.759
357 209 1084.18
357 245 391.227
357 303 366.465
357 407 380.029
357 475 430.701
358 51 960.996
358 73 389.768
358 76 1398.36
358 94 431.28
358 113 413.947
358 122 720.17
358 228 486.152
358 240 652.997
358 271 553.955
358 345 1028.88
358 358 1273.7
358 408 594.75
358 420 651.348
358 453 1278.51
358 482 401.748
359 6 345.42
359 103 315.262
359 128 687.014
359 301 1256.44
359 330 745.285
359 371 412.309
359 390 267.375
359 398 232.334
359 429 251.702
359 468 215.996
360 10 469.442
360 148 1843.04
360 165 569.625
360 170 444.383
360 211 344.966
360 284 399.572
360 323 321.206
360 446 2483.55
361 35 228.357
361 88 182.32
361 298 504.781
361 312 223.357
361 400 177.604
362 48 783.465
362 103 290.063
362 175 1195.24
362 286 382.102
362 429 299.958
362 440 398.557
362 468 279.323
363 33 226.634
363 69 516.464
363 73 153.676
363 125 215.941
363 160 307.95
363 490 206.606
364 110 129.813
364 163 218.725
364 332 107.714
364 355 147.557
364 397 153.411
365 75 560.802
365 125 460.187
365 160 416.793
365 490 508.133
366 23 635.372
366 109 464.746
366 396 303.623
367 40 1388.18
367 70 378.062
367 79 542.103
367 81 866.659
367 82 529.971
367 168 333.052
367 184 373.842
367 187 571.875
367 314 841.52
367 477 396.015
368 44 461.962
368 104 4642.32
368 252 378.963
368 311 296.839
368 391 342.384
368 411 299.51
369 66 1778.01
369 67 633.637
369 88 616.843
369 251 659.419
369 312 700.824
369 315 740.03
369 349 614.022
369 362 499.501
369 366 592.498
369 370 643.094
369 375 882.044
369 400 1006.64
370 163 473.437
370 256 219.926
370 332 362.381
370 341 139.053
370 397 275.222
371 44 78.0901
371 104 79.1362
371 252 59.1628
371 304 39.3931
371 391 86.544
371 411 46.5344
372 26 171.998
372 53 244.267
372 102 142.618
372 242 201.815
372 258 210.121
372 394 228.787
372 413 200.846
373 12 339.41
373 93 198.037
373 185 409.096
373 275 164.74
373 288 267.633
373 343 139.529
373 378 334.285
373 475 205.513
374 64 453.07
374 74 425.385
374 77 882.515
374 120 569.76
374 134 310.83
374 144 325.478
374 215 259.616
374 327 254.719
374 328 394.48
374 419 388.588
375 355 531.671
375 386 393.56
376 197 250.825
376 471 143.129
377 32 155.152
377 46 142.026
377 107 168.66
377 161 183.442
377 194 182.71
377 254 345.58
377 456 172.713
377 494 427.127
378 173 471.168
378 183 467.37
378 186 637.797
378 241 439.734
378 279 839.71
378 291 426.554
378 308 568.321
378 376 380.531
378 412 10360.3
378 466 1593.34
378 488 7218.69
379 36 1377.39
379 37 766.814
379 188 755.772
379 206 312.187
379 237 366.668
379 368 415.635
379 405 1406.93
379 426 1026.29
379 485 353.543
379 499 457.666
380 136 470.758
380 405 464.465
380 486 412.767
381 105 226.745
381 106 755.573
381 239 268.236
381 284 223.956
381 409 370.265
381 424 296.836
381 454 355.03
382 10 169.646
382 148 131.421
382 165 96.1203
382 211 138.286
382 283 156.886
382 323 167.894
382 446 189.886
382 489 108.33
383 7 582.153
383 16 128.565
383 58 130.814
383 162 128.848
383 205 329.048
383 207 159.853
383 210 118.327
383 334 220.274
383 339 129.334
384 19 138.696
384 152 725.815
384 243 150.513
385 54 941.392
385 204 351.684
385 244 310.408
385 285 1205.55
385 459 286.036
385 470 500.347
386 6 433.1
386 115 491.846
386 301 737.042
386 330 423.025
386 390 2692.74
387 33 5247.38
387 69 799.945
387 73 593.864
387 113 613.804
387 125 557.952
387 160 727.116
387 425 526.06
387 490 506.006
388 3 228.141
388 55 283.471
388 59 229.444
388 141 1092.43
388 347 518.927
389 204 457.717
389 244 756.923
389 417 203.158
389 422 212.635
389 459 1082.75
390 41 161.204
390 52 134.465
390 65 307.401
390 87 191.131
390 97 136.929
390 100 160.324
390 130 159.049
390 227 419.765
390 249 563.635
390 442 175.656
390 484 165.054
390 487 461.15
391 153 316.939
391 237 339.246
391 296 422.083
391 450 425.358
391 479 363.508
391 480 343.625
392 3 628.916
392 8 996.209
392 43 726.311
392 50 479.651
392 141 495.854
392 329 451.967
392 347 452.468
393 85 313.252
393 110 342.758
393 124 1480.69
393 255 275.156
393 322 340.904
393 439 275.001
394 6 181.293
394 71 38.2508
394 128 46.1183
394 231 46.9921
394 301 47.0437
394 330 48.1388
394 359 93.4002
394 365 35.4538
394 371 43.8129
394 390 37.3444
394 398 186.616
395 9 282.783
395 51 248.917
395 76 1016.03
395 122 217.644
395 240 247.344
395 271 754.932
395 345 737.245
395 358 572.006
395 408 213.158
395 420 500.819
395 453 305.264
395 495 243.162
396 72 2802.55
396 95 1088.36
396 145 350.504
396 191 628.975
396 281 380.08
396 333 594.558
396 402 691.462
397 31 368.484
397 259 980.888
397 300 12742.8
397 318 2103.64
397 361 625.346
397 442 330.636
397 460 573.139
398 95 60.6859
398 103 61.2592
398 128 44.439
398 175 49.5189
398 231 45.2997
398 281 48.605
398 286 96.1462
398 365 82.8603
398 371 55.288
398 429 82.4132
399 28 271.318
399 61 456.323
399 92 644.706
399 146 288.742
399 246 1406.33
399 257 630.264
399 372 382.628
399 399 250.235
400 114 86.6564
400 220 47.2285
400 226 48.2668
400 232 59.4184
400 238 49.2264
400 333 35.5318
401 27 1480.96
401 84 759.238
401 86 517.703
401 129 437.922
401 150 533.713
401 198 940.816
401 200 458.264
401 283 422.935
401 393 1651.62
401 431 509.768
401 436 767.769
401 446 453.834
402 114 492.398
402 220 296.292
402 226 201.82
402 232 216.823
403 36 247.689
403 37 523.748
403 188 670.827
403 306 218.593
403 320 350.101
403 368 253.949
403 405 275.959
403 426 377.65
403 485 389.592
403 499 3112.92
404 166 391.623
404 295 389.882
404 309 513.949
404 344 467.176
404 364 673.333
404 433 703.98
404 465 466.682
404 477 366.524
405 7 334.815
405 90 1187.94
405 102 357.81
405 138 409.413
405 299 413.627
405 335 314.313
405 339 2166.56
405 438 482.419
406 75 489.413
406 125 462.037
406 160 361.556
406 490 466.522
407 72 151.246
407 114 156.856
407 220 179.134
407 232 130.896
407 238 142.8
407 321 171.723
407 333 271.822
407 402 171.838
408 57 258.449
408 163 248.737
408 256 554.867
408 266 237.618
408 332 332.337
408 341 284.309
409 0 120.475
409 147 136.092
409 193 138.822
409 274 142.643
409 348 348.801
410 9 305.836
410 189 169.802
410 276 165.455
410 358 170.4
410 482 218.036
411 21 300.747
411 54 493.017
411 59 334.076
411 204 251.253
411 244 259.489
411 285 252.233
411 340 250.571
411 459 316.905
412 135 326.85
412 181 263.874
412 204 496.333
412 244 501.843
412 304 331.258
412 417 302.975
412 422 291.82
412 459 344.156
413 63 640.055
413 140 297.506
413 164 1271.47
413 222 342.113
413 236 269.034
413 430 335.551
414 10 527.696
414 27 335.311
414 148 576.951
414 165 376.955
414 170 332.41
414 211 422.357
414 283 473.33
414 284 345.772
414 323 467.486
414 393 345.765
414 446 951.056
415 72 284.474
415 108 260.478
415 121 291.199
415 145 439.967
415 191 610.037
415 219 302.793
415 321 235.42
415 333 255.574
415 379 407.638
415 402 370.951
416 22 182.864
416 197 400.131
416 223 261.637
416 269 304.23
416 401 182.387
416 471 222.423
417 34 248.88
417 142 212.965
417 180 222.355
417 181 431.511
417 214 1045.82
417 253 300.03
417 302 535.758
417 354 214.638
417 414 220.706
417 470 231.93
418 117 317.424
418 386 690.087
419 165 323.641
419 170 371.515
419 192 262.067
419 212 506.405
419 282 307.439
419 292 539.6
419 305 316.414
419 428 907.576
419 458 263.122
420 14 343.721
420 30 653.753
420 119 414.951
420 143 1542.06
420 169 391.664
420 234 438.312
420 248 311.038
420 268 249.257
420 273 292.952
420 326 254.708
420 404 346.184
421 4 693.388
421 20 603.181
421 171 1347.58
421 361 409.999
421 464 418.72
422 40 317.669
422 70 232.22
422 79 257.349
422 81 232.108
422 82 243.163
422 155 258.265
422 187 199.259
422 314 341.302
422 344 220.12
422 477 387.078
423 38 5.35551
423 121 6.96507
423 145 4.65696
423 191 5.16752
423 219 6.08997
423 379 83.6734
423 435 4.59306
424 151 146.726
424 182 260.516
424 265 235.481
424 278 129.595
424 337 787.31
424 467 316.453
424 493 166.384
425 61 314.757
425 92 211.506
425 246 293.632
425 257 180.194
425 399 204.482
425 449 183.719
426 123 1528.27
426 388 647.506
426 396 512.803
426 481 393.691
426 483 438.877
427 21 213.493
427 59 148.725
427 99 196.505
427 263 158.404
427 340 996.074
427 458 242.143
428 91 8132.19
428 156 1029.59
428 179 695.657
428 243 541.196
428 289 955.101
428 317 1438.06
428 338 638.407
428 403 490.401
428 447 620.604
429 111 42.558
429 138 51.798
429 216 49.0895
429 264 77.7865
429 335 69.1503
429 356 55.1889
429 474 39.3798
430 18 13.8589
430 41 5.0678
430 52 7.19164
430 241 6.29444
430 279 6.65084
430 297 7.89615
430 308 5.72994
430 367 6.24049
430 376 10.0547
430 418 19.6701
430 466 5.57725
431 140 417.637
431 242 428.068
431 394 353.353
431 413 321.871
431 478 844.147
432 45 325.267
432 197 364.368
432 256 321.371
432 332 439.898
432 341 356.807
432 397 587.078
432 471 395.089
433 18 723.118
433 41 523.932
433 52 1054.1
433 65 369.699
433 87 402.471
433 173 375.01
433 227 337.574
433 241 787.493
433 279 630.4
433 297 462.336
433 308 609.576
433 367 546.991
433 376 2801.35
433 412 352.48
433 418 971.979
433 466 432.975
433 488 334.849
434 105 135.7
434 106 873.518
434 239 163.434
434 409 177.85
434 424 173.761
434 454 267.147
435 107 185.473
435 161 219.384
435 168 49.2107
435 194 293.14
435 254 120.556
435 456 161.138
435 494 97.9866
436 11 485.088
436 272 345.234
436 441 341.42
437 7 86.255
437 42 33.1092
437 90 48.5249
437 205 49.6138
437 334 35.2742
437 339 62.2117
437 438 41.5476
438 2 187.319
438 15 186.636
438 49 300.179
438 176 656.839
438 190 201.623
438 201 476.525
438 270 195.323
438 360 641.885
439 24 206.805
439 142 268.155
439 151 283.079
439 159 109.06
439 180 558.931
439 182 144.465
439 214 130.224
439 278 109.886
439 302 206.51
439 414 215.886
439 451 150.716
439 467 134.427
440 14 822.437
440 111 584.292
440 199 401.72
440 248 1160.58
440 356 447.891
440 369 651.173
440 432 530.629
440 437 2289.61
441 14 239.935
441 17 436.755
441 96 235.039
441 111 501.707
441 167 254.958
441 203 216.976
441 248 207.967
441 335 216.003
441 356 444.475
441 369 842.047
441 392 232.094
441 432 213.037
441 437 331.143
441 444 202.69
441 474 350.701
442 35 406.204
442 66 1120.98
442 67 418.791
442 88 2212.83
442 251 1201.85
442 312 623.585
442 315 335.957
442 346 387.787
442 349 1020.24
442 366 590.284
442 375 503.315
442 400 683.719
443 11 709.726
443 238 202.689
443 281 397.419
444 29 429.565
444 217 372.02
444 236 397.976
444 269 333.169
444 290 640.404
444 337 478.677
444 363 331.797
445 72 557.631
445 95 991.452
445 191 469.875
445 219 329.367
445 231 339.303
445 365 445.33
445 402 349.155
446 71 684.991
446 121 473.981
446 219 526.133
446 231 612.275
446 280 398.454
446 359 478.526
446 365 384.904
446 398 394.523
447 147 333.637
448 112 302.519
448 114 393.236
448 226 2185.96
448 232 2086.99
448 238 270.119
449 66 431.094
449 67 559.787
449 157 472.807
449 262 756.313
449 315 1915.41
449 319 390.302
449 362 691.347
449 370 500.515
449 375 603.677
449 410 480.711
450 24 365.696
450 58 407.26
450 137 448.851
450 159 640.3
450 162 361.256
450 172 533.525
450 202 624.359
450 207 418.377
450 210 659.669
450 233 354.967
450 334 380.068
450 374 568.066
450 451 456.505
450 498 1753.18
451 62 404.625
451 192 295.814
451 212 310.582
451 244 335.977
451 304 292.545
451 305 379.538
451 310 296.354
451 417 544.212
451 422 667.528
451 427 286.949
451 434 396.663
451 459 393.449
452 270 223.467
453 14 690.985
453 30 245.323
453 111 300.829
453 143 285.253
453 199 295.942
453 248 2502.01
453 268 258.429
453 356 251.918
453 369 267.955
453 432 251.572
453 437 529.323
454 15 30.6318
454 331 53.8686
455 0 98.2164
455 147 93.6075
455 199 110.824
455 294 262.641
456 149 190.911
456 155 182.498
456 309 252.726
456 324 426.407
456 353 491.442
456 364 411.65
456 433 331.221
457 25 252.459
457 149 295.939
457 155 165.259
457 293 387.158
457 350 166.161
457 384 161.793
457 489 184.307
458 6 271.804
458 103 260.431
458 128 576.105
458 301 884.066
458 330 622.947
458 371 338.929
458 390 207.838
458 398 183.719
458 429 206.319
458 468 175.659
459 157 87.2658
459 410 190.669
459 449 233.711
460 62 522.622
460 186 605.754
460 192 2113.94
460 212 611.553
460 282 712.941
460 291 763.497
460 292 422.499
460 305 851.281
460 310 653.488
460 427 399.089
460 428 377.819
460 434 487.164
460 469 688.365
460 472 752.36
460 497 3022.22
461 435 240.464
461 473 154.97
462 98 54.6823
462 277 49.1473
462 423 86.8599
462 463 91.2596
463 66 19.0525
463 88 13.7561
463 312 29.2317
463 315 13.3182
463 362 15.2746
463 370 26.6414
463 400 35.6987
463 425 14.1367
464 147 384.278
465 37 376.798
465 405 430.896
465 485 419.923
465 486 890.005
466 65 24.49
466 87 17.4074
466 97 24.7564
466 100 34.0838
466 130 33.1302
466 227 28.9692
466 249 36.6005
466 367 19.1526
466 442 18.4533
466 484 40.7467
466 487 23.649
467 40 278.181
467 70 161.925
467 79 137.854
467 81 173.712
467 82 191.745
467 155 114.336
467 187 123.003
467 314 188.686
467 344 127.119
467 477 207.063
468 91 361.24
468 156 556.364
468 179 328.715
468 289 239.309
468 317 264.591
468 403 564.379
468 447 671.502
469 240 156.966
469 262 133.687
469 312 122.973
469 362 198.563
469 370 364.286
469 400 135.092
469 408 194.424
469 425 130.587
469 453 126.086
470 21 679.312
470 59 1151.91
470 99 596.882
470 340 324.224
470 353 343.228
471 13 886.81
471 101 605.332
471 252 326.739
471 311 355.605
472 24 330.162
472 34 412.999
472 137 351.083
472 172 355.317
472 180 442.546
472 181 402.113
472 214 491.292
472 233 496.487
472 253 813.521
472 302 588.064
472 374 479.323
472 451 327.284
472 498 386.753
473 14 329.613
473 30 313.88
473 143 324.911
473 199 346.461
473 248 469.644
473 250 375.213
473 268 519.904
473 437 281.111
474 14 377.385
474 199 504.047
474 248 736.299
474 250 321.208
474 268 275.855
474 294 257.622
474 369 258.895
474 432 329.023
474 437 427.007
475 189 242.774
475 276 240.666
475 326 242.589
475 336 341.26
475 492 411.646
476 10 15.9745
476 27 15.4085
476 84 16.7337
476 148 14.6625
476 150 15.0031
476 211 14.3526
476 230 16.2365
476 283 33.9749
476 323 16.9461
476 393 14.5537
476 446 19.0775
476 489 14.8239
477 51 292.353
477 73 85.5386
477 76 136.346
477 94 92.7152
477 113 91.9327
477 122 202.947
477 228 110.145
477 240 104.074
477 271 73.6857
477 345 114.302
477 358 164.156
477 408 106.198
477 420 84.1069
477 453 217.978
477 482 77.4543
478 14 206.565
478 30 1525.7
478 119 386.511
478 143 1648.2
478 169 282.329
478 234 302.082
478 248 199.976
478 268 215.248
478 273 252.874
478 326 271.709
478 404 341.159
479 115 292.782
479 224 407.547
479 383 145.921
479 454 176.962
480 32 504.925
480 39 279.9
480 46 597.01
480 225 561.567
480 245 327.502
480 494 267.248
481 106 111.688
481 173 98.2001
481 183 117.926
481 224 131.328
481 380 1121.84
481 454 112.921
482 11 1659.87
482 238 393.662
482 281 515.142
483 14 422.386
483 199 684.953
483 248 702.1
483 250 371.229
483 294 386.21
483 369 360.537
483 432 553.949
483 437 552.567
484 66 608.199
484 67 1565.07
484 88 362.586
484 208 410.286
484 251 498.447
484 315 700.56
484 319 333.804
484 346 377.01
484 349 486.006
484 366 701.511
484 370 289.454
484 375 9651.02
484 400 338.704
485 152 322.195
485 243 353.155
485 455 1397.35
486 51 486.329
486 76 577.382
486 122 391.422
486 157 489.249
486 240 1545.59
486 261 419.622
486 262 674.587
486 271 455.222
486 345 705.02
486 358 404.315
486 362 610.917
486 370 428.691
486 408 863.444
486 420 772.828
486 453 738.285
486 495 568.868
487 10 416.291
487 165 488.008
487 170 574.638
487 211 421.1
487 263 461.815
487 340 697.804
487 458 2338.84
488 40 1056.52
488 70 679.051
488 74 418.984
488 81 743.576
488 82 3051.3
488 168 502.958
488 314 360.436
488 344 343.436
488 477 412.371
489 19 164.5
489 195 116.866
489 289 76.2852
489 338 88.9776
489 352 169.178
490 33 83.7892
490 51 221.543
490 73 249.602
490 76 82.2621
490 94 170.564
490 113 280.269
490 122 496.642
490 228 248.141
490 240 85.1897
490 358 97.6965
490 408 98.1837
490 453 122.333
490 482 95.6737
491 48 2069.33
491 103 314.012
491 175 868.072
491 286 362.033
491 403 298.499
491 429 312.032
491 440 634.939
491 468 384.896
492 68 1451.82
492 86 484.143
492 105 607.233
492 129 445.31
492 198 343.734
492 239 513.332
492 267 1435.45
492 383 1481.87
492 416 680.527
492 424 422.211
492 436 391.145
493 11 716.08
493 95 317.729
493 281 1534.34
493 286 306.792
494 16 387.587
494 26 268.719
494 53 210.404
494 58 210.627
494 162 239.28
494 182 264.372
494 265 1121.5
494 337 262.922
494 467 235.824
494 493 768.399
495 44 646.962
495 104 3476.11
495 252 466.832
495 391 459.105
495 411 401.483
496 72 1404.9
496 95 538.208
496 145 413.653
496 191 1122.59
496 219 338.271
496 321 320.367
496 333 554.947
496 402 893.442
497 20 45.1113
497 123 73.655
497 388 202.705
497 396 120.824
497 452 48.1283
497 481 43.2911
497 483 60.6925
498 197 84.9808
498 355 176.083
498 386 90.8589
498 397 121.726
499 8 235.184
499 29 251.126
499 50 266.801
499 142 310.507
499 217 265.005
499 278 432.45
499 329 272.009
499 354 818.607
499 363 256.62
499 414 366.218
