500 500 3750
0 1 146.501
0 69 234.774
0 305 134.633
0 349 570.299
0 385 243.043
0 418 363.697
0 456 171.801
1 150 893.921
1 157 285.022
1 199 567.727
1 221 1792.38
1 239 582.777
1 271 582.381
1 280 289.377
1 359 513.486
2 13 352.577
2 91 518.687
2 104 473.943
2 118 1713.17
2 440 888.492
3 13 160.656
3 76 160.848
3 171 180.022
3 193 190.1
3 251 1099.85
3 257 153.125
3 361 150.498
3 416 448.384
3 459 337.754
4 2 177.618
4 72 134.123
4 209 191.781
4 253 181.071
4 332 148.147
4 378 273.56
4 434 219.062
5 13 419.156
5 193 458.798
5 251 572.041
5 338 533.25
5 361 775.099
5 416 473.581
5 459 402.134
6 22 510.014
6 102 588.513
6 444 883.988
7 27 141.255
7 102 602.264
7 169 268.764
7 218 242.885
7 406 194.591
7 425 137.503
7 444 502.982
8 27 168.526
8 50 223.816
8 102 174.678
8 138 152.106
8 149 200.866
8 169 144.55
8 218 209.532
8 406 306.902
8 425 240.714
8 444 245.942
9 91 442.499
9 104 318.886
9 186 396.385
9 196 1273.89
9 262 452.902
9 391 654.249
9 460 416.766
10 32 395.776
10 103 427.408
10 199 444.56
10 221 580.291
10 239 969.212
10 271 419.166
10 359 1201.17
10 382 454.3
11 1 369.004
11 19 1133.18
11 69 352.879
11 197 816.488
11 235 412.357
11 256 406.467
11 290 464.992
11 453 1013.72
12 17 488.495
12 102 633.622
12 169 1191.71
12 218 486.27
12 342 667.909
12 472 399.026
13 131 27.1787
13 137 22.5117
13 173 21.1526
14 103 285.538
14 150 214.232
14 156 198.975
14 221 332.506
14 239 516.757
14 259 258.045
14 271 388.719
14 359 470.077
15 170 242.714
15 293 514.727
15 303 268.564
15 305 243.534
15 308 258.172
15 340 337.395
15 356 257.72
15 377 225.125
16 153 1.61686
16 162 1.37115
16 252 2.22096
16 266 1.41489
16 274 1.42175
16 302 1.43316
16 365 1.40747
16 393 1.3578
16 415 1.39987
16 429 1.41854
16 477 1.98105
16 480 1.38368
16 491 1.47267
17 21 378.828
17 94 796.049
17 119 284.548
17 250 2072.05
17 329 367.302
17 375 876.518
17 402 389.436
17 403 258.376
18 68 48.2261
18 165 71.0669
18 182 54.0143
18 214 55.4769
18 319 73.2285
18 344 94.2281
18 458 49.2989
18 493 81.4637
19 127 113.969
19 202 118.689
19 424 430.847
19 496 185.864
19 499 114.338
20 42 40.7068
20 261 79.6877
20 321 46.3957
20 350 41.6433
21 7 343.322
21 45 172.223
21 59 156.96
21 455 165.758
22 293 562.745
22 305 383.721
22 349 347.985
23 46 467.014
23 162 376.022
23 170 550.48
23 293 368.73
23 303 1156.43
23 308 394.763
23 340 708.997
23 356 367.477
24 23 1258.19
24 60 1078.27
24 90 1910.46
24 176 573.649
24 207 288.263
24 229 661.44
24 244 325.857
24 304 1679.99
24 375 285.362
24 396 303.082
24 400 348.285
24 487 403.017
25 14 444.793
25 65 907.12
25 82 549.592
25 205 841.944
25 240 437.717
25 249 790.254
25 283 3470.44
25 289 673.002
25 328 456.492
25 360 733.369
26 3 314.184
26 34 223.597
26 80 498.084
26 100 271.414
26 121 605.766
26 123 235.317
26 217 243.708
26 264 185.884
26 464 804.936
26 465 299.704
27 81 63.3416
27 185 32.5751
27 187 57.377
27 223 41.1923
27 252 39.5042
27 266 92.2462
27 315 42.9003
27 320 46.7667
27 393 34.5358
27 415 51.1818
27 419 34.1397
27 429 57.1641
27 477 33.5633
27 478 55.21
28 14 369.576
28 64 368.041
28 82 528.59
28 205 582.819
28 240 530.771
28 283 408.72
28 360 1064.79
29 4 468.347
29 17 426.24
29 27 527.085
29 41 520.901
29 160 461.057
29 342 460.146
29 351 478.401
29 432 579.611
29 469 1645.49
30 12 230.023
30 21 181.256
30 110 227.832
30 164 339.018
30 179 864.552
30 329 194.973
30 369 208.293
30 390 486.917
30 398 406.796
30 402 236.995
30 403 301.577
30 435 779.605
31 153 265.754
31 187 214.26
31 252 1710.61
31 266 350.221
31 315 210.313
31 393 244.405
31 415 292.568
31 429 347.835
31 477 621.929
31 480 193.182
31 491 241.733
32 191 474.538
32 231 1664.01
32 310 1081.63
32 470 399.612
32 479 643.137
33 52 25.7087
33 88 24.2866
33 96 25.5804
33 140 993.589
33 244 30.3387
33 362 53.0649
34 8 319.551
34 20 327.187
34 38 759.124
34 201 361.904
34 302 403.519
34 339 356.262
34 364 2039.55
34 480 463.676
35 102 124.351
35 169 69.6738
35 218 68.5448
35 406 66.4635
35 425 73.6402
35 444 981.299
36 95 52.0765
36 115 72.1367
36 127 76.6605
36 202 49.654
36 226 80.5167
36 388 56.6963
37 23 279.874
37 31 287.033
37 55 306.943
37 88 272.656
37 96 264.164
37 119 294.584
37 176 305.123
37 207 364.838
37 229 274.803
37 304 267.049
37 375 269.839
37 442 359.291
38 52 18.4342
38 217 19.4478
38 362 16.5284
39 13 295.609
39 76 516.903
39 171 502.867
39 193 335.464
39 251 600.187
39 257 443.655
39 416 527.313
39 459 708.238
40 12 151.641
40 110 144.713
40 164 203.738
40 179 463.95
40 329 119.04
40 369 137.808
40 390 356.433
40 398 269.385
40 402 140.685
40 403 184.208
40 435 724.295
41 86 523.766
41 191 323.641
41 231 348.387
41 310 547.354
41 312 352.651
41 346 337.094
41 443 428.5
41 470 623.033
42 36 411.555
42 118 458.21
42 338 522.937
42 409 1020.46
43 26 392.641
43 30 486.823
43 58 583.535
43 139 309.756
43 188 1250.69
43 258 364.496
43 284 363.231
43 292 804.36
43 300 379.55
43 313 442.489
43 316 379.846
44 48 109.774
44 78 70.4003
44 95 127.551
44 115 77.9876
44 127 87.2543
44 254 121.228
44 267 106.228
44 388 85.1371
44 484 99.1922
44 492 87.943
44 497 95.3315
44 499 87.4978
45 2 356.086
45 72 388.6
45 144 400.231
45 350 664.52
45 354 867.428
45 358 345.225
45 380 427.437
45 413 760.97
45 434 294.43
45 490 326.437
46 51 600.511
46 161 470.647
46 294 1208.57
47 83 1079.78
47 202 316.657
48 89 322.889
48 97 809.102
48 113 191.383
48 117 324.047
48 122 181.185
48 126 270.839
48 195 238.201
48 212 452.227
48 228 171.933
48 336 285.655
48 348 506.14
48 381 404.661
48 446 233.663
48 471 171.044
48 487 235.022
48 494 171.317
49 288 475.778
49 372 299.981
49 418 271.679
49 456 325.205
50 12 74.1208
50 28 58.4886
50 56 64.3977
50 110 51.8772
50 112 383.955
50 322 51.0132
50 369 90.7796
50 390 52.6804
51 16 320.481
51 101 285.066
51 151 219.358
51 185 178.418
51 195 147.271
51 223 146.635
51 320 132.928
51 396 128.509
51 454 347.058
51 471 216.075
52 105 651.529
52 128 195.694
52 130 192.423
52 156 148.1
52 181 329.498
52 282 169.863
52 448 293.779
53 36 16.9796
53 118 20.264
53 338 22.1684
53 409 38.3128
54 70 130.691
54 78 257.721
54 115 177.897
54 226 133.337
54 254 153.827
54 388 244.451
55 168 284.461
55 208 260.813
55 424 848.645
55 496 262.171
56 24 59.3199
56 66 58.5124
56 111 72.9603
56 455 58.9047
56 470 123.143
56 489 53.1047
57 288 90.8542
57 293 76.4118
57 298 84.1508
57 349 85.4567
57 418 77.4195
58 120 398.043
58 200 435.425
58 222 567.811
58 270 653.518
58 411 487.19
59 23 27.3841
59 60 27.4178
59 88 18.4485
59 90 23.5172
59 96 19.2309
59 126 22.2614
59 140 23.7606
59 176 33.9674
59 207 21.8394
59 229 39.505
59 244 48.1236
59 304 26.0665
59 446 19.3065
59 487 23.8425
60 48 477.395
60 95 2529
60 115 337.876
60 127 743.257
60 254 314.891
60 267 644.327
60 388 336.094
60 484 322.574
60 492 650.935
60 496 308.466
60 497 322.677
60 499 766.576
61 98 128.14
61 146 199.234
61 172 169.819
61 199 236.736
61 221 132.253
61 222 126.318
61 239 129.065
61 280 298.289
61 287 153.747
61 359 132.215
61 382 170.906
62 20 106.45
62 303 154.169
62 337 116.462
62 374 178.454
63 159 192.374
63 238 153.455
63 263 434.491
63 279 205.587
63 373 121.524
63 451 238.063
63 462 327.617
64 68 506.878
64 214 563.073
64 319 262.242
64 344 330.189
64 373 232.884
64 458 679.62
64 493 571.985
65 83 274.002
65 168 361.428
65 202 249.765
65 371 1041.87
66 47 307.722
66 93 445.149
66 129 752.219
66 158 390.403
66 174 1079.67
66 206 408.748
66 281 395.859
66 306 354.376
66 326 424.072
66 366 429.298
66 368 369.047
66 420 433.136
66 421 960.478
66 433 456.365
67 159 866.674
67 238 1568.22
67 263 1001.48
67 279 509.396
67 451 416.642
67 462 474.374
68 6 506.434
68 74 427.525
68 178 446.648
68 225 468.117
68 246 1032.33
68 272 624.307
68 352 456.675
68 357 509.405
68 367 738.917
68 482 403.249
69 71 364.571
69 210 341.382
69 224 291.588
69 353 796.289
69 355 318.873
70 75 1035.87
70 214 473.298
70 373 2859.7
70 439 749.385
70 458 535.696
70 462 636.309
71 376 399.558
71 383 314.826
71 417 934.447
72 71 15.9809
72 210 78.2773
72 224 14.1598
72 353 14.3704
72 355 20.4309
73 22 733.967
73 39 323.661
73 102 578.427
73 169 354.204
73 444 481.966
74 8 232.326
74 38 557.72
74 201 296.432
74 232 209.981
74 302 217.627
74 339 287.91
74 364 643.897
74 480 313.611
75 210 435.924
76 20 309.248
76 38 338.615
76 180 191.742
76 274 203.902
76 285 204.297
76 302 351.576
76 314 229.584
76 364 901.962
76 480 197.189
77 61 49.2793
77 63 64.3077
77 64 47.154
77 85 47.1431
77 243 44.4198
77 278 128.364
77 328 52.3352
77 387 130.067
77 484 46.359
77 497 47.9423
78 61 1.4681
78 65 2.11874
78 82 1.46946
78 205 3.47962
78 240 1.76797
78 243 1.56529
78 249 1.6099
78 283 1.91969
78 289 1.71387
78 328 1.87349
78 360 1.99945
79 198 584.397
79 234 272.185
79 311 1497.49
80 1 142.941
80 69 133.031
80 293 210.524
80 305 178.622
80 349 170.666
80 418 118.959
81 105 123.484
81 130 220.938
81 142 1635.69
81 143 1036.2
81 189 138.804
81 236 779.378
81 264 214.129
81 386 205.347
81 437 252.323
81 476 220.279
82 98 645.374
82 108 581.783
82 146 1772.93
82 172 4204.1
82 194 410.407
82 222 363.651
82 227 696.289
82 280 588.052
82 287 631.84
82 297 397.256
82 299 419.916
82 382 379.958
82 481 429.233
83 104 192.939
83 208 167.686
83 424 377.809
83 496 147.666
84 71 427.238
84 210 1380.69
84 224 389.57
84 355 633.776
85 8 399.659
85 114 260.79
85 164 342.059
85 166 2138.34
85 201 199.467
85 393 174.048
85 398 250.497
85 480 193.148
86 15 547.25
86 53 585.33
86 268 702.075
86 489 430.507
87 35 119.881
87 163 54.6022
87 177 428.421
87 277 99.9157
87 323 79.1307
87 334 377.843
87 401 93.7631
88 20 409.465
88 274 216.449
88 285 239.461
88 302 212.927
88 314 417.273
88 374 599.742
89 20 3138.84
89 162 381.131
89 274 538.051
89 285 359.589
89 302 605.036
89 314 585.565
89 364 353.121
89 374 426.584
90 83 19.6463
90 131 12.6989
90 137 13.5082
90 173 13.9001
91 28 566.962
91 317 501.653
91 466 558.131
91 475 1137.63
92 52 519.082
92 88 427.486
92 96 454.197
92 140 1286.29
92 207 356.455
92 244 354.853
92 362 1755.69
93 76 553.948
93 124 447.478
93 171 776.862
93 242 503.523
93 251 671.509
93 257 590.478
93 361 473.272
93 416 1796.68
93 459 454.096
93 461 421.946
94 7 275.136
94 45 837.448
94 59 652.131
94 135 217.262
94 384 272.446
94 455 314.944
95 81 19.9813
95 151 13.1003
95 185 23.7032
95 187 114.929
95 223 21.8641
95 252 12.1946
95 266 25.8214
95 320 34.5376
95 415 27.5785
95 419 34.1269
95 478 12.3124
96 14 26.5528
96 51 40.4865
96 161 32.7441
96 294 81.152
97 47 208.069
97 129 127.702
97 184 357.465
97 276 265.852
97 306 324.557
97 325 195.155
97 326 234.419
97 366 135.963
98 71 434.841
98 224 559.209
98 321 1106.26
98 355 327.908
99 242 669
99 251 453.898
99 338 552.761
99 361 5009.24
99 416 503.474
99 461 421.941
100 424 194.038
100 496 31.3067
101 22 432.796
101 39 342.092
101 102 276.727
101 169 272.09
101 247 482.143
101 291 315.375
101 472 325.673
102 95 268.386
102 127 309.621
102 202 202.433
102 267 198.096
102 424 287.59
102 492 249.787
102 496 351.966
102 499 306.848
103 30 437.536
103 58 359.879
103 77 318.746
103 139 336.963
103 188 224.588
103 233 343.668
103 300 312.181
103 324 4114.87
103 345 431.321
103 389 1260.97
104 71 933.783
104 224 895.802
104 321 411.096
104 353 342.808
104 355 411.447
105 13 35.6325
105 35 35.3606
105 177 25.2176
105 193 36.9615
105 251 28.0571
105 277 27.2387
105 323 40.4307
105 401 42.0742
105 459 48.2317
106 35 352.068
106 40 295.719
106 177 340.184
106 197 245.876
106 323 275.551
106 334 345.566
106 401 351.858
106 422 327.444
106 427 509.883
107 76 303.151
107 124 662.856
107 171 425.326
107 235 218.035
107 242 235.024
107 257 371.429
107 383 217.351
107 408 228.509
107 416 276.902
107 461 259.284
107 485 418.571
108 10 573.9
108 45 1065.37
108 59 983.437
108 125 501.399
108 135 632.179
108 384 751.669
109 8 6.04906
109 57 5.67751
109 164 4.47416
109 166 9.2959
109 201 7.42073
109 260 4.25634
109 339 5.11802
109 466 4.93485
110 56 54.6647
110 109 55.5987
110 167 76.6494
110 213 104.082
110 296 108.608
111 105 275.975
111 264 261.031
111 282 262.404
112 70 326.456
112 78 1294.44
112 115 430.526
112 211 340.639
112 226 332.536
112 254 761.754
112 388 546.2
113 9 185.464
113 19 175.336
113 40 2485.84
113 197 195.879
113 337 212.282
113 422 2360.99
113 427 528.089
113 438 221.801
114 70 585.536
114 78 423.145
114 198 450.481
114 234 1034.77
114 498 543.439
115 21 24.207
115 94 34.9411
115 110 23.2503
115 119 38.3029
115 250 96.3206
115 322 21.1318
115 329 42.2171
115 375 102.739
115 402 34.5986
115 403 25.2802
116 1 105.432
116 19 125.205
116 69 125.298
116 197 109.784
116 215 112.848
116 235 167.62
116 256 186.081
116 290 367.898
116 453 387.876
117 4 385.121
117 26 149.899
117 41 184.331
117 160 261.68
117 258 148.694
117 309 215.145
117 313 175.063
117 331 238.945
118 81 161.426
118 101 160.682
118 151 187.934
118 185 483.566
118 187 223.616
118 223 231.667
118 320 276.79
118 415 159.191
118 419 297.391
119 34 608.651
119 100 671.64
119 121 477.285
119 175 662.355
119 307 613.63
119 392 1196.81
119 464 479.62
119 465 947.936
120 46 402.106
120 153 259.235
120 170 291.708
120 308 287.757
120 356 282.213
120 363 260.677
120 377 316.874
120 428 1432.89
120 445 322.837
120 452 1531.74
120 491 302.382
121 47 342.358
121 93 563.762
121 106 264.481
121 129 634.279
121 158 5398.83
121 174 465.483
121 281 3357.12
121 286 260.415
121 326 348.13
121 366 720.571
121 414 328.635
121 421 458.858
122 105 369.746
122 128 714.499
122 147 499.506
122 157 423.835
122 282 2229.53
122 448 410.971
123 102 24.0621
123 425 22.6382
123 444 49.2995
124 8 109.6
124 114 218.137
124 252 113.546
124 266 110.604
124 315 508.244
124 393 597.925
124 429 380.179
124 477 145.014
124 478 171.473
124 480 111.355
125 13 746.111
125 193 972.051
125 251 1350.85
125 361 441.758
125 416 609.692
125 459 898.791
126 12 33.1988
126 55 27.8016
126 56 83.9789
126 110 38.4881
126 112 27.5353
126 119 53.5233
126 322 193.667
126 329 32.5689
126 369 32.6392
126 403 27.9168
127 93 787.033
127 158 394.242
127 174 431.511
127 281 369.778
127 286 845.665
127 420 367.108
127 421 452.738
128 77 135.733
128 107 150.911
128 149 130.859
128 233 150.436
128 294 242.136
128 345 150.255
129 33 208.273
129 35 142.332
129 177 171.313
129 262 131.863
129 277 202.245
129 323 132.584
129 334 160.709
129 401 127.672
129 436 212.383
129 486 128.02
130 98 323.629
130 108 290.033
130 146 1758.45
130 172 957.862
130 194 288.909
130 199 373.227
130 222 436.044
130 227 331.456
130 280 1029.29
130 287 343.221
131 122 336.987
131 159 464.077
131 228 299.871
131 238 264.973
131 263 332.759
131 279 730.742
131 451 373.499
132 13 1042.56
132 193 2099.52
132 251 432.744
132 323 247.511
132 416 256.938
132 440 284.714
132 459 680.891
133 54 52.9525
133 63 44.4374
133 85 159.406
133 405 46.2753
133 410 24.7415
134 32 704.773
134 84 298.331
134 98 254.206
134 287 319.542
134 299 276.376
134 359 254.247
134 382 915.067
135 9 518.482
135 40 681.334
135 337 335.041
135 374 455.664
135 422 519.438
135 427 394.352
135 438 568.417
136 103 186.435
136 109 174.8
136 167 626.774
136 213 353.89
136 259 269.959
136 296 2914.04
137 8 473.834
137 114 185.493
137 164 165.722
137 166 421.339
137 201 129.91
137 393 123.98
137 398 121.271
137 480 153.959
138 17 603.413
138 27 372.868
138 102 441.774
138 169 942.809
138 218 552.507
138 342 1333.45
138 406 345.523
138 469 350.691
139 3 23.8945
139 80 22.9261
139 123 23.3648
139 130 15.5504
139 142 23.7773
139 143 22.6397
139 236 32.4175
139 264 1982.65
139 437 15.0175
139 476 15.4255
140 191 525.591
140 231 415.136
140 241 542.562
140 288 692.119
140 372 2246.54
140 457 667.535
140 479 880.419
141 171 316.407
141 193 283.896
141 242 354.488
141 251 685.234
141 361 515.647
141 416 1153.75
141 459 353.349
142 14 329.103
142 51 532.687
142 161 422.478
142 294 973.149
143 23 12.9088
143 88 12.8735
143 90 10.3337
143 96 12.8334
143 176 20.9856
143 207 29.0816
143 229 16.4912
143 304 11.6332
143 442 8.042
144 376 412.933
144 383 623.495
144 417 1116.37
144 467 370.135
145 17 57.3866
145 102 92.2899
145 169 292.984
145 218 74.582
145 342 85.6812
145 406 47.9914
145 444 53.1347
146 184 590.241
146 276 472.601
146 306 407.848
146 325 473.464
147 22 214.58
147 39 323.871
147 136 204.144
147 247 18681.9
147 291 324.583
147 343 232.568
147 370 171.246
147 472 175.644
148 12 446.986
148 55 408.354
148 56 684.859
148 110 588.386
148 119 1631.05
148 250 459.995
148 322 1061.23
148 329 661.689
148 369 422.277
148 375 484.268
148 402 459.645
148 403 471.179
149 33 558.332
149 186 468.158
149 255 595.886
149 262 700.916
149 391 566.54
149 405 427.081
149 410 1134.8
149 436 660.753
149 460 503.567
150 36 66.3789
150 104 57.9786
150 118 64.0454
150 338 71.9453
150 409 176.994
151 17 84.7172
151 247 84.3873
151 291 100.201
151 472 407.081
152 71 390.205
152 210 509.133
152 224 316.22
152 353 550.029
152 355 383.689
153 69 274.91
153 133 203.274
153 148 195.04
153 183 270.02
153 215 310.999
153 216 196.94
153 269 194.715
153 349 314.508
153 385 1760.27
153 418 422.767
153 456 351.82
154 132 245.464
154 140 395.606
154 286 252.604
154 362 256.874
155 76 5.9631
155 124 9.96635
155 171 7.72454
155 242 7.48055
155 257 6.70336
155 408 5.78898
155 416 7.37488
155 461 7.99204
155 485 7.09425
156 34 1494.79
156 80 435.005
156 100 736.894
156 121 794.285
156 175 433.194
156 307 602.259
156 392 644.443
156 464 1014.92
156 465 1606.81
157 19 237.026
157 40 705.737
157 197 273.725
157 337 230.018
157 422 1369.83
157 427 610.361
157 438 195.892
158 68 62.5807
158 75 56.7693
158 214 298.487
158 319 113.084
158 344 60.7206
158 373 75.8584
158 451 78.5718
158 458 264.686
158 462 67.7192
158 493 117.291
159 7 170.963
159 15 166.679
159 45 247.921
159 59 249.566
159 111 171.538
159 455 1592.06
159 489 187.723
160 2 202.994
160 5 186.939
160 11 166.756
160 72 171.183
160 92 182.912
160 99 167.8
160 209 176.159
160 253 169.157
160 332 169.482
160 378 243.56
160 434 214.664
161 68 395.046
161 75 579.456
161 214 902.819
161 319 500.9
161 373 912.309
161 439 515.969
161 451 476.044
161 458 1075.7
161 462 615.354
161 493 545.897
162 4 274.859
162 41 302.948
162 50 208.923
162 138 236.601
162 188 288.074
162 258 1069.43
162 292 219.011
162 313 238.491
163 2 331.651
163 5 552.663
163 72 555.338
163 92 582.682
163 144 429.937
163 145 3263.93
163 354 404.573
163 380 868.421
163 413 348.759
164 36 227.392
164 104 270.81
164 168 250.987
164 208 680.783
164 424 196.74
165 16 850.438
165 67 218.805
165 101 804.906
165 195 269.315
165 204 226.937
165 404 241.18
165 454 263.055
165 471 299.155
165 488 232.812
166 241 249.63
166 288 612.577
166 298 279.309
166 372 296.705
166 418 193.443
166 457 244.527
167 117 494.736
167 126 427.982
167 132 592.393
167 244 363.221
167 336 363.514
167 446 687.532
167 494 1346.93
168 4 440.13
168 26 221.726
168 41 282.026
168 160 261.981
168 258 278.455
168 292 194.395
168 309 220.107
168 313 272.365
168 331 246.141
169 17 1363.8
169 154 260.232
169 317 572.544
169 342 427.13
169 469 254.054
170 46 1538.35
170 153 511.927
170 162 543.438
170 170 610.732
170 308 494.097
170 340 432.556
170 356 465.782
170 365 648.09
170 377 490.897
170 428 882.415
170 452 667.283
170 491 524.19
171 65 368.058
171 249 739.051
171 283 329.354
171 289 474.283
171 311 477.665
172 71 240.239
172 224 245.859
172 261 221.046
172 321 237.616
172 353 180.243
172 355 160.974
173 9 355.09
173 163 626.66
173 180 383.035
173 230 1201.13
173 285 357.161
173 394 1609.5
173 438 319.139
173 486 466.306
174 77 366.626
174 107 854.534
174 138 404.947
174 149 506.034
174 233 922.984
174 324 362.437
174 345 756.874
174 389 409.878
174 425 330.236
175 9 193.622
175 20 240.235
175 285 239.686
175 314 484.039
175 374 416.957
175 438 157.607
176 137 289.234
176 173 296.794
176 245 535.814
176 265 805.723
176 498 260.501
177 31 171.281
177 55 169.313
177 109 279.77
177 116 197.687
177 167 160.358
177 213 210.829
177 259 170.568
177 296 170.783
177 407 440.449
178 120 43.233
178 155 47.7911
178 194 24.2927
178 200 35.1923
178 219 123.123
178 318 31.4436
178 447 109.427
179 40 283.648
179 190 690.478
179 293 274.023
179 303 341.54
179 305 274.723
179 337 1533.29
179 374 287.398
179 422 276.094
180 62 12.7042
180 178 17.2826
180 246 12.7877
180 272 46.7345
180 318 14.0133
180 352 14.5796
180 357 11.0903
180 367 21.4283
181 62 281.912
181 225 573.413
181 246 165.936
181 275 560.167
181 357 529.37
181 367 324.887
182 34 360.918
182 93 520.923
182 174 465.285
182 286 401.756
182 307 574.454
182 420 762.848
182 421 488.722
183 61 73.5947
183 65 228.406
183 205 77.775
183 220 82.8011
183 243 91.0889
183 249 291.682
183 283 107.277
183 289 529.369
183 311 73.6603
183 328 67.2291
184 5 563.187
184 11 377.481
184 92 538.433
184 99 361.749
184 141 500.767
184 145 328.263
184 363 531.961
184 379 399.476
184 445 397.198
185 3 39.4939
185 80 46.3378
185 123 35.0622
185 130 38.289
185 142 92.4028
185 143 92.8934
185 189 39.8033
185 217 45.3173
185 236 82.535
185 264 67.7958
185 386 50.1634
185 437 53.7391
185 476 65.0549
186 47 79.8342
186 184 233.931
186 276 95.8984
186 306 92.1196
186 325 145.119
186 326 76.9024
187 38 2774.72
187 180 478.42
187 201 490.313
187 232 428.301
187 302 428.206
187 339 541.784
187 364 1321.3
187 480 446.726
188 37 533.325
188 67 1648.09
188 332 440.726
188 404 808.289
188 488 952.099
189 191 103.426
189 231 330.175
189 310 232.898
189 470 210.749
189 479 117.4
190 9 100.357
190 40 179.816
190 163 70.2416
190 177 64.8672
190 334 73.9693
190 422 146.183
190 427 152.107
190 438 145.748
191 9 83.2201
191 40 68.4136
191 314 49.7801
191 337 48.2382
191 374 104.032
191 422 57.0614
191 427 46.4482
191 438 77.4656
192 7 18.8297
192 45 7.01486
192 59 6.56008
192 455 6.76086
193 125 200.737
193 133 370.644
193 135 150.501
193 148 283.487
193 183 297.492
193 215 167.655
193 216 367.926
193 269 176.962
193 330 321.009
193 335 1974
193 376 203.075
193 423 331.856
193 467 275.526
194 47 488.946
194 165 516.151
194 182 1196.54
194 184 420.35
194 325 555.033
194 326 333.192
194 366 343.454
194 414 432.442
195 46 435.316
195 153 909.637
195 162 490.95
195 252 313.265
195 274 349.32
195 365 718.055
195 415 291.687
195 428 358.603
195 452 337.972
195 491 805.569
196 170 340.509
196 293 285.215
196 308 466.06
196 340 380.174
196 356 503.28
196 377 435.568
196 379 272.395
197 87 25.3667
197 165 41.0821
197 182 24.9726
197 214 24.8535
197 319 40.0258
197 344 28.0811
197 414 27.4928
197 493 29.3363
198 67 353.149
198 113 284.246
198 159 322.547
198 228 292.406
198 238 452.828
199 37 590.923
199 204 479.11
199 332 945.994
199 404 356.128
199 488 340.584
200 62 23.0162
200 225 25.4063
200 275 44.2567
200 357 23.4126
200 367 18.1056
201 22 147.028
201 102 275.145
201 169 153.073
201 218 139.551
201 425 159.327
201 444 730.596
202 39 204.558
202 43 496.986
202 136 240.698
202 247 180.052
202 343 663.682
202 474 196.151
203 104 277.846
203 196 304.012
203 391 185.631
203 424 274.01
203 496 208.754
204 383 232.613
204 408 164.755
204 417 208.733
205 28 2555.96
205 112 370.898
206 61 20.5744
206 65 63.4144
206 205 18.9117
206 211 15.8469
206 220 23.0852
206 243 26.4936
206 249 40.6604
206 283 22.2156
206 289 569.165
206 311 16.7194
206 328 17.6567
207 69 361.711
207 288 548.051
207 349 564.329
207 385 488.937
207 418 1080.1
207 456 645.464
208 10 666.571
208 125 607.676
208 135 356.553
208 376 205.738
208 384 255.752
208 423 205.74
209 103 479.302
209 156 635.698
209 167 461.072
209 221 417.209
209 239 471.195
209 259 776.466
209 271 573.145
209 359 447.824
209 407 501.142
210 49 602.206
210 98 780.429
210 108 1949.63
210 146 514.077
210 172 629.31
210 178 405.379
210 194 469.367
210 227 972.432
210 287 573.902
210 297 653.127
210 299 517.794
210 481 762.068
211 168 634.139
211 202 187.314
211 208 236.981
211 371 345.287
211 424 204.658
212 20 432.957
212 303 359.573
212 314 441.557
212 337 380.303
212 374 1429.39
213 238 663.894
214 33 503.67
214 186 513.821
214 255 768.551
214 262 547.976
214 391 541.456
214 405 571.429
214 410 2263.95
214 436 569.507
214 460 546.769
215 21 271.342
215 60 253.049
215 90 283.134
215 94 591.807
215 151 255.76
215 250 341.724
215 304 253.803
215 375 338.087
215 396 396.326
215 400 457.277
216 152 1036.35
216 347 1679.29
217 57 73.5072
217 232 93.0565
217 260 120.841
217 291 57.1084
217 339 60.3366
217 341 79.1988
217 370 126.272
217 426 99.5659
217 450 166.054
218 48 281.732
218 54 108.3
218 63 133.822
218 95 81.3881
218 267 231.007
218 430 98.2783
218 484 108.641
218 492 161.426
218 496 71.3428
218 497 118.353
218 499 121.401
219 94 7.78384
219 151 9.75013
219 223 6.71171
219 396 19.111
219 400 18.0223
219 454 9.64525
219 471 7.75465
220 31 423.58
220 52 1024.32
220 88 782.512
220 96 744.893
220 116 416.709
220 189 427.065
220 207 469
220 362 428.363
220 442 418.287
221 76 403.619
221 124 450.374
221 171 519.718
221 242 827.893
221 251 523.777
221 257 432.764
221 361 617.125
221 416 963.889
221 461 595.094
222 210 305.896
222 355 108.181
223 11 465.337
223 29 416.758
223 37 574.365
223 99 507.171
223 204 655.499
223 332 550.813
223 404 368.454
224 87 44.3185
224 106 52.8282
224 132 119.926
224 140 46.632
224 286 65.4147
224 446 43.8334
224 494 60.129
225 11 387.591
225 29 409.441
225 46 351.317
225 99 366.043
225 363 373.303
225 377 328.149
225 428 850.469
225 445 532.411
225 452 1981.51
225 491 340.058
226 32 293.761
226 84 298.079
226 152 196.857
226 382 204.661
226 441 440.539
227 95 581.651
227 127 712.714
227 202 462.161
227 267 403.023
227 424 577.434
227 492 498.855
227 496 642.028
227 499 611.134
228 248 241.565
228 255 64.6427
228 474 74.1942
229 105 405.941
229 130 337.473
229 142 316.608
229 236 401.344
229 264 431.534
230 8 274.473
230 114 460.344
230 164 1066.67
230 166 334.429
230 179 364.089
230 315 273.102
230 390 273.406
230 393 278.446
230 398 493.252
230 435 347.423
231 13 321.572
231 118 501.281
231 193 306.531
231 338 279.704
231 409 275.641
231 440 413.788
232 36 312.761
232 208 136.275
232 409 200.742
233 31 395.94
233 52 477.845
233 88 1210.64
233 96 1003.62
233 176 301.809
233 207 611.931
233 362 297.373
233 442 429.629
234 8 262.882
234 57 255.429
234 164 254.536
234 166 503.211
234 201 288.13
234 339 215.3
234 398 253.853
234 466 343.591
235 19 701.978
235 40 803.722
235 197 875.025
235 337 448.656
235 422 1091.76
235 427 972.757
236 22 370.598
236 39 337.258
236 247 559.821
236 291 427.051
236 472 467.328
237 89 693.688
237 97 2354.72
237 113 364.205
237 117 674.13
237 126 588.686
237 195 494.661
237 212 816.013
237 336 540.246
237 348 863.399
237 381 715.638
237 446 487.352
237 471 355.708
237 487 526.668
238 383 151.622
238 408 96.8698
238 417 104.253
238 485 68.9109
239 11 84.8923
239 29 95.6465
239 37 78.0295
239 99 94.6199
239 204 115.127
239 332 63.67
240 123 325.541
240 236 328.574
240 264 431.048
241 14 422.41
241 65 464.633
241 82 443.496
241 205 375.169
241 249 701.941
241 283 1121.87
241 289 437.047
241 360 372.894
242 23 420.447
242 60 842.232
242 89 353.236
242 90 428.841
242 97 512.14
242 117 454.837
242 126 705.093
242 176 373.944
242 229 421.377
242 244 720.32
242 304 432.678
242 396 333.226
242 400 354.204
242 446 460.516
242 487 1910.55
243 79 685.317
243 134 484.867
243 144 431.401
243 346 394.291
243 354 264.425
243 358 379.454
243 395 2115.18
243 399 246.626
243 412 573.546
243 413 319.88
243 468 302.8
243 473 391.316
243 490 757.747
244 23 83.2115
244 88 54.4276
244 90 68.51
244 96 53.7839
244 176 98.5032
244 207 88.8787
244 229 82.3587
244 304 75.7862
244 375 49.0143
244 442 45.335
245 61 198.072
245 78 185.368
245 211 510.743
245 220 340.955
245 243 180.154
245 254 194.311
246 294 1131.45
247 293 262.645
247 298 240.008
247 349 216.715
248 116 258.833
248 130 288.269
248 142 575.917
248 143 654.596
248 189 504.977
248 217 260.582
248 236 362.772
248 264 231.737
248 386 1162.67
248 437 1168.58
248 476 1653.68
249 16 448.911
249 60 466.095
249 89 1306.73
249 97 578.324
249 195 1095.73
249 212 494.257
249 348 426.228
249 396 930.781
249 400 781.183
249 454 677.865
249 471 1025.95
249 487 576.346
250 231 1297.6
250 310 554.024
250 470 432.339
250 479 566.609
251 19 269.045
251 40 368.63
251 197 327.168
251 337 194.707
251 422 518.841
251 427 412.216
252 146 40.5698
252 150 67.3222
252 199 297.258
252 221 70.597
252 222 44.0184
252 239 52.3323
252 271 44.0306
252 280 68.5785
252 333 40.9634
252 359 50.6745
253 26 236.915
253 74 165.203
253 284 234.821
253 292 214.4
253 313 193.437
254 46 89.9073
254 170 127.634
254 308 179.475
254 340 74.246
254 356 168.226
254 377 232.258
254 428 102.259
254 452 71.9663
255 11 240.464
255 29 164.05
255 99 251.635
255 332 184.741
255 363 159.225
255 445 167.456
256 14 577.07
256 82 571.736
256 425 402.085
257 86 118.901
257 134 74.2616
257 191 82.0897
257 231 84.8183
257 310 143.098
257 312 80.3
257 346 84.0731
257 443 96.3293
257 470 134.344
257 473 75.9359
258 112 33.1519
258 167 30.8593
258 296 34.4085
258 347 42.5451
259 2 468.988
259 72 356.87
259 209 323.536
259 253 364.196
259 261 647.721
259 350 1468.23
259 354 353.82
259 378 433.891
259 413 309.183
259 434 516.384
260 79 581.471
260 86 495.547
260 134 1892.38
260 191 498.06
260 310 391.658
260 312 408.242
260 346 5973.68
260 395 557.904
260 399 392.656
260 412 869.887
260 443 420.796
260 468 395.103
260 473 985.244
260 490 434.264
261 68 40.1905
261 165 42.8301
261 214 65.8828
261 319 125.244
261 344 61.6683
261 451 39.3757
261 458 54.683
261 493 92.1736
262 104 775.61
262 208 488.946
262 424 713.684
263 33 355.828
263 91 653.364
263 262 1025.35
263 277 448.005
263 323 338.426
263 391 380.445
263 436 398.885
264 93 132.152
264 106 56.2331
264 129 52.9886
264 158 68.154
264 174 69.858
264 281 63.6596
264 286 153.306
264 420 56.8371
264 421 73.0406
265 113 267.311
265 159 908.991
265 228 326.368
265 238 633.666
265 263 404.12
265 279 397.955
265 451 257.433
266 32 33.6084
266 84 85.6512
266 160 27.7129
266 299 27.5052
266 301 33.2376
266 309 39.347
266 327 48.7374
266 331 40.9995
266 441 36.1386
267 4 135.172
267 26 103.809
267 41 147.215
267 50 105.307
267 58 107.766
267 138 121.724
267 188 156.979
267 258 561.782
267 292 116.471
267 313 124.994
268 104 2166.91
268 118 462.751
268 208 597.667
269 128 350.332
269 147 579.332
269 157 398.45
269 282 327.81
269 333 214.237
269 448 162.488
270 6 464.582
270 74 340.321
270 178 532.734
270 246 355.902
270 272 536.016
270 352 662.607
270 367 305.968
271 68 454.235
271 214 380.164
271 319 197.098
271 344 252.701
271 373 213.672
271 439 181.286
271 458 465.23
271 493 365.73
272 131 274.46
272 137 608.526
272 173 655.353
272 245 268.733
272 265 301.798
273 14 337.939
273 51 441.85
273 161 577.688
274 133 266.092
274 216 271.869
274 288 338.858
274 372 280.444
274 418 248.015
274 423 268.603
274 456 327.041
275 7 613.426
275 15 100.694
275 45 115.041
275 59 107.162
275 455 132.025
276 9 710.337
276 35 440.026
276 40 635.799
276 163 661.301
276 177 604.643
276 230 459.079
276 334 746.523
276 394 440.845
276 422 584.269
276 427 694.648
276 438 1088.79
277 20 1683.88
277 162 318.361
277 274 495.575
277 285 296.783
277 302 827.969
277 314 427.359
277 364 403.822
277 374 279.227
278 97 380.096
278 113 586.147
278 117 368.324
278 122 870.287
278 212 588.452
278 228 640.421
278 336 726.466
278 348 866.626
278 381 910.963
279 10 379.273
279 125 677.008
279 133 416.626
279 135 395.775
279 148 360.773
279 183 341.216
279 216 423.386
279 330 410.697
279 335 665.629
279 376 507.383
279 423 534.556
279 467 383.931
280 78 268.957
280 95 380.109
280 115 1407.08
280 127 404.673
280 226 641.5
280 254 277.024
280 388 1163.49
281 125 196.464
281 133 843.686
281 135 173.787
281 148 191.174
281 183 286.809
281 216 1045.88
281 330 192.246
281 335 349.086
281 385 160.271
281 423 836.626
281 456 215.986
281 467 174.131
282 95 611.88
282 115 313.267
282 127 874.029
282 226 258.555
282 267 211.427
282 388 283.63
282 492 219.26
282 499 251.379
283 1 501.484
283 69 867.611
283 215 467.301
283 290 495.707
283 305 393.077
283 349 583.853
283 385 604.472
283 418 440.526
283 453 630.867
284 128 8.56558
284 147 8.31431
284 150 12.8953
284 157 18.5741
284 199 8.90907
284 221 7.79978
284 222 7.21981
284 270 7.10977
284 271 7.22771
284 333 19.3015
284 411 9.83836
285 68 18.9606
285 165 28.1717
285 182 42.119
285 344 36.7104
285 414 16.3666
285 493 19.4291
286 61 552.082
286 65 182.412
286 205 138.445
286 211 172.476
286 220 237.178
286 240 131.137
286 243 696.945
286 278 243.873
286 289 168.12
286 328 235.363
286 387 140.146
287 6 416.623
287 49 453.58
287 74 332.258
287 178 454.889
287 272 298.654
287 352 751.834
288 16 171.29
288 67 194.358
288 89 155.143
288 101 156.843
288 113 319.478
288 195 176.674
288 212 216.088
288 228 221.509
288 348 185.188
288 381 204.053
288 404 156.478
288 488 160.886
289 20 590.267
289 38 193.74
289 180 206.856
289 274 196.832
289 285 325.488
289 302 256.175
289 314 643.706
289 364 234.058
289 374 223.713
290 22 778.314
290 39 323.894
290 102 385.081
290 169 295.945
290 247 299.11
290 444 280.758
291 79 335.515
291 191 580.801
291 241 548.686
291 288 355.216
291 310 311.37
291 372 811.25
291 412 332.249
291 457 771.434
291 473 368.275
291 479 670.845
292 43 404.844
292 64 1795.37
292 136 530.245
292 205 387.236
292 240 718.004
292 328 438.489
292 360 380.009
292 387 458.641
293 124 16.3152
293 383 96.2915
293 408 19.1812
293 417 16.9906
293 485 19.0469
294 20 442.924
294 38 633.798
294 180 1557.31
294 285 1166.87
294 314 679.786
294 364 489.22
295 9 1637.54
295 40 474.612
295 163 689.499
295 230 437.775
295 334 378.553
295 374 364.709
295 394 430.838
295 422 412.671
295 427 410.335
295 438 10362.8
296 20 99.2149
296 38 71.8243
296 274 66.2223
296 285 52.0291
296 302 132.847
296 314 62.0536
296 364 158.285
296 480 52.6687
297 37 3409.88
297 67 545.829
297 204 892.217
297 332 1260.76
297 404 904.549
297 488 835.233
298 9 1000.3
298 163 559.92
298 180 273.123
298 230 403.919
298 285 405.187
298 314 325.613
298 374 278.604
298 394 419.541
298 438 580.756
299 87 651.124
299 106 565.155
299 165 859.095
299 182 438.683
299 414 963.683
300 36 227.875
300 104 213.687
300 168 318.281
300 208 746.587
301 47 470.605
301 158 345.673
301 165 622.808
301 182 607.703
301 184 289.985
301 281 362.456
301 325 323.081
301 326 318.341
301 366 399.792
301 414 776.375
302 76 31.3729
302 124 165.865
302 171 39.9523
302 235 27.0084
302 242 25.9378
302 256 25.7942
302 257 37.588
302 383 31.3313
302 408 31.1364
302 416 27.1241
302 461 30.4084
302 485 71.8268
303 12 43.66
303 28 44.1469
303 56 43.552
303 112 115.169
303 369 50.511
304 13 353.081
304 35 309.2
304 177 207.321
304 193 345.132
304 251 209.131
304 277 253.967
304 323 414.348
304 401 379.21
304 440 199.447
304 459 340.417
305 12 362.039
305 28 901.423
305 112 477.067
305 369 399.099
305 390 374.026
305 435 356.648
306 95 68.2587
306 127 68.9138
306 267 65.7451
306 424 109.89
306 430 80.1103
306 492 84.7926
306 496 308.45
306 499 96.8548
307 128 416.652
307 147 423.166
307 150 476.234
307 157 1333.94
307 199 320.4
307 221 291.445
307 270 294.127
307 333 878.477
307 411 407.428
308 43 420.445
308 247 603.253
308 291 784.006
308 343 847.508
308 370 719.223
308 426 861.612
308 450 699.981
309 79 606.331
309 86 385.731
309 134 1760.69
309 191 387.212
309 312 344.378
309 346 1709.46
309 358 404.233
309 395 656.175
309 399 406.757
309 412 873.074
309 443 342.564
309 449 372.167
309 468 433.611
309 473 767.535
309 490 516.45
310 37 375.621
310 209 433.41
310 253 390.398
310 332 530.342
310 353 417.947
310 488 358.466
311 43 413.517
311 248 406.835
311 343 735.33
311 426 405.461
311 450 301.055
311 474 385.742
312 44 653.313
312 73 915.627
312 397 728.766
312 483 2394.67
313 65 232.277
313 249 514.945
313 283 271.167
313 289 264.588
313 311 200.528
314 26 260.457
314 49 409.412
314 297 262.278
314 301 317.03
314 352 268.939
315 1 133.599
315 19 125.258
315 69 94.6872
315 190 246.629
315 197 120.802
315 305 120.208
315 337 191.072
315 422 93.5833
315 453 107.581
316 247 202.153
316 291 596.931
316 341 201.663
316 343 162.783
316 370 584.308
316 426 266.22
316 450 359.302
316 472 180.665
317 31 154.331
317 55 174.063
317 109 349.57
317 116 141.278
317 167 165.187
317 213 279.44
317 259 158.177
317 296 190.506
317 407 243.614
317 442 133.252
318 83 341.749
318 95 346.727
318 115 465.324
318 127 488.298
318 202 500.012
318 226 569.727
318 388 378.327
319 83 749.645
319 131 712.977
319 137 490.021
319 173 491.456
320 47 286.179
320 165 287.924
320 182 679.155
320 184 305.234
320 325 456.241
320 414 235.019
321 133 386.658
321 216 383.696
321 288 573.474
321 349 528.816
321 385 596.574
321 418 1294.32
321 456 1016.88
322 13 425.342
322 35 920.858
322 91 441.591
322 177 550.401
322 193 388.353
322 277 1257.78
322 323 2369.69
322 334 455.23
322 401 1045.66
322 440 376.498
323 48 807.125
323 63 123.599
323 95 128.41
323 127 91.0978
323 254 109.645
323 267 305.396
323 484 206.399
323 492 177.6
323 497 219.176
323 499 148.268
324 46 11.9943
324 162 12.9192
324 170 10.8129
324 274 9.86618
324 303 13.3327
324 340 11.135
324 365 10.9544
325 120 195.623
325 146 105.465
325 172 114.006
325 194 1291.49
325 200 237.227
325 219 181.995
325 318 156.812
325 447 133.419
325 481 204.173
326 33 766.776
326 163 384.176
326 177 299.004
326 230 474.023
326 334 310.744
326 394 436.483
326 436 599.396
326 486 893.389
327 97 280.886
327 117 547.863
327 122 282.233
327 126 326.551
327 132 261.04
327 212 218.24
327 336 756.729
327 348 265.518
327 381 245.806
327 446 472.519
327 494 634.861
328 6 674.734
328 74 531.798
328 178 266.333
328 246 645.726
328 272 289.521
328 352 309.874
328 367 275.618
328 482 361.399
329 129 288.205
329 174 312.653
329 206 1672.11
329 276 311.816
329 306 327.125
329 326 269.073
329 368 1036.52
329 420 308.554
329 421 304.352
329 433 816.621
330 93 671.557
330 106 291.099
330 129 304.822
330 158 596.786
330 174 331.539
330 281 514.183
330 286 353.888
330 366 302.605
330 414 239.995
330 421 339.329
331 17 972.518
331 154 474.967
331 317 925.364
331 342 462.099
331 351 313.696
331 469 386.582
332 168 785.341
332 202 367.619
332 371 2100.05
333 70 78.7425
333 78 56.7007
333 234 61.1751
333 388 36.5403
333 498 55.0963
334 32 1106.67
334 84 549.006
334 98 223.279
334 227 199.487
334 287 266.62
334 297 207.16
334 299 309.396
334 327 351.851
334 382 457.413
335 222 249.219
335 270 513.316
335 333 172.031
335 411 282.233
336 20 783.716
336 38 352.844
336 180 295.419
336 274 316.851
336 285 380.57
336 302 493.77
336 314 518.095
336 364 506.706
337 95 206.855
337 127 228.42
337 202 166.417
337 267 167.382
337 424 294.374
337 430 165.872
337 492 211.628
337 496 372.005
337 499 253.289
338 69 127.129
338 288 133.158
338 349 214.84
338 385 178.357
338 418 532.325
338 456 209.098
339 147 164.754
339 157 141.865
339 222 107.046
339 270 197.076
339 333 275.489
339 411 232.323
340 68 67.4785
340 75 48.9272
340 214 128.952
340 319 53.8943
340 344 50.3497
340 373 67.6172
340 439 50.3531
340 458 202.666
340 462 42.2148
340 493 84.88
341 13 322.134
341 193 364.71
341 242 319.742
341 251 659.139
341 338 308.203
341 361 666.198
341 416 556.438
341 459 374.133
342 48 488.634
342 61 398.111
342 63 434.627
342 211 446.966
342 220 335.203
342 243 319.865
342 254 444.767
342 267 347.27
342 278 366.971
342 484 1823.29
342 497 1571.97
343 198 825.957
343 234 407.733
343 311 4047.94
344 107 399.834
344 138 303.972
344 149 571.509
344 425 1934.62
344 444 305.532
345 31 759.06
345 52 310.077
345 55 380.271
345 88 345.805
345 96 327.196
345 109 347.098
345 116 628.675
345 189 368.103
345 442 586.994
346 79 37.4526
346 144 59.0732
346 295 42.9617
346 354 54.8225
346 358 165.073
346 380 36.3731
346 395 50.221
346 399 42.7355
346 413 76.169
346 449 41.1164
346 468 62.709
346 490 124.922
347 8 93.7895
347 21 95.5871
347 81 98.3539
347 114 191.406
347 252 95.3924
347 266 98.7341
347 315 984.155
347 393 350.946
347 429 285.06
347 477 115.841
347 478 182.899
348 0 187.741
348 79 181.817
348 86 354.078
348 134 315.464
348 203 230.369
348 273 227.108
348 312 321.603
348 346 389.951
348 358 182.369
348 395 192.005
348 399 271.298
348 412 224.611
348 443 307.948
348 449 246.02
348 468 235.797
348 473 230.623
348 490 190.357
348 495 226.653
349 27 301.51
349 50 285.096
349 102 246.792
349 149 179.679
349 169 235.502
349 218 492.501
349 406 754.855
349 425 187.258
349 444 266.689
350 57 87.5643
350 166 74.873
350 201 74.3177
350 260 71.3313
350 341 101.964
350 466 340.433
350 475 86.8927
351 105 104.239
351 123 97.4861
351 130 97.2343
351 142 100.607
351 143 96.0625
351 236 131.7
351 264 161.301
352 95 333.438
352 127 429.368
352 202 248.286
352 267 215.65
352 424 273.874
352 492 264.969
352 496 307.841
352 499 327.586
353 66 323.023
353 86 355.232
353 231 412.89
353 310 519.449
353 470 1904.17
354 79 174.243
354 191 152.149
354 241 615.822
354 298 194.756
354 372 192.73
354 395 137.381
354 412 148.575
354 457 580.843
354 473 143.666
354 479 138.798
355 31 170.502
355 55 82.5809
355 109 83.8341
355 116 120.651
355 189 57.7639
355 407 53.6985
355 442 108.103
356 4 264.886
356 84 215.455
356 160 565.5
356 301 191.747
356 309 2584.99
356 331 431.334
356 432 214.332
356 441 281.666
357 54 413.394
357 85 539.956
357 255 1668.37
357 405 1201.56
357 410 730.923
357 436 426.786
358 19 142.187
358 40 182.956
358 197 172.357
358 422 240.928
358 427 322.344
359 42 481.989
359 261 400.813
359 350 607.998
359 354 381.817
359 358 335.81
359 413 380.354
359 463 379.255
360 103 265.594
360 239 139.577
360 359 151.984
361 9 628.739
361 40 181.44
361 163 176.331
361 230 129.537
361 285 138.997
361 314 143.323
361 374 189.706
361 394 130.01
361 422 153.262
361 427 138.136
361 438 487.778
362 11 312.189
362 29 1033.63
362 99 337.958
362 419 220.912
362 445 209.407
363 43 251.111
363 64 845.511
363 136 348.069
363 205 290.598
363 240 550.268
363 328 304.209
363 360 294.999
363 387 283.037
364 86 1782.48
364 203 396.257
364 273 534.402
364 312 1109.62
364 346 363.82
364 443 2160.68
364 495 406.926
365 84 316.628
365 152 336.78
365 160 351.624
365 309 422.808
365 331 283.524
365 351 290.474
365 432 462.701
365 441 2490.52
366 128 868.899
366 147 218.242
366 150 228.083
366 157 473.932
366 181 178.799
366 271 185.471
366 282 218.817
366 333 195.269
366 448 278.936
367 79 415.817
367 134 307.617
367 191 517.771
367 241 624.555
367 298 293.87
367 346 280.581
367 372 497.417
367 395 306.172
367 412 386.748
367 457 870.936
367 473 407.996
367 479 438.643
368 87 968.012
368 106 484.53
368 122 420.153
368 132 444.098
368 336 389.847
368 494 415.543
369 25 158.205
369 30 157.477
369 58 159.551
369 139 365.686
369 188 121.484
369 284 144.668
369 300 545.491
369 316 270.795
369 324 124.508
369 389 113.149
369 431 193.199
370 10 26.2934
370 45 44.9396
370 59 42.596
370 125 23.9086
370 135 30.6475
370 384 36.4177
371 50 160.439
371 102 151.119
371 107 144.552
371 149 215.005
371 218 143.872
371 406 179.407
371 425 477.568
371 444 244.008
372 9 413.557
372 33 385.996
372 35 351.586
372 163 858.881
372 177 514.45
372 230 683.582
372 277 346.309
372 334 604.031
372 394 607.11
372 436 353.099
372 438 464.672
372 486 460.231
373 2 141.761
373 72 91.3679
373 209 248.319
373 253 278.276
373 261 105.069
373 350 98.0692
373 378 425.817
373 434 281.952
374 38 573.78
374 180 337.028
374 201 169.752
374 232 203.115
374 285 208.15
374 339 215.747
374 364 240.831
375 152 88.9734
375 154 130.739
375 347 54.9743
375 351 234.066
375 432 80.4366
375 469 57.8808
376 15 77.7948
376 24 36.0596
376 53 64.009
376 111 37.9659
376 268 108.979
376 489 55.066
377 150 257.131
377 156 137.122
377 199 151.733
377 221 543.12
377 239 376.5
377 271 724.818
377 359 301.614
378 25 38.056
378 30 71.3256
378 58 64.8429
378 139 288.802
378 188 41.4111
378 300 154.872
378 316 47.6891
378 324 73.3518
378 345 38.9561
378 389 60.7803
378 431 42.9793
379 159 506.566
379 214 395.797
379 238 344.926
379 263 732.863
379 279 886.122
379 319 470.338
379 451 2763.12
379 458 372.875
379 462 541.051
380 50 375.008
380 102 475.193
380 149 429.841
380 218 399.402
380 406 461.914
380 425 778.405
380 444 926.078
381 4 1748.61
381 27 163.688
381 41 441.774
381 160 383.231
381 258 183.131
381 309 238.18
381 331 191.826
382 76 1464.52
382 171 966.797
382 235 295.363
382 251 352.276
382 257 928.645
382 416 407.634
382 459 359.956
383 128 43.0637
383 147 77.1978
383 150 41.4426
383 157 78.8986
383 222 43.5502
383 270 64.4297
383 333 166.475
383 411 86.2167
384 20 263.817
384 38 238.32
384 274 272.226
384 302 521.743
384 364 493.399
384 477 255.474
384 480 301.329
385 68 68.7234
385 75 74.9229
385 214 222.148
385 263 67.4129
385 279 68.4017
385 319 124.074
385 373 101.585
385 439 68.148
385 451 107.033
385 458 218.577
385 462 97.7112
385 493 115.198
386 25 104.317
386 30 128.613
386 58 140.617
386 139 148.821
386 188 126.133
386 284 166.86
386 292 117.716
386 300 212.64
386 316 316.47
386 324 86.6561
386 431 120.839
387 83 72.952
387 202 51.3733
387 226 40.7684
388 13 1574.19
388 193 4303.12
388 251 603.058
388 323 322.553
388 416 355.737
388 440 409.527
388 459 822.827
389 124 213.499
389 242 612.785
389 361 214.384
389 408 264.519
389 461 2766.24
390 91 5.12013
390 104 3.55902
390 118 3.5317
390 186 3.75387
390 196 7.74717
390 262 4.70803
390 391 5.4516
390 460 3.89372
391 61 329.853
391 64 608.146
391 65 301.271
391 205 429.07
391 240 762.978
391 243 347.029
391 278 585.952
391 328 1153.14
391 360 322.481
391 387 628.013
392 52 347.676
392 116 576.1
392 142 403.575
392 143 426.255
392 189 4074.77
392 217 445.987
392 386 867.631
392 437 640.176
392 476 924.878
393 48 935.355
393 54 384.83
393 63 389.215
393 95 533.06
393 127 379.98
393 267 2796.29
393 430 472.14
393 484 401.367
393 492 2418.1
393 496 418.316
393 497 420.481
393 499 1168.64
394 152 165.064
394 347 93.0175
394 351 94.5281
394 432 118.559
394 441 245.019
395 89 407.911
395 113 5021.42
395 122 520.587
395 195 415.389
395 212 805.348
395 228 1303.72
395 336 424.219
395 348 777.601
395 381 941.621
396 75 454.957
396 214 362.118
396 263 351.804
396 279 280.137
396 319 284.618
396 373 591.027
396 439 346.55
396 451 382.004
396 458 381.418
396 462 1149.97
397 49 1126.77
397 108 383.834
397 178 361.039
397 227 310.767
397 297 441.046
397 301 343.085
397 352 452.053
398 48 376.971
398 54 593.047
398 63 1092.52
398 85 955.498
398 278 374.103
398 387 415.657
398 405 448.476
398 484 362.523
398 497 386.435
399 18 473.439
399 68 1055.96
399 214 400.051
399 344 444.613
399 458 436.383
399 493 432.419
400 13 1271.05
400 35 448.995
400 193 1467.37
400 251 651.927
400 323 554.306
400 401 512.153
400 416 424.547
400 440 473.441
400 459 1282.18
401 9 335.015
401 163 1291.2
401 230 424.05
401 285 166.522
401 334 151.09
401 394 415.974
401 438 305.39
401 486 162.672
402 6 96.8446
402 49 237.564
402 108 103.511
402 178 126.798
402 297 107.565
402 352 173.067
403 7 376.115
403 15 399.11
403 111 198.328
403 268 221.451
403 455 252.849
403 489 319.994
404 46 59.825
404 170 99.705
404 308 166.133
404 340 102.626
404 356 190.596
404 377 148.168
404 379 61.2131
405 45 348.255
405 59 362.283
405 111 408.175
405 231 360.083
405 455 603.121
405 470 653.166
405 489 355.34
406 10 252.394
406 45 802.041
406 59 765.989
406 125 255.151
406 135 354.333
406 384 488.78
406 455 230.399
407 35 214.791
407 40 177.446
407 177 209.97
407 197 143.537
407 277 141.729
407 323 166.28
407 334 214.081
407 401 213.325
407 422 195.55
407 427 306.043
408 22 405.737
408 39 785.264
408 43 351.816
408 64 293.631
408 136 1337.82
408 247 307.219
408 343 279.168
409 14 299.168
409 65 197.068
409 82 297.339
409 161 188.246
409 205 184.328
409 249 258.551
409 283 454.02
409 289 183.271
409 360 197.812
410 68 255.995
410 165 346.081
410 182 696.614
410 325 240.249
410 344 427.682
410 493 237.618
411 79 505.61
411 134 495.637
411 144 559.893
411 295 386.634
411 346 447.968
411 354 412.997
411 358 1100.73
411 395 775.006
411 399 462.48
411 412 488.117
411 413 530.541
411 449 430.318
411 468 665.642
411 473 390.859
411 490 4541.36
412 22 488.787
412 39 2073.16
412 43 349.724
412 136 606.208
412 247 740.996
412 291 314.056
412 343 393.437
413 38 422.419
413 180 1890.65
413 285 822.659
413 314 445.449
413 364 318.209
414 7 17.257
414 45 46.2613
414 59 43.5118
414 384 17.3646
414 455 36.8901
415 62 63.0903
415 225 194.348
415 275 95.8956
415 357 162.067
415 367 71.0666
416 87 896.777
416 106 177.617
416 132 125.639
416 414 88.1633
416 494 94.6968
417 54 168.835
417 85 222.925
417 248 168.305
417 255 647.624
417 405 502.122
417 410 291.311
417 436 171.073
418 81 456.452
418 153 365.47
418 185 465.955
418 187 2060.63
418 223 445.11
418 252 442.474
418 266 1120.87
418 320 595.248
418 415 2058.36
418 419 960.796
418 429 355.315
418 491 444.558
419 17 163.792
419 27 105.583
419 102 118.156
419 169 247.651
419 218 156.414
419 342 385.871
419 406 96.6635
419 469 98.6283
420 29 29.8342
420 153 36.9578
420 185 29.1234
420 187 52.4801
420 252 31.9594
420 266 43.8879
420 320 31.2671
420 415 74.0009
420 419 72.1781
420 491 52.8414
421 64 616.665
421 136 197.907
421 205 194.733
421 240 406.861
421 328 209.603
421 360 192.368
421 387 188.687
422 30 369.159
422 77 994.709
422 139 426.281
422 233 389.806
422 300 364.298
422 324 671.154
422 345 480.293
422 389 581.852
423 133 83.346
423 148 297.913
423 183 131.441
423 215 210.764
423 216 80.4439
423 269 972.696
423 290 74.2651
423 330 217.074
423 335 104.677
423 376 76.4437
423 385 78.8771
423 417 74.4495
423 467 239.708
424 128 304.091
424 147 231.345
424 150 111.794
424 157 381.262
424 282 171.745
424 333 142.765
424 448 117.38
425 105 96.5315
425 128 245.766
425 147 120.726
425 157 117.892
425 181 88.8257
425 282 292.632
425 448 117.573
426 31 1080.19
426 55 700.44
426 88 622.894
426 96 578.899
426 109 465.698
426 116 415.471
426 207 619.44
426 442 1721.94
427 10 133.331
427 125 293.16
427 133 169.529
427 135 166.375
427 148 125.588
427 183 127.945
427 216 174.114
427 330 139.377
427 335 244.217
427 376 150.835
427 384 118.266
427 423 249.507
427 467 129.401
428 4 439.491
428 26 639.004
428 41 333.94
428 160 343.828
428 188 379.359
428 258 428.288
428 292 512.915
428 301 321.719
428 309 325.493
428 313 940.632
428 331 424.17
429 44 237.87
429 73 233.609
429 397 324.074
429 483 390.191
430 27 1809.71
430 41 499.746
430 50 922.113
430 138 385.444
430 218 666.211
430 406 1216.67
431 32 250.259
431 84 453.994
431 98 82.0628
431 287 92.6251
431 297 82.3002
431 299 112.811
431 327 161.349
431 382 133.645
431 441 94.9884
432 52 746.46
432 88 1237.48
432 96 1480.13
432 140 463.627
432 176 401.353
432 207 669.076
432 229 381.497
432 362 617.305
433 38 396.613
433 57 15178.9
433 201 1037.67
433 232 1098.41
433 260 1202.9
433 339 1352.64
433 341 468.182
433 466 393.267
434 52 1320.8
434 88 476.761
434 96 473.392
434 116 372.523
434 189 488.496
434 217 437.615
434 362 473.689
434 476 373.159
435 79 553.5
435 134 406.488
435 191 683.534
435 241 776.454
435 298 372.391
435 346 369.742
435 372 619.062
435 395 403.766
435 412 514.595
435 457 1057.83
435 473 543.27
435 479 563.567
436 6 278.339
436 25 341.018
436 74 358.946
436 237 836.162
436 284 324.774
436 316 277.587
436 431 313.118
436 482 292.226
437 77 338.576
437 294 523.612
438 152 226.85
438 160 233.182
438 309 225.48
438 351 294.741
438 432 1042.34
438 441 323.821
438 469 199.468
439 30 281.002
439 58 240.789
439 77 222.428
439 139 347.8
439 233 187.479
439 300 284.417
439 324 586.396
439 345 222.66
439 389 402.042
440 103 669.179
440 150 417.49
440 221 674.148
440 239 1648.87
440 259 444.854
440 271 585.996
440 359 1997.09
441 83 533.203
441 127 355.401
441 202 1495.08
441 226 322.481
441 371 342.285
442 152 760.461
442 154 249.944
442 347 692.657
442 351 299.136
443 95 13.9768
443 115 11.7073
443 127 22.799
443 202 19.4178
443 226 12.1945
443 388 10.2937
443 499 10.2597
444 26 410.522
444 30 601.52
444 58 711.148
444 139 455.583
444 188 886.184
444 284 571.028
444 292 785.137
444 300 594.698
444 313 432.698
444 316 657.753
445 71 166.326
445 210 67.1763
445 224 105.362
445 321 50.7952
445 353 91.4213
445 355 138.597
446 37 744.876
446 67 1738.66
446 204 502.379
446 332 507.734
446 404 1542.5
446 488 2159.98
447 164 314.275
447 166 270.762
447 179 194.043
447 390 217.015
447 398 500.421
447 435 273.965
447 466 234.679
448 49 237.88
448 108 80.29
448 178 74.7627
448 227 65.1229
448 297 92.4339
448 299 64.6462
448 301 71.6929
448 352 93.1178
449 52 435.665
449 116 574.16
449 143 352.258
449 189 1361.28
449 217 439.623
449 386 600.542
449 437 483.269
449 476 630.454
450 86 1148.91
450 134 334.039
450 273 299.108
450 310 330.913
450 312 509.816
450 346 400.403
450 443 676.29
450 470 298.887
450 473 304.395
451 2 372.373
451 72 428.583
451 144 503.241
451 145 317.099
451 350 595.271
451 354 1241.87
451 358 401.951
451 380 503.749
451 413 1126.53
451 490 392.028
452 23 327.218
452 60 1669.12
452 90 358.898
452 97 209.314
452 126 239.253
452 176 248.88
452 229 285.911
452 244 276.044
452 304 350.833
452 396 213.296
452 400 238.148
452 487 516.973
453 49 299.189
453 98 1394.89
453 108 858.486
453 146 366.929
453 172 443.106
453 227 2657.41
453 280 231.974
453 287 724.885
453 297 486.524
453 299 488.242
453 327 253.295
453 382 280.598
453 481 271.231
454 120 120.407
454 146 187.904
454 172 178.763
454 194 167.821
454 200 140.498
454 222 201.723
454 280 156.782
454 411 110.698
454 481 113.985
455 6 433.41
455 74 342.556
455 178 899.327
455 246 404.273
455 272 1201.32
455 318 399.262
455 352 834.793
455 367 443.9
456 4 330.968
456 41 176.296
456 160 1402.07
456 309 828.916
456 331 320.641
456 432 171.611
456 441 177.031
457 95 560.205
457 115 2464.84
457 127 647.513
457 226 1327.57
457 388 1407.22
458 190 445.887
458 303 491.697
458 337 628.492
458 374 499.623
459 93 341.31
459 106 282.296
459 132 287.964
459 286 1613.84
460 31 2026.06
460 55 769.485
460 88 422.673
460 96 397.497
460 109 498.239
460 116 417.861
460 207 399.593
460 442 3917.31
461 4 1008.68
461 41 205.971
461 160 167.317
461 258 101.272
461 309 113.062
461 331 99.1183
462 144 600.194
462 295 421.849
462 350 434.325
462 354 718.153
462 358 1003.72
462 380 420.131
462 395 425.95
462 399 382.908
462 413 1013.28
462 468 526.312
462 490 777.602
463 317 490.121
463 341 343.701
463 466 417.8
463 472 418.028
463 475 1482.89
464 68 314.453
464 165 393.19
464 182 296.724
464 214 463.784
464 319 816.178
464 344 510.007
464 451 299.38
464 458 394.665
464 493 644.504
465 49 368.626
465 108 353.453
465 178 658.168
465 194 284.912
465 227 257.31
465 272 336.341
465 297 256.134
465 318 328.897
465 352 491.016
465 481 574.016
466 15 234.493
466 24 449.65
466 53 178.035
466 66 225.091
466 111 10256.6
466 268 217.44
466 455 146.715
466 470 123.475
466 489 362.605
467 54 186.604
467 186 357.422
467 196 236.533
467 255 214.545
467 262 344.634
467 391 458.606
467 405 200.913
467 410 616.324
467 430 192.65
467 436 207.635
467 460 405.024
468 32 970.566
468 84 1707.85
468 98 362.026
468 227 326.052
468 287 410.557
468 297 365.61
468 299 529.318
468 301 324.972
468 327 781.454
468 382 563.333
468 441 329.463
469 51 269.992
469 294 490.145
470 124 218.75
470 235 163.517
470 256 172.839
470 269 192.404
470 383 406.031
470 408 162.104
470 417 171.054
470 485 312.191
471 9 25.3761
471 35 28.0191
471 163 36.9402
471 177 47.1359
471 230 28.0261
471 277 24.9217
471 323 21.645
471 334 65.011
471 394 26.0993
471 401 24.5223
471 427 22.8879
471 438 30.8555
472 1 194.053
472 69 271.452
472 215 219.674
472 235 185.592
472 256 204.114
472 290 336.546
472 349 193.475
472 385 215.046
472 453 395.501
473 8 824.887
473 114 998.245
473 164 407.242
473 166 462.68
473 252 410.645
473 315 577.221
473 393 1192.52
473 429 633.57
473 477 641.119
473 480 910.227
474 39 416.029
474 43 891.15
474 136 467.524
474 247 389.827
474 343 2055
474 474 415.518
475 71 707.539
475 210 434.229
475 224 531.596
475 321 266.889
475 353 392.913
475 355 989.097
476 8 373.997
476 114 478.672
476 252 465.199
476 266 322.975
476 315 484.263
476 393 938.71
476 429 769.814
476 477 910.636
476 478 312.758
476 480 506.969
477 87 646.576
477 106 514.809
477 165 764.95
477 182 401.624
477 414 736.437
478 36 377.652
478 104 428.856
478 168 393.662
478 208 1228.58
479 131 103.318
479 137 176.933
479 173 178.721
479 245 112.696
479 265 132.94
480 23 202.277
480 60 155.815
480 90 251.79
480 94 234.764
480 176 141.893
480 229 141.918
480 250 249.633
480 304 218.244
480 375 323.85
480 396 130.885
480 400 150.645
481 15 263.824
481 24 1221.96
481 53 316.235
481 66 1606.76
481 111 576.027
481 268 305.303
481 489 320.786
482 25 1349.52
482 139 322.301
482 237 538.875
482 284 493.357
482 300 338.525
482 316 621.121
482 431 1275.76
483 33 159.869
483 163 140.122
483 230 201.752
483 394 182.479
483 436 132.654
483 486 395.811
484 17 263.986
484 317 447.915
484 466 313.949
484 472 321.183
484 475 1073.11
485 51 67.6314
485 294 151.212
485 425 86.1978
486 133 288.065
486 148 822.212
486 183 374.953
486 215 391.8
486 216 281.094
486 269 706.405
486 330 1031.85
486 335 428.348
486 376 444.591
486 417 419.897
486 467 1503.09
487 105 198.132
487 128 320.683
487 150 339.143
487 156 268.079
487 157 263.856
487 181 255.417
487 221 271.636
487 239 198.575
487 271 436.717
487 448 398.877
488 91 253.694
488 186 439.703
488 196 508.35
488 262 488.793
488 391 2191.86
488 410 316.112
488 430 225.808
488 460 505.298
489 70 421.596
489 78 320.58
489 198 267.813
489 234 540.646
489 498 344.144
490 32 519.538
490 84 172.57
490 287 113.109
490 299 113.104
490 327 118.217
490 382 238.376
490 441 104.733
491 31 207.419
491 52 157.927
491 55 163.116
491 88 372.039
491 96 337.828
491 176 194.144
491 207 462.468
491 229 172.716
491 442 255.184
492 26 79.0647
492 49 47.5094
492 284 48.0272
492 292 56.2371
492 301 60.477
492 313 61.3389
493 191 256.52
493 231 355.18
493 288 165.344
493 310 261.644
493 372 247.408
493 457 165.157
493 479 665.635
494 51 440.913
494 294 6321.47
495 81 273.072
495 94 205.455
495 151 682.262
495 185 250.047
495 223 335.071
495 320 249.784
495 396 301.13
495 400 276.343
495 454 324.682
495 471 215.847
496 79 236.351
496 241 1099.71
496 298 533.327
496 372 289.395
496 457 644.376
497 12 464.945
497 56 355.661
497 110 280.473
497 112 1295.08
497 322 263.867
497 369 657.004
497 390 252.47
497 403 205.304
497 435 201.999
498 184 327.582
498 276 301.776
498 325 278.314
499 338 2321.12
499 361 537.336
499 409 385.352
