500 500 3838
0 46 598.055
0 97 499.904
0 129 786.775
0 136 488.927
0 169 705.102
0 389 930.059
1 32 124.683
1 54 72.4266
1 132 227.6
1 175 79.6827
1 214 68.457
1 290 202.346
1 328 80.611
2 126 50.2311
2 214 27.7945
2 267 28.9656
2 269 84.874
2 328 30.7985
2 395 32.7777
2 463 102.712
2 474 28.3859
3 13 370.94
3 67 408.496
3 152 546.372
3 226 331.581
3 230 779.221
3 271 358.271
3 326 434.21
3 329 370.265
3 460 880.913
3 481 524.328
4 117 97.7783
4 131 105.992
4 371 165.233
4 480 101.856
5 29 414.709
5 72 423.266
5 113 1601.96
5 139 342.188
5 173 2332.45
5 293 613.158
5 336 398.932
5 417 412.486
5 439 488.193
6 46 300.139
6 129 471.263
6 136 633.651
6 282 322.386
6 360 298.534
6 389 1113.46
6 490 352.099
7 122 299.571
7 137 369.453
7 167 304.339
7 272 1346.55
7 357 343.694
7 427 282.978
7 429 280.427
8 25 314.189
8 86 344.74
8 165 339.247
8 205 454.364
8 239 920.998
8 373 406.364
8 404 665.292
8 472 600.036
8 487 728.97
9 52 1059.52
9 101 250.864
9 194 366.435
9 300 364.705
9 406 662.536
9 495 307.596
10 3 498.289
10 46 6277.99
10 97 1275.69
10 169 510.443
10 359 414.21
10 388 411.619
10 389 645.718
11 199 1566.34
11 236 346.283
11 249 890.633
11 309 521.208
11 323 1273.79
11 430 685.01
12 72 440.408
12 139 666.52
12 313 298.625
12 439 364.7
12 476 285.742
13 9 306.116
13 52 2833.12
13 101 450.117
13 194 347.84
13 300 818.123
13 338 322.586
13 406 1295.7
13 495 389.501
14 3 698.124
14 46 564.237
14 82 298.137
14 97 413.063
14 362 317.708
14 388 344.196
14 389 277.517
15 52 461.094
15 101 133.44
15 194 221.118
15 300 193.156
15 348 129.914
15 406 824.151
15 495 234.849
16 3 549.102
16 46 834.07
16 97 698.564
16 359 326.922
16 362 321.999
16 388 502.944
16 389 322.142
17 23 91.4329
17 88 53.0679
17 89 110.984
17 178 50.6032
17 288 44.1121
17 491 52.2613
17 499 74.5007
18 8 678.696
18 171 857.774
18 256 677.076
18 284 923.11
18 317 444.25
18 365 761.664
18 424 849.099
19 199 793.455
19 249 412.618
19 309 354.242
19 323 696.374
19 430 582
20 238 385.564
20 412 1479.06
21 74 503.491
21 91 1237.18
21 134 614.342
21 402 445.131
21 425 840.742
21 465 950.434
22 15 361.956
22 65 555.559
22 66 527.814
22 98 412.703
22 128 977.715
22 154 351.13
22 179 609.297
22 253 318.078
22 266 387.451
22 295 324.903
22 363 362.625
23 27 196.723
23 51 87.544
23 63 120.071
23 77 80.4777
23 145 96.3478
23 237 142.156
23 345 442.077
23 352 110.935
23 410 86.374
23 450 83.7379
23 461 91.4573
24 162 772.003
24 247 468.179
24 305 415.978
24 353 267.444
24 447 411.353
24 467 383.276
25 161 95.008
25 202 53.24
25 281 39.732
25 299 62.7084
25 311 96.628
26 114 473.704
26 148 805.054
26 149 248.52
26 163 325.398
26 361 446.565
26 368 470.282
26 492 219.525
27 105 154.817
27 170 380.016
28 38 162.83
28 57 310.636
28 78 349.426
28 222 204.85
28 242 305.822
29 42 254.834
29 83 250.582
29 135 441.364
29 157 246.127
29 172 227.925
29 233 283.624
29 304 373.484
29 317 269.504
29 403 226.36
29 413 364.405
29 448 451.054
30 24 375.047
30 102 408.45
30 158 343.882
30 177 434.071
30 276 697.996
30 315 674.431
30 376 306.743
30 432 218.309
30 434 407.393
30 449 269.586
30 452 255.481
31 134 282.018
32 53 99.6079
32 193 196.692
32 220 150.513
32 296 96.2477
32 310 140.237
32 314 88.0279
33 29 112.189
33 113 119.764
33 173 163.062
33 176 51.5791
33 215 67.1902
33 293 52.5178
33 340 64.9448
34 56 485.672
34 68 472.084
34 69 715.788
34 125 386.547
34 159 438.231
34 220 402.716
34 409 563.34
34 418 2172.59
34 444 572.707
35 213 333.535
35 236 289.677
35 308 424.578
35 391 446.766
35 455 1681.83
36 185 181.921
36 203 263.992
36 307 388.468
36 420 174.926
37 30 319.467
37 87 645.96
37 121 216.449
37 130 242.604
37 150 224.407
37 297 226.101
37 385 354.699
38 97 313.444
38 195 336.918
38 209 479.617
38 342 300.924
38 346 333.762
38 359 380.34
38 388 1265.29
39 0 634.963
39 28 405.314
39 76 819.747
39 85 424.828
39 294 469.191
39 312 526.658
39 322 448.753
39 338 356.979
39 347 384.568
39 377 418.698
39 428 978.696
39 466 756.924
40 27 169.44
40 63 316.5
40 237 551.642
40 345 189.293
40 450 478.689
41 0 190.116
41 28 190.146
41 33 218.814
41 60 143.452
41 85 146.619
41 294 176.89
41 377 1838.29
41 428 222.2
41 466 259.312
42 23 182.256
42 111 140.918
42 123 144.398
42 288 1249.15
42 324 277.852
42 395 216.856
42 443 636.37
42 499 267.116
43 27 618.44
43 32 660.005
43 51 1960.2
43 81 440.164
43 93 3338.36
43 190 423.978
43 191 547.014
43 400 645.944
43 410 2681.81
43 461 1792.71
44 199 19.7282
44 230 17.253
44 249 17.5424
44 309 18.1285
44 323 26.0356
44 326 22.75
44 330 20.4488
44 430 47.8025
44 481 20.4491
45 103 31.1437
45 166 35.4906
45 329 22.9852
45 392 25.8417
45 401 26.7183
45 415 23.4895
45 462 22.7592
46 53 160.056
46 68 151.43
46 193 166.166
46 220 612.558
46 296 204.147
46 310 154.477
46 409 144.053
47 5 237.431
47 35 342.229
47 55 1318
47 216 255.965
47 318 348.808
47 320 477.285
47 419 251.703
47 471 468.198
48 28 532.659
48 33 503.477
48 57 692.7
48 119 463.709
48 377 458.183
48 475 645.195
49 3 164.953
49 26 171.229
49 37 165.646
49 40 337.25
49 64 156.271
49 75 325.936
49 82 348.624
49 146 181.226
49 147 576.23
49 151 194.72
49 153 219.298
49 219 527.34
49 263 229.781
49 282 177.454
49 343 147.197
49 360 261.14
49 362 155.886
49 384 361.392
49 396 218.781
49 411 187.253
49 473 584.269
49 490 162.485
50 2 140.254
50 7 154.721
50 13 132.123
50 14 158.168
50 18 207.634
50 67 207.225
50 152 135.718
50 235 865.916
50 271 265.764
50 382 493.854
50 408 132.881
50 438 133.726
51 185 506.916
51 378 446.908
51 381 332.635
51 420 395.32
52 11 282.241
52 86 286.876
52 205 203.055
52 239 353.565
52 354 251.785
52 373 189.849
52 402 214.414
52 404 301.339
52 472 237.84
52 487 281.289
53 24 563.849
53 96 188.839
53 102 197.535
53 158 258.842
53 276 313.844
53 315 148.762
53 321 138.058
53 434 340.854
53 449 273.452
53 452 161.239
54 16 411.602
54 112 223.67
54 231 831.854
54 259 335.363
54 429 256.915
54 432 232.789
55 2 246.735
55 14 507.098
55 18 319.216
55 61 283.598
55 71 514.001
55 224 282.664
55 374 276.794
55 408 592.473
55 493 276.056
56 22 704.402
56 35 496.734
56 265 282.631
56 376 375.814
56 432 309.234
56 452 276.701
57 49 130.902
57 170 54.8567
57 309 80.403
57 426 301.478
57 483 78.3508
58 19 210.985
58 30 335.931
58 87 676.677
58 106 238.679
58 130 745.557
58 150 202.442
58 297 218.612
59 53 1778.75
59 104 412.358
59 182 538.466
59 186 1132.89
59 218 443.869
59 261 4845.88
59 296 688.846
59 310 476.882
59 390 456.312
59 431 446.394
59 489 770.853
60 54 117.47
60 132 153.873
60 175 92.0761
60 198 64.4442
60 290 75.7373
60 407 76.9677
61 72 359.77
61 113 217.367
61 139 246.504
61 277 300.177
61 313 8684.72
61 439 242.636
61 476 250.366
61 496 236.79
62 120 179.05
62 166 475.141
62 401 260.872
62 415 175.543
62 462 488.8
63 58 583.748
63 94 543.564
63 109 760.126
63 217 613.781
63 260 468.102
63 344 398.299
63 397 393.328
63 446 1956.93
64 31 148.038
64 43 159.317
64 53 141.1
64 186 219.673
64 285 142.077
64 286 170.682
64 303 464.462
64 310 163.822
64 390 171.342
64 494 133.443
65 34 235.723
65 124 521.895
65 246 258.093
65 281 191.424
65 306 195.605
65 468 226.654
65 469 615.973
65 485 280.571
66 19 418.764
66 30 553.871
66 87 969.92
66 106 576.186
66 130 3420.32
66 297 385.834
67 38 40.0987
67 57 32.8291
67 78 117.271
67 172 36.9916
67 222 38.1234
67 242 409.597
68 100 250.778
68 155 234.799
68 176 167.438
68 215 187.65
68 241 340.477
68 244 270.87
68 262 157.602
68 264 218.256
68 319 247.689
68 361 173.56
68 367 246.469
68 477 511.5
69 14 227.995
69 18 454.498
69 67 320.419
69 103 302.393
69 235 363.111
69 271 288.156
69 329 322.985
69 374 303.976
69 382 260.186
69 392 500.954
69 493 271.33
70 77 407.492
70 145 117.303
70 345 129.892
70 352 250.106
70 442 399.174
70 474 168.987
71 27 573.18
71 51 528.718
71 92 446.934
71 93 529.936
71 138 488.459
71 181 445.565
71 190 1346.59
71 191 1708.58
71 237 522.971
71 255 423.295
71 274 635.19
71 327 979.218
71 400 489.502
71 410 589.207
71 450 458.117
71 461 545.588
72 12 2.84334
72 58 3.20929
72 149 26.1889
72 176 4.33389
72 215 2.96045
72 217 2.46141
72 260 3.93358
72 264 3.74777
72 340 3.25979
72 361 2.59322
72 367 3.87851
73 23 485.662
73 88 320.622
73 89 283.722
73 288 408.086
73 395 377.215
73 443 301.709
73 499 839.807
74 87 289.763
74 121 1669.84
74 122 393.049
74 137 587.194
74 357 319.329
74 380 385.229
75 13 432.225
75 67 144.232
75 127 148.3
75 152 312.264
75 226 858.093
75 230 162.351
75 243 268.996
75 257 224.741
75 271 155.694
75 398 245.884
75 454 205.842
75 460 181.303
76 29 763.339
76 100 304.709
76 113 301.158
76 173 321.497
76 176 333.278
76 215 533.026
76 244 302.904
76 264 363.417
76 319 409.181
76 340 341.822
76 367 308.564
77 66 380.141
77 160 462.835
77 179 385.909
77 200 576.557
77 229 542.384
77 240 581.563
77 277 1274.85
77 313 601.461
77 476 543.351
77 496 1034.2
78 171 856.386
78 256 320.514
78 350 288.746
78 365 362.203
78 424 416.73
79 44 325.283
79 59 425.334
79 96 344.444
79 99 392.089
79 111 405.618
79 123 329.287
79 321 354.642
79 437 4203.58
80 185 448.647
80 203 348.637
80 307 460.191
80 378 299.118
80 420 474.566
81 8 261.037
81 159 392.162
81 189 763.083
81 256 378.718
81 421 601.357
82 10 103.527
82 48 140.657
82 168 196.586
82 204 119.861
82 291 71.5625
82 453 219.351
82 457 68.8085
82 464 81.8062
82 482 73.2977
83 100 495.964
83 149 433.475
83 155 462.622
83 176 544.928
83 215 575.113
83 241 626.913
83 244 523.396
83 264 763.4
83 319 515.563
83 361 549.94
83 367 964.338
83 477 795.229
84 103 108.947
84 230 104.718
84 323 106.754
84 329 110.472
84 481 208.081
85 23 220.596
85 89 259.994
85 91 295.616
85 178 350.064
85 370 231.872
85 425 268.996
86 70 91.4586
86 79 79.555
86 80 404.799
86 92 1117.47
86 95 81.4144
86 138 192.991
86 181 464.231
86 190 118.348
86 191 88.5417
86 255 104.863
86 274 141.627
86 327 143.347
86 422 273.556
87 193 2623.25
87 220 450.877
87 310 736.404
87 314 631.071
88 10 457.106
88 17 826.349
88 56 468.238
88 68 446.801
88 218 501.77
88 251 1209.71
88 351 11490.3
88 482 762.794
89 124 336.026
89 196 1092.3
89 246 305.479
89 268 401.098
89 306 730.5
89 436 1280.26
89 468 333.545
89 485 362.134
90 5 728.215
90 24 470.2
90 96 401.714
90 158 480.03
90 216 551.044
90 449 635.87
90 452 453.033
90 486 423.077
91 15 470.12
91 25 31458.8
91 65 507.648
91 86 695.728
91 100 529.377
91 154 475.055
91 155 659.087
91 241 420.945
91 244 515.218
91 262 520.044
91 295 709.085
91 319 416.786
91 363 633.004
91 477 392.88
92 120 59.4871
92 166 243.776
92 401 90.5505
92 415 69.2729
92 462 141.985
93 21 672.564
93 49 566.415
93 107 489.331
93 330 380.961
93 426 413.563
93 430 352.525
93 483 970.238
94 45 738.36
94 70 630.626
94 79 1588.76
94 80 426.505
94 95 4583.02
94 117 540.705
94 138 396.334
94 255 395.562
94 422 481.971
95 9 1868.94
95 28 407.765
95 52 387.182
95 76 326.874
95 101 769.799
95 119 334.142
95 300 615.436
95 338 1719.51
95 366 426.727
95 466 329.571
96 2 875.429
96 14 353.318
96 20 7114.99
96 143 490.071
96 150 410.605
96 297 363.282
96 408 395.461
96 438 518.922
96 441 539.114
96 494 415.861
97 62 461.533
97 210 337.506
97 318 533.691
97 320 376.759
97 419 326.113
97 471 405.948
98 27 648.666
98 32 434.522
98 51 1046.68
98 81 411.457
98 93 1121.08
98 190 524.287
98 191 724.901
98 274 389.296
98 327 442.232
98 400 587.973
98 410 1370.47
98 461 1082.52
99 32 296.02
99 54 379.902
99 126 264.897
99 132 633.895
99 175 499.251
99 214 252.462
99 290 1386.58
99 328 343.883
99 332 269.395
99 407 248.478
100 116 84.3933
100 122 72.3188
100 167 73.3408
100 184 72.9104
100 248 74.0414
100 333 312.625
100 355 76.7106
100 357 89.6821
100 416 93.5697
100 427 119.748
101 1 415.675
101 39 512.225
101 94 431.969
101 108 476.056
101 114 640.006
101 148 490.993
101 163 1060.75
101 187 425.375
101 334 461.473
101 368 786.129
102 33 684.275
102 57 429.231
102 60 803.318
102 208 437.025
102 291 491.04
102 358 620.617
102 457 946.137
103 10 101.339
103 17 106.243
103 218 106.042
103 251 123.065
103 351 171.243
103 482 168.19
104 171 365.804
104 256 105.536
104 284 80.1809
104 317 87.7982
104 350 91.6397
104 365 156.524
104 424 193.183
105 42 486.06
105 83 289.605
105 135 501.67
105 157 444.002
105 233 473.094
105 304 603.794
105 317 387.233
105 403 357.756
105 413 426.524
105 448 704.15
106 133 753.198
106 198 348.154
106 210 651.085
106 232 460.988
106 268 1280.91
106 436 399.268
107 16 213.751
107 112 377.142
107 231 237.847
107 265 170.781
107 432 183.643
108 17 244.567
108 53 129.14
108 68 230.53
108 182 167.892
108 218 804.241
108 220 128.305
108 261 147.862
108 296 227.474
108 351 144.576
109 11 33.6546
109 25 28.8602
109 74 28.539
109 86 64.682
109 239 29.6436
109 262 33.0497
109 354 56.5001
109 402 27.1874
109 404 26.85
110 127 215.741
110 230 318.947
110 326 674.218
110 330 406.234
110 430 229.276
110 481 265.043
111 129 11.8708
111 136 13.7114
111 270 8.58075
111 381 7.26608
112 118 131.907
112 124 452.943
112 196 170.601
112 246 318.082
112 306 297.606
112 436 147.764
112 468 295.848
112 469 200.962
112 485 239.15
113 45 413.334
113 79 221.627
113 117 831.443
114 157 235.654
114 171 226.375
114 284 235.181
114 317 530.165
114 365 563.864
114 424 466.635
115 17 704.471
115 56 354.952
115 68 330.382
115 125 276.594
115 218 317.825
115 251 619.542
115 351 1640.81
115 482 355.252
116 45 329.944
116 70 122.866
116 79 159.938
116 95 135.044
116 117 2777.21
117 5 288.92
117 35 412.88
117 55 1676.34
117 216 311.902
117 318 420.503
117 320 584.867
117 419 299.405
117 471 562.979
118 66 906.387
118 98 955.553
118 128 347.031
118 179 429.914
118 200 364.654
118 229 369.942
118 240 386.699
118 253 673.196
118 383 595.943
119 17 306.01
119 53 372.488
119 68 316.21
119 73 270.485
119 104 363.846
119 182 654.657
119 186 286.474
119 218 782.994
119 261 524.055
119 296 496.967
119 431 296.058
119 489 379.17
120 356 451.983
120 412 667.137
121 70 154.408
121 79 129.61
121 117 151.731
121 131 189.305
121 255 126.451
122 131 730.374
122 311 423.748
122 433 406.036
122 470 3596.66
123 15 392.711
123 25 379.697
123 100 1300.36
123 154 404.557
123 155 847.934
123 215 430.326
123 241 724.298
123 244 1471.01
123 262 384.996
123 264 429.424
123 295 461.125
123 319 1422.79
123 363 413.871
123 367 435.845
123 477 992.983
124 27 478.865
124 32 688.195
124 51 664.303
124 93 610.119
124 214 920.558
124 290 422.757
124 328 569.298
124 352 701.634
124 410 581.657
124 461 651.065
124 474 596.76
125 168 44.4598
125 284 51.8986
125 445 160.741
125 464 52.5841
126 120 134.254
126 166 26.9421
126 401 46.5983
126 462 45.1601
127 29 256.594
127 72 896.721
127 113 605.68
127 139 493.144
127 173 423.583
127 293 362.008
127 313 368.26
127 417 248.804
127 439 939.729
128 32 329.389
128 54 251.034
128 132 1189.63
128 175 269.413
128 290 567.124
128 328 230.195
129 2 310.486
129 20 374.083
129 43 418.184
129 143 993.978
129 285 334.377
129 286 530.01
129 303 294.878
129 390 257.94
129 408 300.2
129 441 770.605
129 494 1954.57
130 12 337.139
130 58 755.791
130 94 268.075
130 109 294.733
130 149 251.016
130 217 740.42
130 260 493.652
130 344 285.95
130 446 1207.03
131 129 310.568
131 136 252.819
131 270 392.221
131 381 273.293
132 60 140.36
132 180 331.995
132 208 125.799
132 223 226.496
132 292 128.069
132 358 127.086
133 94 24.0614
133 109 13.1858
133 250 16.6978
133 312 14.4002
133 322 22.0843
133 347 27.8616
133 375 15.617
133 397 34.1456
134 78 552.199
134 83 402.475
134 135 401.772
134 172 1346
134 242 523.212
134 413 396.639
134 464 522.49
135 9 2.5012
135 101 2.19984
135 119 10.7639
135 366 3.19849
135 475 4.07492
136 172 12.6445
136 284 12.0664
136 445 115.148
136 464 16.7368
137 10 685.306
137 48 760.075
137 168 1949.27
137 204 391.296
137 251 365.78
137 291 327.401
137 453 4246.16
137 482 440.915
138 70 414.808
138 79 239.494
138 81 322.765
138 138 357.164
138 190 239.161
138 191 259.508
138 234 222.845
138 255 801.714
138 274 384.902
138 327 219.367
138 400 254.463
138 422 273.869
138 433 275.114
139 188 841.645
139 248 433.055
139 250 423.806
139 258 692.35
139 375 363.363
139 386 6863.36
139 414 730.532
139 416 364.864
139 440 735.93
140 64 151.166
140 196 343.96
140 263 119.49
140 306 170.329
140 396 122.543
140 436 318.072
141 41 1326.59
141 44 429.45
141 59 360.071
141 183 831.211
141 221 320.651
141 339 523.022
141 369 595.393
141 393 644.512
141 394 1334.45
141 399 364.147
142 131 36.2455
142 234 19.5001
142 433 22.0586
142 470 54.6883
142 484 19.1956
143 8 576.533
143 171 452.824
143 256 532.161
143 284 678.037
143 365 314.228
143 424 343.399
144 168 446.638
144 445 709.735
144 453 377.534
144 464 401.154
145 38 55.7349
145 78 58.0155
145 83 63.1379
145 135 46.6498
145 172 49.6518
145 242 88.0601
145 413 49.4277
146 9 151.625
146 28 101.546
146 101 121.374
146 119 445.473
146 338 107.375
146 366 245.262
146 475 212.749
147 12 181.227
147 47 275.531
147 109 182.321
147 142 202.894
147 194 218.53
147 217 222.381
147 336 315.162
147 344 672.405
147 417 213.348
147 451 307.234
148 3 232.378
148 46 215.584
148 97 217.101
148 359 146.367
148 362 169.051
148 388 366.247
149 108 399.004
149 114 329.782
149 148 337.407
149 247 334.126
149 447 378.145
149 458 334.623
149 492 361.577
150 47 253.795
150 142 257.282
150 194 229.948
150 348 1779.8
150 406 167.643
150 451 248.428
150 459 408.161
150 495 370.336
151 165 847.381
151 205 575.857
151 212 2576.8
151 239 412.978
151 287 421.804
151 325 2125.26
151 373 638.744
151 404 474.999
151 472 481.293
151 487 452.05
152 161 463.394
152 299 415.894
152 311 426.638
152 480 481.074
153 156 871.095
153 227 1578.95
154 2 1957.58
154 14 1075.37
154 18 534.806
154 20 813.056
154 143 451.538
154 235 521.267
154 408 1263.29
154 438 567.502
154 441 455.502
154 494 470.124
155 73 109.776
155 197 130.541
155 380 102.558
155 482 92.2096
156 87 295.286
156 121 1887.61
156 122 313.246
156 137 562.731
156 357 264.811
156 380 272.885
156 385 248.274
157 4 73.3111
157 6 73.0747
157 90 91.9139
157 112 77.1879
157 225 71.9261
157 265 79.0149
157 372 124.796
157 423 73.7837
157 456 112.51
158 78 299.297
158 83 310.513
158 135 307.103
158 172 601.591
158 242 312.94
158 413 304.422
158 448 241.493
158 464 272.886
159 41 95.1989
159 144 107.388
159 164 132.785
159 201 110.894
159 221 422.978
159 369 214.539
159 394 120.7
159 399 432.178
159 435 143.332
160 94 828.362
160 109 325.151
160 250 363.2
160 322 439.982
160 347 530.143
160 375 358.114
160 397 642.96
160 446 344.758
161 269 331.054
161 395 660.863
161 463 877.921
161 474 403.179
162 23 256.514
162 88 225.086
162 288 440.38
162 324 274.582
162 395 1326.99
162 443 384.639
162 463 274.675
162 499 372.314
163 74 556.69
163 91 365.622
163 162 309.798
163 354 253.212
163 425 425.554
163 465 563.511
164 0 1936.96
164 33 338.356
164 60 335.453
164 85 1293.29
164 258 335.519
164 294 3164.62
164 377 496.262
164 428 427.523
164 440 323.125
164 466 415.977
165 100 501.52
165 149 379.371
165 155 457.788
165 176 493.206
165 215 544.596
165 241 605.436
165 244 531.285
165 264 688.941
165 319 527.625
165 361 458.859
165 367 821.765
165 477 794.597
166 53 157.577
166 104 96.896
166 182 128.988
166 186 155.459
166 218 83.2173
166 261 393.504
166 296 99.3749
166 390 98.5411
166 431 109.539
166 489 245.796
167 34 266.566
167 161 654.123
167 202 349.195
167 281 244.003
167 299 658.793
167 311 348.149
168 65 378.817
168 66 447.761
168 98 525.735
168 128 1275.29
168 179 408.968
168 253 396.699
168 266 578.169
168 383 308.696
169 90 300.387
169 174 128.458
169 226 104.374
169 243 119.067
169 257 158.148
169 289 140.359
169 331 172.058
169 372 104.538
169 398 137.337
169 497 282.792
170 36 679.415
170 50 347.776
170 64 399.104
170 75 322.532
170 82 337.947
170 136 518.154
170 282 1110.02
170 301 367.499
170 343 1008.17
170 360 574.569
170 389 359.369
170 490 1512.24
171 18 293.719
171 61 376.518
171 71 285.566
171 103 311.417
171 329 260.014
171 374 699.6
171 392 924.329
171 415 239.191
171 493 654.186
172 39 217.647
172 41 178.983
172 108 262.128
172 183 227.145
172 339 276.661
172 393 237.341
173 45 305.45
173 70 66.447
173 79 92.5736
173 95 82.1527
173 117 454.595
174 73 409.296
174 104 1338.49
174 182 847.11
174 218 257.675
174 261 307.266
174 390 263.139
174 431 757.721
174 489 540.576
175 9 200.903
175 28 119.905
175 101 144.003
175 119 349.248
175 338 132.594
175 366 257.451
175 475 206.144
176 34 231.255
176 161 3728.69
176 202 420.133
176 281 245.195
176 299 486.51
176 311 382.439
177 15 134.239
177 29 140.697
177 65 86.1926
177 100 90.9318
177 154 137.689
177 179 73.9108
177 244 86.765
177 295 100.59
177 319 116.745
177 363 102.913
178 27 66.9999
178 51 28.3658
178 63 18.5325
178 93 24.3889
178 237 23.3467
178 345 41.2065
178 352 32.9837
178 410 27.0629
178 461 29.9694
179 39 182.721
179 41 582.569
179 108 159.799
179 183 335.698
179 187 151.831
179 339 246.41
179 369 202.498
179 393 266.288
179 394 221.885
179 399 158.228
180 22 1021.4
180 35 587.71
180 102 368.098
180 265 396.113
180 376 604.458
180 432 520.425
180 452 392.107
181 17 421.897
181 53 554.074
181 68 437.938
181 73 396.503
181 104 545.682
181 182 1008.77
181 186 428.786
181 218 1012.21
181 261 807.884
181 296 701.036
181 431 446.638
181 489 583.323
182 36 603.6
182 50 312.669
182 129 230.215
182 136 530.448
182 282 338.254
182 301 285.912
182 343 366.719
182 360 243.352
182 389 231.466
182 490 382.308
183 0 214.901
183 85 297.227
183 180 454.165
183 188 481.486
183 248 521.482
183 258 517.992
183 294 253.931
183 386 279.157
183 414 226.989
183 416 258.724
183 440 520.861
184 23 330.977
184 91 363.146
184 178 1474.4
184 283 299.133
184 305 366.096
184 353 444.803
184 370 1411.87
184 425 420.413
184 467 529.239
185 131 24.4491
185 311 28.8083
185 371 27.9999
185 480 39.6916
186 15 392.184
186 25 4113.39
186 65 414.216
186 86 740.658
186 100 479.203
186 154 396.663
186 155 624.549
186 241 406.471
186 244 469.994
186 262 534.52
186 295 573.425
186 319 372.945
186 363 512.41
186 477 373.012
187 63 322.271
187 77 319.379
187 145 1316.61
187 252 535.693
187 280 440.111
187 298 335.372
187 341 764.668
187 345 296.673
187 442 301.794
187 479 278.832
188 37 206.921
188 62 262.845
188 210 255.022
188 232 221.176
188 318 277.037
188 411 213.919
188 419 211.122
188 471 223.657
189 70 44.9307
189 79 45.2151
189 80 111.433
189 92 65.6411
189 95 50.3384
189 138 56.6245
189 181 56.2916
189 190 30.1932
189 255 39.53
189 274 39.8249
189 327 33.02
189 422 111.061
190 12 537.794
190 58 461.124
190 109 258.032
190 217 2346.2
190 260 388.297
190 336 287.631
190 340 266.056
190 344 504.817
190 446 459.61
191 371 308.497
192 117 93.6475
192 131 190.843
193 43 302.133
193 73 276.825
193 104 456.464
193 182 368.797
193 186 270.851
193 261 305.271
193 285 377.058
193 286 252.426
193 385 269.318
193 390 508.145
193 431 1440.83
193 489 773.158
194 36 163.743
194 50 241.883
194 118 413.662
194 196 187.542
194 246 253.663
194 301 309.679
194 306 222.173
194 468 305.609
194 498 180.412
195 5 141.887
195 22 151.69
195 24 107.88
195 35 169.171
195 102 151.714
195 158 158.163
195 216 110.221
195 276 99.6798
195 376 120.991
195 449 159.899
195 452 326.201
196 54 8.5245
196 126 17.9202
196 132 7.62574
196 175 11.7841
196 214 8.27832
196 269 9.99331
196 290 11.5466
196 328 12.3456
196 332 16.8563
197 19 455.335
197 87 415.03
197 106 3087.35
197 130 818.732
197 272 445.984
197 429 421.407
198 135 242.107
198 157 253.848
198 317 428.153
198 365 355.281
198 424 317.047
198 445 241.978
198 448 253.827
199 77 1237.06
199 88 241.5
199 145 388.741
199 252 276.526
199 341 303.638
199 345 270.694
199 352 292.02
199 442 1044.96
199 474 230.111
200 61 73.6703
200 166 75.1673
200 374 66.2122
200 415 220.795
200 493 70.1573
201 110 66.933
201 206 70.7448
201 228 71.7908
201 335 51.1131
201 379 50.2046
202 131 33.0657
202 470 8.10813
203 57 102.835
203 119 133.593
203 222 122.768
203 475 183.916
204 7 712.776
204 13 366.925
204 140 1060.58
204 192 519.652
204 257 596.617
204 289 580.3
204 302 448.407
204 331 659.523
204 337 342.268
204 382 358.343
204 438 384.771
204 497 476.888
205 371 204.293
205 480 977.292
206 94 97.7508
206 109 30.8832
206 250 32.2347
206 322 37.3349
206 347 43.8771
206 375 32.5675
206 397 52.259
206 446 34.4935
207 8 308.558
207 56 186.027
207 69 280.595
207 125 230.504
207 159 475.409
207 189 439.817
207 256 262.638
207 284 192.814
207 421 424.331
207 444 174.437
208 168 233.005
208 284 241.104
208 445 846.845
208 464 281.099
209 54 1198.78
209 62 171.628
209 132 210.9
209 175 487.226
209 198 236.462
209 290 185.514
209 332 206.086
209 407 872.231
210 85 238.944
210 180 512.035
210 188 323.725
210 248 389.769
210 258 338.807
210 294 207.174
210 386 202.663
210 416 204.744
210 440 338.916
211 41 995.98
211 44 242.753
211 59 218.18
211 183 638.501
211 339 360.634
211 369 314.893
211 393 457.889
211 394 578.002
211 399 204.011
212 16 297.567
212 177 307.086
212 231 174.663
212 259 284.306
212 315 196.574
212 316 148.427
212 376 143.076
212 432 212.9
213 24 670.743
213 102 478.44
213 158 478.332
213 177 383.175
213 276 1260.81
213 315 574.254
213 376 309.263
213 434 896.468
213 449 391.911
213 452 316.663
214 13 788.097
214 67 576.874
214 152 1843.19
214 226 566.946
214 230 542.194
214 243 369.77
214 271 561.612
214 326 371.193
214 329 375.404
214 382 407.113
214 460 1128.36
215 20 335.063
215 43 651.141
215 143 785.497
215 150 327.084
215 285 694.205
215 286 562.946
215 385 461.526
215 390 415.284
215 441 849.136
215 494 496.342
216 3 174.252
216 46 148.134
216 97 149.308
216 362 135.641
216 388 295.026
217 64 132.53
217 196 1178.15
217 246 131.21
217 268 143.478
217 306 276.972
217 436 682.755
217 468 146.918
218 74 255.194
218 86 232.188
218 162 255.822
218 262 293.597
218 354 405.419
218 447 196.634
219 26 137.763
219 37 157.33
219 40 175.785
219 75 104.744
219 82 78.4789
219 146 133.647
219 147 259.273
219 151 95.88
219 153 167.514
219 219 151.707
219 263 88.9077
219 360 66.2589
219 362 68.3716
219 384 301.614
219 396 88.829
219 411 145.7
219 419 102.136
219 473 193.809
220 15 324.215
220 25 586.376
220 65 284.295
220 86 286.376
220 100 666.988
220 154 333.997
220 155 943.63
220 241 349.108
220 244 629.031
220 262 311.789
220 295 542.123
220 319 412.836
220 363 429.703
220 477 341.222
221 2 81.7091
221 7 122.431
221 14 59.1595
221 18 55.3306
221 20 58.2148
221 140 59.3523
221 235 94.7875
221 271 57.241
221 382 89.6114
221 408 53.762
221 438 104.402
222 72 2102.15
222 113 433.445
222 139 583.885
222 173 324.367
222 293 283.727
222 313 514.853
222 439 782.827
223 73 74.562
223 121 62.5157
223 122 66.2522
223 184 73.5816
223 197 97.1313
223 292 86.2745
223 380 356.824
225 3 400.976
225 40 257.421
225 75 283.055
225 82 6742.86
225 147 357.202
225 151 272.734
225 153 241.281
225 219 322.379
225 263 229.592
225 282 309.383
225 343 228.311
225 360 499.298
225 362 259.875
225 384 304.287
225 389 240.942
225 473 322.858
225 490 292.847
226 19 1140.11
226 30 531.596
226 84 2558.83
226 140 448.67
226 150 530.108
226 192 712.603
226 225 464.542
226 289 401.509
226 297 609.651
226 302 872.491
226 337 1780.47
226 438 388.414
227 199 267.406
227 230 248.505
227 249 256.2
227 309 227.106
227 323 405.842
227 326 321.34
227 330 257.493
227 430 564.002
227 481 328.497
228 9 163.519
228 28 136.952
228 52 156.603
228 76 342.92
228 101 136.209
228 300 153.067
228 312 246.75
228 338 249.813
228 428 167.746
228 466 156.454
229 2 362.28
229 7 376.322
229 19 422.021
229 20 493.026
229 30 611.548
229 84 493.43
229 140 361.592
229 150 1247.35
229 192 481.95
229 297 1274.23
229 302 512.293
229 337 594.363
229 438 543.682
230 4 529.748
230 6 795.616
230 265 260.921
230 423 284.487
230 456 377.406
231 8 415.937
231 56 663.725
231 69 1420.58
231 125 823.482
231 159 725.954
231 189 490.549
231 418 517.922
231 421 516.642
231 444 370.966
232 17 289.656
232 53 360.432
232 68 445.74
232 182 246.002
232 186 231.886
232 218 398.595
232 220 394.988
232 261 351.529
232 296 2030.99
233 129 891.336
233 136 867.619
233 270 422.683
233 381 371.534
233 389 378.998
234 9 1052.55
234 28 406.016
234 52 407.49
234 76 377.995
234 101 619.373
234 300 584.783
234 338 2678.67
234 366 356.3
234 428 350.518
234 466 350.881
235 87 141.179
235 121 656.803
235 137 148.59
235 380 102.196
235 385 139.525
236 161 285.899
236 311 403.6
236 470 219.614
236 480 270.727
237 124 348.283
237 133 412.646
237 196 431.71
237 268 868.892
237 306 395.572
237 436 548.955
237 485 479.743
238 91 85.1191
238 162 58.1881
238 178 121.04
238 247 58.9033
238 305 78.5601
238 353 77.1586
238 370 116.88
238 425 110.919
238 465 55.3992
238 467 117.558
239 90 268.313
239 174 580.406
239 372 408.69
239 423 333.928
239 497 159.651
240 31 1043.65
240 71 365.852
240 224 1157.83
240 488 1668.56
241 33 537.492
241 57 834.728
241 60 416.143
241 457 507.965
242 118 449.695
242 124 716.179
242 246 976.666
242 306 485.9
242 468 757.661
242 469 608.279
242 485 450.803
243 44 436.29
243 59 260.464
243 96 233.419
243 321 1416.94
243 434 222.565
243 437 237.77
244 148 376.859
244 241 367.284
244 361 645.734
244 447 570.716
244 458 2022.98
244 492 3869.23
245 42 62.4007
245 83 99.5271
245 135 319.228
245 157 51.9918
245 233 131.866
245 304 318.822
245 403 87.1101
245 413 241.429
245 448 547.319
246 17 619.249
246 56 1636.34
246 68 581.358
246 69 782.136
246 125 750.779
246 251 435.153
246 351 475.996
246 418 954.597
247 70 640.595
247 79 378.477
247 80 447.278
247 92 451.206
247 95 324.55
247 138 1372.48
247 181 383.701
247 190 341.102
247 191 301.701
247 255 895.786
247 274 674.412
247 327 345.97
247 422 1007.33
248 106 518.159
248 130 280.328
248 272 326.571
248 429 205.802
249 61 2640.75
249 71 792.656
249 224 315.914
249 374 593.991
249 392 338.88
249 493 698.165
250 50 363.378
250 118 1072.63
250 246 536.437
250 301 342.118
250 468 515.164
250 498 566.099
251 54 33.0608
251 132 35.478
251 198 47.8928
251 207 41.6908
251 407 31.6531
251 478 35.6843
252 126 436.944
252 175 353.547
252 211 533.669
252 269 481.987
252 332 1140.41
253 2 214.999
253 7 520.91
253 14 144.556
253 20 165.265
253 140 196.891
253 192 163.304
253 235 208.998
253 271 144.546
253 302 149.448
253 382 216.302
253 438 366.637
254 52 31.2187
254 101 18.6955
254 194 19.7136
254 300 25.1006
254 348 17.3093
254 406 59.7675
254 495 34.6257
255 36 109.614
255 40 82.5318
255 64 193.225
255 75 122.456
255 82 83.4668
255 219 95.7184
255 263 119.102
255 282 248.978
255 301 82.6459
255 343 399.869
255 360 160.253
255 396 111.158
255 473 85.2563
255 490 204.638
256 161 210.256
256 202 129.669
256 299 206.154
256 311 146.653
257 50 111.252
257 118 170.728
257 196 139.67
257 246 163.822
257 301 143.452
257 306 174.336
257 436 102.701
257 468 210.773
258 31 938.334
258 71 234.901
258 224 1330.36
258 303 337.794
258 488 817.46
259 34 269.858
259 124 1146.47
259 196 266.663
259 246 298.189
259 268 269.2
259 281 288.54
259 306 345.887
259 436 262.621
259 468 287.5
259 469 571.107
259 485 2299.04
260 211 355.929
260 332 92.1502
260 486 123.189
261 115 583.539
261 116 770.617
261 144 857.876
261 164 1020.29
261 167 979.733
261 201 1755.09
261 316 537.287
261 355 504.686
261 435 704.506
262 31 369.945
262 43 364.085
262 186 387.587
262 224 326.561
262 285 314.397
262 286 407.402
262 303 2040.77
262 310 313.978
262 390 356.904
262 488 321.84
262 494 329.961
263 100 559.951
263 155 522.334
263 176 431.294
263 215 478.357
263 241 742.223
263 244 600.053
263 264 573.299
263 319 564.745
263 361 443.967
263 367 661.806
263 477 1046.41
264 23 159.172
264 111 210.402
264 123 236.202
264 267 211.327
264 288 392.289
264 324 379.041
264 395 309.336
264 405 200.704
264 443 580.008
264 463 165.55
264 499 207.975
265 24 403.491
265 96 821.148
265 99 575.306
265 449 415.198
266 62 538.325
266 210 342.812
266 232 339.298
266 318 385.027
266 320 298.518
266 471 307.031
267 50 188.124
267 118 149.858
267 301 135.384
267 498 412.9
268 8 604.583
268 56 168.428
268 69 176.616
268 125 242.785
268 159 179.418
268 189 171.935
268 256 221.74
268 284 336.34
268 421 167.518
269 80 52.8154
269 92 105.772
269 138 35.0745
269 181 182.339
269 190 34.4706
269 191 24.4334
269 255 22.4392
269 274 31.5593
269 327 45.9266
269 422 38.2315
269 450 24.2826
270 39 441.135
270 41 438.079
270 108 489.497
270 183 576.784
270 339 697.852
270 393 593.919
271 61 101.322
271 71 81.2548
271 224 76.0053
271 488 75.0629
271 493 68.3828
272 16 116.786
272 22 144.329
272 24 146.22
272 102 242.735
272 158 167.985
272 177 194.024
272 276 215.311
272 315 199.019
272 376 297.204
272 432 172.832
272 434 126.279
272 449 128.671
272 452 151.938
273 155 436.653
273 241 766.841
273 244 419.691
273 262 460.694
273 361 695.055
273 367 460.591
273 447 412.066
273 458 742.683
273 477 759.18
273 492 727.62
274 57 577.922
274 78 528.979
274 204 448.961
274 242 346.033
274 457 366.55
275 23 237.787
275 88 308.301
275 89 259.653
275 288 170.794
275 395 181.923
275 491 169.605
275 499 281.555
276 41 2300.93
276 44 457.495
276 183 852.361
276 221 485.907
276 339 586.585
276 369 1099.2
276 393 678.125
276 394 1412.75
276 399 627.382
277 47 249.134
277 109 361.813
277 194 302.191
277 217 290.438
277 336 233.88
277 344 515.482
277 446 272.989
277 451 297.124
278 91 256.453
278 162 291.363
278 178 361.666
278 247 401.763
278 273 256.073
278 283 251.182
278 305 660.048
278 353 510.877
278 370 458.581
278 425 309.732
278 467 1542.15
279 26 1110.67
279 37 738.707
279 40 290.458
279 146 706.47
279 147 352.457
279 151 321.805
279 153 595.013
279 219 260.74
279 318 253.078
279 384 437.9
279 411 356.374
279 419 818.401
279 471 278.551
279 473 290.067
280 70 78.5324
280 81 224.733
280 191 77.0901
280 234 139.243
280 255 105.517
280 274 83.2292
280 400 121.144
280 433 211.384
280 478 77.0834
280 484 126.641
281 16 203.346
281 144 88.7752
281 177 164.081
281 231 134.037
281 259 278.279
281 315 111.782
281 316 121.615
281 429 90.5357
281 432 118.317
282 166 510.075
282 415 1951.08
282 462 308.136
283 21 297.673
283 107 418.663
283 185 218.09
283 307 192.329
283 349 193.937
283 378 199.243
283 420 265.772
283 483 198.492
284 46 507.956
284 97 418.531
284 129 434.215
284 136 300.674
284 169 545.899
284 254 297
284 389 616.17
285 27 291.587
285 63 342.077
285 77 319.574
285 145 438.643
285 237 259.697
285 341 218.315
285 345 1143.06
285 352 329.478
285 442 295.468
286 185 121.885
286 378 71.5142
286 420 76.6074
287 129 1090.27
287 136 362.301
287 270 498.862
287 381 522.68
287 389 286.349
288 23 559.203
288 88 174.582
288 89 297.499
288 178 242.251
288 288 194.548
288 370 201.866
288 499 352.322
289 47 1785.86
289 142 810.889
289 194 634.033
289 336 478.807
289 344 552.079
289 348 534.578
289 417 460.86
289 451 2054.65
289 459 660.605
289 495 401.107
290 112 1514.95
290 225 453.42
290 265 503.587
290 456 389.504
291 70 134.277
291 81 300.792
291 138 152.738
291 190 139.724
291 191 173.56
291 234 148.52
291 255 227.221
291 274 191.115
291 327 121.22
291 400 218.877
291 422 116.024
291 433 178.825
291 484 139.743
292 50 165.569
292 118 219.82
292 301 132.227
292 498 821.927
293 26 330.657
293 37 242.595
293 55 324.653
293 146 306.331
293 153 260.033
293 318 243.886
293 320 237.914
293 419 312.055
293 471 301.626
294 0 553.132
294 9 468.078
294 28 1108.57
294 33 409.293
294 76 586.068
294 294 457.387
294 312 409.393
294 338 593.385
294 377 713.95
294 428 2445.98
294 466 3217.54
295 120 421.971
295 249 379.088
295 455 478.444
296 220 140.814
296 409 210.456
296 444 87.4571
297 412 1241.97
298 9 288.026
298 52 511.724
298 101 382.515
298 300 692.405
298 338 334.966
298 406 314.59
299 144 6.92838
299 177 14.0261
299 221 8.6682
299 259 6.70214
299 315 12.046
299 316 7.21225
299 434 6.54866
300 53 495.993
300 104 189.191
300 182 244.508
300 186 467.614
300 218 180.599
300 261 1502.74
300 296 245.602
300 310 181.979
300 390 215.838
300 431 212.752
300 489 413.662
301 165 228.14
301 205 369.93
301 212 143.736
301 228 171.345
301 239 266.159
301 266 153.994
301 325 149.45
301 373 316.828
301 379 158.393
301 404 270.037
301 472 443.141
301 487 343.394
302 89 496.742
302 356 1815.93
302 479 478.079
302 491 1191.2
303 62 189.157
303 210 344.64
303 232 231.244
304 74 393.821
304 162 3119.88
304 247 370.21
304 305 359.57
304 425 346.111
304 447 472.147
304 465 327.265
304 467 366.416
305 39 872.77
305 108 1028.27
305 114 713.515
305 148 496.505
305 163 945.134
305 187 355.19
305 368 506.497
306 110 771.208
306 165 375.617
306 205 395.482
306 206 608.876
306 228 6925.91
306 266 436.599
306 275 651.68
306 335 460.697
306 373 399.722
306 379 1211.76
306 387 439.321
306 472 370.609
307 116 613.63
307 122 346.443
307 167 592.749
307 272 359.148
307 333 630.856
307 355 403.002
307 357 435.632
307 416 351.834
307 427 464.656
308 52 110.494
308 101 107.569
308 300 119.261
308 406 141.833
308 495 140.423
309 356 472.723
309 412 615.455
310 106 560.318
310 130 417.644
310 137 386.644
310 272 2133.16
310 429 502.684
311 40 399.736
311 64 681.369
311 75 466.317
311 196 435.234
311 219 371.594
311 263 634.574
311 343 340.215
311 396 674.579
311 411 369.002
311 436 451.937
311 473 342.821
312 8 505.36
312 171 498.729
312 256 443.446
312 284 796.6
312 317 305.811
312 365 491.576
312 424 529.26
313 160 1381.17
313 200 444.211
313 229 449.515
313 240 375.49
313 476 172.722
313 496 273.453
314 73 72.2383
314 104 84.1008
314 182 107.176
314 218 51.3204
314 261 34.1107
314 431 43.6163
314 489 39.3878
315 52 368.372
315 76 504.233
315 109 352.372
315 300 288.607
315 312 614.632
315 322 296.991
315 338 316.62
315 397 319.341
316 124 1201.56
316 196 355.702
316 246 417.662
316 268 271.865
316 306 548.922
316 436 328.556
316 468 409.463
316 469 431.156
316 485 788.546
317 103 6.69069
317 120 8.27137
317 166 20.6893
317 401 15.9917
317 415 7.14797
317 462 12.2773
318 31 956.378
318 224 375.844
318 303 238.871
318 314 265.289
318 488 700.793
319 26 631.012
319 37 262.635
319 146 559.042
319 147 209.997
319 151 283.696
319 153 392.16
319 362 210.328
319 384 253.618
319 419 311.381
319 471 191.98
320 252 362.365
320 356 800.25
320 479 679.962
320 491 391.217
321 74 280.033
321 91 272.07
321 162 256.335
321 354 158.459
321 425 350.479
321 465 295.954
321 467 172.627
322 98 212.004
322 110 324.189
322 206 272.541
322 228 254.792
322 245 374.265
322 253 245.768
322 266 279.557
322 275 1031.38
322 335 328.719
322 379 415.395
322 383 213.259
322 387 503.752
323 45 116.897
323 70 2003.52
323 79 273.942
323 80 139.759
323 92 130.27
323 95 183.722
323 117 119.055
323 138 215.99
323 181 116.923
323 255 299.305
323 274 167.839
323 422 217.353
324 28 203.312
324 33 256.542
324 57 511.873
324 377 203.263
324 475 245.033
325 0 684.78
325 76 528.817
325 85 561.557
325 250 498.536
325 258 468.591
325 294 556.217
325 312 493.396
325 322 733.186
325 347 617.087
325 386 395.835
325 397 471.899
325 414 601.808
325 428 478.81
325 440 455.253
325 466 429.751
326 46 345.227
326 97 551.128
326 169 475.755
326 195 518.906
326 254 588.625
326 342 350.964
326 349 354.17
326 359 497.09
327 31 917.561
327 224 580.223
327 303 509.467
327 314 269.401
327 488 651.608
328 24 449.638
328 44 339.548
328 96 410.021
328 158 315.213
328 276 424.908
328 315 347.67
328 321 539.995
328 434 1166.81
328 449 311.247
329 185 164.372
329 378 114.846
329 420 117.438
330 23 65.594
330 89 53.3531
330 91 74.7138
330 178 192.888
330 370 91.2263
330 425 75.814
330 467 52.0821
331 10 690.351
331 48 577.946
331 168 2908.87
331 251 619.03
331 351 405.169
331 453 1395.3
331 482 598.701
332 19 677.888
332 84 908.437
332 140 460.172
332 192 656.881
332 225 891.358
332 289 555.656
332 302 757.863
332 331 443.893
332 337 874.485
332 497 376.595
333 42 563.825
333 83 588.165
333 135 832.901
333 157 424.469
333 233 4286.3
333 304 2243.8
333 403 1386.8
333 413 848.466
333 448 1340.11
334 10 55.7084
334 48 53.187
334 197 153.404
334 208 90.5639
334 223 94.1806
334 291 68.4721
334 292 59.6637
334 358 61.697
334 380 52.9229
335 4 271.818
335 6 323.127
335 26 316.164
335 146 337.658
335 151 327.895
335 153 292.795
335 362 310.418
336 90 896.994
336 225 531.246
336 289 526.857
336 331 505.819
336 372 544.087
336 497 616.561
337 11 420.739
337 25 644.326
337 86 1062.45
337 239 583.564
337 262 484.103
337 354 515.273
337 404 499.337
337 472 439.393
337 487 496.885
338 46 419.269
338 97 914.962
338 169 332.411
338 195 527.256
338 254 359.237
338 342 336.484
338 349 301.699
338 359 573.693
338 388 298.147
339 19 468.082
339 84 380.346
339 106 677.597
339 112 402.956
339 130 386.545
339 225 398.191
339 231 408.937
339 429 377.777
340 32 509.15
340 54 374.799
340 126 329.292
340 132 803.995
340 175 450.751
340 214 374.943
340 290 2947.55
340 328 492.968
341 120 459.859
341 455 412.857
342 62 106.454
342 210 79.8793
342 318 127.718
342 320 89.3399
342 419 78.7449
342 471 97.1455
343 5 166.549
343 96 152.567
343 99 130.256
343 211 142.648
343 216 144.74
343 449 149.598
343 486 135.139
344 134 392.712
344 356 247.327
344 412 248.427
345 96 23.3551
345 99 20.5086
345 111 9.41575
345 123 8.83106
345 321 8.26898
345 405 9.13271
345 437 12.1231
346 57 366.942
346 78 162.997
346 119 172.913
346 222 192.089
346 242 159.281
346 475 235.237
347 47 117.038
347 142 116.833
347 194 116.313
347 348 492.136
347 406 90.7742
347 451 116.914
347 459 173.538
347 495 216.687
348 129 252.725
348 270 637.764
348 381 1456.5
349 77 496.099
349 145 912.688
349 252 1433.06
349 280 559.452
349 298 425.705
349 341 2335.58
349 442 476.008
349 479 563.593
350 44 527.818
350 59 1013.71
350 321 472.986
350 339 296.003
350 393 306.808
350 437 596.679
351 0 306.188
351 76 771.917
351 250 304.877
351 312 1091.2
351 322 991.336
351 347 712.795
351 397 639.716
351 428 337.13
351 466 301.881
352 38 178.246
352 78 165.424
352 83 204.224
352 135 144.598
352 172 142.97
352 242 249.72
352 413 154.56
353 25 845.066
353 86 2697.38
353 100 424.281
353 155 570.745
353 241 486.989
353 244 426.901
353 262 1022.17
353 295 405.189
353 354 512.988
353 477 419.249
354 2 466.949
354 20 860.672
354 30 501.645
354 143 506.407
354 150 999.772
354 297 764.019
354 438 484.819
354 441 589.343
354 494 383.098
355 15 227.06
355 29 486.172
355 72 214.11
355 113 280.304
355 154 228.072
355 173 240.04
355 277 255.482
355 313 287.619
356 15 411.478
356 65 561.528
356 66 1021.29
356 98 457.552
356 128 552.625
356 154 397.69
356 179 1359.5
356 253 347.778
356 277 365.556
356 295 336.402
356 363 377.85
357 23 160.152
357 88 143.208
357 89 595.727
357 178 141.011
357 356 140.729
357 491 229.151
357 499 137.388
358 27 385.837
358 32 373.507
358 51 432.223
358 77 306.316
358 93 388.366
358 214 558.932
358 328 355.034
358 345 331.074
358 352 835.708
358 410 386.373
358 442 303.664
358 461 432.712
358 474 531.236
359 0 721.556
359 76 301.98
359 85 610.861
359 188 274.828
359 250 306.319
359 258 413.474
359 294 581.308
359 322 351.586
359 347 313.83
359 377 276.74
359 386 297.856
359 414 417.475
359 428 343.771
359 440 396.159
359 466 314.164
360 66 179.59
360 98 401.374
360 128 226.314
360 179 135.21
360 245 122.645
360 253 264.328
360 266 225.95
360 275 133.796
360 379 125.433
360 383 178.11
361 120 408.136
361 249 530.76
361 323 362.523
362 31 492.232
362 43 499.026
362 143 513.128
362 224 595.587
362 285 407.251
362 286 627.562
362 303 844.908
362 408 446.141
362 441 457.505
362 488 458.575
362 494 783.178
363 46 381.367
363 97 552.579
363 195 668.743
363 209 403.807
363 342 484.991
363 346 370.064
363 349 368.564
363 359 853.113
363 388 738.47
364 51 476.313
364 81 967.839
364 93 523.782
364 138 451.577
364 190 590.514
364 191 914.656
364 234 481.834
364 255 514.824
364 274 593.045
364 327 481.714
364 400 1529.02
364 410 523.895
364 433 497.813
364 461 472.552
364 484 464.197
365 63 532.525
365 145 396.687
365 252 305.802
365 280 861.457
365 298 1887.65
365 341 340.319
366 135 254.02
366 157 244.048
366 317 382.378
366 365 325.926
366 424 295.091
366 445 264.845
366 448 261.439
367 36 230.144
367 50 206.155
367 64 431.413
367 75 191.641
367 196 253.37
367 263 223.194
367 282 192.057
367 301 298.297
367 306 199.375
367 343 264.008
367 396 221.733
367 436 212.972
367 490 184.713
368 10 176.892
368 48 404.738
368 168 172.412
368 204 222.744
368 208 156.666
368 291 215.95
368 358 167.565
368 453 213.532
368 457 192.756
369 129 1050.46
369 136 653.389
369 169 303.051
369 389 670.711
370 22 276.228
370 24 1295
370 102 897.616
370 158 2807.97
370 276 848.731
370 315 280.756
370 376 347.964
370 434 375.188
370 449 1209.22
370 452 613.369
371 46 690.901
371 97 3133.43
371 169 350.093
371 195 431.404
371 254 329.95
371 342 306.559
371 349 276.523
371 359 471.259
371 388 367.045
372 63 325.382
372 77 1215.55
372 145 598.562
372 252 327.226
372 341 365.595
372 345 552.268
372 352 562.174
372 442 1001.27
372 474 350.913
373 99 56.6281
373 111 77.5387
373 123 108.524
373 267 202.849
373 269 58.4157
373 288 55.2164
373 324 75.8112
373 395 58.6243
373 405 122.972
373 443 70.1333
373 463 53.1197
374 1 5.58705
374 115 4.11541
374 187 4.00085
374 279 7.36899
374 334 4.46597
374 355 3.52823
374 375 3.3411
374 386 3.24066
374 435 3.26192
375 17 1364.45
375 56 741.248
375 68 1125.52
375 69 495.722
375 125 489.931
375 218 506.787
375 220 426.756
375 251 479.012
375 296 440.481
375 351 630.209
375 418 709.835
376 38 54.6582
376 83 82.1517
376 135 47.2802
376 242 46.2807
376 413 52.6991
377 14 387.189
377 18 369.47
377 61 666.975
377 71 4688.92
377 224 349.381
377 374 506.835
377 392 296.768
377 408 381.364
377 493 535.333
378 38 532.564
378 222 712.182
379 10 217.671
379 48 168.28
379 197 199.623
379 208 183.959
379 223 142.425
379 291 161.78
379 482 202.375
380 34 384.991
380 161 841.277
380 202 490.002
380 299 817.954
380 311 538.598
381 96 197.479
381 99 277.975
381 111 119.718
381 123 127.589
381 267 131.096
381 405 158.616
382 10 63.9265
382 48 96.5728
382 60 63.9879
382 204 78.8152
382 208 135.214
382 223 62.9486
382 291 226.959
382 358 253.803
382 457 215.763
383 161 515.148
383 299 448.288
383 311 490.363
383 480 520.284
384 83 163.655
384 135 216.231
384 172 338.344
384 304 164.336
384 413 196.638
384 445 185.661
384 448 184.131
384 464 184.235
385 9 321.557
385 52 317.627
385 76 275.131
385 101 289.257
385 300 350.439
385 312 231.357
385 338 508.267
385 406 224.216
385 428 196.864
386 9 303.846
386 52 778.385
386 76 322.832
386 101 340.491
386 194 284.417
386 300 484.029
386 312 319.806
386 338 376.819
386 406 451.533
387 8 2476.5
387 125 402.406
387 159 337.954
387 171 324.527
387 189 339.45
387 256 528.617
387 284 925.568
387 421 327.149
388 199 31.3657
388 236 26.5565
388 249 54.46
388 323 29.4704
388 455 20.3226
389 6 121.858
389 174 237.907
389 372 196.421
389 388 119.807
389 423 451.553
390 9 30.0613
390 119 161.326
390 222 29.3359
390 366 42.4385
390 475 84.3279
391 117 321.923
391 131 362.074
391 371 458.641
392 125 429.602
392 168 478.28
392 284 499.506
392 445 878.609
392 464 429.654
393 17 924.2
393 68 1368.86
393 182 338.993
393 218 798.694
393 220 438.245
393 261 347.748
393 296 657.599
393 351 411.446
393 418 358.611
394 10 651.097
394 48 1119.67
394 168 915.281
394 204 773.838
394 208 405.408
394 291 500.74
394 358 412.852
394 453 1165.96
394 457 470.415
394 464 428.934
394 482 426.876
395 19 887.088
395 30 181.782
395 84 825.484
395 192 217.565
395 225 288.36
395 297 180.887
395 302 249.491
395 337 346.449
396 9 448.77
396 101 653.711
396 119 408.493
396 300 455.908
396 366 1344.58
397 5 580.249
397 55 588.052
397 216 860.946
397 318 682.19
397 320 1067.85
397 471 596.208
397 486 882.605
398 115 3.0312
398 116 3.80108
398 144 7.47769
398 164 4.08932
398 167 4.86742
398 201 10.1352
398 316 4.89583
398 429 3.20818
398 435 3.42282
399 43 536.266
399 143 296.704
399 285 841.436
399 286 360.58
399 303 156.108
399 385 223.924
399 390 327.933
399 431 185.017
399 441 285.203
399 489 166.695
399 494 236.166
400 13 401.81
400 127 538.15
400 141 366.462
400 152 376.936
400 226 757.426
400 230 397.909
400 243 733.882
400 257 318.22
400 326 354.198
400 330 313.928
400 398 581.538
400 454 884.999
401 230 408.576
401 323 344.772
401 326 600.002
401 330 376.269
401 430 405.808
401 481 486.246
402 19 372.181
402 106 691.162
402 130 348.116
402 231 351.842
402 429 345.499
403 99 613.05
403 111 1424.61
403 123 814.343
403 267 403.536
403 283 393.019
403 324 632.611
403 405 573.383
403 437 756.255
403 443 438.649
404 11 70.6503
404 134 34.1578
404 212 30.1577
404 239 28.4531
404 278 97.5339
404 287 41.8601
404 325 29.0325
404 402 91.355
404 404 30.1708
405 1 165.932
405 188 209.705
405 250 585.401
405 258 222.704
405 322 171.732
405 334 181.81
405 347 178.187
405 375 388.826
405 386 408.566
405 414 670.875
405 440 225.812
406 4 335.625
406 22 536.463
406 35 838.972
406 55 367.981
406 265 333.811
406 376 329.263
407 2 171.342
407 20 240.894
407 43 283.939
407 143 2030.73
407 150 164.339
407 285 244.194
407 286 309.002
407 390 169.094
407 441 5313.58
407 494 446.994
408 41 457.977
408 44 1174.62
408 59 1075.02
408 183 580.519
408 321 552.615
408 339 528.966
408 369 350.173
408 393 605.63
408 394 556.241
409 53 659.33
409 186 1080.43
409 193 477.017
409 261 521.684
409 303 633.155
409 310 924.593
409 314 445.672
409 390 447.855
409 489 420.861
410 81 139.621
410 234 408.965
410 400 105.565
410 433 271.176
410 470 101.449
410 478 259.935
410 484 450.233
411 96 485.829
411 99 452.899
411 111 215.495
411 123 196.602
411 321 189.119
411 405 199.372
411 437 312.707
412 168 321.885
412 172 541.675
412 204 444.091
412 445 566.521
412 464 2534.99
413 34 185.472
413 124 510.666
413 246 186.362
413 268 212.188
413 281 210.908
413 306 225.626
413 436 187.447
413 469 345.649
413 485 4296.35
414 80 570.671
414 92 528.332
414 138 201.919
414 181 651.985
414 190 162.891
414 274 168.616
414 327 195.302
414 422 261.74
415 21 420.468
415 107 346.732
415 127 550.333
415 141 649.404
415 209 365.027
415 326 343.398
415 330 668.223
415 342 392.622
415 346 605.443
415 349 363.609
415 454 338.648
416 128 138.592
416 165 165.235
416 205 229.617
416 228 167.294
416 239 215.437
416 266 200.278
416 275 126.086
416 373 207.146
416 379 173.938
416 404 203.881
416 472 270.628
416 487 244.986
417 129 456.012
417 136 223.488
417 270 549.974
417 381 544.341
418 11 60.875
418 74 55.6741
418 91 41.7463
418 134 50.3105
418 278 54.3145
418 354 35.7435
418 402 87.8265
418 425 37.4101
418 465 81.1965
419 28 72.4067
419 33 118.755
419 57 168.719
419 60 77.2505
419 377 82.1236
419 475 74.9485
420 172 603.519
420 284 431.981
420 445 929.585
420 464 520.694
421 39 290.461
421 108 388.675
421 339 285.991
422 32 826.113
422 51 352.609
422 93 381.616
422 132 908.161
422 175 347.723
422 290 641.28
422 328 364.63
422 478 352.36
423 111 318.79
423 123 254.068
423 273 283.99
423 283 521.66
423 288 241.997
423 324 347.671
423 353 233.476
423 437 297.359
423 443 271.643
424 36 298.028
424 129 287.517
424 136 943.786
424 282 336.453
424 343 289.497
424 360 261.841
424 389 350.133
424 490 389.573
425 60 417.023
425 180 418.799
425 197 337.557
425 208 554.868
425 223 777.32
425 291 449.671
425 358 586.944
425 457 338.723
426 47 282.698
426 52 625.155
426 194 657.096
426 300 349.124
426 348 359.118
426 406 1059.17
426 451 329.233
426 495 752.146
427 1 44.6725
427 115 103.542
427 116 39.3791
427 164 47.5276
427 187 39.1823
427 279 77.4568
427 334 37.3443
427 355 63.5844
427 416 38.9514
427 435 54.4639
428 81 444.371
428 207 499.929
428 234 863.719
428 433 639.262
428 470 421.053
428 478 2081.4
428 484 956.786
429 45 271.565
429 70 114.57
429 79 144.526
429 95 121.828
429 117 1177.84
430 42 380.41
430 135 183.109
430 157 527.569
430 233 208.107
430 304 217.765
430 317 498.644
430 350 172.626
430 365 216.906
430 403 180.01
430 413 167.327
430 424 192.37
430 448 226.641
431 9 40.8408
431 52 22.7471
431 101 251.162
431 119 18.6829
431 300 48.2198
431 338 28.8318
431 366 36.0894
431 406 20.3733
432 13 401.339
432 67 1422.53
432 103 586.589
432 152 585.192
432 235 389.971
432 271 789.897
432 329 948.73
432 382 465.262
432 392 372.745
432 460 1120.01
433 44 242.794
433 96 1012.62
433 99 401.803
433 111 236.885
433 321 348.119
433 434 259.728
433 437 380.363
434 47 35.0632
434 142 26.4266
434 194 30.7465
434 348 52.3796
434 406 15.231
434 451 39.4978
434 459 36.039
434 495 28.0602
435 23 176.165
435 88 176.867
435 288 236.971
435 324 145.467
435 395 494.762
435 443 194.938
435 463 156.566
435 499 260.805
436 11 1129.76
436 74 641.828
436 86 383.59
436 239 358.86
436 278 381.436
436 354 750.476
436 402 798.359
436 465 463.38
437 49 183.368
437 203 192.573
437 307 179.685
437 426 220.007
437 483 158.846
438 157 62.8621
438 317 58.4907
438 350 200.643
439 371 320.904
439 480 76.3735
440 165 180.398
440 205 113.973
440 212 212.872
440 228 75.3063
440 239 69.9863
440 325 243.103
440 373 131.376
440 404 79.7195
440 472 89.7459
440 487 79.7264
441 61 331.49
441 374 250.147
441 415 490.472
441 493 269.763
442 54 403.253
442 126 414.86
442 175 546.185
442 211 392.213
442 269 362.447
442 290 327.27
442 332 4428.73
442 407 350.249
443 19 163.547
443 20 170.868
443 30 614.973
443 84 165.467
443 87 204.685
443 150 723.823
443 297 679.153
443 337 160.017
443 385 167.446
443 441 164.766
444 38 483.455
444 57 604.059
444 78 545.801
444 222 763.787
444 242 618.189
444 475 431.47
445 15 531.36
445 65 576.162
445 66 516.892
445 128 323.65
445 154 508.025
445 179 1707.67
445 277 465.257
445 295 360.912
445 363 414.567
446 43 267.121
446 53 421.447
446 186 1183.7
446 261 392.464
446 285 261.482
446 286 259.497
446 303 356.503
446 310 329.783
446 390 370.521
446 489 345.808
447 17 380.755
447 56 842.726
447 68 417.786
447 69 963.04
447 125 535.967
447 159 387.362
447 418 1467.73
447 444 351.431
448 2 324.928
448 14 735.039
448 18 543.23
448 61 470.677
448 71 963.25
448 224 354.69
448 374 485.064
448 392 327.527
448 408 727.48
448 493 480.348
449 67 287.618
449 103 1183.89
449 166 278.768
449 329 673.718
449 392 355.433
449 401 294.263
449 460 280.191
450 174 274.072
450 195 290.254
450 209 506.722
450 342 267.599
450 346 322.196
450 359 324.776
450 388 762.702
451 45 272.821
451 117 286.098
452 96 381.386
452 99 596.449
452 111 223.924
452 123 205.798
452 267 155.605
452 321 155.509
452 405 211.723
452 437 274.022
453 10 643.739
453 48 336.932
453 168 438.863
453 251 677.199
453 351 468.598
453 453 438.913
453 482 2385.29
454 7 915.25
454 84 385.753
454 140 9636.08
454 192 1114.81
454 257 452.224
454 289 751.151
454 302 855.448
454 331 713.815
454 337 564.092
454 438 535.954
454 497 490.527
455 19 316.078
455 106 626.972
455 130 307.389
455 231 354.557
455 429 344.547
456 25 748.476
456 86 2215.75
456 100 369.026
456 155 497.123
456 241 420.251
456 244 371.112
456 262 867.026
456 295 353.691
456 354 435.498
456 477 362.307
457 120 478.252
457 249 473.706
457 323 413.806
457 401 424.433
457 481 404.71
458 96 596.934
458 99 2489.04
458 111 1063.89
458 123 966.056
458 267 580.368
458 324 492.457
458 405 955.148
458 437 676.406
459 180 55.9191
459 188 79.5277
459 248 223.82
459 258 55.056
459 333 44.9927
459 386 42.5321
459 416 61.3543
459 440 56.7661
460 49 286.843
460 203 208.913
460 307 195.918
460 426 386.917
460 483 225.401
461 2 282.372
461 14 525.785
461 18 225.615
461 20 207.844
461 71 220.078
461 143 177.673
461 235 172.417
461 408 1141.57
461 441 171.611
461 494 210
462 148 25.3633
462 149 51.9087
462 176 42.3201
462 215 31.8337
462 260 26.4323
462 264 50.6774
462 340 27.9174
462 361 44.3681
462 367 76.4196
463 77 127.633
463 145 229.966
463 252 351.265
463 280 138.933
463 298 106.44
463 341 548.521
463 442 122.465
463 479 141.785
464 58 286.386
464 94 402.88
464 109 331.042
464 217 262.651
464 260 237.017
464 397 242.028
464 446 577.142
465 42 927.24
465 135 432.659
465 157 1167.79
465 233 501.696
465 304 527.863
465 317 894.19
465 365 433.988
465 403 426.112
465 413 393.287
465 424 388.261
465 448 550.182
466 141 303.215
466 174 751.207
466 209 464.494
466 243 339.856
466 346 287.732
466 398 357.987
466 423 310.324
466 454 331.532
467 14 397.863
467 31 392.164
467 61 320.735
467 71 487.522
467 224 628.721
467 303 344.312
467 408 472.138
467 488 397.686
467 494 356.302
468 41 195.832
468 44 235.219
468 59 541.171
468 183 297.122
468 273 195.587
468 339 374.67
468 393 367.518
468 394 180.902
469 134 510.601
469 238 406.145
469 287 362.964
469 412 451.497
470 88 523.374
470 89 1145.92
470 356 746.834
470 491 3521.79
471 46 52.5707
471 129 81.0097
471 136 134.251
471 282 67.3607
471 343 54.5994
471 360 60.6156
471 389 162.263
471 490 74.5298
472 108 396.674
472 114 446.061
472 148 496.091
472 163 346.406
472 361 383.873
472 447 397.887
472 458 429.983
472 492 498.741
473 73 660.032
473 104 361.375
473 121 324.752
473 197 342.984
473 380 649.413
474 16 124.323
474 112 320.109
474 231 121.043
474 265 169.114
474 432 129.61
475 9 180.353
475 52 907.951
475 101 246.054
475 194 158.039
475 300 453.721
475 338 202.072
475 406 364.812
475 495 161.118
476 21 381.789
476 49 646.417
476 107 361.321
476 426 517.064
476 483 911.439
477 267 396.345
477 269 446.917
477 288 377.213
477 324 343.749
477 395 923.805
477 443 402.159
477 463 800.881
478 10 209.262
478 73 182.487
478 218 181.583
478 251 187.832
478 351 222.15
478 482 286.699
479 55 159.77
479 62 189.99
479 216 153.429
479 318 308.177
479 320 235.777
479 471 220.117
479 486 192.343
480 31 273.112
480 224 297.624
480 303 175.532
480 488 225.534
480 494 96.8167
481 252 289.001
481 479 408.463
482 19 154.477
482 84 185.806
482 90 179.042
482 140 236.434
482 192 260.424
482 225 270.659
482 289 520.714
482 302 261.867
482 331 332.746
482 337 222.205
482 497 260.624
483 59 351.82
483 183 281.23
483 247 271.861
483 273 437.171
483 339 365.287
483 393 329.162
484 57 914.083
484 78 819.4
484 204 518.867
484 242 526.863
484 457 438.297
485 121 212.757
485 122 514.74
485 137 532.653
485 184 214.119
485 272 269.861
485 357 639.643
485 427 349.988
486 13 285.353
486 127 665.343
486 141 491.768
486 209 310.914
486 226 486.074
486 230 294.066
486 243 803.596
486 326 293.163
486 330 306.871
486 346 299.047
486 398 621.771
486 454 5689.02
487 23 220.224
487 89 221.309
487 91 290.719
487 178 423.857
487 370 255.213
487 425 274.768
488 125 308.602
488 168 407.222
488 251 319.133
488 445 388.623
488 453 332.638
489 77 199.393
489 214 121.312
489 345 104.116
489 352 271.18
489 442 206.622
489 474 302.416
490 129 168.273
490 169 212.999
490 185 148.437
490 254 140.854
490 270 152.418
490 378 209.207
490 381 219.37
490 420 142.643
491 25 134.898
491 65 135.314
491 128 291.477
491 205 130.557
491 239 151.059
491 266 256.953
491 379 137.213
491 404 136.692
491 472 149.019
491 487 150.589
492 3 258.454
492 36 256.357
492 40 350.528
492 64 365.867
492 75 495.382
492 82 600.476
492 147 348.029
492 219 461.815
492 263 389.516
492 282 781.44
492 343 473.295
492 360 3251.91
492 384 289.991
492 389 256.118
492 396 362.128
492 473 415.33
492 490 641.46
493 128 124.647
493 165 156.819
493 205 218.063
493 228 161.472
493 239 195.551
493 266 183.395
493 275 118.776
493 373 197.192
493 379 165.985
493 404 187.438
493 472 252.815
493 487 225.017
494 120 1954.84
494 166 239.42
494 401 474.431
494 462 374.729
495 3 481.674
495 26 410.482
495 146 470.644
495 151 778.618
495 153 461.883
495 362 1344.76
495 384 382.616
496 10 124.077
496 48 146.061
496 168 223.424
496 204 61.8088
496 251 57.0044
496 291 56.1553
496 453 636.66
496 482 72.6535
497 124 470.77
497 196 3316.64
497 246 523.896
497 268 444.68
497 306 1690.16
497 436 1356.01
497 468 597.373
497 485 458.067
498 11 41.2519
498 74 255.093
498 91 44.3813
498 162 36.1047
498 354 51.2796
498 402 43.695
498 425 45.0938
498 465 120.876
499 129 1101.4
499 136 655.342
499 270 690.038
499 381 578.581
