500 500 3890
0 36 32.0435
0 50 45.752
0 69 7.41793
0 194 32.8885
0 266 40.6952
0 343 6.06416
0 364 37.1567
0 474 30.9598
1 4 39.1274
1 22 105.837
1 31 15.4661
1 34 40.2181
1 112 3.39463
1 122 41.213
1 150 3.46771
1 241 64.794
1 299 37.1482
1 421 25.3828
1 424 44.8723
2 22 84.5915
2 27 34.2156
2 43 52.4241
2 61 14.8383
2 120 14.9483
2 185 64.4836
2 216 35.706
2 222 52.0347
2 238 12.804
2 254 70.1895
2 258 6.4572
2 303 100.524
2 490 62.7701
2 499 97.0325
3 15 115.591
3 104 44.1578
3 222 59.2459
3 231 2.31699
3 268 38.632
3 290 66.5693
3 339 84.2414
3 440 20.7356
3 461 88.0641
4 101 23.3956
4 126 43.241
4 153 35.2095
4 164 7.21538
4 334 7.18187
4 346 58.835
4 377 113.999
4 470 16.6145
5 25 36.0853
5 57 59.8837
5 59 73.8394
5 141 31.7726
5 168 2
5 268 26.4273
5 271 46.917
5 272 126.396
5 389 14.6845
5 467 104.132
6 51 78.0137
6 78 69.4035
6 131 132.096
6 155 27.3909
6 336 69.7128
7 63 45.4744
7 109 52.8438
7 200 5.05127
7 211 60.2396
7 352 34.5434
7 360 15.5687
7 468 21.8995
7 481 80.6951
8 30 41.449
8 36 10.677
8 74 50.9353
8 88 54.6641
8 131 106.269
8 159 22.2001
8 246 31.8275
8 307 33.8378
8 352 43.0386
8 355 40.543
8 441 9.33053
9 10 103.202
9 133 7.97019
9 159 20.9506
9 183 42.7437
9 258 8.33056
9 377 95.7318
9 413 74.7201
9 435 50.4289
9 469 61.5323
9 490 111.395
10 114 14.9794
10 186 55.6806
10 206 54.1899
10 215 44.2905
10 266 54.6693
10 397 118.957
10 450 29.9112
10 470 12.2309
11 148 52.0021
11 152 38.9373
11 268 34.5368
12 20 120.392
12 52 9.42557
12 57 43.795
12 249 6.10306
12 357 92.0263
12 376 101.037
12 448 20.2354
12 459 4.17742
12 498 17.244
13 119 11.7029
13 149 38.1986
13 317 10.3434
13 397 119.291
13 464 118.324
14 1 42.7732
14 91 20.2787
14 110 44.9417
14 118 32.6744
14 152 38.9264
14 315 72.7655
14 363 24.456
14 364 60.0729
14 373 27.0653
14 448 22.0031
14 461 69.3825
15 125 117.676
15 265 64.745
15 307 33.8947
15 339 81.2336
15 414 43.4695
15 434 71.5267
15 481 114.971
16 60 64.0612
16 108 94.9683
16 160 35.8163
16 186 83.5311
16 289 64.5774
16 340 11.185
16 355 43.9465
16 378 15.6688
16 403 66.2774
16 419 70.8924
16 486 66.1254
16 495 20.5049
17 117 26.4272
17 209 63.2046
17 226 40.5018
17 237 61.7852
17 344 81.1446
17 436 57.2745
17 467 93.8724
18 15 101.348
18 99 9.67157
18 113 93.0305
18 187 96.9587
18 239 41.1699
19 53 55.8307
19 108 155.522
19 119 8.07916
19 268 24.9889
19 435 84.6484
19 479 41.1353
20 67 80.9464
20 102 30.6905
20 169 22.7592
20 210 43.5217
20 250 41.9323
21 172 87.6467
21 272 89.8139
21 336 68.5964
21 441 19.811
21 478 36.8869
22 160 68.1488
22 178 66.1121
22 233 76.748
22 291 101.453
22 367 49.908
22 375 26.4512
22 465 70.3018
22 473 3.08446
22 488 69.8545
23 78 75.4925
23 110 39.2403
23 223 162.861
23 236 7.25158
23 258 8.53484
23 397 109.203
23 431 4.17081
23 435 57.3009
24 39 48.0556
24 246 68.8151
24 288 119.584
24 318 16.738
24 336 56.4205
24 345 60.7644
24 397 104.04
24 499 92.7014
25 191 37.2748
25 215 95.3738
25 389 11.0492
25 414 46.261
25 485 17.1517
26 56 4.33449
26 158 2.35627
26 210 16.7435
26 233 41.648
26 236 14.4014
26 280 3.21172
26 453 6.40143
26 465 57.3159
26 481 77.9871
27 21 7.66289
27 134 61.8352
27 145 5.21039
27 410 69.195
27 456 10.9491
28 50 63.9362
28 55 12.8935
28 82 28.9438
28 321 101.676
28 347 60.525
28 349 62.7817
28 362 13.9991
28 368 12.7339
29 45 49.8754
29 61 13.9438
29 69 8.81691
29 143 106.59
29 276 2.08613
29 347 128.701
30 32 59.6158
30 112 4.09362
30 415 11.7608
31 44 73.6861
31 73 10.8851
31 87 16.8292
31 101 31.0158
31 177 91.2836
31 207 93.4342
31 289 63.3584
31 301 110.024
31 343 6.75113
31 386 53.6145
31 463 59.1332
32 16 73.135
32 93 109.458
32 99 11.2552
32 118 30.9655
32 136 2.45277
32 479 40.4755
32 487 65.3253
33 46 44.741
33 119 12.8999
33 148 47.7535
33 223 111.577
33 314 54.1899
33 409 3.77688
33 467 93.6418
34 128 43.3894
34 145 7.79316
34 151 52.4672
34 215 126.712
34 232 22.4709
34 265 84.4384
34 375 25.3535
35 19 13.6007
35 31 11.131
35 59 58.7427
35 103 47.8382
35 263 25.7904
35 305 23.8246
35 351 47.5294
35 395 125.449
36 125 57.7714
36 146 5.40805
36 197 93.393
36 207 69.6824
36 227 75.521
36 251 60.9997
36 310 75.7852
36 355 64.9697
36 366 54.5374
36 379 33.197
36 429 35.8714
36 458 29.0404
37 4 63.3956
37 17 13.752
37 65 28.3321
37 74 92.5853
37 283 40.9965
37 370 24.6516
37 377 68.7652
37 473 2.63092
37 495 48.963
38 15 73.631
38 20 103.656
38 86 21.9863
38 123 4.86704
38 398 27.8251
38 403 71.2603
38 478 33.7006
38 480 4.61269
39 51 128.416
39 69 4.71045
39 112 2.03018
39 204 63.8751
39 387 99.4579
39 449 88.5515
40 16 99.9639
40 149 25.4594
40 156 19.4802
40 172 65.6174
40 269 76.8678
40 393 91.52
41 19 24.6022
41 86 30.51
41 120 15.773
41 152 41.9348
41 204 93.8293
41 279 32.5257
41 319 8.13639
41 376 85.1544
41 380 62.8975
41 386 44.3465
41 401 40.7573
41 480 27.2786
42 125 141.818
42 199 64.0471
42 381 10.877
42 425 5.47658
42 435 74.4485
43 0 38.7715
43 20 121.205
43 245 82.2275
43 292 128.61
43 439 49.1719
44 2 41.0072
44 77 8.46689
44 171 106.502
44 240 24.2551
44 281 50.7429
44 321 66.7365
44 364 60.3757
44 461 111.442
45 340 15.3998
45 381 13.9903
45 447 80.3294
46 6 49.8442
46 153 32.4479
46 157 6.47922
46 180 24.7165
46 437 54.5011
47 10 76.1332
47 50 52.4718
47 93 51.6531
47 188 90.722
47 243 91.5368
47 290 61.2963
47 459 2
48 74 65.4488
48 259 109.175
48 331 24.1068
48 478 49.5339
49 56 3.08641
49 102 15.4157
49 124 87.5465
49 137 45.9878
49 162 15.0104
49 163 17.2743
49 172 88.1638
49 211 36.5419
49 249 7.10624
49 324 6.31516
49 330 45.7378
49 371 31.1051
49 446 141.274
50 9 16.3571
50 43 58.0247
50 58 51.75
50 71 16.414
50 130 84.722
50 137 24.6391
50 195 59.0612
50 246 41.9732
50 351 32.7742
50 353 83.8393
50 451 24.5449
50 483 43.6662
51 101 26.4317
51 134 63.8453
51 146 6.24298
51 185 115.502
51 275 99.9163
51 401 41.899
51 439 48.4501
51 446 95.0158
51 482 51.054
51 484 47.9646
52 141 57.3299
52 215 89.4992
52 288 78.0512
52 293 51.0121
52 388 58.2145
53 36 26.2887
53 81 60.3848
53 174 57.5841
53 214 69.1956
53 264 12.2505
53 294 71.9191
53 336 76.2127
53 397 107.086
53 478 38.6012
54 63 40.7431
54 238 12.1131
54 250 37.9607
54 305 29.8879
54 345 54.1689
54 489 115.193
55 144 30.4924
55 190 102.505
55 202 52.5615
55 221 16.078
55 268 31.4627
55 331 14.6678
55 353 102.604
55 450 37.0966
55 455 55.4732
56 61 14.822
56 96 91.1327
56 182 12.1249
56 216 38.1721
56 224 14.9842
56 272 80.6251
56 376 94.245
56 437 51.2453
57 8 26.9059
57 110 60.8891
57 137 54.1942
57 162 15.594
57 174 47.9239
57 213 44.6893
57 248 26.7331
57 321 61.7238
57 379 42.9744
57 422 80.2857
57 437 60.0618
57 453 8.04874
57 476 36.7881
58 60 76.9932
58 67 78.7839
58 87 16.035
58 95 29.7011
58 111 84.7331
58 172 60.4269
58 241 47.4113
58 366 19.4963
58 463 72.7206
58 487 58.9003
59 77 7.76848
59 108 93.1505
59 146 5.51202
59 199 77.5972
59 284 55.827
59 285 77.6858
59 288 41.7285
59 305 21.2527
59 340 14.2111
59 413 98.5003
59 421 61.6936
59 479 57.1039
60 128 95.6117
60 150 3.1838
60 169 20.5718
60 253 62.2019
60 336 39.1856
61 78 79.8519
61 119 9.57305
61 210 42.7625
61 343 4.58838
61 392 28.2512
62 6 53.7738
62 62 72.2842
62 258 6.55409
62 284 44.3391
62 334 10.5257
62 336 97.0157
62 371 33.3909
62 391 9.58988
62 445 33.5591
63 56 3.57138
63 86 29.5584
63 131 105.285
63 325 104.15
63 428 62.056
63 470 21.3389
64 35 8.15978
64 46 67.1404
64 105 96.8236
64 133 12.5159
64 145 7.4491
64 179 45.4595
64 223 99.9771
64 293 60.1828
64 334 8.83198
65 243 64.6769
65 468 26.6888
65 481 83.2261
65 486 39.3823
66 1 29.7854
66 6 57.1777
66 58 53.9102
66 129 44.5727
66 134 62.3712
66 137 28.4719
66 225 8.78632
66 279 33.897
66 347 113.607
66 382 52.7895
66 410 83.2913
66 477 42.4303
66 480 13.1918
66 490 108.492
67 31 14.1137
67 268 25.9288
67 292 91.0806
67 395 106.421
68 86 31.5354
68 87 18.1543
68 120 17.8234
68 152 51.96
68 197 88.3157
68 233 94.0232
68 247 23.7113
68 259 56.0649
68 262 79.6006
68 266 40.7546
68 398 21.6462
68 444 81.586
68 446 97.3538
68 474 40.0472
68 475 85.6175
69 9 15.498
69 57 89.6177
69 80 7.83703
69 87 15.6666
69 105 78.2975
69 265 38.9594
69 290 50.3934
69 353 124.13
69 359 101.636
69 456 9.73153
70 23 56.6408
70 67 71.3608
70 109 53.1224
70 141 34.6045
70 225 9.70335
70 227 54.8723
70 282 131.114
70 343 6.22461
70 361 22.1157
70 390 69.3602
70 404 63.1408
70 405 81.875
70 493 122.981
71 2 54.6385
71 66 39.4039
71 208 20.61
71 223 116.148
71 232 41.7299
71 363 25.3146
71 479 74.2678
72 2 81.571
72 8 31.1289
72 59 61.8109
72 95 53.7412
72 109 49.6943
72 266 49.814
72 274 27.2819
72 342 9.40063
72 351 38.2248
72 361 19.9362
72 387 52.149
72 411 40.4712
72 426 18.5805
72 477 42.1778
73 54 55.7642
73 77 8.42631
73 113 72.8468
73 227 64.5086
73 359 99.3869
73 441 16.0815
74 16 54.6251
74 28 73.9261
74 41 50.4301
74 60 68.3789
74 132 61.9136
74 137 14.9622
74 222 47.262
74 234 58.9906
74 332 12.3825
74 357 85.7298
75 96 131.155
75 140 120.027
75 379 36.0323
76 3 29.7108
76 6 44.9041
76 31 18.4607
76 57 89.9929
76 79 44.2639
76 110 41.426
76 162 8.64742
76 185 54.2292
76 226 48.277
76 319 9.53689
76 379 44.2001
76 425 5.04242
76 435 84.0621
77 62 56.5702
77 209 94.9642
77 267 15.7105
77 297 49.6256
77 335 28.8351
77 351 41.066
77 398 34.5799
77 400 16.8537
77 475 73.6235
78 22 86.3284
78 34 40.9922
78 88 46.5077
78 149 24.5746
78 156 47.0917
78 224 10.373
78 248 35.8046
78 260 34.4781
78 344 74.5156
78 441 16.0546
79 92 74.076
79 99 9.47581
79 105 55.7423
79 119 9.7996
79 123 3.62718
79 136 3.28053
79 228 66.5413
79 277 112.934
79 336 83.5799
79 412 27.1617
80 0 42.7338
80 10 81.594
80 17 57.6143
80 89 79.4033
80 96 72.872
80 133 16.5862
80 154 66.6978
80 168 2.44665
80 239 32.9027
80 321 41.4439
81 88 51.021
81 99 10.5404
81 113 99.7882
81 116 84.6786
81 319 5.96152
81 478 61.6982
82 11 41.1012
82 242 60.8523
82 282 57.8373
82 424 44.4054
83 8 12.3095
83 31 15.1557
83 39 32.6051
83 287 63.6398
83 324 4.90974
83 340 17.682
84 2 63.696
84 42 125.408
84 63 22.3947
84 77 6.95522
84 79 44.1108
84 102 22.2481
84 105 59.5109
84 162 16.8096
84 398 20.7973
84 413 85.5
84 432 99.0311
84 441 26.9004
84 444 52.7429
84 496 78.8498
85 4 47.8395
85 358 70.564
85 438 18.0006
86 15 54.8084
86 137 28.8629
86 159 15.7262
86 165 81.8664
86 198 94.2466
86 353 105.551
86 430 64.6324
87 22 99.612
87 28 67.5632
87 39 54.1253
87 173 94.7924
87 339 80.4844
87 411 30.4815
87 477 40.7286
87 493 92.746
88 11 56.0063
88 47 69.7358
88 99 9.31728
88 141 22.0869
88 196 90.5994
88 199 65.0536
88 213 30.6667
88 283 24.6049
88 360 19.6795
88 374 48.9414
88 440 64.8427
89 55 18.0203
89 116 28.662
89 118 9.981
89 239 37.5374
89 291 80.5638
89 357 43.4304
89 412 19.528
89 415 25.8508
89 487 120.709
90 45 49.2841
90 137 27.5628
90 281 58.437
90 288 78.7103
90 320 85.0478
91 42 73.6031
91 158 3.08188
91 173 86.9201
91 175 146.2
91 245 76.6049
91 291 87.3971
91 350 69.0277
91 466 85.2673
91 483 75.2658
91 486 60.9133
92 112 2.94221
92 175 39.6997
92 197 60.391
92 202 51.5589
92 277 62.4001
92 317 9.08692
92 388 90.2669
92 434 58.5256
93 201 97.5028
93 267 23.2233
93 346 62.8669
93 354 16.192
93 369 20.832
93 372 59.1774
94 117 58.7616
94 121 8.58661
94 175 116.185
94 198 97.9973
94 279 31.0793
94 311 27.4052
94 381 11.6925
94 435 42.6836
95 14 37.0109
95 184 27.2293
95 262 108.757
95 292 59.0465
95 418 124.511
96 7 44.8803
96 165 82.3613
96 363 27.7616
96 444 105.424
97 68 13.7113
97 214 116.589
97 377 86.8548
98 57 72.1873
98 82 31.9006
98 173 64.0246
98 192 58.7485
98 280 3.03635
98 308 21.9202
99 123 4.34616
99 130 98.1832
99 173 73.2379
99 193 101.56
99 217 57.6762
99 249 5.42755
99 269 57.3746
99 272 140.667
99 278 57.2388
99 330 51.9457
99 390 76.2882
100 53 70.4727
100 117 49.0579
100 139 97.9536
100 209 51.0219
100 417 118.891
100 451 17.5739
100 481 62.518
101 1 35.1715
101 76 65.5032
101 115 10.5375
101 220 47.0699
101 246 42.2341
101 276 3.86008
101 399 21.3329
101 440 28.9825
102 5 99.1789
102 62 124.087
102 165 81.4144
102 262 95.4208
102 359 139.366
102 360 12.6495
102 411 30.5377
102 418 97.9948
102 440 65.1575
102 490 87.4832
103 79 57.6758
103 80 4.53174
103 118 21.9076
103 386 52.1188
103 387 36.5236
103 411 23.4097
104 125 87.4738
104 150 3.61673
104 177 78.9205
104 259 93.1932
104 277 122.286
104 355 49.9698
104 415 20.7863
104 471 70.1634
105 42 93.1692
105 51 73.3803
105 81 33.7498
105 112 2.41101
105 122 43.7794
105 171 116.977
105 212 62.3453
105 258 8.98886
105 291 101.088
105 356 85.2319
105 458 37.0735
105 483 73.3698
106 19 14.2152
106 102 25.0404
106 129 58.311
106 165 82.9816
106 361 19.5211
106 378 20.1628
106 408 55.9738
106 468 13.1759
106 473 2.74659
107 23 69.7485
107 52 8.52566
107 101 21.5679
107 106 82.1865
107 121 12.358
107 260 106.155
107 273 36.0495
107 279 25.6763
107 439 34.972
107 460 2.1798
107 482 101.3
108 123 6.38855
108 197 55.0126
108 217 75.7406
108 263 15.8936
108 419 59.9556
109 106 87.1166
109 159 22.6555
109 189 67.0477
109 262 125.574
109 273 38.9253
109 275 107.531
109 312 83.6939
109 499 47.8486
110 259 77.9033
110 303 97.2817
110 309 19.3446
110 402 15.3831
110 444 158.119
111 45 64.6344
111 169 32.2697
111 211 29.0587
111 247 39.5945
111 319 9.8758
111 355 41.2738
111 373 24.9819
111 436 105.833
112 15 66.53
112 75 33.3047
112 89 106.792
112 144 29.403
112 223 145.502
112 318 21.8744
112 331 26.1153
112 343 5.40838
113 118 31.7512
113 125 128.5
113 287 60.8795
113 324 8.15785
113 399 12.5229
113 437 47.8998
113 476 42.689
114 17 54.3126
114 270 67.2333
114 401 65.2684
114 457 76.9293
114 480 15.8988
114 490 66.7854
115 144 17.2365
115 266 48.6347
115 279 38.3401
115 284 43.3341
115 312 76.1414
115 362 13.3257
115 383 6.81214
115 491 88.0486
116 0 27.1831
116 37 99.0849
116 77 8.46081
116 176 7.08812
116 334 7.77874
116 441 20.6928
116 473 2.82979
117 3 28.9965
117 34 27.0256
117 105 66.0995
117 108 84.5729
117 195 117.625
117 225 8.54067
117 372 23.9882
117 378 22.3853
117 383 7.06909
118 43 67.656
118 79 62.383
118 164 8.52638
118 266 41.9034
118 380 80.0459
119 46 32.324
119 59 50.055
119 67 99.0315
119 77 9.1768
119 214 97.1689
119 219 11.8572
119 388 122.984
119 440 14.418
119 483 93.3304
119 494 58.9995
120 11 45.6368
120 46 41.3549
120 49 112.492
120 118 26.6272
120 221 17.6299
120 267 23.4723
120 289 96.3965
120 341 14.9165
121 50 78.2278
121 55 18.8311
121 133 18.0537
121 179 44.2286
121 358 73.6397
121 371 31.3397
121 476 39.8531
122 48 96.6382
122 70 24.4546
122 251 40.0881
122 291 73.3246
122 381 18.4636
122 469 59.3854
123 5 123.881
123 137 42.7715
123 196 39.642
123 290 36.3437
123 359 115.249
124 53 72.6971
124 58 42.8546
124 65 19.1343
124 90 117.392
124 139 60.9685
124 149 25.3547
124 224 13.6754
124 263 29.0515
124 286 36.7416
124 294 122.852
124 354 11.9766
124 406 63.3496
124 438 17.6342
124 449 57.9075
125 3 24.0039
125 35 7.4578
125 73 11.6134
125 191 24.733
125 273 30.4295
125 317 6.26078
125 430 69.3522
125 481 79.668
126 20 70.2502
126 58 77.0018
126 188 67.6339
126 191 38.4331
126 240 25.73
126 424 34.5929
126 468 24.1601
127 39 31.8466
127 104 39.7782
127 159 19.8266
127 174 75.0091
127 202 54.7935
127 295 8.6378
127 338 76.0076
127 339 100.324
127 387 63.4834
127 418 92.4123
127 425 4.81599
127 486 53.8346
128 18 71.5858
128 143 76.6567
128 241 43.9618
128 286 65.0944
128 441 18.6051
128 472 61.9875
129 6 26.6415
129 58 47.4816
129 106 79.1636
129 121 9.61159
129 216 19.9153
129 234 63.6918
129 237 45.9368
129 293 34.3935
129 314 24.4259
129 395 72.489
129 418 96.3768
129 440 45.084
129 499 82.0574
130 89 73.1081
130 201 90.7648
130 207 91.5673
130 243 51.026
130 286 49.5951
130 370 23.2801
130 409 4.35111
130 427 38.8344
130 447 94.4442
130 456 10.206
130 499 57.7581
131 245 107.073
131 324 6.7107
131 333 41.2225
131 372 54.029
131 404 101.667
131 461 75.3038
132 158 3.42943
132 168 2
132 236 13.9862
132 266 50.372
132 336 68.2668
132 425 3.33475
132 426 13.5919
133 66 45.8396
133 70 19.3921
133 75 24.8895
133 79 56.9065
133 92 120.502
133 165 71.7748
133 216 30.4361
133 262 135.806
133 321 80.7338
134 43 45.9664
134 51 48.3286
134 62 106.749
134 64 48.0889
134 106 124.535
134 238 10.5383
134 240 20.9739
134 247 30.2909
134 274 37.7868
134 411 45.2832
134 437 48.5381
135 130 87.3552
135 210 52.974
135 295 12.4893
135 323 69.5413
135 420 91.7528
136 79 46.7643
136 236 15.7122
136 259 93.2316
136 418 62.9479
136 427 44.0462
137 31 15.9842
137 87 14.0997
137 148 60.872
137 183 55.4334
137 406 62.7671
137 418 89.2123
138 66 47.4872
138 83 15.4239
138 85 85.1922
138 114 7.69742
138 118 34.8963
138 138 87.7715
138 231 2.13584
138 337 75.7544
138 383 4.03255
138 493 113.829
139 58 45.5024
139 103 45.0157
139 163 21.339
139 220 54.5495
139 234 53.2937
139 370 26.8775
139 375 31.2687
139 478 29.7199
139 486 45.8576
139 499 105.712
140 48 105.758
140 60 79.2238
140 79 32.6057
140 154 51.0948
140 181 85.9602
140 197 61.5136
140 205 40.9023
140 212 55.3791
140 330 54.2627
140 335 33.0042
140 428 102.572
140 453 7.98977
141 191 44.2516
141 238 8.95976
141 258 4.50169
141 382 118.654
141 390 74.7305
142 4 48.2323
142 36 27.8227
142 43 42.5379
142 69 5.54786
142 96 91.9055
142 130 114.723
142 137 32.3446
142 176 8.827
142 228 98.782
142 282 99.7017
142 328 22.2308
142 391 4.4401
142 404 83.4074
142 458 32.0309
143 39 72.5745
143 101 26.0435
143 180 18.7592
143 328 25.0623
143 384 2.70921
144 409 3.45511
144 452 57.5928
144 486 42.6875
145 38 89.3997
145 43 49.9189
145 70 14.4488
145 130 93.9797
145 194 57.4355
145 203 58.9416
145 413 84.236
145 441 12.0386
145 446 66.9703
146 87 15.8528
146 149 22.9405
146 267 35.0313
146 300 112.16
146 405 93.7758
146 462 6.6489
147 19 18.099
147 80 5.05561
147 106 91.9993
147 133 13.0651
147 141 57.9
147 201 102.994
147 251 50.7235
147 253 93.7216
147 271 66.7764
147 354 7.19783
147 358 96.62
147 404 69.2735
147 411 37.2398
147 413 102.18
147 439 45.1788
147 490 106.309
148 141 58.4648
148 228 137.168
148 260 94.5575
148 290 49.6887
148 462 8.42074
148 466 40.3399
148 470 11.3327
149 21 14.2649
149 211 37.8812
149 216 33.0832
149 230 31.6
149 307 24.8352
149 367 29.002
150 124 55.691
150 151 62.0749
150 199 55.501
150 284 84.2957
150 296 12.5536
150 316 16.8326
150 322 112.833
150 354 17.2444
150 444 84.8793
150 494 69.2765
150 495 62.6486
151 26 16.7851
151 56 2.95544
151 120 11.8986
151 151 90.2426
151 180 12.2906
151 204 98.1837
152 46 61.4578
152 93 57.8034
152 99 11.5371
153 101 34.2295
153 107 49.4744
153 129 69.7854
153 187 60.5909
153 200 8.27107
153 213 55.5226
153 298 37.8523
153 309 17.953
153 378 13.5034
153 416 68.7853
153 422 79.1181
154 87 11.2739
154 104 45.0654
154 159 23.9142
154 160 47.8665
154 262 74.8781
154 290 54.6742
154 494 76.4477
155 10 89.275
155 322 100.994
155 375 24.8776
155 452 83.7567
156 111 94.5408
156 228 91.8889
156 230 31.0785
156 247 26.5137
156 357 107.087
156 391 8.59269
156 497 7.01729
157 24 9.51103
157 59 60.9425
157 207 106.118
157 241 59.3084
157 352 40.6878
157 371 39.1768
157 377 65.1854
157 380 75.3667
157 399 16.2927
157 442 67.7459
157 444 70.5147
157 477 34.1144
157 481 62.7422
158 58 28.5479
158 128 106.898
158 209 28.4969
158 327 22.2722
158 331 18.3678
158 372 52.2912
158 413 55.6686
158 458 44.7061
159 90 101.818
159 140 127.928
159 175 115.985
159 216 29.6918
159 262 40.6649
159 269 61.8459
159 289 49.7437
160 110 41.8103
160 114 14.023
160 116 44.819
160 130 117.558
160 149 42.6987
160 239 40.6264
160 250 37.7986
160 297 33.3967
160 302 132.483
160 323 51.4433
160 349 75.8746
160 378 16.9797
160 382 90.3036
161 257 28.9305
161 294 86.8245
161 312 127.975
161 451 15.0617
162 11 42.4241
162 28 54.4217
162 158 2.56033
162 183 46.8387
162 232 42.9674
162 233 77.3257
162 284 76.306
162 292 91.2447
162 322 58.5274
162 364 65.9389
162 380 81.3027
162 391 8.4544
163 113 52.6887
163 184 22.4078
163 313 63.1506
163 353 87.6604
163 434 64.9659
163 449 57.9376
164 11 66.1485
164 190 100.383
164 392 30.925
165 3 20.4765
165 25 36.4214
165 143 115.024
165 149 36.2932
165 201 88.1976
165 220 28.4015
165 420 92.7138
165 466 60.7006
166 112 2.61905
166 411 53.2192
166 412 18.1516
166 415 24.1864
167 13 24.0333
167 18 90.6557
167 35 9.1961
167 134 59.5089
167 268 31.3386
167 281 63.6935
167 284 75.1437
167 293 38.033
167 303 87.2181
167 379 41.1461
167 390 74.3743
167 415 12.3801
167 496 75.0315
168 74 67.5792
168 136 2.76766
168 158 3.31408
168 172 80.7351
168 280 3.49461
168 367 44.5317
168 412 12.7452
168 462 9.72163
168 489 97.6883
169 55 12.0264
169 71 15.6821
169 109 68.004
169 237 45.5093
169 248 30.7394
169 255 36.3802
169 275 79.4123
169 285 48.333
169 311 18.3273
169 334 10.3444
169 403 75.043
169 442 44.845
169 495 28.9012
170 234 80.4796
170 466 30.1824
171 20 94.1228
171 149 19.3584
171 244 2
171 273 32.6499
171 276 2.54904
171 284 48.659
171 398 20.1324
171 469 53.102
172 64 55.8135
172 141 48.2573
172 158 2.67872
172 171 101.688
172 284 98.6664
172 291 71.411
172 356 98.0851
172 419 53.8574
172 466 53.6657
173 77 5.36535
173 119 9.42821
173 145 8.45416
173 308 16.4609
173 436 76.7557
174 49 106.395
174 70 20.7163
174 105 102.831
174 189 67.1896
174 256 73.9288
174 259 104.876
174 403 62.9056
174 434 60.1714
174 471 49.5845
175 58 46.4978
175 71 11.7658
175 94 75.188
175 101 30.1549
175 175 27.398
175 229 43.7468
175 295 13.1785
175 471 68.0253
175 498 22.987
176 181 111.456
176 185 87.5269
176 265 97.8774
176 319 4.7826
176 331 20.2516
176 342 9.32941
176 476 26.0804
177 79 47.6319
177 147 94.3048
177 188 118.903
177 220 30.0633
177 332 12.8787
177 392 32.0321
177 407 76.3506
177 436 80.2913
177 451 19.8584
178 139 95.7234
178 149 28.1009
178 205 41.4108
178 346 71.8279
178 368 12.9194
178 407 59.5796
178 437 48.2865
179 38 75.8661
179 61 18.9165
179 64 54.9065
179 85 52.9972
179 253 105.433
179 287 47.647
179 289 92.5758
179 321 76.0618
179 365 17.1009
179 366 62.4871
179 381 18.2319
179 442 65.4345
180 28 59.4461
180 117 33.832
180 121 11.019
180 125 90.6292
180 275 127.538
180 318 16.9425
181 131 68.5505
181 173 114.685
181 178 70.0221
181 195 70.328
181 247 42.3403
181 256 115.102
181 272 36.4394
181 473 2.71732
181 479 60.3791
182 55 16.3121
182 304 38.227
182 315 68.5851
182 321 57.8852
182 326 80.3191
183 44 74.524
183 226 77.3606
183 247 30.4274
183 333 59.9456
183 389 12.6216
184 77 6.89052
184 123 5.95558
184 193 116.448
184 250 27.2339
184 270 62.5417
184 423 24.3531
184 425 3.79475
184 480 25.4274
184 485 11.4383
185 37 128.067
185 224 11.2291
185 236 15.0308
185 294 103.094
185 334 5.94068
185 374 50.0961
185 412 11.4557
186 35 9.08319
186 93 46.8265
186 234 64.4461
186 300 141.855
187 16 106.104
187 27 34.8337
187 95 36.0804
187 108 96.6308
187 130 106.045
187 189 67.574
187 190 107.347
187 281 34.0639
187 296 5.28881
187 379 56.3599
187 419 71.195
187 459 3.75655
187 483 82.348
188 80 7.66651
188 121 9.97271
188 189 59.3924
188 327 18.7913
188 336 70.3166
188 389 9.66673
188 409 3.86223
188 437 54.3866
188 485 19.8315
189 1 43.439
189 60 50.016
189 65 38.0117
189 129 59.0237
189 174 102.62
189 407 75.3581
190 21 11.798
190 121 9.27334
190 177 115.837
190 179 73.2404
190 203 68.636
190 205 41.347
190 216 22.6603
190 247 37.8365
190 329 19.4903
190 412 27.3854
190 434 73.2762
190 453 6.6803
191 22 105.845
191 57 42.9988
191 192 68.9049
191 202 28.968
191 203 74.6393
191 297 41.5289
191 311 24.3549
191 324 7.21989
191 392 37.6641
191 399 24.818
192 56 4.03559
192 96 147.802
192 123 4.3864
192 136 2.38075
192 313 97.0205
192 349 57.5032
192 392 26.2239
192 425 3.98846
193 126 36.8308
193 166 26.6741
193 183 79.7914
193 465 78.4233
194 23 83.6204
194 30 78.7156
194 108 74.2558
194 194 64.3359
194 243 82.0665
194 329 26.0548
194 341 28.173
194 360 16.5832
194 379 29.3309
195 143 114.376
195 175 91.0935
195 418 73.8135
196 89 70.1519
196 361 18.7036
196 412 20.4755
196 434 55.9159
197 50 75.8425
197 53 44.8097
197 87 16.1055
197 115 14.423
197 122 42.0575
197 224 8.19202
197 271 40.7667
197 284 55.4214
198 24 3.50705
198 152 33.4256
198 199 40.6752
198 462 10.0433
199 91 16.6989
199 111 62.329
199 204 125.019
199 207 83.7461
199 209 64.0891
199 234 80.5717
199 301 101.831
199 393 97.7168
199 483 53.6583
200 119 6.98577
200 123 6.15391
200 327 19.8957
200 361 18.1363
200 368 19.8601
200 495 56.4848
201 19 24.3788
201 43 66.3879
201 214 96.9474
201 234 67.128
201 259 62.1453
201 330 59.5119
201 347 65.0923
201 367 28.3804
201 428 88.5016
201 433 2
202 43 47.0376
202 187 59.4519
202 256 120.826
202 291 69.0477
202 426 14.6811
202 455 79.8261
202 497 6.33664
203 172 57.3926
203 322 78.5366
204 1 26.266
204 11 60.9522
204 60 39.0367
204 114 18.3147
204 146 4.37161
204 288 117.467
204 308 22.3363
204 335 53.4449
204 471 69.1393
205 39 33.0314
205 77 6.75212
205 107 126.768
205 158 2
205 215 112.602
205 311 17.2503
205 389 10.8611
205 401 38.339
205 408 67.7974
205 422 75.6862
205 431 7.66554
205 476 35.3125
205 492 54.2599
206 66 37.1404
206 172 82.5169
206 392 32.6987
206 398 43.161
206 448 12.04
207 6 40.1619
207 26 23.0735
207 105 96.5662
207 155 22.7155
207 156 25.2923
207 289 76.6403
207 359 101.932
208 20 110.346
208 114 11.3372
208 163 24.4219
208 181 115.85
208 189 79.9456
208 238 12.0479
208 279 28.3546
208 387 77.2198
208 417 106.246
208 454 45.331
209 36 19.4476
209 93 50.3932
209 138 91.4151
209 190 50.1073
209 357 92.6741
209 392 7.92892
209 403 47.8379
209 420 76.5491
210 44 56.1523
210 82 23.7634
210 184 21.9444
210 412 19.4552
210 449 74.3141
211 8 17.4198
211 32 52.7488
211 114 13.3597
211 298 38.1827
211 318 19.3613
211 333 40.134
211 410 84.9903
211 415 25.5338
211 453 11.9373
211 457 75.4533
212 48 106.555
212 82 34.3035
212 106 60.2955
212 215 69.7695
212 277 133.296
212 303 82.9034
212 353 88.9932
213 386 41.2619
213 418 119.433
213 430 62.9668
213 431 7.30673
213 475 83.3312
214 24 7.26179
214 44 78.5968
214 88 48.746
214 421 58.2867
214 441 7.7236
214 445 43.0555
214 466 55.0067
214 468 17.4157
215 25 35.3123
215 54 59.9688
215 93 69.0167
215 149 27.1134
215 232 32.0527
215 262 84.1601
215 288 102.504
215 354 17.0522
215 398 30.1323
215 461 66.3531
215 490 106.417
216 18 60.3209
216 184 39.9191
216 222 62.0281
216 334 9.13092
216 404 92.4663
216 426 17.8396
216 471 90.1234
216 492 74.6673
217 49 50.7132
217 73 17.4771
217 86 30.3296
217 138 144.955
217 173 83.0013
217 179 30.356
217 187 53.2002
217 220 44.6171
217 243 100.917
217 287 50.1942
217 311 25.8398
217 382 73.5264
217 426 17.5824
217 488 69.241
218 27 31.9064
218 44 55.7092
218 168 2.20371
218 213 45.7487
218 394 38.8143
218 425 3.83502
218 461 108.643
219 72 73.0003
219 77 6.5769
219 112 2.35557
219 128 105.135
219 180 19.1602
219 207 79.9411
219 346 27.93
219 354 14.5243
219 357 136.742
219 413 105.431
219 453 9.69309
220 12 51.727
220 63 27.2867
220 67 50.4897
220 93 57.7361
220 107 86.8317
220 172 79.6007
220 174 62.1327
220 190 69.2713
220 197 79.6472
220 242 93.2879
220 322 70.6916
220 378 16.0831
220 395 68.9927
220 430 46.355
221 38 34.4934
221 84 11.0471
221 121 6.54381
221 139 101.48
221 189 94.2812
221 246 75.0291
221 348 53.0635
221 378 17.7324
221 382 114.688
222 48 100.532
222 52 13.1621
222 124 64.1467
222 137 38.4423
222 206 80.9516
222 348 81.3343
223 70 13.6124
223 96 108.839
223 147 112.957
223 265 69.5926
223 266 45.7071
223 294 59.6826
223 309 27.8632
223 469 36.2786
224 51 76.29
224 92 74.918
224 197 65.4566
224 203 106.858
224 306 89.3827
224 336 94.1653
224 390 90.6127
224 416 99.8639
224 460 2
225 102 32.8183
225 123 8.83567
225 124 90.6895
225 130 110.185
225 152 37.5337
225 173 169.87
225 221 24.4332
225 223 51.0373
225 473 2.8019
225 479 51.0955
226 25 44.6432
226 36 26.751
226 259 97.6377
226 266 55.0397
226 337 88.6977
226 351 48.2066
227 47 58.047
227 98 5.97866
227 227 46.3019
227 465 73.73
227 482 92.85
228 62 121.454
228 89 77.1222
228 219 12.2942
228 370 32.4194
228 420 87.7465
228 457 60.2578
228 476 42.4604
229 2 73.9873
229 83 11.7637
229 192 63.7471
229 234 81.5144
229 248 38.0801
229 255 39.7473
229 280 3.48913
229 284 69.7073
229 362 13.0363
229 419 79.5622
229 422 69.7109
230 20 78.8795
230 188 105.324
230 193 73.1214
230 215 107.581
230 238 10.2068
230 321 30.32
230 345 44.1778
230 365 18.7784
230 461 84.8735
231 144 26.4366
231 235 16.3969
231 251 26.5596
231 355 49.1027
231 462 8.20747
232 45 47.9807
232 68 10.793
232 98 8.46871
232 169 26.0009
232 175 76.9098
232 376 104.134
232 383 5.2461
232 463 61.0092
233 69 4.82147
233 86 27.2239
233 159 20.8186
233 203 79.6176
233 289 53.8599
233 305 21.4658
233 387 51.7384
233 402 51.5598
234 115 15.6857
234 149 19.9132
234 150 3.29479
234 167 10.3589
234 205 27.705
234 237 33.8889
234 424 45.4765
235 6 61.1191
235 60 111.061
235 100 4.45478
235 102 23.5457
235 125 56.0729
235 146 5.37825
235 219 10.5176
235 249 4.58209
235 295 11.7024
235 314 44.429
235 378 14.5192
235 379 56.1239
235 395 115.457
235 399 15.4277
236 103 70.0833
236 150 2.19562
236 311 33.1103
237 25 26.6349
237 307 35.7417
237 353 109.036
237 473 2
238 79 50.6383
238 97 67.5689
238 122 30.0204
238 126 31.9375
238 149 31.7772
238 175 114.035
238 223 76.6547
238 229 24.1782
238 354 16.133
238 367 33.5874
239 65 32.9919
239 72 63.2229
239 165 56.4846
240 68 12.8354
240 108 100.525
240 226 63.206
240 270 67.8799
240 352 28.255
240 395 98.0322
240 396 107.628
240 419 37.2595
240 441 13.4678
240 454 59.7032
241 12 57.6789
241 15 124.685
241 96 122.197
241 133 14.2367
241 263 17.8055
241 389 11.6976
242 46 40.3324
242 65 33.763
242 213 61.0411
242 280 3.05119
242 288 118.251
242 304 23.5605
242 310 44.6542
242 352 35.8117
242 354 16.4566
243 7 64.7896
243 56 3.49075
243 98 8.83923
243 141 49.2559
243 253 102.421
243 255 33.1375
243 271 38.7963
243 330 64.4256
243 375 29.5734
243 470 17.8347
243 487 76.3621
244 82 31.3916
244 99 12.0236
244 106 111.791
244 191 29.1158
244 290 46.8791
244 400 11.0498
244 418 135.928
244 470 12.8717
245 61 18.9285
245 211 46.0603
245 290 43.3831
245 328 25.1739
245 337 106.236
245 339 91.6224
245 420 82.1687
245 438 17.5135
245 479 59.1919
246 182 13.2941
246 302 99.4534
246 401 38.8738
247 69 6.19213
247 167 7.55973
247 286 70.6353
247 295 8.76673
247 417 56.2336
248 44 71.0931
248 94 76.4122
248 126 31.2265
248 141 28.8158
248 155 19.3346
248 164 6.91661
248 181 80.4939
248 199 33.655
248 217 43.3341
248 402 47.9757
249 27 37.496
249 33 27.5019
249 260 38.8372
249 291 75.6129
249 403 57.0083
250 68 8.26463
250 134 69.2669
250 440 73.3054
250 467 55.7835
251 27 29.2761
251 54 64.4779
251 117 38.3525
251 144 33.1216
251 215 109.067
251 216 34.8705
251 236 12.7218
251 248 27.3724
251 253 106.99
251 318 17.6516
252 60 79.6625
252 65 22.2323
252 151 85.6737
252 181 108.127
252 234 102.269
252 239 33.0066
252 320 87.5698
252 394 39.4863
252 397 107.012
252 418 83.1164
252 429 49.5341
253 51 69.902
253 85 57.308
253 117 45.2913
253 160 43.0701
253 165 57.2977
253 300 101.206
253 428 92.4227
254 86 36.7564
254 179 46.0438
254 196 50.6192
254 266 43.9828
254 331 15.8002
254 344 58.3954
255 48 94.1111
255 62 56.4179
255 194 41.0397
255 216 22.4907
255 260 54.4265
255 267 27.6325
255 280 3.29638
255 329 16.0089
255 417 90.7335
255 419 73.111
255 429 23.8257
255 470 11.8481
255 482 50.03
256 0 48.6209
256 71 13.5709
256 76 72.4017
256 140 64.8884
256 207 90.7232
256 369 30.8216
256 395 69.5062
256 463 95.8556
256 489 111.765
256 498 31.5038
257 184 30.5966
257 187 74.6923
257 232 42.9528
257 311 18.121
257 401 55.6406
257 460 2
257 472 65.584
257 481 58.8847
257 489 90.0295
258 94 45.3188
258 126 49.0216
258 147 96.8455
258 228 145.901
258 229 42.7847
258 272 108.817
258 370 25.8171
258 378 12.1223
258 401 42.5577
258 468 16.4032
258 479 47.9755
259 110 39.637
259 144 43.1145
259 164 5.61494
259 169 31.4384
259 300 81.8846
259 390 79.7964
259 464 77.4479
260 0 52.7281
260 66 44.5301
260 71 12.4289
260 126 34.512
260 128 96.8444
260 161 111.013
260 191 33.8525
260 198 87.9916
260 446 92.3009
260 488 72.589
261 26 23.039
261 29 19.709
261 47 48.3485
261 69 6.12243
261 86 33.4485
261 103 61.9171
261 251 54.7481
261 257 38.5571
261 281 93.8564
261 293 45.8599
261 315 65.2866
261 361 24.7817
261 426 15.5786
261 469 63.4811
262 24 10.2265
262 44 48.2979
262 105 125.695
262 121 10.0297
262 303 113.836
262 344 125.055
262 413 46.8588
263 27 29.9015
263 365 27.0499
263 416 67.2765
263 420 95.3706
264 121 10.4846
264 172 72.2523
264 181 59.0673
264 192 78.1665
264 233 86.7169
264 430 67.1024
265 116 50.446
265 268 12.605
265 272 111.952
265 301 74.4726
265 308 9.79671
265 337 79.6039
265 339 124.381
265 405 46.2368
265 424 27.5021
266 21 12.9437
266 35 8.93348
266 78 90.1907
266 187 59.7228
266 205 45.0234
266 269 52.7672
266 280 3.38693
266 306 98.3512
266 322 72.3124
266 381 11.1823
266 423 36.5358
266 472 70.5944
267 192 50.3112
267 277 67.603
267 340 15.7322
267 341 33.6676
267 351 34.0124
268 23 46.6978
268 173 99.5924
268 315 32.4961
268 393 90.3047
268 440 63.6146
269 103 46.4782
269 141 40.8216
269 221 11.337
269 245 83.2563
269 303 115.787
269 318 23.9533
269 367 33.7368
270 116 57.7265
270 336 95.2751
270 343 5.3145
270 387 92.9578
271 32 30.6529
271 145 5.21267
271 163 25.8666
271 270 76.6681
271 292 101.721
271 310 82.8478
271 383 4.75065
271 422 54.8403
271 455 60.4328
272 57 56.1178
272 121 14.8133
272 283 27.436
272 307 32.2233
272 414 44.268
272 416 71.9025
272 468 30.921
272 490 94.3137
273 69 6.48617
273 115 15.0339
273 116 55.335
273 274 31.0227
273 314 61.5234
273 322 90.8738
274 220 46.1138
274 244 2.03422
274 256 115.2
274 297 43.6152
274 434 72.8306
274 473 2.52242
275 9 12.0215
275 91 29.9225
275 94 67.978
275 127 68.1651
275 156 27.9021
275 270 57.9475
275 393 97.5446
275 413 108.659
275 463 74.1769
275 476 36.5416
276 57 39.9564
276 91 22.1043
276 133 15.2229
276 145 4.88579
276 154 62.6146
276 250 51.8561
276 257 42.4266
276 259 59.9763
276 308 15.2212
276 367 36.0168
276 371 32.9819
276 401 53.8084
276 407 52.2474
277 84 17.0821
277 127 94.575
277 170 6.76574
277 180 16.3178
277 329 23.0524
278 1 36.5266
278 3 23.3066
278 31 16.7115
278 78 79.0448
278 79 47.7849
278 193 92.8203
278 195 84.6828
278 228 104.179
278 360 19.4986
278 361 11.5125
278 380 53.4555
278 393 109.399
278 394 34.5595
279 26 23.727
279 66 27.8437
279 87 11.1248
279 147 117.418
279 276 2.87656
279 298 39.1102
279 328 21.0121
279 359 75.0343
279 405 68.8816
279 453 7.31749
279 463 98.082
279 490 76.5324
280 22 77.8683
280 49 98.4187
280 84 8.86146
280 204 67.0494
280 224 10.6814
280 270 80.3735
280 318 25.3589
280 345 49.5642
280 353 76.8951
280 496 30.028
281 39 37.5818
281 45 64.8598
281 76 44.7325
281 95 43.1789
281 202 27.7386
281 358 94.4607
282 10 105.41
282 30 95.3424
282 312 111.374
282 395 97.2802
283 26 16.8053
283 128 146.957
283 132 45.5243
283 158 3.15611
283 363 19.524
283 374 34.3573
284 50 91.857
284 123 5.99932
284 212 62.192
284 300 116.327
284 434 64.9647
285 9 13.9261
285 51 55.9615
285 89 83.0887
285 94 64.5077
285 122 36.6462
285 272 84.3299
285 292 77.5374
285 331 14.4291
285 333 59.2335
285 342 9.67108
285 381 20.2736
285 420 66.0131
286 36 38.0448
286 91 34.6312
286 97 83.3901
286 103 42.7539
286 224 13.1334
286 305 17.0767
286 361 24.2264
287 60 52.8188
287 184 31.9193
287 190 58.3133
287 275 82.7579
287 277 116.976
287 282 82.2473
287 431 5.27917
287 484 77.6279
288 86 21.9767
288 269 52.9052
288 320 69.0194
288 383 3.27722
288 452 35.6915
288 453 8.70863
288 477 41.3817
288 490 88.5419
289 66 48.4419
289 146 3.74819
289 159 16.1401
289 204 76.2913
289 343 4.97176
289 405 84.6221
289 432 87.3922
289 492 32.5373
290 0 54.9565
290 112 3.36984
290 124 79.0965
290 126 37.4509
290 157 4.64448
290 214 79.3947
290 223 118.855
290 228 122.594
290 237 68.9275
290 341 29.4276
290 360 12.7946
290 377 106.707
291 58 42.0324
291 59 82.0469
291 73 15.5865
291 123 5.79824
291 223 59.1701
291 293 38.4487
291 389 10.842
291 463 82.3486
291 464 70.5625
291 467 57.0909
292 110 37.9445
292 217 63.9357
293 240 19.4433
293 417 81.3214
293 489 77.8485
294 54 48.255
294 197 92.0974
294 209 39.3044
294 250 39.2242
294 291 111.535
294 302 74.6205
294 328 25.5895
294 392 24.8268
294 422 68.7801
294 448 19.4757
294 487 73.2087
295 50 49.7786
295 127 42.2051
295 294 94.6312
295 299 40.8987
295 384 3.54799
295 433 2
296 3 26.8542
296 74 88.074
296 76 56.8183
296 99 11.7663
296 108 115.599
296 117 35.4494
296 196 58.0876
296 222 55.0319
296 279 44.8424
296 300 60.2757
296 472 90.7515
297 43 64.5943
297 51 73.0412
297 231 2
297 330 63.1441
297 376 83.6994
297 418 62.5496
297 487 60.2813
297 488 63.9721
298 149 31.7645
298 152 44.0718
298 169 21.4122
298 186 60.2137
298 476 52.7452
299 11 57.1945
299 30 47.1697
299 126 47.0769
299 128 56.8328
299 161 82.2166
299 184 31.708
299 195 56.4892
299 196 61.3835
299 283 34.078
299 287 73.9897
299 296 14.8731
299 400 14.1034
299 410 97.9599
300 16 72.7729
300 36 30.8993
300 69 5.61577
300 86 31.7973
300 112 3.5174
300 192 12.4877
300 194 77.6737
300 309 21.0809
300 345 51.328
300 376 116.012
300 381 23.8221
300 446 88.3865
300 467 51.2538
300 479 41.1676
301 116 83.8929
301 358 46.9051
301 406 64.6624
302 20 131.697
302 28 36.1566
302 34 32.5844
302 62 93.6913
302 86 29.1205
302 99 12.2059
302 137 31.0714
302 216 37.8117
302 230 18.8435
302 285 67.8133
302 389 10.5664
302 400 14.2808
302 409 4.0434
302 414 48.0542
303 236 12.2777
303 266 35.8602
303 392 35.2989
304 66 61.557
304 79 41.4176
304 179 64.5727
304 195 101.312
304 268 36.6823
304 318 16.0641
304 381 21.1796
304 467 64.1625
304 496 75.402
305 29 23.8544
305 108 75.4122
305 206 81.0651
305 375 25.6418
306 14 45.9747
306 57 49.8282
306 424 46.8921
307 143 88.6365
307 156 27.3137
307 230 21.6556
307 291 93.5342
307 330 54.6484
307 341 12.3613
307 377 50.6902
307 432 127.87
308 33 42.0046
308 125 87.9068
308 182 14.3672
308 257 34.8997
308 293 45.2049
308 360 16.3722
308 469 78.9897
309 3 28.1995
309 104 34.1203
309 115 13.1392
309 284 59.8449
309 311 13.5837
309 421 83.539
310 22 108.506
310 66 30.2895
310 206 80.6323
310 297 44.6345
310 394 21.6862
310 458 39.986
311 31 11.6719
311 32 64.0586
311 37 95.1734
311 124 76.6203
311 184 26.5951
311 211 42.9614
311 361 11.8887
311 451 20.6742
312 12 45.9302
312 43 46.9107
312 421 55.0479
312 444 106.4
313 14 72.4071
313 48 90.4164
313 78 79.1847
313 83 13.0684
313 111 88.0091
313 229 30.5738
313 270 69.1724
313 310 57.0192
313 345 61.8879
313 349 91.9814
313 353 87.2648
313 387 60.2801
313 405 73.3078
313 464 59.409
313 478 33.751
314 18 50.5702
314 66 31.8225
314 107 98.5759
314 133 18.9592
314 183 47.3172
314 256 69.5878
314 298 40.0153
314 486 65.137
315 29 10.0055
315 107 82.4042
315 120 21.3756
315 163 29.0735
315 173 107.412
315 218 35.9495
315 289 95.4263
315 349 76.0932
315 437 34.4404
315 489 75.8049
316 46 58.4618
316 74 60.6043
316 179 43.0433
316 338 65.9531
316 364 82.7741
316 438 13.8051
316 443 70.0563
316 449 91.4727
316 452 30.9371
316 459 3.09805
316 474 34.0602
317 42 97.2539
317 106 86.6123
317 254 79.7266
317 269 46.735
317 292 108.763
317 426 23.3053
317 444 94.3663
317 450 34.5731
318 226 72.9254
318 258 7.96653
318 288 70.1661
318 410 87.2564
318 464 102.393
318 481 76.6998
319 43 74.7747
319 258 7.67045
319 294 101.329
319 350 73.0076
319 395 57.2914
319 452 62.4845
320 37 61.397
320 62 66.4569
320 125 97.3894
320 136 3.61127
320 248 31.858
320 263 16.6307
320 329 17.0758
320 362 15.1308
320 484 71.7149
321 21 15.1881
321 70 19.2949
321 105 111.373
321 189 80.8909
321 209 56.2961
321 228 89.0355
321 249 9.64188
321 272 154.544
321 461 128.239
321 467 70.0692
321 471 69.8461
321 472 49.8965
322 64 54.6023
322 183 38.1913
322 189 77.0368
322 252 16.0945
322 297 38.4897
322 344 82.4109
322 422 75.398
322 491 44.5705
323 3 19.9539
323 156 30.8875
323 182 10.4084
323 204 109.782
323 209 74.2413
323 238 13.144
323 386 53.2026
323 394 41.4844
323 407 64.9847
323 476 30.7209
323 484 47.8824
324 77 9.58459
324 108 77.9699
324 173 91.2736
324 395 106.131
324 421 33.213
324 469 62.5551
325 58 50.9516
325 79 14.1094
325 89 70.193
325 98 8.33226
325 178 94.5421
325 233 53.4697
325 257 13.2064
325 272 96.7573
325 308 18.9312
325 315 66.1787
325 367 47.5259
325 418 52.173
326 87 17.6848
326 197 77.7329
326 206 48.9209
326 246 58.2039
326 256 88.8192
326 331 18.2548
326 333 44.8155
326 402 59.9786
326 447 81.4747
326 455 98.9192
327 10 98.9146
327 18 46.6991
327 43 45.896
327 120 13.0927
327 201 107.247
327 222 29.1165
327 234 94.6023
327 282 95.5883
327 307 15.1282
328 61 15.8843
328 91 32.5686
328 181 118.659
328 211 59.8487
328 250 55.3935
328 346 22.0361
328 411 23.6401
328 424 46.7012
329 30 68.5246
329 259 62.4478
330 30 55.9371
330 44 53.6354
330 57 43.241
330 233 81.6401
330 356 98.6811
330 439 58.5829
331 53 67.403
331 74 63.6041
331 98 7.97012
331 139 73.2899
331 278 43.3807
331 461 59.6971
331 477 32.2017
332 93 84.9774
332 177 106.393
332 182 12.5673
332 223 107.906
332 230 41.0665
332 372 35.1734
333 13 19.8693
333 180 13.8056
333 199 44.8059
333 363 28.0735
333 472 33.9682
333 487 128.666
334 5 90.0026
334 43 55.6621
334 233 97.6099
334 251 63.6328
334 368 17.1234
334 462 7.71558
335 105 92.5561
335 222 37.6197
335 304 34.3714
335 378 13.3165
335 393 91.0744
335 402 46.5971
336 171 87.4645
336 207 53.7403
336 234 84.5187
336 305 18.4894
336 326 127.534
336 370 18.7772
336 429 39.6549
336 452 47.6927
336 492 81.4859
337 56 3.21298
337 206 67.5242
337 278 32.6776
337 283 9.68481
337 387 86.3909
337 406 54.0033
338 6 46.7244
338 26 23.48
338 87 14.4529
338 376 73.9448
338 404 100.563
338 455 92.2669
339 39 51.8174
339 74 71.9293
339 99 7.33825
339 156 31.027
339 221 19.1343
339 228 55.9931
339 261 29.4448
339 272 49.0965
339 296 13.636
339 298 21.2245
339 323 63.2322
339 324 5.66437
339 380 77.1123
339 489 102.165
340 301 88.3874
340 373 26.7465
340 435 64.8618
341 1 40.0872
341 161 94.832
341 337 96.833
341 374 36.9697
341 398 27.9846
341 401 41.9393
341 424 49.061
342 137 33.9982
342 147 91.6924
342 167 9.68225
342 189 75.2206
342 217 69.1014
342 349 66.2935
342 355 44.9078
342 432 94.6527
343 61 15.2382
343 211 33.8335
343 223 116.237
343 390 52.7412
344 221 21.3878
344 276 2.28541
344 328 21.4727
344 356 83.8707
344 450 35.6641
345 67 78.7978
345 163 21.392
345 180 18.651
345 190 96.6181
345 192 76.6786
345 197 73.761
345 224 14.3524
345 238 11.0784
345 249 6.7483
345 411 51.9616
346 40 3.37538
346 43 63.1383
346 69 6.31734
346 124 88.2535
346 139 82.0332
346 186 85.5179
346 287 76.3478
346 329 16.2885
346 413 92.6558
346 462 7.21236
347 177 72.5458
347 234 99.2244
347 472 98.0691
348 162 11.3755
348 327 25.9488
348 343 7.40998
348 401 54.8191
348 426 11.3456
348 469 34.4907
348 473 2.06024
348 478 40.087
349 31 9.3531
349 57 75.7281
349 204 58.1696
349 233 90.121
349 325 117.634
349 336 41.5872
349 376 48.9726
349 438 14.8016
349 452 46.6643
349 483 62.8517
350 74 79.1362
350 88 59.6218
350 89 117.495
350 109 69.3068
350 235 14.8856
350 240 25.5126
350 316 14.855
350 319 10.3013
350 357 103.332
351 7 63.4516
351 101 15.1129
351 171 94.4496
351 331 13.9911
351 335 29.0548
351 375 28.1856
351 484 62.8324
352 53 36.9098
352 77 11.0583
352 79 31.1573
352 191 39.5048
352 227 75.1254
352 480 19.8638
352 490 71.1445
352 493 106.339
353 4 65.0486
353 64 64.9493
353 111 80.9
353 136 2.62032
353 334 8.63059
353 485 14.5928
353 495 64.9321
354 63 27.6396
354 64 39.1489
354 99 9.50401
354 156 26.8828
354 224 9.4056
354 442 115.755
355 9 9.57988
355 24 7.84074
355 166 19.1373
355 209 83.321
355 211 37.8723
355 343 8.21454
355 347 124.976
356 86 32.7225
356 151 86.972
356 251 77.6863
356 280 4.29035
356 314 56.741
356 376 80.6367
356 381 21.6742
356 382 92.3256
357 17 34.7669
357 71 18.2263
357 74 59.4562
357 95 38.0258
357 152 44.5184
357 219 16.6876
357 319 7.21572
357 355 44.4544
357 371 26.7918
357 375 27.6858
357 451 26.7314
358 106 93.1775
358 127 96.4871
358 143 90.8455
358 314 68.7201
358 475 94.1577
359 3 22.3724
359 161 100.696
359 208 25.2395
359 244 2
359 247 32.2211
359 461 64.397
359 496 75.6214
360 126 28.6332
360 246 71.92
360 344 81.4309
360 355 56.8573
360 448 25.4722
361 12 44.0093
361 90 60.581
361 275 78.3518
361 293 29.362
361 322 69.5316
361 327 18.5046
361 413 63.0112
361 432 80.1121
361 499 82.5088
362 16 100.05
362 105 89.049
362 157 8.4332
362 174 102.001
362 221 11.717
362 230 17.485
362 357 134.498
362 464 110.16
363 59 73.4452
363 78 102.795
363 91 29.0092
363 179 71.8966
363 211 37.7366
363 222 53.2637
363 431 5.14997
363 451 21.4658
364 104 38.9922
364 196 62.1334
364 211 42.1437
364 250 41.07
364 298 40.3455
364 302 91.9926
364 310 62.9187
364 327 22.0228
365 67 61.4651
365 197 46.1091
365 201 125.236
365 203 55.2441
365 231 2
365 275 50.2531
365 321 59.2747
365 344 63.0073
365 431 5.12298
366 77 7.52923
366 131 52.7288
366 146 6.07255
366 225 6.4808
366 278 21.272
366 340 22.7483
366 444 85.3824
367 66 47.1315
367 92 92.7942
367 221 15.0926
367 231 2.1452
367 262 100.017
367 360 12.6782
367 383 4.708
367 428 100.251
367 492 62.7992
368 60 85.879
368 311 23.0676
368 328 48.9269
368 379 48.661
368 433 2
368 475 84.1657
368 479 76.7468
368 487 95.7206
369 47 61.241
369 136 2.72481
369 204 97.5263
369 270 79.1073
369 277 101.921
369 279 26.1126
369 323 77.0075
369 342 8.02111
369 428 84.3432
369 480 25.1981
369 484 99.9434
370 56 3.65673
370 196 74.784
370 217 29.6995
371 38 44.2495
371 51 86.9434
371 61 19.2273
371 171 103.402
371 173 100.675
371 303 91.9671
371 351 33.6467
371 370 21.2165
371 442 70.2615
371 490 85.2383
372 31 18.7557
372 67 89.3157
372 104 39.6852
372 344 79.5462
372 431 7.01914
373 16 59.6532
373 264 11.2599
373 444 125.04
373 446 109.958
373 451 6.05019
373 482 94.2154
374 51 86.5056
374 62 93.2178
374 174 33.8926
374 266 54.4799
374 339 118.97
374 370 7.75707
374 433 2
375 48 69.934
375 131 93.6601
375 162 19.8277
375 177 80.2249
375 188 94.6584
375 215 106.638
375 267 24.5369
375 316 16.4882
375 401 48.4976
375 405 54.9429
376 44 63.7995
376 110 60.4382
376 123 4.26655
376 327 19.9551
376 414 44.09
377 17 55.9212
377 28 96.974
377 77 6.45099
377 108 114.645
377 255 44.3053
377 340 18.0398
377 439 33.2185
377 451 16.9525
377 498 29.3739
378 39 58.4944
378 168 2
378 171 85.5277
378 200 7.50443
378 214 119.406
378 319 5.62422
378 325 91.948
378 344 78.7769
379 83 16.83
379 117 46.0524
379 123 3.14572
379 125 49.11
379 274 17.0945
379 293 33.9428
379 379 47.5234
379 406 97.0249
379 484 87.0338
380 58 26.4364
380 121 13.3356
380 142 125.199
380 200 16.3916
380 343 4.09439
380 482 51.6723
381 82 21.6755
381 169 31.3485
381 190 57.8413
381 301 111.27
381 361 11.8366
381 411 32.4823
381 436 64.3091
381 499 91.4277
382 177 62.8915
382 240 25.6316
382 263 17.5
382 267 27.2923
382 313 66.2006
382 490 96.6162
383 109 68.627
383 134 42.2536
383 148 62.1064
383 202 45.1237
383 272 106.787
383 361 14.8087
383 378 27.6396
383 483 77.0057
384 133 12.2402
384 147 74.4431
384 194 42.8713
384 318 11.3211
384 349 93.926
384 393 72.4682
384 405 80.0486
384 463 92.1462
385 39 49.8524
385 48 95.9044
385 77 8.96971
385 247 39.0481
385 251 58.3408
385 267 31.9743
385 328 33.7216
385 332 11.2804
385 334 10.5485
385 377 98.3272
385 386 61.0721
385 413 88.3413
385 420 127.716
386 185 107.24
386 344 90.7116
387 152 42.9538
387 177 52.2456
387 218 39.0092
387 229 42.1871
387 481 50.4004
388 217 35.364
388 336 94.856
388 348 62.3066
388 409 5.32112
388 426 20.8847
388 498 21.3572
389 219 10.9177
389 237 57.6038
389 427 52.14
390 5 103.96
390 23 81.7959
390 68 13.8511
390 132 33.4257
390 286 70.7691
390 308 17.1652
390 327 15.9281
390 353 73.7733
390 357 109.156
390 363 25.4312
390 469 59.1681
391 1 31.1225
391 108 100.171
391 243 64.1246
391 321 60.2549
391 348 102.473
391 419 77.3249
392 1 31.2912
392 24 10.4138
392 113 60.3984
392 128 52.7403
392 206 58.7249
392 229 66.5649
392 408 39.5014
392 469 75.1601
392 494 69.5645
393 327 14.0066
393 361 11.2401
394 85 72.6176
394 114 16.8685
394 159 24.6895
394 196 72.1224
394 279 40.0175
394 352 34.5274
394 420 123.984
394 463 67.7693
395 104 21.637
395 277 67.7196
395 314 48.0861
395 322 103.445
395 366 78.5674
395 438 13.8295
395 485 14.3463
396 37 106.419
396 210 35.3547
396 330 50.5393
396 345 35.3912
396 350 121.755
396 353 112.132
396 376 51.2062
396 387 87.8974
396 456 7.87607
396 459 3.13132
397 70 14.5008
397 148 50.9055
397 217 86.9934
397 496 62.6477
398 90 83.8927
398 124 58.4581
398 153 50.6732
398 176 8.01755
398 196 83.0965
398 238 8.10507
398 350 80.6071
398 416 99.7883
398 464 77.3734
399 57 62.4432
399 66 33.5529
399 184 40.6334
399 364 51.7989
399 432 78.6735
399 484 114.555
400 235 17.8124
400 492 79.0966
401 53 60.6511
401 78 73.1266
401 86 28.5336
401 105 86.8039
401 191 41.3537
401 390 70.1019
401 399 19.8959
401 414 35.8932
401 438 14.6323
401 447 70.0933
402 84 14.4851
402 104 39.6597
402 171 110.417
402 188 93.1651
402 246 95.3542
402 360 13.9521
402 428 95.2223
403 25 29.3689
403 139 94.546
403 243 67.477
403 414 33.9982
403 459 3.36698
404 58 62.229
404 120 19.9224
404 244 2.10253
404 296 16.5352
404 306 109.117
404 308 23.9567
404 411 43.5379
404 443 71.2511
404 482 64.559
404 494 67.7872
405 45 52.3845
405 171 98.9606
405 258 6.90009
405 271 56.698
405 356 61.1461
405 440 59.9667
405 488 55.3247
406 63 40.4443
406 125 87.3743
406 265 58.8374
406 345 52.8046
406 383 6.68699
406 401 26.0453
406 427 28.3795
406 457 41.3933
406 476 35.0952
407 37 109.911
407 150 3.73214
407 207 82.8687
407 361 19.2236
407 371 20.7264
408 46 31.2425
408 59 33.4184
408 96 88.8195
408 131 92.5641
408 164 9.54782
408 415 27.1155
409 47 69.2734
409 244 2
409 278 36.2045
409 372 46.6768
410 21 7.84749
410 188 74.0979
410 388 80.1236
410 406 84.2721
410 466 41.4948
411 52 7.79447
411 81 44.2418
411 153 36.6274
411 240 25.9779
411 255 36.5453
411 321 27.994
411 333 67.4201
411 401 47.3572
411 456 13.2758
411 486 66.8761
412 29 18.5547
412 67 53.3189
412 110 61.1185
412 142 84.824
412 167 11.8378
412 249 6.06287
412 291 70.1635
412 346 51.7672
412 355 37.5514
412 461 107.198
413 122 32.7439
413 142 90.078
413 191 33.5574
413 209 87.933
413 480 26.2367
414 13 12.8215
414 39 39.1085
414 132 79.597
414 158 2.46639
414 217 67.8782
414 363 20.5785
414 380 78.9172
414 391 6.45341
414 446 118.253
414 455 76.2126
414 466 41.8277
415 0 35.8011
415 49 64.3512
415 57 65.2687
415 139 43.5862
415 237 54.3527
415 295 10.3417
415 365 33.2157
415 393 105.815
415 447 46.7561
415 474 46.7134
416 10 88.9259
416 27 26.8574
416 30 74.3698
416 64 37.6864
416 254 57.1274
416 343 6.18539
416 377 136.128
416 402 47.7898
416 441 14.4568
416 456 12.1833
416 476 34.051
416 492 55.4419
416 494 47.9886
417 105 116.211
417 187 56.2096
417 239 43.3604
417 250 37.4471
417 322 113.017
417 330 62.5663
417 344 89.3926
417 471 94.8368
418 125 81.9459
418 126 50.8577
418 214 112.587
418 239 32.4518
418 294 94.0957
418 359 110.587
418 388 83.2021
418 447 69.7987
418 473 2.60096
419 3 28.5339
419 44 79.2238
419 68 9.9778
419 140 56.2937
419 217 35.9071
419 326 70.3585
419 429 35.3218
419 436 75.0918
419 455 117.517
420 305 19.0759
420 330 45.4849
420 334 7.58124
420 358 78.0524
421 47 58.9556
421 215 101.367
421 249 7.02803
421 276 2.84625
421 428 101.906
421 482 77.7072
422 53 70.1614
422 83 9.85516
422 114 13.6858
422 178 113.277
422 201 53.9721
422 225 7.56
422 248 38.1355
422 462 8.83733
422 473 2.891
423 49 89.1624
423 86 33.4848
423 90 90.5765
423 97 75.2599
423 126 60.5402
423 271 69.8196
423 461 80.7028
424 1 50.6407
424 30 81.5908
424 241 48.4956
424 264 7.12582
424 363 36.2883
424 375 36.1795
424 415 20.2084
424 442 84.8556
425 215 82.2447
425 226 57.1854
425 234 70.6818
425 285 70.6154
425 341 28.1249
425 347 73.1833
426 167 5.87993
426 224 12.9035
426 324 8.80313
426 403 63.4933
426 451 22.9243
427 56 5.01033
427 112 2.2024
427 151 68.7482
427 205 46.3262
427 211 49.9862
427 318 10.4198
427 353 90.3344
428 101 18.0511
428 415 24.4332
429 72 47.577
429 112 3.22432
429 135 5.39451
429 171 82.8991
429 175 76.502
429 334 8.40405
429 358 48.7716
429 418 71.1176
430 18 91.7846
430 104 46.4501
430 133 11.9202
430 139 98.8146
430 191 32.5014
430 325 113.151
430 362 17.8186
430 466 56.3942
431 16 43.781
431 26 21.0885
431 65 13.9392
431 90 86.5447
431 130 92.3886
431 207 78.5243
431 295 9.09692
431 304 31.7692
431 347 107.735
432 23 35.8911
432 79 63.8867
432 88 60.4903
432 195 76.3669
432 300 95.3761
432 399 15.7433
433 17 38.9612
433 18 72.4623
433 92 60.8826
433 162 17.4084
433 217 54.1227
433 329 22.0692
433 390 56.198
433 407 83.8399
433 422 68.8595
433 431 8.76872
433 473 2.90112
434 5 79.9815
434 69 7.3332
434 98 8.51145
434 137 29.5198
434 295 10.3412
434 323 77.9878
434 432 107.871
435 104 47.345
435 154 74.1353
435 202 50.6156
435 219 11.1816
435 237 78.805
435 293 44.1279
435 350 146.855
435 363 25.898
436 6 62.8301
436 51 88.6599
436 57 88.0421
436 76 77.0704
436 301 103.653
436 324 10.043
436 380 57.1428
436 408 93.007
436 466 29.0099
436 486 64.9164
437 56 5.43833
437 70 22.6926
437 73 10.2021
437 296 11.9573
437 346 55.0028
437 349 87.2757
437 415 17.9837
437 487 79.6366
438 38 87.1586
438 88 43.8863
438 187 63.4179
438 317 9.82705
438 481 95.1124
439 19 23.2705
439 80 7.79711
439 98 9.46266
439 162 10.2083
439 188 80.2646
439 287 60.5435
439 378 25.741
439 411 51.8945
439 417 102.576
439 473 3.07893
440 24 10.9055
440 167 8.79826
440 175 154.768
440 190 80.3024
440 220 52.0168
440 224 8.74741
440 412 25.0252
441 109 87.8302
441 157 5.4124
441 269 59.9725
441 314 51.4856
441 355 42.451
442 177 102.873
442 211 32.4878
442 220 31.1324
442 239 33.1404
442 260 62.2059
442 335 42.3636
443 5 98.2279
443 136 3.56167
443 179 58.7536
443 226 75.4887
443 329 14.6172
443 389 11.296
444 57 63.3387
444 93 73.4581
444 97 87.2953
444 304 35.8885
444 461 75.9472
445 260 73.5186
445 294 151.04
445 369 20.2285
446 36 30.9044
446 49 98.8883
446 100 3.58008
446 195 97.5162
446 232 40.1403
446 288 82.1134
446 311 24.8114
446 326 87.24
446 362 20.9752
446 409 4.30812
446 411 20.972
446 455 115.393
447 8 16.0934
447 36 23.6065
447 109 43.3443
447 163 22.4336
447 255 40.5994
447 261 18.1576
447 396 103.232
447 401 55.4818
447 473 3.33978
447 477 33.8631
447 496 36.7595
448 68 13.8528
448 80 6.59406
448 155 18.484
448 184 26.7089
448 247 36.5771
448 286 81.7882
448 445 35.3678
449 28 84.9195
449 201 92.5853
449 241 33.1863
449 246 67.0263
449 259 58.0369
449 304 30.2293
449 313 43.4386
449 396 94.5488
449 400 17.2947
449 478 40.2406
449 482 97.3201
449 495 28.2121
450 69 6.00741
450 347 140.022
450 360 22.5587
450 373 19.1564
450 405 98.5854
451 262 82.3124
451 296 15.0229
451 307 31.2174
451 368 13.4195
452 145 5.55343
452 156 15.1304
452 207 93.629
453 122 48.9734
453 140 85.7664
453 168 2.16606
453 243 101.45
453 338 57.4012
453 463 54.5144
453 470 15.3885
454 115 13.1745
454 127 104.695
454 168 2
454 172 77.5105
454 283 31.3033
454 383 5.31715
454 409 4.79281
455 181 82.5102
455 343 6.48865
455 358 70.9051
455 409 3.55595
455 420 106.196
455 439 42.1037
455 443 71.1059
455 466 48.1056
455 498 25.3048
456 3 16.1422
456 44 23.6229
456 68 14.2977
456 72 31.5027
456 98 6.94242
456 175 45.6648
456 219 15.7159
456 230 23.011
456 259 60.5066
456 370 17.1782
456 414 57.6289
456 472 68.5093
456 475 62.2825
457 197 89.1891
457 204 90.224
457 231 2.00338
457 262 99.4329
457 355 57.4377
457 407 43.1791
457 411 27.8022
457 492 63.2569
457 498 14.1673
458 51 120.329
458 86 35.0898
458 179 60.3912
458 194 60.8501
458 222 66.7905
458 237 46.2539
458 290 40.7456
458 313 33.2925
458 330 75.7318
458 335 38.5327
458 338 92.6832
458 416 58.713
458 470 19.732
459 47 62.5734
459 53 59.2134
459 62 101.206
459 114 15.3031
459 130 144.06
459 239 45.7601
459 357 107.115
460 20 77.8902
460 44 79.3547
460 109 21.5646
460 112 2.72661
460 159 31.2379
460 161 103.51
460 302 104.771
460 388 83.9233
460 434 54.067
461 69 7.07393
461 77 7.52056
461 92 95.7018
461 167 10.401
461 204 76.6613
461 233 68.5273
461 238 9.14115
461 425 4.05466
462 35 12.2218
462 78 82.0587
462 141 45.259
462 176 6.73981
462 216 26.1015
462 254 50.7016
462 265 82.0946
462 268 41.4306
462 319 6.18923
462 375 26.6533
462 418 97.9295
462 440 54.9393
463 77 7.52812
463 98 6.92458
463 161 94.9966
463 183 42.2121
463 272 117.916
464 14 66.2085
464 47 40.1914
464 86 35.4753
464 128 65.4541
464 141 55.3948
464 170 5.58244
464 214 92.7529
464 264 13.2918
464 275 88.8416
464 280 3.12533
465 18 76.0132
465 205 32.48
465 240 21.4922
465 387 78.4243
465 471 39.5746
466 163 16.6254
466 177 103.594
466 182 13.3562
466 183 41.4408
466 215 65.7473
466 236 14.4998
466 240 19.0854
466 305 18.8528
466 309 19.3098
466 377 124.869
466 385 85.2256
466 418 70.87
467 9 22.4334
467 51 128.372
467 81 45.9996
467 131 71.9323
467 176 9.43254
467 191 52.064
467 198 119.251
467 282 77.5344
467 410 100.267
467 419 66.8871
467 465 61.4999
468 2 53.0837
468 115 10.7135
468 137 44.6482
468 156 24.381
468 213 84.2086
468 218 40.4856
468 265 43.4536
468 317 10.1905
468 370 20.8813
468 417 68.5209
468 438 20.6855
469 16 119.996
469 135 8.01588
469 221 15.2581
469 245 39.3147
469 257 44.87
469 376 84.5689
469 438 11.0423
470 25 36.0569
470 73 9.30477
470 221 19.4781
470 353 74.3471
470 372 47.7365
470 390 78.9726
470 402 47.2969
470 470 16.2537
470 486 33.1383
471 31 14.8619
471 127 67.616
471 262 110.811
471 281 65.4849
471 381 14.8835
471 426 15.7253
471 470 21.7688
472 98 6.33387
472 99 7.87823
472 137 40.517
472 175 94.9343
472 263 17.5164
472 427 30.8386
472 459 3.21429
472 463 100.821
472 475 40.6368
473 30 12.5095
473 39 45.6489
473 74 33.6413
473 420 111.949
474 56 5.41502
474 77 8.91367
474 85 76.9109
474 213 49.0205
474 250 56.0895
474 396 133.663
474 476 31.7185
475 1 37.837
475 253 112.002
475 279 27.3421
475 280 2.94651
475 300 97.0192
475 356 71.2209
475 419 63.7993
476 33 27.9628
476 44 87.8823
476 86 34.2953
476 440 66.9617
476 470 16.7559
477 9 17.6767
477 83 6.10611
477 291 58.7025
477 342 10.0184
477 348 62.0117
477 367 27.2251
477 406 124.706
478 7 47.3621
478 222 35.8333
478 259 30.1462
478 384 3.07743
479 28 69.0372
479 132 59.2073
479 151 53.8676
479 161 104.542
479 292 84.2238
479 380 63.814
479 391 9.29565
479 437 52.2446
480 6 41.2656
480 23 40.1513
480 51 85.0005
480 81 42.2025
480 233 101.826
480 344 76.706
480 454 47.2652
481 223 105.967
481 253 65.8858
481 262 121.914
481 276 2.74048
482 26 24.8685
482 43 33.7997
482 67 53.0583
482 120 11.9738
482 235 23.764
482 249 9.27235
482 278 42.6984
482 337 127.031
482 371 22.3298
482 413 99.6124
482 463 100.45
483 1 32.3557
483 40 3.3972
483 100 3.7821
483 117 39.0504
483 222 19.8363
483 287 32.5418
483 340 15.8275
483 344 103.955
483 382 74.1328
483 397 161.509
483 424 36.3123
484 28 68.1614
484 41 35.3134
484 90 67.7023
484 140 79.3404
484 155 30.936
484 174 74.1979
484 182 14.1924
484 252 23.8089
484 368 15.523
484 381 14.4682
484 471 106.179
484 485 15.9298
485 40 3.06511
485 111 136.224
485 115 15.4981
485 152 42.9167
485 163 22.4619
485 199 47.762
485 328 18.8483
485 340 9.27979
485 465 62.4835
486 24 8.78961
486 124 117.211
486 303 128.274
486 361 11.2732
486 373 30.6315
486 461 130.385
487 17 64.8376
487 97 100.82
487 166 27.6802
487 195 64.2156
487 220 43.5296
487 321 84.8017
487 334 7.46197
487 491 61.0237
488 102 18.4677
488 113 51.2135
488 162 17.2898
488 238 10.5377
488 241 47.2794
488 252 15.34
488 255 39.7008
488 299 41.9178
488 356 97.6558
488 387 57.4022
489 24 9.99843
489 77 11.979
489 186 66.2624
489 336 55.0821
489 352 46.2607
489 498 26.5078
490 56 3.52768
490 228 61.5956
490 325 101.417
490 371 26.6211
490 407 40.939
491 3 23.1076
491 30 59.2035
491 31 18.8941
491 90 56.3503
491 97 114.159
491 203 92.1898
491 268 30.3706
491 367 41.172
491 442 93.3401
491 490 102.65
492 103 74.4928
492 158 2.7843
492 248 25.4539
492 339 130.225
492 399 10.1578
492 401 44.7099
492 427 48.679
492 495 91.2502
493 212 35.0219
493 218 53.1672
493 222 43.2211
493 234 69.5261
493 296 10.8286
493 299 41.2277
493 479 42.6086
494 34 33.2067
494 38 91.7252
494 71 16.0496
494 182 18.3295
494 410 104.244
494 446 123.905
494 489 45.3233
495 201 78.5789
495 214 86.1099
495 459 2.26973
495 464 76.6202
495 495 56.4667
496 16 77.8446
496 124 71.6294
496 309 21.5516
496 346 42.02
496 349 94.227
497 158 2.16267
497 167 9.99945
497 308 16.6371
497 415 17.2777
497 432 88.2454
498 17 56.9858
498 90 98.9862
498 120 11.515
498 159 18.3462
498 331 19.3257
498 376 148.026
498 388 94.9663
498 439 53.6872
499 245 47.0106
499 265 51.8689
499 342 9.01962
499 404 95.7152
499 415 19.7734
499 425 3.56776
