500 500 3970
0 198 38.7818
0 260 43.1132
0 399 89.469
0 476 7.24884
1 176 63.1855
1 197 42.5569
1 265 66.429
1 291 9.53061
1 319 19.5606
1 326 14.1046
2 63 29.3438
2 76 17.9999
2 91 44.0383
2 96 36.2906
2 177 102.342
2 201 53.496
2 334 20.9812
2 342 53.3152
2 405 46.3788
2 464 55.2125
3 31 81.5966
3 82 25.4381
3 86 64.7755
3 287 63.2559
3 361 27.1189
3 443 5.92066
3 456 21.9314
3 471 55.1178
4 212 31.7547
4 264 32.1215
4 322 39.1339
4 370 87.2892
4 413 81.0773
4 432 58.3015
4 492 55.6598
5 76 15.4704
5 190 19.5249
5 277 55.713
5 298 36.0202
5 353 6.81351
5 366 26.5781
5 415 3.59688
5 432 106.779
6 39 46.363
6 82 14.402
6 123 32.6809
6 455 6.68676
6 474 62.5664
6 475 38.8656
7 73 35.1746
7 77 37.1936
7 95 47.3362
7 159 88.6067
7 163 3.01653
7 299 22.3544
7 356 63.0889
7 377 65.3048
7 470 36.3021
7 476 8.43588
8 30 71.7066
8 104 2
8 231 84.7627
8 249 86.5843
8 311 25.0719
8 329 44.3552
8 389 95.3176
8 441 35.8943
9 41 57.6254
9 50 127.026
9 105 3.30367
9 223 54.5974
9 235 26.2412
9 280 23.4975
9 281 8.48273
9 380 75.236
9 390 60.8972
9 406 20.5679
9 434 49.2341
10 1 10.6869
10 12 45.0058
10 168 26.2493
10 354 78.2163
10 371 62.2284
10 387 51.3519
10 403 94.8559
10 483 33.6234
11 137 50.7171
11 181 91.0865
11 183 32.9674
11 185 13.5302
11 361 28.3548
11 443 6.59948
11 489 99.23
12 71 64.6142
12 116 55.15
12 129 66.3611
12 132 11.4802
12 244 72.1495
12 468 85.151
13 192 83.1262
13 220 72.5076
13 336 71.3086
13 342 65.8767
13 374 13.3449
13 461 80.5432
14 34 50.4286
14 48 32.7488
14 104 2.53228
14 167 9.59619
14 225 24.5714
14 333 29.6805
14 357 3.33884
14 395 106.476
14 420 124.897
15 35 71.907
15 91 53.3663
15 169 61.513
15 192 149.527
15 287 51.6614
15 292 100.135
15 343 57.5919
15 416 58.9254
16 30 105.371
16 235 39.1798
17 38 110.898
17 53 2.58089
17 138 46.3222
17 314 14.3372
17 316 70.0063
17 378 88.8673
17 419 40.7054
17 478 11.9671
18 24 129.021
18 90 104.312
18 219 47.1125
18 261 19.8868
18 276 2
18 364 54.0221
18 387 29.6704
18 471 38.1664
19 42 9.24424
19 82 27.6046
19 164 38.1283
19 178 61.8064
19 246 44.2441
19 344 72.0581
19 374 10.8893
19 391 50.7664
19 460 73.4289
19 499 18.4987
20 24 38.5591
20 28 62.3728
20 46 50.6121
20 125 53.671
20 270 10.1471
20 364 52.8542
20 367 15.453
20 405 44.9794
20 487 15.7044
21 87 49.6805
21 100 91.1356
21 122 69.8632
21 370 97.4982
21 381 62.7173
21 400 68.4833
21 409 85.3537
22 63 45.8835
22 98 19.5735
22 100 103.99
22 202 15.9096
22 298 23.9798
22 492 92.1841
23 77 50.3283
23 189 42.6204
23 264 48.5813
23 274 23.0194
23 378 96.6546
24 67 44.7766
24 157 40.1291
24 180 52.7035
24 190 15.411
24 210 26.0919
24 226 96.3566
24 234 52.3647
24 379 5.85143
24 418 61.0049
24 433 61.2831
24 450 132.149
25 18 56.4088
25 116 58.5597
25 130 75.7329
25 298 45.0604
25 364 45.2151
25 399 81.9107
25 435 6.25001
25 449 66.8758
25 462 44.1201
25 480 48.5143
26 102 82.7644
26 304 6.27214
26 307 5.24773
26 369 37.2136
26 400 72.0469
26 453 50.1157
26 454 58.3642
27 107 18.3138
27 207 19.6413
27 231 96.865
27 349 7.23066
28 111 141.176
28 181 94.6889
28 199 91.9907
28 239 115.871
28 278 70.6739
28 322 30.5097
28 422 81.6409
28 424 21.0889
28 425 81.4997
28 440 69.8855
28 475 100.892
29 33 98.5075
29 64 114.544
29 79 56.6776
29 224 6.5494
29 236 72.1457
29 325 138.509
29 368 39.457
29 385 95.3014
29 422 28.3877
29 429 2.47336
29 433 80.3687
30 14 116.165
30 25 102.448
30 114 17.5299
30 166 26.1928
30 194 26.6725
30 252 63.2574
30 290 87.2013
30 333 34.6619
30 352 49.1768
30 485 14.734
31 117 74.3076
31 246 22.2915
32 15 17.6888
32 66 9.94295
32 74 7.95436
32 104 2
32 157 22.4326
32 229 37.8328
32 277 43.168
32 311 12.5681
32 408 8.09824
32 436 90.9247
33 131 35.6343
33 345 98.8596
33 362 57.9499
33 428 64.8543
33 459 12.2265
33 476 13.6266
34 41 58.157
34 96 10.8403
34 126 11.2261
34 152 80.2329
34 248 71.4105
34 313 12.5713
34 338 2
34 389 90.7668
34 454 80.1915
34 490 24.6359
35 103 46.665
35 108 40.2541
35 338 2
35 345 98.4741
35 389 114.562
35 453 45.0045
36 14 69.6528
36 31 57.963
36 34 61.7404
36 126 12.1825
36 128 36.6432
36 301 42.302
36 432 89.1515
37 261 20.3768
37 351 95.3179
37 395 55.539
38 177 73.1381
38 282 24.7192
38 307 5.09433
38 367 26.2008
38 396 31.8592
39 42 10.5938
39 95 52.4942
39 218 68.2533
39 260 64.0504
39 300 48.6504
39 455 5.90578
40 80 58.2261
40 94 94.9386
40 193 53.6721
40 417 67.179
40 480 48.6658
41 14 94.9736
41 28 52.5158
41 69 8.38418
41 80 36.0148
41 184 92.301
41 234 44.4643
41 373 33.8813
41 427 54.3123
41 440 31.1387
41 442 82.9079
42 31 78.2271
42 69 6.76905
42 118 8.8729
42 163 6.46673
42 165 112.383
42 211 45.2924
42 226 80.809
42 254 22.8388
42 280 39.3949
42 298 23.6671
42 406 19.8947
42 420 79.2483
43 1 8.48604
43 142 21.4917
43 171 52.5114
43 190 21.9741
43 247 3.03967
43 285 34.2762
43 295 21.9902
43 316 65.2882
43 414 5.7584
43 446 13.5069
44 27 63.9952
44 110 59.7811
44 146 44.5697
44 256 61.5014
44 377 53.0075
44 383 29.3696
44 401 85.928
45 4 101.021
45 52 87.3613
45 54 37.6697
45 68 120.158
45 127 48.9524
45 129 44.8826
45 211 74.3087
45 254 17.077
45 265 74.2172
45 293 16.4929
45 309 8.72572
45 376 46.7998
45 380 70.9375
45 415 3.76073
45 498 96.3271
46 61 125.308
46 83 17.7689
46 226 94.1354
46 257 16.8451
46 316 47.2562
46 365 17.9067
46 424 38.6696
46 482 51.429
47 20 45.2582
47 145 37.6018
47 152 101.673
47 155 17.8841
47 162 17.9243
47 213 18.6621
47 239 80.0975
47 313 10.8016
47 318 42.263
47 438 56.4303
47 489 79.445
48 260 58.9333
48 277 66.7523
48 279 90.6468
48 392 42.8503
48 400 82.8176
48 420 64.4147
48 479 54.0787
49 8 102.057
49 47 55.4221
49 48 26.2735
49 114 17.0407
49 136 86.5087
49 228 64.3947
49 284 76.6133
49 329 22.142
49 382 89.1622
49 433 73.7038
49 452 81.8727
49 462 61.099
49 473 19.6112
50 49 96.2522
50 115 78.5624
50 140 96.465
50 190 20.2856
50 245 40.2691
50 270 8.53271
50 290 131.046
50 444 7.56713
50 451 98.0764
51 205 62.2339
51 246 38.2505
51 285 55.3747
51 286 48.181
51 302 20.5764
51 485 9.02835
52 177 84.6525
52 194 33.4352
52 197 37.3527
52 233 28.5933
52 235 26.8779
52 332 72.19
52 424 27.7382
52 448 64.107
53 15 5.44041
53 72 43.3842
53 105 2.87919
53 271 2.49516
53 314 15.023
54 57 7.60891
54 93 17.5261
54 103 41.3175
54 111 85.9316
54 192 115.516
54 202 18.6722
54 252 74.6608
54 322 35.4136
54 386 73.8996
54 416 58.1699
54 471 63.4306
55 44 61.2471
55 211 79.8701
55 281 19.6729
55 432 76.2526
55 476 10.1642
55 486 21.8872
56 25 80.295
56 113 63.7347
56 119 14.7115
56 217 30.289
56 273 41.8152
56 323 90.7226
56 392 37.7765
56 457 97.0495
57 12 47.385
57 16 114.545
57 111 110.491
57 141 114.523
57 193 44.1074
57 327 95.3625
57 374 11.5755
57 424 38.6738
57 444 8.58259
58 69 4.84153
58 94 128.048
58 180 59.4909
58 230 14.6148
58 328 11.522
58 364 46.3527
58 396 38.1578
59 10 80.1328
59 97 96.0485
59 168 62.4505
59 228 102.845
59 237 50.5248
60 62 32.8699
60 209 55.9899
60 212 31.4537
60 229 17.6066
60 301 47.3115
60 306 85.9416
60 316 33.5628
60 403 88.0172
60 435 5.48911
60 463 47.7233
61 23 44.5563
61 77 53.2503
61 88 72.5576
61 130 96.6212
61 177 97.0899
61 293 30.8323
61 362 70.7644
61 418 57.0758
61 437 103.01
61 462 63.2816
62 65 42.9793
62 254 21.2812
63 40 82.3487
63 63 36.6664
63 172 65.9294
63 173 58.987
63 241 39.6293
63 260 43.1686
63 278 26.5225
63 417 91.9139
63 432 80.3869
64 13 14.9562
64 231 111.642
64 304 6.81778
64 319 16.3709
64 377 63.9322
65 202 17.3531
65 288 57.2553
65 293 25.2152
66 10 50.2941
66 161 29.0371
66 209 34.1093
66 228 61.9585
66 233 41.5047
66 415 5.39319
66 439 2
66 465 35.2275
67 65 78.4718
67 99 21.4709
67 147 18.8292
67 188 42.891
67 225 28.6913
67 282 30.9221
67 288 64.9423
67 304 5.44937
67 345 122.551
67 438 86.2878
68 120 75.391
68 187 24.6394
68 267 16.9527
68 321 65.998
69 37 3.47866
69 90 134.067
69 96 25.5426
69 190 19.046
69 228 56.4289
69 233 33.8519
69 260 33.2799
69 287 30.5596
69 288 85.2013
69 352 53.6635
69 424 26.2989
70 67 75.7321
70 213 16.4174
70 396 37.333
70 420 81.3284
71 96 26.1465
71 366 57.689
71 376 37.3928
72 33 60.168
72 94 87.1988
72 128 23.6395
72 168 53.7936
72 244 103.064
72 246 29.1127
72 270 9.11299
72 280 45.0563
72 373 36.79
72 417 129.056
72 470 27.0139
73 150 42.9651
73 166 13.8586
73 291 3.13136
73 336 56.1401
73 344 135.841
73 439 2.30752
74 40 117.114
74 42 11.647
74 76 12.5189
74 225 23.6165
74 245 17.8867
74 275 42.2198
74 305 43.3981
74 454 56.0406
75 107 23.1158
75 143 63.6887
75 260 50.0004
75 341 84.7864
76 176 115.366
76 195 33.7268
76 222 94.6754
76 250 68.4949
76 310 88.2368
76 313 21.842
76 337 14.9667
76 376 43.237
76 477 105.132
76 491 57.7877
77 51 71.3888
77 64 89.7337
77 298 32.1371
77 339 60.4453
77 395 104.77
77 432 79.1247
77 449 66.4886
77 459 19.2163
78 29 56.7732
78 41 58.7697
78 104 2
78 105 3.16789
78 142 24.1308
78 162 16.8515
78 261 23.2065
78 268 16.0503
78 274 10.5794
78 284 98.7284
79 122 58.0139
79 139 23.9472
79 191 22.9878
79 215 16.7314
79 233 40.382
79 315 2.05362
79 328 20.0647
79 428 109.133
80 137 57.806
80 206 111.416
80 316 66.6068
80 367 28.0502
80 397 27.3076
80 420 69.4795
80 466 62.4372
81 55 66.8705
81 138 26.6328
81 146 68.9944
81 151 62.1655
81 222 93.7156
81 311 27.9074
81 335 59.334
81 391 44.3481
81 407 78.3096
81 458 58.7611
82 52 40.6483
82 85 43.5521
82 228 66.7559
82 315 2.77696
82 348 47.5869
82 418 59.1644
82 479 71.5688
82 496 29.7391
83 6 38.0331
83 36 85.0226
83 172 60.9558
83 188 20.0403
83 251 44.7223
83 254 20.3646
83 303 14.4736
83 311 25.4751
83 322 16.5723
83 369 65.2707
83 432 53.3684
83 440 60.952
83 476 10.6766
83 495 26.7311
84 8 89.5994
84 139 27.3654
84 174 24.0549
84 313 9.58274
84 331 51.6649
84 357 3.98513
84 410 86.8157
84 439 2
84 441 48.0282
85 68 65.0593
85 349 8.38452
85 465 12.2198
86 8 99.4967
86 9 128.526
86 96 25.8884
86 113 36.9856
86 150 33.5268
86 256 60.4235
86 365 21.8702
86 412 60.6115
86 497 17.2497
87 27 67.2986
87 147 21.9604
87 179 7.89262
87 203 59.9571
87 262 24.1126
87 278 73.3905
87 292 57.4247
87 331 64.1858
88 31 134.643
88 78 59.1243
88 115 69.5812
88 132 21.2449
88 174 31.7555
88 266 41.7324
88 287 74.2743
88 358 31.8744
88 438 67.1988
89 14 99.1433
89 17 50.5535
89 47 44.0008
89 109 34.2727
89 150 54.7308
89 191 16.4706
89 199 96.6498
89 227 53.6482
89 377 64.0128
89 405 33.5051
89 407 57.6856
89 498 71.391
90 51 85.118
90 321 64.8329
90 336 52.9624
90 499 20.0613
91 15 18.8166
91 121 11.3096
91 201 87.4185
91 259 45.0416
91 276 2.19458
91 317 56.9621
91 378 74.02
91 379 5.60893
91 439 2
91 467 17.8267
92 206 64.8742
92 259 52.2268
92 355 46.0794
92 392 16.8651
92 471 62.7418
93 63 33.0204
93 68 105.635
93 169 32.6864
93 367 18.4404
93 376 44.6499
93 439 2
93 445 94.9072
93 459 12.9114
93 476 10.811
94 48 21.7307
94 165 62.6445
94 210 31.9672
94 264 38.8342
94 341 88.9768
94 411 34.4568
94 494 82.7003
95 89 135.827
95 237 32.4392
95 251 59.4393
95 263 45.7814
95 341 107.57
95 361 22.2268
95 406 24.7857
95 426 94.4875
96 32 68.529
96 245 41.0204
96 268 25.3028
96 283 74.9943
96 455 8.02996
96 472 93.4722
97 14 43.8813
97 33 118.112
97 41 50.043
97 52 76.8672
97 100 134.979
97 166 31.3876
97 335 67.6217
97 485 10.7169
98 198 50.5314
98 203 86.4754
98 324 93.3339
98 349 7.10147
98 361 27.0366
98 450 98.9839
98 455 10.2262
99 31 117.861
99 79 39.1353
99 112 2
99 174 20.4986
99 254 14.9448
99 336 47.7156
99 399 47.1495
99 468 96.6781
100 19 31.3466
100 61 125.303
100 206 68.1064
100 209 52.4705
100 280 47.3574
100 291 7.14296
100 339 42.2598
100 439 2
100 447 56.162
101 68 59.5645
101 256 102.681
101 298 26.2282
101 360 62.9374
101 384 42.3094
101 461 77.4374
101 478 22.737
101 481 25.5476
102 1 8.26668
102 4 92.2157
102 99 15.6147
102 197 51.1512
102 267 26.3672
102 274 12.4093
102 292 82.7993
102 324 63.5198
102 457 39.496
103 32 44.863
103 229 52.2995
103 235 13.295
103 243 15.3829
103 267 35.8541
103 325 93.6863
103 359 6.46977
103 386 68.6902
103 392 25.2168
103 407 70.036
103 453 102.024
103 497 49.9705
104 82 29.5802
104 137 28.9116
104 179 9.89453
104 262 35.9255
104 379 5.06503
104 401 99.6897
104 409 92.8316
104 424 20.3189
105 87 74.3373
105 131 31.5645
105 151 71.293
105 157 40.0472
105 260 52.5855
105 281 23.2246
105 369 21.0549
105 433 46.0536
105 471 47.8472
105 484 104.587
106 32 79.4676
106 60 75.4507
106 189 26.6039
107 82 19.4534
107 91 43.1289
107 148 22.4479
107 236 54.557
107 305 60.2431
108 56 102.778
108 86 106.135
108 236 67.3304
108 294 69.8224
108 398 10.1906
108 414 12.8413
109 15 16.6248
109 91 27.3305
109 96 24.341
109 110 42.5544
109 182 106.245
109 189 32.2096
109 239 47.6741
109 305 52.8043
109 329 40.9244
109 447 62.8633
109 449 41.5223
109 468 137.719
110 148 16.7662
110 319 26.5591
110 422 69.73
111 29 64.1872
111 47 63.1792
111 84 75.7906
111 126 10.3578
111 201 50.5662
111 213 15.1481
111 321 61.432
111 345 107.014
111 356 108.533
111 420 77.6518
111 464 40.6533
111 483 14.4047
112 96 15.7191
112 141 118.749
112 235 33.5689
112 344 88.0725
112 437 59.6587
112 488 100.017
113 18 79.1112
113 19 48.5978
113 26 72.7574
113 72 43.289
113 124 54.6624
113 228 65.874
113 322 36.8141
113 386 101.869
113 425 69.3535
113 496 18.5329
114 52 104.665
114 126 12.8648
114 133 66.3449
114 227 48.1464
114 237 47.0062
114 243 19.8011
114 355 41.8992
114 407 53.6414
114 420 80.9629
114 452 83.0825
115 63 43.7578
115 127 67.6191
115 265 49.376
115 279 79.9781
115 349 9.75839
115 400 54.1717
115 466 46.8287
116 34 57.6298
116 46 47.7437
116 90 105.598
116 104 2.00332
116 152 123.268
116 170 30.7565
116 191 23.3754
116 206 92.5066
116 416 55.5103
116 487 11.5483
117 93 27.5862
117 107 18.489
117 133 108.121
117 247 3.50053
117 460 65.4064
118 101 86.6508
118 134 84.8638
118 142 16.0675
118 170 25.685
118 235 34.1572
118 278 28.0003
118 283 73.688
118 388 78.4486
118 425 41.2876
118 435 6.17239
118 438 85.2475
118 468 81.938
118 494 142.822
119 41 56.2002
119 93 33.0905
119 157 46.2511
119 390 72.1522
119 456 26.1543
120 18 56.808
120 75 8.21764
120 145 35.6025
120 196 33.7483
120 198 22.7004
120 208 6.2
120 427 70.18
120 494 114.801
121 108 55.1127
121 138 24.6814
121 156 34.051
121 186 21.4723
121 198 47.2681
121 316 40.67
121 318 81.774
121 348 66.7471
121 385 74.6173
121 415 7.16457
121 477 94.9856
122 51 92.6719
122 142 17.9705
122 181 99.1682
122 201 72.0682
122 316 63.1206
122 419 24.637
122 424 26.8961
122 472 66.1247
123 37 3.40955
123 64 94.0681
123 66 10.7404
123 94 35.2739
123 186 48.5631
123 188 44.8134
123 228 81.2815
123 249 96.8751
123 302 18.5703
123 371 42.5906
123 434 38.8657
123 475 69.0337
124 29 37.2282
124 63 36.842
124 74 7.4255
124 151 110.305
124 166 28.3846
124 193 29.5834
124 297 24.4233
124 334 55.6818
124 338 2
124 404 29.4195
124 405 41.6398
124 498 118.578
125 52 57.3891
125 73 38.7683
125 187 15.1904
125 210 25.0353
125 236 82.0867
125 460 51.593
126 3 56.0234
126 141 111.753
126 179 11.7907
126 226 131.141
126 282 34.2149
126 310 135.196
126 347 45.5334
126 361 32.9419
126 442 88.904
127 30 101.171
127 37 3.6238
127 74 8.5765
127 89 93.4416
127 98 57.6904
127 173 43.7288
127 194 29.1744
127 424 33.6789
128 122 66.6646
128 253 81.3411
128 305 31.6468
128 414 13.1189
128 451 41.1756
129 27 61.8738
129 116 42.3837
129 130 78.1984
129 145 47.4493
129 171 28.3992
129 246 44.4886
129 288 70.4933
129 301 46.1703
130 5 74.2753
130 13 13.0465
130 41 50.7701
130 162 16.7697
130 216 32.905
130 338 2
130 371 68.4958
130 404 30.0363
130 439 2.00117
131 171 42.3161
131 190 27.3346
131 194 41.4176
131 226 68.2845
131 234 58.7883
131 277 55.8588
131 345 88.0265
131 364 63.3582
131 444 8.60861
132 40 73.5888
132 206 41.8761
132 257 21.3443
132 348 77.5254
132 429 2.41698
132 454 54.8946
133 4 106.238
133 28 76.9476
133 41 41.0208
133 99 15.4199
133 187 40.8009
133 203 50.9724
133 253 72.6632
133 357 5.16959
134 107 16.2054
134 162 13.1692
134 163 6.37773
134 353 7.09409
134 497 62.0786
135 14 68.3987
135 49 106.651
135 76 19.6337
135 79 34.5552
135 145 34.5893
135 329 52.749
135 332 35.7335
135 438 80.8152
135 467 37.4765
135 488 73.3442
136 61 133.297
136 80 41.6324
136 148 27.4394
136 204 28.2344
136 236 71.9376
136 308 77.3114
136 409 105.388
137 100 76.4423
137 103 49.9099
137 115 55.2401
137 165 120.155
137 172 50.5098
137 301 31.5149
137 451 45.846
137 465 23.8459
137 481 27.0567
138 38 81.4706
138 68 95.9827
138 326 6.50025
138 392 19.0829
138 415 5.91199
139 231 82.6411
139 238 40.6393
139 357 5.01968
139 370 62.8043
139 412 41.9625
139 453 62.6154
139 466 66.3922
140 3 66.5164
140 65 108.955
140 82 22.9717
140 231 85.6048
140 236 83.7765
140 261 15.6842
140 345 76.4176
140 392 32.8611
140 395 67.6284
140 396 47.8159
140 497 8.63506
141 48 27.5513
141 83 26.5916
141 102 99.5972
141 183 37.1903
141 233 29.6018
141 378 79.2269
141 448 67.3686
141 477 44.8603
142 48 25.0859
142 120 46.5042
142 409 99.3703
143 13 18.5821
143 135 24.4185
143 238 52.6746
143 456 33.0384
143 478 30.516
144 106 52.3361
144 206 82.5119
144 208 14.9371
144 247 3.88488
144 295 14.6722
144 345 77.0772
145 112 2.0588
145 139 31.8213
145 322 41.8623
145 338 2
145 339 58.6202
145 499 16.6401
146 112 2.15991
146 123 39.4579
146 137 53.4251
146 413 106.169
147 75 12.2482
147 90 102.241
147 234 49.0015
147 345 101.49
147 356 98.2316
148 54 34.095
148 253 62.977
148 275 58.6493
148 418 53.536
149 45 114.387
149 88 81.1662
149 164 37.5481
149 367 23.9418
149 371 40.2707
149 416 45.1159
149 432 104.934
149 462 37.2781
149 482 39.032
149 487 9.68777
150 1 9.96781
150 136 70.9681
150 169 47.5657
150 178 72.5796
150 244 65.3082
150 246 31.3051
150 311 27.0069
150 317 58.0565
150 411 58.5569
150 473 23.0825
150 475 81.5678
150 495 24.9069
151 62 29.9662
151 120 84.3889
151 123 48.8797
151 176 76.8244
151 210 17.8482
151 218 58.822
151 248 76.9532
151 476 6.86764
152 50 91.452
152 53 2.94697
152 115 88.5048
152 188 12.8524
152 197 54.1015
152 202 14.0456
152 337 28.5757
152 341 79.5968
152 342 93.155
152 413 78.2067
152 417 66.4331
152 454 102.264
153 22 10.7302
153 119 23.8098
153 160 83.3192
153 164 32.0163
153 223 49.9999
153 306 64.5193
153 311 24.7984
153 396 27.1092
153 414 13.2944
154 176 78.9722
154 279 74.7261
154 303 11.3132
154 411 77.7158
154 460 55.0419
155 7 32.4644
155 56 76.93
155 61 81.1137
155 139 28.9402
155 158 104.786
155 187 41.2219
155 391 33.0199
155 413 44.7742
155 423 10.7785
155 437 55.0288
156 79 39.1165
156 105 3.5462
156 126 14.4995
156 232 2
156 257 10.4989
156 300 36.3534
156 322 29.7476
156 440 41.8115
157 204 11.1156
157 276 2.59353
157 294 51.5135
157 368 38.5496
158 5 84.5414
158 34 81.845
158 128 52.8257
158 215 16.1904
158 255 57.2161
158 339 76.7699
159 7 35.8097
159 62 41.6338
159 144 86.1088
159 177 54.29
159 205 43.6851
159 253 50.9318
159 330 6.01716
159 417 91.3925
160 8 84.2057
160 9 81.7767
160 45 85.9536
160 52 41.9691
160 58 10.5066
160 255 58.4335
160 281 18.2841
160 367 21.9531
160 383 50.7807
160 462 32.8801
160 485 11.6783
160 494 82.9658
161 33 90.1484
161 54 36.7419
161 93 26.5699
161 139 32.4659
161 191 26.6552
161 233 32.8826
161 314 15.8582
161 411 110.148
162 86 51.3816
162 109 34.5861
162 131 42.8416
162 207 20.0494
162 222 74.028
162 315 2.35508
162 349 11.3864
162 366 47.8645
162 433 46.9005
162 462 52.7425
163 29 69.3454
163 235 22.7392
163 312 22.4507
163 340 33.7158
163 369 47.9619
163 401 99.6816
163 410 58.9158
164 22 14.0386
164 40 74.731
164 93 30.1689
164 152 73.2979
164 214 51.9434
164 280 51.3669
164 419 33.3694
164 451 69.5669
165 10 60.1294
165 16 92.7673
165 88 54.4875
165 226 106.647
165 440 90.9546
166 11 53.6452
166 94 56.7027
166 108 49.2918
166 123 49.5321
166 215 19.2606
166 242 40.7716
166 244 66.8722
166 245 55.2864
166 325 75.4212
166 473 15.3621
167 102 111.039
167 203 69.6346
167 212 36.1618
167 416 50.9631
167 447 52.8944
168 17 27.231
168 83 8.51198
168 123 35.0903
168 278 62.8743
168 385 63.4114
169 78 65.897
169 158 62.657
169 282 32.1597
169 320 21.3955
170 69 7.86003
170 104 2
170 193 14.4441
170 207 13.3588
170 461 92.7822
171 34 61.6021
171 94 98.5728
171 271 2.3932
171 277 52.5833
171 373 44.3681
171 383 31.3153
171 414 10.7436
171 421 18.3908
171 473 20.4678
171 498 58.6039
172 12 55.6406
172 59 40.2421
172 84 54.0229
172 89 56.455
172 133 96.5186
172 146 42.5971
172 171 51.382
172 212 34.7915
172 236 73.5223
172 244 45.0187
172 462 75.5222
173 121 15.4277
173 202 20.7822
173 252 79.0163
173 296 5.45113
173 356 119.098
173 397 24.3562
173 474 75.8952
174 50 99.5215
174 257 14.4123
174 309 6.16431
174 320 25.6245
174 360 68.1412
174 387 59.3186
174 401 85.8369
174 476 9.00431
174 490 24.2211
175 40 106.469
175 50 90.1353
175 124 43.0844
175 212 22.984
175 331 58.4259
175 343 71.6463
175 367 29.2165
175 420 71.3515
175 469 21.2479
175 474 68.3936
176 37 5.05126
176 57 8.1503
176 121 12.1929
176 147 16.882
176 228 63.2144
176 394 65.9716
177 91 38.673
177 265 83.2024
177 266 53.7367
177 274 21.3656
177 293 31.1143
177 348 62.7808
177 374 12.4797
177 432 85.0367
178 12 61.3725
178 64 151.738
178 80 37.8426
178 126 15.0839
178 143 95.988
178 221 24.1683
178 312 13.8149
178 397 36.6859
178 398 7.00662
179 4 61.492
179 52 39.547
179 126 8.36637
179 136 82.6532
179 194 27.6627
179 232 2
179 301 41.0362
179 335 70.1346
179 384 62.2404
180 20 74.8961
180 33 111.629
180 56 79.0648
180 235 32.5426
180 244 74.1546
180 273 71.5418
180 372 39.4537
180 434 62.1347
181 12 37.0013
181 19 40.0493
181 44 54.6631
181 100 76.845
181 229 28.2995
181 248 118.778
181 356 125.742
181 381 33.4744
181 397 27.519
181 413 48.7165
181 442 67.3446
181 453 41.5088
181 474 51.7351
182 14 63.6037
182 66 7.01807
182 120 55.6571
182 123 22.8466
182 129 51.0845
182 186 37.3231
182 190 21.9273
182 230 22.0561
182 284 70.4822
182 327 56.8077
182 329 49.6496
182 370 85.824
183 71 98.1753
183 222 110.414
183 287 59.8049
184 2 15.2018
184 24 57.782
184 126 12.0237
184 127 62.3318
184 157 17.9489
184 249 99.2569
184 267 12.9843
184 371 60.8486
184 452 90.0737
184 454 66.2965
184 484 88.7725
184 492 62.418
185 23 85.2642
185 132 23.5898
185 292 69.2207
186 3 89.258
186 407 46.3293
186 433 43.1444
186 476 6.44285
187 37 3.15578
187 48 20.3234
187 95 73.0418
187 96 25.9785
187 488 90.419
188 158 59.0311
188 309 11.0372
188 373 47.7343
188 430 29.7956
188 486 23.0009
189 59 39.0179
189 196 23.5458
189 204 23.9472
189 301 59.4159
189 337 15.5034
190 18 34.0341
190 20 57.4431
190 72 59.5852
190 87 53.86
190 100 87.7137
190 188 30.1251
190 388 64.288
190 426 82.8976
190 453 70.3494
190 486 32.5236
191 97 100.604
191 98 16.1721
191 123 30.4893
191 191 26.12
191 195 31.8022
191 316 49.6004
191 354 76.2471
191 371 39.7494
192 69 6.12976
192 212 23.6166
192 341 132.211
192 373 72.0115
192 404 15.4814
192 474 25.4501
192 494 83.7391
193 71 88.8868
193 185 13.9444
193 241 42.8133
193 363 48.9493
193 414 16.7831
193 419 53.5246
194 58 13.4736
194 157 26.1643
194 309 8.77831
194 390 56.4163
194 391 33.7739
194 444 7.1866
194 459 18.5448
194 462 65.2436
195 169 91.0525
195 176 88.2837
195 190 14.9777
195 236 100.807
195 313 14.8911
195 328 18.0568
195 352 51.518
195 431 53.7122
195 472 52.4277
195 478 25.0093
196 36 84.4487
196 73 39.1583
196 235 33.6029
196 244 70.0549
197 87 62.557
197 115 80.3864
197 145 41.9113
197 186 53.2638
197 221 79.4483
197 305 36.7247
197 337 18.9802
197 471 43.8847
198 2 11.4467
198 58 5.2813
198 100 123.861
198 145 37.3864
198 247 2.39328
198 287 41.2751
198 325 84.7712
198 355 39.184
198 385 98.4905
198 425 77.3414
198 476 10.5843
199 16 111.615
199 31 123.725
199 142 37.6806
199 211 29.0788
199 236 83.4225
199 281 19.8167
200 43 35.1912
200 118 21.9376
200 188 24.6794
200 224 4.74277
200 365 26.9752
201 87 46.5879
201 137 66.1546
201 157 46.5165
201 181 66.9225
201 313 15.9258
201 366 39.7111
201 377 68.1035
201 439 2
201 457 71.0659
202 184 117.368
202 238 31.1231
202 310 67.6589
202 370 89.2622
202 392 35.6415
202 429 2.57135
202 481 23.2698
203 94 74.1405
203 326 16.4074
203 363 48.9016
203 373 28.0676
203 376 37.6185
204 244 67.7476
204 269 9.962
204 277 55.961
204 454 69.9258
205 161 43.6417
205 173 63.3377
205 218 51.612
205 331 47.2596
205 334 58.4943
205 338 2
205 393 18.3152
205 446 16.4088
206 95 97.0035
206 145 33.7523
206 171 34.7047
206 205 20.539
206 213 17.6715
206 280 24.2536
206 397 40.7075
207 25 56.5748
207 106 102.1
207 158 122.324
207 172 61.3139
207 198 21.658
207 206 148.742
207 209 39.2231
207 405 65.5275
207 413 85.8686
208 91 36.9022
208 107 17.3907
208 162 16.2422
208 164 37.8885
208 324 107.615
208 334 44.3868
208 452 91.225
209 51 68.8438
209 88 95.077
209 89 55.4986
209 101 55.9426
209 122 40.0112
209 177 83.9819
209 178 53.1002
209 199 90.7087
209 206 108.918
209 233 31.8363
209 299 22.6092
209 302 30.5484
209 306 59.8967
209 384 38.1897
210 2 5.5555
210 33 106.929
210 71 79.3087
210 77 29.2561
210 241 72.4712
210 298 30.4807
210 323 94.6964
211 21 92.8668
211 65 82.2432
211 184 42.7413
211 185 12.8306
211 346 56.9224
211 450 79.7486
211 496 30.0449
212 16 66.4063
212 92 73.6567
212 319 19.0438
212 491 49.6033
213 4 71.7266
213 12 41.8401
213 111 96.7089
213 118 15.8119
213 130 68.384
213 248 89.8544
213 289 37.6024
213 294 33.9625
213 341 69.8017
213 350 94.3923
213 438 88.0815
213 496 26.9354
214 26 71.0618
214 105 2.76322
214 225 16.526
214 247 2.34674
214 317 56.2899
214 322 32.531
215 249 64.5263
215 290 106.466
215 380 83.5974
215 399 89.4952
215 400 48.7577
215 460 93.4631
215 461 71.5274
216 1 9.13263
216 241 36.3567
216 287 68.4216
216 288 22.1898
216 309 12.4054
216 378 79.3713
216 398 7.57992
216 411 101.164
216 455 9.71192
216 491 48.1394
217 14 81.8818
217 59 38.8619
217 82 25.1367
217 235 28.9791
217 374 12.3341
217 453 79.8238
218 138 45.4852
218 275 59.0243
218 345 71.9046
218 379 6.14102
218 399 49.8948
218 401 79.7376
219 39 37.0494
219 103 65.0886
219 116 42.1478
219 212 28.0907
219 301 55.8744
219 399 48.8103
219 411 55.0299
219 457 54.3356
220 16 87.3732
220 67 81.5341
220 96 15.3587
220 125 56.4292
220 153 3.44455
220 193 35.0945
220 226 96.9535
220 254 17.9555
220 283 97.1706
220 312 16.4301
220 359 7.71626
220 413 76.0274
220 437 62.2601
220 474 46.1113
220 484 108.345
221 0 20.7124
221 81 59.2688
221 211 68.8743
221 262 30.1336
221 417 43.1837
222 26 94.1793
222 52 77.7272
222 118 22.6796
222 135 13.2477
222 218 57.5171
222 302 24.1394
223 4 113.482
223 25 66.261
223 232 2.1682
223 258 107.608
223 263 62.6341
223 343 27.0688
223 377 71.4149
223 420 73.0471
223 459 24.5259
224 118 14.7858
224 144 87.5203
224 190 19.724
224 288 52.8739
225 20 78.7033
225 27 67.9488
225 52 88.4669
225 86 79.7074
225 162 16.7432
225 189 17.76
225 248 91.2319
225 249 87.5585
225 263 43.5311
225 280 35.3887
225 282 36.8173
225 333 25.3566
226 120 68.0499
226 149 69.0139
226 184 129.834
226 237 38.4157
226 252 39.8604
227 9 98.6454
227 37 4.87324
227 69 7.3536
227 166 12.6981
227 174 36.1498
227 194 28.0895
227 301 54.4355
227 315 3.38164
227 457 72.4557
228 58 8.51979
228 144 61.4722
228 174 19.3864
228 200 10.1231
228 226 88.8633
228 314 8.88573
228 331 59.9311
228 392 19.2056
229 19 29.0298
229 221 104.423
229 299 17.9192
229 314 16.1745
229 431 63.721
230 27 46.1323
230 82 35.3671
230 181 89.7616
230 186 64.3377
230 320 34.6426
230 366 39.9775
230 474 80.088
231 11 55.7573
231 68 78.0753
231 99 17.0625
231 172 74.6408
231 185 17.766
231 200 15.1743
231 287 47.3404
231 298 31.1499
231 424 30.1207
231 486 38.5862
232 111 74.018
232 149 91.1732
232 275 33.9801
232 283 90.8337
232 345 104.911
232 350 81.0058
232 397 25.8389
232 467 36.1125
233 28 74.5883
233 41 48.2156
233 197 53.1552
233 208 22.201
233 220 31.923
233 378 110.054
233 439 2
233 465 36.4858
233 477 82.8097
234 71 64.2476
234 95 73.6271
234 110 54.5306
234 161 74.8638
234 174 33.5873
234 210 23.1034
234 230 18.2683
234 297 39.3202
234 330 5.14626
234 337 17.081
234 426 87.79
234 480 44.0111
234 481 30.1339
235 40 42.6365
235 169 72.8568
235 274 12.5873
235 435 8.10654
235 438 59.8814
235 446 10.0492
236 38 93.7422
236 101 81.3379
236 105 3.17051
236 106 88.32
236 207 15.8268
236 377 53.7905
237 22 12.2553
237 137 43.5127
237 169 45.3452
237 370 83.3255
237 403 137.39
237 481 15.9476
238 57 7.5583
238 183 20.7822
238 221 77.453
238 235 20.3899
238 236 66.1641
238 286 64.8058
238 373 43.2254
238 412 46.7226
238 474 77.6791
238 496 15.8305
239 24 119.386
239 50 87.2367
239 177 86.8343
239 266 104.605
239 273 50.0774
239 381 29.3002
240 79 49.8406
240 135 20.3379
240 353 7.79013
240 362 68.6804
240 375 16.8186
240 411 72.6305
240 414 17.4453
241 19 51.3762
241 105 3.06333
241 175 25.2184
241 210 22.8929
241 293 27.8856
241 367 29.749
241 387 66.7206
241 412 43.4339
241 459 18.4246
242 54 39.0605
242 59 39.5607
242 165 112.707
242 171 60.1347
242 187 42.6426
242 253 41.2651
242 357 4.8784
242 359 9.85516
242 424 25.8685
243 20 79.4188
243 113 73.2679
243 145 37.303
243 275 48.1004
243 312 26.0478
243 351 66.8946
243 356 106.681
243 369 38.1976
243 434 56.6032
244 11 61.1643
244 26 57.5606
244 109 41.8831
244 308 62.3343
244 331 46.2197
244 386 97.0896
244 422 91.9626
244 450 65.654
244 480 45.4533
245 48 26.9085
245 130 84.2825
245 157 33.9736
245 302 15.192
245 447 49.4717
246 105 2.2603
246 194 34.5695
246 208 12.8756
246 334 82.3063
246 365 12.2815
246 420 78.4315
246 442 69.3262
246 460 68.189
246 485 9.97747
247 66 8.00805
247 74 7.27662
247 195 25.9062
247 200 12.7355
247 255 78.9128
247 279 91.3517
247 451 68.381
248 246 36.3257
248 274 12.9871
248 278 43.7759
248 312 37.8844
248 353 11.1765
248 366 40.4562
248 411 88.6681
248 433 66.0608
248 441 54.3129
248 451 54.95
248 499 21.7432
249 14 62.9862
249 63 33.5431
249 79 41.0347
249 106 47.5228
249 254 16.0248
249 347 63.9141
249 354 95.0086
250 177 74.1076
250 211 61.4849
250 217 36.3942
250 306 48.6225
250 455 8.63714
251 17 53.9182
251 31 71.2986
251 243 18.3986
251 254 27.3499
251 346 48.9074
251 389 85.9519
251 458 39.3793
252 37 3.78414
252 74 10.0292
252 82 22.3484
252 204 28.9899
252 207 6.4956
252 214 76.8796
252 255 88.8313
252 287 36.9992
252 299 22.7329
252 338 2.18832
252 356 74.011
252 443 7.81432
253 4 125.087
253 27 53.679
253 135 20.6783
253 189 43.147
253 346 89.642
253 347 48.2083
253 401 88.4137
253 479 97.6865
254 1 8.724
254 16 66.3909
254 37 4.29826
254 119 18.1084
254 355 33.562
254 365 8.77503
254 434 27.3577
254 457 70.2955
254 469 32.0883
254 488 65.1425
255 191 29.4546
255 272 70.4999
255 331 42.7297
255 414 14.201
256 114 12.6082
256 145 34.7546
256 205 46.2133
256 213 14.7351
256 368 39.0899
256 371 86.7409
256 403 85.9335
257 54 53.2442
257 116 39.7947
257 175 25.263
257 238 42.9585
257 306 43.9473
257 368 30.8825
257 380 28.0437
257 481 18.1538
257 491 45.438
258 8 40.7953
258 56 89.5891
258 136 79.9046
258 161 74.9138
258 189 29.3733
258 258 76.2086
258 287 29.8298
258 301 64.372
258 384 62.9158
258 421 11.4186
258 446 12.8633
259 9 87.8644
259 69 5.23058
259 84 71.7989
259 140 107.931
259 195 21.0806
259 346 38.563
259 377 69.7171
259 397 26.6059
259 476 11.0518
260 40 122.235
260 63 33.6418
260 191 26.9661
260 320 22.2387
260 421 9.45052
260 432 79.5426
261 69 5.46443
261 141 121.511
261 191 27.8074
261 227 40.8514
261 235 34.0431
261 298 38.2651
261 397 12.7818
261 405 57.2358
261 409 79.3048
261 430 20.3392
261 458 76.4007
261 474 59.3107
262 35 92.7369
262 84 70.4471
262 102 101.463
262 165 136.951
262 323 102.698
262 368 39.3458
262 382 79.2988
263 118 21.3896
263 319 22.2958
263 321 35.1624
263 350 72.9319
264 320 24.8999
264 459 14.8712
264 461 55.2417
264 485 7.56248
265 70 24.0789
265 71 92.1933
265 106 68.9279
265 163 3.74704
265 226 95.9258
265 228 51.7621
265 329 50.0535
265 334 88.9837
265 363 35.7432
266 18 74.188
266 60 64.7012
266 64 124.502
266 73 30.8372
266 228 40.5022
266 293 33.3033
266 372 19
266 398 8.3235
267 143 76.0061
267 148 14.4467
267 156 59.972
267 164 49.1569
267 210 25.9072
267 245 45.2706
267 300 35.6565
267 312 30.9204
267 369 39.1879
268 82 25.3746
268 124 29.3915
268 154 13.4366
268 214 114.797
268 283 70.776
268 289 45.8521
268 310 99.2029
268 422 103.771
268 459 9.26322
269 7 21.1864
269 15 16.7042
269 27 56.4276
269 383 49.9597
269 411 78.2345
270 2 9.95727
270 28 61.2311
270 78 94.8161
270 104 2
270 249 57.6752
270 277 51.5347
270 369 50.8458
270 424 26.9322
270 477 59.9178
271 19 50.0357
271 22 11.4474
271 39 35.0225
271 132 19.9132
271 182 73.1626
271 241 53.489
271 343 56.7384
271 396 42.1839
271 422 59.2594
271 429 2
272 77 44.1606
272 108 49.8961
272 278 33.6279
272 348 57.9648
272 454 57.0667
273 63 56.7682
273 101 51.3387
273 143 135.784
273 272 66.0884
273 417 95.1729
273 442 93.2579
273 443 6.15207
273 454 64.4557
273 462 45.8032
274 137 66.4942
274 162 20.8835
274 167 5.73615
274 188 37.7711
274 249 118.261
274 250 76.4596
274 263 40.6749
275 2 10.5756
275 10 53.1386
275 20 60.5949
275 133 48.1596
275 285 54.9215
275 321 61.5431
275 478 31.4644
276 14 53.1963
276 90 78.3064
276 254 25.5027
276 373 52.5243
276 470 36.6913
277 186 51.6646
277 216 20.9798
277 245 46.8836
277 316 45.1242
277 324 67.226
277 404 16.4075
277 453 60.7914
278 63 45.8962
278 80 70.6216
278 81 53.0418
278 101 34.604
278 118 12.6536
278 143 112.85
278 171 25.8258
278 181 84.7038
278 184 100.935
278 264 45.9034
279 9 64.3444
279 64 69.6688
279 133 80.4624
279 173 40.1669
279 280 39.4971
279 296 5.62316
279 297 27.2061
279 356 91.6517
279 463 51.804
280 152 54.7496
280 165 85.2794
280 196 42.7225
280 255 65.5563
280 281 17.3647
281 187 29.5723
281 298 37.4876
281 397 30.3019
281 471 29.516
282 37 5.27679
282 267 18.0397
282 268 18.8385
282 334 72.7233
282 375 16.0949
282 380 58.5674
282 384 60.2736
282 438 83.2317
283 115 45.0355
283 117 65.6281
283 143 91.1121
283 231 140.148
283 273 63.8139
283 287 55.5371
283 406 24.2174
284 83 19.6577
284 94 90.6783
284 104 2.21854
284 307 6.20132
284 379 5.35873
284 464 48.4842
285 16 108.964
285 24 67.8508
285 78 58.1501
285 96 21.2301
285 130 77.1224
285 211 46.7061
285 286 57.719
285 295 23.6921
285 431 43.1903
285 443 8.43061
285 487 9.98069
286 80 60.0923
286 165 129.843
286 189 32.3488
286 313 9.06645
286 437 53.6253
287 16 81.4225
287 85 73.8369
287 108 54.0786
287 163 6.22894
287 173 60.323
287 253 81.6805
287 255 81.7174
287 348 59.3893
287 488 85.9716
287 499 22.6589
288 20 64.1639
288 33 108.217
288 128 50.4188
288 193 30.925
288 199 74.3175
288 235 28.3173
288 275 59.6701
288 326 16.4866
288 395 91.0446
288 472 64.6687
288 486 30.7787
289 27 41.1928
289 70 28.9515
289 128 40.1186
289 241 54.4639
289 260 40.1005
289 423 12.2007
289 438 67.4311
289 458 72.7551
289 491 46.2892
290 2 8.55229
290 221 74.3827
290 242 68.1965
291 1 12.531
291 41 62.4928
291 45 88.8718
291 149 65.7607
291 168 57.8429
291 203 90.2568
291 207 10.9119
291 350 68.7683
291 397 22.7991
291 424 27.5791
292 62 20.3329
292 85 68.5588
292 133 72.4094
292 136 75.0848
292 175 20.2708
292 178 21.8385
292 191 29.2031
292 210 23.7192
292 360 24.1163
292 458 58.1723
293 24 89.9704
293 62 39.4202
293 127 58.5458
293 176 100.915
293 233 41.3364
293 261 10.6509
293 276 2
293 304 4.95967
293 451 51.8124
294 17 45.6812
294 81 63.6182
294 135 19.5
294 198 36.1258
294 208 16.1014
294 215 28.6249
294 306 72.1273
294 322 38.5404
294 417 91.181
295 135 19.6733
295 278 51.1425
295 405 45.8926
296 9 59.465
296 52 65.3158
296 139 31.8051
296 147 31.1814
296 235 34.2596
296 386 85.1757
297 35 46.7791
297 90 120.491
297 189 34.7356
297 279 50.8985
297 288 61.3845
297 395 91.2556
297 444 5.4589
297 478 21.6191
298 110 56.9967
298 120 34.6297
298 155 24.968
298 223 76.4898
298 266 81.3597
298 278 62.2739
298 292 78.8737
298 346 81.92
298 361 32.063
298 377 60.8925
298 434 65.8759
298 464 60.6193
298 466 42.6674
299 21 80.8552
299 46 41.5553
299 59 58.9414
299 79 29.8712
299 131 42.5517
299 137 53.5559
299 331 31.4859
299 426 98.5859
299 484 74.6645
300 39 55.1801
300 166 28.7777
300 295 10.9834
300 302 22.6911
300 306 58.2011
300 354 97.646
300 403 88.8085
300 471 50.3208
301 22 13.5704
301 65 104.88
301 296 6.61554
301 315 2.974
301 371 80.1496
301 421 13.7702
302 86 54.7398
302 105 2.74795
302 196 46.3451
302 326 21.8177
302 378 67.9397
302 485 14.5918
303 141 75.3985
303 143 108.309
303 186 67.8325
303 187 37.4275
303 201 78.4858
303 287 60.6425
303 375 18.0685
304 24 66.1259
304 219 56.3414
304 308 74.6068
304 327 86.0814
304 332 122.073
304 339 58.3398
304 432 70.1385
304 462 69.4672
305 72 52.075
305 104 2.20082
305 117 64.1978
305 132 23.4906
305 163 5.39964
305 167 11.2396
305 200 15.2085
305 223 75.3275
305 237 49.6253
305 259 36.5578
305 273 71.2837
305 280 54.0109
305 284 43.6859
305 293 33.8367
305 299 21.108
305 315 2.96497
305 362 67.2924
305 373 71.5121
305 421 16.7268
306 17 34.8695
306 39 60.0701
306 121 14.3257
306 122 64.3061
306 233 22.6535
306 307 5.87039
306 319 16.9007
306 407 46.3691
306 490 21.1146
307 153 2.73909
307 279 96.7247
307 303 12.7618
307 351 115.058
308 234 61.0884
308 422 72.9537
309 16 87.7459
309 22 12.8311
309 185 9.78327
309 283 68.1825
309 300 36.8282
309 343 54.2951
309 417 108.549
309 452 86.2706
310 115 66.1914
310 120 66.0711
310 214 93.2242
310 354 87.1363
310 364 38.9305
310 459 14.8953
311 49 61.4451
311 109 32.2633
311 129 62.8253
311 178 51.4541
311 386 43.3162
311 398 8.26217
311 496 25.6417
312 178 56.3742
312 187 55.4727
312 211 56.503
312 212 19.3223
312 375 11.9312
312 394 100.748
312 403 94.9611
312 415 6.32875
312 458 97.8212
312 465 30.31
313 185 10.4648
313 186 68.7139
313 321 34.5005
313 395 51.0895
314 19 34.93
314 20 67.5659
314 112 2
314 124 30.1571
314 302 23.4128
314 319 23.9669
314 354 79.9324
314 481 15.3699
315 115 44.9643
315 232 2.02678
315 243 18.0592
315 248 85.3934
315 347 66.8325
315 447 65.5452
316 190 14.8527
316 225 12.2174
316 263 44.0943
316 295 22.7139
316 301 50.8363
316 363 66.4995
316 376 39.7846
316 426 98.4099
316 433 56.4496
316 499 15.4129
317 55 57.8004
317 135 16.0767
317 258 99.1299
317 283 135.752
317 479 92.2452
318 54 46.5989
318 62 45.0566
318 89 52.3284
318 111 115.355
318 115 60.67
318 123 33.2723
318 229 24.9367
318 274 4.84559
318 290 119.655
318 321 72.1785
318 389 79.5684
318 407 41.8252
318 458 68.3538
318 470 30.3248
318 492 94.884
319 121 18.1022
319 271 2.99139
320 160 58.1584
320 225 10.0037
320 248 71.0741
320 494 105.163
321 47 53.2224
321 87 60.5552
321 90 121.802
321 103 51.8407
321 142 22.3418
321 143 119.527
321 252 57.114
321 284 72.2686
321 362 51.9104
321 396 29.0439
322 167 4.18334
322 198 40.0165
322 212 28.0455
322 233 41.1568
322 295 14.8223
322 424 24.2657
322 445 114.561
323 66 5.84979
323 69 8.73301
323 290 95.8445
323 380 88.6034
323 438 62.2913
323 486 26.9696
324 46 39.9713
324 173 57.7651
324 213 15.1904
324 230 18.0726
324 233 21.941
324 278 56.4317
324 333 30.1758
324 350 88.3335
324 362 59.438
324 451 69.0703
325 99 9.87364
325 153 2.84175
325 173 91.2514
325 200 10.654
325 332 131.609
325 402 28.2049
326 86 91.1731
326 100 103.025
326 102 122.732
326 118 14.4363
326 170 36.581
326 172 68.1846
326 184 77.3336
326 204 21.6638
326 223 72.4465
326 273 49.1108
326 289 52.0519
326 360 25.2362
326 372 24.8306
327 20 67.501
327 26 67.4711
327 71 64.5244
327 114 15.8027
327 132 24.2624
327 149 56.7723
327 226 87.41
327 441 26.9089
327 494 77.8727
328 15 15.4747
328 116 47.6993
328 156 53.7025
328 273 60.6939
328 279 60.5812
328 308 111.287
328 310 95.1971
328 373 61.2347
328 392 31.4476
329 112 2.17438
329 130 113.568
329 192 106.627
329 285 50.8805
329 412 44.477
329 425 53.8063
329 484 45.6217
330 9 44.5201
330 163 4.53823
330 204 12.556
330 216 19.0812
330 382 107.801
331 102 123.135
331 281 19.1605
331 291 10.8871
331 312 28.3976
331 456 35.1587
332 72 50.6123
332 127 77.7896
332 169 68.2124
332 409 78.1323
332 461 99.0163
333 48 16.9756
333 68 118.242
333 93 25.2292
333 147 14.5408
333 388 69.352
333 429 3.58637
333 442 56.2637
333 470 29.8517
334 36 90.7984
334 105 2.82448
334 316 45.764
334 326 10.9785
334 369 50.7744
334 410 79.9149
334 449 58.1374
334 463 67.4569
335 53 3.06356
335 85 65.9168
335 92 71.0799
335 104 2
336 6 39.8266
336 14 69.6386
336 88 87.9835
336 210 35.4434
336 319 29.2672
336 401 97.4716
336 498 56.4343
337 13 24.8392
337 71 57.0133
337 81 75.5478
337 135 12.4273
337 442 132.979
338 25 98.3876
338 39 52.1909
338 173 67.7659
338 222 123.154
338 278 44.9351
338 286 52.9217
338 293 41.986
338 312 28.5706
338 330 6.75876
338 340 23.1444
338 359 4.71709
338 451 78.4461
338 463 38.6447
339 56 109.704
339 72 66.1636
339 115 90.7738
339 205 40.4727
339 316 56.2033
339 325 92.0293
339 369 51.9032
339 386 85.8007
339 395 126.466
339 414 8.3071
339 450 86.5142
339 451 63.7199
339 469 20.6616
339 487 14.3233
339 491 18.1127
340 36 53.9748
340 46 31.7095
340 117 63.2011
340 126 16.5346
340 139 30.9661
340 180 45.5507
340 196 37.1274
341 39 37.2052
341 224 5.19444
341 338 2
341 400 52.7737
341 463 40.9941
341 487 7.79244
342 93 31.3724
342 155 29.8592
342 375 6.21136
342 453 70.8693
343 96 21.9945
343 107 16.775
343 137 38.3938
343 198 57.1312
343 235 18.4087
343 260 66.5315
343 265 113.896
343 303 11.7392
343 349 9.64278
343 378 80.8941
343 394 114.799
343 494 89.1888
344 85 48.0725
344 121 13.6504
344 158 85.6617
344 206 90.4128
344 325 99.6008
344 365 26.4422
344 382 127.028
344 386 45.9625
344 405 47.2989
344 421 5.91011
345 50 77.8192
345 129 47.3844
345 168 29.4656
345 203 86.482
345 261 12.4723
345 334 47.2405
345 379 4.28389
345 440 54.481
345 475 79.8034
345 483 27.4244
346 55 62.2058
346 182 106.387
346 400 40.453
346 403 122.648
346 466 58.045
346 493 129.38
347 51 140.988
347 54 51.519
347 70 30.2934
347 196 30.5007
347 235 24.4281
347 408 6.59015
347 475 56.911
348 31 78.9266
348 122 58.7918
348 133 37.2255
348 281 22.5684
348 289 48.066
348 290 155.145
348 342 81.8281
348 417 57.8138
348 454 69.1713
348 499 21.6845
349 24 117.241
349 29 84.496
349 44 101.892
349 104 2
349 127 53.4742
349 266 54.4477
349 283 104.831
349 295 15.675
349 301 54.517
349 407 76.8287
349 446 10.0301
350 83 10.9484
350 105 2.75187
350 186 41.0173
350 268 15.4185
350 298 35.1713
350 307 3.73195
350 331 34.4867
350 361 47.9388
350 459 15.2901
350 470 39.2175
351 40 89.1885
351 49 130.322
351 66 11.9751
351 190 12.9247
351 262 31.244
351 298 29.0565
351 309 12.5452
351 335 94.6707
351 427 50.6328
352 48 23.4604
352 297 27.5896
352 314 20.7037
352 359 10.4873
352 380 52.9285
352 398 5.75421
352 456 21.0263
353 77 33.4082
353 117 44.3779
353 257 13.2706
353 281 24.3679
353 285 61.1064
353 288 80.3063
353 342 65.1825
353 380 55.1202
353 391 35.5101
354 0 22.0448
354 51 60.9537
354 77 49.3478
354 109 42.9533
354 115 86.0549
354 234 51.4446
354 237 44.7838
354 291 6.28737
354 317 39.4478
354 398 7.20345
354 407 56.8399
355 20 56.3388
355 53 2.70813
355 73 26.3975
355 158 74.6337
355 292 73.1798
355 374 13.8825
355 386 30.4056
355 388 81.7768
355 401 74.7241
355 456 29.8046
356 3 48.3663
356 250 63.496
356 264 54.1065
356 265 53.7555
356 396 47.2058
356 468 111.741
356 484 73.768
357 27 39.6797
357 61 87.3975
357 75 19.3773
357 86 28.0312
357 113 68.5753
357 148 24.6548
357 221 82.9237
357 297 27.0766
357 389 101.408
357 473 17.528
358 123 42.4443
358 177 105.269
358 295 27.8592
358 316 31.2811
358 330 4.51926
358 394 117.671
358 404 39.2539
359 127 52.7382
359 244 83.8723
359 262 18.7621
359 350 87.4566
359 442 100.079
360 147 20.6141
360 210 28.6269
360 211 38.4347
360 276 2.30224
360 406 16.3141
360 427 70.6276
360 433 57.4196
360 457 76.8562
360 476 9.58248
360 480 40.8008
361 76 20.7974
361 180 47.4279
361 413 63.3276
362 305 32.365
362 479 90.5093
363 1 6.64071
363 7 35.3115
363 28 40.4915
363 75 20.0794
363 122 50.881
363 168 37.3604
363 199 40.4232
363 289 60.3906
363 321 54.4392
363 347 38.7099
364 14 31.5619
364 38 99.2462
364 41 62.6856
364 119 21.5244
364 243 15.0101
364 344 80.1654
364 361 15.2029
364 429 3.2577
365 86 69.1889
365 117 89.8209
365 160 97.295
365 232 2.27187
365 240 71.9892
365 275 59.1655
365 290 111.071
365 305 24.8794
365 320 24.1297
365 356 115.474
365 417 118.922
366 105 4.27845
366 139 27.5617
366 180 45.1627
366 242 40.7278
366 251 26.6586
366 261 14.5905
366 339 55.7035
366 341 35.1
366 346 24.8569
366 364 49.9332
366 434 42.8687
366 449 92.0933
366 475 78.9591
366 495 29.7469
367 4 87.7867
367 52 72.2715
367 65 112.563
367 128 33.0451
367 133 55.1946
367 152 92.5053
367 156 46.474
367 199 53.2305
367 367 31.4066
367 420 90.5516
368 37 3.27211
368 133 62.2728
368 166 22.0239
368 216 26.8166
368 223 47.287
368 284 43.708
368 323 83.2671
368 389 92.7969
368 436 54.6007
368 473 24.9156
369 85 81.6172
369 102 119.629
369 138 31.0761
369 144 74.486
369 145 50.1544
369 222 83.9073
369 377 45.8287
369 397 30.8813
369 402 33.2595
369 411 51.8046
369 487 7.24419
370 2 11.1791
370 116 55.6924
370 130 41.5551
370 133 57.1815
370 296 5.94286
370 313 14.9719
370 492 92.3571
371 41 42.6466
371 43 24.7817
371 51 78.8782
371 55 54.9127
371 121 19.2377
371 154 19.0353
371 233 37.2717
371 248 95.7741
371 300 40.8228
371 489 90.0467
372 158 32.3935
372 173 41.5731
372 174 32.6183
372 201 68.534
372 203 75.3231
372 400 73.2099
372 410 44.7282
372 416 52.4974
372 423 5.47182
372 462 66.2759
372 477 89.9781
372 478 23.3183
373 70 29.394
373 147 25.2619
373 217 35.4168
373 225 20.5498
373 431 66.7284
374 391 20.3017
375 44 88.522
375 62 36.5093
375 66 12.8947
375 114 14.3336
375 128 34.2237
375 143 87.7789
375 152 69.2824
375 289 71.546
375 391 40.5269
375 436 130.766
375 472 45.794
376 1 8.99191
376 13 15.9343
376 16 72.5072
376 23 54.3451
376 28 44.9179
376 40 100.22
376 70 31.5605
376 364 68.8302
376 370 97.1282
376 375 31.1428
377 2 11.5084
377 29 60.0309
377 44 64.6215
377 64 94.6431
377 79 38.7507
377 161 57.76
377 179 13.7006
377 316 58.9345
377 338 2
377 422 37.3791
377 452 66.5667
377 480 41.8158
378 0 38.071
378 39 11.9776
378 116 41.5036
378 170 26.0123
378 219 88.5855
378 301 57.1417
378 379 3.96168
378 406 16.5847
378 462 111.965
379 53 3.05966
379 88 71.5969
379 111 49.1782
379 153 3.54763
379 238 53.4883
379 284 47.73
379 306 57.2459
379 424 23.2374
379 460 76.5862
379 461 106.702
379 491 51.2683
380 34 57.3933
380 65 134.167
380 200 9.71217
380 205 19.4877
380 213 10.6876
380 264 40.8842
380 371 83.1611
380 392 20.9629
381 93 31.3006
381 169 66.3553
381 240 69.763
381 273 65.9281
381 296 3.17463
381 300 44.4363
381 311 41.1902
381 343 53.0729
381 369 47.2106
381 373 66.524
381 463 51.8624
382 106 52.7002
382 144 84.1796
382 172 60.649
382 199 88.2678
382 207 21.9057
382 271 3.14728
382 295 17.6031
382 308 83.8905
382 363 25.9899
382 392 25.9936
382 415 4.78853
382 452 74.4137
382 465 28.0898
383 24 48.2159
383 136 79.6451
383 168 47.0886
383 269 7.43344
383 317 87.0902
383 391 35.9548
383 481 24.5936
383 493 89.137
384 103 40.1771
384 112 2
384 137 52.9781
384 153 3.17249
384 275 29.5284
384 371 37.1219
384 388 67.4555
384 425 51.0879
384 430 25.3776
384 434 42.6575
384 483 27.278
385 20 70.6935
385 43 30.144
385 266 87.4491
385 295 15.2338
385 339 82.6441
385 407 68.5745
385 420 54.3075
385 459 17.2552
385 477 102.416
386 121 13.6665
386 288 55.5942
386 296 4.52093
386 306 54.7164
386 342 65.5058
386 407 54.5544
386 452 86.0228
387 61 123.287
387 151 53.1623
387 181 94.9839
387 349 5.74486
387 360 54.9475
387 397 33.9209
388 44 84.9716
388 54 62.979
388 56 76.1309
388 101 84.9486
388 106 51.532
388 215 13.2221
388 275 43.3758
388 284 58.2446
388 448 86.3626
388 465 14.5066
389 155 29.475
389 294 49.2334
389 376 53.7503
390 35 77.6977
390 113 97.9978
390 286 43.9871
390 365 22.6365
390 475 63.9601
390 485 17.5345
391 0 14.7698
391 40 87.6268
391 61 69.7883
391 324 73.2595
391 376 32.162
391 406 23.1497
392 150 47.3693
392 194 31.3374
392 312 26.0614
393 1 6.08904
393 41 47.1464
393 143 126.962
393 187 24.1022
393 217 56.1027
393 219 57.2415
393 225 28.2601
393 245 38.1621
393 355 35.9059
393 389 99.5068
393 399 61.1055
393 417 109.049
393 465 38.9193
394 196 22.96
394 249 112.974
394 253 44.9416
394 265 110.3
394 285 53.2419
394 375 27.2514
394 396 23.4517
394 471 51.4136
394 495 20.3213
395 60 61.1824
395 110 39.4644
395 138 45.1231
395 187 33.5365
395 260 43.0484
395 264 59.9726
395 301 58.3128
395 442 104.723
395 493 75.0422
395 495 22.8147
396 407 76.5938
397 40 102.563
397 84 63.8062
397 93 41.7244
397 133 66.7532
397 179 12.7858
397 189 36.5244
397 196 39.3989
397 255 46.2087
397 310 58.5879
397 334 51.1597
397 370 92.9891
397 442 66.1896
397 496 26.0531
398 132 18.2865
398 154 21.3957
398 203 76.3339
398 293 27.3865
398 302 30.7312
398 444 7.6399
399 36 52.3158
399 76 19.1644
399 150 49.9298
399 172 59.7226
399 191 22.7115
399 266 54.1113
399 277 50.6126
399 278 60.3353
399 302 16.4995
399 402 23.7905
399 420 70.6127
399 422 60.2421
400 56 109.356
400 100 94.5946
400 240 57.0364
400 283 110.799
400 286 59.0746
400 387 31.5656
400 423 17.1932
400 426 81.3935
400 476 8.4806
401 14 87.2456
401 63 47.713
401 79 22.5681
401 112 2
401 231 67.2108
401 324 49.22
401 417 81.0647
401 426 113.031
401 472 65.5883
401 488 88.1684
401 491 51.5594
402 57 8.22656
402 105 2.61428
402 236 65.7704
402 245 41.5452
402 247 3.01133
402 344 105.883
402 491 21.8796
403 101 79.1774
403 192 101.499
403 245 40.3485
403 275 48.1583
403 331 36.5433
403 438 46.0473
403 470 54.8522
404 60 57.4284
404 64 132.862
404 141 103.236
404 173 25.5404
404 317 92.1363
405 97 64.2607
405 114 14.8353
405 158 76.8537
405 192 49.2866
405 207 19.6595
405 323 101.483
405 398 7.6683
405 436 86.9229
405 475 50.5385
406 60 79.14
406 158 102.253
406 168 34.1186
406 181 78.1841
406 187 27.6949
406 290 159.84
406 305 32.8815
406 458 69.8506
407 49 78.3974
407 84 47.2269
407 90 99.5021
407 146 42.7539
407 148 19.0178
407 150 46.5078
407 183 33.6354
407 184 60.8364
407 198 42.3401
407 456 25.9693
408 39 41.525
408 58 8.4643
408 105 2.94893
408 123 27.9627
408 221 70.064
408 245 46.1537
408 257 16.9386
408 327 86.8251
408 340 14.9348
408 355 32.1162
408 370 51.7779
408 382 93.1215
408 436 89.3684
408 472 51.5502
408 493 85.0562
409 19 5.30017
409 38 113.012
409 118 20.3287
409 197 62.7112
409 240 64.2558
409 282 21.3217
409 289 59.0738
409 296 4.76882
409 377 58.1624
409 391 51.362
409 461 94.6249
409 476 7.08832
409 490 15.8855
410 39 83.7315
410 82 23.5658
410 129 54.7678
410 139 39.4514
410 141 100.567
410 273 74.1876
410 433 82.4136
411 4 117.497
411 36 72.1264
411 38 110.535
411 80 50.8505
411 90 99.8771
411 133 52.9735
411 231 41.0855
411 245 43.6945
411 296 5.33642
411 371 79.7627
412 55 53.2315
412 70 35.5721
412 96 24.4186
412 142 31.4912
412 192 122.469
412 337 21.6312
413 31 106.671
413 41 44.1842
413 57 4.35544
413 151 74.5562
413 195 22.0335
413 278 66.7883
413 297 26.8135
413 360 72.3988
413 456 25.6474
413 459 15.524
413 464 51.6777
413 478 28.9492
414 131 37.6389
414 329 26.3387
414 391 44.9932
414 487 13.5965
415 123 32.8557
415 138 41.942
415 218 55.3515
415 239 115.02
415 401 92.6908
415 403 67.1382
416 91 38.7668
416 343 58.1465
417 7 13.0322
417 21 37.0937
417 34 53.2872
417 63 40.3773
417 263 64.6949
417 450 100.954
417 465 28.9019
418 231 84.5033
418 264 48.3688
418 376 46.2375
418 441 50.2635
418 450 78.2213
418 486 31.0916
419 7 42.2376
419 37 4.61808
419 141 107.669
419 387 53.9594
419 407 64.2389
419 421 8.52018
419 458 58.617
419 490 24.0923
420 65 92.0857
420 140 69.3859
420 204 29.6284
420 252 49.4128
420 343 62.2115
421 158 57.4245
421 160 94.6538
421 192 114.294
421 205 54.9242
421 256 79.6199
421 276 2.16449
421 297 36.2666
421 298 27.2316
421 305 36.7586
421 387 57.6462
421 434 37.4329
421 447 41.0363
421 492 101.997
421 496 22.4345
422 51 58.3803
422 157 27.3783
422 277 25.9505
422 294 56.3362
422 334 56.8457
422 419 33.7887
422 465 23.6451
422 486 22.7393
423 80 25.2182
423 151 88.9087
423 209 39.8088
423 269 7.84337
423 436 105.442
423 472 71.2208
423 490 30.6878
424 72 47.8808
424 74 11.5307
424 108 59.4573
424 415 5.40783
424 471 64.6977
425 7 29.825
425 68 86.7153
425 82 18.8763
425 162 14.4939
425 173 66.5577
425 263 17.5727
425 301 26.2733
425 305 42.3415
425 339 60.4706
425 438 71.7351
425 456 33.9516
425 481 16.3635
426 6 42.8407
426 72 75.2385
426 117 78.7893
426 154 26.6816
426 360 54.7413
426 370 76.9576
426 384 50.8293
426 496 18.805
427 100 86.1627
427 188 48.1027
427 194 29.5629
427 246 30.7383
427 269 10.4332
427 372 27.6985
427 397 22.5144
427 489 99.8388
428 8 34.9338
428 11 33.0376
428 42 8.59718
428 61 133.807
428 71 100.635
428 123 39.7465
428 173 67.0243
428 182 91.9016
428 214 89.3089
428 248 73.2451
428 269 8.1473
428 286 50.5598
428 291 12.6844
428 339 45.5392
428 368 24.4314
428 386 38.9228
428 422 77.6588
428 423 10.4154
428 465 19.8102
428 479 70.7401
428 494 88.7212
429 22 12.9454
429 138 59.4199
429 194 28.7205
429 239 79.5434
429 286 47.2825
429 308 128.717
429 342 75.3134
429 357 4.09239
429 358 28.7749
429 455 13.0047
429 482 51.8593
430 3 63.5613
430 107 20.8789
430 133 66.0647
430 195 30.2191
430 319 15.3686
430 491 40.089
430 498 79.1296
431 82 34.9172
431 92 73.4248
431 126 15.0132
431 145 39.2837
431 350 61.0118
431 351 55.4316
431 410 97.7256
432 41 29.5346
432 49 79.4404
432 114 13.4659
432 145 40.6478
432 146 42.23
432 163 6.06897
432 281 19.6674
432 333 21.3273
432 353 8.86562
432 367 26.6323
432 404 24.1715
432 426 98.8594
433 5 48.2082
433 216 35.5866
433 263 36.1948
433 378 106.562
434 45 65.8966
434 141 89.1822
434 259 68.2105
434 266 30.2778
434 297 38.2345
434 453 49.1725
435 38 95.4768
435 88 54.9917
435 91 36.2935
435 121 13.5598
435 129 68.2328
435 155 21.5339
435 181 45.1111
435 190 14.0052
435 227 53.801
435 255 69.5752
435 263 61.2295
435 265 80.3471
435 269 13.9422
436 102 110.421
436 192 104.182
436 298 50.7253
436 399 57.8537
436 425 74.0517
436 483 21.9836
437 8 105.498
437 9 93.9207
437 62 12.4221
437 109 16.6072
437 178 30.9215
437 239 89.1222
437 337 19.1421
437 343 24.2915
437 391 42.2952
438 69 7.15147
438 106 95.0589
438 213 12.4136
438 273 62.6872
438 357 3.20945
438 443 9.67133
439 85 80.0603
439 173 36.854
439 262 25.5695
439 286 60.8528
439 385 114.508
439 423 8.26592
440 144 68.4992
440 181 87.9544
440 182 98.6596
440 184 112.261
440 194 26.8696
440 369 32.0097
440 481 26.714
440 488 98.6202
441 30 78.952
441 135 26.6776
441 192 64.4386
442 112 2.39903
442 229 40.9456
442 242 50.3614
442 403 96.502
442 421 14.8498
442 424 41.0709
442 467 43.111
443 71 47.9069
443 226 91.6903
443 240 115.041
443 283 98.1835
443 300 47.0181
443 404 26.4246
444 80 37.4042
444 91 49.8756
444 252 54.4554
444 307 4.81868
444 312 14.6604
444 347 63.6526
444 447 57.0175
444 456 21.848
444 459 8.54533
444 466 49.0814
445 3 59.5678
445 4 103.657
445 12 44.9204
445 55 55.9617
445 72 58.9393
445 88 107.757
445 127 64.1222
445 135 18.4442
445 146 45.0708
445 292 65.2515
445 333 31.8009
445 369 56.2171
445 384 67.2241
445 419 42.9077
445 426 94.2993
446 7 20.9928
446 112 2
446 242 41.3459
446 254 19.5459
446 290 102.173
446 303 9.43688
446 372 21.0012
446 475 46.2476
447 10 56.8453
447 276 2.06967
447 358 26.2719
447 363 43.0066
447 365 25.5918
447 436 99.8306
448 46 57.2013
448 54 53.5971
448 204 25.0633
448 213 16.2832
448 249 103.053
448 341 85.2142
448 390 64.3625
449 275 40.2684
449 277 71.9063
449 318 61.4839
449 499 20.9962
450 93 32.5727
450 214 96.0923
450 359 8.36395
450 386 71.6816
450 466 81.7301
450 472 71.3517
450 492 110.724
451 42 11.2001
451 217 39.284
451 302 23.7364
451 307 3.72364
451 308 92.7848
451 339 42.5257
451 362 42.5648
451 426 82.6073
452 296 5.2151
452 401 92.9082
453 3 112.354
453 72 63.6852
453 90 142.037
453 192 130.19
453 199 65.3907
453 201 62.6161
453 208 19.503
453 258 84.3742
453 343 38.9949
453 394 81.0596
453 419 34.7628
454 105 2.94069
454 122 80.2362
454 168 50.737
454 183 32.127
454 305 38.7794
454 339 50.8522
454 426 114.081
454 440 51.1451
455 161 66.4555
455 188 46.0381
455 330 6.17962
455 343 46.027
455 463 56.4049
456 102 95.6276
456 103 64.4499
456 131 26.4772
456 134 124.086
456 252 53.4802
456 267 17.9612
456 285 62.4015
456 387 42.6491
456 389 144.979
456 450 56.4066
457 250 45.7728
457 257 18.4085
457 301 50.5099
457 336 53.2546
457 366 32.9441
457 424 32.997
457 466 76.3265
458 84 83.7284
458 212 38.8706
458 254 26.8459
458 260 53.3642
458 283 138.878
458 309 5.79468
458 313 15.8542
458 357 3.64176
458 406 15.2764
458 493 66.6073
459 1 11.1623
459 31 42.9704
459 51 59.3484
459 109 22.7742
459 229 40.391
459 237 44.4913
459 248 66.7034
459 254 18.8557
459 267 13.1484
459 307 5.56366
459 392 25.4436
459 487 18.487
460 60 60.3303
460 182 101.98
460 210 19.2904
460 251 56.353
460 347 48.3932
461 94 60.1747
461 110 44.7082
461 160 83.771
461 232 2
461 404 34.0569
461 416 38.0497
461 492 83.5275
462 54 23.1089
462 128 23.4983
462 169 40.366
462 248 79.2638
462 300 49.7561
462 310 98.3609
462 415 3.85171
462 418 55.4198
462 466 57.8183
463 63 29.3087
463 97 136.02
463 126 9.74296
463 227 38.497
463 398 7.25665
463 445 119.977
463 451 76.1318
464 21 94.6597
464 35 47.5925
464 38 125.713
464 65 65.9518
464 140 109.345
464 149 80.1719
464 167 13.3172
464 231 66.946
464 235 27.268
464 261 21.7718
464 274 9.82297
464 372 42.9549
465 29 82.0311
465 64 70.0885
465 76 17.0392
465 117 99.0812
465 145 52.6521
465 213 12.4002
465 340 21.4204
465 374 13.4905
465 384 51.1892
465 415 4.16479
466 62 28.0474
466 70 11.7756
466 133 77.2248
466 142 12.1697
466 178 64.3676
466 280 36.2329
466 289 81.4832
466 290 82.4228
466 315 3.36636
466 339 43.007
466 397 17.8023
467 41 48.0301
467 42 11.6912
467 44 76.0602
467 51 88.6629
467 64 171.748
467 75 17.1462
467 210 22.87
467 229 33.2602
467 367 27.1037
467 427 67.4945
467 449 60.9442
468 29 58.1771
468 66 13.3846
468 203 64.6008
468 228 87.6904
468 352 49.1685
468 368 55.3548
468 372 38.093
468 397 22.2911
468 420 83.2485
469 66 6.65073
469 155 26.7493
469 252 64.103
469 257 18.753
469 266 49.711
469 289 51.647
469 325 87.0574
469 397 23.4155
469 462 3.69756
469 484 79.8731
470 127 38.9151
470 262 35.368
470 285 37.708
470 314 17.5821
470 317 87.318
470 420 106.204
470 438 61.079
470 490 37.357
471 50 76.6457
471 77 16.7481
471 155 36.5886
471 176 77.2058
471 309 11.927
471 344 68.7135
471 349 7.62497
471 367 12.6234
471 368 26.8126
471 377 77.6243
471 415 7.05519
471 460 85.3107
471 484 96.6045
472 21 59.0253
472 31 85.5524
472 71 81.8041
472 78 100.386
472 184 88.2977
472 220 90.8751
472 235 29.8543
472 258 98.8767
472 272 61.9053
472 274 16.021
472 283 46.7534
472 297 27.728
472 306 42.5893
472 401 83.7828
472 413 74.4727
473 176 87.5292
473 219 80.6839
473 248 84.1963
473 260 36.0634
473 299 27.2444
473 333 19.3761
473 336 61.5071
473 449 78.2808
474 46 40.1976
474 127 51.2937
474 185 13.9832
474 191 23.6662
474 265 71.4745
474 270 8.00848
474 441 40.7318
475 10 41.0898
475 24 94.3768
475 42 6.81296
475 66 9.24352
475 73 32.278
475 199 47.9514
475 227 33.326
475 297 40.0645
475 317 73.705
475 340 33.4513
475 352 59.6039
475 356 74.9941
475 377 38.8381
475 407 64.9218
475 427 51.7897
475 436 74.9035
475 493 120.643
476 175 33.1705
476 288 65.2907
476 454 74.5849
477 19 38.5685
477 54 40.12
477 117 78.2794
477 128 40.2611
477 147 21.1511
477 153 2.16051
477 215 22.1098
477 244 78.1071
477 300 37.043
477 364 51.7098
477 381 79.4015
477 415 6.9229
477 459 13.2168
477 469 19.337
477 470 44.0474
478 70 36.122
478 76 21.5394
478 80 65.5814
478 172 32.6522
478 200 12.962
478 335 84.1672
478 371 78.9862
479 31 80.1876
479 44 68.2949
479 58 11.6691
479 146 54.9024
479 166 31.0039
479 174 23.7517
479 228 39.0859
479 395 54.2698
479 440 47.6404
480 0 26.2381
480 64 101.346
480 183 35.0247
480 199 62.9372
480 265 89.0996
480 409 131.439
480 454 62.9734
480 482 31.4408
481 42 7.78728
481 54 43.1606
481 88 91.0574
481 102 163.78
481 245 26.6972
481 353 6.36883
481 360 27.1918
481 391 49.1009
482 79 33.0418
482 161 95.9826
482 239 65.0797
482 262 25.7202
482 340 38.1413
482 455 9.7892
482 477 106.702
483 57 8.49048
483 61 116.093
483 76 9.96891
483 148 21.0422
483 190 10.4649
483 247 3.13792
483 322 24.7818
483 408 7.40924
483 427 50.1996
483 455 8.96912
483 491 22.7646
484 68 93.6887
484 159 87.6642
484 179 12.7672
484 201 74.8294
484 232 2
484 247 3.51921
484 272 79.6236
484 499 17.7659
485 8 80.3293
485 111 80.2644
485 113 86.6735
485 291 12.3825
485 299 25.5877
485 359 8.42684
485 404 17.7049
485 443 7.53358
485 468 93.2044
486 90 101.647
486 104 2
486 142 24.3283
486 223 73.5632
486 249 64.936
486 363 31.4659
486 424 23.8468
486 437 47.9162
487 153 3.3439
488 157 29.2926
488 186 39.5614
488 217 29.2501
488 453 86.8725
488 458 50.5364
489 147 11.5946
489 306 57.9117
489 360 50.3439
489 388 114.73
489 488 72.9396
490 28 60.3904
490 33 76.7561
490 83 8.30338
490 168 42.7634
490 227 41.8967
490 270 9.33991
490 280 47.2851
490 445 142.07
490 475 45.4178
490 495 30.7191
491 63 22.1709
491 143 23.2875
491 144 89.9634
491 253 67.5099
491 302 29.285
491 369 42.2138
491 483 24.5966
492 83 17.9991
492 93 37.3782
492 110 42.7618
492 186 31.3023
492 446 9.83362
493 76 23.9613
493 91 45.416
494 32 64.3303
494 55 46.949
494 67 48.3828
494 129 42.4392
494 165 165.655
494 233 31.9401
494 267 21.3489
494 370 75.1208
494 450 94.1006
495 3 73.6583
495 59 62.3931
495 70 30.3275
495 156 56.0914
495 215 30.0546
495 297 27.381
495 332 56.0883
496 56 101.328
496 86 74.7858
496 186 39.8462
496 281 14.7406
496 315 2.79994
496 322 40.1754
496 367 26.1076
496 370 79.347
496 404 30.9251
496 473 21.1604
497 26 48.4953
497 69 6.91025
497 78 76.0143
497 134 101.84
497 211 81.4598
497 354 139.625
497 373 49.0535
497 388 41.7754
497 442 97.5352
497 477 53.9973
498 5 91.1978
498 98 41.8191
498 130 76.4315
498 202 22.3793
498 341 77.0752
498 420 87.782
498 423 10.1546
498 499 16.6276
499 122 71.8717
499 278 64.5616
499 281 13.2825
499 298 45.2163
499 447 63.1151
499 459 19.7797
