500 500 4081
0 54 137.538
0 60 73.3462
0 82 82.2319
0 95 8.4533
0 232 9.36419
0 411 40.7884
0 456 82.5694
1 46 75.1126
1 107 4.11583
1 165 117.479
1 175 24.5432
1 402 17.1483
2 45 8.91941
2 69 108.679
2 111 42.0791
2 141 65.5626
2 168 126.785
2 173 13.9845
2 221 34.4381
2 258 47.9136
2 259 88.9576
2 267 106.876
2 317 57.1358
2 342 25.9491
2 367 2.81359
2 370 63.0597
2 401 27.0236
2 456 55.0637
2 479 85.8768
3 189 59.6305
3 414 31.983
3 415 69.2445
3 482 46.8211
4 101 87.3504
4 118 108.092
4 150 38.0837
4 154 50.6635
4 223 64.3602
4 278 65.8484
4 477 115.181
5 156 28.836
5 179 8.58505
5 273 25.8106
5 325 84.8112
5 337 62.4701
5 364 15.0914
5 392 66.9863
5 393 22.9225
5 407 48.3499
5 420 62.5061
6 33 2
6 52 64.7749
6 77 48.9844
6 93 61.0903
6 112 23.5581
6 165 91.5076
6 174 3.89401
6 212 22.616
6 246 7.39578
6 276 24.6167
6 321 57.4296
6 381 75.0202
7 22 12.3522
7 32 3.5414
7 48 28.8733
7 55 39.3315
7 120 24.5768
7 161 27.1621
7 323 64.8831
7 427 38.1294
7 495 55.9485
8 22 14.2623
8 23 31.4009
8 137 7.81602
8 184 46.0614
8 190 20.6106
8 222 105.798
8 367 3.51859
8 446 45.7014
9 26 101.5
9 56 62.1771
9 139 26.821
9 143 58.1071
9 168 87.2034
9 274 59.2693
9 343 20.162
9 350 15.2843
10 234 9.45484
10 324 62.1353
10 412 27.2971
10 447 27.023
11 93 45.4509
11 98 82.7895
11 126 27.7198
11 140 53.7169
11 151 37.8014
11 159 50.9224
11 186 40.0496
11 202 61.5129
11 241 57.6417
11 250 38.3686
11 286 19.8188
11 382 16.6091
11 393 29.9514
12 40 34.7939
12 59 67.6542
12 60 82.545
12 82 54.9445
12 91 37.7353
12 293 75.2995
12 485 26.1887
12 487 21.2292
13 23 23.9884
13 49 32.5767
13 89 102.064
13 188 20.4176
13 297 56.6879
13 298 39.575
13 327 56.2824
13 374 72.9373
13 420 95.3951
13 477 105.673
13 479 102.635
14 33 2.58549
14 70 133.066
14 93 72.7864
14 173 10.1976
14 188 22.9949
14 192 87.3966
15 48 42.756
15 58 38.2353
15 81 7.89965
15 145 82.1921
15 198 11.7166
15 231 34.2549
15 264 80.9659
15 274 49.2038
15 297 84.0544
15 393 47.356
15 434 21.0689
16 10 31.7894
16 44 43.0923
16 84 45.7533
16 157 3.5112
16 206 19.7658
16 208 55.7837
16 247 122.031
16 265 27.1727
16 277 49.1553
16 335 23.7818
16 408 52.8488
16 424 17.866
17 67 111.025
17 172 67.0245
17 186 52.434
17 275 44.6656
17 282 96.9602
17 410 21.4522
18 156 26.3594
18 223 52.8301
18 310 90.4545
18 421 99.8624
18 423 44.8079
19 140 35.4603
19 409 61.0407
20 47 32.9237
20 304 129.567
20 342 36.4316
20 475 91.5063
21 31 68.8874
21 92 69.0894
21 110 20.53
21 112 59.3048
21 298 31.0635
21 321 80.7857
21 323 76.7991
21 325 148.33
21 345 82.0402
21 371 63.7843
21 373 70.2911
21 374 101.666
21 378 54.3042
21 470 87.6075
22 34 11.7319
22 92 119.029
22 178 123.537
22 226 35.0788
22 348 74.8829
22 370 53.0348
22 381 76.9326
22 462 30.8286
22 487 17.3325
23 107 3.33117
23 342 29.147
23 367 2.61902
24 49 28.52
24 186 44.9695
24 208 43.8732
24 221 32.7267
24 224 49.7688
24 306 32.0823
24 313 91.3291
24 406 103.473
24 414 27.9529
25 39 4.50115
25 45 5.50129
25 349 89.7619
26 30 59.2267
26 65 90.1208
26 88 56.6675
26 130 35.5555
26 138 26.1112
26 164 20.7279
26 188 34.2089
26 207 33.4456
26 298 52.0545
26 345 79.7573
26 385 59.9647
27 25 66.7437
27 97 29.288
27 107 5.38841
27 132 121.044
27 205 100.094
27 234 19.7237
27 253 41.2946
27 294 91.5869
27 368 32.3326
27 494 40.022
28 53 21.0368
28 91 24.4171
28 134 85.6865
28 235 86.3665
28 246 16.1452
28 372 39.1447
28 394 33.5934
28 427 15.8153
29 107 4.07784
30 104 32.2254
30 139 43.5319
30 171 30.3965
30 354 42.1882
30 441 86.6346
30 478 110.185
30 488 21.2261
31 35 84.7512
31 40 23.5524
31 56 88.2572
31 115 77.5194
31 123 23.9925
31 151 50.7787
31 156 24.7306
31 269 21.3555
31 394 53.0823
32 20 17.8858
32 55 82.5453
32 124 43.0257
32 149 43.9341
32 178 63.7399
32 217 42.6534
32 263 33.3334
32 334 18.7445
32 415 60.0506
32 435 4.91593
33 13 65.1691
33 74 2.01612
33 119 58.888
33 167 8.88602
33 184 34.0104
33 201 38.995
33 232 13.7942
33 319 68.8348
33 352 23.4859
33 355 21.0874
33 408 48.4287
33 439 88.3139
34 87 21.9003
34 308 81.8941
34 317 80.7049
34 324 69.316
34 470 116.964
35 36 70.4095
35 180 3.38895
35 202 107.04
35 269 14.4067
35 474 30.9579
36 57 87.6561
36 81 17.8164
36 388 32.7886
36 478 105.336
37 4 35.1433
37 69 105.967
37 74 2.24945
37 86 39.7532
37 241 104.255
37 255 30.7397
37 397 66.0174
37 430 78.1524
37 490 51.7388
38 166 80.3156
38 301 83.4454
38 307 11.908
38 309 86.2006
38 331 70.86
38 359 7.51236
38 363 85.002
38 486 16.3656
38 499 2
39 71 25.4152
39 125 66.7805
39 127 87.7156
39 133 6.12813
39 165 89.8611
39 181 20.5392
40 52 85.7241
40 74 2.24422
40 79 17.1152
40 90 2.50893
40 136 58.7503
40 189 38.547
40 317 70.8674
40 342 35.5272
41 31 100.611
41 69 129.956
41 91 44.8625
41 94 123.489
41 194 83.3165
41 319 83.7297
41 368 40.8321
41 404 4.75224
41 441 77.8418
42 130 23.4409
42 161 33.5117
42 212 10.0593
42 220 38.4374
42 221 40.3977
42 317 120.449
42 342 30.5874
43 8 33.3396
43 192 60.9104
43 230 8.12266
43 279 73.9128
43 394 59.0666
43 415 60.9388
43 442 107.341
43 459 43.9094
44 15 9.80201
44 35 64.1375
44 59 102.25
44 143 110.023
44 146 56.2952
44 155 5.42756
44 175 23.1036
44 323 72.9777
44 380 77.0599
44 433 5.00665
45 6 29.422
45 103 39.0864
45 128 25.7517
45 129 31.7873
45 161 24.4027
45 206 16.0813
45 227 40.0248
45 288 16.7462
45 289 102.123
45 323 94.8418
45 344 64.7735
45 421 113.99
45 433 4.39
46 157 3.46244
46 166 71.9935
46 434 25.9092
47 1 25.109
47 202 85.4201
47 368 37.2836
47 421 82.2017
48 144 82.2654
48 159 33.325
48 264 83.936
48 394 58.8242
49 22 16.5759
49 25 58.1107
49 172 84.1708
49 218 37.7113
49 244 61.3216
49 287 27.1468
49 411 22.9854
50 24 10.8573
50 176 80.4747
50 200 25.6552
50 242 153.665
50 303 72.2103
50 320 135.861
50 344 49.3501
50 369 60.8289
50 394 60.1795
50 408 55.1062
50 424 19.4121
50 499 2.26433
51 35 78.9983
51 44 43.5723
51 48 63.3351
51 94 107.345
51 160 31.3466
51 312 112.619
51 350 15.6829
51 437 12.9831
51 471 27.9471
52 65 52.1967
52 67 69.3517
52 116 122.852
52 152 38.308
52 167 9.31542
52 416 124.65
52 424 19.2281
53 6 29.3059
53 50 2.39803
53 124 75.1975
53 160 26.3667
53 180 3.26908
53 194 73.8055
53 306 21.7713
53 315 11.1842
53 367 3.70494
53 409 66.207
53 448 73.6753
53 457 87.4985
53 462 13.8683
54 66 22.0587
54 100 17.7451
54 112 57.8709
54 314 77.114
54 344 115.427
54 414 32.4945
54 455 117.698
54 474 40.5997
55 0 87.5304
55 4 63.4785
55 44 100.477
55 205 96.2958
55 229 76.8738
55 399 31.7157
56 56 73.6494
56 71 49.0814
56 105 75.3702
56 207 52.1019
56 255 53.0046
56 400 59.2143
57 19 85.4369
57 98 80.4807
57 101 78.4301
57 200 29.5817
57 203 87.0955
57 262 15.4493
57 317 108.258
57 432 2
57 439 80.1694
57 493 89.5396
58 35 44.7631
58 77 94.4844
58 193 8.57712
58 331 39.1541
58 353 46.3577
58 368 50.2231
58 485 35.4808
58 497 16.3341
59 123 25.715
59 158 137.034
59 201 50.115
59 263 25.9053
59 472 41.9501
59 494 43.8412
60 11 61.4174
60 48 62.031
60 121 78.1045
60 174 3.7236
60 264 74.9576
60 489 37.2234
61 95 9.37123
61 104 30.5127
61 167 12.0633
61 215 63.0142
61 244 69.2951
61 286 21.9687
61 369 46.8963
61 403 58.5285
61 436 22.6085
62 10 35.301
62 29 97.797
62 150 34.7843
62 236 76.843
62 243 38.5873
62 325 128.241
62 415 36.3765
62 440 75.5028
62 496 31.4967
63 17 44.9674
63 42 86.2436
63 121 78.6651
63 192 66.4805
63 202 115.03
63 234 18.4496
63 395 53.7608
63 439 57.3156
63 475 51.3371
64 25 52.0028
64 103 38.9316
64 218 35.8165
64 245 104.851
64 251 31.9724
64 289 101.901
64 303 49.2239
64 472 31.5434
65 13 25.7995
65 115 74.9596
65 234 22.079
65 235 59.7546
65 262 20.3126
65 286 32.3687
65 295 39.9526
65 373 95.5219
65 386 24.4735
65 425 40.1271
65 457 107.747
65 463 77.7005
65 497 30.0743
66 125 83.4446
66 216 25.3781
66 223 77.1163
66 378 69.0857
66 427 26.2329
67 27 89.7981
67 82 99.9078
67 102 69.7754
67 105 57.4912
67 196 50.4205
67 289 85.7096
67 375 38.3215
67 392 58.8169
67 431 72.7385
67 468 67.8211
67 486 43.3288
67 495 52.7339
68 133 6.34726
68 236 96.1977
68 376 48.8782
68 430 103.848
68 458 20.8333
69 59 44.5888
69 77 76.283
69 82 67.3807
69 163 33.1157
69 241 75.4546
69 380 74.8474
69 467 27.4121
69 473 71.9977
69 499 2
70 39 9.00681
70 94 92.2256
70 96 24.7714
70 135 26.3153
70 304 72.4982
70 390 94.5907
70 431 102.374
70 471 26.6333
71 31 43.1381
71 32 3.86352
71 80 124.633
71 116 102.875
71 128 25.2708
71 159 50.699
71 196 114.61
71 202 46.5436
71 293 49.8782
71 298 60.3786
71 305 3.61893
71 314 118.808
71 316 55.964
71 340 40.9099
71 417 48.7202
72 142 59.2039
72 379 52.2822
73 24 10.6947
73 43 59.3217
73 94 90.4344
73 147 60.1363
73 154 66.9971
73 157 2.18082
73 209 3.5412
73 311 67.0781
73 379 56.9974
74 38 87.032
74 266 113.139
74 398 55.0169
74 479 138.17
75 174 4.20103
75 219 56.5185
75 448 76.7198
75 457 65.1902
75 470 93.3528
76 55 88.6834
76 189 66.9904
76 271 2.07683
76 374 97.2957
76 382 19.5684
76 390 101.52
76 442 78.4146
76 478 99.7554
77 135 41.7736
77 141 62.8913
77 200 38.9738
77 250 36.3954
77 262 20.7801
77 298 31.8261
77 321 57.4884
77 361 19.9108
77 436 25.208
77 494 69.71
78 0 149.062
78 73 62.7271
78 118 69.2361
78 305 3.96849
78 391 76.6066
78 397 85.3518
78 443 2
78 477 102.075
79 62 66.1047
79 76 53.948
79 150 29.2401
79 179 7.40555
79 218 23.0586
79 327 83.7773
79 383 5.5289
79 413 30.9276
80 121 105.574
80 127 79.9843
80 208 45.5231
80 265 32.8901
81 29 65.7777
81 121 72.3977
81 143 81.4247
81 196 115.942
81 269 20.287
81 274 47.1018
81 416 87.1181
82 130 42.4504
82 140 41.108
82 207 50.1063
82 240 23.9227
82 285 86.5536
82 303 80.3396
82 356 20.4499
82 407 76.9958
82 476 16.3186
82 491 69.3176
83 200 35.0442
83 241 118.006
83 278 37.7049
83 307 15.1028
83 334 14.9883
83 446 47.7722
84 29 105.451
84 60 69.2933
84 66 27.6687
84 73 66.4745
84 101 65.6691
84 129 22.8863
84 201 51.8363
84 309 62.8886
84 314 88.4748
84 334 16.5253
84 379 52.6677
84 487 20.0396
85 2 39.5338
85 21 28.4087
85 117 37.0936
85 149 47.6436
85 157 2.92608
85 223 78.5718
85 272 66.9798
85 303 102.232
85 315 5.624
85 326 39.9563
85 327 109.655
85 423 37.3135
85 466 93.555
86 118 125.232
86 120 33.8884
86 217 49.6988
86 240 36.3144
86 300 27.3655
86 437 18.3448
86 439 68.6789
86 474 25.921
87 190 14.1669
87 222 113.629
87 325 86.9817
87 376 63.556
87 435 7.01507
87 489 48.5089
88 15 13.8511
88 258 67.2282
88 289 53.7025
88 377 17.2229
89 45 7.70838
89 131 30.8509
89 278 34.0661
89 295 41.8394
89 363 104.772
89 412 47.6253
90 129 17.8743
90 322 23.9491
91 66 22.8609
91 69 128.757
91 276 26.6968
91 295 58.5967
91 344 86.7003
91 384 18.2714
92 122 84.1206
92 213 4.23103
92 248 44.5932
92 252 72.7528
92 303 69.709
92 310 71.0789
92 376 67.3336
92 406 71.2647
92 411 27.9579
92 454 103.166
92 499 2.16087
93 13 44.8924
93 128 32.8428
93 151 46.2791
93 167 7.14049
93 194 91.8335
93 208 52.969
93 217 44.7551
93 292 76.7864
93 343 14.9151
93 349 62.0926
93 374 123.874
93 407 49.0972
93 474 19.0685
94 25 96.1487
94 42 36.1373
94 57 102.075
94 59 92.4343
94 238 17.8978
94 308 84.7125
94 359 6.15792
94 482 41.968
95 60 87.3483
95 124 68.6481
95 143 63.3538
95 149 50.2746
95 218 21.6996
95 220 82.0196
95 228 121.208
95 245 88.9775
95 361 24.0314
95 398 64.45
95 399 37.961
95 419 13.8662
95 497 27.0345
96 39 9.91353
96 125 124.521
96 174 3.82678
96 188 17.2305
96 335 33.4685
96 361 17.8776
96 381 79.9085
97 97 33.8176
97 128 22.06
97 177 43.4658
97 178 73.6954
97 187 74.0444
97 206 18.9509
97 220 89.6383
97 350 19.1134
97 361 18.8725
97 430 115.422
97 454 94.6595
97 472 41.9772
98 36 54.3856
98 64 12.621
98 68 8.82062
98 71 33.6537
98 87 26.4945
98 166 58.1967
98 233 3.34482
98 246 15.7943
98 254 70.8814
98 305 2.42882
98 360 42.0921
98 387 62.2438
98 420 104.723
98 443 2
99 69 122.844
99 108 57.0714
99 250 41.3034
99 300 86.3504
99 352 24.694
99 368 25.3722
99 466 58.1421
99 487 14.8789
100 48 36.6212
100 134 88.1159
100 164 36.9106
100 269 16.8679
100 302 37.6454
100 311 67.0736
100 437 13.4899
101 8 31.1564
101 27 77.0564
101 72 14.948
101 88 83.2851
101 115 80.3192
101 346 21.0808
101 404 6.72574
101 411 22.3069
101 442 71.8311
102 7 16.2802
102 27 69.9606
102 65 97.7045
102 70 104.872
102 90 5.23762
102 186 55.6764
102 197 31.011
102 206 17.4669
102 352 19.7685
102 363 49.5676
102 437 12.6834
102 448 95.2172
102 481 19.024
103 17 62.6457
103 90 5.13997
103 173 15.4166
103 210 76.1353
103 249 40.3053
103 357 101.976
104 40 38.7633
104 48 69.7507
104 65 91.999
104 131 42.691
104 276 27.2657
104 301 80.654
104 310 83.4643
104 351 79.8472
104 369 54.6358
105 3 35.5015
105 27 59.7758
105 46 80.6455
105 82 63.8301
105 116 85.5514
105 118 121.173
105 133 7.62031
105 144 63.8228
105 163 15.3402
105 187 33.4352
105 195 123.006
105 209 3.81595
105 215 55.8942
105 384 13.2212
105 424 14.5881
106 23 22.7187
106 41 19.9529
106 151 46.508
106 217 63.5748
106 300 63.8597
106 308 57.5485
106 322 29.4979
106 461 118.14
107 21 47.5868
107 69 61.2161
107 73 46.0263
107 130 32.7383
107 183 26.5873
107 191 45.734
107 198 9.38861
107 258 74.4925
107 300 82.7756
107 375 19.8445
107 430 61.18
108 34 9.13203
108 182 68.587
108 328 80.6761
108 412 30.7984
108 444 39.7668
108 466 77.7369
108 487 9.14622
109 6 30.0717
109 40 26.4288
109 193 7.30023
109 210 44.7672
109 219 52.296
109 329 78.3038
109 457 90.9005
110 22 17.2872
110 72 9.24395
110 102 74.5793
110 109 42.4264
110 127 102.345
110 160 27.8863
110 266 101.799
110 299 45.9295
110 372 46.5751
110 449 32.7389
110 451 77.1084
110 478 62.3897
111 228 94.8902
111 307 13.8547
111 359 7.74428
111 438 32.9002
111 464 85.0222
112 13 63.7641
112 143 114.227
112 197 36.2817
112 347 42.8496
112 414 41.498
112 438 75.0474
112 461 115.747
112 487 8.69212
112 496 36.641
113 22 22.478
113 80 110.734
113 119 58.2357
113 172 56.5588
113 175 35.5328
113 232 12.4159
113 354 43.5488
113 422 85.2515
113 428 67.2018
113 447 25.4995
114 30 38.6674
114 207 39.9497
114 338 57.6208
114 468 53.0379
115 77 120.445
115 153 27.1727
115 170 34.9334
115 308 43.5735
115 320 72.0323
115 337 75.0683
115 342 17.7862
115 407 56.506
115 413 34.9842
115 444 12.7653
115 462 29.1829
116 113 15.1164
116 156 39.3911
116 176 82.0137
116 267 56.9948
116 275 80.6482
116 298 38.4079
116 365 98.1754
117 20 20.1368
117 38 72.6952
117 149 46.7758
117 158 103.835
117 168 105.409
117 225 86.5396
117 415 41.4971
117 490 73.2649
118 49 21.4695
118 59 80.506
118 209 3.45013
118 233 3.4327
118 236 121.862
118 241 58.3833
118 252 43.6967
118 296 61.8115
118 299 52.1634
118 314 88.6247
118 361 34.6791
118 364 15.1558
118 474 30.548
119 74 2
119 102 74.005
119 110 21.6995
119 137 9.98268
119 170 46.7981
119 261 78.0699
119 289 72.7333
119 313 42.8877
119 453 27.7367
120 45 5.93593
120 213 3.76899
120 340 32.5054
120 353 32.5031
120 386 18.5278
120 410 25.6026
121 114 3.25468
121 285 82.2492
121 290 27.868
121 324 104.55
121 367 3.15282
121 380 79.5546
121 385 62.3591
121 406 85.8073
121 470 92.9985
122 51 29.3428
122 82 96.4845
122 115 38.5414
122 118 82.8127
122 130 28.6713
122 202 109.3
122 208 38.0812
122 231 34.143
122 342 18.6983
122 410 23.3149
123 19 105.836
123 32 2.68015
123 221 44.1668
123 264 77.7409
123 265 37.5009
123 292 68.6334
123 341 5.76566
123 356 33.331
123 499 2
124 63 82.8628
124 195 134.346
124 212 21.0578
124 346 34.9005
124 365 63.3807
124 478 92.2469
124 493 65.9056
125 49 23.999
125 80 107.323
125 112 47.3984
125 117 55.865
125 123 28.4988
125 221 53.378
125 255 39.6054
125 386 27.3717
126 17 50.8575
126 40 37.6256
126 77 81.5483
126 96 20.1002
126 114 4.54956
126 123 19.3957
126 264 71.7216
126 361 40.8525
126 434 17.8629
126 486 37.2546
126 496 39.6648
127 84 32.253
127 179 9.89367
127 207 34.8763
127 254 114.381
127 259 89.6951
127 290 24.0401
127 344 82.138
127 459 68.7079
127 499 2.05931
128 6 48.3948
128 183 38.3736
128 218 26.2262
128 280 5.73804
128 357 80.4164
128 375 38.4254
128 465 77.598
129 23 25.8617
129 151 49.9338
129 370 47.9332
129 454 91.8928
129 468 62.7847
130 190 18.7439
130 192 81.5911
131 21 63.1276
131 40 30.1729
131 59 53.6578
131 147 79.3962
131 167 11.792
131 291 44.1642
131 386 15.8924
131 412 40.1579
131 444 31.8671
132 38 78.8053
132 138 36.5004
132 178 85.2961
132 217 40.4827
132 269 14.5214
132 301 77.1663
132 466 82.1084
133 26 113.365
133 39 11.3721
133 157 5.15119
133 185 20.7584
133 342 32.3523
133 385 61.7271
133 398 96.5893
133 467 33.5747
134 42 29.9421
134 118 100.487
134 204 59.9929
134 212 14.0619
134 257 49.4775
134 280 9.62482
134 302 63.8576
134 353 44.5538
134 398 89.1044
134 416 80.9981
134 440 65.837
134 496 43.8921
135 18 54.0131
135 30 44.6695
135 132 153.964
135 311 58.311
135 382 26.7721
135 394 42.9584
136 11 58.9485
136 33 2
136 64 9.29818
136 158 93.5237
136 204 76.1652
136 234 19.0042
136 254 99.6815
136 270 34.4741
136 289 65.1271
136 297 32.4036
136 336 118.697
136 354 43.7937
136 475 57.0023
137 54 53.2192
137 275 52.0461
137 309 46.2479
137 331 64.7078
137 408 44.5781
137 461 78.1244
137 471 38.2442
138 14 42.2022
138 17 45.8939
138 27 103.676
138 177 39.6171
138 223 40.6355
138 372 37.6296
138 404 5.01029
138 416 104.328
138 420 85.2235
138 436 22.2299
138 481 28.7371
139 27 97.9791
139 76 33.9898
139 116 148.649
139 136 63.2206
139 243 35.8627
139 268 56.2139
139 405 22.0961
139 418 20.2798
139 433 6.03395
139 445 25.1675
140 76 72.5433
140 219 33.0168
140 293 49.4976
140 334 18.4805
140 405 19.7469
140 432 2.30693
140 472 41.1814
141 65 59.036
141 82 67.0234
141 108 39.5436
141 130 34.6519
141 133 9.08551
141 209 3.2707
141 257 60.5127
141 293 35.1692
141 489 51.4054
142 68 7.64556
142 144 73.5507
142 145 66.2487
142 278 66.1995
142 283 69.5278
142 299 57.2116
142 322 35.3663
142 342 33.8758
142 353 41.4129
142 365 74.7928
142 498 50.371
143 14 39.0353
143 53 14.7258
143 162 30.26
143 248 47.4242
143 253 23.6976
143 335 45.2801
143 340 36.987
143 366 4.2535
143 453 33.7012
143 483 36.9008
144 15 11.6972
144 51 99.8061
144 141 69.5821
144 284 32.7957
145 36 99.7685
145 41 29.0388
145 55 89.9397
145 110 22.224
145 131 25.656
145 153 38.1672
145 169 78.6866
145 277 45.2122
145 320 83.9891
145 396 13.4003
145 479 79.973
146 83 85.0849
146 84 36.5067
146 200 30.9469
146 217 48.4247
146 229 85.1221
146 262 22.4514
146 263 33.5117
146 264 87.1615
146 280 10.3748
146 325 77.1254
146 361 32.4851
146 416 73.0246
146 462 28.8775
146 478 55.6281
147 83 32.6194
147 85 114.3
147 102 51.0669
147 128 27.2651
147 147 60.8299
147 166 65.7476
147 167 12.5046
147 186 39.0605
147 195 85.6226
147 387 85.1217
148 2 50.4666
148 74 2
148 78 9.44653
148 145 78.0974
148 326 41.8742
148 407 84.3178
148 486 31.2163
149 24 13.7556
149 108 45.8798
149 217 61.3928
149 287 30.6472
149 423 34.1019
149 429 47.1758
149 465 54.5578
149 498 78.9504
150 1 12.5694
150 91 34.5796
150 176 59.8213
150 184 48.5339
150 221 42.6296
150 242 68.0903
150 283 81.2158
150 344 59.666
150 416 75.0246
150 446 60.9822
151 38 69.5294
151 179 8.9577
151 180 2.65392
151 259 105.482
151 307 14.5003
151 378 71.8135
151 425 36.4939
152 54 122.296
152 127 78.6468
152 142 87.4193
152 295 47.0993
152 371 94.2611
152 472 43.2831
152 497 37.3924
153 40 35.049
153 133 6.13222
153 148 20.169
153 250 42.0892
153 259 94.6655
153 472 25.0146
154 12 49.0514
154 203 86.0626
154 205 97.0305
154 248 42.6033
154 307 13.4854
154 344 91.0146
154 464 106.991
154 489 40.77
155 81 14.2429
155 148 20.3724
155 155 5.8619
155 172 65.8262
155 176 90.1218
155 225 26.4266
155 237 34.5251
155 250 57.6559
155 258 47.2998
155 334 25.1766
156 18 67.7919
156 93 61.0801
156 298 30.5604
156 349 51.8609
156 380 75.4646
156 494 48.1751
157 7 15.3817
157 22 16.6789
157 26 120.412
157 102 54.4493
157 120 23.9559
157 173 18.8322
157 219 42.4148
157 287 26.7977
157 431 72.6001
158 2 59.5287
158 4 70.765
158 16 68.4144
158 24 4.78769
158 35 61.2478
158 92 73.6918
158 155 4.12901
158 190 15.9705
158 193 9.1681
158 221 56.1733
158 469 54.9157
159 106 24.1138
159 127 83.4516
159 210 32.902
159 224 52.6025
159 240 37.7262
159 475 100.75
159 489 34.3241
160 111 50.1019
160 145 84.5903
160 226 56.9545
160 235 95.8896
160 340 22.95
160 367 2.53451
161 34 7.95493
161 52 66.4395
161 84 34.2935
161 265 28.3971
161 315 10.2434
161 382 26.5468
162 58 57.1649
162 163 23.3048
162 190 9.07275
162 292 68.1159
162 332 45.0225
162 436 34.6821
162 481 41.4621
162 499 2.32055
163 50 2.87718
163 66 29.7989
163 243 50.023
163 281 104.675
163 344 69.4792
163 388 15.9694
163 478 133.073
163 483 33.4949
164 83 61.9806
164 120 24.0168
164 125 102.146
164 201 48.761
164 227 24.5639
164 257 44.6287
164 282 88.452
164 286 31.4873
164 292 64.9299
164 391 68.532
164 496 34.0868
165 27 69.1896
165 197 35.6192
165 212 23.9251
165 289 113.633
165 382 12.2898
165 479 121.116
166 29 88.1601
166 154 59.6285
166 235 48.2558
166 258 28.2778
166 388 17.9437
166 407 66.4533
166 432 2
166 492 47.8707
167 21 56.2506
167 23 30.2574
167 48 51.324
167 79 20.6338
167 102 49.9802
167 238 19.8295
167 251 37.4622
167 271 2
167 371 57.2684
167 395 90.2445
168 36 68.3494
168 47 29.3078
168 146 47.5046
168 199 53.0653
168 261 65.4389
168 323 54.5827
168 341 4.07723
168 346 47.3898
168 370 74.3529
168 402 32.4191
169 28 69.3719
169 29 92.5529
169 37 51.4401
169 112 38.931
169 122 135.011
169 130 35.5124
169 190 16.0051
169 191 49.4245
169 195 108.564
169 228 90.1099
169 300 72.6827
169 331 59.7823
169 343 20.5473
169 381 24.0587
169 442 33.1316
169 446 81.0212
170 10 53.7252
170 85 103.427
170 116 81.1575
170 117 37.8728
170 249 42.2455
170 337 77.1874
170 422 91.0645
170 459 46.5402
171 7 12.9728
171 75 112.722
171 91 32.4685
171 148 13.9807
171 245 88.5413
171 395 67.0728
172 86 36.0213
172 168 90.2208
172 211 38.6324
172 259 134.907
172 323 75.4129
172 349 69.6126
172 401 25.3912
172 418 15.726
173 122 67.1193
173 182 56.9065
173 216 26.269
173 473 77.0944
173 485 28.4943
173 488 21.8485
174 17 42.5664
174 63 33.0387
174 129 19.1098
174 131 68.5693
174 186 30.0399
174 284 32.4758
174 398 83.4576
174 434 31.8025
174 466 76.9508
174 469 27.047
175 71 30.4098
175 220 54.9854
175 238 13.1947
175 429 74.1158
175 465 46.3357
175 494 93.083
176 154 107.188
176 169 90.8524
176 287 36.5368
176 289 120.763
176 435 5.46191
176 481 36.5779
177 18 67.7597
177 32 3.15013
177 72 12.2423
177 82 140.997
177 126 43.168
177 306 38.2356
177 336 104.452
177 359 8.80126
177 416 81.7928
178 46 73.1827
178 86 32.472
178 100 24.2677
178 166 48.1134
178 167 10.5981
178 168 99.9419
178 184 38.7281
178 315 11.3505
178 371 72.0321
178 431 100.044
178 450 42.838
178 471 40.7142
179 5 78.5882
179 65 63.4173
179 147 57.2385
179 198 9.85546
179 199 82.507
179 206 15.9557
179 244 85.7209
179 275 69.434
179 328 28.0043
179 368 51.5236
179 409 35.5067
179 422 74.6019
179 443 2.05646
179 452 76.5037
179 475 57.4511
180 26 70.9166
180 343 21.399
180 428 79.1457
181 10 37.6314
181 22 15.3918
181 127 36.2271
181 218 43.4336
181 240 39.0441
181 330 44.7848
181 332 37.4235
181 372 65.9922
181 375 41.653
181 417 66.6923
182 64 13.428
182 284 19.5325
182 298 50.3558
182 348 42.5294
182 353 43.6823
182 404 5.82555
182 423 39.3221
183 70 64.6297
183 72 7.07317
183 117 48.0809
183 219 39.9642
183 224 49.0267
183 286 33.1751
183 310 103.615
183 406 68.664
183 497 25.2861
184 69 88.75
184 179 7.67807
184 189 50.6694
184 311 99.308
184 312 94.156
184 337 30.8043
184 375 45.8624
184 436 22.107
184 456 44.7863
184 476 8.46689
184 496 45.3616
185 131 61.8954
185 177 60.7809
185 247 66.4124
185 280 8.45829
185 304 60.4474
185 390 90.3737
186 10 53.3925
186 113 13.5963
186 121 114.022
186 145 61.8514
186 162 87.9639
186 272 90.3549
186 297 58.0563
186 436 30.1091
187 83 44.3746
187 99 36.954
187 153 20.6761
187 193 10.813
187 221 55.322
187 264 124.832
187 301 61.7591
187 302 58.9783
187 312 108.174
188 91 38.4981
188 121 130.01
188 132 147.164
188 189 37.0376
188 275 67.825
188 363 54.2525
188 388 28.0612
188 421 81.4929
188 491 66.2987
189 86 35.9136
189 189 39.1609
189 195 98.325
189 284 17.8915
189 311 85.8687
189 448 85.0739
190 123 27.9873
190 187 79.4948
190 331 55.2844
190 402 29.9062
190 478 96.2928
190 482 37.6508
191 125 101.822
191 139 35.9973
191 173 12.1253
191 174 3.92788
191 203 90.8767
191 295 100.168
191 367 3.20215
191 394 49.8589
191 494 53.609
192 44 53.3293
192 105 61.5705
192 119 73.8805
192 146 37.7993
192 247 117.92
192 370 66.2658
192 410 16.3445
193 28 84.366
193 63 87.8015
193 98 83.1113
193 200 31.6566
193 202 107.066
193 203 89.1509
193 384 25.9035
194 61 12.8682
194 106 17.1457
194 155 4.62522
194 160 32.0196
194 189 52.8704
194 311 45.4277
194 472 31.7567
195 110 23.063
195 130 32.6371
195 178 80.277
195 238 22.4328
195 252 73.7065
195 311 84.396
195 312 79.1723
195 324 70.6749
195 434 28.579
195 453 37.036
195 486 21.1167
195 491 110.778
196 44 103.716
196 110 30.786
196 212 14.5277
196 220 62.9534
196 234 19.7077
196 296 94.633
197 59 76.9876
197 88 73.9724
197 158 86.1755
197 173 15.7001
197 200 33.7436
197 326 31.9127
197 419 16.7112
197 442 110.274
198 3 18.8841
198 42 73.7425
198 78 5.37868
198 206 13.4342
198 218 37.0337
198 228 101.466
198 238 12.8874
198 418 17.267
198 477 107.984
199 7 16.9772
199 135 32.6615
199 357 99.9079
199 402 26.7988
200 221 61.1556
200 285 76.086
200 325 95.6087
200 333 86.5217
200 386 15.3723
200 459 36.7246
200 460 74.4966
200 466 37.5594
201 18 48.4361
201 38 83.0124
201 100 14.0191
201 126 28.5153
201 260 11.6573
201 285 62.1899
201 329 80.9037
201 331 56.1305
201 430 72.3166
201 462 24.3838
201 486 34.2491
201 497 37.6494
202 6 37.2618
202 99 20.3682
203 133 5.3652
203 186 54.3224
203 197 32.0344
203 285 114.413
203 298 40.2212
203 329 73.4412
203 333 95.2564
203 387 58.7781
203 450 44.2927
203 485 34.9691
204 53 27.5006
204 72 12.8845
204 180 2.89676
204 204 62.0344
204 229 41.8247
204 256 107.294
204 286 36.0012
204 339 50.102
204 374 131.096
204 382 17.6267
204 389 16.8387
204 392 67.107
204 408 49.1022
204 417 45.5148
204 473 75.1066
205 39 9.48808
205 125 115.079
205 146 67.7993
205 151 47.7707
205 159 46.7526
205 254 88.1319
205 295 65.6854
205 446 77.8802
206 328 70.6039
206 380 62.7333
207 26 105.116
207 116 111.756
207 216 24.2007
207 237 21.5504
207 315 10.1914
207 361 32.3913
207 372 44.1303
208 40 18.7113
208 109 26.9366
208 129 22.6044
208 248 33.1836
208 354 47.2991
208 473 72.5953
209 100 18.8953
209 139 21.2894
209 279 51.2862
209 338 33.6737
209 373 93.261
209 379 42.414
209 390 77.5871
209 409 54.8449
209 463 74.9806
209 497 21.3111
210 48 54.4696
210 90 3.26136
210 109 21.1581
210 132 62.9592
210 192 51.3797
210 227 25.8264
210 354 34.7478
210 367 3.61669
210 453 11.4057
211 59 67.6432
211 84 32.395
211 118 93.1414
211 255 16.2022
211 295 73.7361
211 456 70.6835
212 208 52.2789
212 233 2.88732
212 236 101.683
212 245 121.743
212 315 12.5893
212 420 78.6448
212 458 24.2422
212 466 65.5648
213 10 47.7601
213 21 38.362
213 23 22.3575
213 140 61.4533
213 151 49.5805
213 235 73.2866
213 302 48.8578
213 338 37.0649
213 431 133.789
214 15 8.53103
214 21 45.7862
214 33 2.25491
214 195 117.044
214 227 42.0516
214 230 6.09016
214 235 60.3077
214 239 36.7738
214 272 77.1242
214 283 106.539
214 312 99.669
214 384 14.4248
215 336 52.0005
215 374 71.6149
215 393 37.1162
215 429 75.1225
215 451 43.2371
215 459 32.5606
215 473 92.034
215 494 62.1962
216 70 65.0243
216 90 3.40104
216 121 110.148
216 151 35.5269
216 179 8.81467
216 252 74.6907
216 257 54.47
216 306 32.307
216 335 23.7592
216 463 68.3167
217 24 12.3
217 87 21.0417
217 91 50.2418
217 210 34.4509
217 218 28.4835
217 257 45.5118
217 275 69.9556
217 340 32.7278
217 380 103.97
217 419 18.4658
217 432 2
217 441 127.079
217 448 93.7597
218 7 16.3534
218 96 28.4789
218 176 91.1353
218 271 2.04642
218 302 49.0805
218 328 73.9201
218 340 41.0691
218 397 67.7338
218 443 2
218 453 28.2733
219 11 82.9296
219 30 29.2239
219 74 2
219 146 73.7214
219 230 10.2829
219 275 67.1487
219 314 70.4059
219 499 2
220 11 64.2539
220 53 14.2858
220 93 72.8892
220 188 27.7196
220 191 69.1594
220 221 28.3558
220 247 74.9277
220 293 41.2957
220 383 5.64156
220 445 37.7245
220 460 95.1711
220 486 22.4083
220 488 35.4604
220 495 56.0758
221 9 79.463
221 199 66.0731
221 230 7.51333
221 493 87.0725
222 5 76.5315
222 50 3.49507
222 67 71.7852
222 89 90.1713
222 187 47.1356
222 299 50.9276
222 375 39.1065
222 395 80.3199
223 3 23.6016
223 117 50.954
223 167 9.37762
223 259 72.0552
223 287 37.6641
223 365 94.9561
224 21 25.1721
224 80 83.952
224 82 52.5912
224 98 75.6904
224 102 100.38
224 224 39.673
224 246 19.5277
224 389 31.2756
224 448 100.646
225 3 39.7868
225 30 48.9668
225 78 12.1395
225 169 96.1422
225 221 45.3205
225 289 151.599
225 298 40.2107
225 334 34.9846
225 469 59.312
226 80 89.6823
226 150 37.6251
226 251 38.3277
226 274 67.5167
226 321 53.9182
226 496 37.725
227 35 82.0098
227 50 2
227 118 100.605
227 155 6.04509
227 204 34.2136
227 209 4.42895
227 280 6.43693
228 87 18.8362
228 201 42.9499
228 236 115.25
228 253 34.1297
228 256 88.5665
228 274 65.9512
228 281 129.645
228 351 83.4637
228 363 71.8717
229 69 66.7578
229 299 52.1102
229 340 47.7359
229 370 56.8429
229 438 40.1268
229 442 116.834
229 454 53.4449
230 10 34.0144
230 29 71.9979
230 57 109.34
230 86 35.2891
230 161 30.3118
230 217 57.3044
230 272 60.2947
230 321 50.4356
231 40 25.8005
231 107 3.54519
231 149 47.0859
231 274 43.0274
231 279 69.3091
231 324 100.848
232 122 122.274
232 203 84.4087
232 381 48.9181
232 460 49.5215
232 486 36.4301
233 29 55.0192
233 73 72.7426
233 91 35.8393
233 235 106.945
233 282 102.62
233 331 38.2846
233 370 58.0896
233 380 85.1193
233 390 69.4493
233 393 13.7577
233 449 77.4224
233 497 27.8041
234 18 47.1091
234 189 37.4557
234 225 83.7022
234 234 17.7686
234 295 67.986
234 352 27.8802
234 355 19.2558
235 13 43.5843
235 25 82.2219
235 103 29.32
235 128 23.0634
235 151 30.1164
235 228 119.858
235 305 4.43746
235 363 96.776
235 466 62.6218
235 468 32.0156
236 51 53.9742
236 88 69.2071
236 192 30.6566
236 254 110.178
236 256 105.517
236 458 13.3734
237 40 26.0258
237 104 50.8814
237 184 40.811
237 197 22.7766
237 248 52.6741
237 260 22.0994
237 320 109.604
237 384 24.9343
237 476 12.7052
238 404 6.62779
239 29 54.8432
239 35 47.6852
239 61 11.3345
239 109 29.2316
239 312 155.1
239 428 107.324
239 430 64.2642
239 434 19.9513
240 13 52.3711
240 111 64.7127
240 117 51.4865
240 155 5.49401
240 225 55.5349
240 233 2.56914
240 254 113.059
240 305 3.83692
240 322 22.7119
240 400 70.4893
240 403 56.5538
240 458 21.5738
241 9 74.5834
241 11 91.2295
241 49 17.3282
241 62 87.4575
241 206 13.934
241 215 40.9312
241 245 74.0444
241 255 46.4515
242 73 55.993
242 128 28.3697
242 152 41.9098
242 234 19.3267
242 292 85.659
242 335 30.1321
242 338 31.7373
242 394 35.8816
243 3 20.6235
243 19 98.5214
243 20 15.2112
243 75 63.1996
243 119 94.7039
243 127 78.9609
243 287 22.5185
244 75 109.684
244 165 84.8418
244 375 39.7586
244 410 16.4927
244 441 117.975
244 473 79.8224
245 98 50.739
245 214 110.382
245 218 27.9697
245 261 100.702
245 277 63.0643
245 287 14.1139
245 352 13.6386
245 358 2
245 425 35.4374
245 489 23.049
245 498 58.4242
246 59 72.3578
246 80 133.965
246 250 51.0297
246 265 51.1829
246 355 23.1746
246 392 59.727
246 423 47.9418
247 49 23.8589
247 86 33.3612
247 197 39.6118
247 206 17.1287
247 285 88.5347
247 334 19.9899
247 346 17.7593
247 369 36.2545
247 394 39.2506
248 30 52.5386
248 197 41.942
248 215 114.591
248 325 125.548
248 362 55.3419
248 402 24.2676
249 8 46.8116
249 82 83.1347
249 94 113.674
249 152 28.6783
249 173 12.3272
249 227 40.8297
249 384 25.6678
249 395 96.7431
249 475 42.1075
250 17 76.0609
250 217 21.8718
250 301 79.4489
250 428 45.3583
251 3 24.8486
251 14 28.9855
251 175 8.59997
251 207 40.7056
251 243 76.4604
251 259 132.748
251 316 23.0305
251 349 56.2697
251 350 20.076
251 403 56.3977
251 411 28.7371
251 499 2
252 37 30.6679
252 365 82.3418
252 429 65.7423
252 477 124.439
253 79 14.0132
253 111 45.5509
253 234 16.6958
253 241 104.261
253 290 26.2601
253 377 26.4623
254 150 33.8959
254 172 52.6673
254 173 9.12309
254 189 43.1064
254 220 91.3013
254 242 114.854
254 272 98.6077
254 300 89.3324
254 374 112.18
254 420 70.8898
254 459 39.2506
255 103 43.0397
255 162 106.316
255 286 27.8045
255 310 77.9156
255 365 77.7581
255 395 81.5998
255 470 94.7102
256 18 33.6582
256 56 77.3814
256 73 53.7146
256 91 24.0102
256 141 25.4287
256 143 89.9562
256 178 97.6853
256 244 85.7817
256 276 14.5189
256 435 6.54797
256 437 14.4444
256 499 2
257 37 45.4522
257 65 74.8283
257 111 49.1928
257 199 100.304
257 241 76.4216
257 279 54.5891
257 326 42.3428
257 336 106.866
257 358 2.38395
257 434 33.3967
258 41 19.0628
258 228 107.202
258 430 92.1451
259 8 27.2995
259 46 76.4324
259 70 75.9771
259 189 44.5843
259 213 4.2071
259 488 29.7509
260 66 19.379
260 151 49.4595
260 226 63.9796
260 366 7.91545
260 377 20.9026
261 14 39.2383
261 125 104.996
261 163 17.9582
261 213 3.90736
261 251 29.2467
261 339 66.1012
261 383 5.12357
261 390 56.5063
261 451 58.4923
261 465 28.1715
262 16 94.1432
262 51 65.3164
262 89 41.6155
262 142 53.9059
262 190 20.7765
262 256 122.793
262 269 20.7782
262 278 35.2332
262 317 93.0366
262 347 31.477
262 369 33.1565
262 383 3.95967
262 417 49.6201
262 486 26.4729
263 44 66.345
263 233 3.08186
263 238 21.9104
263 331 75.8177
263 423 32.5588
264 28 102.658
264 255 37.474
264 296 75.3331
264 330 25.7238
264 370 69.5825
264 414 48.7894
264 420 35.5377
265 47 30.295
265 103 44.2927
265 198 11.4123
265 307 13.8505
265 375 22.3117
266 67 101.289
266 118 91.7032
266 160 28.5272
266 168 71.5281
266 173 9.53002
266 230 5.12444
266 304 70.3531
266 341 12.5659
266 387 86.4371
266 476 12.8464
267 23 31.4783
267 34 9.12937
267 54 75.6211
267 265 43.7022
268 8 40.2099
268 326 26.2979
268 379 37.5443
268 433 4.83555
269 33 2.34036
269 84 34.2591
269 128 19.9018
269 166 83.8799
269 196 98.485
269 224 46.3803
270 50 2.76597
270 132 55.2908
270 367 3.33487
270 474 22.8344
270 482 58.5534
271 48 78.9507
271 74 2
271 89 75.3197
271 176 77.0051
271 183 42.6313
271 194 84.2237
271 196 79.0909
271 209 2.96288
271 258 91.6557
271 352 26.2586
271 433 4.8319
271 479 69.6372
272 35 60.1911
272 102 56.035
272 106 17.5844
272 115 57.1853
272 146 57.4852
272 196 75.4817
272 203 82.0544
272 324 117.767
272 326 21.8739
272 333 67.6034
272 334 25.9949
273 20 19.982
273 72 14.1604
273 168 52.3066
273 227 33.0281
273 236 101.065
273 438 62.8408
274 27 81.0161
274 63 65.9628
274 118 56.2623
274 131 53.9404
274 278 64.6423
274 284 26.6567
274 293 40.8255
274 381 101.302
274 392 54.2671
274 396 15.3544
275 18 45.9787
275 51 76.0998
275 82 61.6201
275 90 4.61654
275 96 23.1016
275 113 8.00501
275 368 38.8714
275 499 2
276 15 7.89904
276 91 34.3125
276 182 41.1002
276 254 46.309
276 275 44.9626
276 306 22.8335
276 339 50.3915
277 338 45.4494
277 473 107.377
277 477 84.7807
277 495 57.2659
278 315 10.3723
279 57 83.5496
280 0 96.8839
280 80 114.165
280 116 120.633
280 174 4.08781
280 194 40.6357
280 278 47.9924
280 292 82.3273
280 341 7.90295
280 426 4.0473
280 489 47.042
281 61 9.93714
281 110 21.7903
281 137 10.7014
281 250 25.9122
281 337 61.8519
281 393 32.3021
281 493 36.2407
282 16 65.0696
282 77 86.1893
282 148 22.5816
282 177 38.5262
282 285 109.387
282 344 83.789
282 440 50.1748
282 450 41.1375
283 85 110.263
283 128 26.5735
283 141 37.2743
283 219 53.7356
283 273 22.6385
283 280 6.81231
283 333 97.4211
283 336 75.5319
283 403 53.3141
283 492 41.4663
284 2 39.8734
284 64 12.4318
284 336 110.227
284 374 84.2287
284 378 21.066
284 431 96.1677
284 471 18.6241
284 492 48.9866
285 34 6.9588
285 44 61.2255
285 242 94.3126
285 268 54.4074
285 338 41.5994
285 374 83.9477
285 494 60.6409
286 6 39.8194
286 93 76.5305
286 236 122.194
286 248 47.7405
286 309 101.378
286 404 4.66356
286 432 2
286 440 65.5151
287 24 13.7716
287 53 14.1361
287 134 39.6296
287 186 26.1181
287 234 14.87
287 373 53.2668
288 122 101.39
288 184 39.8474
288 203 70.3273
288 299 59.9978
288 421 64.3341
288 469 37.6902
289 81 10.0988
289 143 53.117
289 155 4.55559
289 360 50.0801
289 410 20.1255
289 436 25.8511
289 459 37.4188
289 489 45.3929
290 35 61.5509
290 121 105.894
290 182 63.556
290 233 3.43576
290 311 57.441
290 322 13.6561
290 400 123.024
290 422 87.797
290 449 60.1655
290 475 66.9496
291 2 48.5169
291 47 14.3571
291 69 81.4581
291 103 45.8202
291 193 12.8286
291 238 21.7115
291 255 32.2953
291 262 25.1484
291 378 83.4108
291 405 17.0963
292 25 75.0839
292 88 62.0594
292 189 34.15
292 246 13.6375
292 251 28.5205
293 60 69.4883
293 95 9.58259
293 125 70.2685
293 163 33.5212
293 281 103.592
293 350 15.0185
293 421 99.1433
293 442 93.3897
294 40 23.7935
294 107 2.70467
294 129 32.4595
294 253 34.6329
294 271 2.19549
294 319 87.4591
294 414 33.9474
294 421 125.167
295 65 83.7343
295 76 53.2217
295 87 28.4172
295 136 70.1498
295 154 56.1844
295 238 22.3352
295 241 80.067
295 314 63.8937
295 353 43.7412
295 390 92.6265
295 392 51.8937
296 24 12.6653
296 104 41.2587
296 200 28.6957
296 244 16.3702
296 326 30.2776
296 361 34.8212
296 384 7.74526
296 423 36.8045
297 62 71.4742
297 66 37.2405
297 108 44.8076
297 160 30.2219
297 183 56.8549
297 272 71.7283
297 314 71.5237
297 326 37.9653
297 331 53.3577
297 344 87.1704
297 351 93.0601
297 426 3.29308
297 430 49.757
298 3 28.9194
298 25 65.268
298 69 106.07
298 235 55.8931
298 247 102.65
298 250 32.6279
298 263 23.0558
298 306 31.4281
298 350 9.33144
298 362 37.2776
298 446 52.1999
298 466 75.8094
299 15 10.6405
299 83 64.1269
299 90 4.3205
299 169 59.8764
299 174 2.80901
299 252 95.4207
299 306 35.1616
299 442 84.7334
300 265 51.4852
300 313 55.0072
300 314 57.3814
300 440 69.2461
300 467 29.0875
301 4 47.6776
301 16 82.2779
301 60 97.4719
301 86 32.6705
301 149 45.1335
301 184 51.9121
301 215 68.8455
301 383 5.58007
302 113 8.92847
302 240 37.6125
302 276 14.9079
302 288 29.8783
302 309 65.1824
302 361 25.8064
302 383 3.565
302 473 88.7587
303 72 15.333
303 73 79.6412
303 170 51.625
303 174 3.82093
303 196 123.394
303 378 68.6858
303 446 37.543
303 467 27.6797
304 83 76.5749
304 96 50.1489
304 139 28.8991
304 163 13.7399
304 292 75.2342
304 301 99.8667
304 338 53.5218
304 369 35.0063
304 402 24.5895
304 404 6.18306
304 444 20.5839
304 458 25.7916
304 468 55.5516
304 473 112.653
305 89 105.814
305 118 126.481
305 268 100.942
305 391 33.351
305 420 52.9681
306 7 12.9513
306 59 79.0956
306 100 28.1724
306 159 54.1544
306 161 25.408
306 204 73.4707
306 227 39.6936
306 235 94.4664
306 242 84.1639
306 269 19.3305
306 340 36.1135
306 370 49.4726
306 458 19.4359
306 490 88.4508
307 25 24.3805
307 84 30.5368
307 91 43.0233
307 209 4.61119
307 261 104.594
307 318 39.8707
307 358 2
307 376 57.0048
307 393 34.2958
308 12 51.3193
308 57 110.901
308 131 67.7671
308 210 60.1005
308 219 50.9281
308 323 75.066
308 354 47.5779
308 357 86.9916
308 362 32.666
308 417 52.9314
308 466 66.7711
309 49 20.7136
309 50 3.2991
309 73 49.0035
309 92 92.2401
309 101 78.5538
309 121 92.2079
309 132 87.2534
309 155 4.50412
309 299 61.1586
309 359 8.3817
309 363 109.424
309 387 83.0931
309 421 107.675
309 423 46.9628
309 493 56.9346
310 116 84.5288
310 169 67.0966
310 191 70.4333
310 233 3.62372
310 281 72.6215
310 341 16.004
310 363 80.8146
310 396 12.6539
310 488 11.1602
311 88 81.91
311 104 43.1159
311 235 76.8016
311 291 53.3119
311 341 15.4372
311 433 4.6897
312 217 51.5557
312 335 15.3876
312 363 107.03
312 489 48.7335
313 8 38.5902
313 26 30.0053
313 97 24.9253
313 193 8.72011
313 258 51.3766
313 263 44.5941
313 318 47.2563
313 336 73.1905
313 407 56.2661
314 127 78.0724
314 164 28.2743
314 187 59.2092
314 189 24.0165
314 248 31.7901
314 250 21.8423
314 267 101.077
314 360 36.394
314 405 20.237
315 328 79.9041
315 329 79.963
315 465 79.5501
315 470 74.6549
316 407 85.6008
316 480 92.3237
317 50 3.72641
317 118 89.2519
317 158 85.697
317 255 48.3921
317 296 75.5314
317 322 20.551
317 375 33.2793
317 462 29.0323
317 487 16.7468
318 12 37.9679
318 50 2.64503
318 183 35.9671
318 216 32.7653
318 278 47.9671
318 344 97.6582
319 45 5.79479
319 100 23.0286
319 158 122.08
319 182 53.4495
319 339 43.7809
319 426 3.87067
320 38 68.5518
320 151 48.9177
320 189 22.5276
320 214 88.378
320 300 87.6395
320 487 17.8609
321 66 22.7033
321 79 13.6718
321 145 58.5141
321 175 19.6959
321 205 104.715
321 221 52.1476
321 257 26.7503
321 266 72.4001
321 289 112.137
321 307 13.8984
321 448 85.7031
321 475 46.5666
321 485 28.237
322 19 88.3413
322 21 42.796
322 55 62.3614
322 116 58.6405
322 161 22.7405
322 241 15.2002
322 257 78.2451
322 313 59.8989
322 348 97.2426
322 358 2.01497
322 382 17.6485
323 13 40.4601
323 78 10.4759
323 80 100.593
323 81 17.8386
323 149 45.48
323 176 95.6074
323 365 101.936
323 425 23.0862
324 29 69.7995
324 36 55.8776
324 40 10.5035
324 145 112.729
324 282 103.826
324 313 49.3752
324 322 26.5871
324 465 49.3713
325 31 121.054
325 52 67.4109
325 87 25.7302
325 140 40.6655
325 146 51.3708
325 207 68.3492
325 211 70.6602
325 274 43.3578
325 330 37.2818
325 345 121.228
325 355 25.7637
325 360 58.9125
325 405 15.8357
325 409 31.1297
325 437 12.0083
326 93 66.6861
326 163 22.2904
326 189 66.0018
326 204 68.1641
326 229 73.9165
326 304 109.099
326 323 64.6463
326 383 4.26883
326 441 113.562
326 460 71.9473
327 125 95.8807
327 149 34.0738
327 196 65.2064
327 260 15.4321
327 432 2
327 491 110.137
328 23 19.4887
328 128 30.669
328 170 34.0455
328 242 94.9945
328 308 36.166
328 366 3.67619
328 369 47.0761
328 499 2.12946
329 9 98.7781
329 99 31.0198
329 191 57.4972
329 223 59.7165
329 235 55.9674
329 236 94.8954
329 264 83.0339
329 285 91.3895
329 344 75.2436
330 7 15.4395
330 14 41.9418
330 53 23.8742
330 79 28.9244
330 98 70.8757
330 100 10.8197
330 139 32.1327
330 199 100.309
330 411 33.7253
330 477 70.5433
331 23 34.2647
331 197 29.9582
331 333 66.7137
331 415 89.819
331 455 116.825
331 456 48.341
331 494 63.3852
332 45 4.26704
332 98 96.4369
332 141 71.6731
332 178 126.057
332 197 34.2313
332 230 9.22532
332 254 99.1393
332 269 15.6374
332 356 34.6969
332 374 86.6305
332 399 48.1567
332 437 24.7588
332 463 60.8076
332 475 71.2684
333 29 77.3317
333 180 2.85468
333 194 69.0314
333 258 65.6591
333 283 139.029
333 365 94.5843
333 405 22.803
333 407 88.1475
333 460 39.0552
334 52 48.8919
334 55 45.6503
334 122 100.621
334 270 28.2164
334 328 75.295
334 336 45.825
334 461 116.021
334 467 22.036
335 18 62.8734
335 65 66.8995
335 104 35.9798
335 107 3.73509
335 114 6.90309
335 123 15.483
335 135 16.7449
335 384 16.3331
335 422 59.2176
335 485 36.873
336 26 97.2936
336 160 21.7672
336 257 67.497
336 310 91.5568
336 356 45.0488
336 425 32.5811
336 477 101.314
337 3 26.4459
337 46 107.03
337 172 77.3786
337 212 17.7512
337 237 25.9633
337 267 70.5176
337 298 57.9421
337 322 32.1883
337 342 37.278
337 395 77.6961
337 479 83.9828
338 44 73.9201
338 158 64.4949
338 170 26.1227
338 237 32.8458
338 291 38.9533
338 369 38.0697
338 470 120.726
339 20 12.8563
339 92 129.656
339 108 38.9302
339 119 65.7403
339 200 12.3469
339 315 11.3284
339 351 68.7624
339 423 36.2201
339 443 2.20463
339 449 101.305
340 22 13.3164
340 137 7.87324
340 288 36.8414
340 436 20.9041
341 34 4.54702
341 48 45.5072
341 129 24.9622
341 153 28.2641
341 166 75.4879
341 179 9.25924
341 230 9.78791
341 322 21.8975
341 409 49.8031
342 25 93.326
342 65 57.5185
342 75 122.931
342 112 67.0769
342 172 46.0219
342 217 32.574
342 233 3.22777
342 284 37.0177
342 305 3.11145
342 481 24.7625
343 29 85.8932
343 165 86.8826
343 189 49.185
343 327 62.0244
343 421 89.7188
344 154 83.6841
344 173 14.5938
344 288 32.5324
344 323 108.226
344 358 2.51395
344 364 14.922
344 367 2.08831
344 389 18.5915
344 417 57.2379
344 421 97.0457
344 495 51.7258
345 32 3.45886
345 67 85.5875
345 72 22.6171
345 121 91.8709
345 388 25.5441
345 468 59.9894
346 134 83.8106
346 155 4.96724
346 189 51.3162
346 212 18.2665
346 214 140.197
346 272 102.938
346 334 19.0579
346 365 71.8759
346 450 42.4346
346 451 54.2141
346 482 42.6129
347 175 18.2177
347 473 115.974
348 13 49.2268
348 41 21.7096
348 61 10.3792
348 74 2.3584
348 153 27.4514
348 207 55.9579
348 311 79.8648
348 359 7.19929
348 411 31.0903
348 434 25.4596
348 455 81.8763
349 13 43.8148
349 36 66.3262
349 205 84.9604
349 257 54.9464
350 12 50.9729
350 99 34.3339
350 125 68.8705
350 177 54.9048
350 343 17.8205
350 408 76.0937
350 469 67.2986
351 238 18.5533
351 343 24.3834
351 383 4.97349
351 401 29.6089
351 480 82.8864
351 497 37.7284
352 22 18.3329
352 113 8.63058
352 130 42.477
352 132 63.7215
352 190 15.8962
352 400 80.342
352 449 43.5839
352 457 123.03
352 486 25.3552
352 491 72.7869
353 63 44.7544
353 68 5.68886
353 156 27.4218
353 257 15.5387
353 278 58.7173
353 295 64.4469
353 300 82.1228
353 323 71.9921
353 339 50.0212
353 377 25.8547
353 476 6.29038
353 499 2.1787
354 14 30.3891
354 129 28.0552
354 147 56.8312
354 171 32.8713
354 189 42.0659
354 242 42.7151
354 284 31.952
354 338 50.6929
354 469 45.7567
355 47 30.7129
355 86 23.813
355 283 110.011
355 287 33.0799
355 297 73.8426
355 327 89.0221
355 347 37.9497
355 355 24.384
355 477 66.778
356 4 46.2417
356 18 52.2759
356 57 97.364
356 86 29.339
356 195 71.8121
356 214 81.9588
356 244 61.935
356 277 66.6777
356 299 41.87
356 345 80.5518
356 381 138.995
356 430 68.3279
357 80 86.6682
357 191 43.3495
357 273 25.9681
357 287 30.3715
357 298 45.7973
357 317 104.689
357 362 77.774
357 472 45.7266
358 181 22.5105
358 220 101.117
358 231 25.0605
358 233 2.08724
358 392 56.305
358 409 46.378
358 431 81.7456
359 116 117.963
359 137 6.47188
359 151 54.9195
359 208 44.2208
359 210 39.4316
359 246 9.86138
359 264 103.138
359 323 69.1455
359 350 16.5599
359 445 33.9062
359 482 53.0933
359 487 16.5203
360 89 98.7834
360 96 40.5481
360 148 21.7221
360 154 87.9158
360 264 108.437
360 266 74.4757
360 289 110.88
360 372 24.4299
360 404 3.8543
360 412 34.2355
360 477 86.914
360 494 65.6726
360 497 36.8559
361 76 91.3796
361 109 26.7156
361 143 119.153
361 164 26.7552
361 170 32.3222
361 173 12.6807
361 180 2.09987
361 295 41.7481
361 350 10.262
361 355 14.8887
361 360 52.6446
362 55 77.4924
362 182 56.3707
362 190 18.9548
362 232 12.9797
362 263 39.0933
362 375 44.2388
362 465 62.0633
363 19 55.2915
363 193 11.2888
363 205 65.2072
363 216 29.0734
363 326 26.3386
364 11 61.8816
364 70 108.752
364 73 55.986
364 155 5.56406
364 169 75.0719
364 211 58.6928
364 275 56.0523
364 345 99.51
364 370 86.2826
364 413 40.1371
364 471 32.5737
364 485 44.9217
365 13 51.2442
365 14 20.8291
365 192 90.1543
365 246 13.478
365 316 81.0724
365 381 108.243
365 451 44.4083
365 477 86.5218
365 487 15.7588
366 0 108.026
366 14 41.3872
366 22 13.2409
366 148 14.4513
366 228 103.594
366 361 31.1457
366 374 192.375
366 407 72.7801
367 160 35.7936
367 276 16.5139
367 482 68.5505
368 2 33.4696
368 12 53.8442
368 163 25.3592
368 294 64.0137
368 305 3.78277
368 412 33.4014
368 491 99.3326
368 494 60.4765
368 497 24.4751
369 49 29.1117
369 85 70.6249
369 130 22.8237
369 134 82.4293
369 144 64.2406
369 221 29.9678
369 289 82.6652
369 326 32.4872
369 410 32.6431
369 413 30.6785
370 6 26.8839
370 75 100.618
370 170 36.08
370 376 87.3847
370 440 59.0553
371 33 2.20337
371 232 12.7761
371 286 23.3171
371 419 17.778
372 0 93.0134
372 15 10.031
372 52 79.9635
372 61 11.2919
372 142 77.2355
372 148 14.9661
372 210 78.0841
372 261 86.2692
372 278 57.0529
372 303 70.251
372 305 3.46862
373 14 34.7124
373 33 2
373 43 55.3692
373 45 8.27429
373 64 11.0622
373 99 45.3734
373 263 21.298
373 455 85.4766
374 11 77.419
374 31 66.8062
374 134 63.5935
374 146 46.4265
374 215 48.32
374 410 30.915
374 464 57.5095
375 64 6.16727
375 97 37.7838
375 211 48.3421
375 243 50.6226
375 309 69.8279
375 422 93.9209
375 452 66.3603
376 124 80.6867
376 147 53.3722
376 163 21.8015
376 190 19.1227
376 198 9.91161
376 340 30.7538
376 382 17.4348
376 499 2
377 45 7.29097
377 139 32.446
377 233 2.97472
377 264 95.6081
377 362 54.6187
377 374 108.636
377 385 41.6848
377 398 71.1483
377 428 54.9121
377 438 79.8477
377 482 55.985
378 103 50.6797
378 124 73.5843
378 154 61.814
378 255 44.0309
378 268 53.637
378 275 77.9316
378 281 146.677
378 291 46.8723
378 304 101.008
378 332 37.6805
378 361 35.3971
378 408 34.9535
378 442 100.429
379 2 51.2545
379 146 65.7164
379 211 54.3631
379 224 51.9958
379 236 116.091
379 371 48.2879
379 395 48.7636
379 477 104.654
379 480 101.734
380 113 9.31358
380 129 20.2002
380 185 21.564
380 193 9.81178
380 249 50.4914
380 281 81.7246
380 283 141.074
380 389 21.188
381 226 79.6727
381 264 95.1082
382 129 30.7012
382 172 64.9226
382 200 41.943
382 362 57.229
382 414 35.6716
382 431 112.097
382 479 90.3617
383 77 74.9793
383 133 8.63203
383 161 27.044
383 163 24.6019
383 223 54.2671
383 355 24.0948
383 483 44.1715
384 26 76.3458
384 55 73.9038
384 60 53.1741
384 82 62.9296
384 98 90.195
384 110 22.7888
384 139 19.9149
384 185 22.8857
384 217 60.9768
384 291 47.3232
384 316 45.444
384 398 123.302
384 455 64.0661
384 470 93.4855
385 14 32.2342
385 94 105.277
385 161 22.1888
385 234 23.3653
385 361 42.808
385 365 77.9539
385 388 18.3278
385 454 91.135
385 478 107.624
386 29 86.8169
386 48 57.1637
386 58 73.4678
386 127 56.5995
386 261 91.9316
386 306 20.4886
386 322 31.5426
386 334 25.5375
386 346 24.8024
386 445 19.9526
386 451 18.6846
387 175 24.369
387 202 89.5839
387 244 80.6187
387 258 73.7804
387 259 90.4405
387 395 70.0501
387 446 33.2998
387 462 23.623
388 29 95.3392
388 69 125.971
388 167 12.5322
388 193 7.75544
388 232 14.2821
388 308 57.6288
388 330 39.0272
388 414 37.9742
388 449 110.733
389 131 61.2071
389 132 116.206
389 141 44.441
389 234 19.1023
389 363 59.9786
389 382 21.5082
390 99 50.2166
390 101 69.9973
390 126 53.2369
390 252 58.4643
390 294 53.6446
390 350 21.136
390 387 54.6805
390 433 4.99517
391 116 125.352
391 129 27.6027
391 152 56.662
391 213 2.8491
391 214 121.415
391 276 29.2797
391 407 79.0409
391 471 34.3495
391 492 44.7752
391 496 50.2396
392 38 75.9426
392 96 48.0802
392 167 13.8623
392 219 35.5352
392 343 14.3113
393 43 65.8293
393 116 121.239
393 136 71.254
393 225 57.9953
393 298 51.5374
393 410 27.2277
393 426 3.86775
393 468 65.5117
394 374 48.6286
394 379 49.3536
394 390 68.7612
394 393 33.4603
395 6 26.0781
395 17 61.2568
395 178 97.9743
395 251 21.242
395 325 113.791
395 338 37.2708
395 374 110.648
395 385 58.6467
395 437 8.38356
395 466 104.035
395 479 77.7737
395 491 103.01
396 3 34.7528
396 6 29.8929
396 129 30.6445
396 246 11.9749
396 325 99.9637
396 430 101.112
396 475 89.3714
397 104 26.3036
397 241 90.072
397 286 32.4754
397 298 30.2636
397 303 62.8672
397 339 43.2132
398 9 90.1066
398 51 59.5378
398 69 104.277
398 291 41.5026
398 306 30.9401
398 373 66.5171
398 374 91.0713
398 380 90.6457
398 474 19.7822
399 178 68.3234
399 290 20.5032
399 371 80.7452
400 201 57.3663
400 242 112.069
400 256 115.489
400 299 56.0565
400 320 85.1312
400 352 28.4516
400 385 64.0052
400 437 22.8576
401 3 25.347
401 8 23.4594
401 23 25.7418
401 24 13.8399
401 56 54.8712
401 85 106.676
401 90 4.33455
401 239 27.9826
401 325 117.22
402 16 66.9707
402 103 39.056
402 246 12.4942
402 300 69.4924
402 374 83.3504
402 419 23.3073
402 428 55.9423
402 467 15.6879
402 485 36.2312
403 52 68.8549
403 85 94.7649
403 114 5.50191
403 139 20.1226
403 140 40.506
403 161 32.0847
403 363 95.9485
404 106 14.5252
404 195 116.678
404 335 26.4025
404 457 72.7868
405 249 33.0752
405 423 25.52
405 463 58.7076
405 496 37.6756
406 118 101.432
406 150 27.4587
406 170 34.8948
406 206 14.9051
406 277 65.0416
406 282 56.6734
406 401 25.6029
406 440 89.9712
407 92 76.863
407 104 32.6567
407 232 15.2312
407 325 96.4508
407 357 86.3527
407 375 41.8818
408 40 41.7485
408 93 48.7523
408 99 38.5327
408 188 20.2347
408 268 67.9976
408 281 136.899
408 310 37.4608
408 456 65.133
409 39 7.87021
409 93 49.4907
409 155 5.07832
409 275 37.5182
409 293 34.8467
409 312 75.7893
409 446 54.5708
409 471 21.0233
410 9 111.063
410 102 24.1552
410 189 49.2197
410 216 19.4215
410 221 47.3245
410 260 16.2892
410 297 62.3919
411 24 13.288
411 25 59.4237
411 70 71.3642
411 129 20.9047
411 144 30.9657
411 211 72.7559
411 238 20.6304
411 295 50.2927
411 320 77.3628
411 340 21.3988
411 371 80.1637
411 439 88.5302
412 147 72.6044
412 189 56.4215
412 224 38.4996
412 421 98.6681
412 433 5.36828
412 472 48.2335
413 6 24.117
413 8 48.278
413 22 22.5983
413 92 66.686
413 215 53.8988
413 301 53.3222
413 339 42.9999
413 428 115.155
414 0 87.75
414 65 67.1574
414 90 2.70296
414 91 44.8487
414 139 32.017
414 201 30.1801
414 206 20.7596
414 274 38.3185
414 303 77.0499
414 342 32.9267
414 368 36.4595
415 33 2
415 53 21.4141
415 92 134.306
415 147 85.4043
415 160 19.9202
415 232 15.4127
415 350 17.02
415 426 4.22058
415 458 18.3362
416 66 24.2261
416 146 47.5772
416 170 33.346
416 312 64.6359
416 326 31.4539
416 383 4.75146
416 384 29.659
416 391 60.5669
416 480 77.6136
417 12 22.1109
417 149 77.8186
417 301 41.7212
418 21 62.4405
418 386 19.9779
418 494 52.4283
419 221 41.2666
419 240 22.6178
419 362 47.8705
419 376 46.5772
419 385 44.6968
419 397 37.6623
420 67 101.691
420 145 72.1174
420 196 106.38
421 52 50.7618
421 146 37.5303
421 400 114.127
422 142 53.5799
422 152 40.7947
422 168 63.7822
422 177 83.5319
422 367 2.91184
422 456 56.7244
422 494 53.1183
423 82 86.6821
423 175 25.8511
423 371 85.9158
423 410 13.928
423 424 10.5543
423 441 131.207
423 457 85.3748
424 3 41.4194
424 202 74.2868
424 233 2.77292
424 239 70.9092
424 424 17.7512
424 450 44.5169
425 13 35.9038
425 146 60.498
425 227 23.2533
425 318 32.3787
425 354 23.797
425 406 66.3932
425 409 61.8263
426 176 99.0435
426 242 115.035
426 299 30.6318
427 13 56.8843
427 33 2.07858
427 92 108.242
427 180 2.31163
427 185 21.2732
427 302 47.7534
428 31 102.483
428 253 20.874
428 254 85.92
428 269 24.56
428 275 61.2147
428 281 70.9177
428 283 111.249
428 291 38.854
428 478 108.817
429 285 100.423
429 286 27.0433
429 358 2.06423
429 372 20.5712
429 435 6.66872
429 487 14.0261
430 92 130.433
430 113 11.0282
430 119 73.9058
430 168 78.455
430 243 57.9304
430 274 58.8005
430 289 118.885
430 333 71.0399
430 368 35.2501
430 443 2.19212
430 471 34.4669
431 69 126.338
431 163 16.7856
431 182 46.9565
431 205 67.2493
431 230 5.37852
431 347 50.0615
431 393 24.9841
431 424 17.6364
431 462 31.6429
432 0 84.9063
432 7 15.6339
432 9 61.3767
432 29 57.3943
432 132 102.077
432 156 20.047
432 159 69.4611
432 225 64.7654
432 242 31.182
432 263 33.8267
432 326 38.2344
432 359 4.5491
432 394 46.6364
432 418 29.9652
433 46 39.2206
433 101 102.525
433 133 5.55563
433 135 27.7794
433 140 37.5238
433 187 95.2859
433 215 66.4947
433 270 30.2435
433 285 57.8718
433 303 69.4924
433 395 73.6946
434 47 28.4679
434 48 65.2198
434 217 66.9736
434 231 26.6236
434 236 92.9652
434 351 71.3065
434 375 45.375
434 445 29.9093
435 85 77.5727
435 157 3.73788
435 278 74.4299
435 310 93.1912
435 357 110.005
435 480 58.0399
436 76 63.2429
436 92 113.973
436 181 14.6682
436 192 91.2587
436 357 31.4359
436 451 48.4476
436 482 45.9285
437 51 66.6112
437 67 75.89
437 94 83.8585
437 235 78.563
437 377 31.5784
437 401 28.2061
438 44 62.7959
438 124 85.4964
438 128 33.1276
438 143 68.6243
438 178 100.616
438 188 25.3898
438 199 77.516
438 225 39.6112
438 276 12.5302
438 381 71.8664
438 413 45.2705
438 422 67.3194
438 423 22.5809
438 444 37.6551
438 455 105.129
438 467 21.6717
438 484 49.9915
438 491 81.2277
439 169 80.2749
439 225 60.0882
439 305 4.07224
440 5 47.0963
440 51 83.0437
440 145 69.3645
440 181 11.523
440 220 103.687
441 48 57.8373
441 104 29.8648
441 190 19.2215
441 375 40.4683
441 422 68.4201
441 493 91.2444
442 4 37.0418
442 51 76.3079
442 115 110.852
442 182 77.5121
442 190 21.0131
442 247 114.18
442 305 4.44039
442 446 62.3908
442 463 62.2599
443 3 30.7768
443 113 9.31383
443 204 55.9091
443 282 67.6485
443 299 36.9072
443 379 30.0375
443 394 60.3447
443 406 94.8987
443 476 10.4593
444 27 83.3705
444 123 28.911
444 164 11.1403
444 179 7.76165
444 191 37.76
444 315 13.7773
444 322 41.5855
444 408 40.8119
444 422 78.0668
444 460 71.1737
445 28 81.3941
445 41 26.139
445 126 38.5845
445 192 86.4861
445 321 61.0882
445 361 23.3198
445 433 6.24341
445 479 109.493
446 5 54.1193
446 140 27.9027
446 159 18.1317
446 179 6.62438
446 235 85.5637
446 246 15.6767
446 296 114.339
446 362 37.917
446 436 22.2518
447 13 35.6076
447 76 41.1358
447 131 55.739
447 163 30.2046
447 190 14.6857
447 212 19.2111
447 228 70.8054
447 461 66.4765
447 487 15.9084
448 70 65.4675
448 131 32.1592
448 249 20.0198
448 261 75.1195
448 288 19.4962
448 308 83.2673
448 498 60.8138
449 4 63.5649
449 52 66.8048
449 53 30.5723
449 74 2
449 116 55.0859
449 131 60.0838
449 133 8.02963
449 136 95.7244
449 149 49.071
449 466 71.505
449 467 17.222
450 135 25.0441
450 384 20.8036
450 421 115.133
450 457 104.61
451 7 16.2849
451 8 37.1117
451 35 87.4716
451 51 122.508
451 86 36.2814
451 201 50.6593
451 352 22.8306
451 363 64.5204
451 388 26.2469
451 436 25.3005
451 442 71.4957
452 73 34.2841
452 126 18.7258
452 279 42.1425
452 386 20.6767
453 11 65.2698
453 86 31.9363
453 306 26.4729
453 408 54.3368
454 9 64.733
454 29 112.643
454 110 23.6249
454 130 23.3203
454 160 23.1283
454 192 105.623
454 208 60.7015
454 223 62.6726
454 286 28.574
454 298 35.6458
454 416 95.3169
454 486 27.8059
455 6 40.5523
455 11 52.3419
455 70 118.921
455 106 11.409
455 186 35.8122
455 205 109.758
455 293 55.3212
455 357 84.3305
455 402 30.0565
456 73 50.4593
456 236 111.876
456 263 18.957
456 285 53.7353
456 442 78.5812
456 490 74.8231
457 90 4.2354
457 135 31.3811
457 177 55.8421
457 206 20.2666
457 231 29.4105
457 385 45.6113
457 449 90.2711
458 56 79.372
458 257 51.7264
458 399 56.9889
458 405 24.7916
458 436 33.9587
459 57 82.968
459 87 19.0405
459 96 30.8453
459 211 60.4763
459 225 61.2328
459 230 12.1922
459 246 14.0064
459 270 24.9713
459 340 50.8503
459 345 108.296
459 370 78.0461
459 372 34.6976
459 448 76.3081
459 469 35.2466
460 29 59.2658
460 187 70.4661
460 225 62.7179
460 264 84.4551
460 390 72.831
460 424 26.1365
460 471 32.0107
461 41 27.1419
461 61 12.9435
461 89 94.437
461 94 76.077
461 130 43.5358
461 328 65.1655
461 393 16.5636
461 403 51.0881
461 419 10.2978
461 458 22.2899
461 476 7.08379
462 93 82.9498
462 207 62.0329
462 334 29.1771
462 368 31.4278
462 430 80.9711
463 338 40.268
463 359 9.686
463 471 27.4508
464 25 69.1088
464 57 84.181
464 74 2
464 90 3.36484
464 146 53.0341
464 158 74.2417
464 187 100.526
464 234 14.8218
464 306 23.9071
464 384 18.6351
464 395 76.4886
464 401 28.809
464 483 34.9937
465 88 91.6419
465 126 46.4887
465 159 62.2358
465 302 70.5551
465 312 39.544
465 344 80.204
465 347 34.8966
465 386 18.5996
465 410 15.8805
465 428 94.6621
466 119 80.7156
466 144 90.7286
466 191 54.3879
466 215 86.6327
466 217 46.9162
466 264 98.3775
466 341 19.6991
466 358 2.47246
466 391 54.1401
466 418 24.4162
466 470 83.6585
467 79 20.5351
467 131 64.527
467 198 9.61211
467 211 65.5016
467 278 53.2963
467 415 43.4543
468 34 8.0778
468 155 4.19465
468 167 10.7838
468 208 53.3876
468 225 45.9676
468 328 59.2864
468 343 13.97
469 108 60.0564
469 315 10.3464
469 318 40.4113
469 322 23.7035
469 380 98.5264
469 382 9.78178
469 402 32.4379
469 409 65.8447
469 477 96.444
470 71 50.0974
470 166 31.3041
470 235 52.4095
470 244 47.2774
470 405 21.1124
470 494 60.0648
471 144 67.8215
471 230 9.74056
471 270 27.0551
471 382 14.186
471 389 22.134
471 428 61.5686
471 480 91.5489
472 11 81.9867
472 95 9.08569
472 130 32.3582
472 142 103.104
472 228 105.633
472 243 49.8094
472 322 33.2901
472 361 33.7901
472 388 35.505
472 468 89.421
472 491 65.483
473 79 21.2314
473 220 101.167
473 234 23.3244
473 299 49.7539
473 389 27.1553
473 428 61.6372
474 30 64.0366
474 86 35.0396
474 154 52.1898
474 254 108.427
474 325 94.9862
474 334 17.3971
474 388 33.3705
474 402 17.5535
474 448 88.2401
474 458 18.3235
474 463 59.1603
475 6 34.8693
475 77 80.098
475 184 36.4521
475 202 105.684
475 211 45.0425
475 262 30.8854
475 280 4.09054
475 294 92.1481
475 316 51.3938
475 442 101.302
475 457 79.1374
475 464 120.284
476 106 25.726
476 213 3.94996
476 238 14.6634
476 248 19.2945
476 325 126.098
476 384 13.2936
476 385 71.6429
476 414 37.2174
476 425 27.7553
476 471 37.582
476 484 71.316
477 20 20.2665
477 86 34.5901
477 129 20.0676
477 146 48.1144
477 182 54.2943
477 234 17.6396
477 289 115.889
477 323 76.0617
477 360 45.0446
477 395 86.9359
477 418 15.9285
477 428 87.2634
478 62 49.3582
478 126 37.8666
478 167 6.90545
478 200 29.9846
478 245 73.0417
478 265 45.5224
478 290 15.2645
478 343 21.1413
478 452 76.5875
479 59 86.8932
479 148 18.3404
479 264 57.0008
479 346 17.1136
479 367 3.89456
479 379 48.0042
479 431 84.5378
479 487 24.2567
480 7 18.6963
480 44 60.6291
480 57 60.5711
480 73 17.7073
480 122 176.196
480 193 8.67574
480 229 73.1901
480 256 129.226
480 318 38.7812
480 393 22.6925
481 93 47.0135
481 100 29.2007
481 107 4.2444
481 136 52.875
481 139 43.8964
481 172 33.3295
481 218 27.6938
481 367 4.00807
481 443 2
482 52 55.7635
482 129 23.0367
482 243 65.5073
482 335 28.4632
482 392 40.6749
482 450 43.2773
482 479 108.197
483 141 68.936
483 211 38.6142
483 223 74.7774
483 309 65.3298
483 331 46.0709
483 368 49.2736
483 379 30.9703
483 449 100.076
483 499 2
484 48 85.9705
484 90 4.04384
484 151 43.4156
484 251 43.4198
484 275 51.0428
484 321 74.623
484 404 4.94167
484 419 19.1171
484 443 2
485 1 15.9413
485 16 75.7682
485 28 112.651
485 32 3.3743
485 66 22.1893
485 73 59.5216
485 78 13.4453
485 108 38.5454
485 129 24.4081
485 304 80.6544
485 311 99.8374
485 319 122.15
485 320 78.6219
486 19 69.6252
486 79 20.9241
486 155 6.07384
486 259 123.131
486 307 18.643
486 328 43.4701
486 368 53.0709
487 43 91.6179
487 78 10.5252
487 107 3.73594
487 128 25.8759
487 169 81.7436
487 175 32.3444
487 195 104.191
487 242 105.013
487 244 91.6077
487 352 18.6128
487 373 78.3173
487 407 83.1373
488 104 55.2057
488 141 55.2637
488 214 89.4622
488 215 61.0503
488 264 51.8582
488 280 9.63368
488 405 21.3728
489 101 80.4006
489 211 41.2619
489 242 139.08
489 338 32.3137
489 358 2
489 460 89.3858
489 468 74.1192
490 15 12.7278
490 29 83.3994
490 50 2.46985
490 153 22.9585
490 168 95.8401
490 174 3.30338
490 302 36.3921
490 345 89.8656
490 455 111.28
491 60 66.9464
491 105 81.671
491 107 4.04305
491 141 65.0834
491 250 39.9733
492 67 87.145
492 104 45.4571
492 126 40.5819
492 156 13.1915
492 166 52.1647
492 215 71.0549
492 225 66.516
492 303 70.1882
492 348 60.636
492 399 63.2672
493 19 88.8316
493 56 92.3295
493 120 24.6381
493 131 48.3436
493 187 78.2737
493 368 28.4468
493 471 26.98
494 16 67.7445
494 22 15.1808
494 147 51.8894
494 232 15.5404
494 256 61.8688
494 354 25.2061
494 383 5.06415
494 419 20.507
494 454 111.667
494 482 46.5633
494 485 29.6599
494 496 30.0429
495 51 59.5096
495 87 19.116
495 101 58.8739
495 135 26.4525
495 140 31.8312
495 235 80.2583
495 246 10.7614
495 329 86.8182
495 381 93.0561
495 471 42.6478
496 12 37.9766
496 39 8.27219
496 85 74.7551
496 142 94.1431
496 151 44.7386
496 184 22.687
496 204 50.3932
496 304 127.659
496 339 59.1982
496 355 16.3867
496 376 33.3776
497 49 15.9625
497 51 97.5274
497 80 134.087
497 132 61.8953
497 134 89.2223
497 185 23.7519
497 217 47.6835
497 259 98.829
497 386 13.1091
497 484 54.9359
498 77 64.828
498 132 112.117
498 187 72.1216
498 213 3.4529
498 260 16.2207
498 344 95.9431
498 361 21.7644
498 370 57.2986
498 446 29.3511
499 48 66.1961
499 55 39.313
499 294 92.8425
499 425 27.9718
499 450 52.3441
499 483 40.2961
