500 500 3923
0 4 86.6988
0 148 53.2215
0 154 33.5122
0 191 11.9468
0 252 93.5948
0 374 48.1726
0 433 26.2731
0 446 64.2501
0 459 15.2073
0 472 68.3951
1 25 3.50321
1 81 109.357
1 103 29.763
1 143 3.44988
1 162 36.6317
1 205 20.9065
1 444 82.2168
1 457 10.4384
1 463 61.9374
2 162 39.3158
2 176 75.6075
2 212 10.9155
2 230 90.6504
2 334 42.4352
2 366 28.091
2 373 26.0339
2 393 56.1298
2 472 62.6873
3 38 26.6741
3 39 19.1226
3 59 25.6383
3 115 26.0032
3 137 64.0106
3 309 68.5225
3 361 37.2696
3 407 25.4756
3 432 73.7507
3 455 17.1558
4 122 6.32977
4 206 62.3686
4 264 42.7382
4 458 108.496
4 468 35.0993
5 150 17.4222
5 199 40.145
5 295 16.6994
5 409 19.5502
5 411 107.137
6 56 34.2299
6 68 61.4835
6 69 22.2322
6 75 7.09458
6 144 43.627
6 212 18.0269
6 331 112.121
6 380 3.08098
6 382 33.9337
6 388 102.633
6 475 21.4951
7 15 26.3363
7 127 66.2871
7 186 42.1299
7 187 36.7351
7 189 41.8503
7 349 4.39177
7 427 61.4654
8 21 28.4707
8 39 31.2309
8 56 28.303
8 97 73.0345
8 98 79.0605
8 182 85.6862
8 246 70.5149
8 310 16.0369
8 357 55.411
8 360 54.5181
8 401 48.8623
8 493 67.4341
9 20 37.8243
9 134 35.7089
9 220 71.7987
9 226 34.0046
9 360 35.0996
9 402 82.6922
10 11 100.354
10 47 53.6629
10 51 126.338
10 128 23.5231
10 150 39.9825
10 195 71.355
10 272 34.6231
10 338 50.9942
10 459 21.804
11 5 32.7134
11 12 57.179
11 137 57.6894
11 141 31.9678
11 223 90.1225
11 487 88.8018
12 117 31.8266
12 184 47.9066
12 246 45.955
12 337 61.1864
12 440 48.7118
13 95 106.444
13 98 94.9563
13 280 36.3778
13 469 23.0743
13 472 32.6871
14 19 4.97738
14 73 24.0001
14 113 45.4841
14 125 70.274
14 148 46.8893
14 159 31.3369
14 169 119.662
14 215 75.8194
14 223 87.4026
14 298 46.1961
14 331 86.5899
14 377 93.6269
15 125 73.083
15 126 41.2256
15 155 38.9937
15 159 38.4119
15 229 8.1431
15 331 79.945
15 385 14.8555
15 444 79.6365
16 172 18.2566
16 345 30.9916
16 411 65.8054
16 417 80.9341
16 497 51.0262
17 81 70.0697
17 359 41.9657
17 387 27.1517
17 438 32.4647
17 472 59.5371
18 94 46.1294
18 141 17.0259
18 153 41.875
19 55 27.2009
19 91 41.4723
19 244 46.497
19 281 65.7356
19 288 29.7064
19 338 77.83
19 353 21.4118
20 38 21.0906
20 68 60.649
20 266 42.9854
20 342 147.844
20 432 54.1709
21 51 83.2078
21 125 63.0051
21 230 65.9341
21 258 51.0157
21 362 24.3831
21 385 55.3483
21 401 49.9288
21 454 8.83888
22 54 123.952
22 82 121.107
22 225 22.196
22 260 73.8373
22 406 66.5003
22 431 29.9372
22 438 53.332
22 485 39.0678
23 82 90.0866
23 124 27.8245
23 132 51.1722
23 137 89.4728
23 332 37.4055
23 349 4.5891
23 402 87.9466
24 46 49.2165
24 79 9.59055
24 107 45.6148
24 173 58.076
24 185 123.553
24 291 68.8489
24 294 76.1681
24 295 22.5362
24 296 33.477
24 325 47.3892
24 328 32.4039
24 410 94.2714
25 8 55.4019
25 155 59.3068
25 211 6.51532
25 220 73.1365
25 251 32.4241
25 267 22.8491
25 277 45.61
25 414 21.5865
25 451 72.671
26 5 42.7279
26 169 68.2146
26 243 15.9969
26 304 30.8975
26 467 29.283
27 18 34.8323
27 32 15.4495
27 75 5.24635
27 104 55.2976
27 271 40.4431
27 341 59.5055
27 351 63.86
27 412 50.1093
27 484 110.424
27 485 36.6487
28 66 100.953
28 111 45.4739
28 254 24.6701
28 291 119.466
28 473 34.4743
28 488 50.4006
29 87 83.7117
29 158 107.425
29 203 89.8767
29 248 46.2038
29 315 85.746
29 340 16.9545
29 402 75.2565
30 18 49.3912
30 32 17.4169
30 60 6.10676
30 275 71.678
30 341 26.2618
30 411 78.7568
30 492 89.7185
31 0 83.5612
31 59 21.6614
31 69 19.4951
31 75 5.49219
31 98 108.082
31 114 26.3982
31 122 5.31185
31 192 71.664
31 272 34.3542
31 309 65.094
31 336 101.809
31 338 58.819
32 178 41.0052
32 229 7.16454
32 298 54.6767
32 337 50.6167
32 379 40.2316
32 388 76.4233
32 434 11.3724
32 446 72.4192
33 197 64.6943
33 234 21.6883
33 301 33.2015
33 315 56.8708
33 339 84.8389
34 40 25.4383
34 123 59.801
34 244 58.9736
34 271 44.5958
34 290 27.0098
34 350 54.2039
34 361 33.5241
34 377 48.252
35 43 20.6385
35 213 16.334
35 273 61.4171
35 324 92.812
35 411 67.0315
35 416 105.704
35 418 10.2154
36 31 62.778
36 150 51.7496
36 196 82.9438
36 216 15.6894
36 247 46.5465
36 249 82.083
36 334 46.9891
36 386 34.9509
36 388 120.25
36 486 106.666
37 35 99.7544
37 207 33.8057
37 210 46.2955
37 230 48.3745
37 262 48.4905
37 401 53.9392
37 492 116.502
38 39 23.9266
38 46 39.0341
38 234 29.4957
38 291 88.8504
38 309 57.8089
38 310 12.5721
38 323 30.9848
38 425 82.3787
38 449 9.31778
38 495 106.082
39 140 70.9723
39 148 54.5441
39 183 10.7094
39 232 52.3572
39 278 37.942
39 282 45.2442
39 284 41.2766
39 357 44.7244
39 475 24.5092
40 1 46.6208
40 39 16.7704
40 250 55.6322
40 474 3.02084
41 11 77.0959
41 14 61.8089
41 83 114.866
41 396 32.2617
41 403 77.3287
42 33 12.7514
42 36 37.9103
42 41 23.0218
42 42 2
42 54 106.938
42 61 41.7915
42 207 42.3452
42 275 97.0561
42 326 56.2686
42 344 42.5247
42 484 85.4328
43 72 62.9832
43 204 97.2613
43 384 46.9061
43 425 108.031
44 4 66.3697
44 212 19.4052
44 457 10.4326
44 468 27.3304
45 25 3.60119
45 191 30.0935
45 246 64.3594
45 335 50.8284
45 460 22.1018
46 95 96.1604
46 96 15.8351
46 103 46.9956
46 189 59.6168
46 199 19.7628
46 238 76.0321
46 266 33.0207
46 304 22.1388
46 355 17.163
46 398 14.4745
46 458 84.8882
47 144 82.6746
47 308 50.333
47 381 25.1438
47 424 36.8745
47 431 43.2227
48 86 8.59302
48 242 69.6401
48 258 23.9219
48 368 16.0993
48 381 37.4111
48 475 27.4136
49 107 38.6182
49 117 27.6169
49 144 73.4462
49 205 32.9018
49 347 113.339
50 5 27.8859
50 82 42.7028
50 226 21.1983
50 252 81.6636
50 255 21.4226
50 266 24.5142
50 302 67.0873
50 319 96.3101
50 378 75.9029
50 447 43.0066
51 230 58.6528
51 250 38.1758
51 280 32.0197
51 292 70.6535
51 488 81.4721
52 144 80.6416
52 165 94.1316
52 220 50.5254
52 429 10.4719
52 474 2.17387
53 0 73.7594
53 378 47.8244
53 476 38.0501
54 246 78.3465
54 385 28.7487
55 38 39.5192
55 66 44.8543
55 89 86.4651
55 106 41.0931
55 117 30.7967
55 133 29.0009
55 171 56.183
55 280 52.6255
55 378 52.5469
55 426 2.12362
56 72 60.91
56 97 58.5509
56 171 56.7384
56 220 134.954
56 292 57.285
56 383 25.7739
56 391 27.5995
56 413 46.0651
56 453 95.1136
56 473 38.3349
57 30 75.2123
57 67 8.32746
57 151 72.5107
57 156 10.1673
57 225 45.7309
57 301 49.061
57 326 43.1452
57 354 53.3896
57 373 20.5911
58 2 46.9163
58 11 46.796
58 28 79.5742
58 70 19.9846
58 94 64.8006
58 118 121.262
58 198 109.936
59 126 43.9753
59 134 44.35
59 149 22.1245
59 152 4.74578
59 169 124.132
59 206 50.9476
59 265 92.2522
59 439 84.7709
60 12 76.7152
60 84 20.3932
60 116 20.8581
60 162 36.9394
60 292 82.3597
60 346 11.5805
60 381 31.6746
60 423 78.8349
60 469 25.1475
61 52 32.1996
61 83 64.8923
61 202 71.4749
61 212 14.5973
61 235 20.5324
61 462 70.815
61 474 2.89771
62 190 100.283
62 372 37.6057
62 448 65.4852
62 471 112.631
63 75 5.70702
63 103 31.6218
63 146 31.0577
63 242 88.9361
63 335 54.6773
63 369 61.4282
63 451 46.0022
63 488 39.1309
64 3 47.4442
64 59 20.8359
64 107 44.466
64 204 67.9952
64 252 67.537
64 269 9.91361
64 306 24.2027
64 311 15.314
65 19 5.85211
65 61 31.5576
65 105 13.8132
65 156 6.52804
65 194 27.86
65 321 29.4493
65 391 16.0833
66 3 57.3535
66 56 44.8069
66 249 61.9864
66 328 80.7907
66 437 66.9255
66 485 58.4705
67 92 35.302
67 102 116.925
67 127 65.5851
67 191 18.7808
67 235 44.6207
67 337 110.377
67 391 32.1552
67 393 50.5879
67 394 4.13735
67 423 97.8842
67 429 10.1658
68 22 59.5736
68 77 88.4219
68 131 2.80396
68 223 75.1332
68 226 27.6158
68 254 25.2011
68 256 57.4597
68 328 71.8697
68 349 3.323
68 408 60.9337
68 451 51.5497
69 10 6.50387
69 47 84.2022
69 154 34.6662
69 402 116.865
69 434 15.4621
69 469 20.9452
69 475 24.6846
70 46 30.9114
70 73 26.772
70 188 75.147
70 219 98.2317
70 258 34.6083
70 329 88.1754
70 392 41.8602
71 157 102.611
71 200 55.3041
71 225 45.9612
71 229 5.6421
71 324 100.393
71 385 52.502
71 439 94.6867
71 441 25.1736
71 482 43.5245
72 108 132.322
72 216 17.5301
72 327 56.5287
72 367 79.7709
72 425 101.268
72 434 12.3775
72 458 66.4779
72 473 32.4547
73 52 21.5239
73 64 30.145
73 110 94.5172
73 189 61.6424
73 203 82.5815
73 205 35.982
73 210 36.456
73 247 52.7279
73 361 56.635
73 365 63.4039
73 422 87.9108
73 425 110.632
74 86 6.37189
74 87 62.3068
74 174 42.5655
74 188 62.6838
74 203 45.1841
74 253 76.8063
74 393 72.252
74 396 28.9662
74 417 78.3854
74 467 41.9472
75 13 31.4858
75 27 102.483
75 97 61.3563
75 104 58.3024
75 242 75.6766
75 290 32.5134
75 292 74.8717
75 367 78.1604
75 458 109.584
76 53 52.6598
76 55 13.5528
76 198 82.2769
76 210 36.8529
76 219 110.233
76 270 89.5932
76 272 16.3111
76 283 21.8183
76 319 43.7872
76 336 79.3137
76 495 127.01
77 49 53.5089
77 56 57.4958
77 72 60.5037
77 108 81.6931
77 113 37.0945
77 133 38.5066
77 149 26.5731
77 171 43.6366
77 175 36.4557
77 198 61.4152
77 202 98.8016
77 333 54.3413
77 339 66.6956
77 426 2.28535
77 473 26.8606
78 180 2.16257
78 249 111.739
78 263 2
78 441 33.8153
79 50 75.5258
79 240 110.92
79 254 23.2787
79 334 50.3101
79 400 14.491
79 422 75.2934
79 466 94.5244
80 8 52.1358
80 239 82.3696
80 494 68.1617
81 44 55.1629
81 75 5.34395
81 81 45.7661
81 151 51.8738
81 173 39.9168
81 343 84.1981
81 358 43.9968
81 395 37.2839
81 418 11.6242
81 479 56.5302
81 488 69.8362
82 47 62.9223
82 132 63.9375
82 222 13.7909
82 362 24.0061
82 490 51.6334
83 14 76.1913
83 40 56.8076
83 162 45.0419
83 295 27.8466
83 319 51.4107
83 389 20.2077
83 457 12.9186
84 91 51.2944
84 356 69.3341
85 10 5.76306
85 27 71.4922
85 90 70.5648
85 190 72.1486
85 314 50.0299
85 358 61.9029
85 395 50.9088
85 455 9.8959
85 458 85.7219
85 494 65.4366
86 162 23.9905
86 244 62.5594
86 279 22.8479
86 344 48.1899
86 353 24.1948
86 428 29.4875
87 296 75.938
87 414 24.7838
87 479 112.681
88 1 52.2404
88 33 12.2217
88 36 36.7936
88 52 37.2513
88 97 48.5042
88 199 41.6713
88 222 9.39729
88 244 48.4623
88 259 79.6324
88 262 50.4436
88 282 59.7549
88 326 73.8598
88 387 21.447
88 452 92.8442
88 485 38.1277
88 486 63.7361
89 24 109.587
89 74 22.7988
89 223 96.2248
89 240 101.986
89 251 47.5791
89 276 59.0174
89 333 47.2347
89 357 39.4066
89 393 64.4417
89 407 29.645
89 423 63.2348
90 257 22.367
90 343 55.4574
90 363 93.375
90 414 18.4721
90 458 80.6153
90 493 52.7604
91 242 105.099
91 272 56.1402
91 289 81.3104
91 404 41.9205
91 425 64.5609
92 4 93.7303
92 143 4.94401
92 146 33.9643
92 297 18.6899
92 488 75.8046
93 402 96.4054
93 462 51.2426
94 4 65.0205
94 32 7.81474
94 65 81.056
94 98 116.269
94 121 107.038
94 257 59.286
94 299 13.8159
94 367 38.328
94 457 11.3094
95 155 43.9197
95 208 6.00475
95 211 6.89137
95 261 2
95 350 69.8416
95 410 79.1882
95 426 2.3245
96 80 52.2156
96 81 74.1861
96 151 57.9164
96 258 46.496
96 266 37.7708
96 335 69.8342
96 348 21.2676
96 406 47.2286
96 407 19.1202
97 139 65.505
97 140 81.1163
97 143 3.9132
97 235 25.3458
97 298 52.5046
97 434 9.82282
97 446 120.092
97 447 55.4349
97 456 73.0949
98 34 2.04202
98 39 22.7391
98 88 45.1462
98 101 19.2771
98 105 21.1378
98 127 50.985
98 145 12.0224
98 205 22.6765
98 212 19.3743
98 285 75.8269
98 431 63.2079
98 444 41.4704
98 460 23.2397
98 474 2.29285
99 200 59.5629
99 210 42.2475
99 431 33.8791
99 436 11.3032
99 498 30.4231
100 29 52.0864
100 55 15.705
100 95 70.7137
100 100 70.8426
100 270 51.7129
100 338 42.3929
100 383 27.5651
100 426 2.17556
100 467 27.3881
100 483 100.236
101 80 65.8345
101 108 97.4187
101 254 22.9344
101 325 60.1107
101 395 27.2409
101 396 20.2299
101 447 55.0586
101 492 68.1835
102 14 87.6801
102 41 22.2265
102 109 17.2552
102 123 78.1958
102 184 55.4512
102 297 23.1103
102 299 12.5337
102 312 33.9734
102 412 31.1652
103 69 27.0586
103 80 65.1086
103 86 8.95694
103 88 35.3322
103 184 28.1642
103 247 52.4618
103 313 84.7566
103 315 81.1321
103 368 22.491
103 370 30.9247
103 399 43.3418
103 442 83.714
103 485 79.0309
104 58 80.6054
104 76 4.75032
104 128 31.881
104 264 34.7601
104 400 12.4782
104 426 2.24456
105 31 63.6892
105 201 57.1706
105 416 62.3303
106 77 49.9877
106 219 50.9853
106 239 118.271
106 435 23.9474
107 158 113.293
107 283 22.1288
107 425 108.015
108 64 90.2859
108 214 12.6782
108 239 102.121
108 285 65.5194
108 296 59.7395
108 304 23.3386
108 354 81.6131
108 388 82.367
108 448 69.3556
109 63 15.5515
109 205 36.8011
109 237 93.5582
109 241 15.9299
109 252 78.2094
109 259 90.2406
109 301 59.5443
109 486 72.5672
110 85 55.0551
110 128 25.9898
110 136 53.4838
110 252 132.125
110 281 59.3266
110 322 59.9296
110 356 61.9919
110 386 50.7303
110 420 81.7163
110 431 33.8634
111 33 10.7335
111 45 64.3993
111 89 106.532
111 182 74.8372
111 188 78.177
111 202 99.8121
111 280 32.4546
111 358 84.7522
111 378 75.3925
111 479 83.4903
112 40 74.483
112 58 62.0183
112 76 5.56701
112 121 110.276
112 134 54.1516
112 213 13.6856
112 248 49.4499
112 343 22.3894
112 426 2.24831
113 55 27.8659
113 396 38.5398
113 423 50.7385
113 437 71.2125
114 70 19.1169
114 199 47.3029
114 211 7.32803
114 226 31.3236
114 237 104.55
114 272 37.1194
114 296 46.8326
114 330 94.9167
114 336 89.9584
114 370 18.9494
114 402 64.2137
115 138 46.5879
115 160 39.799
115 185 71.1936
115 189 53.1882
115 235 27.2999
115 255 20.0522
115 286 33.6694
115 331 122.909
115 374 102.615
116 37 75.5212
116 39 15.8161
116 79 7.96929
116 87 67.4579
116 104 48.0545
116 173 57.4049
116 179 2.78612
116 352 31.3871
117 53 47.6708
117 96 19.421
117 123 98.6134
117 251 38.3226
117 302 79.4193
117 326 57.0733
117 414 13.3645
117 442 93.0823
117 447 51.71
117 457 13.7871
117 463 74.7056
118 25 2.26769
118 33 13.4618
118 34 2.26866
118 45 102.507
118 93 70.2725
118 262 36.8097
118 309 33.3538
118 385 43.5063
118 437 56.0039
118 466 71.2083
118 481 107.08
118 486 59.251
119 8 89.3892
119 31 55.4025
119 52 24.6703
119 55 43.2811
119 235 33.8978
119 291 76.0823
119 322 57.5269
119 364 126.007
120 8 104.501
120 59 21.044
120 105 13.4256
120 118 120.239
120 120 21.8758
120 215 78.3654
120 230 52.2943
120 297 17.2335
120 383 34.5514
120 384 75.3855
120 390 62.6574
120 411 124
120 470 43.9212
121 30 38.3593
121 42 2.45192
121 70 22.7453
121 194 36.9903
121 219 101.269
121 301 59.5874
121 306 28.0044
121 313 37.6639
121 327 51.9121
121 333 40.7726
121 344 39.7105
121 362 23.8237
121 403 89.3415
121 410 93.3921
121 429 6.89624
122 5 35.7877
122 251 42.4744
122 284 47.6693
122 335 61.9178
122 420 63.0602
122 437 48.8656
123 8 61.2745
123 126 68.9395
123 150 59.3556
123 204 61.5493
123 329 50.189
123 372 45.9832
124 79 7.42203
124 267 22.2545
124 317 75.2513
124 337 70.1455
124 380 4.98417
125 26 72.6846
125 108 79.0603
125 195 66.2058
125 221 2.06049
125 309 65.6387
125 342 123.532
125 350 66.0446
125 386 64.1307
126 129 49.3051
126 159 28.0095
126 170 77.9127
126 194 24.6161
126 209 22.0272
126 274 59.4478
126 299 18.7328
126 358 95.424
126 456 94.9195
127 2 54.5977
127 11 78.0558
127 29 32.4863
127 62 88.1191
127 124 50.5661
127 129 73.8865
127 186 32.1698
127 202 98.8502
127 408 104.192
128 8 68.3098
128 45 80.3366
128 107 71.4911
128 115 32.7045
128 231 61.3589
128 294 121.258
128 303 25.9828
128 341 84.9937
128 392 48.5916
128 399 59.906
128 418 11.9836
128 462 81.0996
128 485 48.9652
129 52 29.8174
129 79 7.55123
129 156 8.91449
129 162 21.8972
129 289 81.4137
129 403 58.3475
129 447 45.4097
130 40 41.119
130 81 92.3721
130 243 12.1822
130 244 54.8293
130 472 66.1982
130 491 100.536
131 47 52.4274
131 209 10.5596
131 213 12.2944
131 239 92.2845
131 316 56.4879
131 347 73.1815
132 79 9.28984
132 90 69.2053
132 101 21.7046
132 211 8.29933
132 219 91.3341
132 358 64.064
132 480 7.89916
133 179 3.34455
133 192 69.2211
133 217 59.8918
133 264 44.9819
133 276 65.1264
133 333 49.7233
133 385 38.9075
133 430 21.8961
133 478 98.0914
133 485 72.7166
134 35 78.7502
134 252 72.5459
134 304 26.271
134 344 35.5849
134 476 25.2041
135 14 68.8663
135 113 60.9689
135 144 43.9049
135 159 26.1739
135 185 117.446
135 229 8.19127
135 230 59.0737
135 240 131.66
135 319 86.2982
135 329 104.074
136 39 16.8044
136 113 25.438
136 140 119.851
136 148 37.9669
136 179 2.29879
136 227 27.2255
136 265 85.6743
136 302 35.3768
136 344 42.7822
136 409 16.5613
136 429 13.9084
137 45 108.425
137 89 125.662
137 198 54.5044
137 210 55.6542
137 248 37.4975
137 291 39.8631
137 375 93.2741
137 466 74.2963
137 481 100.353
138 54 103.739
138 81 78.8506
138 105 33.4029
138 127 44.9587
138 145 9.84895
138 156 14.9405
138 177 84.2902
138 243 17.5101
138 261 2.16677
138 309 60.7587
138 315 60.4308
138 317 50.29
138 374 110.838
138 435 12.7013
138 460 15.8006
138 466 101.973
139 24 131.961
139 31 76.2614
139 43 19.7486
139 90 115.504
139 176 58.015
139 258 53.6874
139 305 52.7132
139 318 71.1474
139 324 88.3752
139 361 43.8488
139 393 90.3704
139 467 47.7911
140 0 71.3749
140 51 72.9484
140 255 16.6906
140 410 99.5249
140 412 28.114
140 480 8.18776
141 37 84.3402
141 203 74.3892
141 230 56.5158
141 246 59.4094
141 255 17.0328
142 10 6.23106
142 216 14.8264
142 229 8.07215
142 254 21.6217
143 52 25.149
143 244 44.1468
143 289 72.64
143 296 37.9671
143 410 103.931
143 425 97.6931
143 434 13.166
143 472 19.821
144 84 31.7234
144 218 7.3593
144 388 110.56
144 424 43.2824
144 438 47.2113
144 441 46.2127
144 486 65.2683
144 498 33.8367
145 45 63.8231
145 163 14.7079
145 262 39.6143
145 267 15.3079
145 270 67.467
145 416 54.4114
145 483 91.6535
145 488 50.2768
146 65 75.6538
146 90 89.4173
146 166 32.3312
146 167 25.9508
146 195 58.0559
146 219 84.6339
146 290 25.436
146 439 106.884
146 454 12.8579
147 161 47.6278
147 215 46.0969
147 240 83.0883
147 326 41.2349
147 455 12.1247
148 55 27.8687
148 62 64.8335
148 272 25.1426
148 305 29.0335
148 320 55.7502
148 336 73.2783
148 367 105.535
148 396 23.1805
148 459 30.7754
149 198 67.437
149 225 36.0531
149 233 16.3599
149 305 35.1306
149 334 27.0147
149 394 5.91744
150 21 32.4834
150 63 14.9514
150 78 86.3494
150 90 95.8727
150 182 50.3539
150 226 19.8247
150 387 24.0764
150 417 47.8631
150 432 32.3515
151 82 77.9789
151 90 81.301
151 102 94.0662
151 267 26.6648
151 436 6.30891
152 8 83.4667
152 103 26.874
152 170 71.5757
152 171 51.4906
152 253 66.6188
152 255 21.2546
152 353 20.8589
152 360 27.0389
152 457 11.2655
153 11 106.513
153 20 91.07
153 22 61.3843
153 161 40.983
153 184 46.1259
153 189 47.9927
153 399 66.6613
154 245 105.312
154 256 67.0254
154 277 44.4885
154 300 28.5823
154 456 92.2757
154 462 68.1112
155 104 43.8705
155 186 57.5957
155 204 48.8083
155 313 86.4738
155 371 57.3488
155 397 42.666
155 404 61.3725
155 424 43.3577
155 483 85.0502
156 0 67.6611
156 57 70.3463
156 176 47.3782
156 341 88.1239
156 350 70.6852
156 381 21.3506
156 432 50.6396
156 445 7.40373
156 458 108.25
156 461 4.86989
157 51 52.5883
157 55 30.5587
157 60 6.25363
157 83 71.7098
157 159 42.5482
157 243 11.5656
157 283 21.3069
157 353 34.7052
157 405 64.7636
157 469 21.4505
158 131 4.35288
158 274 57.5936
158 304 24.6019
158 379 71.4756
158 389 19.9984
158 431 49.7856
158 473 13.7778
158 487 53.7283
159 23 12.6335
159 104 28.0136
159 236 81.6143
159 271 54.871
159 372 55.6663
159 422 70.7642
159 461 8.34159
160 136 47.4696
160 158 61.3868
160 218 17.3463
160 253 72.7298
160 361 58.8706
160 380 3.65846
160 488 88.8085
161 70 25.0897
161 170 52.8932
161 173 47.6919
161 208 5.4726
161 236 53.4157
161 258 36.3804
162 225 45.1344
162 239 51.9028
162 336 84.4588
162 373 26.2022
162 376 87.7296
163 57 78.4057
163 78 96.5766
163 86 10.8029
163 147 62.3398
163 416 71.978
164 157 89.9346
164 265 76.7607
164 325 40.1854
164 329 86.4368
164 394 3.90336
164 426 2
165 22 56.3453
165 65 50.3041
165 173 32.6289
165 224 31.8162
165 232 34.1445
165 263 2.06105
165 265 86.3993
165 266 18.8154
165 271 55.954
165 274 107.212
165 292 69.9079
165 364 73.9114
165 373 22.3926
165 437 42.2664
165 440 74.5172
165 488 59.1561
166 156 8.31944
166 322 78.7994
167 141 24.7921
167 328 36.072
168 41 20.3779
168 84 28.8199
168 93 63.2945
168 106 49.101
168 208 5.54244
168 254 17.9059
168 441 43.9679
168 477 64.6202
168 498 28.0527
169 74 37.8641
169 123 62.4822
169 297 22.25
169 352 15.4983
169 395 63.1399
169 421 74.7801
169 449 8.1996
170 1 94.4895
170 27 49.8478
170 39 22.7716
170 45 101.421
170 189 27.3759
170 190 80.4015
170 343 60.3255
170 372 48.8392
170 412 29.2005
170 414 16.2435
170 473 34.421
171 95 90.6546
171 197 48.8862
171 209 16.4376
171 255 14.4326
171 424 45.4025
171 497 53.3614
172 99 57.8074
172 100 98.4765
172 236 71.2689
172 269 5.27624
172 328 67.2797
172 353 33.8597
172 355 25.1269
172 385 32.0339
172 400 15.0469
173 17 11.634
173 33 21.1606
173 99 96.8274
173 138 62.8555
173 243 10.9882
173 254 22.9663
173 334 43.1678
173 378 78.0126
174 7 42.8782
174 52 35.5585
174 60 4.94307
174 112 5.19246
174 146 12.2774
174 165 42.1123
174 345 44.1879
174 392 49.4939
174 454 11.1303
175 125 52.5908
175 132 92.0274
175 167 15.0902
175 233 23.8456
175 269 8.61713
175 273 117.363
175 312 34.1017
175 325 39.3485
175 377 98.9542
175 457 9.28748
176 71 10.8465
176 110 78.3747
176 290 30.4734
176 309 66.7629
176 352 27.3192
176 370 20.4353
176 376 64.5972
176 391 34.033
177 23 10.4562
177 132 75.3524
177 219 55.1227
177 455 16.4502
178 28 86.8514
178 36 33.8332
178 114 31.6228
178 127 58.0115
178 164 82.5951
178 265 69.6003
178 345 31.1617
178 353 25.1617
178 446 114.221
179 21 70.1003
179 30 65.3078
179 219 87.4814
179 260 71.9347
179 360 42.6279
180 236 72.1268
180 247 45.06
180 290 39.6683
180 449 9.47084
180 462 56.4705
180 479 121.361
181 26 85.374
181 27 84.6765
181 106 26.5687
181 142 104.516
181 165 75.0745
181 196 63.2665
181 200 69.8325
181 224 19.8701
181 258 39.2744
181 290 16.0052
181 376 56.8866
181 469 24.6301
182 177 58.3046
182 192 78.7433
182 234 42.2089
182 309 54.1951
182 323 30.3862
182 403 66.3119
182 485 54.9106
183 22 68.4713
183 62 65.7277
183 100 67.4647
183 188 68.7781
183 190 87.9351
183 292 94.3968
183 483 67.3719
183 484 74.8543
184 69 24.5236
184 173 71.1278
184 407 33.2193
184 421 57.2932
184 480 5.03611
185 1 69.358
185 14 94.2759
185 134 17.6887
185 214 9.78759
185 321 9.51335
185 401 52.3397
185 402 121.259
185 411 62.7384
185 416 47.9657
185 419 31.7044
186 67 7.44683
186 88 24.8916
186 175 109.565
186 218 20.1863
186 273 84.4998
186 322 73.7307
186 328 38.7735
186 362 14.7433
186 422 130.907
186 432 55.123
187 162 43.2023
187 230 49.0187
187 315 39.5382
187 446 69.9399
187 457 14.9391
187 458 42.1273
187 478 63.7526
188 57 79.0308
188 104 41.0035
188 128 15.0961
188 208 6.38173
188 311 30.2506
188 313 55.5035
188 442 82.8129
188 458 67.6614
189 95 148.156
189 191 21.9755
189 220 95.4007
189 348 15.7055
189 404 73.1038
189 474 3.03423
190 2 40.5466
190 42 2.35791
190 50 64.2115
190 319 91.1461
190 366 39.2767
190 367 54.1583
190 417 69.7954
191 60 8.7064
191 61 26.7581
191 251 33.7719
191 319 81.6537
191 405 90.626
191 406 46.1328
191 468 35.2869
191 471 106.024
191 485 54.9491
191 493 55.0517
192 16 28.4618
192 96 21.642
192 161 32.7327
192 165 66.6863
192 242 92.7361
192 253 77.1437
192 357 55.8733
192 406 51.676
193 1 88.1244
193 8 72.2137
193 99 76.9899
193 144 52.1068
193 157 97.6602
193 226 44.3753
193 246 54.2345
193 252 116.074
193 254 29.915
193 303 47.8961
193 366 32.7912
193 387 33.5672
193 394 3.80628
194 4 96.6732
194 82 38.3244
194 94 67.8869
194 283 29.7207
194 358 77.89
194 377 124.945
194 423 49.7118
195 10 6.26848
195 36 51.826
195 42 3.24524
195 205 20.7503
195 226 46.1898
195 351 70.6567
195 401 18.0203
195 469 23.1649
196 135 19.6546
196 292 62.9385
196 316 54.9917
196 384 58.9442
196 392 53.3138
196 394 4.57824
197 233 45.918
197 337 112.871
197 377 105.473
197 390 48.868
198 19 5.10297
198 47 73.7491
198 129 58.7489
198 144 52.839
198 164 76.2149
198 239 67.0955
198 248 49.6584
198 320 52.7716
198 423 83.0627
198 464 41.3109
199 45 110.706
199 53 31.2831
199 277 26.2139
199 311 22.2658
199 363 100.26
199 386 62.3818
199 433 24.1737
199 467 42.0076
200 27 71.0319
200 108 80.984
200 200 63.8405
200 209 17.5769
200 248 50.6811
200 269 7.23779
200 278 28.4543
201 222 7.1743
201 322 79.9524
201 383 22.339
201 397 33.4479
201 455 10.7677
202 119 52.8537
202 192 74.9958
202 210 46.6066
202 216 16.7454
202 303 48.1548
202 344 45.7178
202 352 27.3036
202 482 60.4503
203 3 47.967
203 185 98.4781
203 238 76.645
203 241 27.35
203 396 37.2483
203 464 28.481
204 2 25.7229
204 70 27.0889
204 89 104.472
204 242 53.5381
204 300 24.2786
204 364 96.3716
204 385 29.41
204 416 83.7037
204 474 2.81391
205 101 21.7364
205 149 24.2949
205 205 14.4821
205 360 39.3868
205 398 9.93129
205 447 37.3064
205 461 8.62927
206 41 21.9356
206 100 23.7535
206 110 60.6321
206 188 91.8054
206 208 4.77437
206 239 82.5404
206 249 97.1084
206 311 26.0344
206 376 72.0065
206 411 109.159
206 473 24.0685
207 84 30.7785
207 146 26.7566
207 241 35.717
207 410 111.11
207 436 10.895
207 487 76.7735
208 24 85.2774
208 25 3.72148
208 26 66.7865
208 46 32.7861
208 111 56.3542
208 158 70.2394
208 178 78.2529
208 225 36.1015
208 482 62.471
209 30 36.3248
209 103 42.1309
209 105 20.4143
209 297 22.2046
209 364 118.897
210 56 39.7644
210 63 10.002
210 144 53.6122
210 151 37.4578
210 211 6.5094
210 275 52.0263
210 362 25.9408
210 395 35.8574
211 29 46.0692
211 68 65.2366
211 84 21.1605
211 174 51.9985
211 203 100.28
211 362 10.2529
211 410 81.3742
211 497 46.3975
212 220 51.3048
212 274 48.5663
212 325 56.0511
212 349 2.26618
212 369 78.4491
212 391 27.6276
212 482 56.7048
213 0 83.8159
213 64 66.6089
213 163 7.82021
213 204 59.0711
213 215 56.2106
213 423 62.5473
214 56 51.1299
214 62 61.0105
214 80 52.6145
214 139 51.6235
214 211 8.47472
214 432 63.4494
215 40 38.4612
215 109 29.0785
215 114 26.683
215 132 46.7408
215 140 120.917
215 195 74.734
215 202 59.2601
215 311 30.5938
215 416 76.2789
215 428 28.1366
216 74 34.6726
216 86 7.54793
216 105 16.7709
216 128 29.2338
216 156 9.82435
216 157 82.0601
216 224 23.9248
216 226 38.7583
216 245 68.4707
216 260 68.3461
216 289 85.0751
216 320 53.4965
216 357 63.5658
216 405 88.274
217 33 20.3592
217 85 41.6113
217 93 52.5727
217 149 17.8617
217 164 55.741
217 199 58.4557
217 415 105.681
218 74 31.4966
218 224 26.3422
218 291 77.5504
218 351 93.6912
219 2 56.0734
219 186 57.0888
219 189 47.8543
219 201 32.6896
219 227 26.5073
219 238 77.9375
219 258 24.4566
219 393 46.162
220 67 6.20315
220 118 76.4654
220 224 37.5379
220 247 35.0961
220 250 43.0347
220 261 2.07335
220 348 20.883
220 354 91.2661
220 391 26.1513
220 446 84.7056
220 468 32.4356
221 77 78.9751
221 137 90.1107
221 195 65.1706
221 219 72.0514
221 235 38.4858
221 257 63.7305
222 18 50.0272
222 47 87.4139
222 51 69.0383
222 118 100.77
222 124 23.1183
222 178 43.1084
222 186 46.1561
222 206 76.7217
222 283 25.5239
222 308 104.937
222 365 55.5481
222 366 49.9292
222 476 33.299
222 483 104.425
223 75 5.55588
223 128 25.1002
223 155 39.1265
223 308 79.3394
223 351 102.089
223 432 68.1864
223 463 56.4208
224 12 62.8941
224 14 105.432
224 47 97.711
224 113 39.1532
224 271 59.7001
224 309 38.2532
224 427 91.4116
224 460 19.5635
224 484 52.3247
224 499 57.5026
225 59 28.1982
225 96 20.5947
225 164 84.746
225 220 95.7027
225 232 58.8128
225 284 36.3919
225 292 43.5673
225 346 14.0827
225 407 34.0619
225 465 53.0987
225 472 75.4221
225 475 17.9137
226 90 104.258
226 201 46.5184
226 247 44.9009
226 277 35.1587
226 305 46.7167
226 328 45.0217
226 491 89.5848
227 86 5.55135
227 113 23.9353
227 213 15.1237
227 266 27.8474
227 289 60.0777
227 426 2.22968
228 25 3.95787
228 89 128.879
228 156 15.5288
228 171 55.8336
228 306 28.4314
228 330 63.458
228 350 74.2712
228 440 51.9655
228 498 49.1993
229 5 32.542
229 68 30.8261
229 82 93.4474
229 123 52.3369
229 209 22.0789
229 329 71.8399
229 440 21.0556
229 445 4.61969
230 20 73.5032
230 48 3.0842
230 54 118.799
230 75 7.10126
230 249 105.544
230 352 20.2954
230 424 40.6911
230 426 2
230 433 10.3571
230 456 114.21
231 20 79.0263
231 44 59.0631
231 64 46.4253
231 77 66.4571
231 94 62.0018
231 103 21.7905
231 190 70.3606
231 351 66.85
231 496 50.1671
232 11 116.393
232 70 28.5183
232 156 8.22515
232 178 87.9619
232 234 23.1809
232 303 59.5222
232 304 18.5494
232 341 74.6473
232 372 51.8335
232 408 107.651
233 104 47.9793
233 183 6.19016
233 286 48.9438
233 293 81.2802
233 373 22.8163
233 430 23.135
233 475 25.6536
233 491 65.5307
234 103 31.2367
234 166 31.2876
234 457 11.0301
235 81 76.9897
235 122 4.86118
235 157 77.834
235 168 38.4174
235 224 35.6336
235 227 21.0217
235 252 93.0906
236 134 15.5993
236 172 24.7998
236 272 41.3623
236 402 118.169
236 436 7.74021
236 439 135.1
236 441 33.0085
236 452 56.5821
237 111 41.8261
237 139 42.4656
237 213 21.3131
237 315 2
237 337 81.1449
238 14 54.0102
238 67 7.81504
238 154 32.8793
238 252 85.6782
238 335 39.3857
238 375 63.2663
238 384 46.3516
238 387 12.6404
238 418 9.76776
238 471 116.606
239 15 26.2721
239 87 59.5576
239 165 69.2235
239 307 72.5604
239 440 83.4432
239 444 81.2544
239 453 51.101
240 262 65.4035
240 323 20.8364
240 379 64.7352
240 432 38.6952
241 102 73.3472
241 109 33.2754
241 173 59.6106
241 178 48.9176
241 234 23.2978
242 5 22.6567
242 38 30.4246
242 219 89.9989
242 285 26.4077
242 305 42.4311
242 349 5.22283
242 400 17.0631
243 36 50.9039
243 78 114.625
243 336 69.2782
243 365 68.9732
243 403 52.7242
243 413 36.2638
243 452 92.7704
244 57 55.1706
244 164 54.2019
244 198 84.2078
244 221 2.47511
244 272 38.0883
244 274 83.9873
244 427 90.0809
244 446 75.9985
245 311 16.2915
245 422 101.304
245 499 44.1817
246 2 75.9588
246 95 42.3593
246 103 31.174
246 387 22.4934
246 422 64.4735
246 453 121.433
247 21 42.5452
247 228 81.4955
247 401 28.8203
248 112 5.76601
248 134 40.4169
248 142 80.1008
248 229 10.0017
248 364 65.5948
249 28 51.4083
249 87 36.8197
249 206 31.847
249 267 12.5596
249 302 70.858
250 22 68.2725
250 79 7.09335
250 120 24.1045
250 127 48.3071
250 150 61.0401
250 192 101.172
250 227 25.0188
250 234 31.4084
250 309 46.6233
250 414 23.1897
250 424 33.0441
251 256 79.8863
251 270 91.9904
251 305 44.676
251 367 61.7443
251 413 26.9115
251 414 21.343
251 459 25.3585
251 480 4.96607
252 52 25.7088
252 134 30.5087
252 155 40.2262
252 233 61.8055
252 246 60.4115
252 333 59.1867
252 384 74.3567
252 459 32.8399
252 478 79.8005
252 496 33.9754
253 25 3.81627
253 202 88.9572
253 269 9.14758
253 342 127.221
253 390 34.6729
253 447 50.636
253 491 100.012
253 499 61.9057
254 7 27.1016
254 19 5.48522
254 46 64.0424
254 58 66.7381
254 88 68.6571
254 133 31.7484
254 169 106.236
254 206 77.0204
254 272 36.8183
254 275 89.7127
254 281 78.8716
254 298 41.1777
254 427 64.4989
255 2 72.4528
255 11 73.3489
255 67 8.37418
255 184 57.4676
255 249 98.6708
255 284 25.0195
255 354 79.0494
255 410 85.8578
255 443 9.27948
255 463 61.658
255 491 48.2097
256 127 43.7596
256 239 83.2604
256 310 13.0263
256 330 83.8958
256 387 18.7702
257 125 45.5703
257 334 24.5134
257 349 4.31289
257 352 24.0856
257 441 41.1501
257 486 100.238
257 489 73.9111
258 140 102.599
258 185 85.531
258 469 21.129
258 483 44.1116
259 81 40.159
259 82 90.9289
259 85 65.7482
259 87 76.2821
259 153 59.4472
259 278 18.9465
259 319 49.049
259 462 55.0769
260 14 91.7071
260 96 36.6065
260 118 94.5442
260 128 33.6665
260 296 65.3923
260 306 41.9853
260 307 110.262
260 371 32.4179
261 45 100.564
261 81 84.4892
261 85 49.498
261 159 30.7273
261 175 108.753
261 256 84.7827
261 291 61.3304
261 294 94.4335
261 321 23.7915
261 367 98.5463
261 371 43.9789
261 373 27.3035
261 387 19.9709
261 434 8.12882
261 489 51.5422
262 33 24.5281
262 63 13.4572
262 180 2
262 184 45.5328
262 388 84.6843
262 434 10.6927
262 465 86.4788
262 466 63.8292
263 70 28.9251
263 115 30.1377
263 164 45.0354
263 182 79.0023
263 237 54.979
263 249 115.682
263 314 34.4451
263 333 54.0377
263 369 95.3719
264 25 3.66883
264 108 96.6396
264 124 5.07176
264 152 7.75235
264 183 5.76556
264 223 102.245
264 399 34.6356
264 458 67.1834
265 14 124.539
265 53 59.2662
265 91 42.3261
265 235 26.2561
265 249 116.284
265 253 52.1306
265 378 69.5284
266 44 67.3915
266 69 28.63
266 126 72.2568
266 212 18.077
266 218 13.8339
266 260 64.7433
266 405 129.331
266 419 67.6718
267 5 32.6659
267 34 2
267 48 2.85199
267 61 47.2141
267 102 89.3177
267 107 68.2971
267 130 47.5129
267 207 32.1959
267 224 31.78
267 304 20.0568
267 383 29.5919
267 392 41.1803
267 415 108.957
267 491 81.2034
268 90 100.207
268 132 55.4418
268 291 76.6657
268 428 30.7664
268 446 105.103
268 472 61.5279
268 484 68.2773
269 39 27.2182
269 46 35.8631
269 83 111.805
269 112 7.25651
269 117 25.4479
269 169 71.7879
269 209 15.7729
269 225 39.9058
269 255 17.9406
269 310 16.591
269 409 16.7873
269 477 74.5231
270 125 68.0382
270 131 5.42711
270 151 77.1463
270 162 40.4564
270 292 74.5369
270 314 54.3999
270 350 66.5052
270 355 26.9692
270 399 36.3462
270 420 75.4733
270 436 8.91728
271 0 40.7285
271 93 70.1774
271 259 56.5266
271 360 41.1524
272 12 41.9741
272 47 52.4522
272 163 10.1407
272 213 18.367
272 451 50.3171
273 81 95.2186
273 170 41.0606
273 212 13.3942
273 238 60.1939
273 274 46.5127
273 317 89.6395
274 44 36.7406
274 170 58.8156
274 300 25.4051
274 308 77.7348
274 406 64.7733
275 82 70.2756
275 128 30.2728
275 199 47.528
275 213 18.6332
275 220 83.1582
275 222 8.9437
275 286 30.8456
275 364 74.4553
275 472 26.8154
276 62 74.8365
276 136 74.003
276 314 40.0841
276 352 16.9701
276 407 17.6033
276 423 38.0344
276 497 64.2236
277 22 73.116
277 59 14.6679
277 77 84.0276
277 254 23.7653
277 349 2.776
277 477 56.1664
278 50 97.1491
278 69 23.1132
278 144 61.5569
278 183 6.70209
278 268 69.2031
278 345 56.1678
279 114 29.7349
279 164 78.2072
279 424 35.3247
280 11 110.671
280 165 62.6477
280 193 36.1008
280 202 81.6549
280 271 58.0846
280 313 64.9631
280 359 33.8921
281 25 3.93283
281 67 6.06263
281 111 47.3718
281 136 47.6167
281 141 24.6251
281 160 32.7829
281 187 54.4632
281 206 47.2217
281 260 60.9875
281 450 9.0793
282 0 45.6673
282 125 98.7779
282 223 70.023
282 317 57.1671
282 355 24.9027
282 414 18.5929
282 473 29.7022
283 104 35.2082
283 124 39.1167
283 135 15.1402
283 172 21.9581
283 181 2.06254
283 235 31.7635
283 394 4.20243
284 90 98.7288
284 219 115.406
284 220 122.695
284 273 76.6318
284 320 63.6254
284 354 91.5724
284 401 38.4734
284 474 3.98063
285 24 91.8534
285 32 14.6058
285 38 18.9432
285 256 78.1507
285 266 38.5655
285 278 22.1693
285 456 87.752
286 19 4.57803
286 32 11.1711
286 37 54.2699
286 80 50.1612
286 135 19.557
286 199 37.1153
286 214 15.1726
286 250 59.4706
286 329 84.7839
286 412 18.4367
286 436 14.2627
286 454 6.46609
286 468 24.3732
286 492 66.2392
287 64 53.316
287 130 40.0095
287 138 52.2731
287 152 5.89452
287 211 7.29525
288 54 52.6022
288 166 31.8695
288 315 33.4815
289 28 72.246
289 69 27.1633
289 76 7.6465
289 100 104.99
289 105 24.9999
289 141 12.8617
289 221 2
289 297 16.896
289 478 38.0744
289 484 83.6456
290 147 89.1087
290 366 29.4541
291 192 71.5549
291 279 15.0227
291 294 84.7548
291 297 10.3287
291 313 73.1272
291 375 95.6539
292 170 89.5525
292 216 10.2173
292 224 16.7454
292 260 62.8823
292 263 2
292 294 81.9325
292 419 80.153
292 421 81.2671
292 422 118.322
292 487 53.0099
293 1 46.3773
293 13 23.6677
293 158 80.8179
293 177 79.9116
293 373 23.9249
293 440 86.2392
293 443 6.54507
293 486 103.573
294 91 43.1673
294 242 109.182
294 295 28.6164
294 380 2.89076
294 399 58.2179
294 437 77.9473
294 446 93.641
295 18 41.0645
295 81 101.932
295 124 18.1647
295 148 48.7154
295 180 2.1803
295 209 22.8385
295 249 95.3554
295 250 46.8925
295 329 109.837
295 384 47.2189
295 401 31.8289
295 405 93.8758
295 434 8.3981
295 496 35.0388
296 84 28.2573
296 219 95.4412
296 390 57.2311
297 15 33.1183
297 62 74.112
297 83 81.056
297 84 20.8016
297 227 28.3268
297 273 82.7825
297 396 37.9519
297 457 11.6708
298 31 29.392
298 127 57.359
298 200 38.385
298 222 9.64202
298 262 48.2497
298 385 33.3476
298 387 21.4646
299 19 5.38712
299 20 82.2093
299 46 42.1685
299 47 93.037
299 58 104.324
299 79 5.75244
299 115 45.2259
299 172 24.9504
299 176 66.7803
299 201 34.2767
299 207 42.5447
299 258 52.1061
299 343 52.9894
299 380 5.2504
299 420 106.786
299 456 61.4823
299 480 6.60477
299 492 59.8772
300 166 23.9595
300 173 40.1994
300 199 34.5054
300 275 105.558
300 364 31.8115
300 375 117.953
300 380 3.39352
300 394 4.04315
300 428 26.2348
301 3 45.7072
301 7 40.9017
301 227 26.786
301 236 63.2478
301 257 65.0427
301 285 75.1471
301 351 55.7607
301 388 113.417
301 455 11.8651
301 462 111.261
301 475 22.4266
301 495 126.715
301 496 28.8253
302 122 6.1914
302 123 51.4625
302 187 56.7623
302 297 15.7736
302 311 25.8588
302 421 88.8551
302 490 135.939
303 171 59.9288
303 239 89.5578
303 294 99.4559
303 401 56.4351
303 475 31.7513
304 16 38.5331
304 79 6.5868
304 99 50.4518
304 159 48.1827
304 187 53.5326
304 264 33.2892
304 292 50.7548
304 361 44.9375
305 11 80.2377
305 127 64.917
305 168 49.1438
305 178 83.7477
305 238 84.6268
305 311 17.334
305 313 39.6595
305 322 47.3766
305 383 29.7169
305 407 22.2555
305 475 37.7497
306 6 62.9525
306 138 79.9982
306 173 83.3408
306 198 81.6476
306 226 48.1764
306 258 33.6669
306 398 11.6214
307 34 2.178
307 37 125.588
307 128 24.9745
307 139 28.3057
307 149 27.9235
307 155 43.2999
307 227 27.1068
307 233 63.6851
307 248 51.8814
308 33 16.869
308 78 95.9112
308 105 22.3892
308 107 48.7964
308 151 94.3911
308 241 33.1852
308 269 6.3706
308 335 69.6786
308 374 103.774
309 37 69.9963
309 39 23.1926
309 98 118.117
309 289 59.2788
309 386 36.9585
309 451 52.9414
309 485 83.3716
310 43 24.5507
310 177 74.2865
310 190 78.9512
310 207 65.9513
310 455 10.2031
310 480 4.83888
311 8 73.2778
311 13 18.178
311 17 25.5737
311 45 70.125
311 57 51.3676
311 67 6.60627
311 71 13.7413
311 73 17.0347
311 145 12.9673
311 259 163.461
311 271 46.8213
311 335 43.0275
311 475 17.2289
312 319 112.821
312 446 95.0912
313 323 40.834
313 353 19.9463
313 499 49.9648
314 44 59.684
314 71 19.3847
314 131 4.75213
314 139 62.0657
314 153 44.7947
314 190 45.3126
314 210 33.1386
314 291 104.492
314 327 53.901
314 427 56.1147
314 499 53.4544
315 2 35.8301
315 17 27.5122
315 54 51.9354
315 64 57.2209
315 81 80.7387
315 290 26.169
315 337 47.4019
315 359 44.9633
315 412 42.4022
316 15 33.1052
316 26 73.8785
316 33 16.7839
316 81 79.0723
316 157 102.664
316 163 8.48978
316 173 58.2601
316 414 17.9731
316 441 42.0661
316 452 62.0711
317 17 19.5744
317 171 20.1633
317 189 43.0887
317 337 80.4434
317 389 19.3416
317 401 40.2365
317 438 26.0216
317 446 111.17
317 499 54.5816
318 55 18.9961
318 187 40.985
318 191 12.8429
318 207 53.9145
318 238 76.8344
318 260 41.3263
318 427 88.0834
318 459 26.4697
318 491 107.708
319 67 4.02026
319 110 59.4606
319 141 21.7455
319 272 8.87333
319 295 15.7491
319 406 44.4623
320 16 22.7617
320 99 113.033
320 117 29.0232
320 148 45.0487
320 229 6.76067
320 300 26.4432
320 344 45.0873
320 445 5.68242
321 7 43.6977
321 68 70.2358
321 141 17.792
321 210 55.8882
321 337 70.4434
321 373 18.1656
321 438 36.5156
322 4 55.4986
322 117 36.5585
322 187 63.802
322 196 88.5339
322 198 103.834
322 296 52.2888
322 364 145.21
322 405 110.668
323 83 100.217
323 250 46.6426
323 253 86.2586
323 296 60.3407
323 298 32.6806
323 360 49.3924
323 362 21.0269
324 7 54.4122
324 21 41.6322
324 54 123.05
324 91 38.7849
324 122 4.73155
324 148 60.7414
324 159 26.5232
324 203 70.6098
324 270 95.7009
324 298 43.7076
324 353 30.5318
324 355 18.4275
325 16 24.9809
325 158 88.8486
325 209 21.0245
325 245 111.022
325 418 9.83709
325 425 55.8777
325 456 88.6693
325 464 39.4227
326 108 93.0719
326 163 11.1312
326 206 62.5265
326 236 80.974
326 365 53.8142
326 409 10.2286
326 488 30.7901
327 52 23.7467
327 110 50.416
327 118 103.896
327 192 70.8825
327 267 25.2816
327 326 62.0917
327 330 35.4633
327 402 119.642
327 484 84.0552
328 19 5.32893
328 45 80.1313
328 115 21.0677
328 118 88.7959
328 146 30.9225
328 220 87.6558
328 300 28.5333
328 317 114.066
328 403 62.4956
328 406 69.7793
328 416 96.1806
328 453 105.59
329 14 65.434
329 59 15.5855
329 158 107.807
329 330 105.575
329 391 30.3829
329 475 17.7253
329 484 75.4728
330 31 34.8547
330 164 95.9499
330 167 34.9781
330 218 11.4738
330 253 50.8965
330 376 94.1071
330 455 7.03132
330 472 65.199
331 7 57.0998
331 15 29.6857
331 88 26.2193
331 119 88.1978
331 125 55.3735
331 272 35.5142
331 403 61.9555
331 485 50.6303
332 3 31.4704
332 69 20.3815
332 115 27.6216
332 156 10.6419
332 174 36.7375
332 186 37.3716
332 225 43.7404
332 316 53.6675
332 387 20.0318
333 2 48.3879
333 7 47.2417
333 39 21.5377
333 184 47.462
333 213 13.492
333 230 65.8756
333 244 52.4923
333 257 69.1408
333 272 24.2055
333 311 23.1374
333 312 22.0502
333 332 40.5299
333 354 101.98
333 407 16.0095
333 428 20.3621
334 73 20.028
334 98 115.719
334 100 29.3871
334 114 20.6927
334 158 67.933
334 220 99.9011
334 226 45.2518
334 305 33.4356
334 437 74.88
335 7 45.4391
335 55 15.861
335 87 72.8797
335 179 3.29985
335 224 45.5662
335 330 76.5649
335 376 45.1481
335 381 27.3999
335 388 50.2365
335 429 7.92093
335 456 127.739
336 96 22.3597
336 140 88.3287
336 347 60.5943
336 489 52.3621
337 123 37.0407
337 220 129.264
337 327 77.5175
337 334 48.9841
337 410 88.7127
338 205 24.1889
338 226 27.3655
338 274 72.2807
338 457 12.784
339 158 132.916
339 188 99.375
339 189 41.8694
339 226 30.0516
339 246 64.8406
339 353 32.478
339 420 112.152
340 0 46.3166
340 24 100.88
340 164 95.9022
340 242 67.2808
340 275 84.9256
340 399 41.8721
340 443 8.75261
341 158 59.4943
341 232 42.9855
341 258 48.5317
341 350 60.9528
341 352 20.4973
342 111 57.2792
342 145 7.29796
342 167 22.6828
342 207 60.8848
342 255 10.744
342 285 24.6952
342 295 25.0309
342 306 20.3712
342 308 65.5956
342 400 18.4724
342 480 5.79013
343 64 52.2591
343 381 38.4709
343 427 73.2707
344 102 85.3308
344 179 3.38908
344 210 36.8486
344 278 27.8388
344 363 71.5231
345 131 5.81672
345 175 78.0588
345 178 79.6856
345 333 42.1448
346 9 76.8867
346 59 24.3846
346 255 15.1428
346 269 5.41652
346 446 81.7895
346 452 57.1935
346 485 73.3057
347 13 25.7916
347 82 92.8414
347 253 48.7331
347 276 50.3997
347 303 62.5938
347 360 34.2426
347 366 30.7827
347 458 83.8059
347 475 21.5395
347 483 76.0276
347 485 63.6688
348 35 84.6856
348 169 101.683
348 263 2.2949
348 332 34.3696
348 348 19.0399
348 362 21.6928
349 74 32.6763
349 76 7.71184
349 203 75.3362
349 252 109.746
349 328 75.5948
349 334 47.0051
349 375 89.1457
349 403 47.4798
350 12 87.7009
350 249 56.9268
350 380 4.02773
350 437 54.9485
350 472 32.5969
351 17 14.0115
351 32 12.861
351 39 16.1213
351 279 19.955
351 381 28.743
351 402 128.982
352 13 25.1202
352 74 14.1275
352 88 32.958
352 178 42.0532
352 193 22.192
352 236 56.0404
352 239 73.1416
352 290 25.256
353 39 16.5049
353 93 48.6665
353 221 2.12835
353 356 59.0935
353 358 64.3828
353 421 98.7211
353 483 67.7273
353 495 111.553
354 40 33.4977
354 61 33.4356
354 73 21.9882
354 149 32.2277
354 259 127.855
354 315 43.8245
354 403 72.93
354 420 26.446
354 453 125.892
354 460 16.6378
355 18 32.8672
355 40 67.9317
355 103 37.4176
355 114 41.1594
355 119 71.526
355 172 14.822
355 308 76.3861
355 323 29.7644
356 110 21.0059
356 131 4.78687
356 146 24.1238
356 204 92.4933
356 213 9.73346
356 228 88.2049
356 339 47.3897
356 377 123.023
356 436 12.1345
356 492 87.9863
357 167 22.8747
358 80 46.2528
358 177 39.298
358 188 66.8177
358 305 58.4693
358 351 58.6743
358 427 60.2303
359 10 6.48888
359 13 20.96
359 32 10.0749
359 211 4.57183
359 272 36.677
359 284 45.7486
360 66 67.1962
360 76 6.88811
360 117 27.1375
360 355 24.2737
360 384 42.2486
360 401 51.8139
361 47 93.3107
361 157 53.2549
361 176 32.1123
361 212 17.3656
361 256 119.216
361 266 30.8777
361 322 78.1349
361 336 37.0195
361 443 7.02667
362 76 5.7116
362 92 46.4655
362 200 57.881
362 229 7.01351
362 256 114.163
362 293 51.6772
362 324 111.838
362 363 90.7925
362 385 48.7325
363 74 27.1978
363 76 5.66452
363 77 67.8224
363 172 18.7236
363 204 91.1075
363 325 47.7841
363 332 35.6533
363 373 23.4799
363 380 3.96498
363 399 88.5131
363 423 50.681
363 460 22.3366
364 70 17.9649
364 96 25.2974
364 148 32.9365
364 156 11.417
364 170 54.7427
364 172 24.1084
364 274 72.0208
364 278 27.2723
364 281 67.6471
364 417 35.4508
364 419 65.0991
364 494 68.2525
365 89 85.3441
365 119 50.4788
365 178 44.8146
365 440 72.7713
365 468 46.1284
366 146 45.718
366 220 78.0144
366 222 9.45991
366 226 33.7491
366 302 89.2535
366 424 34.0696
367 181 2
367 215 66.7667
367 388 45.0656
367 467 36.471
367 471 97.4883
367 481 81.6398
367 499 57.8266
368 85 68.1469
368 87 91.8136
368 114 21.7955
368 335 44.5336
368 348 19.6499
368 431 36.6512
368 457 12.6836
368 470 33.591
369 171 30.3889
369 175 92.2272
369 324 74.3577
369 386 34.7954
369 409 11.7381
369 411 112.275
369 425 55.1215
369 443 8.54923
370 3 52.5303
370 27 59.3052
370 69 33.7016
370 96 33.8065
370 175 91.8971
370 355 20.5466
370 436 9.92625
370 481 60.1248
371 166 29.0447
371 257 42.7364
371 372 60.1914
371 457 5.35563
372 5 31.1319
372 21 68.8546
372 95 101.524
372 100 124.425
372 148 40.0378
372 183 6.55692
372 199 38.5505
372 233 71.4794
372 296 75.2264
373 38 21.7192
373 68 39.3383
373 163 17.8277
373 199 46.6497
373 213 22.2159
373 299 9.11268
373 472 70.3659
374 156 10.8822
374 162 47.3628
374 224 24.527
374 234 22.3415
374 237 93.2119
374 372 43.4835
375 65 70.4094
375 67 6.3182
375 100 75.2265
375 159 43.3478
375 163 17.7112
375 244 50.9221
375 264 38.7003
375 356 56.0645
375 379 81.8724
375 409 11.3379
375 443 6.50666
375 478 83.9201
375 481 87.6634
376 107 53.2256
376 152 6.10627
376 197 83.6551
376 245 101.727
376 350 62.1257
376 351 61.6029
376 361 56.8065
376 429 7.97952
377 264 33.0636
377 279 19.373
378 184 43.9999
378 219 75.006
378 278 28.7129
378 294 81.857
378 331 120.353
378 346 10.9532
379 14 75.3695
379 24 108.451
379 31 34.0692
379 83 77.1632
379 112 6.45819
379 124 33.0419
379 130 39.2748
379 203 67.7617
379 219 107.342
379 271 71.6527
379 425 109.066
380 68 77.3754
380 221 2.42326
380 330 86.8542
380 350 85.1228
381 87 90.0162
381 118 92.0323
381 157 114.066
381 185 70.3007
381 291 54.7502
381 298 62.7488
382 3 77.6474
382 17 23.6285
382 43 21.7724
382 63 16.5685
382 159 40.7931
382 267 27.7104
382 299 17.8869
382 328 83.6633
382 334 26.7773
382 483 72.0822
383 27 34.7111
383 216 17.2884
383 222 11.686
383 248 28.1589
383 321 33.2061
383 396 29.2412
383 428 21.2753
383 440 75.5928
383 454 9.16686
384 37 106.437
384 138 64.5254
384 186 30.1373
384 327 49.7872
384 401 27.0138
384 490 104.922
385 78 99.5902
385 120 24.5545
385 158 96.4226
385 164 79.6806
385 221 2.2326
385 222 14.8468
385 237 81.5401
385 379 48.798
385 413 34.6901
385 447 45.363
386 59 32.8897
386 234 24.4579
386 349 3.13728
386 407 13.6144
387 27 76.3443
387 122 5.30894
387 147 85.8605
387 159 43.2494
387 165 52.5026
387 185 94.576
387 188 55.4279
387 190 65.5737
387 204 99.4124
387 236 69.3568
387 326 45.3751
387 368 19.8867
387 446 106.043
387 489 61.8158
387 492 61.0672
388 54 56.3812
388 79 5.63207
388 119 59.1971
388 165 68.9246
388 179 3.45303
388 200 52.6056
388 261 2.08394
388 317 57.4546
388 362 25.251
388 421 83.6077
388 437 41.2558
388 453 91.7668
388 476 25.5093
389 0 82.7788
389 54 69.3503
389 81 67.6891
389 120 17.1887
389 232 39.9549
389 254 21.1187
389 261 2.30028
389 307 73.8924
389 308 110.524
390 42 3.16001
390 109 29.775
390 149 18.7583
390 151 94.3782
390 253 58.364
390 291 78.4826
390 321 15.8217
390 447 62.8191
391 21 56.1479
391 65 78.7873
391 122 4.8005
391 287 32.4443
391 308 112.415
391 343 42.0842
391 474 3.03038
391 483 60.6927
392 1 66.4786
392 16 29.666
392 69 26.419
392 182 104.661
392 221 2.1629
392 223 87.3107
392 234 27.7356
392 256 126.389
392 341 48.0855
393 28 85.4862
393 83 115.584
393 96 32.154
393 123 54.6552
393 202 78.598
393 268 61.4846
394 56 51.9647
394 165 77.7723
394 305 51.7103
394 315 68.1096
394 345 28.8349
394 353 21.929
394 400 22.5436
395 30 57.376
395 46 38.2338
395 91 44.516
395 114 25.2095
395 177 59.662
395 231 67.8083
395 369 83.9409
396 42 2.95932
396 111 33.2518
396 112 6.43489
396 203 59.5735
396 242 100.359
396 282 42.2007
396 430 20.0323
396 442 43.5763
397 93 56.4357
397 152 5.75448
397 170 49.8992
397 177 73.7365
397 184 39.7749
397 185 77.1239
397 216 13.5568
397 292 69.0159
397 334 31.5803
397 357 62.2532
397 436 13.6823
397 465 116.656
397 467 30.9676
398 77 70.3668
398 109 20.1239
398 186 47.3884
398 425 147.996
398 464 18.1263
399 41 36.9346
399 154 21.8735
399 197 66.5917
399 284 28.7338
399 290 34.9185
399 326 32.0804
399 333 32.4699
399 372 53.7033
399 410 136.636
400 180 2
400 190 110.958
400 232 58.4622
400 275 91.9117
400 329 96.9347
400 330 77.4506
400 387 16.9994
400 419 38.9995
401 61 52.5189
401 117 15.7467
401 187 66.3469
401 223 82.2677
401 258 45.7419
401 384 38.8641
401 396 37.6041
401 405 64.1103
401 428 19.8067
401 476 29.2535
402 41 33.9845
402 236 53.0299
402 446 95.4389
402 490 83.9194
403 4 76.7135
403 18 44.5774
403 33 13.4061
403 37 12.0093
403 44 64.6684
403 82 115.194
403 134 29.062
403 146 19.4513
403 318 66.0159
403 445 5.30873
404 130 26.5112
404 169 80.9268
404 266 40.6657
404 392 68.551
405 64 52.6151
405 324 88.6794
405 397 41.9479
405 470 39.2962
406 31 59.8376
406 82 108.327
406 180 2
406 211 4.66371
406 255 13.8529
406 311 27.1082
406 433 17.8507
406 490 72.4302
407 2 76.2302
407 33 14.91
407 147 47.3847
407 185 94.8591
407 204 110.506
407 208 5.07584
407 447 61.9366
408 45 104.827
408 189 29.5856
408 373 31.2393
408 378 51.4499
408 454 7.4412
409 11 61.027
409 138 44.5163
409 144 86.7713
409 151 52.1509
409 187 47.8582
409 250 39.6589
409 260 33.4332
409 278 29.925
409 329 89.4452
409 342 99.226
409 401 34.979
409 406 71.113
409 428 37.0867
409 458 104.162
410 58 74.8973
410 80 84.8492
410 179 2.95844
410 240 79.4513
410 266 39.8342
410 313 71.4499
410 319 72.2334
410 405 80.8231
410 488 76.4354
410 490 45.9026
411 14 75.0606
411 18 14.4921
411 42 3.04071
411 46 47.4438
411 68 52.0747
411 124 36.0379
411 168 28.8461
411 192 45.7553
411 202 47.265
411 290 28.5903
411 296 42.6185
411 378 68.671
411 400 14.5353
411 451 81.1346
411 454 12.1786
411 475 12.5792
412 7 36.4339
412 119 69.0441
412 195 52.1371
412 238 111.342
412 306 31.1783
412 339 80.1847
412 392 50.4008
412 453 105.895
412 463 53.1594
413 18 28.0158
413 58 102.212
413 125 82.808
413 126 57.1884
413 165 57.8602
413 236 65.1017
413 259 41.1359
413 460 24.837
414 50 81.7413
414 130 45.9378
414 368 26.3321
415 57 68.1939
415 89 110.341
415 111 45.3683
415 194 40.8053
415 210 57.0618
415 362 20.144
415 432 73.9347
415 475 36.1219
416 74 18.4271
416 102 105.223
416 174 27.3442
416 227 25.8862
416 254 15.1394
416 316 45.5115
416 371 58.2722
416 405 106.86
416 485 56.4296
416 489 66.2486
417 6 81.3002
417 44 71.8513
417 62 41.7233
417 95 108.04
417 442 99.7229
417 485 31.263
417 490 123.32
417 491 36.0795
418 14 87.9958
418 112 9.96261
418 127 52.5727
418 151 72.565
418 152 4.45727
418 282 51.4765
418 294 73.6624
418 296 60.638
419 53 57.4089
419 144 62.0526
419 242 57.2879
419 276 55.95
419 282 49.9954
419 335 64.0854
419 385 44.6353
419 390 60.9724
419 444 83.9942
420 4 94.4405
420 82 94.8834
420 237 81.2197
420 249 114.781
420 273 79.0295
420 328 80.161
420 371 40.859
420 453 128.694
421 44 51.5279
421 133 26.9979
421 200 32.8059
421 236 75.6563
421 280 32.516
421 289 78.9561
421 318 58.5578
421 325 58.2971
421 411 90.9791
422 123 71.03
422 191 16.6485
422 203 78.4876
422 205 28.558
422 253 60.656
422 299 14.9727
422 345 42.5369
422 408 109.945
422 412 33.3583
422 413 39.0219
422 462 89.5574
422 471 137.389
423 6 64.3761
423 40 43.2195
423 66 76.7937
423 108 64.102
423 115 30.0481
423 137 45.6307
423 176 53.7278
423 177 67.2971
423 207 45.5738
423 397 24.5523
423 487 58.9702
424 111 72.1611
424 189 45.0275
424 237 63.2539
424 296 64.3105
424 312 19.886
424 369 79.423
424 443 8.43344
424 488 97.8964
425 66 54.1242
425 109 18.1452
425 144 55.6316
425 145 15.4596
425 190 95.0422
425 198 76.6329
425 303 43.081
425 316 43.6006
425 383 28.539
425 417 41.5297
425 426 2.16801
426 85 94.7375
426 134 42.0183
426 152 8.23128
426 189 37.0456
426 219 79.6848
426 335 72.7212
426 345 33.594
426 382 64.758
426 455 11.7042
426 490 84.271
427 34 2
427 79 7.47194
427 176 63.479
427 223 69.4809
427 344 33.1165
427 424 37.5795
427 464 29.6233
427 471 88.8532
428 142 122.351
428 155 39.6347
428 257 46.9639
428 395 16.7743
428 424 32.0553
428 486 62.1166
429 22 59.5508
429 82 89.9134
429 132 69.3228
429 146 29.1077
429 184 43.8158
429 228 102.457
429 252 65.4216
429 283 11.2857
429 404 42.5095
429 442 58.2022
430 42 2.71834
430 128 29.3687
430 169 55.9755
430 186 28.215
430 187 64.5302
430 197 65.046
430 242 107.508
430 326 63.3024
430 360 52.6655
430 437 50.3672
431 108 95.9507
431 120 11.6638
431 123 70.5008
431 183 6.71747
431 200 73.0248
431 211 6.17069
431 284 43.6873
431 440 52.9184
431 457 13.7679
432 56 45.0836
432 71 11.2635
432 127 81.9496
432 170 67.7838
432 205 20.5986
432 212 11.0054
432 309 62.2711
432 324 123.447
433 114 19.1732
433 187 48.5779
433 241 16.2666
433 351 67.0368
433 486 48.3596
434 30 80.1613
434 76 5.54543
434 130 48.7326
434 132 93.8922
434 140 111.291
434 151 58.0664
434 196 60.6128
434 248 46.0419
434 466 99.4122
435 108 84.4182
435 172 20.3299
435 333 52.5479
435 352 31.0088
435 369 111.259
435 399 56.0684
435 414 14.6336
436 6 71.3514
436 25 4.37554
436 255 14.217
436 348 18.0607
437 25 4.85423
437 76 5.76497
437 98 104.317
437 128 25.713
437 130 30.6627
437 153 35.8561
437 193 24.746
437 203 81.4667
437 261 2.08522
437 266 28.838
437 296 58.3299
437 361 34.0961
438 21 37.0328
438 74 37.2305
438 113 38.9774
438 121 54.4657
438 132 90.1194
438 160 45.5499
438 170 52.9601
438 194 37.2376
438 204 114.61
438 211 7.19371
438 228 127.846
438 251 41.3257
438 365 63.002
438 489 58.247
439 68 50.4999
439 249 101.8
439 322 49.9736
439 332 38.9212
439 367 63.4983
439 432 44.5225
439 467 47.8865
440 4 81.5778
440 85 65.6338
440 90 96.6079
440 301 47.7118
440 468 30.7021
441 66 141.308
441 117 33.3624
441 206 38.4628
441 223 76.761
441 265 91.9726
442 16 24.7667
442 126 52.4812
442 231 43.5701
442 255 13.5733
442 271 71.6068
442 305 23.7583
442 317 64.1278
442 347 97.0414
442 411 95.1431
443 76 7.09589
443 125 82.0741
443 180 2.03249
443 188 76.3218
443 192 58.5867
443 205 19.3586
443 243 10.3936
443 269 7.2397
444 29 30.6369
444 119 63.0559
444 145 8.47572
444 196 112.622
444 212 17.2544
444 291 69.1223
444 298 27.6437
444 332 36.2274
444 478 74.8852
445 28 73.4558
445 42 2.40432
445 95 118.358
445 217 57.9571
445 285 81.331
445 312 24.8593
445 332 33.9579
445 349 3.49457
446 34 2.30366
446 129 27.29
446 250 59.8239
446 284 28.0862
446 291 76.3466
446 422 87.4084
447 29 39.5349
447 45 73.7078
447 81 92.1534
447 115 26.1232
447 131 5.15883
447 168 62.9675
447 195 87.196
447 220 84.3911
447 307 72.0784
447 336 80.7572
447 416 119.453
447 488 82.4379
448 7 79.1263
448 26 63.7478
448 35 148.723
448 43 19.6966
448 99 75.7604
448 122 5.46396
448 134 36.0557
448 178 49.1763
448 308 76.9572
448 328 67.0758
448 410 105
448 418 11.2537
448 435 19.1347
449 3 66.7501
449 52 25.1986
449 56 34.036
449 97 35.9136
449 108 76.5328
449 118 100.058
449 171 48.3129
449 182 27.3583
449 214 9.66766
449 225 53.2799
449 374 108.164
449 412 49.3834
449 434 14.1556
449 441 42.2483
449 448 74.4386
450 60 4.76383
450 107 36.6324
450 146 38.9428
450 255 11.6467
450 299 13.0088
450 313 81.0101
450 331 73.9618
451 79 7.53386
451 164 44.4416
451 191 26.4108
451 311 28.1484
451 326 69.2079
451 368 19.2708
451 492 74.016
452 56 52.2764
452 369 71.1265
452 415 120.491
452 461 10.9549
453 37 66.1961
453 181 2.15923
453 219 138.921
453 336 82.6944
453 339 79.0803
453 396 27.9922
453 499 61.7788
454 105 20.7193
454 268 59.4568
454 291 66.8372
454 488 65.6805
455 10 5.94899
455 75 6.99462
455 84 22.1999
455 184 38.3808
455 196 99.4584
455 266 30.0746
455 303 34.4055
455 318 81.7216
455 420 51.9907
455 438 31.9493
455 481 60.5638
456 127 60.8309
456 154 38.9912
456 181 2.32422
456 242 70.9447
457 6 67.424
457 15 28.2722
457 22 52.3469
457 34 2
457 45 73.5164
457 55 21.1307
457 183 6.28672
457 283 25.7449
457 331 78.5813
457 355 20.3587
457 416 70.4284
457 425 85.6838
457 441 35.5454
458 67 4.05527
458 72 68.4988
458 87 84.8409
458 92 46.32
458 228 101.699
458 230 60.3309
458 254 14.7029
458 262 55.7318
458 381 28.2626
458 384 46.6021
458 430 30.1954
458 472 63.7137
458 480 3.01407
459 57 66.9546
459 73 25.5177
459 210 31.0776
459 351 23.4043
459 438 30.8259
460 7 54.0996
460 71 15.2278
460 100 47.0273
460 206 55.5182
460 295 30.1183
460 296 54.2169
460 320 81.8832
460 327 61.3893
460 361 46.4194
460 404 83.395
461 51 89.7005
461 92 43.0349
461 129 35.1648
461 140 126.886
461 228 86.2823
461 360 35.2284
461 373 26.814
461 405 107.381
461 423 53.1648
461 486 128.506
462 54 74.4398
462 95 78.4534
462 123 32.7255
462 132 91.9081
462 169 135.152
462 245 78.9819
462 268 61.276
462 323 26.2234
462 365 59.5403
462 372 51.3852
462 420 60.8599
462 440 83.7144
462 454 7.39522
463 2 37.4561
463 61 44.1618
463 158 123.147
463 276 88.2196
463 278 27.8992
463 322 48.151
463 396 30.1297
463 416 56.3669
464 8 76.7907
464 219 56.8616
464 227 24.8993
464 271 69.6362
464 278 36.7132
464 371 56.8188
464 399 47.2735
464 452 78.3508
464 472 50.9405
465 41 26.8931
465 45 48.65
465 81 78.2003
465 133 29.9425
465 266 34.8474
465 390 60.8037
465 399 69.1787
465 421 65.0892
465 429 10.5619
466 46 48.2183
466 67 5.233
466 91 51.1688
466 281 86.5882
466 463 76.2956
466 480 5.92354
467 53 17.6292
467 82 97.5521
467 99 101.024
467 101 29.0729
467 141 23.1392
467 142 52.9881
467 146 35.0654
467 343 35.1368
467 382 49.0191
468 4 78.1083
468 126 57.4752
468 322 54.3855
468 343 43.2543
468 347 78.1877
468 426 2
468 460 24.5181
469 1 96.4061
469 68 41.4715
469 134 31.6693
469 255 16.8743
469 282 82.2457
470 2 57.4839
470 56 31.2205
470 122 5.53469
470 145 9.52165
470 196 110.728
470 223 90.4434
470 288 38.9881
470 312 38.0805
471 8 72.92
471 67 6.10026
471 106 51.7367
471 118 131.783
471 157 55.9655
471 240 104.574
471 261 2
471 395 45.8047
472 59 26.7076
472 62 60.7885
472 71 6.48685
472 257 61.3702
472 300 24.7436
472 447 46.8328
473 73 22.3091
473 91 44.6985
473 121 94.5151
473 141 22.2987
473 145 14.0711
473 296 38.7603
473 324 149.779
473 456 99.3975
473 459 19.2777
473 493 25.095
474 44 49.6968
474 58 92.5271
474 103 40.2018
474 130 34.9018
474 198 61.116
474 305 39.6872
474 448 57.0913
474 474 2.75329
474 484 109.452
474 491 78.2447
475 125 102.117
475 376 61.483
475 428 37.9905
475 453 128.694
476 13 27.8716
476 92 41.4382
476 140 90.7403
476 143 5.76343
476 190 51.0857
476 286 43.4035
476 364 70.4242
476 431 41.0838
477 117 22.9037
477 132 53.7369
477 153 39.5277
478 111 38.7277
478 119 62.2865
478 199 42.2504
478 302 49.6923
479 79 9.98381
479 87 59.1885
479 112 8.34225
479 136 63.0837
479 209 11.237
479 340 19.9074
479 353 24.0233
479 368 20.8857
479 426 2
479 483 76.7719
479 489 55.465
480 44 61.7471
480 55 27.2256
480 268 71.0923
480 488 86.017
481 3 63.306
481 118 99.6185
481 267 14.6861
481 298 40.5703
481 368 31.1425
481 413 42.6186
482 132 87.0066
482 156 17.6942
482 175 63.0647
482 216 16.4304
482 363 102.547
482 399 68.9093
482 401 48.0939
482 434 9.41789
482 478 65.0949
482 490 103.03
483 38 34.3852
483 46 52.6857
483 64 78.2561
483 164 81.5173
483 216 11.6795
483 254 22.7289
483 319 79.1945
483 344 24.9357
483 355 19.5758
483 385 37.5088
483 399 34.3123
484 141 24.5483
484 281 50.1327
484 305 58.1308
484 431 58.6722
484 466 103.839
484 471 103.321
484 497 58.4443
485 51 109.487
485 169 54.2045
485 204 104.715
485 236 88.2027
485 278 28.0299
485 347 89.8088
485 365 65.1697
485 385 33.5367
485 458 107.691
486 486 96.2682
487 9 43.0204
487 33 19.1204
487 35 65.0953
487 90 74.8962
487 128 35.1947
487 267 28.4296
487 321 24.4873
487 331 77.1577
487 390 52.0098
487 408 103.851
488 8 76.5677
488 73 24.9186
488 225 44.192
488 241 28.9125
488 303 46.9748
488 324 129.36
488 387 29.2651
489 97 70.5305
489 292 63.9501
489 387 20.2966
490 38 20.5005
490 46 54.8579
490 77 64.7413
490 375 122.604
490 389 30.6307
491 15 24.3106
491 44 64.5856
491 91 40.3977
491 138 73.8957
491 145 9.11336
491 160 39.3693
491 225 40.4026
491 230 73.8371
491 234 18.6957
491 262 53.0973
491 296 51.6386
491 312 26.6574
491 417 51.7543
491 437 62.4961
491 442 100.962
492 67 6.44611
492 90 104.5
492 120 36.1657
492 150 42.2973
492 240 104.242
492 246 39.5928
492 297 15.7878
492 313 31.9606
492 455 15.8355
492 482 51.6698
493 8 102.238
493 83 32.877
493 134 29.636
493 302 113.306
493 364 93.0611
494 3 41.8571
494 236 87.004
494 258 32.1638
494 265 82.4114
494 325 60.1545
494 379 54.0275
494 389 18.2269
494 430 14.852
494 467 60.7191
495 34 2.06139
495 48 2.05234
495 69 24.8306
495 78 85.2694
495 99 89.7968
495 232 34.9855
495 244 34.5154
495 260 52.1022
495 278 26.0332
495 298 53.1873
495 332 58.1801
495 351 62.0939
495 459 18.5632
496 177 75.6169
496 244 50.5815
496 261 2.31009
496 326 65.5536
496 424 47.3096
497 6 108.929
497 26 50.0374
497 153 33.2482
497 296 47.0693
497 364 82.1084
497 484 41.7417
498 134 33.7334
498 167 22.8861
498 171 25.7356
498 222 10.9585
498 248 48.2013
498 278 28.1797
498 302 81.4922
498 375 107.238
498 391 33.8662
499 451 45.7401
