500 500 4034
0 105 114.94
0 258 25.1895
0 345 7.67923
0 359 39.2092
0 403 86.7585
0 417 28.99
0 434 71.8106
0 459 57.6243
0 495 4.8867
1 20 44.156
1 108 103.286
1 154 20.4445
1 180 85.3274
1 207 24.5378
1 261 47.0848
1 291 19.3823
1 309 44.0317
1 368 7.76687
1 371 16.0166
1 383 65.245
1 434 97.1329
1 476 6.83936
1 482 9.85177
2 22 63.5902
2 77 79.2795
2 218 76.1282
2 325 75.1529
2 349 50.4964
2 402 42.2761
3 143 52.9539
3 262 56.749
3 304 66.9926
3 436 5.81394
4 106 43.1517
4 194 70.6184
4 274 28.8082
4 279 51.8358
4 442 25.3809
4 457 114.263
4 473 29.8491
5 29 57.1337
5 159 72.1117
5 262 93.4423
5 266 108.497
5 353 70.879
5 380 37.6855
5 397 91.9809
5 475 16.7433
6 19 14.5555
6 72 72.7464
6 171 27.3651
6 201 9.96787
6 233 14.3467
6 365 30.0626
6 404 6.71119
7 134 4.74426
7 197 31.6696
7 275 93.7181
7 286 11.2343
7 375 49.6698
7 379 16.7694
7 427 54.5334
7 490 104.37
8 37 22.9588
8 112 97.8418
8 247 57.2866
8 297 37.1786
9 16 3.63396
9 36 6.67671
9 79 32.0236
9 233 7.65317
9 436 5.61935
10 118 8.67526
10 152 35.8153
10 208 6.83913
10 263 21.5169
10 307 104.193
10 380 41.0561
10 429 52.8168
10 438 90.8206
10 454 22.9172
11 204 69.2097
11 257 8.11209
11 274 27.4489
11 278 115.163
11 297 44.7163
11 341 19.0489
11 358 48.6711
11 425 90.5801
11 441 45.0219
12 0 55.382
12 72 95.4095
12 80 36.752
12 92 30.4926
12 125 42.6719
12 139 10.3488
12 236 42.1809
12 269 149.012
12 293 33.4972
12 335 5.17529
12 439 38.3324
12 451 133.296
13 98 55.5228
13 163 57.1692
13 170 66.4429
13 235 72.1805
13 363 57.938
13 478 32.7623
13 482 9.78484
13 492 44.3403
14 36 9.77807
14 78 73.6954
14 80 129.54
14 186 34.935
14 209 78.2278
14 313 57.9286
14 405 75.0875
14 410 66.8909
15 16 4.99188
15 19 32.4791
15 166 91.9407
15 186 26.9999
15 259 63.9465
15 325 65.679
15 342 33.4954
15 351 83.5065
15 371 40.5377
15 378 2
15 495 5.95511
16 40 44.0495
16 147 14.7957
16 165 24.7182
16 172 17.6826
16 196 123.971
16 212 10.1372
16 354 34.8564
16 386 57.8
16 395 29.1659
16 416 59.4773
16 427 99.1581
17 82 18.8339
17 87 63.376
17 163 94.813
17 179 59.8666
17 199 49.8083
17 296 41.0973
17 306 74.8994
17 360 9.26666
17 455 60.0903
18 12 67.4951
18 91 36.7437
18 122 6.55254
18 301 57.3057
19 85 19.7581
19 112 100.273
19 469 13.2231
19 472 73.0979
20 91 34.1956
20 105 100.357
20 146 83.5176
20 161 99.9417
20 181 35.4604
20 239 56.0909
20 355 108.16
20 381 49.7635
20 399 13.8742
20 444 72.7034
20 478 39.7707
21 89 78.3702
21 130 36.5569
21 134 4.12821
21 188 25.9762
21 264 48.9086
21 395 27.2437
21 425 51.868
21 442 25.9679
21 451 105.558
21 481 4.69001
22 112 86.4366
22 173 18.7761
22 176 73.6157
22 353 65.3582
23 64 63.882
23 111 96.7362
23 163 111.377
23 183 6.42802
23 191 56.0219
23 210 69.7546
23 459 80.6687
24 19 24.4276
24 49 5.12479
24 210 70.4891
24 236 59.2634
24 411 76.7495
24 452 45.5872
24 497 44.9036
25 70 14.5884
25 203 79.7935
25 223 57.2276
25 267 6.78119
25 405 80.288
25 450 71.8679
25 495 7.63359
26 108 78.9864
26 167 48.947
26 240 5.13713
26 245 12.5967
26 275 73.9216
26 300 33.8611
26 454 31.3164
26 490 150.21
27 25 26.8149
27 50 15.9204
27 164 34.0448
27 170 69.8316
27 191 72.6179
27 219 95.8087
27 261 49.4207
27 318 33.7108
27 367 57.7497
27 379 38.4616
27 488 35.3046
28 89 96.5879
28 246 43.723
28 295 44.7615
28 301 44.298
28 494 33.0918
29 90 26.6544
29 116 91.8921
29 134 9.76258
29 169 32.22
29 252 41.1076
29 257 16.0284
29 403 69.9658
30 176 66.8293
30 243 10.8065
30 283 88.3912
30 325 71.2218
30 346 48.7133
30 380 43.123
30 414 82.4554
30 419 59.4976
30 435 5.86529
30 439 44.6036
31 152 41.7187
31 185 18.9933
31 219 90.7192
31 359 58.7506
31 382 27.8383
31 410 85.451
31 420 106.378
32 44 109.196
32 109 6.98667
32 155 14.6761
32 156 26.7827
32 178 60.9442
32 223 58.3256
32 331 40.2163
32 406 28.6361
33 12 62.8669
33 237 41.6849
33 390 117.128
34 17 32.8247
34 36 10.1555
34 101 70.6139
34 127 31.3166
34 137 56.5965
34 165 30.6087
34 224 65.2317
34 400 24.0662
34 475 17.1353
35 39 31.5555
35 75 99.9311
35 101 60.7739
35 263 19.3231
35 276 27.8736
35 280 22.3122
35 317 78.0915
35 343 16.7175
35 361 11.2643
35 469 18.5309
36 251 4.43242
36 253 77.8653
36 298 106.446
36 344 85.5527
36 360 12.8187
36 431 18.2331
36 435 6.05338
37 60 44.2961
37 146 98.7899
37 236 31.9356
37 272 63.9468
37 358 62.2388
37 382 27.4566
37 403 96.6356
37 429 26.2613
37 444 27.9462
37 472 71.2466
37 477 53.5872
37 483 26.7501
37 489 9.57831
38 201 11.8604
38 214 114.84
38 283 96.9985
38 368 10.1326
38 415 67.4656
38 435 12.4235
39 65 6.95037
39 84 46.5381
39 196 132.185
39 324 27.0627
39 374 35.188
39 438 35.0095
40 28 81.4162
40 108 66.6351
40 189 83.3859
40 209 106.992
40 368 6.94487
40 370 69.4105
40 492 41.2064
41 118 9.07596
41 168 83.791
41 269 83.0593
41 278 67.4755
41 327 59.0886
41 406 17.9886
41 428 59.9348
41 455 51.405
42 50 21.7386
42 133 38.5751
42 174 89.9098
42 378 2
42 471 66.1067
42 488 48.2533
43 81 67.3452
43 173 58.771
43 308 22.3425
43 333 31.6357
43 347 49.4169
43 417 38.039
43 434 150.274
43 494 36.324
44 28 65.3853
44 340 23.3729
45 94 28.8853
45 108 77.3202
45 149 4.07098
45 397 74.9863
45 425 80.3137
45 487 12.3995
46 25 16.9868
46 65 14.0902
46 108 59.2281
46 170 85.8376
46 188 21.2965
46 210 115.687
46 247 72.8896
46 277 121.553
46 308 24.1578
47 190 47.8438
47 221 26.3397
47 233 12.8259
47 249 29.7324
47 309 15.3794
47 333 52.3758
47 406 27.3488
48 12 78.6703
48 119 83.4114
48 130 26.2598
48 151 38.2832
48 155 29.3298
48 162 20.6503
48 301 49.5279
48 320 17.9739
48 349 84.9448
48 354 42.6939
48 388 112.746
48 390 85.3513
48 430 116.717
48 474 16.0119
48 499 6.95469
49 29 73.7033
49 37 55.1685
49 102 99.7489
49 157 5.63027
49 319 100.138
49 332 34.6989
49 381 68.7938
49 410 89.0149
49 471 92.7467
50 8 38.7884
50 103 65.6307
50 226 55.0187
50 494 39.2723
50 498 85.8913
51 10 62.0014
51 18 6.16866
51 107 68.2011
51 122 7.72429
51 153 103.064
51 209 84.4439
51 227 96.4606
51 252 37.3772
51 285 3.92821
51 471 114.834
51 479 15.4065
51 492 26.5045
52 13 81.4259
52 52 49.096
52 77 65.5226
52 217 6.30138
52 297 48.8877
52 413 10.6205
52 428 84.1757
52 457 118.762
52 471 87.0404
52 483 39.2772
53 2 65.1703
53 6 38.5315
53 160 54.6168
53 190 48.1197
53 191 82.7125
53 352 52.9597
53 384 8.56282
53 471 61.2913
53 495 6.62537
53 496 80.7991
54 44 91.0542
54 62 12.773
54 87 62.2897
54 193 59.314
54 224 71.3339
54 254 41.359
54 306 60.1203
54 324 32.6736
54 368 7.83952
54 373 41.2505
54 375 43.3896
54 377 64.5731
54 401 48.4555
54 493 99.8645
55 148 119.547
56 1 42.4009
56 13 91.6799
56 105 87.5396
56 182 71.2894
56 190 32.3627
56 195 119.896
56 292 6.485
56 346 33.0968
56 365 22.0299
56 384 6.6879
56 414 27.3585
56 442 17.6619
56 464 65.6964
57 7 91.803
57 46 95.6988
57 226 52.3886
57 242 43.909
57 292 9.77211
58 34 99.5564
58 87 52.2857
58 120 63.3391
58 259 62.9326
58 262 69.0706
58 279 47.2665
58 299 38.3316
58 338 61.5032
58 417 47.2925
59 66 117.157
59 93 47.2554
59 258 14.1528
59 296 38.8118
59 360 15.1958
59 483 43.5668
59 494 33.2221
60 6 44.9693
60 71 71.4415
60 289 57.2933
60 302 2
60 393 78.9351
60 455 56.2364
60 465 115.748
60 466 56.9109
61 13 105.406
61 300 17.9804
61 307 105.83
61 333 31.5403
61 349 54.1884
61 452 65.241
62 98 64.024
62 134 7.13476
62 192 57.1496
62 353 75.1824
63 23 42.0461
63 73 60.923
63 119 80.0436
63 184 35.3456
63 238 102.615
63 250 161.005
63 254 78.6887
63 284 32.7031
63 407 79.8506
63 411 93.7176
64 0 72.9506
64 141 78.1768
64 296 46.4326
65 25 35.5037
65 89 64.6663
65 188 21.6604
65 204 41.4481
65 209 40.9114
65 235 54.9332
65 236 17.6741
65 258 18.1631
65 306 49.8722
65 319 87.7563
65 331 30.9575
65 401 44.9598
65 416 66.3755
66 82 21.773
66 155 17.6422
66 258 30.2483
66 265 61.2803
66 274 51.4988
66 366 58.9552
66 439 24.4085
67 139 10.9177
67 194 56.8305
67 393 59.8614
68 36 11.4389
68 77 59.5625
68 207 22.9569
68 224 72.7651
68 232 13.457
68 233 9.46528
68 255 63.5611
68 309 24.1879
68 363 39.0216
68 380 40.1585
68 394 31.3693
68 413 6.20014
68 420 76.2043
68 482 9.90517
68 487 17.9095
69 9 116.423
69 62 10.6551
69 170 38.5276
69 266 117.82
69 276 29.506
69 423 50.2226
70 7 72.7862
70 67 79.9633
70 156 30.335
70 181 36.9131
70 229 2.16861
70 321 103.068
70 336 76.4114
70 390 79.4069
71 22 43.4047
71 43 4.9876
71 102 78.9827
71 124 81.556
71 260 13.6329
71 270 59.0615
71 383 61.9634
72 15 53.302
72 98 81.8862
72 231 37.9836
72 317 66.181
72 318 41.8904
72 356 29.1468
72 497 72.1475
73 46 76.3546
73 150 107.409
73 180 64.5219
73 220 81.9559
73 221 43.2336
73 264 69.4848
73 430 87.9245
73 453 16.9307
73 464 55.7157
73 469 15.3127
74 12 57.2517
74 27 5.88589
74 78 86.1297
74 98 50.5984
74 111 75.1267
75 13 67.4432
75 80 69.2717
75 137 38.0856
75 209 66.6615
75 292 9.21977
75 363 60.292
75 366 57.7341
76 11 86.3156
76 211 62.9509
76 235 69.9956
76 341 18.2962
76 466 50.3623
77 102 107.352
77 194 50.7514
77 222 96.0927
77 294 55.9006
77 448 6.9454
78 1 82.0706
78 141 102.633
78 197 46.1599
78 248 21.0782
78 376 36.8924
78 406 37.7704
78 407 79.2377
78 419 42.961
79 2 90.6097
79 47 144.996
79 50 18.5694
79 65 10.3225
79 149 3.89598
79 156 26.8379
79 178 43.3088
79 195 113.214
79 236 59.2812
79 274 56.48
79 484 18.2465
80 78 90.8877
80 90 32.6703
80 221 28.5961
80 301 56.3908
80 384 11.3006
80 420 84.5859
81 9 83.6508
81 42 25.2354
81 71 89.8743
81 93 40.7064
81 142 52.3647
81 146 84.6913
81 216 63.6065
81 263 16.0318
81 364 67.0576
81 498 62.4144
82 7 86.2013
82 16 4.65472
82 32 50.9682
82 57 50.2012
82 137 56.0288
82 237 27.3564
82 294 46.7525
82 336 102.12
82 367 56.663
83 39 65.4041
83 97 27.6844
83 150 55.6776
83 249 31.4883
83 271 45.4829
83 379 45.6941
83 395 11.7137
83 416 97.5423
83 469 10.4764
84 406 23.3355
84 416 71.1988
84 488 46.1562
85 23 51.1516
85 67 89.0007
85 147 7.98519
85 152 42.1223
85 157 9.53139
85 173 48.7627
85 193 56.8455
85 263 14.8036
85 324 40.5202
85 342 93.2551
85 369 38.7355
85 378 2.07411
85 410 42.6571
85 454 37.0124
86 61 44.5506
86 76 39.9376
86 156 19.9075
86 279 58.509
86 306 57.1877
86 405 76.1702
86 479 23.184
87 23 38.1969
87 101 98.118
87 104 37.1698
87 173 70.0717
87 237 41.3505
87 319 77.1072
87 328 19.4217
87 346 30.0793
87 414 63.0148
88 30 17.851
88 76 33.4805
88 118 10.0762
88 130 29.4609
88 215 31.2029
88 395 22.923
89 83 45.5474
89 132 38.5181
89 138 48.26
89 148 80.7593
89 176 72.5161
89 301 48.3023
89 322 24.6207
89 376 62.46
89 417 36.4003
89 421 7.72839
89 441 35.7247
90 58 22.914
90 106 32.7325
90 124 90.9004
90 164 20.5417
91 35 3.81821
91 128 84.4621
91 162 31.1222
91 244 27.7351
91 275 45.5602
91 294 60.5175
91 344 102.397
91 406 29.7779
91 463 60.8124
91 466 35.5671
92 24 58.5241
92 104 44.7838
92 142 116.098
92 251 3.84372
92 257 16.2827
92 455 66.78
93 100 51.9894
93 127 31.4826
93 290 44.1298
93 308 25.7954
93 331 44.7643
93 349 62.8104
93 374 46.938
93 412 81.1946
93 422 43.047
93 431 12.0903
93 474 19.2078
94 35 3.93517
94 56 123.885
94 113 55.4429
94 217 5.82583
94 257 14.3214
94 293 50.5646
94 303 77.9278
94 381 49.9985
94 393 106.22
94 459 140.274
94 482 10.3235
95 91 49.1578
95 172 12.6734
95 264 56.3162
95 291 18.2504
95 380 14.2772
95 439 36.9972
95 462 76.4437
96 46 83.099
96 94 30.1273
96 322 15.9699
97 94 18.0835
97 190 56.5466
97 289 40.3303
97 290 62.8208
97 291 30.4522
97 326 91.8984
97 392 70.7386
97 406 24.6536
97 426 57.181
97 474 18.4929
98 51 81.8628
98 169 36.8115
98 237 46.5628
98 261 60.2906
98 282 10.6794
98 316 94.2053
98 318 20.657
98 353 46.108
98 358 102.397
98 488 36.3959
99 61 44.0741
99 99 6.6311
99 146 108.843
99 344 63.0162
100 46 97.8158
100 87 52.9362
100 279 28.5079
100 288 14.8606
100 290 45.8601
100 387 34.2955
100 410 95.111
100 479 13.9754
101 16 4.10322
101 126 79.517
101 165 18.4036
101 182 105.47
101 225 40.7812
101 454 25.1081
101 458 32.2525
101 463 33.6863
101 485 46.1995
102 49 6.28691
102 88 95.2126
102 250 159.699
102 253 44.9755
102 359 56.6264
102 415 83.4504
102 438 69.005
103 36 10.7974
103 92 26.5362
103 262 65.8314
103 338 84.1388
103 356 36.6178
103 376 70.8352
103 441 43.9486
104 56 125.105
104 320 18.9786
105 160 58.1704
105 165 24.8502
105 278 81.4998
105 336 97.9961
105 362 87.4939
105 459 64.7953
105 478 40.8854
106 27 3.92397
106 190 37.2659
106 280 21.8512
106 315 23.9996
106 367 61.7814
106 388 92.7571
106 399 10.2969
106 413 10.3418
107 74 143.38
107 108 111.016
107 178 46.5897
107 410 99.3577
107 490 73.1333
108 63 115.144
108 225 27.3136
109 8 62.271
109 129 53.364
109 199 68.0677
109 427 95.2159
109 431 15.7417
109 447 19.7241
109 466 72.9654
110 5 113.262
110 11 52.0855
110 190 22.6278
110 192 50.3949
110 221 27.2475
110 282 42.037
110 334 27.0353
110 430 83.6176
110 453 17.7285
110 494 24.8192
111 327 92.787
111 357 31.4377
111 384 2.6146
111 389 66.37
111 470 13.1985
112 81 79.6555
112 114 9.42996
112 220 79.9502
112 347 48.2723
112 429 56.6773
113 2 85.7262
113 10 43.1676
113 70 30.2474
113 85 26.1334
113 92 28.3479
113 146 89.3484
113 233 15.0591
113 234 11.371
113 249 32.2667
113 268 33.1709
113 299 79.007
113 356 23.393
113 414 83.4116
113 423 32.5058
113 450 45.528
114 142 48.7309
114 258 18.4223
114 295 35.012
114 327 93.5801
115 42 25.1245
115 162 15.5956
115 172 6.75226
115 177 86.1898
115 204 41.5626
115 384 11.8915
115 390 99.7482
115 414 61.5923
115 429 18.2644
116 41 15.7654
116 152 35.1261
116 241 90.4529
116 279 55.3557
116 336 74.8068
116 355 76.3231
116 472 50.0006
117 10 46.9208
117 27 5.34065
117 183 7.43896
117 294 60.1927
117 348 96.716
117 412 50.9865
117 473 31.6389
118 74 92.36
118 115 39.3827
118 158 56.3571
118 195 77.3091
118 225 26.1884
118 280 19.97
118 311 58.9616
118 419 54.0568
119 144 25.2943
119 255 49.5631
119 303 72.6852
119 320 23.562
119 344 103.47
119 407 79.9206
119 432 4.25078
119 473 34.6155
120 21 41.375
120 132 44.4118
120 135 50.5404
120 159 54.9984
120 180 46.1002
120 221 27.2845
120 236 41.8385
120 276 28.1352
120 486 114.501
121 90 9.42798
121 175 40.8757
121 183 8.96367
121 192 108.701
121 309 33.9877
121 342 56.8812
121 388 103.374
121 415 91.695
121 420 86.425
121 429 42.6263
121 431 17.923
122 3 89.1205
122 82 13.9417
122 98 74.7245
122 132 46.8538
122 233 6.21595
122 293 24.8056
122 295 83.4212
122 368 8.34158
122 429 36.5381
122 445 94.0107
122 473 18.9193
123 84 74.6791
123 145 8.41748
123 216 74.2812
123 313 60.502
123 378 2
123 435 5.58325
123 458 35.5288
123 491 95.811
124 192 36.4427
124 296 44.674
124 366 48.1446
124 396 2.06324
124 458 33.889
124 468 22.5939
125 27 5.93231
125 30 20.3462
125 66 140.391
125 71 102.11
125 76 29.595
125 129 50.7298
125 154 17.3316
125 278 89.0426
125 328 9.52081
125 369 39.9617
125 373 62.9419
125 410 80.2934
126 148 59.441
126 201 5.66895
126 237 33.3776
126 445 134.367
126 449 50.1408
127 3 52.5124
127 240 4.85869
127 253 80.884
127 395 35.1738
127 439 63.9784
128 28 86.7021
128 42 31.9993
128 168 79.5086
128 230 36.726
128 278 90.0401
128 286 28.128
128 304 83.808
128 375 35.9605
128 382 30.2315
128 437 30.0908
129 171 26.3103
129 220 59.0341
129 294 52.7886
129 461 21.7653
130 65 14.4615
130 108 60.3659
130 122 7.27054
130 328 15.6245
130 337 119.412
130 437 30.6549
131 38 97.3458
131 114 13.4812
131 122 7.92467
131 155 21.5988
131 189 98.7115
131 262 81.127
131 287 14.5838
131 321 102.88
131 382 24.1491
132 39 55.6032
132 72 59.2047
132 93 52.4803
132 110 26.1007
132 130 44.5751
132 182 113.164
132 205 40.4504
132 262 103.698
132 414 35.2944
132 456 3.36261
132 499 8.07119
133 24 122.683
133 35 3.46379
133 192 41.4667
133 214 98.9605
133 225 35.523
133 227 72.5769
133 246 38.4025
133 358 51.3039
133 378 2
134 28 110.98
134 40 27.0624
134 121 30.2153
134 123 88.6076
134 127 40.0526
134 214 67.0853
134 276 24.453
134 483 31.8644
135 68 53.703
135 99 5.92395
135 189 98.5032
135 212 9.5657
135 244 31.6798
135 256 93.338
135 295 68.2148
135 374 46.6729
135 396 2.14265
135 422 47.9799
135 425 71.8777
135 450 88.504
136 55 20.5349
136 59 87.1468
136 92 23.3275
136 190 43.4745
136 204 65.1183
136 234 7.79889
136 270 110.553
136 300 30.0627
136 310 23.3839
136 325 70.232
136 428 104.407
137 150 106.587
137 160 82.5467
137 187 65.8862
137 203 102.008
137 250 80.5935
137 395 24.6063
137 432 4.31439
138 107 74.83
138 193 19.9279
138 354 39.5092
139 128 47.8826
139 189 47.7091
139 191 74.1827
139 240 5.48519
139 242 25.1874
139 264 34.2667
139 294 25.8633
139 403 79.7579
140 41 13.6009
140 99 7.10925
140 180 63.4305
140 359 65.6987
140 481 4.80121
141 98 59.4604
141 200 62.6576
141 218 132.972
141 253 42.4283
141 257 14.2467
141 338 88.1123
141 372 71.7337
141 376 59.1776
141 427 87.2156
141 463 60.3843
141 468 19.1509
141 488 54.3373
142 153 113.882
142 236 55.7347
142 292 8.16348
142 351 115.561
142 368 7.05508
143 66 70.5753
143 148 92.898
143 158 51.6161
143 210 98.9792
143 231 35.9087
143 260 15.4772
143 408 43.7027
143 417 48.2521
144 62 12.2635
144 176 41.3697
144 187 76.3031
144 278 81.0795
144 326 64.8184
144 441 39.0649
145 126 83.6232
145 132 55.8144
145 150 79.1793
145 198 57.8526
145 260 20.6544
145 312 107.402
145 395 26.2789
145 454 37.1868
145 471 50.5722
146 26 18.4156
146 98 84.543
146 131 47.0657
146 182 94.8501
146 208 7.70817
146 281 91.5385
146 358 72.0571
146 373 30.5791
146 443 49.4019
146 473 22.2544
146 487 18.8955
147 3 55.321
147 10 39.6992
147 46 73.2652
147 102 63.1331
147 136 21.1003
147 191 95.0463
147 256 80.8942
147 305 51.1961
147 376 63.6765
147 479 16.9905
148 73 47.7475
148 172 12.3409
148 232 11.7754
148 238 77.967
148 258 15.558
148 317 43.4038
148 421 3.97663
148 459 73.1387
149 72 69.1112
149 108 89.094
149 156 18.604
149 161 82.9799
149 171 29.248
149 269 72.3274
149 313 101.938
149 469 12.9589
149 499 6.90854
150 91 51.3741
150 120 58.6551
150 141 104.387
150 175 48.3578
150 239 66.8119
150 242 37.6653
150 302 2
150 423 42.9243
150 434 108.248
151 107 69.3141
151 211 64.5957
151 328 22.3634
151 493 80.5829
152 50 21.5319
152 83 54.6379
152 108 80.1063
152 250 92.7552
152 276 22.4473
153 38 71.6077
153 39 54.9896
153 41 22.5467
153 51 74.6444
153 113 55.8661
153 297 45.3198
153 331 46.2144
153 358 69.6306
153 390 69.9571
153 473 37.1909
154 9 133.423
154 190 26.8541
154 220 16.2893
154 243 11.778
154 330 50.1555
154 366 62.6079
155 317 55.6759
155 374 44.4772
155 400 38.1672
155 444 43.3287
155 449 65.3195
155 478 33.2439
156 6 48.6078
156 39 39.6786
156 67 70.5102
156 74 54.4551
156 175 33.0604
156 360 13.4185
157 61 47.0213
157 194 71.8138
157 425 101.56
157 430 91.029
157 449 51.3071
158 31 32.8447
158 75 60.4806
158 81 85.9184
158 103 107.779
158 127 46.8926
158 277 80.8746
158 291 21.233
158 357 32.7102
158 497 78.3144
159 75 40.0604
159 161 121.69
159 216 77.7303
159 231 29.7089
159 349 66.8058
159 360 10.9739
159 438 59.7436
159 479 21.3603
159 481 4.96641
160 44 102.798
160 153 96.3192
160 280 28.1726
160 386 74.0075
160 404 5.86483
161 12 76.3393
161 29 76.1836
161 240 4.13538
161 349 73.0381
161 394 44.3402
161 497 47.2381
162 60 46.4587
162 65 10.6512
162 102 84.104
162 122 9.07756
162 234 10.9131
162 256 117.862
162 363 48.3778
162 373 45.3043
162 410 106.499
162 461 26.249
162 471 78.7154
162 477 44.5798
163 98 77.9216
163 125 29.009
163 143 43.2157
163 169 30.3291
163 304 53.8787
163 305 43.8536
163 361 21.6154
163 362 82.5036
163 466 67.7905
163 475 12.6037
163 496 91.1409
164 3 77.3292
164 71 47.4991
164 86 43.5298
164 141 69.6167
164 254 61.2972
164 295 96.2146
164 341 13.625
164 388 86.089
165 25 21.289
165 27 5.56015
165 28 56.7972
165 68 47.7282
165 127 35.1901
165 213 58.3693
165 226 55.5036
165 415 90.9796
165 480 78.6207
166 37 47.4761
166 150 61.0565
166 220 109.741
166 286 33.7544
166 316 109.828
166 328 22.5339
166 334 35.5619
166 406 25.8063
166 420 76.4833
166 421 8.29048
167 47 149.699
167 54 16.3322
167 104 51.5947
167 141 55.7537
167 142 90.6821
167 243 11.5498
167 256 58.1235
167 301 49.6279
167 315 22.9737
167 329 83.1286
167 344 87.7493
167 358 64.3978
167 363 32.3621
167 482 13.2798
168 8 48.7144
168 227 67.9441
168 323 37.2665
168 406 35.1757
168 492 42.9524
169 8 45.869
169 54 20.7316
169 209 74.9117
169 211 57.3384
169 418 35.8347
169 474 21.9009
170 84 67.9842
170 113 61.7482
170 178 46.0897
170 217 3.5007
170 382 22.1627
171 18 11.7612
171 40 29.9188
171 68 53.6067
171 73 46.1765
171 86 49.8388
171 140 62.3328
171 440 53.4112
172 48 14.412
172 77 91.747
172 164 28.8648
172 193 46.4248
172 307 106.375
172 456 3.04677
173 22 50.9134
173 38 91.1979
173 105 86.4865
173 132 43.228
173 239 65.4182
173 254 73.5649
174 47 118.326
174 77 87.8328
174 138 42.5425
174 141 75.7409
174 156 20.2313
174 181 43.7677
174 240 3.17625
174 260 17.8079
174 316 49.9967
174 394 49.2182
175 1 43.9393
175 32 46.3469
175 57 70.4321
175 78 61.5144
175 83 40.781
175 106 31.1452
175 121 39.2039
175 158 72.2616
175 183 5.07836
175 246 35.6602
175 367 45.8751
175 398 76.9035
176 26 37.3269
176 35 5.70335
176 154 20.2785
176 246 54.8093
176 318 31.6533
176 366 43.3154
176 458 34.57
177 2 50.8626
177 85 35.2084
177 88 116.81
177 98 82.0271
177 244 29.6608
177 278 94.7661
177 446 23.6865
178 16 3.85707
178 24 60.9814
178 170 64.195
178 337 90.4203
178 389 68.7814
178 390 98.3885
178 414 68.0136
178 458 33.7458
179 34 124.673
179 62 11.6932
179 116 126.708
179 151 39.8642
179 201 7.80374
179 249 38.7
179 251 4.0618
179 272 37.6648
179 323 19.2353
179 327 84.5152
180 3 55.2299
180 13 96.3234
180 153 139.624
180 257 18.4776
180 341 23.6774
181 254 60.179
181 260 15.3639
181 312 110.202
181 343 17.6315
181 420 107.602
181 437 33.3357
182 71 68.1666
182 112 98.7505
182 171 23.5393
182 229 2.16406
182 247 92.5061
182 256 70.3729
182 279 44.63
182 311 56.8884
182 331 55.9143
182 383 67.5577
182 385 72.2856
182 495 5.49111
183 19 20.5464
183 20 46.5798
183 109 7.80809
183 115 83.4051
183 126 48.6578
183 492 39.7317
184 30 21.6818
184 36 7.74015
184 136 25.4175
184 437 44.9791
184 498 57.2015
185 142 78.6506
185 225 24.1076
185 226 41.961
185 234 9.69181
185 311 47.9756
185 448 16.7325
185 456 3.29393
185 457 85.7802
185 497 61.6725
186 162 25.0873
186 225 27.1159
186 287 10.1555
186 378 2.00816
186 413 8.52445
186 446 18.0417
186 476 5.63872
187 161 60.4524
187 166 84.5313
187 193 70.3373
187 233 10.3073
187 269 114.773
187 270 94.2956
187 371 32.4435
187 389 39.6164
187 401 75.174
187 412 61.1161
187 451 65.3883
187 478 39.5385
188 13 78.705
188 69 58.9904
188 91 18.2481
188 146 106.882
188 160 48.7771
188 243 10.4232
188 292 9.89071
188 383 103.32
188 387 40.5915
188 404 4.05068
188 411 72.1292
188 422 39.3906
188 424 109.664
189 90 22.8128
189 92 26.3451
189 189 87.965
189 299 62.5157
189 432 4.33781
189 486 60.7395
190 68 62.7503
190 152 43.9964
190 155 19.3126
190 193 79.8449
190 227 87.4482
190 244 27.9203
190 250 48.5264
190 314 36.3324
190 332 46.8369
191 58 19.0175
191 80 89.0084
191 149 4.73682
191 286 17.9728
191 381 44.6472
191 429 29.8077
191 481 4.77118
192 14 33.3311
192 42 24.771
192 98 89.0781
192 170 83.7906
192 173 32.0286
192 225 32.4196
192 235 63.3518
192 301 47.437
192 350 37.2651
192 378 2.45521
192 387 44.3935
192 409 30.5408
192 434 97.2648
192 440 68.0613
192 473 26.9755
192 480 88.9736
193 5 84.4626
193 56 64.3013
193 64 71.9503
193 112 89.1746
193 139 11.5723
193 210 96.6233
193 240 6.25519
193 372 39.9571
193 425 97.1078
193 457 100.595
194 88 93.685
194 134 7.54688
194 140 56.5096
194 228 55.0624
194 243 12.3759
194 321 101.61
194 386 81.5829
194 417 41.239
194 469 16.1759
195 79 50.3952
195 87 55.3289
195 139 12.4489
195 141 90.8735
195 279 40.4003
195 289 83.4923
195 308 25.0968
195 436 7.26028
196 165 32.9829
196 235 74.5151
196 259 43.6113
196 294 34.4752
196 384 12.7543
196 401 72.4731
196 421 10.8379
196 428 97.0299
197 63 94.9937
197 123 127.052
197 225 39.8758
197 266 97.6443
197 289 32.9221
197 344 79.4939
197 350 74.3193
197 394 41.9677
197 406 26.7524
198 82 24.1859
198 196 117.2
198 207 21.2712
198 224 89.4342
198 377 58.377
198 392 68.4947
199 38 50.0132
199 78 82.4666
199 98 88.6521
199 143 48.5644
199 200 54.7529
199 205 57.5383
199 278 86.6147
199 300 20.9113
199 389 43.0313
199 441 50.9055
199 446 18.8698
199 466 77.9016
200 26 52.4669
200 38 41.8826
200 238 77.7969
200 248 15.6059
200 261 56.3139
200 401 53.1301
200 439 50.4062
200 444 51.6315
200 468 25.642
200 470 16.6643
201 168 77.1105
201 183 7.431
201 348 70.7945
202 8 12.8483
202 228 49.7304
202 258 24.0776
202 337 81.4608
202 391 93.5544
202 495 5.63608
203 2 73.9075
203 36 7.62025
203 39 69.3505
203 51 70.8992
203 165 25.5013
203 243 14.2673
203 251 4.49571
203 256 54.6563
203 352 42.308
203 424 78.5295
204 196 88.0072
204 306 59.3642
204 348 66.5571
204 429 61.1324
205 47 88.3308
205 91 31.2235
205 178 57.726
205 221 27.3521
205 250 81.6867
205 290 79.0407
205 326 70.8579
205 430 84.248
205 490 127.534
206 35 6.20442
206 50 17.2104
206 65 11.5432
206 68 51.3505
206 144 37.5852
206 146 164.123
206 150 96.3379
206 183 8.4193
206 222 68.8621
206 275 101.098
206 332 29.9122
206 349 58.171
206 481 3.24246
207 13 63.2458
207 111 54.4975
207 135 84.0491
207 164 21.8353
207 173 34.7018
207 189 70.2639
207 316 51.901
207 328 26.3941
207 433 52.5772
207 445 96.687
208 18 8.87285
208 185 19.7154
208 203 30.3904
208 207 20.3015
208 338 153.521
208 420 90.5469
208 424 73.0379
208 449 40.3319
209 18 12.7955
209 47 67.4544
209 59 82.4252
209 62 15.0817
209 141 90.4904
209 314 30.3695
209 332 39.4397
209 334 24.7253
209 340 13.5336
209 493 74.3991
210 7 73.3598
210 83 56.0025
210 156 4.1987
210 204 73.8144
210 240 5.33137
210 242 41.2682
210 243 5.49261
210 246 33.773
210 283 75.2754
212 92 30.4763
212 260 13.6396
212 357 24.5154
213 30 18.7393
213 37 42.3409
213 82 27.108
213 143 52.9966
213 258 20.65
213 319 95.6774
213 375 39.0254
214 131 48.2039
214 143 36.7129
214 192 84.8186
214 212 8.42768
214 223 50.9109
214 375 56.1918
214 407 53.5232
215 3 72.2582
215 23 33.6971
215 116 79.0916
215 208 8.56949
215 312 106.709
215 454 47.1859
216 188 29.5231
216 196 62.1926
216 223 41.8208
216 437 22.6985
216 464 55.3404
217 17 37.3192
217 28 90.6197
217 97 17.4465
217 163 70.6517
217 193 55.5855
217 306 54.7052
217 309 27.1574
217 379 16.8665
217 398 104.248
217 401 47.4373
217 408 37.5691
217 450 63.2889
217 472 54.041
217 489 14.2543
218 52 56.9978
218 189 60.3377
218 206 17.5615
218 223 46.4264
218 225 35.4195
218 278 71.4279
218 339 16.8473
218 387 29.2848
218 396 2
218 397 133.496
218 489 20.8867
219 111 112.508
219 123 93.6317
219 149 2.71289
219 185 11.4489
219 230 38.6995
219 244 20.3188
219 303 26.9437
219 314 36.9705
219 364 78.7074
219 371 33.524
219 393 59.634
219 395 17.3837
220 18 11.5163
220 44 85.3755
220 85 15.0933
220 112 122.275
220 149 4.15255
220 263 34.5316
220 273 11.6831
220 287 12.1951
220 319 100.055
220 344 81.2685
220 380 26.3442
220 384 9.19996
220 407 60.6874
220 409 39.4194
220 483 48.5307
221 123 69.6519
221 176 84.7674
221 401 92.2818
221 467 64.2414
221 498 70.7513
222 9 69.1484
222 71 82.4811
222 87 37.7797
222 267 14.1497
222 343 20.9166
222 372 52.6654
222 434 102.759
223 96 55.9329
223 174 94.1344
223 247 66.2654
223 249 33.2427
223 269 83.1451
223 291 28.6515
223 328 13.2014
223 401 53.8759
223 410 88.0485
223 438 65.7526
223 454 31.0872
223 458 31.1714
223 497 87.1999
224 130 49.3672
224 302 2
224 355 97.7148
224 418 20.4598
224 442 18.3292
225 45 101.638
225 119 74.4615
225 163 133.226
225 220 58.3871
225 317 49.8118
225 354 29.8209
225 405 63.8718
225 410 60.0061
226 14 68.3034
226 17 36.3451
226 114 13.422
226 158 70.25
226 161 54.2736
226 320 29.0934
226 324 51.5146
226 376 43.6689
226 377 79.5705
227 69 66.4517
227 115 60.6903
227 292 10.0172
228 61 44.0452
228 146 121.499
228 155 29.9232
228 176 57.6483
228 200 49.9726
228 265 116.653
228 383 42.1712
228 406 29.0382
228 412 46.6118
228 478 32.1082
229 75 65.6204
229 90 22.9796
229 157 7.28201
229 219 112.639
229 420 45.0616
229 471 91.4978
229 475 15.3181
230 20 28.4394
230 51 51.0986
230 162 24.9999
230 349 62.4909
230 358 70.3504
230 451 83.5192
231 123 54.163
231 137 41.3077
231 198 50.0763
231 300 23.9485
231 366 42.379
231 448 13.1734
231 469 11.8326
231 498 45.0239
232 186 28.8086
232 260 9.90683
232 298 86.6586
232 355 89.8464
232 391 95.9079
232 422 54.4429
232 445 102.426
233 386 61.3143
233 455 43.4851
234 73 63.1651
234 91 30.5319
234 221 31.5991
234 273 8.26037
234 322 14.9938
234 339 20.0547
234 384 9.56814
234 438 61.0366
234 482 13.4719
235 39 45.0903
235 258 25.8511
235 299 44.5803
235 357 29.3653
235 421 14.8043
235 425 113.286
236 63 110.635
236 183 5.76782
236 218 116.427
236 252 51.5281
236 270 68.3148
236 348 67.6094
236 424 95.6695
236 489 13.5554
236 496 98.0575
237 47 108.158
237 55 11.9759
237 184 28.6521
237 191 79.7519
237 248 14.7141
237 397 96.8485
237 400 25.7387
237 470 9.38896
238 58 33.4208
238 73 33.4722
238 104 37.7583
238 108 21.4717
238 111 85.0229
238 174 60.7783
238 292 9.80943
238 367 45.2759
238 421 14.0528
238 449 42.7235
238 458 35.6282
238 484 15.5109
239 23 46.3975
239 85 19.9325
239 109 12.493
239 141 86.2017
239 157 6.00091
239 301 60.9149
239 312 92.6008
239 328 13.487
239 405 40.4799
239 429 45.0666
239 456 2.52078
239 489 18.0773
239 499 6.64417
240 25 12.2701
240 35 4.06145
240 61 61.2042
240 82 20.8259
240 100 96.926
240 146 83.4967
240 155 29.1685
240 219 91.3728
240 300 47.5967
240 314 27.552
240 333 54.2874
240 341 24.6317
240 374 48.2292
240 456 3.26302
240 469 15.5397
241 84 43.6823
241 126 77.2313
241 132 17.2341
241 195 106.688
241 210 78.15
241 283 128.968
241 300 15.7953
241 323 25.8036
241 326 77.4556
241 340 19.9168
241 367 49.0154
241 369 44.9731
241 426 77.4017
241 473 19.2478
242 86 44.4425
242 117 78.2672
242 138 68.6636
242 219 65.1164
242 304 48.9084
242 380 27.9117
242 411 78.3376
243 108 67.4603
243 124 83.1745
243 125 26.0936
243 134 9.38031
243 175 44.0448
243 203 87.54
243 241 58.4231
243 248 23.7341
243 355 86.0699
243 360 11.0339
243 419 68.8919
243 487 7.49474
244 1 52.5295
244 107 94.4607
244 131 40.6049
244 158 54.4101
244 166 79.3972
244 206 17.7968
244 308 24.0882
244 321 85.7287
244 329 61.7634
244 426 62.3097
244 464 48.9844
244 499 6.12583
245 52 49.8354
245 68 50.4642
245 71 88.4324
245 120 56.3196
245 188 19.2554
245 200 57.7455
245 212 10.089
245 253 68.3732
245 266 107.517
245 316 53.1302
245 354 37.2222
245 358 48.163
245 415 102.645
245 416 81.5297
245 454 23.9602
245 466 55.6297
245 470 12.9995
246 131 42.1594
246 281 49.5392
246 328 13.8701
246 389 38.3929
246 482 12.4075
247 105 91.4992
247 145 10.6708
247 156 24.0235
247 274 28.5143
247 466 55.1341
248 37 28.7701
248 44 74.7343
248 102 80.9937
248 124 127.218
248 157 5.45877
248 417 46.0006
248 435 7.29781
248 482 7.94572
249 104 53.5059
249 114 28.0357
249 148 45.6479
249 182 99.7315
249 279 37.4635
249 280 33.225
249 307 59.9812
249 322 18.0996
249 495 8.15549
250 10 34.6387
250 111 114.683
250 164 31.3884
250 213 78.3124
250 256 90.6136
250 281 82.4927
250 319 66.4159
250 416 68.5943
250 450 82.0322
251 9 103.474
251 131 43.2484
251 160 40.6558
251 161 71.7153
251 188 19.4747
251 189 126.109
251 223 70.7708
251 299 79.3386
251 303 90.4974
251 311 75.8631
251 339 23.0012
251 378 2.28895
251 392 47.3864
251 462 112.708
252 22 64.4664
252 28 86.2586
252 34 95.8602
252 348 62.3973
253 3 62.8755
253 92 35.5543
253 153 120.778
253 159 57.2738
253 193 47.1863
253 211 34.7534
253 324 39.4257
253 337 71.8592
253 364 39.6032
253 389 37.7835
253 451 107.228
254 27 6.0853
254 76 49.6158
254 177 53.8471
254 195 81.6153
254 225 34.137
254 353 61.7969
254 404 6.07569
254 451 125.203
254 452 63.9303
254 490 110.486
254 498 53.5027
255 117 83.5204
255 147 13.0188
255 169 27.7764
255 321 79.4577
255 408 44.7064
255 414 65.7476
255 466 51.1275
255 468 15.4111
255 482 10.6731
256 7 62.9199
256 8 26.3823
256 19 26.7892
256 23 48.6483
256 44 56.3917
256 51 83.0118
256 80 69.2945
256 218 54.593
256 356 25.1219
256 447 14.1564
257 53 107.885
257 89 55.5912
257 90 36.9413
257 140 48.7726
257 216 87.2628
257 228 66.5006
257 284 41.7852
257 321 88.291
257 335 3.93458
257 366 23.6072
257 382 40.4215
257 383 83.2575
258 12 94.2638
258 14 69.9789
258 67 99.2835
258 91 33.3731
258 108 76.7079
258 182 67.2229
258 201 11.5745
258 315 23.1904
258 351 79.7758
258 357 38.0298
258 377 111.176
258 379 20.3363
258 392 59.2132
258 420 122.965
259 19 23.013
259 124 72.7982
259 131 31.1831
259 134 6.03194
259 144 29.1269
259 150 30.7034
259 237 38.3198
259 347 35.5859
259 413 10.8169
259 443 56.1715
259 477 46.2919
260 17 47.6028
260 76 46.2276
260 120 39.1233
260 215 48.8513
260 227 112.189
260 275 82.1707
260 364 82.2292
260 482 13.9029
260 488 40.9557
261 30 30.8511
261 55 26.4355
261 59 94.4214
261 68 34.5538
261 250 65.6824
261 377 57.6349
262 66 104.347
262 70 26.4455
262 104 27.8522
262 123 88.1216
262 213 56.3843
262 217 8.9963
262 313 72.5249
262 355 92.6551
262 451 55.37
262 464 42.1027
262 474 19.1526
262 479 15.1426
263 83 40.203
263 104 48.9831
263 172 18.0897
263 275 93.2426
263 290 37.5574
263 332 37.0821
263 361 13.1527
263 438 55.3271
264 38 60.89
264 290 86.3622
264 295 73.9553
264 296 42.9704
264 329 101.563
264 340 15.4262
265 25 23.787
265 63 84.922
265 89 105.911
265 118 6.52433
265 151 30.5938
265 176 34.8571
265 182 93.0275
265 220 116.288
265 234 10.5003
265 278 66.9062
265 451 133.129
266 69 67.025
266 113 39.6227
266 192 59.1345
266 207 21.0391
266 216 88.1907
266 355 103.763
266 392 66.1479
266 395 28.0598
267 2 87.2163
267 12 88.4481
267 21 42.0286
267 197 47.1099
267 221 40.3956
267 245 9.20786
267 256 96.9098
267 258 18.3778
267 311 41.9446
267 318 14.6367
267 450 106.968
267 490 150.511
267 494 25.8722
268 35 5.79441
268 112 91.8418
268 165 27.7192
268 172 15.7203
268 328 14.2805
268 363 48.9685
268 403 74.2435
269 25 19.4435
269 71 85.0376
269 74 70.2929
269 108 128.789
269 165 30.2319
269 328 17.5524
269 353 30.5102
269 443 26.9292
269 487 22.8725
270 124 86.7958
270 147 12.637
270 170 62.0206
270 240 6.48301
270 350 40.4792
270 387 47.4176
270 474 18.2549
271 118 6.94132
271 121 31.2779
272 10 57.2341
272 60 37.9217
272 251 3.89923
272 257 20.1684
272 274 43.3381
272 358 58.7653
272 430 129.643
273 41 21.143
273 47 46.9506
273 98 94.7524
273 137 47.3794
273 145 13.6979
273 288 12.7391
273 295 60.6607
273 296 59.0315
274 14 69.4928
274 33 26.3496
274 120 52.8836
274 141 102.854
274 203 116.778
274 371 23.5802
274 467 66.3384
275 255 44.0168
275 307 97.2549
275 322 15.0623
275 343 12.974
275 436 7.13871
276 28 93.7636
276 38 79.2248
276 39 41.1135
276 97 31.9884
276 178 32.4935
276 194 87.4691
276 336 105.396
276 343 19.602
276 394 48.1859
276 409 40.0223
277 243 10.6577
277 255 59.7813
277 275 85.5445
277 278 68.0301
277 393 97.4847
277 488 64.1224
278 100 77.0302
278 207 18.3601
278 219 107.371
278 248 18.152
278 266 124.164
278 329 74.2405
278 406 27.5556
278 429 50.2915
279 16 5.06818
279 160 69.8226
279 221 30.3045
279 263 18.8513
279 324 42.8556
279 368 10.554
279 454 38.1558
279 473 17.6913
280 8 39.3082
280 83 35.4579
280 225 15.7511
280 284 32.4196
280 286 42.595
280 335 2.43621
280 362 113.256
280 416 40.5344
280 424 68.3901
280 429 53.2997
280 448 12.7223
280 449 56.9992
280 490 61.3802
281 81 85.5264
281 85 31.0512
281 184 37.9425
281 296 41.2673
281 369 33.0501
281 384 8.77816
281 442 22.7747
281 468 23.5896
282 47 131.274
282 162 17.4368
282 170 82.7163
282 192 63.9276
282 208 7.27813
282 314 25.2637
282 326 72.4944
282 329 39.7833
282 369 30.6202
282 373 40.5299
282 389 51.1586
282 405 92.2248
282 435 9.65908
282 493 126.662
283 159 86.7556
283 167 45.7008
283 229 2.28915
283 313 54.5995
283 352 45.3931
283 480 87.1883
284 83 50.7371
284 142 102.64
284 197 38.4917
284 306 63.4979
284 324 48.2799
284 387 40.4849
284 399 5.51765
285 25 35.1071
285 112 105.056
285 116 73.8609
285 118 7.59403
285 210 85.6449
285 238 66.0165
285 287 10.1609
285 322 14.5604
285 346 31.903
285 447 24.4189
285 454 42.3336
285 492 32.8287
286 57 51.4876
286 119 70.3862
286 131 51.9794
286 165 25.7596
286 232 8.31898
286 241 44.3107
286 291 29.7252
286 299 63.9575
286 338 86.0099
286 437 41.5228
287 0 49.2961
287 4 50.1112
287 43 8.87064
287 62 18.9596
287 258 17.7526
287 270 36.0426
287 303 86.2855
287 310 40.4534
287 344 89.7757
287 376 65.0678
288 20 49.1942
288 91 35.7322
288 126 63.5456
288 130 44.1033
288 201 9.59712
288 267 16.511
288 281 74.5241
288 380 34.2371
288 440 63.694
288 493 80.0135
289 11 40.1503
289 213 61.0902
289 229 2
289 441 50.5733
289 468 32.5057
290 51 106.703
290 82 17.3624
290 180 107.695
290 377 62.944
290 470 12.325
291 31 30.1797
291 153 72.5794
291 232 11.0246
291 293 43.0156
291 300 21.88
291 335 4.4617
292 104 28.059
292 136 16.2982
292 165 29.1291
292 169 36.8498
292 188 11.2444
292 420 65.2163
293 78 74.2211
293 89 98.2448
293 113 64.9855
293 178 42.8198
293 193 66.5916
293 339 26.3553
293 351 112.01
293 355 75.6417
293 442 15.9896
293 489 14.4447
294 27 6.18174
294 88 90.3744
294 177 43.0327
294 195 126.113
294 263 37.1337
294 273 8.35609
294 306 41.1337
294 309 33.7587
294 419 24.5484
295 27 6.01717
295 81 120.125
295 105 104.092
295 218 98.8889
295 273 14.8294
295 304 60.49
295 402 37.8581
295 496 55.9652
296 93 43.6398
296 123 56.9627
296 187 66.3504
296 206 23.3384
296 270 84.8276
297 125 38.4165
297 152 31.3887
297 170 82.2315
297 184 42.3848
297 236 65.3121
297 280 15.5455
297 338 53.3445
297 348 44.8369
298 11 71.4208
298 130 46.0225
298 148 114.065
298 289 32.8701
298 358 69.9563
298 393 79.2872
298 445 69.1075
298 462 106.345
299 135 84.7513
299 234 16.4671
299 259 53.8656
299 365 30.0756
299 391 84.2393
299 407 70.1558
299 414 75.6553
300 114 20.7955
300 120 57.4867
300 152 37.1581
300 161 45.9788
300 252 58.157
300 302 2
300 376 56.6204
300 494 29.924
301 79 60.388
301 80 91.3876
301 263 25.1912
301 356 39.1872
302 153 57.5075
302 168 76.9302
302 207 16.2726
302 254 59.9047
302 271 25.0796
302 341 14.8153
302 373 38.2743
302 446 28.1649
303 23 39.2778
303 48 15.8773
303 143 39.7576
303 230 22.8437
303 242 39.2773
303 376 46.8627
303 441 86.1977
303 460 42.9557
303 470 14.4823
304 76 34.2396
304 123 68.505
304 128 52.4656
304 147 13.7045
304 160 48.7298
304 175 41.3791
304 201 13.7825
304 220 122.558
304 249 23.1001
304 280 17.6022
304 389 34.0312
304 413 13.8543
304 494 30.0171
305 69 76.7901
305 91 41.397
305 242 29.9159
305 291 32.3433
305 324 51.361
305 357 25.8304
305 412 87.4544
305 457 140.461
306 83 36.5482
306 88 82.9727
306 102 84.4223
306 136 23.3792
306 308 36.1324
306 463 28.7513
306 465 141.092
307 105 50.7919
307 183 7.11007
307 228 63.2605
307 291 23.8025
307 320 21.2372
307 428 75.5061
307 447 12.4751
307 453 14.8932
308 148 120.921
308 163 96.2897
308 284 15.5472
308 296 31.9638
308 382 21.9157
308 462 90.469
309 46 96.2785
309 57 57.4358
309 82 18.3618
309 106 39.2032
309 232 9.01459
309 254 81.0962
309 269 76.315
309 314 41.3538
309 468 33.4429
310 154 24.307
310 172 11.675
310 180 47.7216
310 221 25.7558
310 252 41.9993
310 465 113.766
311 7 75.357
311 14 81.9596
311 113 43.5653
311 166 56.579
311 247 95.8073
311 308 30.2484
311 317 68.0036
311 419 46.4181
312 2 76.2594
312 55 22.4372
312 61 41.0589
312 105 86.7647
312 164 36.6712
312 185 17.3822
312 285 3.77908
312 294 67.5642
312 334 33.2346
313 105 62.755
313 285 3.17209
313 343 16.535
313 417 32.287
313 433 36.3761
313 436 2.65176
313 445 61.9772
314 7 76.0494
314 115 54.0893
314 277 83.7762
314 284 18.3266
314 292 12.0126
314 480 90.6097
314 493 94.2091
315 128 38.7391
315 184 42.4372
315 295 75.8262
315 411 77.2026
315 435 7.58532
315 476 7.12533
316 20 52.3447
316 173 66.6945
316 191 81.5602
316 260 8.6892
316 269 94.6638
316 282 33.4656
316 306 67.5357
316 342 62.5754
316 415 112.707
316 420 96.7508
316 463 50.2314
316 469 15.7638
316 478 28.7853
317 27 5.81361
317 86 73.7824
317 202 95.4917
317 247 39.0028
317 325 69.1674
317 351 107.424
317 384 11.755
317 395 12.6574
318 13 99.2138
318 15 70.5457
318 43 6.30822
318 200 65.5128
318 406 28.4612
318 419 82.0792
319 107 91.3397
319 291 25.944
319 400 43.9904
319 449 35.6315
319 476 4.63851
320 7 69.2598
320 94 24.4199
320 122 10.0417
320 222 41.8572
320 290 58.131
320 300 26.3275
320 335 3.95777
320 399 7.764
320 474 20.6089
321 106 30.1025
321 107 98.0441
321 159 123.902
321 211 71.6755
321 231 25.4151
321 260 14.0456
321 319 109.354
321 352 37.2376
321 387 60.6511
321 402 29.1912
322 5 111.314
322 20 24.4166
322 23 57.7717
322 75 83.9611
322 102 94.4511
322 113 50.2589
322 145 9.37861
322 157 6.08926
322 174 64.7671
322 181 30.2488
322 186 42.4309
322 220 83.4252
322 398 83.5893
323 262 111.495
323 284 25.2465
323 322 20.2563
323 344 99.8717
323 439 32.0561
323 461 29.0346
323 473 40.9689
323 480 100.396
323 494 20.5236
324 42 29.7344
324 96 46.9538
324 160 90.5542
324 325 61.9917
324 334 33.989
324 410 70.224
324 417 45.9604
324 422 46.9007
324 436 4.17239
325 8 31.544
325 108 118.368
325 225 24.6478
325 229 2.03751
325 386 73.5618
325 436 2.50975
325 452 29.751
326 10 31.2809
326 259 65.8509
326 300 53.3461
327 35 5.06882
327 47 68.4592
327 270 93.6193
327 327 72.7892
327 352 45.8995
327 363 58.2042
327 395 36.3324
327 397 90.6149
327 452 54.88
327 482 7.45065
328 20 49.2786
328 35 4.46559
328 182 88.0897
328 277 85.1787
328 362 144.603
328 397 85.28
328 423 54.4435
329 33 15.0989
329 96 40.651
329 166 80.6336
329 203 96.3366
329 352 67.803
329 410 97.6049
329 432 3.52484
330 62 8.70484
330 120 42.0125
330 189 71.3048
330 206 19.7281
330 253 63.5906
330 275 59.9528
330 282 35.8231
330 317 56.5199
330 332 37.0959
330 374 45.7072
330 397 78.9664
330 405 60.6798
331 3 83.8828
331 91 21.2902
331 130 31.8809
331 174 56.9075
331 181 41.0938
331 182 77.5207
331 204 64.3559
331 210 89.7951
331 270 42.9791
331 294 55.3834
331 451 90.2606
331 463 35.7679
332 68 62.8696
332 131 51.926
332 276 19.2509
332 303 81.1102
332 325 79.2288
332 343 20.2839
332 354 34.6892
332 396 2.24453
332 428 99.3614
333 5 89.3832
333 119 78.1563
333 192 63.7122
333 245 18.5207
333 254 67.9837
333 384 5.78076
333 398 66.4697
333 439 52.1415
333 482 10.2388
334 187 53.2105
334 236 41.0939
334 263 32.2505
334 278 84.4943
334 367 33.8392
334 404 3.81231
334 478 31.7799
334 495 6.55175
335 11 85.4151
335 12 77.1233
335 34 97.4995
335 42 32.3683
335 151 63.0711
335 283 36.4071
335 307 116.262
335 375 38.2697
335 438 79.1983
335 440 38.9472
335 480 63.1239
336 4 57.7383
336 188 24.7861
336 246 53.8881
336 450 87.2881
337 37 47.4152
337 145 14.3267
337 282 33.3125
337 314 56.9973
337 315 13.9428
337 327 65.5644
337 456 2.69669
338 7 43.4863
338 28 54.4638
338 66 79.9911
338 148 80.2476
338 166 74.0705
338 170 74.7482
338 333 58.2839
338 356 24.0655
338 368 12.0516
339 30 22.4628
339 43 6.61291
339 48 14.356
339 61 61.9749
339 98 52.0103
339 162 31.4798
339 182 82.4598
339 224 126.921
339 268 32.341
339 301 79.8576
339 380 35.8989
339 419 46.7563
339 498 71.6568
340 33 25.6137
340 68 34.2422
340 355 45.5192
340 357 27.5895
340 441 59.1124
340 446 31.1269
341 30 30.9084
341 38 53.0004
341 48 25.1898
341 101 81.6882
341 106 24.3283
341 199 78.9005
341 329 103.103
341 372 33.0015
341 402 34.5096
341 408 51.5153
342 26 57.9855
342 48 17.6234
342 236 63.3763
342 402 41.2748
342 449 53.5164
343 62 11.064
343 65 17.9807
343 109 8.93045
343 239 47.9607
343 246 46.9852
343 339 11.8258
344 73 55.234
344 247 82.352
344 351 108.788
344 478 33.1265
345 82 14.4252
345 123 91.4357
345 164 29.1587
345 227 68.7914
345 247 105.966
345 258 17.3091
345 322 21.6229
345 392 50.2077
345 403 125.529
345 438 56.6494
345 450 47.4494
345 476 8.58907
346 46 86.9737
346 189 108.385
346 198 63.4029
346 411 61.6589
346 442 23.1132
346 458 25.0071
346 487 26.5409
346 498 64.1118
347 20 25.9901
347 22 81.9066
347 46 81.2629
347 64 40.5381
347 76 30.482
347 181 18.2168
347 198 58.1063
347 214 119.564
347 260 17.8366
347 269 85.0973
347 373 58.8378
348 104 42.0901
348 180 83.1506
348 191 99.7764
348 258 33.2279
348 288 16.9773
348 290 72.6938
348 380 43.7693
348 409 23.8893
348 421 9.81247
348 440 39.8947
348 469 15.6317
349 53 59.4258
349 98 84.1074
349 115 49.0109
349 135 84.084
349 150 29.8536
349 155 14.9581
349 163 85.0141
349 239 69.014
349 248 23.8814
349 312 116.008
349 468 18.2834
350 1 59.1715
350 46 87.3886
350 64 55.3773
350 65 13.9506
350 119 61.2475
350 128 76.4226
350 145 7.44627
350 204 75.2342
350 206 20.7014
350 269 109.537
350 287 11.1531
350 299 84.1532
350 302 2
350 317 70.3417
350 479 23.511
351 217 6.24471
351 291 35.0088
351 295 84.769
351 324 44.4356
351 455 49.0835
351 477 26.5998
351 489 13.3917
352 17 42.0114
352 33 19.9269
352 199 30.6803
352 256 74.8174
352 264 71.3113
352 288 16.2986
352 422 53.3349
352 443 33.9314
352 444 33.0135
353 131 26.7534
353 142 142.638
353 161 64.6443
353 179 35.4969
353 282 40.0282
353 301 63.4622
353 321 99.8304
353 322 21.7484
353 350 62.9966
353 364 59.5205
354 96 68.7841
354 373 24.9334
354 389 55.2808
355 1 91.2174
355 65 10.0741
355 272 58.3408
355 286 44.3995
355 448 18.0079
356 106 48.1962
356 150 9.7696
356 357 37.4904
356 448 14.2899
357 5 94.1993
357 117 41.1564
357 125 35.7433
357 206 24.6919
357 218 93.3826
357 234 15.3035
357 319 90.5258
357 323 41.5039
357 349 37.9182
357 475 15.6491
358 63 132.619
358 96 50.3761
358 147 7.4629
358 181 27.3108
358 288 15.8852
358 303 68.7085
358 316 47.7319
358 394 15.5232
358 440 79.1268
359 38 94.5103
359 112 69.7266
359 124 67.5611
359 127 26.8524
359 165 19.1315
359 191 64.9734
359 197 42.7063
359 234 14.1553
359 289 49.3935
359 296 34.1838
359 358 42.2966
359 401 54.2784
359 416 81.6528
360 9 113.321
360 66 108.766
360 145 7.2203
360 217 6.60797
360 285 4.67999
360 332 64.1277
360 347 70.7239
360 360 15.5361
360 411 80.1702
361 89 71.3729
361 265 65.6485
361 350 42.7848
361 380 43.7133
361 487 16.1308
362 63 101.81
362 76 28.3802
362 78 71.1803
362 112 101.451
362 305 35.7652
362 353 59.9833
362 465 133.46
363 0 58.7297
363 40 41.0933
363 47 77.6627
363 49 7.54891
363 54 14.7105
363 127 38.0353
363 167 53.8159
363 233 10.4328
363 257 16.9319
363 388 84.3208
363 390 52.333
363 482 12.7742
364 47 63.7026
364 69 57.4666
364 122 12.4272
364 195 107.095
364 198 37.2276
364 251 2.98436
364 264 52.6749
364 335 3.80355
364 350 52.8322
364 422 35.3781
364 457 67.3245
364 460 24.4623
365 33 15.6089
365 112 99.3393
365 151 37.3368
365 326 82.2395
365 462 91.9565
365 476 7.26077
366 34 93.9105
366 35 5.44859
366 349 67.8362
366 447 27.6813
367 90 30.2887
367 104 49.6056
367 109 6.60421
367 123 106.713
367 163 68.3081
367 256 86.7128
367 340 15.0298
367 432 3.14953
367 496 72.6101
368 12 116.422
368 44 82.3396
368 64 62.337
368 79 61.0127
368 102 129.347
368 124 91.126
368 290 33.2647
368 374 34.2571
369 23 61.0995
369 38 51.481
369 244 21.5463
369 329 110.726
369 338 127.596
369 392 50.5852
369 447 32.1066
370 65 12.7053
370 76 56.0424
370 153 56.3763
370 283 63.4376
370 305 33.8029
370 361 19.0212
370 393 121.196
370 455 58.072
371 27 4.73317
371 71 113.94
371 74 123.483
371 202 77.4694
371 240 5.56415
371 299 76.4731
371 338 63.5198
371 450 70.9277
372 111 99.653
372 163 108.143
372 296 28.8315
372 337 58.6823
372 402 54.088
372 479 16.6364
373 45 88.3766
373 79 57.8182
373 108 112.039
373 178 58.9977
373 264 78.4573
373 284 30.7992
373 366 45.3296
374 38 62.345
374 41 20.7747
374 54 22.2597
374 158 65.6403
374 205 58.7863
374 223 48.9324
374 273 13.5782
374 365 21.0074
374 369 24.251
375 12 61.3161
375 70 35.2343
375 100 45.6008
375 241 60.8503
375 332 65.1183
375 340 13.8116
375 412 83.0756
375 467 54.2502
375 471 66.267
376 11 64.7163
376 22 62.6704
376 25 26.7802
376 184 35.3674
376 196 73.3516
376 236 62.0348
376 325 85.5371
376 344 83.0033
376 445 102.542
377 106 55.9368
377 195 82.2715
377 251 3.88518
377 474 23.4918
377 475 13.4544
377 493 68.1464
378 117 52.4417
378 177 69.5949
378 342 91.3261
378 385 57.4952
378 407 82.4524
379 430 81.5424
379 449 52.6692
379 466 60.6082
380 29 78.8322
380 95 97.3842
380 101 101.872
380 152 35.6279
380 231 28.695
380 257 17.3529
380 266 86.5302
380 329 107.149
380 384 10.754
380 414 55.5946
380 424 110.514
381 65 12.7879
381 250 91.0673
381 375 54.0374
382 37 50.5821
382 43 6.20646
382 45 68.2837
382 90 27.1866
382 222 70.9497
382 372 71.4309
382 388 92.459
382 394 42.8204
383 88 80.619
383 176 42.6579
383 211 48.4354
383 260 14.6605
383 493 106.364
384 81 57.9446
384 106 51.6034
384 114 18.1259
384 133 32.0102
384 204 80.6492
384 237 24.8697
384 333 63.4058
384 493 114.444
385 42 36.3543
385 48 19.9483
385 199 46.3132
385 249 23.5971
385 368 11.7406
385 435 4.22037
385 454 30.0338
386 6 9.89074
386 71 59.5064
386 73 55.2204
386 91 23.4269
386 148 92.8437
386 287 8.19813
387 55 20.9835
387 59 91.2946
387 151 44.4134
387 213 62.2611
387 222 38.3327
387 224 62.437
387 306 67.6321
387 339 20.1464
387 439 27.5066
388 18 12.9167
388 54 15.0447
388 69 49.7286
388 179 48.8251
388 225 34.3109
388 318 37.3198
389 180 46.7322
389 188 18.5348
389 200 38.9186
389 241 69.8349
389 263 27.2286
389 371 31.8191
389 391 85.0364
389 450 56.5021
390 11 98.9892
390 153 86.4125
390 155 22.4451
390 232 12.8548
390 263 21.0791
390 347 51.5826
390 387 54.5838
390 431 15.5123
391 89 23.6971
391 93 52.6091
391 158 48.6643
391 272 51.6139
391 388 76.1463
391 424 64.9976
391 447 15.0005
392 92 31.9775
392 95 106.519
392 113 55.4158
392 217 5.04866
392 300 50.1776
392 350 52.932
392 353 72.3307
393 30 27.7932
393 192 63.3455
393 219 68.444
393 235 39.847
393 240 4.14689
393 407 53.2548
393 422 38.2516
393 424 51.6315
393 468 25.1904
394 129 34.8679
394 163 94.5408
394 185 16.741
394 215 42.2043
394 262 124.914
394 278 77.5513
394 353 68.8506
394 357 45.2935
394 387 59.6277
394 411 62.7272
394 415 96.7171
394 432 4.14013
394 464 74.4242
394 495 6.21662
395 52 42.6818
395 65 9.7002
395 150 80.6803
395 159 96.1093
395 187 46.4988
395 205 52.4635
395 307 74.1238
395 326 102.026
395 342 33.7035
395 392 32.2895
395 418 21.0793
395 470 11.5632
396 21 45.0987
396 108 92.8891
396 120 45.0023
396 212 10.1336
396 290 62.2631
396 417 34.1041
397 117 75.2066
397 248 16.7747
398 75 45.9387
398 111 84.8318
398 112 64.4986
398 151 39.0083
398 236 48.4973
398 328 16.8986
399 26 30.5293
399 32 64.9609
399 165 17.1195
399 246 29.3311
399 254 37.6473
399 327 79.9558
399 366 62.9382
399 426 73.2014
399 433 38.4769
399 447 18.8031
400 40 34.4237
400 102 111.765
400 162 25.4707
400 165 26.356
400 209 72.0927
400 211 70.8579
400 238 87.0575
400 277 111.573
400 279 53.9503
400 327 67.779
400 338 66.6909
400 341 23.0119
400 448 14.5481
400 460 42.9354
400 469 17.8724
400 477 43.7331
401 11 80.5481
401 12 51.7443
401 81 80.2274
401 172 9.01651
401 215 36.6134
401 231 41.0969
401 271 39.6993
401 327 29.508
401 333 42.2232
401 386 87.8621
402 6 58.3229
402 301 86.4981
402 445 46.7392
402 458 35.0341
403 22 93.6742
403 65 13.3193
403 91 34.0581
403 132 40.3791
403 307 96.7946
404 4 38.8249
404 23 63.9949
404 41 11.395
404 42 17.199
404 205 40.8007
404 278 67.0695
404 343 16.4232
404 389 45.6699
404 469 12.928
404 491 94.2782
404 494 25.3798
405 13 50.1615
405 87 47.833
405 119 77.4505
405 194 73.2605
405 312 112.395
405 352 47.649
406 15 67.5879
406 20 44.6533
406 34 105.017
406 330 23.1774
406 331 36.2381
407 51 51.4443
407 63 49.1798
407 88 97.8123
407 91 36.4434
407 188 18.0426
407 209 57.1969
407 350 55.0226
407 472 28.3454
408 145 12.9504
408 294 42.8256
408 295 56.7641
408 317 74.723
408 355 110.669
408 386 58.8477
408 393 74.4791
409 49 4.97937
409 58 31.5781
409 110 10.0951
409 151 54.4079
409 280 17.0678
409 326 83.1227
409 467 118.805
410 146 105.165
410 355 89.9648
410 368 6.91583
410 381 29.4254
410 390 89.7189
410 424 92.1243
411 219 116.033
411 258 29.6493
411 266 96.2959
411 305 41.0511
411 308 32.8549
411 365 22.1707
411 450 67.3169
412 29 92.7202
412 61 41.3295
412 79 46.1729
412 155 21.1586
412 178 30.6051
412 245 17.2411
412 249 45.4996
412 256 83.8374
412 364 70.3395
412 380 38.1205
412 477 48.5244
413 53 69.5277
413 89 115.403
413 134 6.39211
413 189 91.8584
413 221 32.6416
413 244 30.9897
413 247 122.037
413 337 77.2103
413 445 92.1843
413 450 76.1658
414 60 45.174
414 148 48.756
414 185 21.0638
414 247 128.53
414 398 77.9998
415 63 117.427
415 75 88.8406
415 157 5.50298
415 178 66.8305
415 248 16.044
415 315 22.7641
415 344 116.285
415 347 46.3118
415 350 32.3866
415 366 52.6536
416 355 140.451
416 432 3.36911
417 7 55.4286
417 129 41.8629
417 139 17.1189
417 155 22.5755
417 229 2
417 232 12.5881
417 292 7.7793
417 334 35.7169
417 390 90.378
417 401 60.4219
417 451 126.217
418 192 67.5504
418 361 14.3037
418 474 28.2198
419 31 38.12
419 132 50.85
419 184 30.8719
419 213 76.0383
419 257 15.4518
419 294 61.1306
419 350 45.6117
419 376 48.052
419 413 6.04555
419 421 11.2472
419 479 20.0801
419 499 5.7351
420 48 19.1792
420 166 83.1285
420 237 22.093
420 270 68.1538
420 282 52.8926
420 300 27.2197
420 334 21.5652
420 341 17.9942
420 372 70.1041
420 376 63.2141
420 417 39.826
420 446 25.8271
420 460 61.0935
420 499 4.59374
421 26 39.1349
421 55 16.4545
421 134 4.84743
421 211 77.7953
421 246 48.0782
421 319 130.895
421 413 14.2298
421 472 85.1884
422 70 25.7388
422 76 33.9556
422 78 70.0501
422 109 6.29256
422 234 13.3971
422 495 7.76894
423 57 62.7687
423 68 65.9245
423 120 46.7156
423 133 32.8007
423 258 31.751
423 273 8.22382
423 296 39.7972
423 305 30.904
423 373 48.7635
423 464 90.1362
424 9 95.5834
424 15 103.308
424 39 61.6824
424 54 18.5954
424 112 89.9101
424 195 78.6614
424 253 81.055
424 272 55.7572
424 329 89.8292
424 344 112.639
424 379 34.5716
424 432 4.1497
425 9 80.9126
425 27 4.63521
425 31 16.3107
425 93 50.4974
425 160 35.806
425 165 29.0698
425 307 80.7598
425 362 93.8034
426 289 66.7761
426 298 101.222
426 326 110.035
426 467 47.9318
426 499 12.1243
427 115 39.2385
427 134 6.70465
427 139 12.9685
427 143 52.6763
427 252 42.1085
427 275 89.421
427 361 12.7273
427 463 53.3588
428 16 4.00973
428 251 3.46259
428 310 39.4595
428 428 61.3625
428 465 77.7969
429 29 23.7735
429 225 32.3857
429 288 14.2789
429 400 46.045
429 475 13.1793
429 486 65.2415
430 1 79.4079
430 55 14.4067
430 91 41.6683
430 94 28.8533
430 241 53.437
430 346 31.0848
430 369 32.7613
430 493 135.284
431 51 57.6559
431 85 43.568
431 153 44.5145
431 185 14.0134
431 188 24.8323
431 253 56.0332
431 296 42.1041
431 328 14.8569
431 449 21.5139
431 453 15.0346
432 268 31.2295
432 294 48.5821
432 371 18.2644
432 391 57.5428
432 431 8.4989
433 33 19.4649
433 267 18.6271
433 308 31.235
433 403 84.2065
433 427 95.5431
434 10 48.1493
434 99 6.20016
434 255 35.6548
434 273 9.35835
434 284 29.3569
434 370 72.5612
435 39 53.4655
435 40 61.3251
435 80 127.927
435 101 91.1947
435 262 94.8163
435 311 50.3239
435 318 39.3989
436 39 62.6148
436 66 106.019
436 69 55.3076
436 88 83.4429
436 112 72.4319
436 349 67.2491
436 463 50.1252
436 487 16.2548
436 496 82.0282
436 497 43.5081
437 68 40.4718
437 93 53.967
437 99 4.31672
437 106 46.6863
437 153 98.8328
437 161 118.422
437 163 61.1326
437 164 26.3673
437 170 83.7822
437 275 81.8976
437 276 21.9926
437 300 20.2815
437 306 53.1342
437 355 123.732
437 391 74.3429
437 445 64.8394
438 72 81.8501
438 114 9.1542
438 127 37.7415
438 135 129.17
438 195 100.474
438 273 11.1081
438 295 77.4057
438 354 42.7253
438 405 73.379
439 27 5.83305
439 78 74.5484
439 93 39.6211
439 96 41.2888
439 182 84.823
439 342 56.1489
439 410 77.483
439 441 46.5223
440 7 67.2734
440 12 54.5884
440 79 45.0878
440 115 66.8685
440 199 66.5137
440 261 43.1561
440 405 58.6176
440 480 45.1731
441 127 17.7297
441 169 31.2038
441 247 115.455
441 346 36.7351
441 371 34.9095
442 30 27.7245
442 51 51.9905
442 67 89.5663
442 187 19.2078
442 207 15.5812
442 228 71.2104
442 324 37.7324
442 414 55.566
442 489 21.1288
443 5 102.02
443 18 9.30257
443 87 73.2686
443 102 113.8
443 106 39.3323
443 161 92.3744
443 264 42.7531
443 287 13.6047
443 293 60.221
443 499 5.91339
444 149 3.95945
444 156 18.3004
444 167 34.4401
444 168 82.2524
444 192 86.8784
444 204 71.8921
444 218 79.3115
444 297 61.7083
444 324 44.1453
445 48 15.6352
445 55 15.5887
445 164 25.4727
445 250 104.53
445 392 61.5575
445 403 103.017
445 446 17.7514
446 83 53.9801
446 98 69.2532
446 259 68.5816
446 306 67.197
446 462 73.2499
447 66 89.5587
447 239 45.7114
447 257 13.78
447 284 24.8825
447 287 17.1761
447 363 55.676
447 435 8.2245
447 451 51.6733
447 454 24.5476
447 489 17.4468
447 495 7.77783
448 102 109.875
448 150 71.456
448 285 3.98013
448 356 30.3166
448 485 53.3665
449 40 46.722
449 348 59.5355
449 358 69.0787
450 33 20.7118
450 63 92.4189
450 77 109.776
450 107 90.6383
450 112 86.5226
450 145 14.836
450 181 28.1078
450 286 23.6911
450 419 46.0298
451 11 95.1905
451 38 102.484
451 44 116.219
451 143 69.0633
451 241 47.3353
451 260 15.0269
451 484 12.8687
452 220 46.4221
452 271 29.5491
452 294 47.6625
452 306 79.3446
452 313 50.5653
452 315 16.9738
452 362 88.6417
452 420 100.758
453 49 8.63267
453 92 27.7881
453 129 40.5644
453 182 103.841
453 195 48.9784
453 244 20.9976
453 312 94.4721
453 377 85.1959
453 428 102.097
453 485 30.8726
454 50 17.4697
454 71 96.9008
454 148 124.583
454 192 67.5136
454 244 25.0379
454 257 13.9824
454 339 14.9021
454 342 38.8878
454 454 14.9444
454 463 43.921
454 470 9.23587
455 70 33.9933
455 102 96.855
455 170 67.2318
455 181 14.8749
455 213 52.4686
455 225 44.6504
455 323 20.1672
455 413 10.1974
455 488 38.4215
456 66 105.646
456 166 97.5468
456 176 59.3263
456 358 45.3688
456 427 66.6357
457 61 38.7028
457 205 40.9144
457 291 30.1356
457 302 2.24874
457 318 12.4825
457 354 25.1122
457 395 28.8404
457 404 4.69814
458 12 72.4076
458 18 9.81608
458 241 68.4316
458 349 52.3763
458 366 47.8406
458 395 22.7326
458 464 88.9736
459 33 21.2601
459 155 23.8546
459 166 96.4986
459 347 57.7988
459 427 113.017
459 460 56.9102
460 0 44.5708
460 103 65.7789
460 127 32.5773
460 252 95.4554
460 269 75.2721
460 279 19.4505
460 296 47.8279
460 312 93.3392
460 446 29.0276
460 451 82.4207
460 492 60.3855
461 52 59.4984
461 127 33.6757
461 202 80.7666
461 213 40.9378
461 362 103.961
461 441 45.8969
461 448 13.6051
461 471 97.215
462 82 17.2553
462 88 103.591
462 108 100.831
462 113 62.3622
462 151 45.1372
462 169 24.126
462 344 108.48
462 370 46.9441
462 382 25.9382
462 386 92.0484
462 464 59.7097
463 149 3.4914
463 207 19.4598
463 221 38.7771
463 228 72.2564
463 278 94.2304
463 341 18.2271
463 489 13.0546
463 496 102.003
464 0 33.2167
464 116 82.5114
464 173 40.9879
464 393 2.44587
464 412 48.5475
464 432 3.99078
464 464 76.1069
464 481 3.58025
464 487 10.6344
465 29 90.9523
465 67 73.1234
465 139 11.2952
465 256 67.5475
465 351 109.896
465 447 21.73
466 27 4.60799
466 113 45.8557
466 118 6.24979
466 168 74.3028
466 287 5.04588
466 299 64.3071
466 366 59.5031
466 435 10.3385
466 440 49.4526
466 455 36.6758
467 50 21.2962
467 102 132.432
467 205 39.7025
467 215 28.6465
467 236 32.3783
467 265 107.508
467 319 71.9697
467 329 102.574
467 367 55.4088
467 371 36.3998
467 375 35.5552
467 451 91.3663
467 478 23.2413
467 479 18.0238
467 483 53.5904
468 123 44.3496
468 135 67.2369
468 187 19.6283
468 275 52.4537
468 331 53.3986
468 344 101.113
468 392 57.1562
469 47 76.7235
469 56 84.5822
469 108 97.738
469 239 71.2956
469 270 67.8255
469 321 94.5898
469 402 44.6117
469 442 15.6137
469 492 48.8147
470 20 51.6389
470 23 22.4139
470 34 76.6665
470 53 71.9046
470 95 98.0024
470 202 46.225
470 323 25.076
471 9 92.7859
471 46 113.151
471 82 21.9422
471 96 59.9261
471 200 63.5177
471 235 44.4346
471 465 57.8363
471 474 24.509
472 25 25.08
472 350 35.8893
472 364 26.9986
472 372 70.8934
472 394 33.5354
472 404 4.88058
472 435 8.3928
472 468 26.6465
473 24 72.0569
473 63 113.695
473 96 57.2858
473 154 27.2942
473 171 28.994
473 183 5.93439
473 245 12.0145
473 451 108.624
473 489 16.6628
474 80 98.5282
474 86 76.8116
474 146 88.6436
474 162 24.2307
474 243 11.1841
474 265 61.0659
474 347 55.161
474 356 39.3975
474 449 40.4635
474 458 24.7601
475 11 84.0768
475 22 57.0804
475 168 78.5927
475 199 74.5417
475 326 148.835
475 348 41.0527
475 388 99.092
475 492 61.5769
476 11 78.0964
476 21 29.8938
476 45 114.177
476 68 45.9342
476 185 12.9424
476 228 43.3225
476 290 62.0224
476 399 11.1804
477 135 76.3248
477 137 59.1747
477 149 4.06922
477 156 33.9222
477 187 65.3792
477 219 106.423
477 315 20.0872
477 424 75.1372
478 48 14.5062
478 162 27.8354
478 292 7.66755
478 338 89.3475
478 386 81.9243
478 465 112.795
479 0 66.2242
479 34 82.354
479 140 60.9859
479 373 37.8926
479 411 74.3508
479 449 43.441
480 125 40.4617
480 137 48.2851
480 249 41.3277
480 314 35.0125
480 323 26.2564
480 435 6.27502
480 437 27.9838
480 447 20.9961
481 19 20.221
481 21 32.703
481 43 6.23196
481 153 109.415
481 186 24.007
481 261 54.2349
481 269 79.6368
481 353 53.8343
481 371 24.3543
481 408 47.2865
481 482 8.58291
482 64 84.7489
482 94 30.2828
482 99 5.63437
482 158 50.3445
482 226 57.8077
482 266 67.6094
482 325 53.6409
482 354 25.2593
482 396 2
482 398 84.1595
483 71 79.6543
483 205 32.2818
483 283 75.751
483 432 4.06649
483 440 47.2929
483 489 16.555
483 491 103.677
483 498 85.8055
484 37 62.9846
484 121 46.7143
484 314 36.624
484 338 98.5339
484 410 96.6347
484 420 85.1598
484 442 11.5973
484 491 99.1571
485 90 28.1373
485 107 87.6572
485 296 27.4516
485 420 78.6496
486 5 76.3127
486 13 70.3864
486 39 36.7616
486 175 41.6593
486 233 9.61031
486 247 65.0085
486 301 46.577
486 306 60.9292
486 385 64.803
486 431 14.1729
487 330 67.0688
487 369 54.8176
487 420 78.9676
487 480 50.0324
487 484 11.9833
488 25 23.9883
488 65 12.3154
488 160 74.1852
488 277 48.1341
488 355 50.9878
488 426 57.5336
489 92 40.8292
489 113 55.4979
489 390 75.0501
490 64 63.6095
490 81 73.7481
490 116 61.7522
490 183 7.08621
490 217 6.49027
490 287 7.37256
490 316 88.4198
491 41 21.0862
491 128 67.0132
491 138 43.5543
491 144 33.1218
491 183 7.53884
491 191 115.74
491 213 39.636
491 231 33.0562
491 311 44.7596
491 394 61.8255
492 50 21.6495
492 274 43.2938
492 355 55.1234
492 391 91.3498
492 473 33.6844
492 476 8.08428
493 37 53.9279
493 47 121.183
493 77 123.51
493 78 58.2064
493 288 16.9251
493 320 28.1132
493 321 88.6555
493 391 98.4304
493 437 26.4353
493 447 14.3721
494 35 5.93191
494 71 107.821
494 261 61.2749
494 282 57.0087
494 394 27.0232
494 396 2
494 411 83.5989
494 429 49.3069
495 108 102.223
495 142 96.1854
495 204 64.9318
495 388 126.829
495 401 55.8445
495 405 76.2536
495 412 108.409
495 425 97.121
495 433 32.881
495 437 23.3745
496 56 100.434
496 129 48.2962
496 238 85.8429
496 286 40.0349
496 355 111.48
496 417 50.7537
496 450 82.2391
496 476 8.86406
497 225 33.152
497 273 7.13628
497 304 92.9189
497 305 43.5785
497 328 15.4227
497 400 36.9853
497 417 37.1016
497 492 40.0082
498 15 89.3428
498 142 113.736
498 145 15.8329
498 314 28.9834
498 421 13.1825
498 423 42.6472
498 483 31.1935
499 44 109.77
499 59 49.1651
499 281 71.8084
499 309 22.775
499 347 54.5422
499 362 95.0545
