500 500 3938
0 129 33.3671
0 164 23.6124
0 438 114.005
1 2 34.8568
1 111 82.7974
1 148 24.8669
1 203 52.7416
1 204 76.0924
1 257 49.9296
1 269 14.1038
1 276 64.2202
1 283 76.7245
1 323 23.4255
1 457 31.1607
2 121 21.9111
2 156 48.9461
2 181 77.3843
2 216 59.6334
2 285 51.4845
2 322 24.9928
2 461 77.2682
2 479 37.7485
3 153 43.8054
3 161 12.4988
3 198 34.7266
3 199 14.777
3 220 60.5231
3 235 99.182
3 237 105.176
3 249 55.7039
3 266 2
3 304 13.6611
3 334 107.173
3 462 11.2872
4 50 50.9525
4 83 71.7749
4 91 9.7814
4 107 70.6183
4 149 23.8442
4 382 59.2409
5 46 72.8666
5 124 18.5874
5 149 33.3669
5 179 19.7735
5 244 29.2217
5 268 89.7326
5 285 25.2531
5 345 3.08341
5 347 73.7566
5 417 32.4443
5 431 16.1544
5 458 40.8648
5 463 37.318
5 464 9.94918
5 467 123.106
5 481 40.9261
5 495 12.6448
6 5 37.2583
6 13 82.0425
6 16 105.155
6 55 61.1793
6 57 28.8218
6 121 23.1355
6 292 16.3191
6 392 71.4286
7 113 92.154
7 162 29.9153
7 272 3.7556
7 372 2.75559
7 407 25.1391
8 118 41.0209
8 146 66.1961
8 188 27.5621
8 301 39.6033
8 373 59.0335
8 393 34.3452
8 441 30.6684
8 475 56.0562
8 484 122.579
9 32 51.9473
9 115 23.6933
9 323 25.3053
9 399 83.4421
9 416 20.186
9 492 3.1315
10 43 77.5521
10 104 39.8409
10 229 79.7955
10 248 32.3946
10 263 57.6253
10 325 26.6718
10 338 92.2247
10 342 18.2499
10 411 91.8389
10 412 15.9049
10 473 104.961
11 17 67.4063
11 56 78.5131
11 108 5.06185
11 200 65.8081
11 223 47.5997
11 275 34.4474
11 325 40.7332
11 438 65.3498
11 482 8.18921
12 30 13.5466
12 52 36.0751
12 229 51.9808
12 257 47.0431
12 425 50.4128
12 469 7.36267
12 474 69.2744
12 480 81.4099
12 484 55.8899
13 126 53.7411
13 131 17.9173
13 151 35.2313
13 175 43.7522
13 222 27.9685
13 244 30.6513
13 269 9.36885
13 432 39.3989
14 245 41.8517
15 151 32.6749
15 178 72.6656
15 180 96.8344
15 198 30.5955
15 205 4.03584
15 337 29.1336
15 467 76.9366
15 477 32.252
15 499 108.971
16 12 83.2815
16 109 47.7771
16 122 26.928
16 154 89.069
16 169 32.7883
16 263 59.3654
16 309 88.0724
16 380 33.2207
16 404 68.1797
16 413 107.712
16 448 8.34233
17 9 55.8686
17 201 8.7375
17 299 43.0863
17 374 9.6955
17 376 66.8755
17 379 12.3223
17 382 56.6657
18 55 27.3447
18 124 19.5733
18 249 63.8172
18 330 55.7123
18 343 87.6104
18 344 6.05779
19 15 73.5813
19 27 87.4979
19 96 96.6133
19 143 56.6863
19 168 39.2023
19 175 69.9172
19 236 42.6692
19 280 72.3667
19 329 49.3452
19 428 74.2042
19 447 28.5546
20 67 42.8053
20 97 58.9012
20 127 10.4793
20 256 35.6177
20 335 66.0969
20 456 12.3706
21 19 23.9047
21 61 55.5299
21 114 36.2842
21 150 12.6025
21 165 6.32816
21 225 113.956
21 229 96.0251
21 297 7.37975
21 318 51.1217
21 402 23.7857
21 448 8.9566
22 23 109.693
22 145 38.8511
22 203 47.2799
22 208 66.3437
22 226 37.444
22 252 26.9924
22 312 35.3918
22 358 17.1508
22 388 17.0426
23 34 76.7022
23 313 33.6481
23 495 14.6013
24 54 45.9809
24 168 52.3616
24 253 33.003
24 389 7.42449
24 474 60.2775
24 477 30.4693
25 55 49.9138
25 316 69.1236
25 383 93.9076
25 465 43.7803
26 39 10.9398
26 93 159.398
26 185 43.2558
26 216 120.991
26 289 105.978
26 448 7.75785
27 78 71.0902
27 165 3.99064
27 215 2.61785
27 223 34.6689
27 332 75.2694
27 333 71.4647
27 337 25.3426
27 354 61.6499
27 390 42.2615
27 408 39.756
27 447 39.7902
28 25 50.1432
28 61 50.7846
28 105 17.8316
28 227 108.382
28 236 23.3402
28 370 56.1182
28 442 98.8678
28 462 10.7056
29 57 25.8676
29 142 118.645
29 204 73.7598
29 210 54.6089
29 238 11.9976
29 439 9.84027
30 13 62.0879
30 21 82.2996
30 245 32.0441
30 341 92.5904
30 375 7.34509
30 408 44.1599
30 471 7.15681
30 485 14.4389
30 487 19.3992
31 30 29.2984
31 120 64.3011
31 127 10.6916
31 195 2
31 212 131.273
31 388 13.3591
31 407 17.3641
32 113 86.7794
32 183 40.5556
32 198 31.4286
32 208 43.7974
32 243 55.9133
32 279 22.8513
32 438 89.3272
32 488 52.5907
33 13 65.6212
33 18 10.7475
33 27 71.1882
33 90 60.3215
33 210 116.722
33 237 64.0271
33 279 28.9348
33 345 6.62939
33 352 59.8177
34 95 19.7835
34 110 32.4883
34 164 17.0489
34 211 48.0626
34 268 96.2985
34 397 18.5239
34 492 2.57188
35 103 35.8956
35 140 106.774
35 208 42.7751
35 312 46.2696
35 475 43.4066
36 20 97.2497
36 115 23.8805
36 119 20.8869
36 188 18.5856
36 209 2.10717
36 287 21.6896
36 313 21.6704
36 442 115.605
37 55 57.4256
37 63 37.37
37 141 33.3086
37 270 92.7701
37 309 108.118
37 406 45.7003
38 2 25.5114
38 46 51.8529
38 115 40.6068
38 166 58.533
38 204 39.6422
38 227 105.058
38 240 109.332
38 271 64.4953
38 398 31.9423
38 416 20.7612
39 85 5.2152
39 91 9.83812
39 162 39.0007
39 351 37.1646
40 14 104.277
40 224 27.3469
40 250 9.61669
40 275 21.5561
40 280 77.4013
40 304 13.1033
40 359 27.7761
40 419 22.0656
40 420 56.4663
41 43 82.628
41 213 44.0491
41 237 82.8371
41 483 68.0899
41 494 5.97702
42 81 52.6922
42 106 53.5079
42 111 89.1267
42 117 99.9237
42 260 67.1048
42 294 5.99477
42 307 4.57839
42 346 72.8591
42 358 13.4914
42 379 7.58204
42 402 19.9532
42 409 30.0774
42 463 40.3774
42 481 46.9173
43 3 55.8909
43 20 86.4702
43 109 40.7613
43 127 8.9412
43 159 11.4294
43 221 75.1794
43 265 14.5751
43 313 28.342
43 368 3.65156
43 393 26.0017
43 405 29.1811
44 20 140.47
44 69 58.3098
44 85 4.86833
44 106 63.2247
44 111 93.3323
44 187 17.3197
44 204 73.4349
44 281 27.634
44 392 77.3182
44 398 28.4421
45 60 59.0522
45 78 67.1334
45 109 36.5081
45 190 37.6685
45 218 26.048
45 220 28.3304
45 261 31.7297
45 304 18.311
45 350 23.3314
45 385 32.6956
45 407 22.6304
45 409 19.5359
45 438 118.341
46 38 22.0153
46 85 4.8407
46 219 49.5347
46 295 89.962
46 348 33.1632
46 388 12.8925
46 417 51.5044
46 424 16.4956
46 444 7.09518
47 36 102.901
47 164 20.7581
47 215 3.42057
47 230 123.594
47 270 116.333
47 274 36.188
47 275 36.4209
47 319 21.3472
47 363 51.2342
47 460 6.58343
48 3 51.9248
48 10 75.2152
48 69 33.5938
48 107 42.9379
48 139 18.9793
48 186 39.0696
48 342 14.1721
48 382 75.1667
48 386 89.4379
48 404 22.1349
48 411 49.5035
49 46 50.0205
49 58 39.9491
49 82 32.2942
49 98 48.6889
49 175 87.5132
49 320 12.3102
49 476 39.3466
49 487 13.9903
50 108 3.42803
50 115 33.2717
50 118 36.9826
50 440 20.679
50 480 94.6303
51 60 31.1817
51 153 23.27
51 235 65.7066
51 327 8.12282
51 359 18.0263
51 412 14.4693
51 413 49.9669
51 459 111.409
51 485 21.1006
52 32 44.6495
52 129 41.7541
52 203 59.2433
52 229 107.131
52 358 15.9961
52 415 78.7138
52 463 34.2179
53 72 37.3098
53 85 4.06772
53 98 53.3132
53 364 20.436
53 395 93.238
53 459 139.559
54 140 36.1777
54 214 48.0923
54 318 44.2445
54 383 75.9613
54 433 55.0844
55 112 97.5281
55 145 39.5639
55 251 77.8372
56 5 25.3092
56 18 17.0862
56 144 8.51285
56 173 58.5738
56 185 44.8528
56 234 59.6944
56 245 50.58
56 311 84.9088
56 325 32.9002
56 345 8.41364
57 42 43.1528
57 251 74.524
57 290 64.6494
57 293 20.3195
58 29 76.7359
58 155 23.4067
58 172 57.8063
58 186 85.2238
58 276 90.2961
58 455 25.0727
58 467 77.5169
58 479 33.8055
59 84 42.5965
59 90 68.1265
59 94 29.4715
59 115 34.0586
59 177 54.2763
59 190 21.9618
59 309 87.57
59 356 89.4114
59 378 63.985
59 441 28.5289
60 20 91.2084
60 33 79.6261
60 119 12.0077
60 158 85.4748
60 342 14.2794
60 392 86.6139
60 437 11.4505
61 26 80.5947
61 145 48.56
61 182 74.3481
61 217 80.7736
61 267 81.1431
61 277 78.0689
61 334 83.0041
61 354 53.4026
61 383 97.0913
61 447 21.3428
61 452 65.2596
62 2 26.8852
62 10 46.3536
62 20 75.4519
62 67 43.9917
62 84 37.3561
62 109 53.3438
62 115 40.3736
62 131 26.1285
62 168 51.2374
62 178 105.913
62 187 16.3199
62 413 105.763
63 59 76.4235
63 63 30.5863
63 86 65.619
63 145 30.306
63 146 78.44
63 148 33.9221
63 154 110.062
63 247 13.2575
63 266 2.10551
63 281 40.2742
63 334 72.7247
63 363 111.006
63 429 47.7416
63 431 21.712
63 438 129.205
63 461 61.4736
64 18 9.3
64 100 75.4842
64 218 12.9977
64 291 58.6027
64 400 59.359
64 414 72.2486
64 476 19.6585
65 18 8.13731
65 25 42.4466
65 35 109.785
65 167 27.7002
65 170 78.9576
65 268 75.9262
65 285 43.9193
65 357 37.5194
66 32 48.9044
66 82 40.118
66 259 72.9811
66 282 8.16431
66 288 6.39689
66 327 8.04377
66 333 51.7617
66 341 126.718
66 366 34.0525
66 395 89.202
66 443 25.3927
67 9 101.55
67 120 115.966
67 267 76.3457
67 329 90.6708
68 2 22.7079
68 92 58.6469
68 131 11.3988
68 235 56.033
68 285 32.8238
68 286 63.774
68 290 39.9192
68 397 12.9966
68 412 12.4808
69 39 9.89562
69 93 125.871
69 207 61.8927
69 303 22.7979
69 319 48.8676
69 383 115.308
69 405 53.8943
70 48 94.735
70 83 85.7454
70 101 2
70 148 30.4153
70 248 12.6331
70 410 35.0373
70 437 8.48041
71 77 134.718
71 89 80.8781
71 177 56.849
71 238 15.552
71 249 88.843
71 320 14.0459
72 75 17.1297
72 131 18.7155
72 161 13.3634
72 273 50.6359
72 361 70.2779
72 427 25.5207
72 479 32.2481
73 61 61.2928
73 122 31.4216
73 130 37.3159
73 230 129.67
73 409 18.4831
73 471 8.00145
73 484 117.651
74 61 75.8995
74 196 31.0796
74 217 111.879
74 252 37.0144
74 280 45.418
74 309 87.9717
74 331 49.5504
74 399 98.4108
75 59 73.6463
75 78 74.2131
75 147 94.1214
75 206 18.7341
75 289 57.8216
75 295 70.526
75 363 100.556
75 398 31.4651
75 470 70.6524
76 203 47.651
76 238 13.3386
76 275 32.571
76 297 12.0634
76 413 116.597
76 450 39.2915
77 22 25.832
77 134 40.1665
77 227 85.5579
77 300 17.5793
77 301 78.4794
77 334 116.511
77 406 58.3342
77 483 80.4176
78 68 35.0371
78 122 29.1085
78 393 17.3327
79 47 54.4354
79 90 83.1405
79 296 48.3093
79 378 86.0673
79 409 18.1179
80 29 48.2932
80 122 26.4551
80 163 56.3154
80 175 79.2915
80 177 57.7721
80 352 64.951
80 365 85.4144
80 366 58.3841
80 442 97.688
80 477 26.5623
80 491 80.1427
81 142 126.885
81 155 56.4989
81 250 15.0419
81 319 54.1998
81 380 27.7288
81 469 14.0754
82 24 30.9924
82 102 90.325
82 108 7.10499
82 201 8.05164
82 206 18.5684
82 223 51.8474
82 391 52.4353
82 408 28.1764
82 418 89.4602
82 482 11.2224
82 485 22.0554
82 496 123.433
83 3 52.4945
83 88 24.1413
83 133 11.4554
83 143 63.829
83 161 14.3517
83 179 26.1968
83 211 64.3688
83 215 3.02045
83 221 65.2701
84 22 29.5685
84 93 71.0588
84 112 66.8863
84 250 8.94952
84 252 26.1704
84 352 27.4082
84 428 82.652
85 5 52.0351
85 55 64.402
85 114 66.6279
85 148 29.5916
86 10 75.3818
86 39 12.0448
86 146 84.5999
86 217 106.046
86 228 31.8474
86 342 13.9732
86 425 51.2357
87 57 24.1585
87 222 21.8058
87 301 95.7196
87 316 79.3599
87 338 38.8174
87 443 31.0157
88 36 85.731
88 229 112.879
88 359 20.9795
88 459 94.3751
89 31 34.9865
89 65 78.3356
89 78 89.0685
89 122 30.5418
89 133 10.0941
89 140 94.3871
89 199 13.9506
89 202 34.5059
89 258 48.1517
89 450 59.4232
90 4 28.7644
90 185 63.0529
90 216 67.0559
90 283 70.5841
90 289 105.158
90 340 53.1895
91 55 67.5703
91 117 94.3664
91 161 14.9551
91 189 82.8381
91 307 4.5628
91 350 30.7047
91 400 56.0408
91 435 71.393
92 42 33.1375
92 101 2.36129
92 187 13.9579
92 278 49.4434
92 379 22.4314
93 61 135.155
93 64 52.8444
93 227 121.161
93 277 77.1333
93 346 73.6264
93 439 10.1607
94 118 27.4546
94 168 46.8056
94 264 70.1285
94 326 5.64355
94 358 19.8633
94 362 116.134
94 430 33.316
95 15 101.128
95 44 36.79
95 81 52.3559
95 183 55.9257
95 276 83.6984
95 310 26.8521
95 322 27.7533
95 402 23.925
95 413 89.1682
95 426 38.0142
96 12 64.1684
96 34 69.8008
96 78 70.8915
96 153 35.4257
96 285 34.33
96 286 48.1366
96 306 60.0744
96 310 25.0416
96 324 57.3766
96 383 42.9695
96 453 50.4863
96 465 68.2973
97 8 12.2699
97 49 63.3287
97 99 8.90362
97 110 53.9994
97 182 45.8387
97 209 2.05612
97 218 8.40272
97 275 38.5267
97 287 14.475
97 317 31.0042
97 350 31.8622
97 376 99.9361
97 385 13.4377
98 60 126.286
98 80 57.2069
98 151 29.0405
98 185 56.7742
98 428 111.343
98 477 22.2732
99 46 75.8295
99 94 43.9143
99 118 27.9276
99 124 22.6571
99 138 56.7941
99 160 10.576
99 193 55.7815
99 352 47.6268
99 414 87.3221
100 32 46.8111
100 122 39.4862
100 175 84.257
100 188 20.744
100 193 82.3033
100 251 122.941
100 288 6.01984
100 392 41.2442
101 2 27.6047
101 146 89.9419
101 175 87.0434
101 214 115.313
101 302 13.1322
101 337 53.8678
101 338 89.9491
101 438 85.6484
102 14 82.5834
102 307 3.15059
102 313 20.0768
103 21 39.9967
103 67 27.9188
103 276 94.6989
103 319 51.3597
103 429 62.7142
103 456 17.7184
103 476 27.8041
103 491 78.8198
104 30 47.7831
104 116 99.8194
104 201 10.1571
104 247 8.70086
104 269 4.38182
104 300 25.1846
104 423 49.6675
105 158 46.25
105 363 105.132
105 430 24.768
105 475 51.4438
106 10 68.6577
106 58 58.6083
106 88 31.3923
106 137 31.7868
106 191 37.3349
106 210 59.8375
106 291 43.447
106 413 123.701
107 47 61.2402
107 59 82.9002
107 167 34.9715
107 226 44.8836
107 245 42.5798
107 307 4.45299
107 390 54.7474
107 412 13.7511
107 438 86.5535
108 187 13.1033
108 192 107.687
108 197 31.3684
108 293 55.343
108 437 12.9796
108 483 39.6288
109 104 94.1404
109 110 54.031
109 168 41.6303
109 182 59.3125
109 243 63.8567
110 111 90.7533
110 156 68.8233
110 202 29.6069
110 212 65.7335
110 244 40.9711
110 437 8.52448
110 452 71.9507
110 462 16.8918
111 24 33.4856
111 55 67.9523
111 74 37.5205
111 257 64.37
111 311 79.3166
111 318 46.1005
111 378 36.3511
111 380 36.8958
111 414 88.3898
111 434 59.1751
112 42 27.4997
112 66 21.315
112 161 14.7492
112 224 23.9577
112 254 32.2609
112 300 20.7319
112 320 11.4076
112 350 23.0072
112 367 26.3125
112 376 37.6509
113 12 53.545
113 101 2
113 170 65.9469
113 374 7.73983
113 381 99.8446
113 394 62.2503
113 402 19.2261
113 457 46.5114
114 70 61.2526
114 132 45.0085
114 178 108.679
114 182 45.0679
114 412 6.75461
115 26 65.4218
115 90 91.549
115 119 11.7988
115 256 18.8634
115 259 43.3905
115 353 48.5754
115 355 6.228
115 456 18.994
115 459 101.149
116 69 66.5309
116 80 78.1221
116 110 40.1049
116 113 51.8609
116 123 88.9969
116 232 129.193
116 284 57.5144
116 395 114.764
116 436 107.188
116 443 29.9083
116 449 88.1033
117 78 105.448
117 88 26.7346
117 107 64.9356
117 246 63.5094
117 312 29.7676
117 334 80.1961
117 377 2.93461
117 445 47.096
117 463 40.241
117 484 134.258
118 6 50.395
118 17 35.5249
118 42 18.8228
118 132 37.9379
118 133 14.6161
118 433 60.9499
118 443 28.7109
118 479 36.1328
119 350 28.4295
119 351 52.1414
119 451 80.1274
120 68 31.9419
120 100 91.0825
120 280 28.6349
120 468 64.3305
120 491 60.7461
121 16 82.2308
121 38 33.9032
121 71 72.2826
121 74 34.7164
121 267 96.3666
121 386 112.662
121 469 13.5313
122 162 35.0141
122 175 69.4212
122 196 83.7223
122 223 23.873
122 234 46.608
122 394 52.9709
122 451 92.3687
122 461 52.9215
123 16 107.543
123 21 44.401
123 402 26.623
123 429 48.8103
124 7 40.3885
124 130 25.2006
124 170 62.1766
124 230 96.4651
124 428 68.6584
125 95 11.8027
125 100 88.7897
125 191 31.4021
125 401 114.491
125 427 35.5663
126 54 73.895
126 66 22.6423
126 285 48.6772
126 310 21.7897
126 360 43.8145
126 408 52.0981
127 11 20.7558
127 75 18.6301
127 124 23.3756
127 171 16.48
127 258 41.7903
127 289 45.3715
127 319 84.6968
127 374 9.03585
127 401 96.8311
127 415 46.8546
128 17 95.0501
128 106 50.6346
128 366 65.9395
128 442 106.166
128 451 45.0161
128 496 84.1292
129 6 36.454
129 10 77.9099
129 17 86.1527
129 40 25.2832
129 84 60.3499
129 139 22.0503
129 169 37.0046
129 283 104.278
129 293 52.0387
129 465 59.1651
130 10 58.94
130 354 69.3364
130 363 111.235
130 434 42.3512
130 466 18.2898
130 479 45.4387
131 103 57.2136
131 124 13.8844
131 199 12.6775
131 270 60.1114
131 327 9.32123
131 371 21.758
132 130 28.0564
132 154 110.499
132 215 2.55401
132 223 40.6468
132 226 26.5917
132 233 26.7713
132 279 17.4069
132 288 5.51252
132 468 110.103
133 85 3.66589
133 106 76.3443
133 127 10.5679
133 181 51.8423
133 211 48.1569
133 274 24.7338
133 398 33.7898
133 427 27.6676
134 24 31.0366
134 51 52.3954
134 52 31.2482
134 64 31.9625
134 268 36.1355
134 274 31.6394
134 294 9.09753
134 309 107.261
134 359 27.1906
134 395 79.5775
134 477 33.6109
135 26 58.1089
135 61 83.539
135 385 37.0108
135 407 17.5357
136 62 13.5033
136 125 51.946
136 173 47.829
136 201 11.0465
136 353 43.7696
136 371 34.4113
136 405 23.5952
136 434 47.8472
137 37 26.0379
137 43 96.27
137 90 116.163
137 92 46.5283
137 301 78.6843
137 311 86.7758
137 316 88.0131
137 360 59.2866
137 372 2.75751
137 448 8.69227
137 449 56.3961
138 12 65.438
138 68 29.606
138 92 73.3769
138 262 64.5735
138 337 32.0839
138 403 31.2058
138 411 78.9504
139 101 2
139 125 75.3595
139 219 70.7824
139 295 72.3408
139 437 11.1789
139 458 23.2759
140 31 28.9128
140 47 48.789
140 194 66.2831
140 195 2.31478
140 204 70.4855
140 231 4.66799
140 387 18.0071
140 432 35.9269
140 443 17.7987
140 487 20.1516
141 31 31.4118
141 138 66.6091
141 203 75.8696
141 221 49.4216
141 228 22.8485
141 238 15.637
141 341 58.0283
141 361 64.2051
141 404 51.9899
141 451 76.5707
141 492 2.86944
142 101 2
142 147 73.1656
142 208 38.306
142 233 31.4225
142 306 39.3464
142 330 58.4722
142 358 14.5449
142 450 64.0247
143 60 98.1261
143 381 105.307
143 415 54.9453
144 133 11.3192
144 136 20.8676
144 159 17.9241
144 313 27.6338
144 474 47.0552
145 23 83.6075
145 110 42.6244
145 240 98.2314
145 330 54.2405
145 331 49.8685
145 382 40.0392
145 480 110.41
145 495 9.50196
146 190 37.9046
146 356 76.5795
146 444 10.2652
146 499 68.0784
147 111 97.4711
147 167 36.8598
147 254 34.5642
147 255 56.0183
147 343 62.213
147 400 44.1316
147 465 72.4582
147 491 52.8515
148 15 58.0739
148 57 23.133
149 48 93.1431
149 89 83.5994
149 129 47.1165
149 133 13.8958
149 316 67.861
149 342 17.2876
149 396 82.5674
150 115 32.632
150 120 93.4439
150 188 22.1978
150 202 21.2608
150 332 50.5357
151 2 31.6693
151 5 39.6511
151 13 49.2153
151 17 37.913
151 35 128.891
151 111 86.0912
151 121 20.4761
151 157 65.0874
151 233 40.5076
151 235 46.5879
151 249 69.2597
151 315 37.6213
151 328 66.3336
151 350 31.2183
151 387 30.1173
151 430 12.6917
152 0 20.7232
152 17 56.6273
152 43 70.419
152 190 33.3841
152 205 5.92992
152 207 50.9739
152 224 26.8907
152 242 34.4785
152 308 14.5504
152 310 23.7138
152 350 17.6828
152 453 59.4446
153 13 41.3324
153 69 42.6917
153 118 25.5752
153 211 80.6738
153 229 54.1863
153 344 9.94038
153 440 23.0994
154 17 68.1897
154 45 9.43927
154 156 128.097
154 233 52.0703
154 259 48.1089
154 315 23.0939
154 379 15.3362
154 400 40.2664
154 401 54.5901
154 432 60.2904
155 49 62.8778
155 70 58.5571
155 104 109.386
155 107 51.4192
155 129 33.3517
155 196 67.8172
155 199 15.563
155 201 7.60934
155 246 92.423
155 355 6.77545
155 366 60.8351
155 368 5.11739
155 461 44.2249
155 479 26.0951
156 13 50.1978
156 74 30.7419
156 88 17.4851
156 175 85.962
156 179 35.9343
156 180 48.3374
156 183 29.0431
156 189 78.742
156 296 38.2275
156 338 95.9277
156 359 23.2651
157 1 98.4521
157 70 53.5122
157 188 24.1754
157 273 47.8006
157 307 3.75303
157 340 39.9966
157 488 51.9707
157 496 79.4632
157 497 17.2365
158 1 104.703
158 29 62.6584
158 116 102.646
158 145 36.6962
158 153 52.1926
158 207 67.0712
158 213 51.2112
158 223 28.3006
158 304 15.6308
158 327 9.36077
158 414 67.9881
159 25 56.7735
159 98 27.6139
159 117 138.789
159 156 108.368
159 296 47.5866
159 411 76.3668
159 418 64.7567
159 479 33.3964
159 487 16.7473
160 46 41.7412
160 53 3.74824
160 115 46.1277
160 156 87.5904
160 286 58.255
160 326 4.84535
160 355 6.56086
160 428 90.1469
160 436 91.4881
161 65 109.942
161 107 89.4334
161 125 71.7558
161 153 47.0017
161 163 51.1335
161 199 11.5394
161 253 36.0764
161 361 57.0916
161 418 98.4972
161 419 24.6601
162 114 59.0515
162 118 41.4126
162 194 62.7027
162 270 91.5806
162 381 91.2046
162 478 84.8397
163 25 56.2152
163 48 106.395
163 70 76.4054
163 131 12.5386
163 160 10.4097
163 174 80.5601
163 182 20.2184
163 240 72.0826
163 288 7.02609
163 456 17.8601
164 2 21.8118
164 6 42.4538
164 50 94.1732
164 92 38.6065
164 141 23.0651
164 178 67.3823
164 244 28.0205
164 274 31.87
164 300 22.455
164 325 17.4613
164 326 3.26114
164 374 6.73892
164 417 77.4618
164 423 32.542
164 441 18.7909
164 483 41.8719
165 20 100.27
165 78 61.3115
165 130 29.427
165 192 66.7524
165 217 79.8961
165 248 23.5164
165 274 27.2907
165 295 51.1035
165 352 46.7424
165 413 80.9156
165 499 77.2222
166 43 80.7814
166 118 42.4184
166 166 62.7026
166 190 29.142
166 242 53.7659
166 360 49.5428
167 29 42.4738
167 49 67.8401
167 308 17.9519
167 406 50.6772
167 425 69.7951
168 27 91.9906
168 220 29.2189
168 273 43.6572
168 367 28.6224
168 431 21.0211
169 24 46.8111
169 27 102.979
169 171 21.17
169 218 20.2021
169 220 52.5917
169 314 97.1889
169 352 35.1645
169 375 5.2079
169 416 24.4629
170 74 46.1197
170 82 37.4278
170 108 3.74086
170 214 72.7386
170 238 16.4585
170 342 13.1506
170 360 58.4534
170 420 61.7434
170 464 10.6906
171 296 59.3952
171 303 28.448
171 342 16.4113
171 492 3.72302
172 172 95.374
172 199 10.4454
172 272 3.76332
172 294 8.3921
172 399 101.68
172 425 56.1976
172 436 58.0806
172 484 91.2998
172 492 2.65612
173 27 92.3681
173 97 41.4563
173 109 21.2384
173 132 49.4099
173 277 104.1
173 302 14.3247
173 306 68.1651
173 449 98.7101
174 31 27.4359
174 182 44.6411
174 207 39.1988
174 268 99.2529
174 270 83.2338
175 101 2.23608
175 123 43.5461
175 149 24.1332
175 196 65.9437
175 261 18.1232
175 385 36.2941
175 470 111.819
176 65 29.3721
176 149 32.4466
176 290 79.6141
176 295 81.4518
176 390 66.6582
176 434 52.0558
177 11 23.4634
177 144 9.63431
177 159 17.8786
177 269 7.13867
177 438 113.539
177 450 83.9684
178 33 82.5219
178 52 16.8248
178 102 89.21
178 158 90.5368
178 186 109.853
178 211 39.3397
178 369 21.5088
178 370 71.252
178 446 80.73
178 480 105.919
179 54 74.2037
179 77 97.191
179 179 24.0751
179 207 70.1525
179 270 90.3158
180 37 41.0852
180 41 7.31507
180 75 13.9239
180 99 27.4344
180 191 26.958
180 209 2
180 305 45.4923
180 343 41.0229
180 431 21.5889
180 463 39.3166
181 90 73.8682
181 494 6.1444
182 82 34.7196
182 84 63.4462
182 137 54.9197
182 167 50.1472
182 192 101.18
182 277 95.2554
182 301 84.3064
182 328 56.6913
182 358 23.0675
182 383 87.023
182 394 82.8921
182 432 30.4336
182 473 100.674
182 491 94.1198
183 46 65.3531
183 86 44.4284
183 132 38.2477
183 171 12.6605
183 236 21.0541
183 246 75.9074
183 306 32.1497
183 373 64.9936
183 376 93.1357
183 393 27.4149
184 61 96.6095
184 115 38.3085
184 251 51.4735
184 315 27.9916
184 355 5.34108
184 377 4.29341
184 467 77.7258
184 477 31.9592
185 162 45.9372
185 214 79.7781
185 236 35.3661
185 276 72.3279
185 286 50.0008
185 357 60.8821
185 434 62.8664
185 473 80.8355
186 84 54.8792
186 118 14.1916
186 131 19.5126
186 158 58.7747
186 165 5.4293
186 181 90.0236
186 262 37.1668
186 319 64.8252
187 66 12.9977
187 134 72.1817
187 156 125.561
187 191 19.3249
187 193 58.0358
187 255 49.311
187 407 16.0055
187 425 74.6551
187 473 73.4429
187 479 29.9972
188 59 72.8022
188 95 13.367
188 99 21.2311
188 164 24.3005
188 208 68.2236
188 350 22.9566
188 378 66.2562
188 396 98.8715
189 72 53.8225
189 169 14.782
189 346 13.9458
189 408 45.4143
189 481 45.583
190 233 36.6389
190 241 57.0867
190 323 27.1351
190 490 15.4579
191 3 67.9477
191 124 23.1986
191 167 44.6572
191 336 2.25266
191 354 88.8879
191 419 42.7257
191 456 16.7059
192 10 73.2424
192 112 73.8581
192 282 3.66754
192 373 21.9304
192 441 22.0004
193 13 68.8492
193 82 18.1067
193 333 95.7555
193 343 75.7988
193 353 44.9876
193 371 32.1992
193 376 67.124
193 483 94.2241
194 20 118.332
194 31 29.5446
194 242 43.602
194 330 48.5513
194 338 52.0762
194 414 74.9353
194 421 14.5028
194 430 19.4119
194 456 18.9164
194 493 20.8264
195 55 56.8704
195 95 20.3085
195 202 33.9525
195 277 86.8675
195 294 11.1163
195 352 50.4864
195 455 20.8378
195 458 45.7683
196 39 11.3598
196 140 112.263
196 225 103.524
196 290 72.2327
196 323 14.0998
196 403 50.4126
196 429 57.0885
196 433 35.6467
196 434 85.6955
196 486 100.611
197 272 3.02476
197 286 26.5465
197 303 26.6631
197 359 27.9386
197 378 48.697
197 425 67.328
197 427 28.0922
197 429 40.0553
197 433 36.6712
198 190 32.729
198 285 35.6155
198 287 14.1346
198 381 110.793
198 416 21.661
198 475 38.5312
199 3 45.8645
199 18 13.759
199 47 34.1398
199 92 84.4785
199 147 105.664
199 256 44.4316
199 290 73.1631
199 322 32.8406
199 362 85.2015
199 368 4.52003
199 438 100.857
199 462 8.66109
199 474 46.8313
200 64 26.6136
200 98 41.3463
200 143 54.4368
200 210 107.351
200 232 57.054
200 386 89.6235
200 458 34.6705
201 15 55.8011
201 58 45.8917
201 114 61.4733
201 147 107.182
201 210 45.077
201 257 93.7269
201 278 36.2276
201 297 10.9275
201 397 22.1405
201 477 33.7388
201 480 111.436
201 491 64.6779
202 72 27.0021
202 147 72.1029
202 176 86.4942
202 196 71.5737
202 201 5.64475
202 368 4.4465
202 429 73.309
203 68 43.5816
203 113 114.07
203 298 72.4287
203 454 15.6462
203 475 43.1905
204 53 5.32503
204 79 65.324
204 142 99.6023
204 175 91.092
204 328 57.2235
204 347 45.2875
204 417 55.4043
205 76 74.3899
205 189 67.4115
205 213 30.9496
205 234 41.3944
205 293 25.5479
205 383 97.4657
206 61 65.558
206 80 65.4528
206 105 14.6526
206 136 21.0634
206 183 20.7404
206 236 48.2731
206 243 48.7351
207 57 33.7373
207 246 71.5558
207 286 36.6947
207 320 9.75598
207 410 30.2562
207 426 38.0604
208 156 95.3443
208 161 11.2991
208 163 30.8493
208 229 67.8737
208 235 65.8511
208 377 5.03575
208 423 31.2237
208 459 68.9324
208 463 60.5773
208 478 119.909
209 58 53.1191
209 86 47.1849
209 153 29.9845
209 167 32.5109
209 177 65.922
209 204 42.6137
209 239 96.0053
210 15 67.8088
210 148 38.8695
210 180 89.7348
210 228 25.2617
210 393 18.9223
210 416 22.9558
210 456 23.4342
210 472 23.7577
211 130 47.9179
211 218 28.3918
211 238 17.5415
211 312 36.5842
211 361 67.9324
211 428 61.7277
211 433 50.5796
211 447 40.5026
211 455 22.1636
212 50 70.8099
212 109 28.553
212 114 41.4004
212 174 98.743
212 269 11.3284
212 278 32.8684
212 305 25.1353
212 324 50.6242
212 447 27.4253
212 451 42.3921
212 491 98.0528
213 74 42.0598
213 136 24.1434
213 179 43.069
213 299 46.041
213 375 6.70817
213 481 34.3939
214 3 51.3914
214 126 104.297
214 168 32.7716
214 239 97.7951
214 369 15.5771
214 381 78.5472
215 193 77.9194
215 215 2.68974
215 405 23.1265
215 453 65.5019
216 183 36.6813
216 208 56.8613
216 215 3.13735
216 239 154.306
216 284 98.6817
216 292 13.6995
216 339 22.6377
216 358 11.3935
216 437 12.7232
216 499 72.6924
217 94 30.0652
217 97 68.9321
217 107 52.9371
217 159 13.5945
217 206 26.0431
217 289 83.2703
217 387 18.6839
217 411 67.2112
217 413 61.816
217 437 7.0281
218 75 19.234
218 96 69.6175
218 119 15.7429
218 177 88.08
218 361 72.6637
218 424 32.8839
219 243 70.1773
219 293 35.324
219 311 75.614
219 334 94.0471
219 381 103.426
219 427 28.3832
219 446 77.9666
220 32 45.697
220 107 93.7825
220 316 54.2868
220 319 64.2144
220 448 9.59447
221 5 33.4745
221 62 19.234
221 104 54.2322
221 139 27.9736
221 177 81.2563
221 184 13.8217
221 271 98.0863
221 295 59.7437
221 302 11.9257
221 367 24.9921
221 373 67.0972
221 400 42.3887
221 411 72.2978
222 14 70.7696
222 76 81.9158
222 338 58.4656
222 393 22.8575
222 398 28.4203
222 453 86.6275
223 7 18.5185
223 117 130.632
223 141 19.5695
223 209 2.08176
223 260 53.3476
223 294 8.23446
223 296 41.8888
223 358 14.9192
223 426 35.8204
224 14 100.426
224 78 81.4366
224 215 3.70679
224 231 5.41403
224 327 12.839
224 390 33.9306
224 405 35.5594
224 443 27.1947
225 38 23.7098
225 63 29.6688
225 127 10.1245
225 150 8.82534
225 256 21.9314
225 492 2.09093
226 158 97.1676
226 226 48.7135
226 265 12.2549
226 306 73.463
226 345 8.65456
226 362 90.842
226 378 60.4083
226 412 12.7645
227 38 26.2718
227 82 55.4702
227 155 59.6642
227 166 51.9725
227 227 67.5061
227 236 24.2618
227 250 7.88798
227 274 44.5803
227 293 45.2065
227 350 27.492
228 93 93.646
228 266 2
229 6 64.935
229 39 11.1604
229 46 41.7431
229 196 62.91
229 311 74.5476
229 347 81.7175
229 456 22.4997
229 475 53.9825
230 41 6.27499
230 77 143.441
230 79 44.5133
230 187 13.6197
230 297 6.45342
230 323 17.7617
230 331 40.095
230 401 59.3354
230 423 42.9275
231 22 28.5767
231 69 49.9831
231 84 59.3256
231 138 87.4912
231 162 26.0843
231 226 25.214
231 264 30.1896
231 351 52.336
231 456 19.3926
231 479 35.8816
232 37 50.6144
232 94 30.7901
232 112 115.985
232 120 76.662
232 140 70.7431
232 376 97.8537
232 447 31.0605
233 66 16.1995
233 141 28.0446
233 189 54.1642
233 254 31.7751
233 382 41.7964
233 485 18.2616
234 86 57.5334
234 108 6.14441
234 254 28.7814
234 273 34.093
234 305 24.5155
234 331 40.3991
234 383 68.5659
235 13 45.5819
235 22 22.8248
235 138 95.91
235 258 40.5593
235 266 2
235 270 80.1149
235 338 78.4291
236 8 8.82187
236 81 39.8369
236 125 42.9938
236 196 44.4191
236 226 52.1176
236 253 36.6875
236 293 43.0722
236 311 99.82
236 430 17.8072
237 78 75.4011
237 79 92.7783
237 134 72.2051
237 174 84.626
237 224 17.2413
237 330 61.9479
237 344 7.35219
237 490 10.6156
238 15 59.4914
238 53 4.61332
238 55 58.299
238 56 71.7332
238 121 23.7437
238 135 8.9867
238 158 61.2994
238 254 29.5717
238 343 91.4152
239 293 45.7163
239 379 14.1398
239 382 64.577
240 140 62.7225
240 213 36.5385
240 231 4.2512
240 285 41.355
240 461 39.622
241 53 4.37482
241 110 43.4428
241 161 9.89065
241 214 101.167
241 326 4.76332
241 386 56.1329
241 426 23.2069
241 486 72.8816
242 69 51.5105
242 91 10.8568
242 119 15.6681
242 163 52.4845
242 214 121.192
242 372 2.93115
242 429 76.5686
242 448 12.5605
242 459 104.684
242 483 82.9252
243 71 54.8747
243 114 45.5715
243 138 110.861
243 212 108.54
243 228 27.0533
243 279 16.6675
243 342 21.1058
243 406 49.4832
243 412 13.1418
243 462 23.5833
243 480 150.123
243 485 21.4083
244 45 11.771
244 75 12.4112
244 97 52.5145
244 303 33.2954
244 365 51.8687
244 450 47.3545
244 455 19.1977
244 463 35.325
244 483 86.5547
244 493 29.6644
245 237 76.0567
245 259 58.042
245 375 7.01834
245 471 6.99775
245 473 67.1879
246 85 5.14724
246 94 29.6396
246 100 122.567
246 156 55.8784
246 235 49.3985
246 349 41.7825
246 379 12.0949
247 11 26.92
247 31 35.4115
247 36 129.569
247 95 16.9516
247 103 62.9564
247 120 90.7631
247 234 65.4098
247 295 71.511
247 314 80.8129
247 323 23.8538
247 335 61.8146
247 346 105.935
247 449 42.4241
248 32 34.8844
248 38 32.642
248 48 68.1213
248 161 12.0554
248 163 33.9261
248 237 66.9994
249 30 21.2771
249 34 50.3093
249 123 62.2752
249 131 24.9396
249 152 47.455
249 219 91.5719
249 290 90.3931
249 426 34.5087
250 12 45.1318
250 49 51.951
250 78 33.0175
250 268 109.181
250 364 17.7408
250 428 87.4084
250 438 107.97
251 8 7.61808
251 91 8.64478
251 146 113.036
251 375 8.97891
251 415 69.8491
252 8 14.0621
252 20 107.647
252 63 25.4227
252 70 57.1778
252 129 28.8597
252 160 9.8671
252 168 31.7149
252 281 42.4527
252 332 64.618
252 382 66.4462
252 442 51.6626
252 499 63.8363
253 83 103.355
253 147 82.8273
253 250 7.45989
253 308 32.1321
253 421 19.4195
253 477 33.9005
254 7 31.9024
254 56 76.5698
254 251 89.8164
254 297 16.5056
254 345 6.3093
254 396 119.053
254 417 54.2715
254 453 49.9435
255 0 12.7324
255 73 98.7081
255 96 100.662
255 267 111.401
255 406 61.3152
255 451 58.7892
256 45 9.76134
256 81 44.2072
256 133 11.0575
256 153 52.9225
256 219 59.5399
256 237 68.3977
256 317 26.817
256 404 66.6391
256 411 78.8837
256 446 113.609
257 50 95.7912
257 96 108.645
257 150 11.9201
257 170 75.8608
257 244 29.6268
257 306 32.6111
257 355 7.07078
257 380 35.4745
257 444 14.6026
258 41 8.92206
258 149 16.8568
258 252 30.3121
258 374 4.85649
258 487 14.8967
259 6 49.5991
259 8 7.91257
259 97 27.2871
259 186 91.0375
259 232 70.2178
259 270 72.307
259 343 82.549
259 471 9.87304
260 22 33.1365
260 77 91.0632
260 83 119.435
260 105 19.1398
260 120 146.518
260 122 34.3917
260 152 47.9181
260 289 86.3995
260 329 73.7904
260 343 44.4225
260 429 39.1765
260 431 19.063
261 1 102.328
261 13 88.0078
261 19 16.5426
261 140 67.8047
261 152 29.4518
261 188 13.2574
261 251 137.603
261 261 35.4585
261 272 4.68374
261 405 29.2168
261 458 42.9688
261 468 88.2609
261 486 76.4956
262 6 50.8802
262 53 4.05135
262 64 50.42
262 147 97.8542
262 206 24.3002
262 222 30.2753
262 246 55.5171
262 280 66.3824
262 335 24.7849
262 342 12.6377
262 383 100.524
262 416 24.3732
262 426 24.2498
262 470 76.4736
263 25 44.6441
263 58 63.436
263 101 2
263 107 54.5647
263 156 117.163
263 425 34.4529
264 142 66.7786
264 163 55.8617
264 197 32.2774
264 412 14.1455
264 419 42.3027
264 440 30.6083
265 90 52.2904
265 250 6.90146
265 257 103.726
265 376 69.1935
265 421 15.2149
265 424 54.8474
266 18 10.0455
266 204 52.3769
266 258 34.9734
266 469 6.53337
266 474 51.8574
267 124 21.6552
267 157 118.493
267 166 46.381
267 207 40.1573
267 303 25.5958
267 354 66.2011
267 355 6.65778
267 363 135.087
267 367 25.9341
267 381 104.344
267 391 56.4817
267 480 126.238
268 41 9.10374
268 52 34.5178
268 144 6.68336
268 193 38.8462
268 195 2.06242
268 239 71.6136
268 257 72.4189
268 270 112.144
268 324 74.8975
268 358 17.5484
268 432 37.5312
268 448 7.94959
269 55 74.5597
269 118 34.224
269 214 135.49
269 272 3.9065
269 273 27.1582
269 297 13.1972
269 362 112.295
269 370 40.5228
269 426 33.9301
269 445 49.708
270 0 15.3109
270 79 66.316
270 131 13.3066
270 154 67.5036
270 158 96.6682
270 381 134.263
270 393 22.2089
270 442 56.3502
270 478 74.1927
271 168 40.5036
271 169 61.9794
271 244 19.8667
271 262 72.009
271 299 47.7436
271 372 2.90731
271 387 25.7393
271 455 23.9037
272 53 4.10267
272 79 68.8952
272 128 22.8962
272 133 7.73092
272 179 30.4988
272 214 77.7432
272 307 4.68183
272 342 8.77161
272 357 96.379
272 441 26.7423
273 33 76.647
273 38 14.6137
273 54 68.8551
273 80 29.7468
273 146 107.618
273 173 40.5433
273 174 81.4194
273 259 67.6755
273 291 73.8737
273 442 65.6404
273 484 103.422
274 85 5.50136
274 363 129.385
274 389 9.36757
274 418 52.8279
274 422 92.7153
274 476 26.598
275 191 28.9035
275 221 53.333
275 335 69.8496
275 337 28.1477
275 353 40.7079
275 398 26.5169
275 424 44.6234
276 132 10.9925
276 171 20.0722
276 178 54.2821
276 259 76.5109
276 266 2.05732
277 2 27.419
277 26 81.6256
277 239 46.5603
277 252 26.0044
277 269 9.17276
277 294 9.04855
277 403 33.4941
278 23 124.319
278 42 32.1245
278 62 15.4639
278 142 77.4283
278 277 82.462
278 312 29.867
278 369 21.0722
278 438 77.157
278 446 82.0512
279 144 6.67761
279 197 34.2614
279 211 62.7056
279 342 21.7866
279 400 43.3593
279 419 39.9508
280 14 110.014
280 44 58.9444
280 72 46.663
280 100 80.8913
280 143 59.8975
280 159 10.0807
280 196 51.7306
280 304 17.2685
280 449 52.6563
281 26 73.5834
281 140 69.7255
281 153 27.8446
281 205 4.50292
281 245 41.5099
281 254 21.8492
281 343 47.2999
281 431 17.9062
281 434 52.2827
281 444 10.447
281 470 90.877
282 3 51.1947
282 29 61.7808
282 36 114.881
282 54 48.7592
282 145 39.8595
282 166 51.2192
282 209 2.06666
282 490 9.12664
282 498 78.5126
283 1 97.7983
283 39 9.47642
283 42 34.9826
283 110 38.5751
283 114 73.2289
283 151 28.7599
283 152 28.6716
283 174 86.2582
283 260 75.3661
283 283 91.0537
283 412 13.2776
283 437 9.42384
283 455 18.9843
283 458 56.1571
283 476 23.5394
284 43 99.2445
284 79 39.897
284 138 74.0258
284 216 72.9041
284 285 35.7139
284 351 45.0883
284 365 50.7454
284 418 76.1083
284 457 49.9762
285 80 57.4181
285 103 36.553
285 180 95.9426
285 194 107.721
285 273 45.4578
285 274 13.8734
285 296 56.006
285 302 12.8344
285 446 88.9229
285 476 40.7016
286 40 25.8848
286 83 95.5223
286 109 27.2478
286 122 33.4345
286 275 28.6492
286 280 58.573
286 310 27.5532
286 331 40.8027
286 386 122.858
286 402 35.1151
286 403 51.765
286 447 38.1579
286 474 59.3705
287 46 31.9301
287 73 69.6566
287 85 5.04021
287 146 88.6133
287 157 71.4578
287 387 26.9169
287 469 14.0155
288 38 28.3275
288 179 30.6251
288 189 71.0321
288 211 65.0554
288 280 56.8314
288 293 37.7205
288 337 42.605
288 371 30.0941
288 386 110.81
289 164 9.13958
289 476 26.5919
290 55 42.205
290 56 50.1449
290 160 9.79955
290 237 72.2444
290 253 38.2917
290 285 41.8923
290 320 14.5093
290 323 24.9812
290 324 74.83
290 457 60.4632
291 11 22.7073
291 25 39.7699
291 182 39.4472
291 209 2
291 242 36.7287
291 362 71.9741
291 469 9.0608
292 8 11.6737
292 126 77.4532
292 153 45.1504
292 219 136.462
292 306 48.2722
292 343 58.4478
292 378 64.2921
292 393 20.639
293 0 11.1391
293 9 85.8203
293 113 92.3487
293 140 73.9401
293 165 5.61756
293 187 25.6661
293 269 11.9587
293 290 71.5204
293 344 6.8983
293 373 94.8301
293 470 106.355
294 0 17.5189
294 123 77.2952
294 211 38.6859
294 221 38.2441
294 257 76.3
294 333 53.2636
294 394 83.6869
294 438 67.4577
295 94 45.028
295 112 92.8722
295 137 36.8819
295 141 24.6125
295 205 3.42779
295 210 62.8981
295 345 9.70951
295 433 61.9147
295 457 39.385
296 39 6.26016
296 46 61.102
296 128 16.7551
296 140 84.1544
296 195 2
296 223 43.1929
296 246 75.704
296 291 50.3936
296 321 14.0749
296 327 9.67122
296 380 34.8955
296 389 8.32303
296 400 21.2754
296 412 11.868
296 470 87.3271
297 85 5.03612
297 90 106.917
297 103 56.9112
297 157 59.8221
297 289 68.3572
297 375 7.72768
297 397 23.3855
297 422 116.734
297 472 23.3202
298 14 59.5989
298 16 104.953
298 22 10.8184
298 28 26.0553
298 113 52.4202
298 128 21.579
298 160 5.96752
298 229 101.216
298 232 103.556
298 299 40.4395
298 340 25.0062
298 482 6.73512
299 34 93.7752
299 85 3.62067
299 147 109.236
299 230 112.429
299 231 4.06853
299 245 48.659
299 250 7.01959
299 256 21.1121
299 271 74.6957
299 325 33.8899
299 362 51.7097
299 371 41.6168
299 433 56.4454
299 490 12.0218
300 156 69.2044
300 262 45.2786
300 288 6.36582
300 321 16.3131
300 339 31.1105
300 350 24.6398
300 380 39.6442
300 387 20.2514
300 446 56.2654
300 497 24.0094
301 23 95.1332
301 79 47.2466
301 283 94.4678
301 384 28.8819
301 387 19.1767
301 394 35.0276
301 424 45.5424
302 22 29.014
302 51 76.7864
302 86 61.4022
302 138 90.9349
302 149 28.1915
302 242 46.6863
302 253 40.5091
302 257 72.6135
302 305 29.7402
302 323 20.9442
302 400 45.268
302 423 29.8794
302 475 47.7171
302 482 10.369
303 180 64.2028
303 323 24.9501
303 332 47.2412
303 391 82.3023
303 397 33.5363
303 440 33.742
303 486 75.8722
304 11 17.6247
304 36 128.159
304 119 16.8024
304 153 34.026
304 163 41.2697
304 308 28.0773
304 331 73.0407
304 332 35.7852
304 488 73.8219
304 495 11.1077
305 18 8.42487
305 31 59.8788
305 137 63.1997
305 173 60.1587
305 362 74.0881
305 498 83.422
306 47 21.5665
306 79 68.7846
306 99 30.0632
306 149 15.6292
306 157 96.7992
306 178 84.1568
306 184 26.6694
306 233 18.642
306 262 79.357
306 270 92.0348
306 279 11.9198
306 314 110.281
306 320 11.8951
306 328 37.4465
306 371 44.3758
307 83 92.4399
307 111 71.5341
307 208 71.6486
307 285 44.4293
307 309 83.5981
307 316 34.0389
307 359 18.5934
307 388 14.8693
307 424 40.3069
307 498 95.5226
308 89 99.9865
308 90 98.1794
308 187 24.5323
308 207 35.6485
308 284 80.4607
308 422 73.859
308 427 29.1833
308 482 6.97523
309 66 21.4594
309 125 57.675
309 253 32.8904
309 257 101.626
310 30 40.4967
310 34 51.4046
310 223 42.6086
310 236 31.7172
310 406 47.5543
310 439 6.1247
311 121 36.972
311 145 29.9899
311 153 18.569
311 161 7.34586
311 169 60.7829
311 198 49.8779
311 209 2
311 268 93.5768
311 297 12.1758
311 324 58.6477
311 357 88.5464
311 396 86.3168
311 443 30.2103
311 459 97.8299
311 460 4.06909
312 3 38.8319
312 54 65.2194
312 205 4.99677
312 250 13.8832
312 287 12.3103
312 430 25.6443
312 433 28.6264
312 456 17.0735
313 48 108.627
313 103 50.976
313 144 9.45825
313 159 9.0137
313 229 111.977
313 287 21.2036
313 308 20.721
313 447 25.4582
314 45 10.141
314 245 45.9061
314 363 71.3681
314 441 25.8458
314 471 13.2127
315 58 54.9695
315 188 24.68
316 8 9.6343
316 40 24.7059
316 80 63.3977
316 170 76.4353
316 286 43.3884
317 29 62.9179
317 132 23.6451
317 142 80.9423
317 239 105.417
317 250 10.4094
317 255 53.3149
317 427 26.0749
317 496 85.7613
318 3 39.9478
318 4 45.3659
318 28 24.8475
318 104 54.5984
318 346 88.8913
318 408 33.1827
318 462 12.0711
319 2 25.8213
319 70 64.2376
319 75 18.4738
319 122 21.4164
319 379 16.2434
319 440 21.7718
319 446 65.3297
319 459 91.3879
320 306 35.5277
320 356 85.3937
320 484 73.7018
321 36 89.9582
321 157 80.9614
321 273 29.3171
321 348 31.1014
321 361 54.5144
321 380 28.9776
321 431 14.3404
321 447 22.6324
322 187 19.1985
322 237 56.5844
322 305 34.4473
322 364 30.7431
323 131 18.3328
323 138 72.5044
323 189 83.9864
323 222 25.1631
323 242 57.936
323 287 11.7914
323 360 53.2785
323 408 30.0686
323 422 105.647
324 47 61.8447
324 56 40.7622
324 64 32.8283
324 101 2
324 176 82.8683
324 236 36.0457
324 296 48.3872
324 469 12.0392
325 26 48.7101
325 240 66.9069
325 310 8.03483
325 398 26.5805
325 432 23.5357
325 449 51.5836
326 5 47.0428
326 79 65.8474
326 231 5.38505
326 338 80.282
326 446 72.355
326 458 30.5406
326 478 76.3158
327 19 16.4938
327 31 35.1323
327 207 61.8382
327 232 84.7822
327 283 87.8237
327 285 52.5202
327 485 25.0573
328 21 63.5884
328 174 63.0026
328 277 80.6893
328 303 10.4808
328 306 54.8077
328 320 9.26876
328 477 27.5802
328 498 39.7653
329 5 56.3327
329 61 71.6718
329 151 27.8697
329 250 9.76241
329 364 29.6705
329 431 21.6992
330 3 41.6414
330 31 56.3448
330 39 9.55779
330 139 9.79755
330 143 53.7432
330 259 73.5513
330 287 10.9856
331 134 70.6226
331 273 36.1742
331 322 28.1867
331 434 63.7729
331 438 76.1089
331 444 14.0704
331 472 25.5072
331 492 2.74881
332 11 13.2924
332 23 50.1864
332 101 2.21541
332 230 137.607
332 333 65.9731
332 336 2
332 418 59.4668
333 55 72.5976
333 79 98.289
333 129 43.0472
333 364 38.8093
333 488 65.3451
334 31 29.7281
334 244 12.8811
334 319 61.4261
334 376 94.1752
334 463 29.9523
334 469 10.0662
335 46 55.5307
335 52 28.6521
335 113 75.0845
335 131 18.7869
335 174 83.7934
335 405 28.7769
335 406 52.3507
335 427 30.8154
335 456 15.1341
335 480 72.4435
336 22 26.6899
336 49 74.5786
336 104 100.413
336 191 32.7838
336 249 110.838
336 252 31.0778
336 392 45.5306
337 48 85.7244
337 138 86.5344
337 202 44.7235
337 327 9.52677
337 329 104.451
337 360 49.8683
337 471 10.4171
337 487 13.6354
337 495 10.4879
338 187 20.4629
338 188 17.232
338 239 131.865
338 443 45.3007
338 478 29.9973
339 63 29.9275
339 122 29.6387
339 150 14.0135
339 351 54.6205
339 415 61.799
339 439 14.1486
339 489 50.0374
340 34 99.0357
340 71 57.6146
340 74 47.8823
340 120 104.194
340 170 37.1013
340 230 131.128
340 461 46.8699
340 475 48.4295
341 9 70.6339
341 79 77.5714
341 198 46.3117
341 204 80.0812
341 291 75.4881
341 341 92.6555
341 436 77.2354
341 446 86.5403
341 474 35.9602
342 14 89.5842
342 28 22.5392
342 89 97.6557
342 128 11.6442
342 198 42.3692
342 307 4.48195
342 322 17.5921
342 379 19.3294
342 410 25.0388
342 443 41.0958
343 82 32.6537
343 165 5.35256
343 197 37.1562
343 209 2
343 220 52.2303
343 296 59.8153
343 374 4.93436
343 432 49.1117
343 454 14.4373
344 18 13.5304
344 235 53.7481
344 350 19.6254
344 432 37.3169
344 443 44.1301
345 27 115.431
345 64 34.4405
345 107 70.8715
345 140 103.267
345 248 16.003
345 286 34.5809
345 415 42.5294
346 14 45.6064
346 22 23.7954
346 115 23.9242
346 145 57.1535
346 146 54.0222
346 260 51.5375
346 273 52.9772
346 387 27.3043
346 423 52.9222
347 98 37.9799
347 169 17.5175
347 173 49.077
347 310 10.3928
347 328 39.0555
347 475 55.3714
348 38 17.81
348 87 7.44343
348 170 70.26
348 176 115.86
348 334 86.644
348 395 99.4872
348 460 7.96691
348 478 64.0563
348 499 74.9125
349 54 56.6812
349 206 27.6709
349 421 20.8991
349 433 35.8179
349 461 93.9777
350 30 34.6431
350 227 71.035
350 296 46.0604
350 371 37.0884
350 398 32.367
351 92 69.2844
351 96 87.1026
351 259 39.4977
351 298 75.7567
351 382 86.9068
351 469 11.9973
351 498 83.1784
352 6 59.1294
352 42 28.089
352 149 38.8778
352 278 60.0968
352 281 54.3003
352 331 48.3564
352 335 69.9284
352 347 78.7365
353 29 74.2006
353 36 118.48
353 112 103.54
353 202 27.0466
353 278 40.1493
353 436 85.4066
353 463 33.1997
354 112 86.8844
354 147 110.268
354 151 34.7815
354 167 28.5263
354 214 81.3416
354 294 14.6741
354 303 30.4512
354 312 30.0657
354 321 17.2747
354 374 9.19962
354 383 80.1633
354 391 90.4429
354 401 102.723
354 449 32.1282
354 462 14.3308
355 44 89.7619
355 80 43.8155
355 88 28.472
355 122 20.3029
355 161 12.164
355 185 46.2934
355 214 86.9116
355 226 47.2737
355 325 49.662
355 354 65.1921
355 384 26.3
355 456 12.4124
355 468 80.6084
356 1 55.5691
356 18 16.101
356 67 46.8797
356 69 35.1362
356 100 123.382
356 106 55.35
356 155 75.8419
356 166 43.4504
356 197 34.5725
356 276 106.309
356 347 75.1277
356 376 45.7583
356 393 26.5769
356 423 38.04
357 39 9.44469
357 103 70.2192
357 122 13.9286
357 177 77.4836
357 205 4.1607
357 225 116.929
357 228 20.528
357 291 53.9229
357 296 60.3179
357 313 21.7255
357 336 2
357 372 3.08322
357 406 42.5851
357 476 30.6187
357 492 2.62667
358 120 92.5452
358 186 89.7579
358 213 43.5019
358 242 68.2329
358 302 15.3553
358 402 18.3492
358 423 46.8635
358 457 55.1426
358 463 34.6921
358 464 11.6022
359 116 69.3811
359 194 75.7396
359 210 103.09
359 284 67.2711
359 388 12.9163
360 6 54.7696
360 106 35.8108
360 186 80.0691
360 240 38.8092
360 303 14.2744
360 398 25.3765
361 50 97.1157
361 89 91.2501
361 149 28.6262
361 260 41.4278
361 422 72.0998
361 446 114.43
361 484 60.8836
361 489 23.0692
362 29 71.6065
362 32 32.1922
362 161 13.0135
362 173 76.5767
362 229 51.8996
362 298 104.358
362 391 71.7481
362 460 6.34421
362 485 15.1216
362 487 16.1891
363 73 66.8791
363 165 5.09754
363 272 6.46829
363 347 78.2531
363 358 10.1098
363 386 109.86
363 419 38.0081
364 10 82.4894
364 137 36.6033
364 185 38.127
364 232 103.192
364 292 21.6516
365 155 63.0012
365 322 13.2223
365 340 30.0116
365 352 51.1586
365 421 18.1213
365 484 85.1216
366 33 105.116
366 105 17.9789
366 187 12.1096
366 488 78.4585
366 491 80.7677
367 59 74.5825
367 60 102.881
367 76 82.8387
367 77 92.3955
367 103 71.4312
367 141 19.1475
367 278 41.3813
367 283 124.036
367 326 3.18086
367 364 19.2894
367 396 92.7832
368 4 70.2553
368 53 4.00801
368 82 67.9254
368 105 11.1579
368 128 17.5258
368 131 16.6599
368 160 11.6174
368 191 23.1988
368 367 23.0603
369 0 19.5751
369 111 66.9405
369 261 42.4984
369 269 11.382
369 489 26.959
370 17 98.3948
370 39 9.31249
370 41 8.49376
370 133 17.0898
370 144 6.60753
370 156 69.4887
370 393 23.604
370 406 46.7676
371 33 51.3605
371 37 46.8108
371 39 14.7724
371 55 124.619
371 173 35.169
371 177 50.0704
371 310 24.4499
371 330 46.0468
371 452 70.3279
371 453 61.7674
372 27 87.7531
372 54 35.3031
372 97 53.6923
372 135 14.2811
372 139 20.7959
372 162 30.3651
372 284 56.0042
372 415 60.5302
372 422 95.8121
372 472 35.3975
373 13 71.6004
373 50 46.5089
373 137 22.4019
373 175 99.7246
373 318 28.6061
373 475 45.8713
373 485 26.9895
374 112 84.9352
374 115 26.1965
374 276 68.1379
374 297 10.3883
374 335 60.6312
374 356 81.2187
374 428 73.8082
374 476 32.6758
374 491 18.2856
375 188 11.6643
375 232 102.101
375 381 125.673
375 473 79.428
376 15 86.8767
376 60 52.2993
376 74 29.6822
376 114 52.2965
376 353 36.8797
377 110 50.0034
377 155 78.2167
377 174 79.0257
377 230 95.8259
377 263 43.6611
377 370 73.6043
377 419 18.3574
377 496 61.3635
378 109 43.1641
378 151 42.8018
378 182 56.6999
378 199 12.104
378 320 13.867
378 325 27.7279
378 417 57.9252
379 80 65.3272
379 153 42.7351
379 158 92.0246
379 178 77.0354
379 207 65.5805
379 271 74.4608
379 273 72.7465
379 349 35.5286
379 369 19.3125
379 417 57.6799
379 450 64.5407
379 451 84.834
379 497 27.6438
380 89 100.28
380 92 99.6699
380 149 28.7172
380 228 28.3923
380 238 9.32627
380 278 27.4737
380 304 15.0051
380 327 12.1125
380 340 22.91
380 345 8.42451
380 378 72.7831
380 380 24.2189
380 483 90.7684
381 107 49.8688
381 142 73.1279
381 314 67.2703
381 351 32.1961
381 398 27.4454
381 413 112.556
381 458 26.5015
382 39 11.5668
382 215 3.42562
382 264 40.4244
382 493 33.6687
383 40 11.7491
383 110 40.3699
383 176 72.5923
383 187 13.1151
383 230 47.9659
383 236 39.5312
383 324 52.0687
383 443 52.768
383 470 123.945
383 476 22.0599
384 50 46.0784
384 141 28.7155
384 144 5.75475
384 168 42.901
384 214 110.97
384 265 16.9997
384 295 60.2388
384 301 75.5062
384 321 18.3672
384 464 12.7893
385 215 2.35197
385 242 46.5611
385 378 61.6091
385 471 10.1891
386 14 74.305
386 185 38.1145
386 495 10.1274
387 72 40.0099
387 193 76.1277
387 312 44.9975
387 348 31.8108
387 371 51.3585
387 381 83.9247
387 393 28.8952
388 7 47.9041
388 29 83.9409
388 70 43.6981
388 99 27.525
388 205 6.20935
388 207 60.6497
388 245 32.0257
388 272 3.41967
388 280 78.1824
388 462 15.8952
388 492 3.5157
389 23 82.6011
389 87 7.27913
389 142 108.944
389 163 39.3482
389 363 102.557
390 57 25.363
390 128 6.35723
390 179 39.2373
390 234 46.9976
390 317 21.1396
390 330 44.9347
390 373 69.7064
391 6 50.3716
391 154 84.2418
391 264 73.5944
391 298 50.8671
391 340 32.8352
391 363 101.377
391 422 108.19
392 90 84.0849
392 127 12.3914
392 151 24.9395
392 221 43.2287
392 304 18.5926
392 309 103.169
392 400 32.2375
392 440 23.729
392 457 49.5493
393 18 14.5865
393 80 60.6263
393 95 12.7024
393 112 75.1131
393 211 58.3993
393 215 2.84934
393 332 40.2101
393 341 108.794
393 375 11.2923
393 381 123.401
393 429 67.3799
393 450 74.65
393 496 79.3842
394 61 97.1766
395 7 43.8814
395 8 12.8132
395 104 89.8069
395 122 39.9137
395 294 11.654
395 326 7.18999
395 339 37.5269
395 394 76.6538
395 403 56.9702
396 4 39.0554
396 53 4.75965
396 104 99.8633
396 114 53.3892
396 200 78.573
396 432 33.0366
396 460 6.49862
397 140 54.4083
397 304 14.2381
397 305 45.0225
397 381 111.578
397 400 44.152
398 83 89.7992
398 231 4.97195
398 244 22.184
398 370 52.6786
398 426 50.4707
398 485 22.3769
399 27 80.6218
399 108 4.1432
400 124 17.8654
400 340 25.3804
400 365 90.3117
400 412 11.7719
400 449 56.76
401 134 93.0318
401 139 31.4633
401 140 64.43
401 149 28.6061
401 229 106.353
401 436 47.1926
402 36 78.0817
402 117 88.9016
402 144 13.1243
402 169 48.0278
402 206 20.1106
402 272 3.31543
402 370 47.3602
402 434 49.7905
402 446 142.214
402 460 7.94459
402 487 20.617
402 490 17.4951
403 22 17.31
403 184 24.2431
403 204 46.8068
403 308 34.3922
403 345 4.41069
404 154 75.0502
404 264 77.927
404 294 11.3347
404 311 59.4007
404 489 58.1895
404 498 53.4581
405 38 35.1154
405 238 13.0715
405 314 86.1453
405 352 50.5751
405 497 23.8236
406 33 61.7546
406 52 11.0717
406 213 28.3002
406 225 82.5375
406 248 33.836
406 468 82.014
407 26 72.5323
407 63 17.265
407 117 107.923
407 153 24.5992
407 172 81.2547
407 361 53.7991
407 424 45.9669
407 484 82.9982
407 489 39.7897
408 209 2
408 307 5.40491
408 360 71.8307
409 2 28.604
409 113 76.0502
409 297 16.2782
409 323 24.7156
409 407 13.2062
409 485 20.3081
409 493 30.3033
410 56 60.1506
410 120 131.149
410 126 53.1902
410 185 50.0056
410 257 84.5808
410 258 26.0466
410 302 10.1033
410 326 5.0765
410 409 23.677
411 52 24.7362
411 192 79.511
411 213 42.4133
411 419 46.1696
412 120 74.157
412 221 64.8653
412 296 31.8355
412 405 29.2574
412 425 58.5904
413 2 41.8747
413 36 106.536
413 47 45.0826
413 54 40.6571
413 345 7.95186
413 353 49.1765
414 138 55.8992
414 243 38.8692
414 284 99.2713
414 420 67.973
414 435 54.6891
414 473 54.0911
415 29 58.2303
415 61 92.5782
415 128 18.7884
415 131 22.0998
415 191 21.307
415 205 5.63261
415 214 94.2811
415 399 90.2693
415 407 19.3208
415 439 13.9768
415 478 85.4964
416 7 49.3356
416 87 6.71834
416 124 21.0291
416 132 40.4888
416 158 61.5188
416 194 77.1342
416 212 104.465
416 222 29.9539
416 309 100.557
416 313 25.8911
416 452 97.1108
417 54 55.1945
417 119 17.9328
417 156 113.182
417 175 72.392
417 178 55.199
417 180 95.537
417 185 31.8071
417 201 10.5658
417 285 29.2151
417 289 121.213
417 360 58.5236
417 426 30.6973
417 456 20.0685
417 474 33.045
418 43 92.6652
418 108 5.90302
418 131 18.0354
418 167 26.4769
418 214 90.2976
418 222 33.2929
418 313 27.2751
418 314 78.3753
418 356 50.9361
418 357 72.8146
418 410 38.3292
418 447 31.8792
419 29 57.6467
419 346 55.9037
419 469 7.96908
419 475 57.8549
419 480 100.627
420 50 70.3702
420 212 52.95
420 274 34.5386
420 300 32.0808
420 319 82.6091
420 347 62.6762
421 1 90.2818
421 34 65.0046
421 143 59.9326
421 225 119.142
421 404 59.5977
421 485 24.061
421 494 10.9624
422 102 76.7024
422 151 29.5565
422 287 17.745
422 456 13.0279
422 487 19.6213
423 139 35.6632
423 147 112.489
423 185 47.6949
423 271 69.9108
423 281 61.0684
423 304 10.4413
423 326 5.35982
423 355 7.14907
423 405 25.4468
423 409 14.901
424 50 83.7211
424 64 59.3053
424 90 84.1682
424 164 15.8837
424 463 28.8255
424 464 7.47754
424 493 25.3069
425 90 78.5884
425 350 25.7298
425 431 15.2527
425 437 10.4449
426 16 95.7236
426 76 128.295
426 120 103.344
426 182 55.2656
426 186 102.919
426 391 41.1752
426 414 64.8299
426 449 66.352
427 15 55.154
427 49 57.2502
427 151 21.0857
427 167 39.8334
427 260 66.2537
427 294 10.8133
427 309 90.6402
427 351 39.5971
427 428 78.5294
427 461 57.9052
428 185 46.5539
428 230 120.87
428 260 30.9883
428 274 19.1832
428 289 53.1241
428 327 6.99011
428 432 27.3127
428 437 10.0315
428 484 87.4156
429 42 27.9581
429 43 72.7818
429 158 78.0943
429 162 40.0501
429 183 31.4375
429 231 5.34917
429 247 8.94658
429 308 37.2038
429 442 92.4516
430 83 92.2664
430 104 96.5133
430 126 75.6169
430 137 40.4066
430 193 74.0171
430 295 59.4411
430 344 7.5574
430 345 5.92495
430 355 4.92284
430 381 78.7017
430 433 42.0083
430 482 9.8366
431 188 23.4912
431 291 82.446
431 318 55.1627
431 408 19.6581
431 415 53.6449
431 480 70.8684
432 60 83.2647
432 184 24.6174
433 89 118.714
433 194 68.0357
433 401 95.6186
433 471 10.1173
434 3 59.6946
434 75 25.2145
434 360 30.4133
434 361 100.235
435 49 55.1057
435 86 60.0062
435 114 39.7237
435 259 58.0082
435 278 49.8263
435 427 32.6974
435 454 13.6578
435 477 49.1374
436 17 87.2853
436 96 114.535
436 163 72.7147
436 202 48.1917
436 311 104.625
436 337 42.6312
437 29 72.5079
437 38 22.0383
437 73 105.781
437 85 5.24245
437 141 37.0696
437 339 28.0163
438 9 74.442
438 151 30.2569
438 210 60.1875
438 320 11.6707
438 387 13.3796
438 401 88.9547
438 451 52.8917
439 44 66.1307
439 88 23.8596
439 110 30.2069
439 114 48.8373
439 212 100.971
439 236 26.1187
439 297 11.2209
439 298 107.699
439 344 6.1813
439 413 80.5883
439 426 24.9172
439 431 25.2907
440 84 32.8127
440 210 84.5137
440 327 10.2819
440 360 46.0827
440 371 31.8317
441 44 52.1256
441 47 66.1302
441 60 88.8181
441 210 100.156
441 235 55.7271
441 426 48.501
441 445 43.2506
441 472 45.8695
442 291 55.9775
442 414 82.2807
442 468 54.4643
443 50 75.866
443 106 95.681
443 174 88.3361
443 214 74.1147
443 306 58.6781
443 370 31.1996
443 394 80.4705
443 424 35.0183
443 479 29.4662
444 19 20.727
444 22 34.2752
444 39 20.5205
444 116 71.9081
444 183 21.837
444 277 128.615
444 452 50.6203
444 461 84.158
445 6 48.8918
445 7 36.9538
445 60 106.607
445 130 48.9779
445 184 24.416
445 188 22.1682
445 200 83.8313
445 255 48.8431
445 291 55.289
445 331 84.462
446 204 58.2
446 233 31.2223
446 246 53.5598
446 427 23.4031
447 87 7.65908
447 161 15.8455
447 348 41.4368
447 352 49.551
447 367 22.0088
448 133 13.5545
448 172 62.2428
448 221 39.2613
448 242 50.8705
448 258 47.6908
448 294 9.09508
448 331 86.2797
448 352 49.8803
448 410 32.7686
448 472 40.1902
449 38 27.9759
449 72 30.4511
449 149 29.573
449 150 9.35616
449 190 36.8549
449 304 18.4024
449 406 34.4299
449 425 45.8537
449 494 11.4078
450 6 53.5363
450 47 41.4294
450 96 118.45
450 112 85.6318
450 241 136.289
450 292 19.8685
450 294 8.70916
450 392 84.0015
450 413 107.02
450 442 106.389
450 451 76.8474
451 20 63.4573
451 94 42.9396
451 139 20.7748
451 143 79.9025
451 167 30.8107
451 241 105.861
451 452 99.5147
451 466 16.6201
452 83 99.0859
452 120 79.1282
452 173 70.6182
452 253 29.7186
452 266 2.217
452 303 25.0303
452 430 21.8863
452 482 8.95009
453 97 60.9249
453 116 35.9386
453 187 24.2839
453 216 66.6426
453 330 38.6595
453 373 63.5419
453 379 14.8189
453 390 29.0247
453 437 6.35565
454 3 54.2089
454 89 59.7383
454 254 29.6653
454 271 63.4257
454 328 37.4207
454 329 82.588
454 473 76.5391
454 476 20.9673
454 493 32.0082
455 6 70.5268
455 39 13.9178
455 90 92.8566
455 239 91.2983
455 299 37.5735
455 456 18.5909
455 473 79.9623
455 479 36.2889
456 0 18.8571
456 15 114.906
456 20 104.757
456 99 26.627
456 149 29.3053
456 204 58.4881
456 330 69.1965
456 382 49.5547
456 392 52.8307
456 406 58.7889
456 431 21.8794
457 11 17.5684
457 72 53.0708
457 88 32.9448
457 126 103.629
457 132 37.632
457 319 57.2859
457 331 87.2692
457 408 41.9635
457 411 43.9544
457 431 22.4614
457 491 74.3558
458 16 110.006
458 30 31.3659
458 99 35.9668
458 163 33.5114
458 181 61.9564
458 226 45.5493
458 243 54.3485
458 311 63.029
458 349 44.6914
459 174 39.6132
459 181 94.1324
459 188 17.9509
459 192 79.1037
459 251 41.6463
459 348 28.3611
459 428 70.5621
459 473 88.0256
459 487 15.5952
460 38 19.6775
460 176 72.3408
460 330 55.2865
460 339 32.4567
460 343 123.145
460 479 47.8063
460 480 90.2726
461 63 18.408
461 100 117.842
461 303 24.406
461 360 62.9628
461 379 16.1519
461 492 2.24023
462 8 13.9857
462 213 36.2136
462 262 52.9399
462 354 71.1749
462 364 31.8145
462 387 16.9622
463 27 65.9081
463 34 59.2974
463 40 24.2324
463 83 91.4475
463 103 41.3166
463 138 79.7462
463 227 57.6367
463 383 126.599
463 417 51.3475
463 431 15.7595
464 50 84.9561
464 61 109.022
464 137 48.51
464 150 12.4358
464 230 129.922
464 236 42.8473
464 247 12.2687
464 252 24.723
464 289 65.3715
464 407 13.1204
465 55 55.8583
465 98 65.7789
465 161 10.946
465 243 62.0739
465 365 60.8578
466 59 73.5027
466 84 47.365
466 187 12.6684
466 233 30.0324
466 294 9.99493
466 333 43.5382
466 442 80.6972
466 458 28.5334
467 82 57.3597
467 133 15.6972
467 176 116.183
467 220 61.2442
467 228 26.052
467 247 15.9247
467 329 72.4429
467 461 60.3347
468 1 72.0803
468 92 88.3711
468 117 83.3441
468 125 80.6254
468 153 31.0725
468 264 65.6783
468 392 63.3683
468 431 17.2793
468 445 56.6901
469 43 118.93
469 305 37.3776
469 433 40.9589
469 461 72.4106
469 495 14.486
470 61 76.0397
470 194 50.391
470 268 61.6329
470 282 8.40419
470 300 15.8394
470 341 105.917
470 365 64.6408
470 453 42.5071
471 46 68.5112
471 60 70.4771
471 65 89.3699
471 67 35.6778
471 127 11.0278
471 171 17.0429
471 185 59.558
471 220 41.5326
471 234 38.7743
471 318 46.9736
471 344 6.04213
471 368 3.39455
471 405 44.0011
472 92 73.977
472 99 16.9711
472 183 22.8999
472 193 52.0878
472 300 24.16
472 372 2.87226
472 407 14.0177
473 26 67.435
473 33 49.6863
473 64 25.486
473 200 67.0663
473 251 127.439
473 268 111.182
473 309 99.7597
473 433 50.9689
473 435 75.4494
474 92 89.1303
474 159 14.7799
474 189 74.3184
474 224 15.0124
474 246 70.3441
474 332 57.5625
475 132 33.4721
475 200 72.313
475 234 40.1885
475 416 24.3046
475 452 55.7529
475 464 10.3066
475 485 22.0287
475 488 67.7374
476 15 98.2742
476 41 9.34144
476 55 69.2992
476 95 12.1504
476 237 56.7887
476 305 37.963
476 345 7.4831
477 10 103.84
477 30 30.2573
477 53 3.37566
477 125 67.2734
477 269 5.58497
477 321 17.0188
477 399 112.956
477 403 17.6252
477 445 39.1583
478 0 17.004
478 3 68.5787
478 5 46.694
478 156 106.815
478 358 9.90361
478 368 3.54677
478 381 66.0368
478 450 54.2523
479 20 81.7833
479 46 54.1234
479 197 22.6693
479 279 14.7825
479 308 30.3583
479 328 24.1125
479 357 117.577
479 401 97.7039
479 421 13.1866
480 112 98.4251
480 154 88.9868
480 372 2.01393
480 414 56.2321
480 422 122.482
480 451 65.8362
480 481 32.4307
480 482 6.66722
481 111 58.3407
481 303 15.8506
481 446 122.812
481 451 71.6295
481 484 88.2593
481 488 54.8498
481 490 16.4185
481 498 72.767
482 31 35.1928
482 82 32.0907
482 98 62.6897
482 244 43.1936
482 259 41.9231
482 294 11.2193
482 424 32.3291
482 478 55.3863
483 69 41.9917
483 260 35.7194
483 331 72.1666
483 390 55.9635
483 464 14.301
484 215 2.79785
484 444 8.43666
485 7 20.4041
485 11 23.3591
485 185 50.384
485 304 18.8262
485 353 45.9913
485 381 88.4023
485 440 18.7238
486 30 31.1692
486 80 44.5853
486 128 19.466
486 204 73.0546
486 350 23.8093
486 423 33.7028
487 62 16.1432
487 165 3.85412
487 247 9.59068
487 281 50.7723
487 427 38.9867
487 430 19.3156
487 451 94.3231
488 32 53.3335
488 115 20.9386
488 161 11.565
488 210 80.8686
488 337 21.0532
488 450 62.1459
488 476 23.3295
489 45 7.93975
489 90 65.4398
489 129 30.9165
489 247 13.8385
489 252 30.3233
489 275 37.4886
489 344 5.32404
489 410 29.4673
489 448 6.521
489 454 10.4505
489 469 14.2013
490 27 64.7079
490 268 61.8408
490 420 54.7188
490 464 11.4198
490 479 26.503
491 24 32.2118
491 64 48.0653
491 113 93.0114
491 155 75.1354
491 161 10.5214
491 288 6.60449
491 325 39.706
491 369 20.8512
491 443 26.6252
491 456 11.7142
492 105 11.5169
492 121 24.705
492 143 63.826
492 226 40.388
492 238 14.5902
492 307 2.99901
492 424 38.1511
492 449 77.167
492 466 12.1764
493 23 108.197
493 69 33.8527
493 139 21.3451
493 148 35.275
493 183 19.0702
493 385 37.9129
493 495 11.1475
494 3 44.7858
494 5 33.5953
494 57 28.5965
494 78 97.4846
494 200 68.9309
494 239 133.25
494 411 81.527
495 149 37.5567
495 216 104.979
495 220 52.8879
495 246 28.9868
495 262 65.7038
495 346 55.3705
496 3 53.2771
496 16 75.4834
496 126 117.48
496 136 21.4893
496 178 110.112
496 243 48.3409
496 266 2.34469
496 274 40.9128
496 286 45.7287
496 421 23.5554
496 443 54.2802
496 467 104.268
496 484 119.176
497 82 47.4722
497 88 24.2447
497 148 42.266
497 154 77.8164
497 206 30.4313
497 208 59.4648
497 276 77.3475
497 302 12.5711
497 318 48.3855
497 329 93.111
497 355 6.23533
497 437 9.39569
498 170 64.2809
498 182 49.8243
498 226 54.8042
498 233 38.9674
498 267 105.112
498 269 10.5875
498 348 35.4327
498 419 24.7114
498 433 57.3738
499 160 9.4227
499 272 2.61371
499 279 25.3141
499 291 47.8589
499 344 7.67676
499 367 30.1865
499 408 41.0759
